0 0.062109 0.139583 0.079688 0.139583 0.079688 0.164062 0.062109 0.164062
0 0.092578 0.115104 0.115625 0.115104 0.115625 0.1375 0.092578 0.1375
0 0.116016 0.077083 0.135156 0.077083 0.135156 0.105729 0.116016 0.105729
0 0.144922 0.125521 0.161719 0.125521 0.161719 0.154167 0.144922 0.154167
0 0.111719 0.153125 0.129688 0.153125 0.129688 0.180208 0.111719 0.180208
0 0.182812 0.164583 0.201562 0.164583 0.201562 0.191146 0.182812 0.191146
0 0.229297 0.169792 0.246875 0.169792 0.246875 0.196875 0.229297 0.196875
0 0.246875 0.080208 0.267188 0.080208 0.267188 0.097917 0.246875 0.097917
0 0.285547 0.085938 0.302344 0.085938 0.302344 0.105208 0.285547 0.105208
0 0.282422 0.042188 0.301562 0.042188 0.301562 0.066667 0.282422 0.066667
0 0.238672 0.039062 0.258203 0.039062 0.258203 0.056771 0.238672 0.056771
0 0.330078 0.017188 0.346484 0.017188 0.346484 0.039583 0.330078 0.039583
0 0.41875 0.11875 0.436719 0.11875 0.436719 0.138021 0.41875 0.138021
0 0.384766 0.151042 0.408594 0.151042 0.408594 0.172396 0.384766 0.172396
0 0.424219 0.160417 0.444922 0.160417 0.444922 0.178646 0.424219 0.178646
0 0.405859 0.219792 0.423438 0.219792 0.423438 0.248438 0.405859 0.248438
0 0.448828 0.228646 0.462891 0.228646 0.462891 0.254167 0.448828 0.254167
0 0.415625 0.304688 0.437109 0.304688 0.437109 0.327083 0.415625 0.327083
0 0.307422 0.289583 0.326562 0.289583 0.326562 0.316146 0.307422 0.316146
0 0.216016 0.289062 0.235547 0.289062 0.235547 0.321354 0.216016 0.321354
0 0.191797 0.220833 0.208594 0.220833 0.208594 0.248438 0.191797 0.248438
0 0.162891 0.223958 0.180859 0.223958 0.180859 0.244792 0.162891 0.244792
0 0.073828 0.188021 0.095703 0.188021 0.095703 0.207292 0.073828 0.207292
0 0.057812 0.222917 0.078125 0.222917 0.078125 0.241146 0.057812 0.241146
0 0.044141 0.248958 0.066797 0.248958 0.066797 0.272396 0.044141 0.272396
0 0.087109 0.273438 0.104688 0.273438 0.104688 0.298958 0.087109 0.298958
0 0.11875 0.251563 0.140234 0.251563 0.140234 0.273958 0.11875 0.273958
0 0.126172 0.293229 0.146484 0.293229 0.146484 0.318229 0.126172 0.318229
0 0.059766 0.304688 0.08125 0.304688 0.08125 0.323438 0.059766 0.323438
0 0.010156 0.214583 0.032812 0.214583 0.032812 0.234896 0.010156 0.234896
0 0.012891 0.303125 0.037109 0.303125 0.037109 0.326562 0.012891 0.326562
0 0.036719 0.339583 0.057422 0.339583 0.057422 0.360417 0.036719 0.360417
0 0.068359 0.354688 0.087891 0.354688 0.087891 0.374479 0.068359 0.374479
0 0.100391 0.360417 0.11875 0.360417 0.11875 0.385417 0.100391 0.385417
0 0.076172 0.398438 0.096875 0.398438 0.096875 0.425 0.076172 0.425
0 0.012891 0.416667 0.034375 0.416667 0.034375 0.442188 0.012891 0.442188
0 0.287109 0.352083 0.307031 0.352083 0.307031 0.371875 0.287109 0.371875
0 0.269922 0.392188 0.287109 0.392188 0.287109 0.421875 0.269922 0.421875
0 0.315234 0.378125 0.335938 0.378125 0.335938 0.409375 0.315234 0.409375
0 0.248047 0.438542 0.269141 0.438542 0.269141 0.457292 0.248047 0.457292
0 0.310156 0.433854 0.329688 0.433854 0.329688 0.45625 0.310156 0.45625
0 0.296484 0.515104 0.313672 0.515104 0.313672 0.538021 0.296484 0.538021
0 0.080078 0.511458 0.101172 0.511458 0.101172 0.534375 0.080078 0.534375
0 0.0 0.46875 0.014453 0.46875 0.014453 0.5 0.0 0.5
0 0.378906 0.377604 0.398828 0.377604 0.398828 0.404167 0.378906 0.404167
0 0.417578 0.385938 0.435547 0.385938 0.435547 0.414062 0.417578 0.414062
0 0.440625 0.415625 0.457812 0.415625 0.457812 0.442188 0.440625 0.442188
0 0.475391 0.409375 0.495703 0.409375 0.495703 0.441667 0.475391 0.441667
0 0.455859 0.334375 0.477344 0.334375 0.477344 0.359896 0.455859 0.359896
0 0.510156 0.342188 0.528516 0.342188 0.528516 0.371875 0.510156 0.371875
0 0.536719 0.419271 0.553516 0.419271 0.553516 0.448438 0.536719 0.448438
0 0.550781 0.506771 0.569922 0.506771 0.569922 0.532812 0.550781 0.532812
0 0.452344 0.464583 0.475 0.464583 0.475 0.4875 0.452344 0.4875
0 0.411719 0.435417 0.427344 0.435417 0.427344 0.463021 0.411719 0.463021
0 0.36875 0.473438 0.390625 0.473438 0.390625 0.501042 0.36875 0.501042
0 0.364062 0.534896 0.381641 0.534896 0.381641 0.564062 0.364062 0.564062
0 0.422266 0.501562 0.441016 0.501562 0.441016 0.529688 0.422266 0.529688
0 0.476172 0.511458 0.492969 0.511458 0.492969 0.535417 0.476172 0.535417
0 0.501953 0.570312 0.526172 0.570312 0.526172 0.591667 0.501953 0.591667
0 0.452734 0.585938 0.472656 0.585938 0.472656 0.607292 0.452734 0.607292
0 0.495312 0.616667 0.511328 0.616667 0.511328 0.636458 0.495312 0.636458
0 0.580469 0.118229 0.600781 0.118229 0.600781 0.142708 0.580469 0.142708
0 0.569531 0.15 0.587891 0.15 0.587891 0.168229 0.569531 0.168229
0 0.526172 0.070833 0.546094 0.070833 0.546094 0.090104 0.526172 0.090104
0 0.537109 0.114583 0.554297 0.114583 0.554297 0.141146 0.537109 0.141146
0 0.514453 0.110938 0.528906 0.110938 0.528906 0.138542 0.514453 0.138542
0 0.489844 0.127083 0.50625 0.127083 0.50625 0.151562 0.489844 0.151562
0 0.489062 0.185938 0.511719 0.185938 0.511719 0.207812 0.489062 0.207812
0 0.499219 0.263021 0.514062 0.263021 0.514062 0.289062 0.499219 0.289062
0 0.551172 0.267708 0.566797 0.267708 0.566797 0.301042 0.551172 0.301042
0 0.590234 0.266146 0.605469 0.266146 0.605469 0.29375 0.590234 0.29375
0 0.682422 0.0625 0.698438 0.0625 0.698438 0.089062 0.682422 0.089062
0 0.716406 0.055729 0.735547 0.055729 0.735547 0.074479 0.716406 0.074479
0 0.179688 0.595312 0.198047 0.595312 0.198047 0.608854 0.179688 0.608854
0 0.198828 0.621875 0.214062 0.621875 0.214062 0.642188 0.198828 0.642188
0 0.213281 0.647917 0.226953 0.647917 0.226953 0.673438 0.213281 0.673438
0 0.172266 0.621875 0.183984 0.621875 0.183984 0.648438 0.172266 0.648438
0 0.103516 0.647396 0.120312 0.647396 0.120312 0.667708 0.103516 0.667708
0 0.125 0.684375 0.141797 0.684375 0.141797 0.706771 0.125 0.706771
0 0.146875 0.654167 0.1625 0.654167 0.1625 0.677083 0.146875 0.677083
0 0.183594 0.679167 0.197656 0.679167 0.197656 0.701042 0.183594 0.701042
0 0.20625 0.708333 0.227344 0.708333 0.227344 0.726042 0.20625 0.726042
0 0.09375 0.690625 0.111328 0.690625 0.111328 0.715104 0.09375 0.715104
0 0.059766 0.700521 0.075391 0.700521 0.075391 0.723438 0.059766 0.723438
0 0.057031 0.786979 0.075391 0.786979 0.075391 0.810417 0.057031 0.810417
0 0.088281 0.754167 0.103516 0.754167 0.103516 0.783333 0.088281 0.783333
0 0.121875 0.740625 0.137891 0.740625 0.137891 0.7625 0.121875 0.7625
0 0.156641 0.754167 0.175391 0.754167 0.175391 0.773958 0.156641 0.773958
0 0.104297 0.802083 0.124609 0.802083 0.124609 0.827604 0.104297 0.827604
0 0.136328 0.818229 0.152734 0.818229 0.152734 0.844792 0.136328 0.844792
0 0.18125 0.843229 0.198828 0.843229 0.198828 0.872396 0.18125 0.872396
0 0.101562 0.865104 0.116016 0.865104 0.116016 0.889062 0.101562 0.889062
0 0.282422 0.724479 0.298047 0.724479 0.298047 0.748438 0.282422 0.748438
0 0.319531 0.722917 0.335938 0.722917 0.335938 0.740625 0.319531 0.740625
0 0.362109 0.778646 0.38125 0.778646 0.38125 0.805208 0.362109 0.805208
0 0.015234 0.90625 0.03125 0.90625 0.03125 0.927604 0.015234 0.927604
0 0.073438 0.901562 0.091406 0.901562 0.091406 0.923958 0.073438 0.923958
0 0.163672 0.927083 0.180469 0.927083 0.180469 0.948958 0.163672 0.948958
0 0.201953 0.932292 0.214844 0.932292 0.214844 0.952604 0.201953 0.952604
0 0.251953 0.842708 0.267969 0.842708 0.267969 0.869271 0.251953 0.869271
0 0.289453 0.832812 0.307812 0.832812 0.307812 0.853125 0.289453 0.853125
0 0.323828 0.842708 0.339453 0.842708 0.339453 0.869271 0.323828 0.869271
0 0.284766 0.867708 0.297656 0.867708 0.297656 0.890625 0.284766 0.890625
0 0.273438 0.93125 0.289453 0.93125 0.289453 0.948958 0.273438 0.948958
0 0.240625 0.949479 0.254297 0.949479 0.254297 0.973958 0.240625 0.973958
0 0.292188 0.976042 0.315234 0.976042 0.315234 0.994792 0.292188 0.994792
0 0.384375 0.954167 0.401562 0.954167 0.401562 0.972396 0.384375 0.972396
0 0.481641 0.685938 0.495312 0.685938 0.495312 0.704688 0.481641 0.704688
0 0.485938 0.739583 0.507422 0.739583 0.507422 0.763542 0.485938 0.763542
0 0.526953 0.722917 0.54375 0.722917 0.54375 0.750521 0.526953 0.750521
0 0.574609 0.690104 0.593359 0.690104 0.593359 0.721875 0.574609 0.721875
0 0.571875 0.758854 0.585938 0.758854 0.585938 0.785417 0.571875 0.785417
0 0.584375 0.632812 0.599219 0.632812 0.599219 0.657812 0.584375 0.657812
0 0.538672 0.792188 0.554297 0.792188 0.554297 0.818229 0.538672 0.818229
0 0.49375 0.810417 0.511719 0.810417 0.511719 0.833854 0.49375 0.833854
0 0.465234 0.842188 0.481641 0.842188 0.481641 0.867708 0.465234 0.867708
0 0.441016 0.859896 0.456641 0.859896 0.456641 0.888542 0.441016 0.888542
0 0.477734 0.893229 0.495312 0.893229 0.495312 0.915625 0.477734 0.915625
0 0.511328 0.868229 0.525 0.868229 0.525 0.895312 0.511328 0.895312
0 0.463672 0.942708 0.488281 0.942708 0.488281 0.967188 0.463672 0.967188
0 0.394922 0.917188 0.414062 0.917188 0.414062 0.9375 0.394922 0.9375
0 0.414844 0.953646 0.435156 0.953646 0.435156 0.980208 0.414844 0.980208
0 0.558203 0.952604 0.575 0.952604 0.575 0.980729 0.558203 0.980729
0 0.588281 0.570833 0.607812 0.570833 0.607812 0.594792 0.588281 0.594792
0 0.615625 0.605729 0.632031 0.605729 0.632031 0.629688 0.615625 0.629688
0 0.402734 0.636979 0.421875 0.636979 0.421875 0.658854 0.402734 0.658854
0 0.638672 0.532812 0.660547 0.532812 0.660547 0.552604 0.638672 0.552604
0 0.646094 0.590104 0.667969 0.590104 0.667969 0.608854 0.646094 0.608854
0 0.703516 0.580729 0.727734 0.580729 0.727734 0.602083 0.703516 0.602083
0 0.702344 0.621354 0.723047 0.621354 0.723047 0.640625 0.702344 0.640625
0 0.671875 0.635417 0.693359 0.635417 0.693359 0.658854 0.671875 0.658854
0 0.636328 0.704167 0.653906 0.704167 0.653906 0.734375 0.636328 0.734375
0 0.680078 0.704167 0.699609 0.704167 0.699609 0.733854 0.680078 0.733854
0 0.726953 0.51875 0.742969 0.51875 0.742969 0.541146 0.726953 0.541146
0 0.755469 0.532812 0.775391 0.532812 0.775391 0.548958 0.755469 0.548958
0 0.760938 0.49375 0.782422 0.49375 0.782422 0.510938 0.760938 0.510938
0 0.788672 0.470833 0.812109 0.470833 0.812109 0.490625 0.788672 0.490625
0 0.762891 0.416667 0.782422 0.416667 0.782422 0.434896 0.762891 0.434896
0 0.605859 0.402604 0.626562 0.402604 0.626562 0.442188 0.605859 0.442188
0 0.675391 0.346875 0.701172 0.346875 0.701172 0.371354 0.675391 0.371354
0 0.692578 0.407292 0.7125 0.407292 0.7125 0.428125 0.692578 0.428125
0 0.707812 0.448958 0.727344 0.448958 0.727344 0.472396 0.707812 0.472396
0 0.725391 0.375521 0.745312 0.375521 0.745312 0.402083 0.725391 0.402083
0 0.729688 0.314062 0.750781 0.314062 0.750781 0.331771 0.729688 0.331771
0 0.753516 0.344792 0.778125 0.344792 0.778125 0.363021 0.753516 0.363021
0 0.760547 0.378125 0.78125 0.378125 0.78125 0.395312 0.760547 0.395312
0 0.726562 0.649479 0.749219 0.649479 0.749219 0.670312 0.726562 0.670312
0 0.725391 0.73125 0.742969 0.73125 0.742969 0.755208 0.725391 0.755208
0 0.666797 0.775521 0.681641 0.775521 0.681641 0.803125 0.666797 0.803125
0 0.622656 0.747396 0.640625 0.747396 0.640625 0.763021 0.622656 0.763021
0 0.628906 0.778646 0.642969 0.778646 0.642969 0.804167 0.628906 0.804167
0 0.642578 0.825 0.660938 0.825 0.660938 0.845312 0.642578 0.845312
0 0.566016 0.855729 0.579688 0.855729 0.579688 0.880208 0.566016 0.880208
0 0.612109 0.858333 0.633203 0.858333 0.633203 0.877604 0.612109 0.877604
0 0.613672 0.893229 0.632422 0.893229 0.632422 0.913021 0.613672 0.913021
0 0.890625 0.933333 0.907812 0.933333 0.907812 0.954688 0.890625 0.954688
0 0.845703 0.939062 0.866016 0.939062 0.866016 0.95625 0.845703 0.95625
0 0.85 0.898958 0.86875 0.898958 0.86875 0.915625 0.85 0.915625
0 0.891406 0.882812 0.908594 0.882812 0.908594 0.902604 0.891406 0.902604
0 0.877734 0.851042 0.897656 0.851042 0.897656 0.870312 0.877734 0.870312
0 0.866797 0.818229 0.883984 0.818229 0.883984 0.839062 0.866797 0.839062
0 0.926953 0.898438 0.941406 0.898438 0.941406 0.926042 0.926953 0.926042
0 0.971094 0.867708 0.992578 0.867708 0.992578 0.886979 0.971094 0.886979
0 0.933984 0.865104 0.954688 0.865104 0.954688 0.884375 0.933984 0.884375
0 0.9375 0.822396 0.957422 0.822396 0.957422 0.840625 0.9375 0.840625
0 0.898828 0.796875 0.920703 0.796875 0.920703 0.820312 0.898828 0.820312
0 0.906641 0.749479 0.926172 0.749479 0.926172 0.769792 0.906641 0.769792
0 0.866797 0.748438 0.885156 0.748438 0.885156 0.773438 0.866797 0.773438
0 0.921875 0.720312 0.942578 0.720312 0.942578 0.741146 0.921875 0.741146
0 0.908594 0.680208 0.928516 0.680208 0.928516 0.698438 0.908594 0.698438
0 0.966016 0.697396 0.980078 0.697396 0.980078 0.726562 0.966016 0.726562
0 0.955469 0.535417 0.973828 0.535417 0.973828 0.567188 0.955469 0.567188
0 0.85 0.308333 0.876562 0.308333 0.876562 0.329688 0.85 0.329688
0 0.787891 0.291146 0.809766 0.291146 0.809766 0.3125 0.787891 0.3125
0 0.799609 0.248958 0.821094 0.248958 0.821094 0.26875 0.799609 0.26875
0 0.759375 0.259896 0.780469 0.259896 0.780469 0.279167 0.759375 0.279167
0 0.722266 0.25 0.739844 0.25 0.739844 0.269271 0.722266 0.269271
0 0.733594 0.217188 0.751953 0.217188 0.751953 0.235417 0.733594 0.235417
0 0.768359 0.215104 0.784766 0.215104 0.784766 0.235417 0.768359 0.235417
0 0.969922 0.018229 0.989062 0.018229 0.989062 0.047917 0.969922 0.047917
0 0.890625 0.026042 0.908203 0.026042 0.908203 0.053125 0.890625 0.053125
0 0.855469 0.005729 0.871484 0.005729 0.871484 0.039583 0.855469 0.039583
0 0.817578 0.03125 0.833984 0.03125 0.833984 0.057812 0.817578 0.057812
0 0.7875 0.05 0.806641 0.05 0.806641 0.070312 0.7875 0.070312
0 0.778516 0.096354 0.798438 0.096354 0.798438 0.118229 0.778516 0.118229
0 0.819531 0.153125 0.833984 0.153125 0.833984 0.181771 0.819531 0.181771
0 0.825391 0.083333 0.840625 0.083333 0.840625 0.109375 0.825391 0.109375
0 0.848438 0.119271 0.863281 0.119271 0.863281 0.141667 0.848438 0.141667
0 0.870312 0.075521 0.8875 0.075521 0.8875 0.097396 0.870312 0.097396
0 0.878125 0.110417 0.894531 0.110417 0.894531 0.135938 0.878125 0.135938
0 0.872266 0.153125 0.889453 0.153125 0.889453 0.176042 0.872266 0.176042
0 0.904297 0.080729 0.922656 0.080729 0.922656 0.107812 0.904297 0.107812
0 0.9375 0.089062 0.952734 0.089062 0.952734 0.118229 0.9375 0.118229
0 0.850391 0.7875 0.882812 0.7875 0.882812 0.8125 0.850391 0.8125
0 0.044531 0.53125 0.064062 0.53125 0.064062 0.555208 0.044531 0.555208