0 0.089453 0.092708 0.113281 0.092708 0.113281 0.113021 0.089453 0.113021
0 0.330859 0.593229 0.355859 0.593229 0.355859 0.619271 0.330859 0.619271
0 0.365234 0.599479 0.385938 0.599479 0.385938 0.633854 0.365234 0.633854
0 0.392188 0.615104 0.412891 0.615104 0.412891 0.648438 0.392188 0.648438
0 0.409375 0.599479 0.435938 0.599479 0.435938 0.630729 0.409375 0.630729
0 0.395312 0.553125 0.417578 0.553125 0.417578 0.582292 0.395312 0.582292
0 0.346875 0.556771 0.371094 0.556771 0.371094 0.58125 0.346875 0.58125
0 0.357812 0.576562 0.373828 0.576562 0.373828 0.596354 0.357812 0.596354
0 0.435156 0.628646 0.459375 0.628646 0.459375 0.663021 0.435156 0.663021
0 0.469531 0.620312 0.489844 0.620312 0.489844 0.650521 0.469531 0.650521
0 0.498438 0.592188 0.519141 0.592188 0.519141 0.616667 0.498438 0.616667
0 0.525781 0.589062 0.542578 0.589062 0.542578 0.616146 0.525781 0.616146
0 0.471484 0.572917 0.49375 0.572917 0.49375 0.593229 0.471484 0.593229
0 0.451172 0.546875 0.471484 0.546875 0.471484 0.570312 0.451172 0.570312
0 0.486719 0.536458 0.508203 0.536458 0.508203 0.566667 0.486719 0.566667
0 0.525391 0.538542 0.544141 0.538542 0.544141 0.568229 0.525391 0.568229
0 0.373047 0.648438 0.399219 0.648438 0.399219 0.670312 0.373047 0.670312
0 0.413281 0.665625 0.430859 0.665625 0.430859 0.695833 0.413281 0.695833
0 0.444531 0.675521 0.465625 0.675521 0.465625 0.702604 0.444531 0.702604
0 0.464453 0.664062 0.484375 0.664062 0.484375 0.694792 0.464453 0.694792
0 0.405859 0.707812 0.437891 0.707812 0.437891 0.739583 0.405859 0.739583
0 0.370312 0.670833 0.399609 0.670833 0.399609 0.699479 0.370312 0.699479
0 0.323047 0.649479 0.348047 0.649479 0.348047 0.673958 0.323047 0.673958
0 0.294531 0.620312 0.317578 0.620312 0.317578 0.648438 0.294531 0.648438
0 0.249219 0.631771 0.270312 0.631771 0.270312 0.655208 0.249219 0.655208
0 0.270312 0.652083 0.291406 0.652083 0.291406 0.679688 0.270312 0.679688
0 0.297266 0.676042 0.321094 0.676042 0.321094 0.702604 0.297266 0.702604
0 0.280469 0.707292 0.308594 0.707292 0.308594 0.7375 0.280469 0.7375
0 0.311328 0.717188 0.336328 0.717188 0.336328 0.746354 0.311328 0.746354
0 0.31875 0.7625 0.342578 0.7625 0.342578 0.784375 0.31875 0.784375
0 0.353516 0.726562 0.377734 0.726562 0.377734 0.747917 0.353516 0.747917
0 0.369531 0.76875 0.389844 0.76875 0.389844 0.795833 0.369531 0.795833
0 0.391797 0.767708 0.410156 0.767708 0.410156 0.794792 0.391797 0.794792
0 0.432812 0.757292 0.456641 0.757292 0.456641 0.789062 0.432812 0.789062
0 0.458203 0.739583 0.480078 0.739583 0.480078 0.770312 0.458203 0.770312
0 0.233203 0.564583 0.253906 0.564583 0.253906 0.588542 0.233203 0.588542
0 0.220703 0.535938 0.246484 0.535938 0.246484 0.559375 0.220703 0.559375
0 0.261328 0.527604 0.288281 0.527604 0.288281 0.551042 0.261328 0.551042
0 0.193359 0.516667 0.215234 0.516667 0.215234 0.540104 0.193359 0.540104
0 0.147656 0.439583 0.169531 0.439583 0.169531 0.464062 0.147656 0.464062
0 0.21875 0.41875 0.240234 0.41875 0.240234 0.446354 0.21875 0.446354
0 0.235938 0.463021 0.262109 0.463021 0.262109 0.489583 0.235938 0.489583
0 0.198438 0.480729 0.223828 0.480729 0.223828 0.503646 0.198438 0.503646
0 0.192578 0.448438 0.217969 0.448438 0.217969 0.471875 0.192578 0.471875
0 0.226172 0.502083 0.247656 0.502083 0.247656 0.522917 0.226172 0.522917
0 0.155859 0.533333 0.178516 0.533333 0.178516 0.563021 0.155859 0.563021
0 0.266016 0.430729 0.286328 0.430729 0.286328 0.459896 0.266016 0.459896
0 0.31875 0.473958 0.346094 0.473958 0.346094 0.498958 0.31875 0.498958
0 0.323047 0.423438 0.345703 0.423438 0.345703 0.453125 0.323047 0.453125
0 0.352344 0.443229 0.372656 0.443229 0.372656 0.469792 0.352344 0.469792
0 0.390234 0.489062 0.417188 0.489062 0.417188 0.518229 0.390234 0.518229
0 0.246875 0.379688 0.268359 0.379688 0.268359 0.408854 0.246875 0.408854
0 0.155469 0.40625 0.181641 0.40625 0.181641 0.431771 0.155469 0.431771
0 0.149219 0.370833 0.176172 0.370833 0.176172 0.401562 0.149219 0.401562
0 0.182031 0.355729 0.209766 0.355729 0.209766 0.382812 0.182031 0.382812
0 0.150781 0.219792 0.177734 0.219792 0.177734 0.246875 0.150781 0.246875
0 0.1625 0.257292 0.187109 0.257292 0.187109 0.283854 0.1625 0.283854
0 0.157031 0.305729 0.185156 0.305729 0.185156 0.333333 0.157031 0.333333
0 0.2 0.270833 0.225781 0.270833 0.225781 0.302604 0.2 0.302604
0 0.201172 0.234375 0.226562 0.234375 0.226562 0.257812 0.201172 0.257812
0 0.247266 0.217708 0.265234 0.217708 0.265234 0.24375 0.247266 0.24375
0 0.225781 0.195312 0.248047 0.195312 0.248047 0.216667 0.225781 0.216667
0 0.187891 0.175521 0.214453 0.175521 0.214453 0.195833 0.187891 0.195833
0 0.274219 0.246354 0.294141 0.246354 0.294141 0.266667 0.274219 0.266667
0 0.276562 0.203125 0.292578 0.203125 0.292578 0.232812 0.276562 0.232812
0 0.293359 0.282812 0.314062 0.282812 0.314062 0.307812 0.293359 0.307812
0 0.320312 0.320833 0.336719 0.320833 0.336719 0.34375 0.320312 0.34375
0 0.311328 0.373958 0.327344 0.373958 0.327344 0.395312 0.311328 0.395312
0 0.344141 0.383854 0.360938 0.383854 0.360938 0.410417 0.344141 0.410417
0 0.279297 0.34375 0.299219 0.34375 0.299219 0.367188 0.279297 0.367188
0 0.003125 0.063021 0.026172 0.063021 0.026172 0.093229 0.003125 0.093229
0 0.073828 0.01875 0.093359 0.01875 0.093359 0.052083 0.073828 0.052083
0 0.081641 0.056771 0.103906 0.056771 0.103906 0.079688 0.081641 0.079688
0 0.119531 0.040625 0.14375 0.040625 0.14375 0.069271 0.119531 0.069271
0 0.098047 0.01875 0.115234 0.01875 0.115234 0.045312 0.098047 0.045312
0 0.121875 0.007812 0.133984 0.007812 0.133984 0.035417 0.121875 0.035417
0 0.148828 0.038542 0.166797 0.038542 0.166797 0.075521 0.148828 0.075521
0 0.130859 0.089062 0.148828 0.089062 0.148828 0.110417 0.130859 0.110417
0 0.058594 0.115104 0.079297 0.115104 0.079297 0.138542 0.058594 0.138542
0 0.053516 0.152083 0.076562 0.152083 0.076562 0.175521 0.053516 0.175521
0 0.044922 0.175521 0.058203 0.175521 0.058203 0.203125 0.044922 0.203125
0 0.014844 0.179688 0.032422 0.179688 0.032422 0.209375 0.014844 0.209375
0 0.0 0.218229 0.017578 0.218229 0.017578 0.248958 0.0 0.248958
0 0.002734 0.142188 0.021484 0.142188 0.021484 0.175 0.002734 0.175
0 0.705078 0.071875 0.735547 0.071875 0.735547 0.104167 0.705078 0.104167
0 0.701172 0.116146 0.717969 0.116146 0.717969 0.142708 0.701172 0.142708
0 0.669922 0.104167 0.692969 0.104167 0.692969 0.133333 0.669922 0.133333
0 0.64375 0.061979 0.668359 0.061979 0.668359 0.092708 0.64375 0.092708
0 0.698828 0.008333 0.725 0.008333 0.725 0.032812 0.698828 0.032812
0 0.626172 0.021875 0.648828 0.021875 0.648828 0.048438 0.626172 0.048438
0 0.616016 0.052083 0.641016 0.052083 0.641016 0.080729 0.616016 0.080729
0 0.584766 0.025521 0.606641 0.025521 0.606641 0.05 0.584766 0.05
0 0.547266 0.020312 0.572656 0.020312 0.572656 0.048438 0.547266 0.048438
0 0.514844 0.008333 0.543359 0.008333 0.543359 0.038021 0.514844 0.038021
0 0.476562 0.046354 0.497266 0.046354 0.497266 0.075521 0.476562 0.075521
0 0.507812 0.0625 0.521484 0.0625 0.521484 0.091667 0.507812 0.091667
0 0.576562 0.067188 0.601172 0.067188 0.601172 0.091667 0.576562 0.091667
0 0.557031 0.09375 0.584766 0.09375 0.584766 0.123438 0.557031 0.123438
0 0.612891 0.107292 0.630859 0.107292 0.630859 0.138542 0.612891 0.138542
0 0.659375 0.133333 0.679688 0.133333 0.679688 0.165625 0.659375 0.165625
0 0.633594 0.146354 0.655859 0.146354 0.655859 0.177083 0.633594 0.177083
0 0.625 0.170312 0.642188 0.170312 0.642188 0.200521 0.625 0.200521
0 0.644531 0.189062 0.664062 0.189062 0.664062 0.215625 0.644531 0.215625
0 0.611328 0.216667 0.638672 0.216667 0.638672 0.255208 0.611328 0.255208
0 0.596875 0.161458 0.614844 0.161458 0.614844 0.196354 0.596875 0.196354
0 0.531641 0.198958 0.558984 0.198958 0.558984 0.229167 0.531641 0.229167
0 0.549219 0.235417 0.572656 0.235417 0.572656 0.264583 0.549219 0.264583
0 0.543359 0.169271 0.566016 0.169271 0.566016 0.195312 0.543359 0.195312
0 0.511328 0.126562 0.533594 0.126562 0.533594 0.154167 0.511328 0.154167
0 0.475781 0.094271 0.492578 0.094271 0.492578 0.123958 0.475781 0.123958
0 0.442969 0.089062 0.462109 0.089062 0.462109 0.121875 0.442969 0.121875
0 0.494531 0.141146 0.510938 0.141146 0.510938 0.171875 0.494531 0.171875
0 0.512109 0.165625 0.533984 0.165625 0.533984 0.2 0.512109 0.2
0 0.478516 0.184375 0.490625 0.184375 0.490625 0.207292 0.478516 0.207292
0 0.451953 0.180729 0.471094 0.180729 0.471094 0.206771 0.451953 0.206771
0 0.441797 0.150521 0.464844 0.150521 0.464844 0.178125 0.441797 0.178125
0 0.420703 0.128646 0.439062 0.128646 0.439062 0.1625 0.420703 0.1625
0 0.390234 0.154167 0.415625 0.154167 0.415625 0.189583 0.390234 0.189583
0 0.371875 0.123438 0.389453 0.123438 0.389453 0.155729 0.371875 0.155729
0 0.346484 0.111979 0.369141 0.111979 0.369141 0.138542 0.346484 0.138542
0 0.346094 0.055208 0.369141 0.055208 0.369141 0.090104 0.346094 0.090104
0 0.376172 0.063542 0.398438 0.063542 0.398438 0.090625 0.376172 0.090625
0 0.321484 0.030729 0.349609 0.030729 0.349609 0.057812 0.321484 0.057812
0 0.305078 0.064583 0.326172 0.064583 0.326172 0.082292 0.305078 0.082292
0 0.288281 0.071354 0.311719 0.071354 0.311719 0.097396 0.288281 0.097396
0 0.310938 0.079688 0.333203 0.079688 0.333203 0.111979 0.310938 0.111979
0 0.292969 0.101562 0.321875 0.101562 0.321875 0.13125 0.292969 0.13125
0 0.274219 0.123438 0.296094 0.123438 0.296094 0.157292 0.274219 0.157292
0 0.232812 0.109375 0.260547 0.109375 0.260547 0.136979 0.232812 0.136979
0 0.437109 0.220312 0.463281 0.220312 0.463281 0.255208 0.437109 0.255208
0 0.3625 0.227083 0.387891 0.227083 0.387891 0.255729 0.3625 0.255729
0 0.354688 0.323958 0.380078 0.323958 0.380078 0.345312 0.354688 0.345312
0 0.381641 0.358333 0.398828 0.358333 0.398828 0.383854 0.381641 0.383854
0 0.451172 0.476562 0.478906 0.476562 0.478906 0.498438 0.451172 0.498438
0 0.442188 0.436458 0.470703 0.436458 0.470703 0.467188 0.442188 0.467188
0 0.483984 0.432812 0.509375 0.432812 0.509375 0.469792 0.483984 0.469792
0 0.515234 0.469792 0.547266 0.469792 0.547266 0.496354 0.515234 0.496354
0 0.544922 0.432812 0.570312 0.432812 0.570312 0.466146 0.544922 0.466146
0 0.555859 0.477604 0.58125 0.477604 0.58125 0.507812 0.555859 0.507812
0 0.557031 0.521875 0.578906 0.521875 0.578906 0.553125 0.557031 0.553125
0 0.519531 0.5 0.550391 0.5 0.550391 0.530729 0.519531 0.530729
0 0.454297 0.516667 0.487891 0.516667 0.487891 0.541146 0.454297 0.541146
0 0.18125 0.194271 0.210156 0.194271 0.210156 0.228646 0.18125 0.228646
0 0.201562 0.322396 0.228516 0.322396 0.228516 0.358333 0.201562 0.358333
0 0.235938 0.321354 0.258984 0.321354 0.258984 0.354688 0.235938 0.354688
0 0.265625 0.302604 0.282031 0.302604 0.282031 0.335938 0.265625 0.335938
0 0.098828 0.311458 0.129688 0.311458 0.129688 0.343229 0.098828 0.343229
0 0.112891 0.369271 0.141406 0.369271 0.141406 0.405208 0.112891 0.405208
0 0.119531 0.405208 0.140625 0.405208 0.140625 0.43125 0.119531 0.43125
0 0.029688 0.520833 0.062891 0.520833 0.062891 0.561458 0.029688 0.561458
0 0.017578 0.566667 0.041797 0.566667 0.041797 0.60625 0.017578 0.60625
0 0.0 0.427083 0.023047 0.427083 0.023047 0.461979 0.0 0.461979
0 0.0 0.603646 0.026953 0.603646 0.026953 0.635938 0.0 0.635938
0 0.028906 0.610938 0.056641 0.610938 0.056641 0.641667 0.028906 0.641667
0 0.0 0.647917 0.026953 0.647917 0.026953 0.691146 0.0 0.691146
0 0.045312 0.703646 0.073047 0.703646 0.073047 0.740625 0.045312 0.740625
0 0.025 0.717188 0.051953 0.717188 0.051953 0.748958 0.025 0.748958
0 0.046484 0.755208 0.071094 0.755208 0.071094 0.791146 0.046484 0.791146
0 0.075 0.723438 0.1 0.723438 0.1 0.764062 0.075 0.764062
0 0.107422 0.729167 0.133203 0.729167 0.133203 0.76875 0.107422 0.76875
0 0.071094 0.782812 0.096094 0.782812 0.096094 0.815625 0.071094 0.815625
0 0.124609 0.785417 0.145703 0.785417 0.145703 0.813021 0.124609 0.813021
0 0.155078 0.760938 0.175 0.760938 0.175 0.789062 0.155078 0.789062
0 0.183594 0.782812 0.201562 0.782812 0.201562 0.814583 0.183594 0.814583
0 0.160547 0.803646 0.183984 0.803646 0.183984 0.831771 0.160547 0.831771
0 0.199219 0.840104 0.222656 0.840104 0.222656 0.871875 0.199219 0.871875
0 0.273438 0.869271 0.296094 0.869271 0.296094 0.896354 0.273438 0.896354
0 0.242578 0.892188 0.268359 0.892188 0.268359 0.923958 0.242578 0.923958
0 0.206641 0.889583 0.233203 0.889583 0.233203 0.921875 0.206641 0.921875
0 0.182031 0.874479 0.205078 0.874479 0.205078 0.907812 0.182031 0.907812
0 0.155859 0.845833 0.180078 0.845833 0.180078 0.868229 0.155859 0.868229
0 0.144531 0.861979 0.169531 0.861979 0.169531 0.888021 0.144531 0.888021
0 0.148438 0.884375 0.172656 0.884375 0.172656 0.908854 0.148438 0.908854
0 0.11875 0.815625 0.139453 0.815625 0.139453 0.848958 0.11875 0.848958
0 0.098438 0.838021 0.119531 0.838021 0.119531 0.871354 0.098438 0.871354
0 0.098828 0.878125 0.123438 0.878125 0.123438 0.908333 0.098828 0.908333
0 0.005078 0.85625 0.023047 0.85625 0.023047 0.889583 0.005078 0.889583
0 0.033984 0.840104 0.054297 0.840104 0.054297 0.870833 0.033984 0.870833
0 0.066406 0.838542 0.084766 0.838542 0.084766 0.859896 0.066406 0.859896
0 0.033203 0.885417 0.055859 0.885417 0.055859 0.916667 0.033203 0.916667
0 0.065625 0.901562 0.084766 0.901562 0.084766 0.927604 0.065625 0.927604
0 0.101953 0.916667 0.121875 0.916667 0.121875 0.944792 0.101953 0.944792
0 0.133594 0.913021 0.156641 0.913021 0.156641 0.941667 0.133594 0.941667
0 0.066016 0.936458 0.086328 0.936458 0.086328 0.973438 0.066016 0.973438
0 0.04375 0.952083 0.063281 0.952083 0.063281 0.983854 0.04375 0.983854
0 0.221094 0.935938 0.241406 0.935938 0.241406 0.96875 0.221094 0.96875
0 0.246484 0.944792 0.267578 0.944792 0.267578 0.974479 0.246484 0.974479
0 0.280859 0.9375 0.304688 0.9375 0.304688 0.965104 0.280859 0.965104
0 0.301172 0.961979 0.324609 0.961979 0.324609 0.990104 0.301172 0.990104
0 0.324609 0.934896 0.345703 0.934896 0.345703 0.960417 0.324609 0.960417
0 0.095312 0.972396 0.128125 0.972396 0.128125 0.999479 0.095312 0.999479
0 0.398438 0.407812 0.419922 0.407812 0.419922 0.432292 0.398438 0.432292
0 0.367578 0.395312 0.385938 0.395312 0.385938 0.429688 0.367578 0.429688
0 0.967578 0.0 0.995703 0.0 0.995703 0.029167 0.967578 0.029167
0 0.922266 0.0 0.949219 0.0 0.949219 0.026562 0.922266 0.026562
0 0.905078 0.020833 0.933594 0.020833 0.933594 0.047396 0.905078 0.047396
0 0.879297 0.013021 0.901172 0.013021 0.901172 0.050521 0.879297 0.050521
0 0.866406 0.022917 0.881641 0.022917 0.881641 0.047917 0.866406 0.047917
0 0.841016 0.033333 0.865625 0.033333 0.865625 0.060417 0.841016 0.060417
0 0.909766 0.076562 0.939453 0.076562 0.939453 0.10625 0.909766 0.10625
0 0.964453 0.071875 0.987109 0.071875 0.987109 0.110938 0.964453 0.110938
0 0.955859 0.084896 0.971875 0.084896 0.971875 0.114062 0.955859 0.114062
0 0.930859 0.13125 0.952344 0.13125 0.952344 0.157812 0.930859 0.157812
0 0.963672 0.136458 0.990234 0.136458 0.990234 0.160938 0.963672 0.160938
0 0.896484 0.122396 0.924609 0.122396 0.924609 0.154167 0.896484 0.154167
0 0.870703 0.136979 0.892188 0.136979 0.892188 0.173438 0.870703 0.173438
0 0.952344 0.176562 0.979688 0.176562 0.979688 0.204167 0.952344 0.204167
0 0.979688 0.207812 0.999609 0.207812 0.999609 0.238542 0.979688 0.238542
0 0.894531 0.196875 0.922656 0.196875 0.922656 0.226562 0.894531 0.226562
0 0.920703 0.229688 0.944141 0.229688 0.944141 0.263021 0.920703 0.263021
0 0.939844 0.264062 0.965625 0.264062 0.965625 0.297396 0.939844 0.297396
0 0.978125 0.288542 0.999609 0.288542 0.999609 0.317188 0.978125 0.317188
0 0.819141 0.206771 0.842969 0.206771 0.842969 0.222917 0.819141 0.222917
0 0.835547 0.215625 0.858984 0.215625 0.858984 0.24375 0.835547 0.24375
0 0.866406 0.218229 0.891016 0.218229 0.891016 0.25 0.866406 0.25
0 0.887891 0.252604 0.912109 0.252604 0.912109 0.280208 0.887891 0.280208
0 0.907422 0.269792 0.926953 0.269792 0.926953 0.293229 0.907422 0.293229
0 0.949219 0.320312 0.965234 0.320312 0.965234 0.348958 0.949219 0.348958
0 0.983594 0.354688 0.999609 0.354688 0.999609 0.383333 0.983594 0.383333
0 0.930078 0.361979 0.956641 0.361979 0.956641 0.394271 0.930078 0.394271
0 0.921484 0.334375 0.940625 0.334375 0.940625 0.358333 0.921484 0.358333
0 0.895703 0.304167 0.922266 0.304167 0.922266 0.329688 0.895703 0.329688
0 0.844922 0.271354 0.867969 0.271354 0.867969 0.298438 0.844922 0.298438
0 0.799219 0.294271 0.822656 0.294271 0.822656 0.324479 0.799219 0.324479
0 0.842188 0.314062 0.864453 0.314062 0.864453 0.346875 0.842188 0.346875
0 0.876172 0.338542 0.896875 0.338542 0.896875 0.375521 0.876172 0.375521
0 0.882812 0.379167 0.906641 0.379167 0.906641 0.413542 0.882812 0.413542
0 0.918359 0.413021 0.942188 0.413021 0.942188 0.440104 0.918359 0.440104
0 0.855078 0.364062 0.878516 0.364062 0.878516 0.398958 0.855078 0.398958
0 0.820312 0.354688 0.845312 0.354688 0.845312 0.390625 0.820312 0.390625
0 0.794531 0.378646 0.820312 0.378646 0.820312 0.409375 0.794531 0.409375
0 0.838672 0.395833 0.860938 0.395833 0.860938 0.420833 0.838672 0.420833
0 0.854688 0.434375 0.873828 0.434375 0.873828 0.466146 0.854688 0.466146
0 0.782422 0.327083 0.803125 0.327083 0.803125 0.361979 0.782422 0.361979
0 0.746094 0.36875 0.771094 0.36875 0.771094 0.396354 0.746094 0.396354
0 0.751562 0.409375 0.779688 0.409375 0.779688 0.438021 0.751562 0.438021
0 0.939453 0.523438 0.9625 0.523438 0.9625 0.559375 0.939453 0.559375
0 0.909375 0.559375 0.939453 0.559375 0.939453 0.591146 0.909375 0.591146
0 0.840625 0.551042 0.866797 0.551042 0.866797 0.581771 0.840625 0.581771
0 0.826953 0.625 0.859375 0.625 0.859375 0.660938 0.826953 0.660938
0 0.875391 0.645312 0.9 0.645312 0.9 0.676042 0.875391 0.676042
0 0.905469 0.649479 0.925391 0.649479 0.925391 0.679167 0.905469 0.679167
0 0.958594 0.653646 0.988672 0.653646 0.988672 0.682292 0.958594 0.682292
0 0.964062 0.591667 0.978125 0.591667 0.978125 0.615625 0.964062 0.615625
0 0.967969 0.724479 0.989062 0.724479 0.989062 0.757292 0.967969 0.757292
0 0.944531 0.75 0.967188 0.75 0.967188 0.782292 0.944531 0.782292
0 0.977344 0.828646 0.99375 0.828646 0.99375 0.866667 0.977344 0.866667
0 0.860156 0.684375 0.880078 0.684375 0.880078 0.7125 0.860156 0.7125
0 0.890234 0.727604 0.908594 0.727604 0.908594 0.758854 0.890234 0.758854
0 0.823438 0.699479 0.843359 0.699479 0.843359 0.729167 0.823438 0.729167
0 0.744531 0.654688 0.772656 0.654688 0.772656 0.678646 0.744531 0.678646
0 0.71875 0.623958 0.7375 0.623958 0.7375 0.650521 0.71875 0.650521
0 0.703906 0.561458 0.730078 0.561458 0.730078 0.592708 0.703906 0.592708
0 0.687109 0.607292 0.712109 0.607292 0.712109 0.640104 0.687109 0.640104
0 0.697656 0.654167 0.722266 0.654167 0.722266 0.678125 0.697656 0.678125
0 0.849609 0.752083 0.869922 0.752083 0.869922 0.777083 0.849609 0.777083
0 0.833984 0.766667 0.855859 0.766667 0.855859 0.790104 0.833984 0.790104
0 0.732031 0.731771 0.751562 0.731771 0.751562 0.763542 0.732031 0.763542
0 0.713672 0.702604 0.739844 0.702604 0.739844 0.725521 0.713672 0.725521
0 0.794141 0.710938 0.812891 0.710938 0.812891 0.735417 0.794141 0.735417
0 0.781641 0.704688 0.794922 0.704688 0.794922 0.726042 0.781641 0.726042
0 0.920312 0.933854 0.944141 0.933854 0.944141 0.967708 0.920312 0.967708
0 0.893359 0.960417 0.91875 0.960417 0.91875 0.992188 0.893359 0.992188
0 0.873438 0.975 0.891797 0.975 0.891797 0.999479 0.873438 0.999479
0 0.857812 0.933854 0.889453 0.933854 0.889453 0.965625 0.857812 0.965625
0 0.867969 0.883333 0.892578 0.883333 0.892578 0.906771 0.867969 0.906771
0 0.913281 0.785938 0.9375 0.785938 0.9375 0.821875 0.913281 0.821875
0 0.987109 0.771875 0.999609 0.771875 0.999609 0.801562 0.987109 0.801562
0 0.683984 0.708854 0.705078 0.708854 0.705078 0.748958 0.683984 0.748958
0 0.615234 0.711458 0.642969 0.711458 0.642969 0.735938 0.615234 0.735938
0 0.589844 0.733854 0.622266 0.733854 0.622266 0.763021 0.589844 0.763021
0 0.612109 0.763021 0.638672 0.763021 0.638672 0.797917 0.612109 0.797917
0 0.660547 0.773958 0.683984 0.773958 0.683984 0.802083 0.660547 0.802083
0 0.695312 0.773958 0.718359 0.773958 0.718359 0.802083 0.695312 0.802083
0 0.728125 0.791146 0.751562 0.791146 0.751562 0.823958 0.728125 0.823958
0 0.701172 0.829167 0.728125 0.829167 0.728125 0.854167 0.701172 0.854167
0 0.741016 0.825 0.769141 0.825 0.769141 0.850521 0.741016 0.850521
0 0.774219 0.888542 0.796094 0.888542 0.796094 0.915625 0.774219 0.915625
0 0.787891 0.91875 0.805078 0.91875 0.805078 0.945833 0.787891 0.945833
0 0.631641 0.80625 0.653906 0.80625 0.653906 0.834375 0.631641 0.834375
0 0.649609 0.822917 0.672266 0.822917 0.672266 0.848958 0.649609 0.848958
0 0.634766 0.860938 0.656641 0.860938 0.656641 0.883854 0.634766 0.883854
0 0.591016 0.879688 0.611719 0.879688 0.611719 0.909896 0.591016 0.909896
0 0.576172 0.852083 0.601562 0.852083 0.601562 0.875 0.576172 0.875
0 0.642188 0.898958 0.663672 0.898958 0.663672 0.916146 0.642188 0.916146
0 0.679688 0.884375 0.703125 0.884375 0.703125 0.911979 0.679688 0.911979
0 0.725 0.919271 0.748438 0.919271 0.748438 0.944792 0.725 0.944792
0 0.719922 0.876562 0.739453 0.876562 0.739453 0.898438 0.719922 0.898438
0 0.749219 0.882292 0.763672 0.882292 0.763672 0.913021 0.749219 0.913021
0 0.751953 0.922917 0.769141 0.922917 0.769141 0.94375 0.751953 0.94375
0 0.850391 0.823438 0.867188 0.823438 0.867188 0.846875 0.850391 0.846875
0 0.685156 0.935417 0.7125 0.935417 0.7125 0.968229 0.685156 0.968229
0 0.655469 0.940104 0.676953 0.940104 0.676953 0.95625 0.655469 0.95625
0 0.700391 0.977604 0.721094 0.977604 0.721094 0.999479 0.700391 0.999479
0 0.003516 0.025521 0.027734 0.025521 0.027734 0.051042 0.003516 0.051042