0 0.820703 0.023438 0.848047 0.023438 0.848047 0.047396 0.820703 0.047396
0 0.81875 0.092188 0.842188 0.092188 0.842188 0.118229 0.81875 0.118229
0 0.773047 0.070312 0.792578 0.070312 0.792578 0.102604 0.773047 0.102604
0 0.767578 0.029167 0.792578 0.029167 0.792578 0.050521 0.767578 0.050521
0 0.793359 0.121354 0.823438 0.121354 0.823438 0.141667 0.793359 0.141667
0 0.755469 0.124479 0.783594 0.124479 0.783594 0.153646 0.755469 0.153646
0 0.726953 0.030208 0.752734 0.030208 0.752734 0.058333 0.726953 0.058333
0 0.701953 0.045312 0.719922 0.045312 0.719922 0.078125 0.701953 0.078125
0 0.712891 0.086458 0.734766 0.086458 0.734766 0.111458 0.712891 0.111458
0 0.74375 0.088542 0.767578 0.088542 0.767578 0.110938 0.74375 0.110938
0 0.652734 0.009896 0.680078 0.009896 0.680078 0.0375 0.652734 0.0375
0 0.627734 0.030729 0.646094 0.030729 0.646094 0.061458 0.627734 0.061458
0 0.591016 0.01875 0.617188 0.01875 0.617188 0.042708 0.591016 0.042708
0 0.659375 0.076042 0.68125 0.076042 0.68125 0.098958 0.659375 0.098958
0 0.648828 0.102604 0.667188 0.102604 0.667188 0.131771 0.648828 0.131771
0 0.701172 0.1375 0.719141 0.1375 0.719141 0.170833 0.701172 0.170833
0 0.626562 0.123438 0.645703 0.123438 0.645703 0.152604 0.626562 0.152604
0 0.6 0.145312 0.625391 0.145312 0.625391 0.173438 0.6 0.173438
0 0.644531 0.163542 0.666016 0.163542 0.666016 0.183854 0.644531 0.183854
0 0.678125 0.202604 0.705859 0.202604 0.705859 0.224479 0.678125 0.224479
0 0.744531 0.215625 0.771484 0.215625 0.771484 0.236458 0.744531 0.236458
0 0.8 0.200521 0.822656 0.200521 0.822656 0.222917 0.8 0.222917
0 0.793359 0.235417 0.818359 0.235417 0.818359 0.255729 0.793359 0.255729
0 0.750781 0.244792 0.777734 0.244792 0.777734 0.266146 0.750781 0.266146
0 0.627734 0.208854 0.64375 0.208854 0.64375 0.241667 0.627734 0.241667
0 0.605859 0.210417 0.623047 0.210417 0.623047 0.239062 0.605859 0.239062
0 0.584766 0.209896 0.603125 0.209896 0.603125 0.240104 0.584766 0.240104
0 0.524219 0.238021 0.540625 0.238021 0.540625 0.269792 0.524219 0.269792
0 0.548438 0.24375 0.565234 0.24375 0.565234 0.280729 0.548438 0.280729
0 0.625781 0.252604 0.647656 0.252604 0.647656 0.283333 0.625781 0.283333
0 0.475781 0.110938 0.499609 0.110938 0.499609 0.135938 0.475781 0.135938
0 0.480469 0.074479 0.504297 0.074479 0.504297 0.101562 0.480469 0.101562
0 0.461328 0.050521 0.485938 0.050521 0.485938 0.073438 0.461328 0.073438
0 0.429297 0.046875 0.449609 0.046875 0.449609 0.080729 0.429297 0.080729
0 0.463281 0.016146 0.483984 0.016146 0.483984 0.04375 0.463281 0.04375
0 0.403125 0.011458 0.424219 0.011458 0.424219 0.038542 0.403125 0.038542
0 0.384375 0.048438 0.403516 0.048438 0.403516 0.078646 0.384375 0.078646
0 0.364453 0.002604 0.383984 0.002604 0.383984 0.030729 0.364453 0.030729
0 0.331641 0.021875 0.352734 0.021875 0.352734 0.051562 0.331641 0.051562
0 0.233594 0.076042 0.251563 0.076042 0.251563 0.108333 0.233594 0.108333
0 0.272656 0.101042 0.291406 0.101042 0.291406 0.135938 0.272656 0.135938
0 0.317188 0.124479 0.336328 0.124479 0.336328 0.159375 0.317188 0.159375
0 0.348438 0.142708 0.366016 0.142708 0.366016 0.171354 0.348438 0.171354
0 0.293359 0.149479 0.314062 0.149479 0.314062 0.178646 0.293359 0.178646
0 0.270703 0.159375 0.285938 0.159375 0.285938 0.194271 0.270703 0.194271
0 0.237891 0.133854 0.260547 0.133854 0.260547 0.168229 0.237891 0.168229
0 0.205469 0.105208 0.224219 0.105208 0.224219 0.131771 0.205469 0.131771
0 0.205469 0.146875 0.222266 0.146875 0.222266 0.178125 0.205469 0.178125
0 0.221875 0.183854 0.240625 0.183854 0.240625 0.213021 0.221875 0.213021
0 0.290234 0.202083 0.312109 0.202083 0.312109 0.225521 0.290234 0.225521
0 0.316016 0.208854 0.340234 0.208854 0.340234 0.232292 0.316016 0.232292
0 0.360547 0.228646 0.375 0.228646 0.375 0.261458 0.360547 0.261458
0 0.30625 0.252604 0.330469 0.252604 0.330469 0.279688 0.30625 0.279688
0 0.241797 0.252604 0.256641 0.252604 0.256641 0.282812 0.241797 0.282812
0 0.215234 0.248958 0.233984 0.248958 0.233984 0.280729 0.215234 0.280729
0 0.192969 0.209375 0.210156 0.209375 0.210156 0.241146 0.192969 0.241146
0 0.158984 0.213542 0.177344 0.213542 0.177344 0.244792 0.158984 0.244792
0 0.1125 0.23125 0.132422 0.23125 0.132422 0.267708 0.1125 0.267708
0 0.136719 0.247917 0.153906 0.247917 0.153906 0.283854 0.136719 0.283854
0 0.190234 0.269792 0.210156 0.269792 0.210156 0.301042 0.190234 0.301042
0 0.232422 0.29375 0.249609 0.29375 0.249609 0.316146 0.232422 0.316146
0 0.275391 0.278125 0.292969 0.278125 0.292969 0.313021 0.275391 0.313021
0 0.336719 0.283333 0.357812 0.283333 0.357812 0.309375 0.336719 0.309375
0 0.335547 0.353125 0.351562 0.353125 0.351562 0.386458 0.335547 0.386458
0 0.304688 0.347917 0.328125 0.347917 0.328125 0.373958 0.304688 0.373958
0 0.266797 0.338021 0.288672 0.338021 0.288672 0.363542 0.266797 0.363542
0 0.241406 0.323958 0.261328 0.323958 0.261328 0.352083 0.241406 0.352083
0 0.205859 0.3375 0.232422 0.3375 0.232422 0.360938 0.205859 0.360938
0 0.164062 0.311458 0.184375 0.311458 0.184375 0.341146 0.164062 0.341146
0 0.170312 0.363021 0.194141 0.363021 0.194141 0.384896 0.170312 0.384896
0 0.105078 0.290625 0.122266 0.290625 0.122266 0.321875 0.105078 0.321875
0 0.125 0.304167 0.146875 0.304167 0.146875 0.333333 0.125 0.333333
0 0.094922 0.363021 0.114062 0.363021 0.114062 0.392708 0.094922 0.392708
0 0.232031 0.382292 0.251172 0.382292 0.251172 0.415625 0.232031 0.415625
0 0.265234 0.389583 0.283203 0.389583 0.283203 0.421354 0.265234 0.421354
0 0.210938 0.419271 0.233594 0.419271 0.233594 0.443229 0.210938 0.443229
0 0.246094 0.446875 0.272266 0.446875 0.272266 0.46875 0.246094 0.46875
0 0.139453 0.428646 0.167578 0.428646 0.167578 0.448438 0.139453 0.448438
0 0.095312 0.405208 0.117578 0.405208 0.117578 0.435417 0.095312 0.435417
0 0.082812 0.454688 0.102734 0.454688 0.102734 0.489583 0.082812 0.489583
0 0.069531 0.361458 0.091016 0.361458 0.091016 0.38125 0.069531 0.38125
0 0.054688 0.390104 0.070703 0.390104 0.070703 0.421875 0.054688 0.421875
0 0.038281 0.470312 0.060938 0.470312 0.060938 0.504167 0.038281 0.504167
0 0.105469 0.521875 0.124609 0.521875 0.124609 0.555208 0.105469 0.555208
0 0.138672 0.53125 0.160156 0.53125 0.160156 0.555208 0.138672 0.555208
0 0.171484 0.502604 0.195703 0.502604 0.195703 0.521875 0.171484 0.521875
0 0.198047 0.481771 0.220312 0.481771 0.220312 0.506771 0.198047 0.506771
0 0.180078 0.538542 0.2 0.538542 0.2 0.566667 0.180078 0.566667
0 0.209375 0.541146 0.234375 0.541146 0.234375 0.567708 0.209375 0.567708
0 0.345703 0.414062 0.366797 0.414062 0.366797 0.436458 0.345703 0.436458
0 0.305469 0.426042 0.330859 0.426042 0.330859 0.448958 0.305469 0.448958
0 0.342969 0.453125 0.369141 0.453125 0.369141 0.475521 0.342969 0.475521
0 0.308984 0.465104 0.332031 0.465104 0.332031 0.488021 0.308984 0.488021
0 0.286328 0.498958 0.299609 0.498958 0.299609 0.534375 0.286328 0.534375
0 0.308984 0.502083 0.333594 0.502083 0.333594 0.525521 0.308984 0.525521
0 0.245312 0.509896 0.269141 0.509896 0.269141 0.532292 0.245312 0.532292
0 0.244922 0.544792 0.270312 0.544792 0.270312 0.567708 0.244922 0.567708
0 0.301172 0.5375 0.321484 0.5375 0.321484 0.557292 0.301172 0.557292
0 0.280859 0.617708 0.301953 0.617708 0.301953 0.650521 0.280859 0.650521
0 0.201562 0.5875 0.224609 0.5875 0.224609 0.6125 0.201562 0.6125
0 0.174609 0.614062 0.203125 0.614062 0.203125 0.639062 0.174609 0.639062
0 0.137109 0.564583 0.159766 0.564583 0.159766 0.589583 0.137109 0.589583
0 0.134375 0.611458 0.158203 0.611458 0.158203 0.632812 0.134375 0.632812
0 0.134375 0.647917 0.158594 0.647917 0.158594 0.66875 0.134375 0.66875
0 0.169531 0.640625 0.189062 0.640625 0.189062 0.668229 0.169531 0.668229
0 0.192188 0.6625 0.215625 0.6625 0.215625 0.683854 0.192188 0.683854
0 0.021484 0.553646 0.040625 0.553646 0.040625 0.585938 0.021484 0.585938
0 0.041406 0.570833 0.061719 0.570833 0.061719 0.598958 0.041406 0.598958
0 0.069531 0.621875 0.095312 0.621875 0.095312 0.649479 0.069531 0.649479
0 0.028906 0.628646 0.053125 0.628646 0.053125 0.648958 0.028906 0.648958
0 0.001172 0.675 0.028516 0.675 0.028516 0.696875 0.001172 0.696875
0 0.103906 0.671875 0.125 0.671875 0.125 0.697396 0.103906 0.697396
0 0.366406 0.617708 0.386328 0.617708 0.386328 0.645833 0.366406 0.645833
0 0.350781 0.647917 0.375781 0.647917 0.375781 0.670833 0.350781 0.670833
0 0.378516 0.663021 0.394531 0.663021 0.394531 0.697396 0.378516 0.697396
0 0.346484 0.683333 0.364453 0.683333 0.364453 0.714583 0.346484 0.714583
0 0.327734 0.676042 0.344531 0.676042 0.344531 0.707812 0.327734 0.707812
0 0.078125 0.705208 0.100391 0.705208 0.100391 0.726562 0.078125 0.726562
0 0.132422 0.702083 0.156641 0.702083 0.156641 0.721875 0.132422 0.721875
0 0.108594 0.745312 0.133594 0.745312 0.133594 0.773438 0.108594 0.773438
0 0.045703 0.739062 0.070312 0.739062 0.070312 0.759375 0.045703 0.759375
0 0.064844 0.766146 0.079688 0.766146 0.079688 0.795833 0.064844 0.795833
0 0.100391 0.805208 0.121875 0.805208 0.121875 0.832292 0.100391 0.832292
0 0.051562 0.805729 0.077344 0.805729 0.077344 0.831771 0.051562 0.831771
0 0.228516 0.795312 0.255078 0.795312 0.255078 0.817708 0.228516 0.817708
0 0.2625 0.761979 0.280859 0.761979 0.280859 0.796875 0.2625 0.796875
0 0.302734 0.745833 0.323047 0.745833 0.323047 0.775 0.302734 0.775
0 0.191016 0.802083 0.215234 0.802083 0.215234 0.830729 0.191016 0.830729
0 0.303516 0.804167 0.323438 0.804167 0.323438 0.83125 0.303516 0.83125
0 0.073438 0.844792 0.098047 0.844792 0.098047 0.869271 0.073438 0.869271
0 0.170312 0.8375 0.186719 0.8375 0.186719 0.865625 0.170312 0.865625
0 0.197656 0.847917 0.215625 0.847917 0.215625 0.878125 0.197656 0.878125
0 0.244141 0.848958 0.264844 0.848958 0.264844 0.878646 0.244141 0.878646
0 0.308203 0.852604 0.330078 0.852604 0.330078 0.871354 0.308203 0.871354
0 0.295312 0.870833 0.309375 0.870833 0.309375 0.898958 0.295312 0.898958
0 0.267188 0.870312 0.285156 0.870312 0.285156 0.898438 0.267188 0.898438
0 0.171875 0.926042 0.196094 0.926042 0.196094 0.952604 0.171875 0.952604
0 0.226172 0.930208 0.253516 0.930208 0.253516 0.951042 0.226172 0.951042
0 0.300391 0.910938 0.320312 0.910938 0.320312 0.934375 0.300391 0.934375
0 0.334766 0.898438 0.352344 0.898438 0.352344 0.926042 0.334766 0.926042
0 0.338281 0.780729 0.354688 0.780729 0.354688 0.808854 0.338281 0.808854
0 0.342969 0.828646 0.362109 0.828646 0.362109 0.859375 0.342969 0.859375
0 0.334766 0.863021 0.353906 0.863021 0.353906 0.883333 0.334766 0.883333
0 0.38125 0.834896 0.400391 0.834896 0.400391 0.863542 0.38125 0.863542
0 0.087891 0.933333 0.105859 0.933333 0.105859 0.961979 0.087891 0.961979
0 0.297266 0.958333 0.323438 0.958333 0.323438 0.981771 0.297266 0.981771
0 0.442188 0.334896 0.466797 0.334896 0.466797 0.357292 0.442188 0.357292
0 0.491406 0.207292 0.516016 0.207292 0.516016 0.226562 0.491406 0.226562
0 0.478516 0.232292 0.496094 0.232292 0.496094 0.260417 0.478516 0.260417
0 0.471875 0.271875 0.495312 0.271875 0.495312 0.304167 0.471875 0.304167
0 0.510156 0.285938 0.532031 0.285938 0.532031 0.308333 0.510156 0.308333
0 0.508203 0.324479 0.533984 0.324479 0.533984 0.347917 0.508203 0.347917
0 0.503125 0.361458 0.523438 0.361458 0.523438 0.389583 0.503125 0.389583
0 0.455859 0.358333 0.474219 0.358333 0.474219 0.3875 0.455859 0.3875
0 0.453516 0.401042 0.474219 0.401042 0.474219 0.428646 0.453516 0.428646
0 0.515234 0.391146 0.542578 0.391146 0.542578 0.413542 0.515234 0.413542
0 0.503125 0.455208 0.526562 0.455208 0.526562 0.476042 0.503125 0.476042
0 0.585156 0.256771 0.601172 0.256771 0.601172 0.286458 0.585156 0.286458
0 0.607812 0.289583 0.625 0.289583 0.625 0.318229 0.607812 0.318229
0 0.639453 0.307292 0.657812 0.307292 0.657812 0.339583 0.639453 0.339583
0 0.548828 0.33125 0.577734 0.33125 0.577734 0.354167 0.548828 0.354167
0 0.562109 0.376042 0.583984 0.376042 0.583984 0.398958 0.562109 0.398958
0 0.595312 0.392708 0.619922 0.392708 0.619922 0.414062 0.595312 0.414062
0 0.623438 0.377604 0.65 0.377604 0.65 0.400521 0.623438 0.400521
0 0.63125 0.420312 0.650391 0.420312 0.650391 0.440104 0.63125 0.440104
0 0.601953 0.425 0.626953 0.425 0.626953 0.445833 0.601953 0.445833
0 0.547266 0.416667 0.573047 0.416667 0.573047 0.438021 0.547266 0.438021
0 0.5875 0.445312 0.610156 0.445312 0.610156 0.468229 0.5875 0.468229
0 0.620703 0.46875 0.641797 0.46875 0.641797 0.492188 0.620703 0.492188
0 0.560938 0.555729 0.583984 0.555729 0.583984 0.577604 0.560938 0.577604
0 0.526953 0.584375 0.545312 0.584375 0.545312 0.614583 0.526953 0.614583
0 0.403125 0.595833 0.420703 0.595833 0.420703 0.626042 0.403125 0.626042
0 0.448047 0.627604 0.472656 0.627604 0.472656 0.655729 0.448047 0.655729
0 0.400391 0.639062 0.423047 0.639062 0.423047 0.660417 0.400391 0.660417
0 0.517578 0.631771 0.534375 0.631771 0.534375 0.661979 0.517578 0.661979
0 0.550391 0.599479 0.568359 0.599479 0.568359 0.622396 0.550391 0.622396
0 0.551562 0.639583 0.564453 0.639583 0.564453 0.666667 0.551562 0.666667
0 0.665234 0.560417 0.684375 0.560417 0.684375 0.589583 0.665234 0.589583
0 0.623828 0.609896 0.642969 0.609896 0.642969 0.644792 0.623828 0.644792
0 0.698047 0.622917 0.715234 0.622917 0.715234 0.659896 0.698047 0.659896
0 0.705078 0.270312 0.732031 0.270312 0.732031 0.290625 0.705078 0.290625
0 0.700391 0.303646 0.723047 0.303646 0.723047 0.333333 0.700391 0.333333
0 0.677734 0.35625 0.701172 0.35625 0.701172 0.384375 0.677734 0.384375
0 0.697266 0.391667 0.715234 0.391667 0.715234 0.420833 0.697266 0.420833
0 0.722266 0.354167 0.745312 0.354167 0.745312 0.377083 0.722266 0.377083
0 0.755469 0.378646 0.774609 0.378646 0.774609 0.409375 0.755469 0.409375
0 0.741406 0.294271 0.757422 0.294271 0.757422 0.320312 0.741406 0.320312
0 0.764453 0.29375 0.783203 0.29375 0.783203 0.322396 0.764453 0.322396
0 0.7875 0.273958 0.809766 0.273958 0.809766 0.294271 0.7875 0.294271
0 0.880078 0.402604 0.905859 0.402604 0.905859 0.429167 0.880078 0.429167
0 0.885938 0.459896 0.911328 0.459896 0.911328 0.480729 0.885938 0.480729
0 0.858203 0.670312 0.883594 0.670312 0.883594 0.700521 0.858203 0.700521
0 0.581641 0.644271 0.593359 0.644271 0.593359 0.668229 0.581641 0.668229
0 0.604297 0.661979 0.621094 0.661979 0.621094 0.691146 0.604297 0.691146
0 0.646094 0.676042 0.661719 0.676042 0.661719 0.706771 0.646094 0.706771
0 0.675391 0.667188 0.694531 0.667188 0.694531 0.6875 0.675391 0.6875
0 0.560547 0.707812 0.58125 0.707812 0.58125 0.739062 0.560547 0.739062
0 0.609375 0.701042 0.635156 0.701042 0.635156 0.722917 0.609375 0.722917
0 0.510156 0.677604 0.533984 0.677604 0.533984 0.7125 0.510156 0.7125
0 0.444922 0.686979 0.464062 0.686979 0.464062 0.718229 0.444922 0.718229
0 0.526172 0.743229 0.545312 0.743229 0.545312 0.777083 0.526172 0.777083
0 0.622656 0.740104 0.64375 0.740104 0.64375 0.765104 0.622656 0.765104
0 0.5875 0.723958 0.610547 0.723958 0.610547 0.75 0.5875 0.75
0 0.648438 0.775 0.664844 0.775 0.664844 0.807812 0.648438 0.807812
0 0.600781 0.759896 0.620703 0.759896 0.620703 0.78125 0.600781 0.78125
0 0.582031 0.777604 0.601953 0.777604 0.601953 0.805729 0.582031 0.805729
0 0.557812 0.789583 0.573047 0.789583 0.573047 0.817188 0.557812 0.817188
0 0.852734 0.860417 0.870703 0.860417 0.870703 0.896354 0.852734 0.896354
0 0.428516 0.903125 0.455078 0.903125 0.455078 0.924479 0.428516 0.924479
0 0.401172 0.759896 0.416797 0.759896 0.416797 0.794271 0.401172 0.794271
0 0.367578 0.7125 0.382812 0.7125 0.382812 0.742708 0.367578 0.742708
0 0.414453 0.673958 0.432422 0.673958 0.432422 0.701562 0.414453 0.701562
0 0.430469 0.734896 0.444531 0.734896 0.444531 0.76875 0.430469 0.76875
0 0.477344 0.703646 0.491797 0.703646 0.491797 0.730208 0.477344 0.730208
0 0.463672 0.730729 0.485938 0.730729 0.485938 0.752083 0.463672 0.752083
0 0.508984 0.816146 0.522656 0.816146 0.522656 0.846875 0.508984 0.846875
0 0.512891 0.866146 0.541016 0.866146 0.541016 0.885938 0.512891 0.885938
0 0.588281 0.840625 0.616016 0.840625 0.616016 0.860938 0.588281 0.860938
0 0.632031 0.840625 0.653516 0.840625 0.653516 0.867708 0.632031 0.867708
0 0.664844 0.827604 0.683594 0.827604 0.683594 0.860417 0.664844 0.860417
0 0.625781 0.877604 0.650781 0.877604 0.650781 0.900521 0.625781 0.900521
0 0.500781 0.908333 0.527344 0.908333 0.527344 0.923438 0.500781 0.923438
0 0.538672 0.9 0.565625 0.9 0.565625 0.91875 0.538672 0.91875
0 0.59375 0.9 0.614453 0.9 0.614453 0.917708 0.59375 0.917708
0 0.566406 0.929167 0.594141 0.929167 0.594141 0.947396 0.566406 0.947396
0 0.514062 0.941667 0.544141 0.941667 0.544141 0.960938 0.514062 0.960938
0 0.469141 0.959896 0.497266 0.959896 0.497266 0.979167 0.469141 0.979167
0 0.609766 0.941667 0.632422 0.941667 0.632422 0.955729 0.609766 0.955729
0 0.5875 0.967188 0.6125 0.967188 0.6125 0.985938 0.5875 0.985938
0 0.619531 0.966146 0.638672 0.966146 0.638672 0.989583 0.619531 0.989583
0 0.672656 0.877604 0.698828 0.877604 0.698828 0.899479 0.672656 0.899479
0 0.742969 0.648958 0.754688 0.648958 0.754688 0.680208 0.742969 0.680208
0 0.720703 0.654167 0.737109 0.654167 0.737109 0.678125 0.720703 0.678125
0 0.723047 0.719792 0.740625 0.719792 0.740625 0.738542 0.723047 0.738542
0 0.678906 0.757812 0.700781 0.757812 0.700781 0.768229 0.678906 0.768229
0 0.701562 0.798438 0.728125 0.798438 0.728125 0.811979 0.701562 0.811979
0 0.699609 0.823958 0.717188 0.823958 0.717188 0.842708 0.699609 0.842708
0 0.0 0.0 0.000391 0.0 0.000391 0.000521 0.0 0.000521
0 0.812109 0.690104 0.825391 0.690104 0.825391 0.720312 0.812109 0.720312
0 0.718359 0.840104 0.733984 0.840104 0.733984 0.870833 0.718359 0.870833
0 0.814453 0.75 0.835156 0.75 0.835156 0.776562 0.814453 0.776562
0 0.813672 0.791667 0.835156 0.791667 0.835156 0.817188 0.813672 0.817188
0 0.869141 0.745833 0.892188 0.745833 0.892188 0.769271 0.869141 0.769271
0 0.898047 0.791146 0.923047 0.791146 0.923047 0.823438 0.898047 0.823438
0 0.839453 0.819792 0.854297 0.819792 0.854297 0.843229 0.839453 0.843229
0 0.889844 0.843229 0.901562 0.843229 0.901562 0.871875 0.889844 0.871875
0 0.9125 0.890104 0.929297 0.890104 0.929297 0.91875 0.9125 0.91875
0 0.919531 0.939583 0.939844 0.939583 0.939844 0.965104 0.919531 0.965104
0 0.889453 0.703125 0.908594 0.703125 0.908594 0.727604 0.889453 0.727604
0 0.839844 0.908333 0.860938 0.908333 0.860938 0.932812 0.839844 0.932812
0 0.798828 0.661458 0.825391 0.661458 0.825391 0.681771 0.798828 0.681771
0 0.808984 0.622917 0.829297 0.622917 0.829297 0.657812 0.808984 0.657812
0 0.833594 0.606771 0.855078 0.606771 0.855078 0.640104 0.833594 0.640104
0 0.0 0.0 0.000391 0.0 0.000391 0.000521 0.0 0.000521
0 0.371484 0.0 0.488672 0.0 0.488672 0.000521 0.371484 0.000521
0 0.823047 0.436979 0.850391 0.436979 0.850391 0.461979 0.823047 0.461979
0 0.908594 0.642188 0.930469 0.642188 0.930469 0.677083 0.908594 0.677083
0 0.890234 0.277083 0.917578 0.277083 0.917578 0.311458 0.890234 0.311458
0 0.711328 0.0 0.736719 0.0 0.736719 0.024479 0.711328 0.024479
0 0.757812 0.0 0.777344 0.0 0.777344 0.020312 0.757812 0.020312
0 0.868359 0.922917 0.89375 0.922917 0.89375 0.946354 0.868359 0.946354
0 0.801953 0.863021 0.824609 0.863021 0.824609 0.895833 0.801953 0.895833
0 0.161719 0.972396 0.185938 0.972396 0.185938 0.998438 0.161719 0.998438
0 0.197656 0.976042 0.219141 0.976042 0.219141 0.998438 0.197656 0.998438