0 0.116016 0.092708 0.1375 0.092708 0.1375 0.124479 0.116016 0.124479
0 0.161328 0.089583 0.183984 0.089583 0.183984 0.122396 0.161328 0.122396
0 0.19375 0.104167 0.216797 0.104167 0.216797 0.131771 0.19375 0.131771
0 0.229688 0.080729 0.249609 0.080729 0.249609 0.114062 0.229688 0.114062
0 0.190625 0.053125 0.220312 0.053125 0.220312 0.081771 0.190625 0.081771
0 0.151953 0.046875 0.178906 0.046875 0.178906 0.076562 0.151953 0.076562
0 0.121875 0.052604 0.140625 0.052604 0.140625 0.085938 0.121875 0.085938
0 0.102344 0.033854 0.121875 0.033854 0.121875 0.061458 0.102344 0.061458
0 0.085938 0.080208 0.107422 0.080208 0.107422 0.117188 0.085938 0.117188
0 0.064844 0.038021 0.086328 0.038021 0.086328 0.066146 0.064844 0.066146
0 0.027344 0.043229 0.050781 0.043229 0.050781 0.066146 0.027344 0.066146
0 0.016406 0.018229 0.038281 0.018229 0.038281 0.042708 0.016406 0.042708
0 0.046484 0.107292 0.070312 0.107292 0.070312 0.131771 0.046484 0.131771
0 0.011328 0.106771 0.03125 0.106771 0.03125 0.130208 0.011328 0.130208
0 0.025 0.139062 0.048047 0.139062 0.048047 0.161979 0.025 0.161979
0 0.080469 0.152604 0.104688 0.152604 0.104688 0.178125 0.080469 0.178125
0 0.138281 0.161458 0.165625 0.161458 0.165625 0.185938 0.138281 0.185938
0 0.152734 0.128646 0.178906 0.128646 0.178906 0.145833 0.152734 0.145833
0 0.171875 0.150521 0.196875 0.150521 0.196875 0.174479 0.171875 0.174479
0 0.18125 0.009896 0.205859 0.009896 0.205859 0.036458 0.18125 0.036458
0 0.213672 0.022917 0.240625 0.022917 0.240625 0.05625 0.213672 0.05625
0 0.286719 0.045312 0.30625 0.045312 0.30625 0.075521 0.286719 0.075521
0 0.313281 0.084896 0.337109 0.084896 0.337109 0.102083 0.313281 0.102083
0 0.328516 0.023438 0.347266 0.023438 0.347266 0.048438 0.328516 0.048438
0 0.356641 0.025521 0.377734 0.025521 0.377734 0.054688 0.356641 0.054688
0 0.403516 0.039583 0.432031 0.039583 0.432031 0.068229 0.403516 0.068229
0 0.393359 0.096875 0.415234 0.096875 0.415234 0.121875 0.393359 0.121875
0 0.326172 0.114583 0.344531 0.114583 0.344531 0.1375 0.326172 0.1375
0 0.352344 0.114583 0.370312 0.114583 0.370312 0.14375 0.352344 0.14375
0 0.374609 0.145833 0.395312 0.145833 0.395312 0.173438 0.374609 0.173438
0 0.330078 0.166667 0.356641 0.166667 0.356641 0.189062 0.330078 0.189062
0 0.353516 0.207812 0.372656 0.207812 0.372656 0.23125 0.353516 0.23125
0 0.279297 0.21875 0.298828 0.21875 0.298828 0.252604 0.279297 0.252604
0 0.243359 0.191146 0.263281 0.191146 0.263281 0.220833 0.243359 0.220833
0 0.205859 0.213021 0.23125 0.213021 0.23125 0.246354 0.205859 0.246354
0 0.156641 0.229688 0.182422 0.229688 0.182422 0.252083 0.156641 0.252083
0 0.117969 0.193229 0.145703 0.193229 0.145703 0.219271 0.117969 0.219271
0 0.075391 0.195833 0.103906 0.195833 0.103906 0.219792 0.075391 0.219792
0 0.025391 0.178125 0.057422 0.178125 0.057422 0.204167 0.025391 0.204167
0 0.007422 0.214062 0.0375 0.214062 0.0375 0.240104 0.007422 0.240104
0 0.001172 0.255729 0.022656 0.255729 0.022656 0.280729 0.001172 0.280729
0 0.035156 0.244792 0.057031 0.244792 0.057031 0.271875 0.035156 0.271875
0 0.075 0.257292 0.095312 0.257292 0.095312 0.285938 0.075 0.285938
0 0.095312 0.235938 0.121875 0.235938 0.121875 0.255729 0.095312 0.255729
0 0.105859 0.267708 0.130078 0.267708 0.130078 0.294271 0.105859 0.294271
0 0.155469 0.271354 0.175781 0.271354 0.175781 0.303646 0.155469 0.303646
0 0.2 0.270833 0.224219 0.270833 0.224219 0.295833 0.2 0.295833
0 0.248047 0.26875 0.267188 0.26875 0.267188 0.298438 0.248047 0.298438
0 0.178125 0.318229 0.203125 0.318229 0.203125 0.347917 0.178125 0.347917
0 0.212891 0.313021 0.232031 0.313021 0.232031 0.346875 0.212891 0.346875
0 0.237109 0.326562 0.255859 0.326562 0.255859 0.35625 0.237109 0.35625
0 0.270312 0.30625 0.288672 0.30625 0.288672 0.338021 0.270312 0.338021
0 0.313281 0.321875 0.334766 0.321875 0.334766 0.347396 0.313281 0.347396
0 0.292578 0.346875 0.313281 0.346875 0.313281 0.377083 0.292578 0.377083
0 0.257422 0.363021 0.278906 0.363021 0.278906 0.388542 0.257422 0.388542
0 0.216016 0.389062 0.245312 0.389062 0.245312 0.417708 0.216016 0.417708
0 0.315625 0.388542 0.343359 0.388542 0.343359 0.413542 0.315625 0.413542
0 0.312109 0.279688 0.33125 0.279688 0.33125 0.310417 0.312109 0.310417
0 0.328906 0.264583 0.353906 0.264583 0.353906 0.292188 0.328906 0.292188
0 0.344531 0.239062 0.367969 0.239062 0.367969 0.271875 0.344531 0.271875
0 0.373047 0.260417 0.396875 0.260417 0.396875 0.300521 0.373047 0.300521
0 0.399219 0.239062 0.423047 0.239062 0.423047 0.264583 0.399219 0.264583
0 0.434766 0.265104 0.4625 0.265104 0.4625 0.297396 0.434766 0.297396
0 0.403906 0.329167 0.433984 0.329167 0.433984 0.353125 0.403906 0.353125
0 0.432422 0.367188 0.460547 0.367188 0.460547 0.391667 0.432422 0.391667
0 0.40625 0.385938 0.432812 0.385938 0.432812 0.420833 0.40625 0.420833
0 0.365234 0.392708 0.390234 0.392708 0.390234 0.424479 0.365234 0.424479
0 0.414453 0.439062 0.440625 0.439062 0.440625 0.464583 0.414453 0.464583
0 0.400781 0.486458 0.424609 0.486458 0.424609 0.513021 0.400781 0.513021
0 0.363281 0.473438 0.3875 0.473438 0.3875 0.498438 0.363281 0.498438
0 0.353125 0.438542 0.379688 0.438542 0.379688 0.46875 0.353125 0.46875
0 0.301172 0.420833 0.324219 0.420833 0.324219 0.444792 0.301172 0.444792
0 0.3 0.463542 0.328906 0.463542 0.328906 0.491146 0.3 0.491146
0 0.271094 0.4125 0.292578 0.4125 0.292578 0.44375 0.271094 0.44375
0 0.242969 0.428125 0.263672 0.428125 0.263672 0.458854 0.242969 0.458854
0 0.261719 0.448438 0.282031 0.448438 0.282031 0.477083 0.261719 0.477083
0 0.178125 0.363542 0.197656 0.363542 0.197656 0.392188 0.178125 0.392188
0 0.120312 0.345312 0.148828 0.345312 0.148828 0.374479 0.120312 0.374479
0 0.019922 0.295833 0.049609 0.295833 0.049609 0.323438 0.019922 0.323438
0 0.057422 0.33125 0.081641 0.33125 0.081641 0.358333 0.057422 0.358333
0 0.046094 0.367708 0.079688 0.367708 0.079688 0.394271 0.046094 0.394271
0 0.0 0.345833 0.017578 0.345833 0.017578 0.370833 0.0 0.370833
0 0.0 0.380208 0.026562 0.380208 0.026562 0.407292 0.0 0.407292
0 0.08125 0.378125 0.107031 0.378125 0.107031 0.40625 0.08125 0.40625
0 0.146875 0.392188 0.178125 0.392188 0.178125 0.423438 0.146875 0.423438
0 0.124609 0.424479 0.155469 0.424479 0.155469 0.451562 0.124609 0.451562
0 0.158203 0.453125 0.182031 0.453125 0.182031 0.475 0.158203 0.475
0 0.152344 0.49375 0.179688 0.49375 0.179688 0.521354 0.152344 0.521354
0 0.110547 0.459896 0.134375 0.459896 0.134375 0.479688 0.110547 0.479688
0 0.09375 0.423438 0.114844 0.423438 0.114844 0.453646 0.09375 0.453646
0 0.048828 0.420833 0.072266 0.420833 0.072266 0.449479 0.048828 0.449479
0 0.006641 0.426562 0.035547 0.426562 0.035547 0.451562 0.006641 0.451562
0 0.065625 0.465104 0.092578 0.465104 0.092578 0.488021 0.065625 0.488021
0 0.040234 0.495833 0.063672 0.495833 0.063672 0.523438 0.040234 0.523438
0 0.032422 0.471354 0.055078 0.471354 0.055078 0.498438 0.032422 0.498438
0 0.071094 0.504687 0.099609 0.504687 0.099609 0.530729 0.071094 0.530729
0 0.381641 0.0 0.401953 0.0 0.401953 0.020312 0.381641 0.020312
0 0.426172 0.0 0.451953 0.0 0.451953 0.027604 0.426172 0.027604
0 0.479297 0.0 0.514062 0.0 0.514062 0.024479 0.479297 0.024479
0 0.553516 0.016667 0.582812 0.016667 0.582812 0.04375 0.553516 0.04375
0 0.610547 0.031771 0.633594 0.031771 0.633594 0.059896 0.610547 0.059896
0 0.603906 0.075521 0.622656 0.075521 0.622656 0.103646 0.603906 0.103646
0 0.580078 0.059375 0.604297 0.059375 0.604297 0.091667 0.580078 0.091667
0 0.540625 0.067188 0.562891 0.067188 0.562891 0.104688 0.540625 0.104688
0 0.507812 0.044792 0.533594 0.044792 0.533594 0.070833 0.507812 0.070833
0 0.440625 0.061979 0.465625 0.061979 0.465625 0.091667 0.440625 0.091667
0 0.459766 0.089062 0.48125 0.089062 0.48125 0.113542 0.459766 0.113542
0 0.505859 0.095312 0.533594 0.095312 0.533594 0.118229 0.505859 0.118229
0 0.535938 0.145312 0.559375 0.145312 0.559375 0.172396 0.535938 0.172396
0 0.539844 0.199479 0.567578 0.199479 0.567578 0.227604 0.539844 0.227604
0 0.486719 0.131771 0.517578 0.131771 0.517578 0.161458 0.486719 0.161458
0 0.416797 0.131771 0.440625 0.131771 0.440625 0.157292 0.416797 0.157292
0 0.448047 0.148958 0.469922 0.148958 0.469922 0.183333 0.448047 0.183333
0 0.465625 0.173438 0.480859 0.173438 0.480859 0.196875 0.465625 0.196875
0 0.491016 0.178125 0.512109 0.178125 0.512109 0.205208 0.491016 0.205208
0 0.505859 0.214062 0.526172 0.214062 0.526172 0.247917 0.505859 0.247917
0 0.466406 0.213021 0.489453 0.213021 0.489453 0.244271 0.466406 0.244271
0 0.436328 0.205729 0.458984 0.205729 0.458984 0.239583 0.436328 0.239583
0 0.468359 0.276562 0.500391 0.276562 0.500391 0.310938 0.468359 0.310938
0 0.502344 0.307292 0.522266 0.307292 0.522266 0.342708 0.502344 0.342708
0 0.505859 0.342708 0.521484 0.342708 0.521484 0.371875 0.505859 0.371875
0 0.474609 0.339062 0.498438 0.339062 0.498438 0.377083 0.474609 0.377083
0 0.460938 0.398958 0.483984 0.398958 0.483984 0.434375 0.460938 0.434375
0 0.704688 0.005208 0.733203 0.005208 0.733203 0.025521 0.704688 0.025521
0 0.687891 0.029167 0.7125 0.029167 0.7125 0.056771 0.687891 0.056771
0 0.746484 0.016146 0.769531 0.016146 0.769531 0.046875 0.746484 0.046875
0 0.84375 0.0 0.865234 0.0 0.865234 0.019792 0.84375 0.019792
0 0.871484 0.020312 0.894922 0.020312 0.894922 0.049479 0.871484 0.049479
0 0.874219 0.06875 0.898047 0.06875 0.898047 0.102604 0.874219 0.102604
0 0.841406 0.059375 0.860938 0.059375 0.860938 0.093229 0.841406 0.093229
0 0.805078 0.056771 0.828125 0.056771 0.828125 0.084896 0.805078 0.084896
0 0.815234 0.117708 0.834375 0.117708 0.834375 0.148438 0.815234 0.148438
0 0.792578 0.109896 0.811719 0.109896 0.811719 0.144792 0.792578 0.144792
0 0.757812 0.056771 0.787891 0.056771 0.787891 0.079167 0.757812 0.079167
0 0.708594 0.066146 0.738281 0.066146 0.738281 0.090104 0.708594 0.090104
0 0.746484 0.0875 0.773047 0.0875 0.773047 0.118229 0.746484 0.118229
0 0.985156 0.089583 0.999609 0.089583 0.999609 0.117188 0.985156 0.117188
0 0.95 0.072396 0.96875 0.072396 0.96875 0.098958 0.95 0.098958
0 0.910547 0.065104 0.935547 0.065104 0.935547 0.093229 0.910547 0.093229
0 0.903125 0.108333 0.928906 0.108333 0.928906 0.139062 0.903125 0.139062
0 0.940625 0.133854 0.962891 0.133854 0.962891 0.155729 0.940625 0.155729
0 0.958203 0.15625 0.986328 0.15625 0.986328 0.179167 0.958203 0.179167
0 0.955078 0.195833 0.984766 0.195833 0.984766 0.215104 0.955078 0.215104
0 0.971484 0.225521 0.994141 0.225521 0.994141 0.25 0.971484 0.25
0 0.932422 0.213542 0.952344 0.213542 0.952344 0.244271 0.932422 0.244271
0 0.897266 0.215104 0.919531 0.215104 0.919531 0.245833 0.897266 0.245833
0 0.831641 0.172396 0.853125 0.172396 0.853125 0.206771 0.831641 0.206771
0 0.949609 0.270312 0.979297 0.270312 0.979297 0.296354 0.949609 0.296354
0 0.860156 0.254688 0.881641 0.254688 0.881641 0.28125 0.860156 0.28125
0 0.807422 0.239062 0.830469 0.239062 0.830469 0.263542 0.807422 0.263542
0 0.834766 0.270833 0.856641 0.270833 0.856641 0.298958 0.834766 0.298958
0 0.751562 0.180729 0.776562 0.180729 0.776562 0.204167 0.751562 0.204167
0 0.708984 0.184375 0.738281 0.184375 0.738281 0.210938 0.708984 0.210938
0 0.681641 0.197396 0.705078 0.197396 0.705078 0.23125 0.681641 0.23125
0 0.629688 0.193229 0.652734 0.193229 0.652734 0.220312 0.629688 0.220312
0 0.609375 0.221354 0.63125 0.221354 0.63125 0.241667 0.609375 0.241667
0 0.650391 0.21875 0.677344 0.21875 0.677344 0.25 0.650391 0.25
0 0.728125 0.234896 0.758594 0.234896 0.758594 0.258854 0.728125 0.258854
0 0.748047 0.269271 0.774609 0.269271 0.774609 0.294271 0.748047 0.294271
0 0.800781 0.290104 0.826562 0.290104 0.826562 0.325521 0.800781 0.325521
0 0.710156 0.285417 0.733594 0.285417 0.733594 0.314062 0.710156 0.314062
0 0.667578 0.258333 0.695703 0.258333 0.695703 0.285417 0.667578 0.285417
0 0.624609 0.2625 0.650781 0.2625 0.650781 0.290625 0.624609 0.290625
0 0.674609 0.323958 0.702734 0.323958 0.702734 0.347396 0.674609 0.347396
0 0.721484 0.327083 0.748047 0.327083 0.748047 0.348438 0.721484 0.348438
0 0.903125 0.361979 0.930859 0.361979 0.930859 0.400521 0.903125 0.400521
0 0.944922 0.385938 0.966797 0.385938 0.966797 0.411979 0.944922 0.411979
0 0.968359 0.364583 0.991406 0.364583 0.991406 0.389062 0.968359 0.389062
0 0.871094 0.348958 0.892578 0.348958 0.892578 0.382812 0.871094 0.382812
0 0.835547 0.363021 0.855469 0.363021 0.855469 0.391146 0.835547 0.391146
0 0.809766 0.376562 0.828516 0.376562 0.828516 0.40625 0.809766 0.40625
0 0.782422 0.403646 0.803516 0.403646 0.803516 0.433854 0.782422 0.433854
0 0.763672 0.367708 0.786719 0.367708 0.786719 0.389583 0.763672 0.389583
0 0.714844 0.369792 0.735547 0.369792 0.735547 0.391667 0.714844 0.391667
0 0.755859 0.408854 0.76875 0.408854 0.76875 0.434896 0.755859 0.434896
0 0.830078 0.423958 0.85625 0.423958 0.85625 0.450521 0.830078 0.450521
0 0.730859 0.434896 0.745312 0.434896 0.745312 0.455208 0.730859 0.455208
0 0.707422 0.420312 0.727734 0.420312 0.727734 0.447917 0.707422 0.447917
0 0.570312 0.302083 0.589844 0.302083 0.589844 0.324479 0.570312 0.324479
0 0.604297 0.309375 0.623828 0.309375 0.623828 0.332292 0.604297 0.332292
0 0.626562 0.330208 0.649219 0.330208 0.649219 0.354167 0.626562 0.354167
0 0.589844 0.353125 0.6125 0.353125 0.6125 0.371354 0.589844 0.371354
0 0.552734 0.3375 0.577734 0.3375 0.577734 0.355208 0.552734 0.355208
0 0.665234 0.365104 0.685547 0.365104 0.685547 0.3875 0.665234 0.3875
0 0.576562 0.392188 0.599609 0.392188 0.599609 0.410938 0.576562 0.410938
0 0.610156 0.4 0.632031 0.4 0.632031 0.419271 0.610156 0.419271
0 0.628906 0.421875 0.648438 0.421875 0.648438 0.440104 0.628906 0.440104
0 0.665625 0.43125 0.685938 0.43125 0.685938 0.4625 0.665625 0.4625
0 0.540625 0.41875 0.565234 0.41875 0.565234 0.442708 0.540625 0.442708
0 0.584375 0.438542 0.611328 0.438542 0.611328 0.458333 0.584375 0.458333
0 0.608594 0.459896 0.627734 0.459896 0.627734 0.479688 0.608594 0.479688
0 0.577344 0.467188 0.603125 0.467188 0.603125 0.490104 0.577344 0.490104
0 0.554297 0.497396 0.579297 0.497396 0.579297 0.516667 0.554297 0.516667
0 0.616016 0.486979 0.638672 0.486979 0.638672 0.503125 0.616016 0.503125
0 0.590625 0.506771 0.615234 0.506771 0.615234 0.525521 0.590625 0.525521
0 0.764453 0.472396 0.799219 0.472396 0.799219 0.495833 0.764453 0.495833
0 0.711328 0.498438 0.739453 0.498438 0.739453 0.516146 0.711328 0.516146
0 0.644141 0.501562 0.667578 0.501562 0.667578 0.526042 0.644141 0.526042
0 0.953125 0.421875 0.980859 0.421875 0.980859 0.438021 0.953125 0.438021
0 0.961719 0.439583 0.982422 0.439583 0.982422 0.463021 0.961719 0.463021
0 0.980859 0.455729 0.999609 0.455729 0.999609 0.481771 0.980859 0.481771
0 0.929297 0.466146 0.949219 0.466146 0.949219 0.491146 0.929297 0.491146
0 0.892578 0.454688 0.908203 0.454688 0.908203 0.482292 0.892578 0.482292
0 0.821094 0.470833 0.841016 0.470833 0.841016 0.495833 0.821094 0.495833
0 0.850391 0.477083 0.871875 0.477083 0.871875 0.502604 0.850391 0.502604
0 0.867969 0.515104 0.886719 0.515104 0.886719 0.546875 0.867969 0.546875
0 0.916797 0.504167 0.934375 0.504167 0.934375 0.532812 0.916797 0.532812
0 0.962109 0.503125 0.983594 0.503125 0.983594 0.531771 0.962109 0.531771
0 0.962891 0.579688 0.983594 0.579688 0.983594 0.604688 0.962891 0.604688
0 0.925781 0.553125 0.945312 0.553125 0.945312 0.578125 0.925781 0.578125
0 0.903125 0.583854 0.923438 0.583854 0.923438 0.608854 0.903125 0.608854
0 0.555859 0.55 0.587109 0.55 0.587109 0.573438 0.555859 0.573438
0 0.60625 0.535417 0.641797 0.535417 0.641797 0.557812 0.60625 0.557812
0 0.660156 0.530729 0.689844 0.530729 0.689844 0.55625 0.660156 0.55625
0 0.703516 0.543229 0.73125 0.543229 0.73125 0.570833 0.703516 0.570833
0 0.741797 0.535417 0.762109 0.535417 0.762109 0.563542 0.741797 0.563542
0 0.765234 0.561458 0.787891 0.561458 0.787891 0.586979 0.765234 0.586979
0 0.812891 0.567188 0.833203 0.567188 0.833203 0.597917 0.812891 0.597917
0 0.839453 0.557812 0.859375 0.557812 0.859375 0.584375 0.839453 0.584375
0 0.877734 0.595312 0.897266 0.595312 0.897266 0.622396 0.877734 0.622396
0 0.858594 0.609896 0.882422 0.609896 0.882422 0.636979 0.858594 0.636979
0 0.940625 0.623438 0.966016 0.623438 0.966016 0.650521 0.940625 0.650521
0 0.917188 0.664062 0.947656 0.664062 0.947656 0.686458 0.917188 0.686458
0 0.927344 0.689583 0.952344 0.689583 0.952344 0.711979 0.927344 0.711979
0 0.966016 0.697396 0.987891 0.697396 0.987891 0.720312 0.966016 0.720312
0 0.911719 0.7375 0.938672 0.7375 0.938672 0.763021 0.911719 0.763021
0 0.952734 0.728646 0.982812 0.728646 0.982812 0.763021 0.952734 0.763021
0 0.833594 0.671875 0.854297 0.671875 0.854297 0.699479 0.833594 0.699479
0 0.797656 0.70625 0.825 0.70625 0.825 0.7375 0.797656 0.7375
0 0.7625 0.718229 0.7875 0.718229 0.7875 0.749479 0.7625 0.749479
0 0.804297 0.659375 0.829297 0.659375 0.829297 0.685938 0.804297 0.685938
0 0.805859 0.60625 0.830859 0.60625 0.830859 0.644792 0.805859 0.644792
0 0.780859 0.632812 0.805078 0.632812 0.805078 0.671875 0.780859 0.671875
0 0.748438 0.665104 0.769141 0.665104 0.769141 0.700521 0.748438 0.700521
0 0.723438 0.691667 0.749219 0.691667 0.749219 0.711979 0.723438 0.711979
0 0.719141 0.577083 0.747656 0.577083 0.747656 0.604688 0.719141 0.604688
0 0.724219 0.622917 0.744922 0.622917 0.744922 0.647396 0.724219 0.647396
0 0.705859 0.657292 0.730859 0.657292 0.730859 0.685938 0.705859 0.685938
0 0.674219 0.645833 0.703125 0.645833 0.703125 0.673958 0.674219 0.673958
0 0.647266 0.627083 0.671484 0.627083 0.671484 0.652604 0.647266 0.652604
0 0.674219 0.601562 0.7125 0.601562 0.7125 0.628125 0.674219 0.628125
0 0.671484 0.572396 0.697266 0.572396 0.697266 0.600521 0.671484 0.600521
0 0.628906 0.572396 0.653906 0.572396 0.653906 0.604688 0.628906 0.604688
0 0.601562 0.570312 0.628125 0.570312 0.628125 0.59375 0.601562 0.59375
0 0.962109 0.951562 0.985938 0.951562 0.985938 0.980729 0.962109 0.980729
0 0.978906 0.888021 0.999609 0.888021 0.999609 0.913021 0.978906 0.913021
0 0.951172 0.801562 0.978906 0.801562 0.978906 0.825 0.951172 0.825
0 0.923438 0.814583 0.953125 0.814583 0.953125 0.844792 0.923438 0.844792
0 0.9 0.828646 0.928516 0.828646 0.928516 0.860938 0.9 0.860938
0 0.940625 0.853125 0.977734 0.853125 0.977734 0.881771 0.940625 0.881771
0 0.932812 0.89375 0.960156 0.89375 0.960156 0.919792 0.932812 0.919792
0 0.894141 0.876562 0.927344 0.876562 0.927344 0.895312 0.894141 0.895312
0 0.853516 0.825 0.880859 0.825 0.880859 0.847396 0.853516 0.847396
0 0.863281 0.854167 0.889844 0.854167 0.889844 0.878125 0.863281 0.878125
0 0.829688 0.844792 0.850391 0.844792 0.850391 0.867188 0.829688 0.867188
0 0.835938 0.872396 0.858203 0.872396 0.858203 0.900521 0.835938 0.900521
0 0.859375 0.894792 0.891016 0.894792 0.891016 0.925521 0.859375 0.925521
0 0.9 0.920312 0.923438 0.920312 0.923438 0.954167 0.9 0.954167
0 0.866406 0.953125 0.898828 0.953125 0.898828 0.983854 0.866406 0.983854
0 0.831641 0.939062 0.859375 0.939062 0.859375 0.969271 0.831641 0.969271
0 0.834766 0.973958 0.865625 0.973958 0.865625 0.997917 0.834766 0.997917
0 0.027344 0.948958 0.064453 0.948958 0.064453 0.980729 0.027344 0.980729
0 0.010547 0.891146 0.045312 0.891146 0.045312 0.921354 0.010547 0.921354
0 0.000391 0.853125 0.021484 0.853125 0.021484 0.884375 0.000391 0.884375
0 0.001172 0.80625 0.023047 0.80625 0.023047 0.842188 0.001172 0.842188
0 0.028125 0.830729 0.056641 0.830729 0.056641 0.855208 0.028125 0.855208
0 0.009766 0.758854 0.047656 0.758854 0.047656 0.790625 0.009766 0.790625
0 0.010547 0.720833 0.038281 0.720833 0.038281 0.752604 0.010547 0.752604
0 0.041406 0.797917 0.067578 0.797917 0.067578 0.831771 0.041406 0.831771
0 0.066797 0.782292 0.09375 0.782292 0.09375 0.814583 0.066797 0.814583
0 0.042969 0.857292 0.068359 0.857292 0.068359 0.886458 0.042969 0.886458
0 0.073047 0.880208 0.107422 0.880208 0.107422 0.904688 0.073047 0.904688
0 0.069141 0.930208 0.092969 0.930208 0.092969 0.959896 0.069141 0.959896
0 0.091406 0.95 0.117188 0.95 0.117188 0.978125 0.091406 0.978125
0 0.123828 0.976042 0.149609 0.976042 0.149609 0.999479 0.123828 0.999479
0 0.140234 0.920833 0.162891 0.920833 0.162891 0.955729 0.140234 0.955729
0 0.0 0.616146 0.023438 0.616146 0.023438 0.640625 0.0 0.640625
0 0.030078 0.616667 0.053516 0.616667 0.053516 0.644271 0.030078 0.644271
0 0.062891 0.616667 0.090234 0.616667 0.090234 0.644271 0.062891 0.644271
0 0.062891 0.659896 0.085156 0.659896 0.085156 0.688542 0.062891 0.688542
0 0.040625 0.684375 0.069141 0.684375 0.069141 0.705729 0.040625 0.705729
0 0.016406 0.656771 0.043359 0.656771 0.043359 0.678646 0.016406 0.678646
0 0.000391 0.682812 0.025 0.682812 0.025 0.710938 0.000391 0.710938
0 0.048828 0.719271 0.076953 0.719271 0.076953 0.74375 0.048828 0.74375
0 0.096875 0.656771 0.116406 0.656771 0.116406 0.686979 0.096875 0.686979
0 0.120703 0.623438 0.138281 0.623438 0.138281 0.652083 0.120703 0.652083
0 0.145312 0.623958 0.164844 0.623958 0.164844 0.65625 0.145312 0.65625
0 0.1375 0.677083 0.163281 0.677083 0.163281 0.707292 0.1375 0.707292
0 0.106641 0.699479 0.130078 0.699479 0.130078 0.726562 0.106641 0.726562
0 0.084375 0.74375 0.108203 0.74375 0.108203 0.771875 0.084375 0.771875
0 0.117969 0.752083 0.137109 0.752083 0.137109 0.785417 0.117969 0.785417
0 0.150391 0.740104 0.172266 0.740104 0.172266 0.777604 0.150391 0.777604
0 0.169531 0.698958 0.191797 0.698958 0.191797 0.73125 0.169531 0.73125
0 0.191797 0.630729 0.212109 0.630729 0.212109 0.666667 0.191797 0.666667
0 0.216406 0.651042 0.239453 0.651042 0.239453 0.683333 0.216406 0.683333
0 0.239062 0.678125 0.259766 0.678125 0.259766 0.710938 0.239062 0.710938
0 0.284766 0.636979 0.310156 0.636979 0.310156 0.666146 0.284766 0.666146
0 0.325391 0.620312 0.353125 0.620312 0.353125 0.639583 0.325391 0.639583
0 0.3375 0.648438 0.360938 0.648438 0.360938 0.672917 0.3375 0.672917
0 0.310547 0.663021 0.328906 0.663021 0.328906 0.691146 0.310547 0.691146
0 0.287109 0.694271 0.307812 0.694271 0.307812 0.721354 0.287109 0.721354
0 0.347266 0.686979 0.369531 0.686979 0.369531 0.713542 0.347266 0.713542
0 0.373828 0.661979 0.392188 0.661979 0.392188 0.692188 0.373828 0.692188
0 0.359375 0.715625 0.38125 0.715625 0.38125 0.743229 0.359375 0.743229
0 0.332031 0.742188 0.358984 0.742188 0.358984 0.765625 0.332031 0.765625
0 0.291016 0.745833 0.313281 0.745833 0.313281 0.769792 0.291016 0.769792
0 0.312891 0.765625 0.332031 0.765625 0.332031 0.8 0.312891 0.8
0 0.335547 0.776562 0.355859 0.776562 0.355859 0.804688 0.335547 0.804688
0 0.274219 0.778125 0.294141 0.778125 0.294141 0.808854 0.274219 0.808854
0 0.202344 0.723958 0.230859 0.723958 0.230859 0.746875 0.202344 0.746875
0 0.217188 0.752083 0.2375 0.752083 0.2375 0.783333 0.217188 0.783333
0 0.185547 0.770312 0.210156 0.770312 0.210156 0.802083 0.185547 0.802083
0 0.228516 0.798438 0.255469 0.798438 0.255469 0.832292 0.228516 0.832292
0 0.319922 0.822917 0.340625 0.822917 0.340625 0.853125 0.319922 0.853125
0 0.292188 0.846875 0.316406 0.846875 0.316406 0.876562 0.292188 0.876562
0 0.302344 0.884896 0.325 0.884896 0.325 0.913021 0.302344 0.913021
0 0.248438 0.876562 0.272656 0.876562 0.272656 0.913021 0.248438 0.913021
0 0.230078 0.840625 0.255859 0.840625 0.255859 0.872396 0.230078 0.872396
0 0.178516 0.848958 0.208203 0.848958 0.208203 0.883333 0.178516 0.883333
0 0.102734 0.810417 0.128516 0.810417 0.128516 0.847396 0.102734 0.847396
0 0.134375 0.834375 0.158594 0.834375 0.158594 0.861458 0.134375 0.861458
0 0.141797 0.867188 0.166016 0.867188 0.166016 0.891146 0.141797 0.891146
0 0.166406 0.927604 0.184766 0.927604 0.184766 0.954167 0.166406 0.954167
0 0.213281 0.923438 0.242188 0.923438 0.242188 0.952604 0.213281 0.952604
0 0.207422 0.959896 0.225 0.959896 0.225 0.992708 0.207422 0.992708
0 0.181641 0.969792 0.204297 0.969792 0.204297 0.998438 0.181641 0.998438
0 0.222266 0.976042 0.244531 0.976042 0.244531 0.999479 0.222266 0.999479
0 0.256641 0.945833 0.278516 0.945833 0.278516 0.980729 0.256641 0.980729
0 0.292188 0.949479 0.312891 0.949479 0.312891 0.980729 0.292188 0.980729
0 0.316406 0.935938 0.333594 0.935938 0.333594 0.964062 0.316406 0.964062
0 0.335938 0.951562 0.350781 0.951562 0.350781 0.978125 0.335938 0.978125
0 0.373047 0.976042 0.395703 0.976042 0.395703 0.997917 0.373047 0.997917
0 0.420703 0.933333 0.44375 0.933333 0.44375 0.964583 0.420703 0.964583
0 0.452734 0.978646 0.473828 0.978646 0.473828 0.999479 0.452734 0.999479
0 0.45 0.911979 0.474219 0.911979 0.474219 0.932292 0.45 0.932292
0 0.482812 0.959375 0.501562 0.959375 0.501562 0.990625 0.482812 0.990625
0 0.389453 0.892708 0.412109 0.892708 0.412109 0.922917 0.389453 0.922917
0 0.380469 0.848958 0.405859 0.848958 0.405859 0.879167 0.380469 0.879167
0 0.421484 0.884896 0.44375 0.884896 0.44375 0.915625 0.421484 0.915625
0 0.413672 0.842188 0.439453 0.842188 0.439453 0.877604 0.413672 0.877604
0 0.445703 0.839062 0.471484 0.839062 0.471484 0.875 0.445703 0.875
0 0.383594 0.797917 0.400781 0.797917 0.400781 0.821354 0.383594 0.821354
0 0.399219 0.769792 0.421484 0.769792 0.421484 0.797917 0.399219 0.797917
0 0.404688 0.807292 0.430469 0.807292 0.430469 0.835417 0.404688 0.835417
0 0.430078 0.759896 0.453125 0.759896 0.453125 0.792708 0.430078 0.792708
0 0.425391 0.719271 0.442578 0.719271 0.442578 0.748438 0.425391 0.748438
0 0.436328 0.697396 0.456641 0.697396 0.456641 0.734375 0.436328 0.734375
0 0.460547 0.696354 0.479297 0.696354 0.479297 0.731771 0.460547 0.731771
0 0.446484 0.658854 0.467578 0.658854 0.467578 0.686458 0.446484 0.686458
0 0.482422 0.639062 0.507031 0.639062 0.507031 0.670312 0.482422 0.670312
0 0.496875 0.60625 0.524219 0.60625 0.524219 0.633333 0.496875 0.633333
0 0.516406 0.651562 0.542578 0.651562 0.542578 0.672396 0.516406 0.672396
0 0.492188 0.675521 0.517578 0.675521 0.517578 0.697396 0.492188 0.697396
0 0.538281 0.685417 0.558594 0.685417 0.558594 0.7125 0.538281 0.7125
0 0.548047 0.733333 0.573828 0.733333 0.573828 0.759896 0.548047 0.759896
0 0.516797 0.738021 0.542578 0.738021 0.542578 0.763542 0.516797 0.763542
0 0.486719 0.753646 0.508594 0.753646 0.508594 0.786458 0.486719 0.786458
0 0.763672 0.971354 0.790625 0.971354 0.790625 0.999479 0.763672 0.999479
0 0.739844 0.916146 0.764844 0.916146 0.764844 0.944792 0.739844 0.944792
0 0.721875 0.877083 0.746875 0.877083 0.746875 0.905729 0.721875 0.905729
0 0.716406 0.833854 0.737109 0.833854 0.737109 0.860938 0.716406 0.860938
0 0.6375 0.794792 0.658984 0.794792 0.658984 0.819792 0.6375 0.819792
0 0.597656 0.693229 0.617969 0.693229 0.617969 0.717188 0.597656 0.717188
0 0.624219 0.708333 0.644922 0.708333 0.644922 0.729688 0.624219 0.729688
0 0.575781 0.705208 0.596875 0.705208 0.596875 0.729688 0.575781 0.729688
0 0.574609 0.754688 0.602734 0.754688 0.602734 0.780729 0.574609 0.780729
0 0.605469 0.760938 0.624219 0.760938 0.624219 0.788021 0.605469 0.788021
0 0.539062 0.766146 0.564844 0.766146 0.564844 0.788021 0.539062 0.788021
0 0.571484 0.791146 0.599219 0.791146 0.599219 0.817188 0.571484 0.817188
0 0.603125 0.805729 0.625 0.805729 0.625 0.834375 0.603125 0.834375
0 0.536328 0.802604 0.566797 0.802604 0.566797 0.830729 0.536328 0.830729
0 0.472656 0.801042 0.495312 0.801042 0.495312 0.833854 0.472656 0.833854
0 0.508984 0.821354 0.528906 0.821354 0.528906 0.858854 0.508984 0.858854
0 0.533984 0.842188 0.553125 0.842188 0.553125 0.868229 0.533984 0.868229
0 0.561719 0.836979 0.582031 0.836979 0.582031 0.866667 0.561719 0.866667
0 0.723828 0.978646 0.746875 0.978646 0.746875 0.999479 0.723828 0.999479
0 0.707812 0.957812 0.732812 0.957812 0.732812 0.977604 0.707812 0.977604
0 0.708984 0.928646 0.727734 0.928646 0.727734 0.95 0.708984 0.95
0 0.691797 0.863021 0.713672 0.863021 0.713672 0.896354 0.691797 0.896354
0 0.657812 0.871354 0.685938 0.871354 0.685938 0.901042 0.657812 0.901042
0 0.672656 0.942188 0.696875 0.942188 0.696875 0.975 0.672656 0.975
0 0.658594 0.919792 0.680859 0.919792 0.680859 0.946875 0.658594 0.946875
0 0.637891 0.903125 0.657812 0.903125 0.657812 0.934375 0.637891 0.934375
0 0.605469 0.9375 0.632422 0.9375 0.632422 0.969792 0.605469 0.969792
0 0.622656 0.971354 0.65625 0.971354 0.65625 0.998958 0.622656 0.998958
0 0.592578 0.863021 0.617188 0.863021 0.617188 0.889583 0.592578 0.889583
0 0.592578 0.9 0.610547 0.9 0.610547 0.927083 0.592578 0.927083
0 0.569531 0.891146 0.591797 0.891146 0.591797 0.921354 0.569531 0.921354
0 0.493359 0.881771 0.517188 0.881771 0.517188 0.909896 0.493359 0.909896
0 0.527344 0.894792 0.550781 0.894792 0.550781 0.919792 0.527344 0.919792
0 0.553516 0.924479 0.578125 0.924479 0.578125 0.955208 0.553516 0.955208
0 0.523828 0.933333 0.543359 0.933333 0.543359 0.964583 0.523828 0.964583