0 0.047266 0.078125 0.065234 0.078125 0.065234 0.096354 0.047266 0.096354
0 0.007812 0.090625 0.028906 0.090625 0.028906 0.111458 0.007812 0.111458
0 0.051562 0.155729 0.071484 0.155729 0.071484 0.183854 0.051562 0.183854
0 0.083594 0.132812 0.102344 0.132812 0.102344 0.160938 0.083594 0.160938
0 0.070703 0.105729 0.086328 0.105729 0.086328 0.126562 0.070703 0.126562
0 0.110547 0.104688 0.133203 0.104688 0.133203 0.126562 0.110547 0.126562
0 0.40625 0.066146 0.424609 0.066146 0.424609 0.093229 0.40625 0.093229
0 0.372266 0.075521 0.392188 0.075521 0.392188 0.1 0.372266 0.1
0 0.358984 0.108333 0.380469 0.108333 0.380469 0.129688 0.358984 0.129688
0 0.332812 0.114062 0.351172 0.114062 0.351172 0.140625 0.332812 0.140625
0 0.299609 0.102083 0.318359 0.102083 0.318359 0.125 0.299609 0.125
0 0.283984 0.145312 0.304688 0.145312 0.304688 0.16875 0.283984 0.16875
0 0.278516 0.179167 0.297266 0.179167 0.297266 0.200521 0.278516 0.200521
0 0.318359 0.163542 0.3375 0.163542 0.3375 0.191146 0.318359 0.191146
0 0.351953 0.152604 0.370703 0.152604 0.370703 0.179167 0.351953 0.179167
0 0.401172 0.166667 0.422266 0.166667 0.422266 0.195312 0.401172 0.195312
0 0.40625 0.121354 0.424609 0.121354 0.424609 0.149479 0.40625 0.149479
0 0.350781 0.210417 0.370703 0.210417 0.370703 0.228125 0.350781 0.228125
0 0.328516 0.217708 0.344141 0.217708 0.344141 0.235417 0.328516 0.235417
0 0.303516 0.202083 0.320703 0.202083 0.320703 0.223438 0.303516 0.223438
0 0.378906 0.211979 0.398438 0.211979 0.398438 0.238542 0.378906 0.238542
0 0.422266 0.204167 0.442578 0.204167 0.442578 0.232292 0.422266 0.232292
0 0.401562 0.250521 0.423438 0.250521 0.423438 0.270833 0.401562 0.270833
0 0.360547 0.25625 0.380469 0.25625 0.380469 0.277604 0.360547 0.277604
0 0.386328 0.269792 0.402344 0.269792 0.402344 0.293229 0.386328 0.293229
0 0.413281 0.288542 0.432812 0.288542 0.432812 0.316667 0.413281 0.316667
0 0.390625 0.3125 0.414453 0.3125 0.414453 0.332292 0.390625 0.332292
0 0.010547 0.171875 0.030078 0.171875 0.030078 0.19375 0.010547 0.19375
0 0.030469 0.211458 0.051562 0.211458 0.051562 0.236458 0.030469 0.236458
0 0.078516 0.208333 0.1 0.208333 0.1 0.233333 0.078516 0.233333
0 0.114453 0.141146 0.13125 0.141146 0.13125 0.168229 0.114453 0.168229
0 0.136719 0.164062 0.154297 0.164062 0.154297 0.192708 0.136719 0.192708
0 0.120703 0.210938 0.140625 0.210938 0.140625 0.239583 0.120703 0.239583
0 0.161719 0.239062 0.183594 0.239062 0.183594 0.268229 0.161719 0.268229
0 0.102344 0.263021 0.120312 0.263021 0.120312 0.286458 0.102344 0.286458
0 0.0375 0.273958 0.053516 0.273958 0.053516 0.295312 0.0375 0.295312
0 0.002734 0.283333 0.023047 0.283333 0.023047 0.309375 0.002734 0.309375
0 0.01875 0.322917 0.035547 0.322917 0.035547 0.345312 0.01875 0.345312
0 0.045312 0.357292 0.060547 0.357292 0.060547 0.379167 0.045312 0.379167
0 0.019141 0.377604 0.038672 0.377604 0.038672 0.404167 0.019141 0.404167
0 0.078906 0.339583 0.097656 0.339583 0.097656 0.368229 0.078906 0.368229
0 0.105469 0.314062 0.123828 0.314062 0.123828 0.342188 0.105469 0.342188
0 0.137891 0.302083 0.15625 0.302083 0.15625 0.331771 0.137891 0.331771
0 0.135547 0.363021 0.153906 0.363021 0.153906 0.385417 0.135547 0.385417
0 0.121875 0.390104 0.140234 0.390104 0.140234 0.413021 0.121875 0.413021
0 0.171094 0.284896 0.188672 0.284896 0.188672 0.310417 0.171094 0.310417
0 0.193359 0.290104 0.213672 0.290104 0.213672 0.320833 0.193359 0.320833
0 0.167188 0.348958 0.183203 0.348958 0.183203 0.370312 0.167188 0.370312
0 0.189844 0.353125 0.210156 0.353125 0.210156 0.384896 0.189844 0.384896
0 0.136328 0.431771 0.151562 0.431771 0.151562 0.460938 0.136328 0.460938
0 0.108984 0.448958 0.130469 0.448958 0.130469 0.476042 0.108984 0.476042
0 0.237891 0.442188 0.258594 0.442188 0.258594 0.464062 0.237891 0.464062
0 0.240234 0.488542 0.258984 0.488542 0.258984 0.514583 0.240234 0.514583
0 0.274219 0.471875 0.294141 0.471875 0.294141 0.490625 0.274219 0.490625
0 0.289453 0.4375 0.311328 0.4375 0.311328 0.460938 0.289453 0.460938
0 0.285156 0.407292 0.30625 0.407292 0.30625 0.433854 0.285156 0.433854
0 0.06875 0.483333 0.090625 0.483333 0.090625 0.505729 0.06875 0.505729
0 0.114453 0.491667 0.135547 0.491667 0.135547 0.5125 0.114453 0.5125
0 0.04375 0.430208 0.066016 0.430208 0.066016 0.459375 0.04375 0.459375
0 0.064844 0.545312 0.078125 0.545312 0.078125 0.570312 0.064844 0.570312
0 0.032031 0.526562 0.049219 0.526562 0.049219 0.558333 0.032031 0.558333
0 0.001172 0.492708 0.019922 0.492708 0.019922 0.520833 0.001172 0.520833
0 0.087109 0.563021 0.101172 0.563021 0.101172 0.591667 0.087109 0.591667
0 0.169531 0.56875 0.191797 0.56875 0.191797 0.592188 0.169531 0.592188
0 0.027344 0.613021 0.048047 0.613021 0.048047 0.634375 0.027344 0.634375
0 0.114844 0.654167 0.142188 0.654167 0.142188 0.679688 0.114844 0.679688
0 0.085938 0.756771 0.102344 0.756771 0.102344 0.776562 0.085938 0.776562
0 0.119531 0.779167 0.133594 0.779167 0.133594 0.804688 0.119531 0.804688
0 0.155078 0.769271 0.171094 0.769271 0.171094 0.795312 0.155078 0.795312
0 0.151953 0.815104 0.169141 0.815104 0.169141 0.833333 0.151953 0.833333
0 0.198047 0.772917 0.217188 0.772917 0.217188 0.800521 0.198047 0.800521
0 0.235156 0.788021 0.248047 0.788021 0.248047 0.814062 0.235156 0.814062
0 0.255469 0.754167 0.275 0.754167 0.275 0.774479 0.255469 0.774479
0 0.225 0.713542 0.242578 0.713542 0.242578 0.739583 0.225 0.739583
0 0.191406 0.690104 0.2125 0.690104 0.2125 0.707812 0.191406 0.707812
0 0.175 0.633854 0.195703 0.633854 0.195703 0.652083 0.175 0.652083
0 0.225391 0.6625 0.242578 0.6625 0.242578 0.691667 0.225391 0.691667
0 0.273438 0.672917 0.288281 0.672917 0.288281 0.690625 0.273438 0.690625
0 0.291016 0.635417 0.3125 0.635417 0.3125 0.655208 0.291016 0.655208
0 0.274219 0.608854 0.292578 0.608854 0.292578 0.625521 0.274219 0.625521
0 0.238672 0.586458 0.257422 0.586458 0.257422 0.604688 0.238672 0.604688
0 0.278906 0.569271 0.296875 0.569271 0.296875 0.586979 0.278906 0.586979
0 0.322656 0.565104 0.335156 0.565104 0.335156 0.588021 0.322656 0.588021
0 0.021094 0.928125 0.039453 0.928125 0.039453 0.958854 0.021094 0.958854
0 0.199609 0.818229 0.217969 0.818229 0.217969 0.845312 0.199609 0.845312
0 0.283203 0.857812 0.300781 0.857812 0.300781 0.888021 0.283203 0.888021
0 0.294531 0.829688 0.313672 0.829688 0.313672 0.853646 0.294531 0.853646
0 0.322656 0.830208 0.339453 0.830208 0.339453 0.85625 0.322656 0.85625
0 0.28125 0.779167 0.304297 0.779167 0.304297 0.800521 0.28125 0.800521
0 0.329297 0.790104 0.349609 0.790104 0.349609 0.813021 0.329297 0.813021
0 0.301562 0.740104 0.322656 0.740104 0.322656 0.766667 0.301562 0.766667
0 0.049609 0.941667 0.065625 0.941667 0.065625 0.964062 0.049609 0.964062
0 0.155859 0.848958 0.16875 0.848958 0.16875 0.86875 0.155859 0.86875
0 0.382812 0.467708 0.404688 0.467708 0.404688 0.490104 0.382812 0.490104
0 0.312891 0.499479 0.337891 0.499479 0.337891 0.520312 0.312891 0.520312
0 0.260938 0.530208 0.280859 0.530208 0.280859 0.552083 0.260938 0.552083
0 0.294531 0.534896 0.313281 0.534896 0.313281 0.563021 0.294531 0.563021
0 0.335156 0.544792 0.352734 0.544792 0.352734 0.570312 0.335156 0.570312
0 0.360938 0.5 0.386328 0.5 0.386328 0.521875 0.360938 0.521875
0 0.344531 0.44375 0.363672 0.44375 0.363672 0.471875 0.344531 0.471875
0 0.324219 0.439062 0.342188 0.439062 0.342188 0.467708 0.324219 0.467708
0 0.404688 0.532812 0.427734 0.532812 0.427734 0.556771 0.404688 0.556771
0 0.376172 0.545833 0.394922 0.545833 0.394922 0.576562 0.376172 0.576562
0 0.353516 0.586458 0.371875 0.586458 0.371875 0.607292 0.353516 0.607292
0 0.392188 0.583854 0.414844 0.583854 0.414844 0.603646 0.392188 0.603646
0 0.41875 0.618229 0.433203 0.618229 0.433203 0.64375 0.41875 0.64375
0 0.251172 0.695312 0.264453 0.695312 0.264453 0.717188 0.251172 0.717188
0 0.270312 0.715104 0.287109 0.715104 0.287109 0.731771 0.270312 0.731771
0 0.307812 0.692708 0.323438 0.692708 0.323438 0.714583 0.307812 0.714583
0 0.333203 0.710938 0.349219 0.710938 0.349219 0.735938 0.333203 0.735938
0 0.354688 0.693229 0.372656 0.693229 0.372656 0.717188 0.354688 0.717188
0 0.383594 0.71875 0.403125 0.71875 0.403125 0.741146 0.383594 0.741146
0 0.403906 0.667188 0.418359 0.667188 0.418359 0.695312 0.403906 0.695312
0 0.346094 0.645833 0.366406 0.645833 0.366406 0.665104 0.346094 0.665104
0 0.433594 0.69375 0.453906 0.69375 0.453906 0.715625 0.433594 0.715625
0 0.475 0.692188 0.495312 0.692188 0.495312 0.708854 0.475 0.708854
0 0.470703 0.728125 0.487109 0.728125 0.487109 0.753646 0.470703 0.753646
0 0.446484 0.7375 0.466797 0.7375 0.466797 0.756771 0.446484 0.756771
0 0.492969 0.751562 0.510156 0.751562 0.510156 0.774479 0.492969 0.774479
0 0.418359 0.778125 0.439453 0.778125 0.439453 0.796354 0.418359 0.796354
0 0.488672 0.902604 0.503516 0.902604 0.503516 0.934896 0.488672 0.934896
0 0.421875 0.95625 0.442578 0.95625 0.442578 0.978646 0.421875 0.978646
0 0.454297 0.946875 0.476562 0.946875 0.476562 0.969792 0.454297 0.969792
0 0.519531 0.908333 0.536328 0.908333 0.536328 0.935938 0.519531 0.935938
0 0.560156 0.799479 0.575781 0.799479 0.575781 0.828646 0.560156 0.828646
0 0.585547 0.803125 0.602344 0.803125 0.602344 0.832292 0.585547 0.832292
0 0.569141 0.889583 0.586719 0.889583 0.586719 0.915104 0.569141 0.915104
0 0.563672 0.95625 0.576953 0.95625 0.576953 0.986458 0.563672 0.986458
0 0.352344 0.960938 0.372656 0.960938 0.372656 0.983333 0.352344 0.983333
0 0.466016 0.902604 0.483203 0.902604 0.483203 0.93125 0.466016 0.93125
0 0.458594 0.627083 0.476953 0.627083 0.476953 0.650521 0.458594 0.650521
0 0.49375 0.641146 0.510156 0.641146 0.510156 0.663542 0.49375 0.663542
0 0.514453 0.674479 0.530859 0.674479 0.530859 0.699479 0.514453 0.699479
0 0.538672 0.773438 0.552734 0.773438 0.552734 0.791667 0.538672 0.791667
0 0.642969 0.916667 0.660938 0.916667 0.660938 0.939583 0.642969 0.939583
0 0.592188 0.905208 0.609375 0.905208 0.609375 0.932292 0.592188 0.932292
0 0.599609 0.873958 0.617188 0.873958 0.617188 0.897917 0.599609 0.897917
0 0.629688 0.875 0.648438 0.875 0.648438 0.906771 0.629688 0.906771
0 0.659766 0.878646 0.676562 0.878646 0.676562 0.909896 0.659766 0.909896
0 0.664062 0.959896 0.680469 0.959896 0.680469 0.989062 0.664062 0.989062
0 0.616797 0.789062 0.633203 0.789062 0.633203 0.814583 0.616797 0.814583
0 0.623047 0.826562 0.647656 0.826562 0.647656 0.847917 0.623047 0.847917
0 0.701953 0.939583 0.723047 0.939583 0.723047 0.965625 0.701953 0.965625
0 0.603516 0.045312 0.61875 0.045312 0.61875 0.075 0.603516 0.075
0 0.578516 0.019792 0.594531 0.019792 0.594531 0.048958 0.578516 0.048958
0 0.547266 0.036458 0.561719 0.036458 0.561719 0.063542 0.547266 0.063542
0 0.560547 0.082292 0.579297 0.082292 0.579297 0.111458 0.560547 0.111458
0 0.521094 0.08125 0.541016 0.08125 0.541016 0.103646 0.521094 0.103646
0 0.532031 0.125521 0.553516 0.125521 0.553516 0.147396 0.532031 0.147396
0 0.510938 0.048438 0.530469 0.048438 0.530469 0.074479 0.510938 0.074479
0 0.483984 0.041667 0.5 0.041667 0.5 0.06875 0.483984 0.06875
0 0.478906 0.092708 0.502344 0.092708 0.502344 0.117708 0.478906 0.117708
0 0.646094 0.136458 0.665234 0.136458 0.665234 0.155729 0.646094 0.155729
0 0.63125 0.076562 0.648438 0.076562 0.648438 0.108854 0.63125 0.108854
0 0.608984 0.103646 0.625 0.103646 0.625 0.127083 0.608984 0.127083
0 0.751172 0.048438 0.771484 0.048438 0.771484 0.067188 0.751172 0.067188
0 0.432812 0.098958 0.451172 0.098958 0.451172 0.117188 0.432812 0.117188
0 0.450391 0.118229 0.467969 0.118229 0.467969 0.140625 0.450391 0.140625
0 0.466797 0.151562 0.484375 0.151562 0.484375 0.171875 0.466797 0.171875
0 0.518359 0.164583 0.539062 0.164583 0.539062 0.188021 0.518359 0.188021
0 0.5 0.163542 0.516406 0.163542 0.516406 0.194271 0.5 0.194271
0 0.475 0.174479 0.494141 0.174479 0.494141 0.198958 0.475 0.198958
0 0.4625 0.217188 0.479688 0.217188 0.479688 0.246354 0.4625 0.246354
0 0.485156 0.246354 0.5 0.246354 0.5 0.271875 0.485156 0.271875
0 0.501562 0.236979 0.521875 0.236979 0.521875 0.267188 0.501562 0.267188
0 0.53125 0.207812 0.553906 0.207812 0.553906 0.233333 0.53125 0.233333
0 0.556641 0.166146 0.572266 0.166146 0.572266 0.197917 0.556641 0.197917
0 0.576953 0.171875 0.596094 0.171875 0.596094 0.200521 0.576953 0.200521
0 0.575781 0.134375 0.594141 0.134375 0.594141 0.155208 0.575781 0.155208
0 0.441016 0.284375 0.461328 0.284375 0.461328 0.309896 0.441016 0.309896
0 0.435938 0.335417 0.455078 0.335417 0.455078 0.357812 0.435938 0.357812
0 0.489062 0.310938 0.515234 0.310938 0.515234 0.338021 0.489062 0.338021
0 0.555078 0.225521 0.572266 0.225521 0.572266 0.246354 0.555078 0.246354
0 0.605469 0.209896 0.627344 0.209896 0.627344 0.226042 0.605469 0.226042
0 0.607031 0.243229 0.630859 0.243229 0.630859 0.2625 0.607031 0.2625
0 0.570312 0.2625 0.587891 0.2625 0.587891 0.281771 0.570312 0.281771
0 0.663281 0.379167 0.685938 0.379167 0.685938 0.399479 0.663281 0.399479
0 0.673828 0.411979 0.691797 0.411979 0.691797 0.435938 0.673828 0.435938
0 0.633984 0.429167 0.650391 0.429167 0.650391 0.458854 0.633984 0.458854
0 0.592578 0.432292 0.612891 0.432292 0.612891 0.452604 0.592578 0.452604
0 0.555859 0.411979 0.573438 0.411979 0.573438 0.429688 0.555859 0.429688
0 0.607031 0.397917 0.624219 0.397917 0.624219 0.415625 0.607031 0.415625
0 0.633984 0.351042 0.652734 0.351042 0.652734 0.371354 0.633984 0.371354
0 0.602344 0.333333 0.619922 0.333333 0.619922 0.359896 0.602344 0.359896
0 0.525391 0.453125 0.546484 0.453125 0.546484 0.477083 0.525391 0.477083
0 0.548828 0.492708 0.571094 0.492708 0.571094 0.514583 0.548828 0.514583
0 0.572656 0.460417 0.598438 0.460417 0.598438 0.483333 0.572656 0.483333
0 0.540625 0.523958 0.558594 0.523958 0.558594 0.545312 0.540625 0.545312
0 0.582812 0.525521 0.603516 0.525521 0.603516 0.545833 0.582812 0.545833
0 0.555859 0.565104 0.574609 0.565104 0.574609 0.589583 0.555859 0.589583
0 0.582031 0.586979 0.601953 0.586979 0.601953 0.608854 0.582031 0.608854
0 0.619531 0.559896 0.637109 0.559896 0.637109 0.580729 0.619531 0.580729
0 0.625781 0.495833 0.643359 0.495833 0.643359 0.515625 0.625781 0.515625
0 0.667969 0.481771 0.684375 0.481771 0.684375 0.503646 0.667969 0.503646
0 0.506641 0.391146 0.527734 0.391146 0.527734 0.417188 0.506641 0.417188
0 0.664062 0.322396 0.684766 0.322396 0.684766 0.348958 0.664062 0.348958
0 0.694531 0.326042 0.713281 0.326042 0.713281 0.348958 0.694531 0.348958
0 0.645312 0.296354 0.664062 0.296354 0.664062 0.319271 0.645312 0.319271
0 0.714062 0.376042 0.732031 0.376042 0.732031 0.394792 0.714062 0.394792
0 0.657031 0.451042 0.679297 0.451042 0.679297 0.474479 0.657031 0.474479
0 0.7 0.463542 0.721094 0.463542 0.721094 0.491667 0.7 0.491667
0 0.728516 0.413542 0.744141 0.413542 0.744141 0.439062 0.728516 0.439062
0 0.740234 0.489062 0.751953 0.489062 0.751953 0.510938 0.740234 0.510938
0 0.714453 0.521354 0.730078 0.521354 0.730078 0.55 0.714453 0.55
0 0.66875 0.520833 0.682812 0.520833 0.682812 0.553646 0.66875 0.553646
0 0.618359 0.96875 0.639062 0.96875 0.639062 0.996875 0.618359 0.996875
0 0.816406 0.773438 0.831641 0.773438 0.831641 0.804167 0.816406 0.804167
0 0.789062 0.771875 0.802734 0.771875 0.802734 0.795312 0.789062 0.795312
0 0.744531 0.769271 0.761328 0.769271 0.761328 0.800521 0.744531 0.800521
0 0.767969 0.803125 0.784766 0.803125 0.784766 0.835417 0.767969 0.835417
0 0.71875 0.9 0.736328 0.9 0.736328 0.932292 0.71875 0.932292
0 0.792578 0.8125 0.808984 0.8125 0.808984 0.834375 0.792578 0.834375
0 0.823047 0.841667 0.837109 0.841667 0.837109 0.875 0.823047 0.875
0 0.839453 0.876042 0.858203 0.876042 0.858203 0.905208 0.839453 0.905208
0 0.873438 0.859375 0.893359 0.859375 0.893359 0.886979 0.873438 0.886979
0 0.653125 0.590104 0.677344 0.590104 0.677344 0.619792 0.653125 0.619792
0 0.710938 0.654167 0.729297 0.654167 0.729297 0.675521 0.710938 0.675521
0 0.681641 0.680729 0.699219 0.680729 0.699219 0.708854 0.681641 0.708854
0 0.711719 0.684896 0.730469 0.684896 0.730469 0.704688 0.711719 0.704688
0 0.743359 0.682812 0.760547 0.682812 0.760547 0.708854 0.743359 0.708854
0 0.717969 0.722917 0.735156 0.722917 0.735156 0.746875 0.717969 0.746875
0 0.767969 0.738021 0.785156 0.738021 0.785156 0.766667 0.767969 0.766667
0 0.710156 0.569792 0.725391 0.569792 0.725391 0.5875 0.710156 0.5875
0 0.717188 0.593229 0.741016 0.593229 0.741016 0.619271 0.717188 0.619271
0 0.748047 0.630729 0.765625 0.630729 0.765625 0.660938 0.748047 0.660938
0 0.775781 0.628125 0.795312 0.628125 0.795312 0.651562 0.775781 0.651562
0 0.744531 0.560938 0.763672 0.560938 0.763672 0.580729 0.744531 0.580729
0 0.777734 0.580208 0.796875 0.580208 0.796875 0.596354 0.777734 0.596354
0 0.746875 0.950521 0.764453 0.950521 0.764453 0.969271 0.746875 0.969271
0 0.860156 0.925 0.879688 0.925 0.879688 0.950521 0.860156 0.950521
0 0.886328 0.948438 0.901562 0.948438 0.901562 0.967188 0.886328 0.967188
0 0.930859 0.920312 0.948047 0.920312 0.948047 0.94375 0.930859 0.94375
0 0.943359 0.96875 0.966406 0.96875 0.966406 0.990104 0.943359 0.990104
0 0.926953 0.869271 0.947266 0.869271 0.947266 0.890625 0.926953 0.890625
0 0.899609 0.797396 0.917578 0.797396 0.917578 0.828646 0.899609 0.828646
0 0.858984 0.796354 0.881641 0.796354 0.881641 0.820312 0.858984 0.820312
0 0.855469 0.760417 0.875 0.760417 0.875 0.784375 0.855469 0.784375
0 0.969922 0.827604 0.9875 0.827604 0.9875 0.859896 0.969922 0.859896
0 0.931641 0.768229 0.951953 0.768229 0.951953 0.794792 0.931641 0.794792
0 0.974219 0.956771 0.990625 0.956771 0.990625 0.984375 0.974219 0.984375
0 0.839844 0.719271 0.856641 0.719271 0.856641 0.747396 0.839844 0.747396
0 0.885156 0.755208 0.905859 0.755208 0.905859 0.777083 0.885156 0.777083
0 0.776172 0.496875 0.791797 0.496875 0.791797 0.522917 0.776172 0.522917
0 0.779688 0.539062 0.802344 0.539062 0.802344 0.563021 0.779688 0.563021
0 0.823438 0.552604 0.846094 0.552604 0.846094 0.574479 0.823438 0.574479
0 0.816016 0.479688 0.829297 0.479688 0.829297 0.506771 0.816016 0.506771
0 0.798438 0.432292 0.814453 0.432292 0.814453 0.463021 0.798438 0.463021
0 0.835547 0.502083 0.851562 0.502083 0.851562 0.527083 0.835547 0.527083
0 0.846094 0.607292 0.867188 0.607292 0.867188 0.629167 0.846094 0.629167
0 0.813281 0.621875 0.828516 0.621875 0.828516 0.653125 0.813281 0.653125
0 0.85 0.672396 0.871484 0.672396 0.871484 0.693229 0.85 0.693229
0 0.892578 0.596875 0.910938 0.596875 0.910938 0.625 0.892578 0.625
0 0.864844 0.576042 0.882031 0.576042 0.882031 0.595312 0.864844 0.595312
0 0.804297 0.697396 0.820312 0.697396 0.820312 0.727604 0.804297 0.727604
0 0.688281 0.603646 0.708984 0.603646 0.708984 0.622917 0.688281 0.622917
0 0.907812 0.671875 0.927344 0.671875 0.927344 0.702604 0.907812 0.702604
0 0.954688 0.35 0.967578 0.35 0.967578 0.374479 0.954688 0.374479
0 0.977344 0.336458 0.999219 0.336458 0.999219 0.363021 0.977344 0.363021
0 0.913672 0.303125 0.930078 0.303125 0.930078 0.321875 0.913672 0.321875
0 0.964453 0.251563 0.9875 0.251563 0.9875 0.275 0.964453 0.275
0 0.970312 0.296354 0.989844 0.296354 0.989844 0.319271 0.970312 0.319271
0 0.827734 0.172917 0.847266 0.172917 0.847266 0.196875 0.827734 0.196875
0 0.854297 0.173958 0.871484 0.173958 0.871484 0.198958 0.854297 0.198958
0 0.876562 0.204688 0.891406 0.204688 0.891406 0.234375 0.876562 0.234375
0 0.80625 0.131771 0.824219 0.131771 0.824219 0.152604 0.80625 0.152604
0 0.837891 0.129688 0.858594 0.129688 0.858594 0.152604 0.837891 0.152604
0 0.822656 0.101042 0.839844 0.101042 0.839844 0.115625 0.822656 0.115625
0 0.895312 0.110938 0.914453 0.110938 0.914453 0.133854 0.895312 0.133854
0 0.9125 0.230208 0.930859 0.230208 0.930859 0.258854 0.9125 0.258854
0 0.832812 0.457812 0.847656 0.457812 0.847656 0.484896 0.832812 0.484896
0 0.978125 0.05 0.993359 0.05 0.993359 0.081771 0.978125 0.081771
0 0.945703 0.028646 0.960938 0.028646 0.960938 0.053125 0.945703 0.053125
0 0.883203 0.007812 0.899219 0.007812 0.899219 0.031771 0.883203 0.031771
0 0.903125 0.044792 0.917188 0.044792 0.917188 0.067188 0.903125 0.067188
0 0.955469 0.106771 0.974219 0.106771 0.974219 0.125521 0.955469 0.125521
0 0.924609 0.173438 0.937891 0.173438 0.937891 0.198438 0.924609 0.198438
0 0.964844 0.143229 0.977734 0.143229 0.977734 0.161979 0.964844 0.161979
0 0.802734 0.059896 0.815234 0.059896 0.815234 0.080208 0.802734 0.080208
0 0.969531 0.190104 0.985938 0.190104 0.985938 0.208854 0.969531 0.208854