0 0.291797 0.04375 0.309375 0.04375 0.309375 0.072917 0.291797 0.072917
0 0.255469 0.028125 0.273047 0.028125 0.273047 0.055208 0.255469 0.055208
0 0.239844 0.063542 0.258594 0.063542 0.258594 0.084375 0.239844 0.084375
0 0.230469 0.083333 0.246094 0.083333 0.246094 0.10625 0.230469 0.10625
0 0.272656 0.090104 0.296875 0.090104 0.296875 0.110417 0.272656 0.110417
0 0.314453 0.096354 0.333594 0.096354 0.333594 0.11875 0.314453 0.11875
0 0.328906 0.066146 0.346094 0.066146 0.346094 0.094792 0.328906 0.094792
0 0.317578 0.017188 0.335547 0.017188 0.335547 0.041146 0.317578 0.041146
0 0.392578 0.069271 0.408984 0.069271 0.408984 0.099479 0.392578 0.099479
0 0.367188 0.103125 0.382422 0.103125 0.382422 0.129688 0.367188 0.129688
0 0.345312 0.159375 0.367188 0.159375 0.367188 0.190104 0.345312 0.190104
0 0.408984 0.132292 0.425781 0.132292 0.425781 0.163542 0.408984 0.163542
0 0.4375 0.106771 0.452344 0.106771 0.452344 0.135938 0.4375 0.135938
0 0.362109 0.017188 0.377344 0.017188 0.377344 0.041146 0.362109 0.041146
0 0.319531 0.199479 0.339062 0.199479 0.339062 0.21875 0.319531 0.21875
0 0.293359 0.210417 0.310156 0.210417 0.310156 0.239062 0.293359 0.239062
0 0.317578 0.171354 0.332422 0.171354 0.332422 0.195833 0.317578 0.195833
0 0.298047 0.1375 0.313672 0.1375 0.313672 0.167188 0.298047 0.167188
0 0.399219 0.185938 0.418359 0.185938 0.418359 0.211458 0.399219 0.211458
0 0.375391 0.222396 0.392578 0.222396 0.392578 0.253646 0.375391 0.253646
0 0.254688 0.159896 0.271094 0.159896 0.271094 0.180729 0.254688 0.180729
0 0.334766 0.226042 0.351172 0.226042 0.351172 0.248958 0.334766 0.248958
0 0.326562 0.266667 0.341797 0.266667 0.341797 0.292188 0.326562 0.292188
0 0.310547 0.278646 0.326562 0.278646 0.326562 0.309375 0.310547 0.309375
0 0.351562 0.256771 0.371875 0.256771 0.371875 0.280208 0.351562 0.280208
0 0.392578 0.279688 0.408203 0.279688 0.408203 0.304688 0.392578 0.304688
0 0.412891 0.29375 0.429297 0.29375 0.429297 0.326562 0.412891 0.326562
0 0.428906 0.188021 0.447656 0.188021 0.447656 0.20625 0.428906 0.20625
0 0.499609 0.209896 0.520312 0.209896 0.520312 0.233854 0.499609 0.233854
0 0.446094 0.225521 0.462891 0.225521 0.462891 0.249479 0.446094 0.249479
0 0.481641 0.26875 0.498828 0.26875 0.498828 0.295833 0.481641 0.295833
0 0.517188 0.279167 0.535547 0.279167 0.535547 0.308854 0.517188 0.308854
0 0.446094 0.3 0.4625 0.3 0.4625 0.334375 0.446094 0.334375
0 0.474219 0.316667 0.490234 0.316667 0.490234 0.335938 0.474219 0.335938
0 0.530859 0.001042 0.545703 0.001042 0.545703 0.028646 0.530859 0.028646
0 0.460156 0.005729 0.474219 0.005729 0.474219 0.035938 0.460156 0.035938
0 0.491797 0.057812 0.508594 0.057812 0.508594 0.0875 0.491797 0.0875
0 0.516797 0.048958 0.531641 0.048958 0.531641 0.073438 0.516797 0.073438
0 0.572656 0.039062 0.591406 0.039062 0.591406 0.072917 0.572656 0.072917
0 0.609375 0.0125 0.625781 0.0125 0.625781 0.036458 0.609375 0.036458
0 0.540234 0.092708 0.558984 0.092708 0.558984 0.120312 0.540234 0.120312
0 0.512891 0.09375 0.529688 0.09375 0.529688 0.122917 0.512891 0.122917
0 0.572266 0.116667 0.589453 0.116667 0.589453 0.142708 0.572266 0.142708
0 0.491406 0.000521 0.503516 0.000521 0.503516 0.030729 0.491406 0.030729
0 0.647266 0.005208 0.666406 0.005208 0.666406 0.028125 0.647266 0.028125
0 0.655469 0.048438 0.668359 0.048438 0.668359 0.073438 0.655469 0.073438
0 0.678125 0.072917 0.69375 0.072917 0.69375 0.101562 0.678125 0.101562
0 0.603906 0.097917 0.619531 0.097917 0.619531 0.120312 0.603906 0.120312
0 0.755078 0.095833 0.773828 0.095833 0.773828 0.121875 0.755078 0.121875
0 0.586719 0.148438 0.602734 0.148438 0.602734 0.176562 0.586719 0.176562
0 0.563281 0.164583 0.578906 0.164583 0.578906 0.194271 0.563281 0.194271
0 0.492578 0.101562 0.508203 0.101562 0.508203 0.129688 0.492578 0.129688
0 0.721875 0.158854 0.736719 0.158854 0.736719 0.191146 0.721875 0.191146
0 0.736328 0.201042 0.751953 0.201042 0.751953 0.229688 0.736328 0.229688
0 0.705078 0.226042 0.720703 0.226042 0.720703 0.258333 0.705078 0.258333
0 0.755078 0.222396 0.769922 0.222396 0.769922 0.248438 0.755078 0.248438
0 0.745703 0.257292 0.762891 0.257292 0.762891 0.285938 0.745703 0.285938
0 0.779297 0.264583 0.796094 0.264583 0.796094 0.288542 0.779297 0.288542
0 0.794922 0.285417 0.813281 0.285417 0.813281 0.313021 0.794922 0.313021
0 0.772266 0.114062 0.789844 0.114062 0.789844 0.135417 0.772266 0.135417
0 0.808203 0.096875 0.828906 0.096875 0.828906 0.116667 0.808203 0.116667
0 0.800391 0.020833 0.816797 0.020833 0.816797 0.04375 0.800391 0.04375
0 0.816797 0.043229 0.834375 0.043229 0.834375 0.070833 0.816797 0.070833
0 0.111328 0.277604 0.126562 0.277604 0.126562 0.3 0.111328 0.3
0 0.143359 0.263021 0.158594 0.263021 0.158594 0.290625 0.143359 0.290625
0 0.164453 0.307812 0.182031 0.307812 0.182031 0.330729 0.164453 0.330729
0 0.16875 0.271875 0.18125 0.271875 0.18125 0.297396 0.16875 0.297396
0 0.195703 0.28125 0.210938 0.28125 0.210938 0.308333 0.195703 0.308333
0 0.110547 0.220833 0.127344 0.220833 0.127344 0.242188 0.110547 0.242188
0 0.140625 0.203646 0.151953 0.203646 0.151953 0.234375 0.140625 0.234375
0 0.158594 0.216146 0.170703 0.216146 0.170703 0.241667 0.158594 0.241667
0 0.096484 0.241667 0.1125 0.241667 0.1125 0.263542 0.096484 0.263542
0 0.088672 0.3 0.102344 0.3 0.102344 0.316667 0.088672 0.316667
0 0.110547 0.340104 0.122656 0.340104 0.122656 0.358854 0.110547 0.358854
0 0.224609 0.332812 0.249219 0.332812 0.249219 0.359375 0.224609 0.359375
0 0.24375 0.300521 0.263281 0.300521 0.263281 0.31875 0.24375 0.31875
0 0.279688 0.371354 0.298828 0.371354 0.298828 0.405208 0.279688 0.405208
0 0.305859 0.385938 0.323047 0.385938 0.323047 0.406771 0.305859 0.406771
0 0.198438 0.405208 0.2125 0.405208 0.2125 0.429688 0.198438 0.429688
0 0.244141 0.383333 0.257812 0.383333 0.257812 0.417188 0.244141 0.417188
0 0.233594 0.452604 0.252734 0.452604 0.252734 0.473438 0.233594 0.473438
0 0.119141 0.407292 0.137109 0.407292 0.137109 0.430208 0.119141 0.430208
0 0.174609 0.426562 0.194531 0.426562 0.194531 0.446875 0.174609 0.446875
0 0.073438 0.368229 0.092578 0.368229 0.092578 0.390104 0.073438 0.390104
0 0.101172 0.376042 0.114844 0.376042 0.114844 0.397396 0.101172 0.397396
0 0.067969 0.399479 0.083594 0.399479 0.083594 0.418229 0.067969 0.418229
0 0.071484 0.440625 0.085156 0.440625 0.085156 0.463021 0.071484 0.463021
0 0.174219 0.45625 0.196094 0.45625 0.196094 0.475521 0.174219 0.475521
0 0.085156 0.468229 0.1 0.468229 0.1 0.496875 0.085156 0.496875
0 0.141406 0.449479 0.157031 0.449479 0.157031 0.468229 0.141406 0.468229
0 0.162891 0.489062 0.185938 0.489062 0.185938 0.511458 0.162891 0.511458
0 0.20625 0.5 0.225781 0.5 0.225781 0.527604 0.20625 0.527604
0 0.260547 0.504167 0.280859 0.504167 0.280859 0.529688 0.260547 0.529688
0 0.264844 0.463021 0.283594 0.463021 0.283594 0.484375 0.264844 0.484375
0 0.265625 0.430729 0.288281 0.430729 0.288281 0.451042 0.265625 0.451042
0 0.0 0.455729 0.013672 0.455729 0.013672 0.477604 0.0 0.477604
0 0.020312 0.426562 0.034766 0.426562 0.034766 0.451042 0.020312 0.451042
0 0.044922 0.458854 0.059375 0.458854 0.059375 0.485938 0.044922 0.485938
0 0.025781 0.379167 0.040625 0.379167 0.040625 0.405729 0.025781 0.405729
0 0.105859 0.5625 0.123828 0.5625 0.123828 0.592188 0.105859 0.592188
0 0.132031 0.554688 0.153125 0.554688 0.153125 0.579688 0.132031 0.579688
0 0.182812 0.529167 0.205469 0.529167 0.205469 0.548438 0.182812 0.548438
0 0.157812 0.53125 0.174219 0.53125 0.174219 0.557292 0.157812 0.557292
0 0.195703 0.558333 0.213672 0.558333 0.213672 0.580208 0.195703 0.580208
0 0.224219 0.533854 0.240234 0.533854 0.240234 0.555729 0.224219 0.555729
0 0.25 0.590625 0.26875 0.590625 0.26875 0.610938 0.25 0.610938
0 0.279297 0.589583 0.298047 0.589583 0.298047 0.613021 0.279297 0.613021
0 0.25 0.548438 0.271094 0.548438 0.271094 0.570833 0.25 0.570833
0 0.044922 0.517188 0.061719 0.517188 0.061719 0.534375 0.044922 0.534375
0 0.057031 0.560417 0.075781 0.560417 0.075781 0.589062 0.057031 0.589062
0 0.079688 0.578125 0.099609 0.578125 0.099609 0.603646 0.079688 0.603646
0 0.0625 0.6125 0.079688 0.6125 0.079688 0.638542 0.0625 0.638542
0 0.138672 0.590625 0.155859 0.590625 0.155859 0.607812 0.138672 0.607812
0 0.182812 0.61875 0.195312 0.61875 0.195312 0.640104 0.182812 0.640104
0 0.129297 0.629167 0.142188 0.629167 0.142188 0.654167 0.129297 0.654167
0 0.082031 0.659896 0.101953 0.659896 0.101953 0.680729 0.082031 0.680729
0 0.213281 0.6125 0.239062 0.6125 0.239062 0.63125 0.213281 0.63125
0 0.243359 0.649479 0.261719 0.649479 0.261719 0.671354 0.243359 0.671354
0 0.173438 0.3625 0.195703 0.3625 0.195703 0.3875 0.173438 0.3875
0 0.128906 0.344792 0.142188 0.344792 0.142188 0.375521 0.128906 0.375521
0 0.314844 0.433333 0.336328 0.433333 0.336328 0.455729 0.314844 0.455729
0 0.302734 0.464062 0.326172 0.464062 0.326172 0.490104 0.302734 0.490104
0 0.300781 0.517708 0.323047 0.517708 0.323047 0.535938 0.300781 0.535938
0 0.351562 0.541146 0.371484 0.541146 0.371484 0.564062 0.351562 0.564062
0 0.340234 0.464062 0.355859 0.464062 0.355859 0.493229 0.340234 0.493229
0 0.214844 0.383333 0.229688 0.383333 0.229688 0.403125 0.214844 0.403125
0 0.011328 0.578646 0.032031 0.578646 0.032031 0.596875 0.011328 0.596875
0 0.028125 0.483333 0.042578 0.483333 0.042578 0.500521 0.028125 0.500521
0 0.033203 0.738542 0.048047 0.738542 0.048047 0.756771 0.033203 0.756771
0 0.044922 0.761979 0.067969 0.761979 0.067969 0.782292 0.044922 0.782292
0 0.118359 0.832292 0.132422 0.832292 0.132422 0.851562 0.118359 0.851562
0 0.216797 0.689583 0.232422 0.689583 0.232422 0.702604 0.216797 0.702604
0 0.282422 0.651042 0.300391 0.651042 0.300391 0.669271 0.282422 0.669271
0 0.311328 0.570312 0.330078 0.570312 0.330078 0.596875 0.311328 0.596875
0 0.032031 0.904167 0.04375 0.904167 0.04375 0.919271 0.032031 0.919271
0 0.032031 0.953646 0.042188 0.953646 0.042188 0.973438 0.032031 0.973438
0 0.130469 0.963021 0.14375 0.963021 0.14375 0.978125 0.130469 0.978125
0 0.216406 0.830208 0.239062 0.830208 0.239062 0.85 0.216406 0.85
0 0.230469 0.858854 0.248438 0.858854 0.248438 0.878125 0.230469 0.878125
0 0.241016 0.892708 0.255469 0.892708 0.255469 0.916146 0.241016 0.916146
0 0.261719 0.925 0.280078 0.925 0.280078 0.944271 0.261719 0.944271
0 0.420703 0.403646 0.441016 0.403646 0.441016 0.424479 0.420703 0.424479
0 0.396094 0.376562 0.409375 0.376562 0.409375 0.401562 0.396094 0.401562
0 0.362109 0.513542 0.379688 0.513542 0.379688 0.529167 0.362109 0.529167
0 0.385547 0.485938 0.403516 0.485938 0.403516 0.504687 0.385547 0.504687
0 0.391797 0.514583 0.4125 0.514583 0.4125 0.533854 0.391797 0.533854
0 0.378906 0.548958 0.394922 0.548958 0.394922 0.568229 0.378906 0.568229
0 0.409375 0.580729 0.426562 0.580729 0.426562 0.608854 0.409375 0.608854
0 0.35625 0.617708 0.38125 0.617708 0.38125 0.64375 0.35625 0.64375
0 0.323828 0.875 0.341797 0.875 0.341797 0.898438 0.323828 0.898438
0 0.322266 0.838542 0.338672 0.838542 0.338672 0.864062 0.322266 0.864062
0 0.354688 0.838021 0.373047 0.838021 0.373047 0.861458 0.354688 0.861458
0 0.358203 0.885938 0.376172 0.885938 0.376172 0.90625 0.358203 0.90625
0 0.394922 0.86875 0.415234 0.86875 0.415234 0.891667 0.394922 0.891667
0 0.3875 0.822396 0.404688 0.822396 0.404688 0.846875 0.3875 0.846875
0 0.292969 0.844792 0.312891 0.844792 0.312891 0.868229 0.292969 0.868229
0 0.293359 0.792188 0.308594 0.792188 0.308594 0.822917 0.293359 0.822917
0 0.271875 0.790625 0.286328 0.790625 0.286328 0.813021 0.271875 0.813021
0 0.384375 0.738021 0.398438 0.738021 0.398438 0.763542 0.384375 0.763542
0 0.40625 0.751042 0.419531 0.751042 0.419531 0.770312 0.40625 0.770312
0 0.440234 0.753646 0.458203 0.753646 0.458203 0.775521 0.440234 0.775521
0 0.423438 0.805208 0.441406 0.805208 0.441406 0.830208 0.423438 0.830208
0 0.384766 0.783854 0.403125 0.783854 0.403125 0.804688 0.384766 0.804688
0 0.453516 0.804688 0.472656 0.804688 0.472656 0.83125 0.453516 0.83125
0 0.266016 0.845312 0.283594 0.845312 0.283594 0.875 0.266016 0.875
0 0.297266 0.888542 0.316797 0.888542 0.316797 0.910417 0.297266 0.910417
0 0.321094 0.929167 0.341406 0.929167 0.341406 0.947396 0.321094 0.947396
0 0.385547 0.934896 0.4125 0.934896 0.4125 0.957292 0.385547 0.957292
0 0.447656 0.889062 0.465625 0.889062 0.465625 0.915104 0.447656 0.915104
0 0.479688 0.875521 0.496094 0.875521 0.496094 0.90625 0.479688 0.90625
0 0.455078 0.85625 0.476562 0.85625 0.476562 0.875 0.455078 0.875
0 0.246875 0.817188 0.264062 0.817188 0.264062 0.841146 0.246875 0.841146
0 0.270703 0.901562 0.286719 0.901562 0.286719 0.921354 0.270703 0.921354
0 0.55625 0.953125 0.577344 0.953125 0.577344 0.977083 0.55625 0.977083
0 0.568359 0.920312 0.589062 0.920312 0.589062 0.940104 0.568359 0.940104
0 0.53125 0.924479 0.550781 0.924479 0.550781 0.944271 0.53125 0.944271
0 0.543359 0.89375 0.566797 0.89375 0.566797 0.913021 0.543359 0.913021
0 0.523828 0.866146 0.540625 0.866146 0.540625 0.892708 0.523828 0.892708
0 0.501172 0.925 0.517969 0.925 0.517969 0.948438 0.501172 0.948438
0 0.521094 0.95625 0.542578 0.95625 0.542578 0.979167 0.521094 0.979167
0 0.498828 0.96875 0.512891 0.96875 0.512891 0.994792 0.498828 0.994792
0 0.508203 0.791146 0.523047 0.791146 0.523047 0.816146 0.508203 0.816146
0 0.460156 0.713542 0.475 0.713542 0.475 0.733854 0.460156 0.733854
0 0.571094 0.593229 0.589844 0.593229 0.589844 0.614062 0.571094 0.614062
0 0.551953 0.620833 0.566406 0.620833 0.566406 0.636458 0.551953 0.636458
0 0.591016 0.661979 0.612109 0.661979 0.612109 0.68125 0.591016 0.68125
0 0.627344 0.666667 0.648438 0.666667 0.648438 0.693229 0.627344 0.693229
0 0.61875 0.624479 0.635156 0.624479 0.635156 0.642708 0.61875 0.642708
0 0.604297 0.591146 0.619531 0.591146 0.619531 0.619271 0.604297 0.619271
0 0.712891 0.884375 0.725391 0.884375 0.725391 0.910938 0.712891 0.910938
0 0.690234 0.907812 0.707812 0.907812 0.707812 0.935417 0.690234 0.935417
0 0.720703 0.91875 0.736328 0.91875 0.736328 0.942188 0.720703 0.942188
0 0.761328 0.935938 0.778516 0.935938 0.778516 0.961458 0.761328 0.961458
0 0.78125 0.888542 0.795703 0.888542 0.795703 0.9125 0.78125 0.9125
0 0.757422 0.856771 0.774219 0.856771 0.774219 0.879167 0.757422 0.879167
0 0.796484 0.838542 0.816406 0.838542 0.816406 0.865104 0.796484 0.865104
0 0.822266 0.809896 0.839453 0.809896 0.839453 0.834375 0.822266 0.834375
0 0.83125 0.864583 0.848047 0.864583 0.848047 0.894792 0.83125 0.894792
0 0.848438 0.848438 0.870312 0.848438 0.870312 0.86875 0.848438 0.86875
0 0.851562 0.889062 0.871484 0.889062 0.871484 0.907292 0.851562 0.907292
0 0.670312 0.84375 0.688672 0.84375 0.688672 0.869271 0.670312 0.869271
0 0.691406 0.855729 0.709375 0.855729 0.709375 0.880729 0.691406 0.880729
0 0.695312 0.808333 0.714844 0.808333 0.714844 0.834375 0.695312 0.834375
0 0.730469 0.800521 0.747266 0.800521 0.747266 0.820312 0.730469 0.820312
0 0.763281 0.792708 0.784375 0.792708 0.784375 0.8125 0.763281 0.8125
0 0.794922 0.765104 0.814062 0.765104 0.814062 0.794271 0.794922 0.794271
0 0.644531 0.879167 0.662891 0.879167 0.662891 0.898438 0.644531 0.898438
0 0.809766 0.95 0.830078 0.95 0.830078 0.974479 0.809766 0.974479
0 0.779297 0.953646 0.796484 0.953646 0.796484 0.980729 0.779297 0.980729
0 0.719531 0.626042 0.736328 0.626042 0.736328 0.654688 0.719531 0.654688
0 0.666797 0.638542 0.684375 0.638542 0.684375 0.663542 0.666797 0.663542
0 0.673828 0.683854 0.697656 0.683854 0.697656 0.708333 0.673828 0.708333
0 0.733203 0.673438 0.750781 0.673438 0.750781 0.695833 0.733203 0.695833
0 0.745703 0.653646 0.765234 0.653646 0.765234 0.670833 0.745703 0.670833
0 0.767578 0.619792 0.785156 0.619792 0.785156 0.645312 0.767578 0.645312
0 0.741797 0.598438 0.757812 0.598438 0.757812 0.622396 0.741797 0.622396
0 0.796094 0.640625 0.809766 0.640625 0.809766 0.666667 0.796094 0.666667
0 0.8375 0.624479 0.854688 0.624479 0.854688 0.647396 0.8375 0.647396
0 0.865234 0.657292 0.882812 0.657292 0.882812 0.682292 0.865234 0.682292
0 0.900391 0.630729 0.917969 0.630729 0.917969 0.658333 0.900391 0.658333
0 0.848828 0.694271 0.867578 0.694271 0.867578 0.713021 0.848828 0.713021
0 0.798438 0.55 0.816406 0.55 0.816406 0.575521 0.798438 0.575521
0 0.768359 0.566146 0.785156 0.566146 0.785156 0.589062 0.768359 0.589062
0 0.715625 0.564062 0.727734 0.564062 0.727734 0.591146 0.715625 0.591146
0 0.820703 0.515104 0.8375 0.515104 0.8375 0.545312 0.820703 0.545312
0 0.834766 0.552083 0.853516 0.552083 0.853516 0.575521 0.834766 0.575521
0 0.874609 0.548958 0.894531 0.548958 0.894531 0.572396 0.874609 0.572396
0 0.848047 0.504167 0.864844 0.504167 0.864844 0.531771 0.848047 0.531771
0 0.968359 0.973958 0.981641 0.973958 0.981641 0.995312 0.968359 0.995312
0 0.941016 0.969271 0.959375 0.969271 0.959375 0.995312 0.941016 0.995312
0 0.966797 0.909896 0.982422 0.909896 0.982422 0.931771 0.966797 0.931771
0 0.925391 0.850521 0.942578 0.850521 0.942578 0.876042 0.925391 0.876042
0 0.967969 0.867188 0.986328 0.867188 0.986328 0.889062 0.967969 0.889062
0 0.956641 0.798438 0.974219 0.798438 0.974219 0.821875 0.956641 0.821875
0 0.982031 0.776562 0.998828 0.776562 0.998828 0.802604 0.982031 0.802604
0 0.944922 0.745312 0.967188 0.745312 0.967188 0.763021 0.944922 0.763021
0 0.947656 0.717708 0.9625 0.717708 0.9625 0.736979 0.947656 0.736979
0 0.964062 0.675521 0.979297 0.675521 0.979297 0.696875 0.964062 0.696875
0 0.922656 0.491667 0.944531 0.491667 0.944531 0.514062 0.922656 0.514062
0 0.958203 0.473958 0.975781 0.473958 0.975781 0.495833 0.958203 0.495833
0 0.980078 0.445833 0.997656 0.445833 0.997656 0.469792 0.980078 0.469792
0 0.939062 0.438021 0.955469 0.438021 0.955469 0.461979 0.939062 0.461979
0 0.977344 0.405208 0.997656 0.405208 0.997656 0.427604 0.977344 0.427604
0 0.912891 0.388021 0.93125 0.388021 0.93125 0.411458 0.912891 0.411458
0 0.886719 0.329688 0.905078 0.329688 0.905078 0.351042 0.886719 0.351042
0 0.857812 0.334375 0.874219 0.334375 0.874219 0.355208 0.857812 0.355208
0 0.866406 0.359896 0.885156 0.359896 0.885156 0.380208 0.866406 0.380208
0 0.937109 0.330729 0.952734 0.330729 0.952734 0.351042 0.937109 0.351042
0 0.822656 0.388542 0.842188 0.388542 0.842188 0.410417 0.822656 0.410417
0 0.880078 0.299479 0.898438 0.299479 0.898438 0.323958 0.880078 0.323958
0 0.905859 0.293229 0.919922 0.293229 0.919922 0.319792 0.905859 0.319792
0 0.926562 0.283854 0.940625 0.283854 0.940625 0.310417 0.926562 0.310417
0 0.954688 0.28125 0.974219 0.28125 0.974219 0.304688 0.954688 0.304688
0 0.825781 0.136458 0.846484 0.136458 0.846484 0.159375 0.825781 0.159375
0 0.833984 0.205729 0.855078 0.205729 0.855078 0.225521 0.833984 0.225521
0 0.825781 0.242708 0.846094 0.242708 0.846094 0.263542 0.825781 0.263542
0 0.817188 0.303125 0.834766 0.303125 0.834766 0.329167 0.817188 0.329167
0 0.846094 0.28125 0.861719 0.28125 0.861719 0.297917 0.846094 0.297917
0 0.867969 0.227083 0.886719 0.227083 0.886719 0.247396 0.867969 0.247396
0 0.908594 0.219271 0.928125 0.219271 0.928125 0.241146 0.908594 0.241146
0 0.941016 0.239583 0.957422 0.239583 0.957422 0.266146 0.941016 0.266146
0 0.916016 0.157292 0.931641 0.157292 0.931641 0.177604 0.916016 0.177604
0 0.857422 0.159375 0.871484 0.159375 0.871484 0.186979 0.857422 0.186979
0 0.880469 0.004688 0.896484 0.004688 0.896484 0.026562 0.880469 0.026562
0 0.850391 0.015625 0.865234 0.015625 0.865234 0.0375 0.850391 0.0375
0 0.857812 0.058854 0.872656 0.058854 0.872656 0.084375 0.857812 0.084375
0 0.888672 0.051042 0.910156 0.051042 0.910156 0.071354 0.888672 0.071354
0 0.885156 0.088021 0.901172 0.088021 0.901172 0.110938 0.885156 0.110938
0 0.904297 0.073958 0.920312 0.073958 0.920312 0.095312 0.904297 0.095312
0 0.922266 0.120312 0.938281 0.120312 0.938281 0.148438 0.922266 0.148438
0 0.957422 0.119792 0.973438 0.119792 0.973438 0.141146 0.957422 0.141146
0 0.946484 0.153646 0.969531 0.153646 0.969531 0.170312 0.946484 0.170312
0 0.785938 0.15625 0.802734 0.15625 0.802734 0.180208 0.785938 0.180208
0 0.548438 0.271354 0.564062 0.271354 0.564062 0.297917 0.548438 0.297917
0 0.614844 0.294792 0.633594 0.294792 0.633594 0.318229 0.614844 0.318229
0 0.620703 0.340625 0.640625 0.340625 0.640625 0.361458 0.620703 0.361458
0 0.589844 0.364062 0.610938 0.364062 0.610938 0.383333 0.589844 0.383333
0 0.593359 0.396875 0.607422 0.396875 0.607422 0.427604 0.593359 0.427604
0 0.554297 0.410417 0.575 0.410417 0.575 0.432292 0.554297 0.432292
0 0.709766 0.280729 0.726953 0.280729 0.726953 0.310417 0.709766 0.310417
0 0.689062 0.321875 0.705859 0.321875 0.705859 0.342708 0.689062 0.342708
0 0.698828 0.348958 0.71875 0.348958 0.71875 0.369271 0.698828 0.369271
0 0.735547 0.376562 0.753125 0.376562 0.753125 0.396354 0.735547 0.396354
0 0.744531 0.294792 0.760547 0.294792 0.760547 0.322396 0.744531 0.322396
0 0.726953 0.408333 0.741016 0.408333 0.741016 0.428646 0.726953 0.428646
0 0.651172 0.363021 0.676172 0.363021 0.676172 0.385417 0.651172 0.385417
0 0.669531 0.415104 0.689844 0.415104 0.689844 0.436458 0.669531 0.436458
0 0.6875 0.447396 0.707422 0.447396 0.707422 0.469271 0.6875 0.469271
0 0.693359 0.484375 0.713672 0.484375 0.713672 0.502083 0.693359 0.502083
0 0.648828 0.469792 0.66875 0.469792 0.66875 0.489062 0.648828 0.489062
0 0.622656 0.417708 0.641016 0.417708 0.641016 0.439583 0.622656 0.439583
0 0.619141 0.476042 0.639844 0.476042 0.639844 0.499479 0.619141 0.499479
0 0.576172 0.454688 0.59375 0.454688 0.59375 0.475 0.576172 0.475
0 0.4125 0.336979 0.430469 0.336979 0.430469 0.358333 0.4125 0.358333
0 0.441016 0.356771 0.457812 0.356771 0.457812 0.384896 0.441016 0.384896
0 0.464062 0.371354 0.479297 0.371354 0.479297 0.400521 0.464062 0.400521
0 0.522656 0.45 0.540234 0.45 0.540234 0.471354 0.522656 0.471354
0 0.545703 0.488542 0.561328 0.488542 0.561328 0.502083 0.545703 0.502083
0 0.597266 0.505208 0.611719 0.505208 0.611719 0.521875 0.597266 0.521875
0 0.567969 0.528125 0.583594 0.528125 0.583594 0.543229 0.567969 0.543229
0 0.603906 0.534896 0.620312 0.534896 0.620312 0.555729 0.603906 0.555729
0 0.648047 0.529167 0.664062 0.529167 0.664062 0.552083 0.648047 0.552083
0 0.663672 0.501562 0.680859 0.501562 0.680859 0.521875 0.663672 0.521875
0 0.656641 0.560417 0.674219 0.560417 0.674219 0.578646 0.656641 0.578646
0 0.637109 0.574479 0.652734 0.574479 0.652734 0.601562 0.637109 0.601562
0 0.247656 0.960417 0.258984 0.960417 0.258984 0.979167 0.247656 0.979167
0 0.268359 0.976562 0.28125 0.976562 0.28125 0.994792 0.268359 0.994792
0 0.29375 0.948438 0.308203 0.948438 0.308203 0.965104 0.29375 0.965104
0 0.297266 0.978646 0.319531 0.978646 0.319531 0.998438 0.297266 0.998438