0 0.223438 0.167188 0.249219 0.167188 0.249219 0.188542 0.223438 0.188542
0 0.191406 0.186458 0.210156 0.186458 0.210156 0.204688 0.191406 0.204688
0 0.196875 0.219271 0.217188 0.219271 0.217188 0.234375 0.196875 0.234375
0 0.171484 0.232812 0.192188 0.232812 0.192188 0.252604 0.171484 0.252604
0 0.152344 0.205729 0.167578 0.205729 0.167578 0.23125 0.152344 0.23125
0 0.132812 0.176562 0.146875 0.176562 0.146875 0.193229 0.132812 0.193229
0 0.121094 0.202604 0.137109 0.202604 0.137109 0.231771 0.121094 0.231771
0 0.146094 0.259375 0.160938 0.259375 0.160938 0.2875 0.146094 0.2875
0 0.214062 0.244792 0.233203 0.244792 0.233203 0.271354 0.214062 0.271354
0 0.192188 0.290104 0.209375 0.290104 0.209375 0.323438 0.192188 0.323438
0 0.1625 0.309896 0.178516 0.309896 0.178516 0.328646 0.1625 0.328646
0 0.112109 0.260417 0.130078 0.260417 0.130078 0.278646 0.112109 0.278646
0 0.266797 0.35625 0.291016 0.35625 0.291016 0.379167 0.266797 0.379167
0 0.234766 0.303646 0.254297 0.303646 0.254297 0.33125 0.234766 0.33125
0 0.275781 0.291146 0.29375 0.291146 0.29375 0.326042 0.275781 0.326042
0 0.253125 0.255208 0.270312 0.255208 0.270312 0.284896 0.253125 0.284896
0 0.299609 0.260417 0.320312 0.260417 0.320312 0.284896 0.299609 0.284896
0 0.31875 0.313021 0.332812 0.313021 0.332812 0.333333 0.31875 0.333333
0 0.332812 0.347396 0.359375 0.347396 0.359375 0.370833 0.332812 0.370833
0 0.359375 0.295833 0.376172 0.295833 0.376172 0.320833 0.359375 0.320833
0 0.361328 0.268229 0.382422 0.268229 0.382422 0.292708 0.361328 0.292708
0 0.383203 0.297396 0.401172 0.297396 0.401172 0.329688 0.383203 0.329688
0 0.418359 0.264062 0.438672 0.264062 0.438672 0.280729 0.418359 0.280729
0 0.0 0.020833 0.01875 0.020833 0.01875 0.040625 0.0 0.040625
0 0.055859 0.011458 0.073828 0.011458 0.073828 0.035417 0.055859 0.035417
0 0.069531 0.051562 0.085156 0.051562 0.085156 0.076562 0.069531 0.076562
0 0.085938 0.028646 0.105078 0.028646 0.105078 0.054688 0.085938 0.054688
0 0.030859 0.078125 0.046875 0.078125 0.046875 0.099479 0.030859 0.099479
0 0.026172 0.114062 0.044141 0.114062 0.044141 0.133333 0.026172 0.133333
0 0.007031 0.140104 0.022266 0.140104 0.022266 0.170833 0.007031 0.170833
0 0.237891 0.018229 0.257031 0.018229 0.257031 0.047396 0.237891 0.047396
0 0.2875 0.027604 0.303516 0.027604 0.303516 0.060938 0.2875 0.060938
0 0.255078 0.055208 0.275391 0.055208 0.275391 0.077083 0.255078 0.077083
0 0.228906 0.105729 0.244141 0.105729 0.244141 0.130208 0.228906 0.130208
0 0.265625 0.091667 0.285547 0.091667 0.285547 0.123958 0.265625 0.123958
0 0.267188 0.132812 0.285156 0.132812 0.285156 0.167188 0.267188 0.167188
0 0.316016 0.0 0.3375 0.0 0.3375 0.036979 0.316016 0.036979
0 0.325781 0.089583 0.348438 0.089583 0.348438 0.114583 0.325781 0.114583
0 0.305859 0.146354 0.322656 0.146354 0.322656 0.170833 0.305859 0.170833
0 0.345703 0.146354 0.364062 0.146354 0.364062 0.177604 0.345703 0.177604
0 0.370312 0.111979 0.394141 0.111979 0.394141 0.133333 0.370312 0.133333
0 0.379297 0.156771 0.4 0.156771 0.4 0.175521 0.379297 0.175521
0 0.409766 0.169792 0.426172 0.169792 0.426172 0.195833 0.409766 0.195833
0 0.43125 0.142188 0.449219 0.142188 0.449219 0.166146 0.43125 0.166146
0 0.410547 0.095312 0.427344 0.095312 0.427344 0.122917 0.410547 0.122917
0 0.387891 0.072917 0.405469 0.072917 0.405469 0.097917 0.387891 0.097917
0 0.405469 0.040104 0.425 0.040104 0.425 0.059896 0.405469 0.059896
0 0.356641 0.055729 0.374219 0.055729 0.374219 0.088542 0.356641 0.088542
0 0.439062 0.032292 0.457031 0.032292 0.457031 0.061979 0.439062 0.061979
0 0.45625 0.046875 0.474219 0.046875 0.474219 0.071354 0.45625 0.071354
0 0.456641 0.08125 0.476953 0.08125 0.476953 0.110417 0.456641 0.110417
0 0.490625 0.078646 0.512109 0.078646 0.512109 0.10625 0.490625 0.10625
0 0.478906 0.116146 0.500391 0.116146 0.500391 0.140104 0.478906 0.140104
0 0.495312 0.142188 0.514062 0.142188 0.514062 0.165104 0.495312 0.165104
0 0.535547 0.151042 0.559766 0.151042 0.559766 0.175 0.535547 0.175
0 0.563281 0.138021 0.582422 0.138021 0.582422 0.166667 0.563281 0.166667
0 0.578516 0.174479 0.596094 0.174479 0.596094 0.205208 0.578516 0.205208
0 0.280469 0.202083 0.299609 0.202083 0.299609 0.223958 0.280469 0.223958
0 0.313672 0.202083 0.335938 0.202083 0.335938 0.223958 0.313672 0.223958
0 0.320703 0.177083 0.339844 0.177083 0.339844 0.197396 0.320703 0.197396
0 0.349609 0.194271 0.363281 0.194271 0.363281 0.218229 0.349609 0.218229
0 0.369531 0.222396 0.387109 0.222396 0.387109 0.248958 0.369531 0.248958
0 0.375391 0.194271 0.402734 0.194271 0.402734 0.217708 0.375391 0.217708
0 0.395312 0.229167 0.411719 0.229167 0.411719 0.256771 0.395312 0.256771
0 0.469922 0.223958 0.485938 0.223958 0.485938 0.250521 0.469922 0.250521
0 0.50625 0.215104 0.525781 0.215104 0.525781 0.240104 0.50625 0.240104
0 0.487891 0.247396 0.505859 0.247396 0.505859 0.270312 0.487891 0.270312
0 0.504687 0.297917 0.525391 0.297917 0.525391 0.317188 0.504687 0.317188
0 0.533594 0.254167 0.553516 0.254167 0.553516 0.28125 0.533594 0.28125
0 0.543359 0.20625 0.560547 0.20625 0.560547 0.231771 0.543359 0.231771
0 0.56875 0.215104 0.583984 0.215104 0.583984 0.241667 0.56875 0.241667
0 0.603516 0.205208 0.625 0.205208 0.625 0.231771 0.603516 0.231771
0 0.580469 0.248438 0.599219 0.248438 0.599219 0.272396 0.580469 0.272396
0 0.548828 0.297396 0.564453 0.297396 0.564453 0.323958 0.548828 0.323958
0 0.582422 0.290625 0.599219 0.290625 0.599219 0.31875 0.582422 0.31875
0 0.532422 0.328646 0.551172 0.328646 0.551172 0.353646 0.532422 0.353646
0 0.507812 0.340104 0.524609 0.340104 0.524609 0.364583 0.507812 0.364583
0 0.442188 0.204688 0.456641 0.204688 0.456641 0.222917 0.442188 0.222917
0 0.514062 0.049479 0.532812 0.049479 0.532812 0.082292 0.514062 0.082292
0 0.482031 0.024479 0.502734 0.024479 0.502734 0.047396 0.482031 0.047396
0 0.54375 0.084896 0.561328 0.084896 0.561328 0.10625 0.54375 0.10625
0 0.56875 0.088542 0.588281 0.088542 0.588281 0.111458 0.56875 0.111458
0 0.590625 0.114062 0.606641 0.114062 0.606641 0.139583 0.590625 0.139583
0 0.610938 0.146354 0.628516 0.146354 0.628516 0.167708 0.610938 0.167708
0 0.610156 0.059375 0.630859 0.059375 0.630859 0.082292 0.610156 0.082292
0 0.562109 0.045312 0.584375 0.045312 0.584375 0.064583 0.562109 0.064583
0 0.648828 0.115104 0.671484 0.115104 0.671484 0.139062 0.648828 0.139062
0 0.698828 0.130208 0.717578 0.130208 0.717578 0.157292 0.698828 0.157292
0 0.68125 0.173438 0.699609 0.173438 0.699609 0.200521 0.68125 0.200521
0 0.642578 0.193229 0.664062 0.193229 0.664062 0.220833 0.642578 0.220833
0 0.664453 0.25 0.682422 0.25 0.682422 0.280729 0.664453 0.280729
0 0.697656 0.23125 0.715234 0.23125 0.715234 0.261458 0.697656 0.261458
0 0.723438 0.174479 0.741406 0.174479 0.741406 0.205729 0.723438 0.205729
0 0.730078 0.133333 0.749609 0.133333 0.749609 0.159896 0.730078 0.159896
0 0.737891 0.261979 0.755859 0.261979 0.755859 0.292188 0.737891 0.292188
0 0.631641 0.277604 0.651953 0.277604 0.651953 0.302083 0.631641 0.302083
0 0.696484 0.286979 0.709766 0.286979 0.709766 0.314062 0.696484 0.314062
0 0.777344 0.196875 0.791797 0.196875 0.791797 0.228646 0.777344 0.228646
0 0.803125 0.175 0.820703 0.175 0.820703 0.206771 0.803125 0.206771
0 0.783203 0.148958 0.805469 0.148958 0.805469 0.169792 0.783203 0.169792
0 0.763281 0.166667 0.778125 0.166667 0.778125 0.188542 0.763281 0.188542
0 0.825 0.202604 0.839844 0.202604 0.839844 0.223438 0.825 0.223438
0 0.769531 0.255208 0.784766 0.255208 0.784766 0.279167 0.769531 0.279167
0 0.766406 0.301562 0.786328 0.301562 0.786328 0.326562 0.766406 0.326562
0 0.787109 0.340104 0.805469 0.340104 0.805469 0.361458 0.787109 0.361458
0 0.706641 0.338542 0.727734 0.338542 0.727734 0.356771 0.706641 0.356771
0 0.680859 0.364583 0.699219 0.364583 0.699219 0.386979 0.680859 0.386979
0 0.704297 0.420312 0.721875 0.420312 0.721875 0.454167 0.704297 0.454167
0 0.690234 0.471875 0.710938 0.471875 0.710938 0.490625 0.690234 0.490625
0 0.760156 0.484896 0.785938 0.484896 0.785938 0.505208 0.760156 0.505208
0 0.755078 0.421875 0.774219 0.421875 0.774219 0.441667 0.755078 0.441667
0 0.785156 0.39375 0.799219 0.39375 0.799219 0.420833 0.785156 0.420833
0 0.7625 0.36875 0.774609 0.36875 0.774609 0.395833 0.7625 0.395833
0 0.729297 0.379688 0.750391 0.379688 0.750391 0.398438 0.729297 0.398438
0 0.643359 0.36875 0.657812 0.36875 0.657812 0.394271 0.643359 0.394271
0 0.605859 0.409896 0.631641 0.409896 0.631641 0.429688 0.605859 0.429688
0 0.665234 0.414062 0.682422 0.414062 0.682422 0.434375 0.665234 0.434375
0 0.643359 0.458333 0.662891 0.458333 0.662891 0.482292 0.643359 0.482292
0 0.609766 0.459375 0.629688 0.459375 0.629688 0.482292 0.609766 0.482292
0 0.628516 0.493229 0.646875 0.493229 0.646875 0.517708 0.628516 0.517708
0 0.5875 0.501562 0.601562 0.501562 0.601562 0.526562 0.5875 0.526562
0 0.611719 0.528646 0.629297 0.528646 0.629297 0.545833 0.611719 0.545833
0 0.642188 0.54375 0.660938 0.54375 0.660938 0.564062 0.642188 0.564062
0 0.690625 0.525 0.710938 0.525 0.710938 0.552604 0.690625 0.552604
0 0.665625 0.318229 0.684375 0.318229 0.684375 0.3375 0.665625 0.3375
0 0.634766 0.344792 0.646484 0.344792 0.646484 0.3625 0.634766 0.3625
0 0.801172 0.277604 0.819922 0.277604 0.819922 0.304167 0.801172 0.304167
0 0.962891 0.551042 0.985156 0.551042 0.985156 0.571354 0.962891 0.571354
0 0.976172 0.511458 0.997266 0.511458 0.997266 0.532292 0.976172 0.532292
0 0.973828 0.472917 0.994141 0.472917 0.994141 0.492708 0.973828 0.492708
0 0.940234 0.446354 0.955078 0.446354 0.955078 0.464583 0.940234 0.464583
0 0.950391 0.499479 0.960156 0.499479 0.960156 0.519271 0.950391 0.519271
0 0.932812 0.569271 0.947656 0.569271 0.947656 0.590625 0.932812 0.590625
0 0.914844 0.603646 0.934375 0.603646 0.934375 0.625 0.914844 0.625
0 0.937109 0.628646 0.955859 0.628646 0.955859 0.655729 0.937109 0.655729
0 0.9625 0.627604 0.979297 0.627604 0.979297 0.644792 0.9625 0.644792
0 0.950781 0.360417 0.96875 0.360417 0.96875 0.377604 0.950781 0.377604
0 0.959375 0.328125 0.973438 0.328125 0.973438 0.346354 0.959375 0.346354
0 0.963672 0.889583 0.983594 0.889583 0.983594 0.923438 0.963672 0.923438
0 0.927344 0.828125 0.941406 0.828125 0.941406 0.847396 0.927344 0.847396
0 0.923438 0.875 0.938672 0.875 0.938672 0.908333 0.923438 0.908333
0 0.886328 0.904167 0.909375 0.904167 0.909375 0.928125 0.886328 0.928125
0 0.880078 0.951562 0.898828 0.951562 0.898828 0.983333 0.880078 0.983333
0 0.914453 0.973958 0.935547 0.973958 0.935547 0.995312 0.914453 0.995312
0 0.968359 0.594792 0.992578 0.594792 0.992578 0.616146 0.968359 0.616146
0 0.847266 0.766667 0.860938 0.766667 0.860938 0.794271 0.847266 0.794271
0 0.809375 0.804688 0.826172 0.804688 0.826172 0.830729 0.809375 0.830729
0 0.841406 0.842708 0.858594 0.842708 0.858594 0.871354 0.841406 0.871354
0 0.866406 0.857292 0.883203 0.857292 0.883203 0.883333 0.866406 0.883333
0 0.895703 0.83125 0.909375 0.83125 0.909375 0.857812 0.895703 0.857812
0 0.957422 0.841667 0.972656 0.841667 0.972656 0.859375 0.957422 0.859375
0 0.842969 0.905729 0.865234 0.905729 0.865234 0.927604 0.842969 0.927604
0 0.791406 0.847396 0.8125 0.847396 0.8125 0.867188 0.791406 0.867188
0 0.787891 0.801562 0.803125 0.801562 0.803125 0.824479 0.787891 0.824479
0 0.828906 0.945312 0.845703 0.945312 0.845703 0.965625 0.828906 0.965625
0 0.817969 0.884375 0.837891 0.884375 0.837891 0.904688 0.817969 0.904688
0 0.8 0.953646 0.815625 0.953646 0.815625 0.974479 0.8 0.974479
0 0.850391 0.981771 0.871094 0.981771 0.871094 0.999479 0.850391 0.999479
0 0.737109 0.963021 0.751562 0.963021 0.751562 0.992708 0.737109 0.992708
0 0.933203 0.919792 0.957031 0.919792 0.957031 0.940625 0.933203 0.940625
0 0.869531 0.806771 0.886328 0.806771 0.886328 0.831771 0.869531 0.831771
0 0.340625 0.432812 0.358984 0.432812 0.358984 0.458333 0.340625 0.458333
0 0.547656 0.455208 0.567969 0.455208 0.567969 0.477083 0.547656 0.477083
0 0.496875 0.435938 0.514062 0.435938 0.514062 0.452604 0.496875 0.452604
0 0.335547 0.567188 0.348438 0.567188 0.348438 0.594792 0.335547 0.594792
0 0.358984 0.561458 0.376953 0.561458 0.376953 0.580208 0.358984 0.580208
0 0.292188 0.421875 0.312891 0.421875 0.312891 0.444792 0.292188 0.444792
0 0.296484 0.379167 0.311719 0.379167 0.311719 0.398438 0.296484 0.398438
0 0.270703 0.392708 0.285938 0.392708 0.285938 0.411458 0.270703 0.411458
0 0.261328 0.430208 0.28125 0.430208 0.28125 0.458333 0.261328 0.458333
0 0.229297 0.450521 0.247266 0.450521 0.247266 0.467708 0.229297 0.467708
0 0.210938 0.384896 0.225781 0.384896 0.225781 0.408854 0.210938 0.408854
0 0.175391 0.36875 0.189062 0.36875 0.189062 0.391667 0.175391 0.391667
0 0.235156 0.384896 0.253906 0.384896 0.253906 0.405729 0.235156 0.405729
0 0.222266 0.414583 0.244141 0.414583 0.244141 0.433333 0.222266 0.433333
0 0.252344 0.471354 0.273047 0.471354 0.273047 0.495833 0.252344 0.495833
0 0.424219 0.523958 0.443359 0.523958 0.443359 0.544271 0.424219 0.544271
0 0.392969 0.545833 0.412109 0.545833 0.412109 0.566146 0.392969 0.566146
0 0.382031 0.604167 0.396484 0.604167 0.396484 0.636979 0.382031 0.636979
0 0.437109 0.475521 0.456641 0.475521 0.456641 0.497396 0.437109 0.497396
0 0.456641 0.517188 0.475391 0.517188 0.475391 0.535417 0.456641 0.535417
0 0.485547 0.466146 0.503516 0.466146 0.503516 0.485938 0.485547 0.485938
0 0.491406 0.494271 0.510156 0.494271 0.510156 0.5125 0.491406 0.5125
0 0.006641 0.417188 0.023047 0.417188 0.023047 0.442708 0.006641 0.442708
0 0.039062 0.396875 0.060547 0.396875 0.060547 0.420312 0.039062 0.420312
0 0.041406 0.440625 0.057812 0.440625 0.057812 0.457292 0.041406 0.457292
0 0.017578 0.459375 0.035547 0.459375 0.035547 0.482292 0.017578 0.482292
0 0.032031 0.504687 0.050391 0.504687 0.050391 0.527083 0.032031 0.527083
0 0.084766 0.430208 0.098438 0.430208 0.098438 0.453125 0.084766 0.453125
0 0.109766 0.445312 0.130469 0.445312 0.130469 0.466146 0.109766 0.466146
0 0.141797 0.453646 0.1625 0.453646 0.1625 0.472917 0.141797 0.472917
0 0.126953 0.475 0.141016 0.475 0.141016 0.491667 0.126953 0.491667
0 0.103125 0.5 0.123438 0.5 0.123438 0.521354 0.103125 0.521354
0 0.042969 0.575521 0.059766 0.575521 0.059766 0.592708 0.042969 0.592708
0 0.071484 0.591667 0.090234 0.591667 0.090234 0.620833 0.071484 0.620833
0 0.131641 0.530729 0.151562 0.530729 0.151562 0.552604 0.131641 0.552604
0 0.150781 0.508854 0.166016 0.508854 0.166016 0.533854 0.150781 0.533854
0 0.0 0.582292 0.016016 0.582292 0.016016 0.610938 0.0 0.610938
0 0.008594 0.633333 0.026172 0.633333 0.026172 0.667708 0.008594 0.667708
0 0.078906 0.6375 0.097266 0.6375 0.097266 0.660417 0.078906 0.660417
0 0.104297 0.623958 0.120703 0.623958 0.120703 0.648958 0.104297 0.648958
0 0.116797 0.558854 0.134375 0.558854 0.134375 0.591667 0.116797 0.591667
0 0.140625 0.576042 0.153516 0.576042 0.153516 0.595312 0.140625 0.595312
0 0.124219 0.660417 0.141406 0.660417 0.141406 0.684896 0.124219 0.684896
0 0.073047 0.666667 0.089844 0.666667 0.089844 0.685417 0.073047 0.685417
0 0.098828 0.688021 0.116406 0.688021 0.116406 0.7125 0.098828 0.7125
0 0.194141 0.526562 0.211328 0.526562 0.211328 0.549479 0.194141 0.549479
0 0.173828 0.528646 0.189844 0.528646 0.189844 0.547917 0.173828 0.547917
0 0.175391 0.565104 0.202344 0.565104 0.202344 0.588542 0.175391 0.588542
0 0.199609 0.667188 0.220703 0.667188 0.220703 0.691667 0.199609 0.691667
0 0.228125 0.619792 0.244531 0.619792 0.244531 0.641146 0.228125 0.641146
0 0.1625 0.65625 0.178125 0.65625 0.178125 0.690104 0.1625 0.690104
0 0.14375 0.7125 0.159375 0.7125 0.159375 0.734375 0.14375 0.734375
0 0.173828 0.719271 0.191406 0.719271 0.191406 0.748438 0.173828 0.748438
0 0.213672 0.709375 0.233594 0.709375 0.233594 0.736979 0.213672 0.736979
0 0.210156 0.740625 0.227344 0.740625 0.227344 0.756771 0.210156 0.756771
0 0.228906 0.7625 0.25 0.7625 0.25 0.783333 0.228906 0.783333
0 0.261328 0.726562 0.279688 0.726562 0.279688 0.746354 0.261328 0.746354
0 0.410547 0.619271 0.425 0.619271 0.425 0.644271 0.410547 0.644271
0 0.358594 0.641667 0.376953 0.641667 0.376953 0.665625 0.358594 0.665625
0 0.423828 0.684375 0.441406 0.684375 0.441406 0.704688 0.423828 0.704688
0 0.395703 0.741667 0.414453 0.741667 0.414453 0.777083 0.395703 0.777083
0 0.426172 0.438021 0.444141 0.438021 0.444141 0.458854 0.426172 0.458854
0 0.333984 0.513021 0.347266 0.513021 0.347266 0.539062 0.333984 0.539062
0 0.35625 0.515104 0.370312 0.515104 0.370312 0.532292 0.35625 0.532292
0 0.444141 0.554688 0.460938 0.554688 0.460938 0.575521 0.444141 0.575521
0 0.457812 0.600521 0.478906 0.600521 0.478906 0.622917 0.457812 0.622917
0 0.284766 0.740104 0.303516 0.740104 0.303516 0.757812 0.284766 0.757812
0 0.297656 0.773438 0.313281 0.773438 0.313281 0.796354 0.297656 0.796354
0 0.315234 0.792188 0.331641 0.792188 0.331641 0.808854 0.315234 0.808854
0 0.260938 0.78125 0.277344 0.78125 0.277344 0.808333 0.260938 0.808333
0 0.278906 0.816146 0.296484 0.816146 0.296484 0.845312 0.278906 0.845312
0 0.203906 0.829688 0.225391 0.829688 0.225391 0.864062 0.203906 0.864062
0 0.178125 0.770833 0.198438 0.770833 0.198438 0.790625 0.178125 0.790625
0 0.130859 0.767708 0.153906 0.767708 0.153906 0.791146 0.130859 0.791146
0 0.1 0.733333 0.119922 0.733333 0.119922 0.754688 0.1 0.754688
0 0.080859 0.75625 0.101953 0.75625 0.101953 0.778125 0.080859 0.778125
0 0.091797 0.794792 0.112109 0.794792 0.112109 0.821354 0.091797 0.821354
0 0.120703 0.8125 0.139062 0.8125 0.139062 0.834375 0.120703 0.834375
0 0.098828 0.839062 0.118359 0.839062 0.118359 0.871354 0.098828 0.871354
0 0.133594 0.836979 0.151562 0.836979 0.151562 0.863542 0.133594 0.863542
0 0.170703 0.819792 0.185938 0.819792 0.185938 0.849479 0.170703 0.849479
0 0.18125 0.863542 0.196875 0.863542 0.196875 0.892188 0.18125 0.892188
0 0.235156 0.845312 0.251953 0.845312 0.251953 0.876042 0.235156 0.876042
0 0.057812 0.7375 0.075 0.7375 0.075 0.759896 0.057812 0.759896
0 0.072266 0.701042 0.088281 0.701042 0.088281 0.724479 0.072266 0.724479
0 0.058203 0.838021 0.075781 0.838021 0.075781 0.861979 0.058203 0.861979
0 0.367578 0.936458 0.383203 0.936458 0.383203 0.963542 0.367578 0.963542
0 0.407031 0.948958 0.423047 0.948958 0.423047 0.982292 0.407031 0.982292
0 0.338281 0.913021 0.358984 0.913021 0.358984 0.932292 0.338281 0.932292
0 0.294531 0.920312 0.313281 0.920312 0.313281 0.9375 0.294531 0.9375
0 0.340234 0.8625 0.354297 0.8625 0.354297 0.882812 0.340234 0.882812
0 0.313281 0.878646 0.33125 0.878646 0.33125 0.896354 0.313281 0.896354
0 0.241797 0.920833 0.264844 0.920833 0.264844 0.940104 0.241797 0.940104
0 0.275 0.8875 0.290234 0.8875 0.290234 0.913542 0.275 0.913542
0 0.326562 0.813021 0.343359 0.813021 0.343359 0.832812 0.326562 0.832812
0 0.445312 0.771354 0.464453 0.771354 0.464453 0.794271 0.445312 0.794271
0 0.45 0.818229 0.465234 0.818229 0.465234 0.842188 0.45 0.842188
0 0.20625 0.882292 0.224609 0.882292 0.224609 0.898958 0.20625 0.898958
0 0.24375 0.961979 0.259766 0.961979 0.259766 0.997396 0.24375 0.997396
0 0.281641 0.965104 0.298828 0.965104 0.298828 0.989062 0.281641 0.989062
0 0.176172 0.921354 0.194141 0.921354 0.194141 0.948958 0.176172 0.948958
0 0.147656 0.935938 0.165234 0.935938 0.165234 0.956771 0.147656 0.956771
0 0.147266 0.890104 0.169141 0.890104 0.169141 0.913021 0.147266 0.913021
0 0.121875 0.872917 0.138672 0.872917 0.138672 0.891667 0.121875 0.891667
0 0.238672 0.821875 0.252734 0.821875 0.252734 0.838542 0.238672 0.838542
0 0.017188 0.73125 0.028906 0.73125 0.028906 0.753646 0.017188 0.753646
0 0.0 0.882292 0.015625 0.882292 0.015625 0.913542 0.0 0.913542
0 0.536328 0.666146 0.554297 0.666146 0.554297 0.698958 0.536328 0.698958
0 0.5625 0.647396 0.579297 0.647396 0.579297 0.670833 0.5625 0.670833
0 0.582422 0.678125 0.603125 0.678125 0.603125 0.697396 0.582422 0.697396
0 0.578125 0.725521 0.603906 0.725521 0.603906 0.744792 0.578125 0.744792
0 0.541797 0.755208 0.562891 0.755208 0.562891 0.772917 0.541797 0.772917
0 0.580859 0.763542 0.600781 0.763542 0.600781 0.783333 0.580859 0.783333
0 0.616797 0.70625 0.636328 0.70625 0.636328 0.725521 0.616797 0.725521
0 0.639453 0.682812 0.657812 0.682812 0.657812 0.704688 0.639453 0.704688
0 0.614062 0.653646 0.633984 0.653646 0.633984 0.673958 0.614062 0.673958
0 0.505859 0.641146 0.523047 0.641146 0.523047 0.665104 0.505859 0.665104
0 0.504297 0.730729 0.526562 0.730729 0.526562 0.749479 0.504297 0.749479
0 0.482812 0.7625 0.501562 0.7625 0.501562 0.780208 0.482812 0.780208
0 0.451172 0.730729 0.469531 0.730729 0.469531 0.745833 0.451172 0.745833
0 0.488672 0.809896 0.506641 0.809896 0.506641 0.833854 0.488672 0.833854
0 0.519922 0.832292 0.535938 0.832292 0.535938 0.861979 0.519922 0.861979
0 0.535938 0.533333 0.550781 0.533333 0.550781 0.555208 0.535938 0.555208
0 0.563672 0.536458 0.580078 0.536458 0.580078 0.557812 0.563672 0.557812
0 0.501562 0.544792 0.523828 0.544792 0.523828 0.5625 0.501562 0.5625
0 0.496094 0.573438 0.513672 0.573438 0.513672 0.596354 0.496094 0.596354
0 0.489062 0.605729 0.506641 0.605729 0.506641 0.629688 0.489062 0.629688
0 0.471094 0.640104 0.4875 0.640104 0.4875 0.658854 0.471094 0.658854
0 0.566406 0.581771 0.589062 0.581771 0.589062 0.604688 0.566406 0.604688
0 0.605469 0.561458 0.624609 0.561458 0.624609 0.583333 0.605469 0.583333
0 0.629688 0.610938 0.647656 0.610938 0.647656 0.630729 0.629688 0.630729
0 0.59375 0.623438 0.611719 0.623438 0.611719 0.639062 0.59375 0.639062
0 0.659375 0.573438 0.677344 0.573438 0.677344 0.592188 0.659375 0.592188
0 0.664453 0.606771 0.685156 0.606771 0.685156 0.625521 0.664453 0.625521
0 0.680078 0.655208 0.699609 0.655208 0.699609 0.676042 0.680078 0.676042
0 0.69375 0.631771 0.707422 0.631771 0.707422 0.654167 0.69375 0.654167
0 0.56875 0.797396 0.583594 0.797396 0.583594 0.810417 0.56875 0.810417
0 0.527734 0.788542 0.546875 0.788542 0.546875 0.810938 0.527734 0.810938
0 0.556641 0.813542 0.573828 0.813542 0.573828 0.833333 0.556641 0.833333
0 0.546875 0.852083 0.567578 0.852083 0.567578 0.876562 0.546875 0.876562
0 0.489844 0.860417 0.511328 0.860417 0.511328 0.883854 0.489844 0.883854
0 0.504687 0.696875 0.523438 0.696875 0.523438 0.720833 0.504687 0.720833
0 0.473047 0.880208 0.490625 0.880208 0.490625 0.9125 0.473047 0.9125
0 0.563672 0.878125 0.582031 0.878125 0.582031 0.901562 0.563672 0.901562
0 0.652344 0.734375 0.672266 0.734375 0.672266 0.746354 0.652344 0.746354
0 0.21875 0.347396 0.239453 0.347396 0.239453 0.368229 0.21875 0.368229