0 0.099219 0.099479 0.116016 0.099479 0.116016 0.127604 0.099219 0.127604
0 0.094141 0.136458 0.114453 0.136458 0.114453 0.155208 0.094141 0.155208
0 0.145312 0.107812 0.163281 0.107812 0.163281 0.136458 0.145312 0.136458
0 0.160547 0.151042 0.18125 0.151042 0.18125 0.171875 0.160547 0.171875
0 0.130078 0.183333 0.152344 0.183333 0.152344 0.210417 0.130078 0.210417
0 0.1875 0.030208 0.203516 0.030208 0.203516 0.053646 0.1875 0.053646
0 0.155469 0.065625 0.171875 0.065625 0.171875 0.091667 0.155469 0.091667
0 0.184766 0.078646 0.210938 0.078646 0.210938 0.096354 0.184766 0.096354
0 0.071094 0.195833 0.090234 0.195833 0.090234 0.218229 0.071094 0.218229
0 0.095312 0.232812 0.112891 0.232812 0.112891 0.256771 0.095312 0.256771
0 0.115234 0.218229 0.136719 0.218229 0.136719 0.233333 0.115234 0.233333
0 0.254688 0.117188 0.272656 0.117188 0.272656 0.136458 0.254688 0.136458
0 0.215234 0.116667 0.231641 0.116667 0.231641 0.143229 0.215234 0.143229
0 0.219922 0.155729 0.237891 0.155729 0.237891 0.175521 0.219922 0.175521
0 0.232812 0.040625 0.251563 0.040625 0.251563 0.058333 0.232812 0.058333
0 0.2625 0.057292 0.287891 0.057292 0.287891 0.076562 0.2625 0.076562
0 0.298047 0.101042 0.315625 0.101042 0.315625 0.119271 0.298047 0.119271
0 0.280469 0.14375 0.297266 0.14375 0.297266 0.163021 0.280469 0.163021
0 0.260156 0.014062 0.276953 0.014062 0.276953 0.040625 0.260156 0.040625
0 0.300781 0.019792 0.319531 0.019792 0.319531 0.041667 0.300781 0.041667
0 0.312891 0.070833 0.334375 0.070833 0.334375 0.089062 0.312891 0.089062
0 0.352344 0.048438 0.370703 0.048438 0.370703 0.068229 0.352344 0.068229
0 0.378906 0.048958 0.395312 0.048958 0.395312 0.070312 0.378906 0.070312
0 0.375391 0.084896 0.392578 0.084896 0.392578 0.116667 0.375391 0.116667
0 0.441797 0.041667 0.458203 0.041667 0.458203 0.077083 0.441797 0.077083
0 0.408594 0.136458 0.427344 0.136458 0.427344 0.15625 0.408594 0.15625
0 0.444922 0.147917 0.459766 0.147917 0.459766 0.169271 0.444922 0.169271
0 0.380078 0.147396 0.396094 0.147396 0.396094 0.170312 0.380078 0.170312
0 0.315625 0.153646 0.330078 0.153646 0.330078 0.175521 0.315625 0.175521
0 0.5625 0.028646 0.581641 0.028646 0.581641 0.052083 0.5625 0.052083
0 0.516406 0.040104 0.530859 0.040104 0.530859 0.058854 0.516406 0.058854
0 0.568359 0.126562 0.594531 0.126562 0.594531 0.148438 0.568359 0.148438
0 0.613672 0.097396 0.630859 0.097396 0.630859 0.129167 0.613672 0.129167
0 0.634766 0.126562 0.651953 0.126562 0.651953 0.152083 0.634766 0.152083
0 0.473438 0.016146 0.497656 0.016146 0.497656 0.032292 0.473438 0.032292
0 0.473438 0.076562 0.494531 0.076562 0.494531 0.094792 0.473438 0.094792
0 0.46875 0.132812 0.487109 0.132812 0.487109 0.151562 0.46875 0.151562
0 0.519922 0.003125 0.539062 0.003125 0.539062 0.017708 0.519922 0.017708
0 0.761719 0.06875 0.780078 0.06875 0.780078 0.090625 0.761719 0.090625
0 0.784375 0.098438 0.804688 0.098438 0.804688 0.115625 0.784375 0.115625
0 0.770312 0.134896 0.790625 0.134896 0.790625 0.158854 0.770312 0.158854
0 0.824609 0.154167 0.844531 0.154167 0.844531 0.180208 0.824609 0.180208
0 0.863281 0.157292 0.879297 0.157292 0.879297 0.182292 0.863281 0.182292
0 0.902734 0.181771 0.922656 0.181771 0.922656 0.201562 0.902734 0.201562
0 0.850781 0.190625 0.870703 0.190625 0.870703 0.208333 0.850781 0.208333
0 0.796094 0.2 0.819922 0.2 0.819922 0.226042 0.796094 0.226042
0 0.776562 0.179167 0.797266 0.179167 0.797266 0.196354 0.776562 0.196354
0 0.940234 0.210417 0.955078 0.210417 0.955078 0.238021 0.940234 0.238021
0 0.9125 0.225521 0.932812 0.225521 0.932812 0.252083 0.9125 0.252083
0 0.889062 0.228646 0.906641 0.228646 0.906641 0.256771 0.889062 0.256771
0 0.976562 0.210417 0.999609 0.210417 0.999609 0.234896 0.976562 0.234896
0 0.811719 0.029167 0.834766 0.029167 0.834766 0.050521 0.811719 0.050521
0 0.965234 0.324479 0.988672 0.324479 0.988672 0.345833 0.965234 0.345833
0 0.954297 0.268229 0.972656 0.268229 0.972656 0.294271 0.954297 0.294271
0 0.93125 0.277083 0.951172 0.277083 0.951172 0.300521 0.93125 0.300521
0 0.912891 0.284375 0.928125 0.284375 0.928125 0.3125 0.912891 0.3125
0 0.908594 0.341146 0.932812 0.341146 0.932812 0.364062 0.908594 0.364062
0 0.876953 0.329167 0.896094 0.329167 0.896094 0.354167 0.876953 0.354167
0 0.897266 0.376562 0.914844 0.376562 0.914844 0.398958 0.897266 0.398958
0 0.866406 0.527604 0.882812 0.527604 0.882812 0.559896 0.866406 0.559896
0 0.907812 0.517188 0.920312 0.517188 0.920312 0.542708 0.907812 0.542708
0 0.937109 0.530729 0.953906 0.530729 0.953906 0.561979 0.937109 0.561979
0 0.96875 0.563542 0.985156 0.563542 0.985156 0.594271 0.96875 0.594271
0 0.964453 0.488021 0.982422 0.488021 0.982422 0.507292 0.964453 0.507292
0 0.880859 0.5125 0.897266 0.5125 0.897266 0.535417 0.880859 0.535417
0 0.925 0.585938 0.94375 0.585938 0.94375 0.610938 0.925 0.610938
0 0.949609 0.621875 0.964844 0.621875 0.964844 0.648438 0.949609 0.648438
0 0.909766 0.614062 0.924609 0.614062 0.924609 0.642188 0.909766 0.642188
0 0.884375 0.591146 0.900781 0.591146 0.900781 0.619271 0.884375 0.619271
0 0.964453 0.66875 0.98125 0.66875 0.98125 0.692188 0.964453 0.692188
0 0.907812 0.661979 0.923047 0.661979 0.923047 0.689583 0.907812 0.689583
0 0.841016 0.64375 0.856641 0.64375 0.856641 0.677604 0.841016 0.677604
0 0.843359 0.584375 0.857031 0.584375 0.857031 0.614062 0.843359 0.614062
0 0.877344 0.655208 0.89375 0.655208 0.89375 0.679167 0.877344 0.679167
0 0.865234 0.621875 0.880859 0.621875 0.880859 0.640104 0.865234 0.640104
0 0.855859 0.716146 0.873438 0.716146 0.873438 0.740625 0.855859 0.740625
0 0.828516 0.716146 0.844531 0.716146 0.844531 0.743229 0.828516 0.743229
0 0.815625 0.673958 0.831641 0.673958 0.831641 0.691667 0.815625 0.691667
0 0.784375 0.679688 0.805078 0.679688 0.805078 0.697917 0.784375 0.697917
0 0.922656 0.819271 0.939844 0.819271 0.939844 0.845312 0.922656 0.845312
0 0.943359 0.877083 0.961328 0.877083 0.961328 0.902083 0.943359 0.902083
0 0.977734 0.861458 0.992578 0.861458 0.992578 0.889062 0.977734 0.889062
0 0.934766 0.933333 0.951953 0.933333 0.951953 0.952604 0.934766 0.952604
0 0.967188 0.938542 0.987109 0.938542 0.987109 0.964583 0.967188 0.964583
0 0.872656 0.915625 0.887109 0.915625 0.887109 0.942708 0.872656 0.942708
0 0.882812 0.965625 0.898828 0.965625 0.898828 0.999479 0.882812 0.999479
0 0.848828 0.905208 0.864062 0.905208 0.864062 0.924479 0.848828 0.924479
0 0.786328 0.897917 0.801953 0.897917 0.801953 0.916146 0.786328 0.916146
0 0.795703 0.838021 0.810156 0.838021 0.810156 0.863542 0.795703 0.863542
0 0.819531 0.817708 0.842188 0.817708 0.842188 0.843229 0.819531 0.843229
0 0.814062 0.748958 0.830469 0.748958 0.830469 0.770312 0.814062 0.770312
0 0.752344 0.789583 0.769922 0.789583 0.769922 0.816146 0.752344 0.816146
0 0.778906 0.719792 0.796875 0.719792 0.796875 0.752604 0.778906 0.752604
0 0.744141 0.869271 0.761328 0.869271 0.761328 0.898438 0.744141 0.898438
0 0.731641 0.798958 0.74375 0.798958 0.74375 0.827083 0.731641 0.827083
0 0.735156 0.755729 0.75 0.755729 0.75 0.776562 0.735156 0.776562
0 0.730078 0.919271 0.747656 0.919271 0.747656 0.942708 0.730078 0.942708
0 0.712891 0.892188 0.729688 0.892188 0.729688 0.913021 0.712891 0.913021
0 0.703516 0.948438 0.728125 0.948438 0.728125 0.967188 0.703516 0.967188
0 0.835547 0.947917 0.855469 0.947917 0.855469 0.979167 0.835547 0.979167
0 0.754297 0.95625 0.775 0.95625 0.775 0.973958 0.754297 0.973958
0 0.632422 0.847396 0.646484 0.847396 0.646484 0.869271 0.632422 0.869271
0 0.703906 0.838542 0.723438 0.838542 0.723438 0.857292 0.703906 0.857292
0 0.770703 0.817188 0.787109 0.817188 0.787109 0.8375 0.770703 0.8375
0 0.619141 0.685938 0.635156 0.685938 0.635156 0.713021 0.619141 0.713021
0 0.648047 0.689062 0.669531 0.689062 0.669531 0.711979 0.648047 0.711979
0 0.597656 0.792708 0.616016 0.792708 0.616016 0.819271 0.597656 0.819271
0 0.605469 0.83125 0.621094 0.83125 0.621094 0.85625 0.605469 0.85625
0 0.75 0.35 0.765234 0.35 0.765234 0.379167 0.75 0.379167
0 0.738281 0.41875 0.759766 0.41875 0.759766 0.451562 0.738281 0.451562
0 0.780078 0.43125 0.798047 0.43125 0.798047 0.460938 0.780078 0.460938
0 0.763281 0.472917 0.785547 0.472917 0.785547 0.493229 0.763281 0.493229
0 0.786719 0.515104 0.804688 0.515104 0.804688 0.547917 0.786719 0.547917
0 0.836719 0.529167 0.852734 0.529167 0.852734 0.558333 0.836719 0.558333
0 0.735547 0.498438 0.763672 0.498438 0.763672 0.520312 0.735547 0.520312
0 0.736719 0.535938 0.757031 0.535938 0.757031 0.555729 0.736719 0.555729
0 0.712891 0.526042 0.729297 0.526042 0.729297 0.550521 0.712891 0.550521
0 0.674609 0.517188 0.694141 0.517188 0.694141 0.541667 0.674609 0.541667
0 0.692188 0.459375 0.715234 0.459375 0.715234 0.484896 0.692188 0.484896
0 0.706641 0.408333 0.729297 0.408333 0.729297 0.432812 0.706641 0.432812
0 0.708203 0.378646 0.729688 0.378646 0.729688 0.398958 0.708203 0.398958
0 0.694531 0.327083 0.710547 0.327083 0.710547 0.358854 0.694531 0.358854
0 0.670312 0.415625 0.690625 0.415625 0.690625 0.447917 0.670312 0.447917
0 0.654297 0.463542 0.676562 0.463542 0.676562 0.484896 0.654297 0.484896
0 0.633984 0.441146 0.650781 0.441146 0.650781 0.472396 0.633984 0.472396
0 0.647266 0.394792 0.665625 0.394792 0.665625 0.4125 0.647266 0.4125
0 0.65 0.354167 0.667969 0.354167 0.667969 0.379688 0.65 0.379688
0 0.658594 0.309375 0.676172 0.309375 0.676172 0.333854 0.658594 0.333854
0 0.867578 0.269792 0.885938 0.269792 0.885938 0.297917 0.867578 0.297917
0 0.839844 0.263542 0.857812 0.263542 0.857812 0.294792 0.839844 0.294792
0 0.801953 0.243229 0.821094 0.243229 0.821094 0.264583 0.801953 0.264583
0 0.615625 0.169792 0.629297 0.169792 0.629297 0.201042 0.615625 0.201042
0 0.660547 0.164583 0.68125 0.164583 0.68125 0.183854 0.660547 0.183854
0 0.662891 0.195312 0.680469 0.195312 0.680469 0.216667 0.662891 0.216667
0 0.643359 0.275 0.657422 0.275 0.657422 0.299479 0.643359 0.299479
0 0.595703 0.204167 0.614453 0.204167 0.614453 0.235417 0.595703 0.235417
0 0.583594 0.159375 0.601172 0.159375 0.601172 0.189583 0.583594 0.189583
0 0.558594 0.219792 0.576953 0.219792 0.576953 0.242188 0.558594 0.242188
0 0.598438 0.247917 0.617188 0.247917 0.617188 0.270833 0.598438 0.270833
0 0.607422 0.289062 0.625391 0.289062 0.625391 0.308854 0.607422 0.308854
0 0.588281 0.307812 0.60625 0.307812 0.60625 0.335417 0.588281 0.335417
0 0.565625 0.270312 0.58125 0.270312 0.58125 0.295312 0.565625 0.295312
0 0.517969 0.240625 0.535547 0.240625 0.535547 0.266667 0.517969 0.266667
0 0.526953 0.203646 0.541406 0.203646 0.541406 0.228646 0.526953 0.228646
0 0.497266 0.205208 0.513672 0.205208 0.513672 0.226562 0.497266 0.226562
0 0.493359 0.246354 0.508984 0.246354 0.508984 0.275 0.493359 0.275
0 0.542188 0.284896 0.557812 0.284896 0.557812 0.309375 0.542188 0.309375
0 0.500391 0.313021 0.517188 0.313021 0.517188 0.341667 0.500391 0.341667
0 0.535547 0.333854 0.552734 0.333854 0.552734 0.367708 0.535547 0.367708
0 0.579688 0.352083 0.591016 0.352083 0.591016 0.374479 0.579688 0.374479
0 0.609375 0.347396 0.624609 0.347396 0.624609 0.372396 0.609375 0.372396
0 0.507422 0.344271 0.523047 0.344271 0.523047 0.375 0.507422 0.375
0 0.470703 0.307292 0.487109 0.307292 0.487109 0.325 0.470703 0.325
0 0.452734 0.283333 0.469531 0.283333 0.469531 0.308854 0.452734 0.308854
0 0.617969 0.372917 0.636328 0.372917 0.636328 0.397917 0.617969 0.397917
0 0.699609 0.657812 0.719531 0.657812 0.719531 0.683333 0.699609 0.683333
0 0.737109 0.617708 0.751953 0.617708 0.751953 0.635417 0.737109 0.635417
0 0.672656 0.585938 0.691016 0.585938 0.691016 0.611458 0.672656 0.611458
0 0.691016 0.551562 0.706641 0.551562 0.706641 0.566667 0.691016 0.566667
0 0.708594 0.597396 0.724609 0.597396 0.724609 0.610938 0.708594 0.610938
0 0.612109 0.610938 0.637109 0.610938 0.637109 0.63125 0.612109 0.63125
0 0.63125 0.638021 0.651953 0.638021 0.651953 0.654688 0.63125 0.654688
0 0.607422 0.5625 0.630078 0.5625 0.630078 0.584896 0.607422 0.584896
0 0.644922 0.521875 0.661719 0.521875 0.661719 0.545833 0.644922 0.545833
0 0.616797 0.497396 0.634766 0.497396 0.634766 0.526042 0.616797 0.526042
0 0.660547 0.613021 0.677734 0.613021 0.677734 0.629167 0.660547 0.629167
0 0.672656 0.642188 0.687891 0.642188 0.687891 0.668229 0.672656 0.668229
0 0.571875 0.653125 0.586328 0.653125 0.586328 0.684375 0.571875 0.684375
0 0.572656 0.520312 0.592969 0.520312 0.592969 0.545833 0.572656 0.545833
0 0.563281 0.561458 0.580078 0.561458 0.580078 0.580208 0.563281 0.580208
0 0.538281 0.53125 0.554688 0.53125 0.554688 0.557812 0.538281 0.557812
0 0.533984 0.489062 0.553125 0.489062 0.553125 0.506771 0.533984 0.506771
0 0.526172 0.467188 0.544531 0.467188 0.544531 0.4875 0.526172 0.4875
0 0.522656 0.589062 0.541406 0.589062 0.541406 0.608854 0.522656 0.608854
0 0.531641 0.629688 0.551172 0.629688 0.551172 0.650521 0.531641 0.650521
0 0.530078 0.729688 0.548047 0.729688 0.548047 0.75 0.530078 0.75
0 0.589453 0.728125 0.610156 0.728125 0.610156 0.746875 0.589453 0.746875
0 0.503906 0.685417 0.519531 0.685417 0.519531 0.711979 0.503906 0.711979
0 0.514844 0.711458 0.533984 0.711458 0.533984 0.732812 0.514844 0.732812
0 0.501562 0.775521 0.524219 0.775521 0.524219 0.799479 0.501562 0.799479
0 0.562891 0.829167 0.576953 0.829167 0.576953 0.855729 0.562891 0.855729
0 0.525 0.8375 0.541797 0.8375 0.541797 0.864583 0.525 0.864583
0 0.546094 0.863021 0.5625 0.863021 0.5625 0.884896 0.546094 0.884896
0 0.605078 0.883333 0.621875 0.883333 0.621875 0.906771 0.605078 0.906771
0 0.568359 0.898438 0.584766 0.898438 0.584766 0.921875 0.568359 0.921875
0 0.525 0.966146 0.539453 0.966146 0.539453 0.996875 0.525 0.996875
0 0.588281 0.936979 0.604688 0.936979 0.604688 0.961458 0.588281 0.961458
0 0.51875 0.893229 0.541016 0.893229 0.541016 0.915104 0.51875 0.915104
0 0.482812 0.928125 0.507812 0.928125 0.507812 0.953125 0.482812 0.953125
0 0.498438 0.965625 0.516016 0.965625 0.516016 0.990625 0.498438 0.990625
0 0.450391 0.944792 0.469922 0.944792 0.469922 0.972396 0.450391 0.972396
0 0.459375 0.891667 0.475391 0.891667 0.475391 0.919792 0.459375 0.919792
0 0.46875 0.8625 0.486328 0.8625 0.486328 0.885938 0.46875 0.885938
0 0.472266 0.810938 0.4875 0.810938 0.4875 0.835938 0.472266 0.835938
0 0.441797 0.813542 0.45625 0.813542 0.45625 0.840104 0.441797 0.840104
0 0.464453 0.726042 0.481641 0.726042 0.481641 0.758854 0.464453 0.758854
0 0.395312 0.78125 0.409766 0.78125 0.409766 0.811458 0.395312 0.811458
0 0.394531 0.845833 0.410938 0.845833 0.410938 0.873438 0.394531 0.873438
0 0.378516 0.8125 0.395312 0.8125 0.395312 0.829167 0.378516 0.829167
0 0.346094 0.766667 0.3625 0.766667 0.3625 0.794792 0.346094 0.794792
0 0.375 0.867708 0.391406 0.867708 0.391406 0.893229 0.375 0.893229
0 0.362109 0.721354 0.382031 0.721354 0.382031 0.7375 0.362109 0.7375
0 0.402734 0.904688 0.424609 0.904688 0.424609 0.927083 0.402734 0.927083
0 0.423828 0.8625 0.444922 0.8625 0.444922 0.884375 0.423828 0.884375
0 0.427734 0.977604 0.441016 0.977604 0.441016 0.999479 0.427734 0.999479
0 0.423047 0.938021 0.440234 0.938021 0.440234 0.961458 0.423047 0.961458
0 0.390234 0.938542 0.408203 0.938542 0.408203 0.963542 0.390234 0.963542
0 0.356641 0.941146 0.373828 0.941146 0.373828 0.971354 0.356641 0.971354
0 0.334375 0.916667 0.355859 0.916667 0.355859 0.939583 0.334375 0.939583
0 0.546094 0.940625 0.567578 0.940625 0.567578 0.964583 0.546094 0.964583
0 0.264453 0.565104 0.283984 0.565104 0.283984 0.586458 0.264453 0.586458
0 0.239062 0.605729 0.259766 0.605729 0.259766 0.630729 0.239062 0.630729
0 0.277734 0.628125 0.301953 0.628125 0.301953 0.652604 0.277734 0.652604
0 0.328125 0.632812 0.343359 0.632812 0.343359 0.65625 0.328125 0.65625
0 0.357812 0.622396 0.373438 0.622396 0.373438 0.657812 0.357812 0.657812
0 0.182812 0.473438 0.201953 0.473438 0.201953 0.5 0.182812 0.5
0 0.220312 0.470833 0.237109 0.470833 0.237109 0.497917 0.220312 0.497917
0 0.252344 0.420833 0.270312 0.420833 0.270312 0.446875 0.252344 0.446875
0 0.287109 0.517708 0.30625 0.517708 0.30625 0.539583 0.287109 0.539583
0 0.315625 0.465104 0.333203 0.465104 0.333203 0.483854 0.315625 0.483854
0 0.326172 0.495833 0.341797 0.495833 0.341797 0.514062 0.326172 0.514062
0 0.342969 0.429688 0.362109 0.429688 0.362109 0.452604 0.342969 0.452604
0 0.369531 0.442708 0.386719 0.442708 0.386719 0.465625 0.369531 0.465625
0 0.389453 0.46875 0.407422 0.46875 0.407422 0.5 0.389453 0.5
0 0.426172 0.561458 0.441016 0.561458 0.441016 0.593229 0.426172 0.593229
0 0.396875 0.542188 0.413672 0.542188 0.413672 0.571354 0.396875 0.571354
0 0.35 0.545833 0.368359 0.545833 0.368359 0.565104 0.35 0.565104
0 0.35625 0.577604 0.374609 0.577604 0.374609 0.601562 0.35625 0.601562
0 0.446094 0.566146 0.466797 0.566146 0.466797 0.593229 0.446094 0.593229
0 0.396875 0.364583 0.412109 0.364583 0.412109 0.388542 0.396875 0.388542
0 0.354688 0.367708 0.375 0.367708 0.375 0.400521 0.354688 0.400521
0 0.269141 0.389583 0.298438 0.389583 0.298438 0.411458 0.269141 0.411458
0 0.273438 0.353646 0.296094 0.353646 0.296094 0.375 0.273438 0.375
0 0.208203 0.408854 0.228125 0.408854 0.228125 0.427083 0.208203 0.427083
0 0.208594 0.444792 0.229297 0.444792 0.229297 0.460938 0.208594 0.460938
0 0.178125 0.425521 0.196094 0.425521 0.196094 0.445833 0.178125 0.445833
0 0.208203 0.383333 0.225391 0.383333 0.225391 0.403125 0.208203 0.403125
0 0.14375 0.369271 0.162891 0.369271 0.162891 0.390625 0.14375 0.390625
0 0.171484 0.363021 0.1875 0.363021 0.1875 0.379167 0.171484 0.379167
0 0.152344 0.501042 0.173438 0.501042 0.173438 0.527083 0.152344 0.527083
0 0.13125 0.535417 0.150391 0.535417 0.150391 0.563542 0.13125 0.563542
0 0.111719 0.574479 0.130078 0.574479 0.130078 0.595312 0.111719 0.595312
0 0.089062 0.582292 0.107031 0.582292 0.107031 0.608333 0.089062 0.608333
0 0.071875 0.541146 0.093359 0.541146 0.093359 0.560417 0.071875 0.560417
0 0.078516 0.495833 0.105859 0.495833 0.105859 0.516146 0.078516 0.516146
0 0.115625 0.457812 0.138672 0.457812 0.138672 0.494792 0.115625 0.494792
0 0.085938 0.417188 0.103906 0.417188 0.103906 0.446875 0.085938 0.446875
0 0.126953 0.400521 0.144922 0.400521 0.144922 0.43125 0.126953 0.43125
0 0.220312 0.209896 0.245703 0.209896 0.245703 0.232292 0.220312 0.232292
0 0.185547 0.218229 0.203516 0.218229 0.203516 0.241146 0.185547 0.241146
0 0.149219 0.244792 0.163672 0.244792 0.163672 0.272396 0.149219 0.272396
0 0.090234 0.295312 0.108203 0.295312 0.108203 0.320833 0.090234 0.320833
0 0.084375 0.347396 0.104297 0.347396 0.104297 0.375521 0.084375 0.375521
0 0.207031 0.346875 0.228125 0.346875 0.228125 0.367708 0.207031 0.367708
0 0.233203 0.322396 0.257812 0.322396 0.257812 0.342708 0.233203 0.342708
0 0.251953 0.290625 0.275391 0.290625 0.275391 0.309375 0.251953 0.309375
0 0.271484 0.226562 0.293359 0.226562 0.293359 0.247917 0.271484 0.247917
0 0.327734 0.238021 0.345703 0.238021 0.345703 0.257812 0.327734 0.257812
0 0.222266 0.242188 0.241797 0.242188 0.241797 0.2625 0.222266 0.2625
0 0.403906 0.298958 0.421875 0.298958 0.421875 0.326562 0.403906 0.326562
0 0.388281 0.326562 0.407812 0.326562 0.407812 0.350521 0.388281 0.350521
0 0.416797 0.264583 0.436328 0.264583 0.436328 0.288542 0.416797 0.288542
0 0.185547 0.183854 0.209375 0.183854 0.209375 0.208854 0.185547 0.208854
0 0.277734 0.197917 0.296875 0.197917 0.296875 0.218229 0.277734 0.218229
0 0.038672 0.297396 0.056641 0.297396 0.056641 0.327083 0.038672 0.327083
0 0.010547 0.314583 0.030078 0.314583 0.030078 0.345833 0.010547 0.345833
0 0.028516 0.373958 0.049219 0.373958 0.049219 0.397917 0.028516 0.397917
0 0.004688 0.410938 0.023438 0.410938 0.023438 0.43125 0.004688 0.43125
0 0.043359 0.439062 0.065234 0.439062 0.065234 0.466146 0.043359 0.466146
0 0.003906 0.445312 0.022266 0.445312 0.022266 0.466667 0.003906 0.466667
0 0.047266 0.507812 0.063672 0.507812 0.063672 0.5375 0.047266 0.5375
0 0.057031 0.576562 0.072266 0.576562 0.072266 0.603125 0.057031 0.603125
0 0.026562 0.646354 0.046875 0.646354 0.046875 0.666667 0.026562 0.666667
0 0.033203 0.694792 0.054297 0.694792 0.054297 0.717188 0.033203 0.717188
0 0.0875 0.701562 0.103906 0.701562 0.103906 0.727604 0.0875 0.727604
0 0.059766 0.743229 0.077344 0.743229 0.077344 0.7625 0.059766 0.7625
0 0.013672 0.74375 0.03125 0.74375 0.03125 0.769792 0.013672 0.769792
0 0.088672 0.761458 0.107422 0.761458 0.107422 0.780729 0.088672 0.780729
0 0.06875 0.788021 0.088672 0.788021 0.088672 0.810938 0.06875 0.810938
0 0.030859 0.803125 0.046484 0.803125 0.046484 0.829167 0.030859 0.829167
0 0.048438 0.832812 0.070703 0.832812 0.070703 0.861458 0.048438 0.861458
0 0.085156 0.816146 0.108594 0.816146 0.108594 0.841667 0.085156 0.841667
0 0.095312 0.8625 0.120703 0.8625 0.120703 0.885417 0.095312 0.885417
0 0.127344 0.828125 0.144141 0.828125 0.144141 0.857812 0.127344 0.857812
0 0.15625 0.784375 0.179297 0.784375 0.179297 0.808854 0.15625 0.808854
0 0.124609 0.734896 0.144531 0.734896 0.144531 0.752083 0.124609 0.752083
0 0.023828 0.892188 0.044922 0.892188 0.044922 0.915104 0.023828 0.915104
0 0.055859 0.895312 0.076562 0.895312 0.076562 0.926562 0.055859 0.926562
0 0.085156 0.89375 0.102734 0.89375 0.102734 0.927083 0.085156 0.927083
0 0.139453 0.895833 0.160156 0.895833 0.160156 0.924479 0.139453 0.924479
0 0.080078 0.952604 0.098047 0.952604 0.098047 0.978646 0.080078 0.978646
0 0.041406 0.939583 0.058203 0.939583 0.058203 0.96875 0.041406 0.96875
0 0.011328 0.928646 0.026953 0.928646 0.026953 0.950521 0.011328 0.950521
0 0.176953 0.966146 0.202344 0.966146 0.202344 0.986979 0.176953 0.986979
0 0.173047 0.936979 0.194141 0.936979 0.194141 0.953125 0.173047 0.953125
0 0.202734 0.902083 0.220703 0.902083 0.220703 0.925521 0.202734 0.925521
0 0.197656 0.841667 0.214844 0.841667 0.214844 0.865104 0.197656 0.865104
0 0.167188 0.844271 0.185547 0.844271 0.185547 0.859375 0.167188 0.859375
0 0.146484 0.815625 0.164844 0.815625 0.164844 0.833854 0.146484 0.833854
0 0.310156 0.682292 0.324219 0.682292 0.324219 0.710417 0.310156 0.710417
0 0.353516 0.683333 0.373828 0.683333 0.373828 0.70625 0.353516 0.70625
0 0.277734 0.708333 0.298047 0.708333 0.298047 0.732292 0.277734 0.732292
0 0.287109 0.754688 0.310547 0.754688 0.310547 0.772396 0.287109 0.772396
0 0.298828 0.786458 0.31875 0.786458 0.31875 0.806771 0.298828 0.806771
0 0.280469 0.810938 0.295312 0.810938 0.295312 0.835938 0.280469 0.835938
0 0.257422 0.755729 0.271484 0.755729 0.271484 0.78125 0.257422 0.78125
0 0.246484 0.691146 0.264453 0.691146 0.264453 0.714583 0.246484 0.714583
0 0.247266 0.65 0.270703 0.65 0.270703 0.673438 0.247266 0.673438
0 0.405078 0.609375 0.419141 0.609375 0.419141 0.636458 0.405078 0.636458
0 0.518359 0.383854 0.541016 0.383854 0.541016 0.405208 0.518359 0.405208
0 0.474609 0.396354 0.491797 0.396354 0.491797 0.41875 0.474609 0.41875
0 0.502734 0.434896 0.524609 0.434896 0.524609 0.460938 0.502734 0.460938
0 0.4875 0.467708 0.501562 0.467708 0.501562 0.488542 0.4875 0.488542