0 0.492188 0.541667 0.508203 0.541667 0.508203 0.563542 0.492188 0.563542
0 0.553516 0.510938 0.56875 0.510938 0.56875 0.545833 0.553516 0.545833
0 0.573438 0.540625 0.592969 0.540625 0.592969 0.564583 0.573438 0.564583
0 0.542578 0.568229 0.565625 0.568229 0.565625 0.590104 0.542578 0.590104
0 0.592188 0.581771 0.614844 0.581771 0.614844 0.598438 0.592188 0.598438
0 0.689844 0.642708 0.71875 0.642708 0.71875 0.663542 0.689844 0.663542
0 0.661328 0.6625 0.689062 0.6625 0.689062 0.684375 0.661328 0.684375
0 0.638672 0.660938 0.658203 0.660938 0.658203 0.676562 0.638672 0.676562
0 0.660547 0.697917 0.692578 0.697917 0.692578 0.719792 0.660547 0.719792
0 0.641797 0.732812 0.660938 0.732812 0.660938 0.755208 0.641797 0.755208
0 0.606641 0.734375 0.632422 0.734375 0.632422 0.755729 0.606641 0.755729
0 0.5875 0.765625 0.608984 0.765625 0.608984 0.788542 0.5875 0.788542
0 0.521875 0.761979 0.545703 0.761979 0.545703 0.784375 0.521875 0.784375
0 0.6 0.6875 0.624609 0.6875 0.624609 0.705729 0.6 0.705729
0 0.582812 0.667708 0.611719 0.667708 0.611719 0.689583 0.582812 0.689583
0 0.574219 0.638542 0.59375 0.638542 0.59375 0.658854 0.574219 0.658854
0 0.639062 0.603646 0.669531 0.603646 0.669531 0.626042 0.639062 0.626042
0 0.684766 0.590625 0.707422 0.590625 0.707422 0.607812 0.684766 0.607812
0 0.6625 0.570833 0.685547 0.570833 0.685547 0.589583 0.6625 0.589583
0 0.690234 0.541667 0.711328 0.541667 0.711328 0.561458 0.690234 0.561458
0 0.519141 0.650521 0.536719 0.650521 0.536719 0.681771 0.519141 0.681771
0 0.484766 0.638542 0.507812 0.638542 0.507812 0.657812 0.484766 0.657812
0 0.492578 0.694792 0.506641 0.694792 0.506641 0.716667 0.492578 0.716667
0 0.437891 0.701562 0.458594 0.701562 0.458594 0.728646 0.437891 0.728646
0 0.448047 0.645312 0.465234 0.645312 0.465234 0.666146 0.448047 0.666146
0 0.428125 0.651562 0.443359 0.651562 0.443359 0.673958 0.428125 0.673958
0 0.396484 0.611979 0.421094 0.611979 0.421094 0.639062 0.396484 0.639062
0 0.452734 0.607812 0.476953 0.607812 0.476953 0.626042 0.452734 0.626042
0 0.424609 0.822917 0.444141 0.822917 0.444141 0.848438 0.424609 0.848438
0 0.439453 0.7875 0.460938 0.7875 0.460938 0.811979 0.439453 0.811979
0 0.401172 0.765625 0.422266 0.765625 0.422266 0.786458 0.401172 0.786458
0 0.399609 0.744792 0.410938 0.744792 0.410938 0.768229 0.399609 0.768229
0 0.365234 0.763021 0.385938 0.763021 0.385938 0.781771 0.365234 0.781771
0 0.346875 0.795833 0.367969 0.795833 0.367969 0.821875 0.346875 0.821875
0 0.368359 0.847396 0.390234 0.847396 0.390234 0.873958 0.368359 0.873958
0 0.353125 0.879167 0.373438 0.879167 0.373438 0.901562 0.353125 0.901562
0 0.339453 0.85625 0.357031 0.85625 0.357031 0.882812 0.339453 0.882812
0 0.315625 0.827083 0.337109 0.827083 0.337109 0.842708 0.315625 0.842708
0 0.308984 0.799479 0.323828 0.799479 0.323828 0.817188 0.308984 0.817188
0 0.311719 0.749479 0.333203 0.749479 0.333203 0.771875 0.311719 0.771875
0 0.361328 0.695833 0.383594 0.695833 0.383594 0.725 0.361328 0.725
0 0.326172 0.680729 0.344922 0.680729 0.344922 0.705208 0.326172 0.705208
0 0.313672 0.719271 0.328516 0.719271 0.328516 0.739062 0.313672 0.739062
0 0.290625 0.741667 0.307031 0.741667 0.307031 0.766667 0.290625 0.766667
0 0.271094 0.772917 0.287109 0.772917 0.287109 0.801562 0.271094 0.801562
0 0.246094 0.744792 0.264844 0.744792 0.264844 0.767708 0.246094 0.767708
0 0.231641 0.709896 0.25625 0.709896 0.25625 0.73125 0.231641 0.73125
0 0.283984 0.707812 0.301172 0.707812 0.301172 0.728125 0.283984 0.728125
0 0.327734 0.632812 0.357031 0.632812 0.357031 0.657812 0.327734 0.657812
0 0.273047 0.625521 0.292188 0.625521 0.292188 0.653125 0.273047 0.653125
0 0.273828 0.672917 0.291016 0.672917 0.291016 0.697917 0.273828 0.697917
0 0.246875 0.667708 0.264062 0.667708 0.264062 0.688542 0.246875 0.688542
0 0.227734 0.617188 0.245703 0.617188 0.245703 0.638542 0.227734 0.638542
0 0.198438 0.631771 0.214453 0.631771 0.214453 0.658333 0.198438 0.658333
0 0.321875 0.576562 0.339844 0.576562 0.339844 0.605729 0.321875 0.605729
0 0.367969 0.564062 0.383203 0.564062 0.383203 0.595312 0.367969 0.595312
0 0.357422 0.526042 0.374609 0.526042 0.374609 0.550521 0.357422 0.550521
0 0.309766 0.540104 0.328516 0.540104 0.328516 0.567188 0.309766 0.567188
0 0.266797 0.588021 0.286719 0.588021 0.286719 0.609375 0.266797 0.609375
0 0.389062 0.517188 0.408203 0.517188 0.408203 0.554688 0.389062 0.554688
0 0.434375 0.517708 0.452344 0.517708 0.452344 0.540625 0.434375 0.540625
0 0.464453 0.523438 0.478125 0.523438 0.478125 0.550521 0.464453 0.550521
0 0.448438 0.55625 0.466406 0.55625 0.466406 0.583854 0.448438 0.583854
0 0.383984 0.425521 0.401562 0.425521 0.401562 0.451562 0.383984 0.451562
0 0.41875 0.444792 0.433594 0.444792 0.433594 0.465104 0.41875 0.465104
0 0.45 0.433854 0.470312 0.433854 0.470312 0.461979 0.45 0.461979
0 0.413281 0.405729 0.430859 0.405729 0.430859 0.432292 0.413281 0.432292
0 0.419922 0.364583 0.444922 0.364583 0.444922 0.385938 0.419922 0.385938
0 0.435547 0.396354 0.448047 0.396354 0.448047 0.421354 0.435547 0.421354
0 0.465234 0.380208 0.481641 0.380208 0.481641 0.405729 0.465234 0.405729
0 0.486719 0.340625 0.502734 0.340625 0.502734 0.360417 0.486719 0.360417
0 0.533594 0.381771 0.555469 0.381771 0.555469 0.403646 0.533594 0.403646
0 0.501172 0.4125 0.517188 0.4125 0.517188 0.438021 0.501172 0.438021
0 0.523438 0.436979 0.534375 0.436979 0.534375 0.45625 0.523438 0.45625
0 0.573828 0.451562 0.5875 0.451562 0.5875 0.469271 0.573828 0.469271
0 0.596875 0.489583 0.613281 0.489583 0.613281 0.515625 0.596875 0.515625
0 0.621484 0.502083 0.634766 0.502083 0.634766 0.535417 0.621484 0.535417
0 0.636328 0.481771 0.654297 0.481771 0.654297 0.501562 0.636328 0.501562
0 0.650391 0.507812 0.669531 0.507812 0.669531 0.527604 0.650391 0.527604
0 0.608203 0.446354 0.626953 0.446354 0.626953 0.466667 0.608203 0.466667
0 0.575781 0.321354 0.592188 0.321354 0.592188 0.341667 0.575781 0.341667
0 0.547656 0.307292 0.564844 0.307292 0.564844 0.328646 0.547656 0.328646
0 0.524609 0.248958 0.540625 0.248958 0.540625 0.269271 0.524609 0.269271
0 0.548047 0.224479 0.564453 0.224479 0.564453 0.247917 0.548047 0.247917
0 0.551953 0.268229 0.569141 0.268229 0.569141 0.285417 0.551953 0.285417
0 0.576562 0.292188 0.594141 0.292188 0.594141 0.308333 0.576562 0.308333
0 0.600391 0.251563 0.619922 0.251563 0.619922 0.283333 0.600391 0.283333
0 0.621094 0.301042 0.640625 0.301042 0.640625 0.325 0.621094 0.325
0 0.660156 0.329688 0.675391 0.329688 0.675391 0.356771 0.660156 0.356771
0 0.675 0.386458 0.698828 0.386458 0.698828 0.407812 0.675 0.407812
0 0.737109 0.502604 0.763281 0.502604 0.763281 0.528125 0.737109 0.528125
0 0.684375 0.494792 0.709375 0.494792 0.709375 0.517708 0.684375 0.517708
0 0.699219 0.463542 0.717969 0.463542 0.717969 0.489062 0.699219 0.489062
0 0.749609 0.451562 0.769531 0.451562 0.769531 0.469271 0.749609 0.469271
0 0.730469 0.420312 0.750391 0.420312 0.750391 0.441146 0.730469 0.441146
0 0.73125 0.374479 0.752734 0.374479 0.752734 0.394792 0.73125 0.394792
0 0.764062 0.385938 0.784375 0.385938 0.784375 0.405208 0.764062 0.405208
0 0.769922 0.348438 0.787109 0.348438 0.787109 0.370833 0.769922 0.370833
0 0.782422 0.294792 0.806641 0.294792 0.806641 0.314062 0.782422 0.314062
0 0.745312 0.290104 0.761328 0.290104 0.761328 0.318229 0.745312 0.318229
0 0.703125 0.338542 0.723047 0.338542 0.723047 0.361458 0.703125 0.361458
0 0.720703 0.122917 0.746875 0.122917 0.746875 0.150521 0.720703 0.150521
0 0.685547 0.127083 0.711328 0.127083 0.711328 0.15 0.685547 0.15
0 0.672266 0.095833 0.695312 0.095833 0.695312 0.118229 0.672266 0.118229
0 0.635938 0.091146 0.658203 0.091146 0.658203 0.116667 0.635938 0.116667
0 0.61875 0.125521 0.639062 0.125521 0.639062 0.155208 0.61875 0.155208
0 0.587109 0.135938 0.605469 0.135938 0.605469 0.175 0.587109 0.175
0 0.600781 0.208333 0.632031 0.208333 0.632031 0.235417 0.600781 0.235417
0 0.669531 0.243229 0.692188 0.243229 0.692188 0.263542 0.669531 0.263542
0 0.662891 0.276042 0.683594 0.276042 0.683594 0.3 0.662891 0.3
0 0.715625 0.236979 0.735156 0.236979 0.735156 0.265104 0.715625 0.265104
0 0.743359 0.233854 0.7625 0.233854 0.7625 0.269271 0.743359 0.269271
0 0.782422 0.248438 0.8 0.248438 0.8 0.270312 0.782422 0.270312
0 0.771875 0.202083 0.797266 0.202083 0.797266 0.223438 0.771875 0.223438
0 0.748828 0.18125 0.769531 0.18125 0.769531 0.204688 0.748828 0.204688
0 0.685547 0.207292 0.713672 0.207292 0.713672 0.232292 0.685547 0.232292
0 0.708594 0.163542 0.73125 0.163542 0.73125 0.183333 0.708594 0.183333
0 0.676172 0.154688 0.701562 0.154688 0.701562 0.175521 0.676172 0.175521
0 0.648438 0.169271 0.667578 0.169271 0.667578 0.193229 0.648438 0.193229
0 0.646094 0.040104 0.667188 0.040104 0.667188 0.070312 0.646094 0.070312
0 0.666016 0.015625 0.685938 0.015625 0.685938 0.039062 0.666016 0.039062
0 0.694141 0.010417 0.709375 0.010417 0.709375 0.041146 0.694141 0.041146
0 0.721875 0.050521 0.748828 0.050521 0.748828 0.076042 0.721875 0.076042
0 0.778125 0.039062 0.8 0.039062 0.8 0.070312 0.778125 0.070312
0 0.754297 0.001042 0.771875 0.001042 0.771875 0.025 0.754297 0.025
0 0.936719 0.156771 0.955469 0.156771 0.955469 0.186458 0.936719 0.186458
0 0.911328 0.179167 0.931641 0.179167 0.931641 0.205729 0.911328 0.205729
0 0.890625 0.209896 0.909766 0.209896 0.909766 0.239583 0.890625 0.239583
0 0.874219 0.249479 0.892578 0.249479 0.892578 0.277083 0.874219 0.277083
0 0.904688 0.249479 0.928125 0.249479 0.928125 0.28125 0.904688 0.28125
0 0.938672 0.226042 0.957812 0.226042 0.957812 0.254688 0.938672 0.254688
0 0.973828 0.206771 0.991016 0.206771 0.991016 0.233854 0.973828 0.233854
0 0.951562 0.26875 0.971875 0.26875 0.971875 0.303125 0.951562 0.303125
0 0.983594 0.2625 0.998828 0.2625 0.998828 0.289583 0.983594 0.289583
0 0.962109 0.316667 0.978516 0.316667 0.978516 0.341667 0.962109 0.341667
0 0.949219 0.354688 0.969531 0.354688 0.969531 0.377083 0.949219 0.377083
0 0.949219 0.453125 0.971875 0.453125 0.971875 0.473438 0.949219 0.473438
0 0.944922 0.490104 0.96875 0.490104 0.96875 0.510938 0.944922 0.510938
0 0.880859 0.501562 0.903906 0.501562 0.903906 0.520833 0.880859 0.520833
0 0.930469 0.556771 0.954688 0.556771 0.954688 0.580729 0.930469 0.580729
0 0.970312 0.521875 0.994922 0.521875 0.994922 0.545833 0.970312 0.545833
0 0.976172 0.575 0.999609 0.575 0.999609 0.596354 0.976172 0.596354
0 0.963281 0.603646 0.990625 0.603646 0.990625 0.625521 0.963281 0.625521
0 0.949219 0.598958 0.965625 0.598958 0.965625 0.628125 0.949219 0.628125
0 0.957422 0.636979 0.980859 0.636979 0.980859 0.664062 0.957422 0.664062
0 0.897656 0.623438 0.920703 0.623438 0.920703 0.641146 0.897656 0.641146
0 0.908594 0.5875 0.935156 0.5875 0.935156 0.614583 0.908594 0.614583
0 0.877344 0.552083 0.902344 0.552083 0.902344 0.576562 0.877344 0.576562
0 0.858203 0.632812 0.876562 0.632812 0.876562 0.656771 0.858203 0.656771
0 0.867188 0.66875 0.891016 0.66875 0.891016 0.688021 0.867188 0.688021
0 0.885156 0.698438 0.905859 0.698438 0.905859 0.732292 0.885156 0.732292
0 0.951172 0.773438 0.967188 0.773438 0.967188 0.797396 0.951172 0.797396
0 0.954688 0.822917 0.977344 0.822917 0.977344 0.842708 0.954688 0.842708
0 0.982031 0.794792 0.999609 0.794792 0.999609 0.817188 0.982031 0.817188
0 0.986328 0.735417 0.999609 0.735417 0.999609 0.757292 0.986328 0.757292
0 0.802344 0.919792 0.827734 0.919792 0.827734 0.939583 0.802344 0.939583
0 0.802734 0.889062 0.827734 0.889062 0.827734 0.907292 0.802734 0.907292
0 0.794141 0.85 0.8125 0.85 0.8125 0.875 0.794141 0.875
0 0.757422 0.828646 0.776953 0.828646 0.776953 0.857812 0.757422 0.857812
0 0.728516 0.772917 0.745312 0.772917 0.745312 0.798958 0.728516 0.798958
0 0.709766 0.807292 0.729297 0.807292 0.729297 0.824479 0.709766 0.824479
0 0.729297 0.85 0.748047 0.85 0.748047 0.868229 0.729297 0.868229
0 0.703125 0.855729 0.725 0.855729 0.725 0.885417 0.703125 0.885417
0 0.735547 0.885417 0.762891 0.885417 0.762891 0.911458 0.735547 0.911458
0 0.770312 0.942188 0.787891 0.942188 0.787891 0.9625 0.770312 0.9625
0 0.805078 0.954167 0.827734 0.954167 0.827734 0.975521 0.805078 0.975521
0 0.723438 0.926042 0.75 0.926042 0.75 0.952604 0.723438 0.952604
0 0.707031 0.975521 0.733594 0.975521 0.733594 0.996875 0.707031 0.996875
0 0.675391 0.904688 0.693359 0.904688 0.693359 0.932292 0.675391 0.932292
0 0.666797 0.813542 0.687891 0.813542 0.687891 0.834375 0.666797 0.834375
0 0.666797 0.85625 0.689844 0.85625 0.689844 0.878125 0.666797 0.878125
0 0.645703 0.907292 0.6625 0.907292 0.6625 0.935417 0.645703 0.935417
0 0.657812 0.952604 0.680078 0.952604 0.680078 0.980729 0.657812 0.980729
0 0.623828 0.923438 0.639844 0.923438 0.639844 0.946875 0.623828 0.946875
0 0.591406 0.908333 0.607812 0.908333 0.607812 0.926042 0.591406 0.926042
0 0.575781 0.88125 0.594141 0.88125 0.594141 0.901562 0.575781 0.901562
0 0.609766 0.955729 0.630859 0.955729 0.630859 0.978125 0.609766 0.978125
0 0.539062 0.9625 0.559766 0.9625 0.559766 0.988021 0.539062 0.988021
0 0.023047 0.947396 0.045703 0.947396 0.045703 0.971354 0.023047 0.971354
0 0.01875 0.907812 0.037891 0.907812 0.037891 0.931771 0.01875 0.931771
0 0.078516 0.939583 0.094922 0.939583 0.094922 0.963542 0.078516 0.963542
0 0.10625 0.9375 0.127734 0.9375 0.127734 0.966667 0.10625 0.966667
0 0.138672 0.932292 0.159766 0.932292 0.159766 0.9625 0.138672 0.9625
0 0.169531 0.959896 0.192578 0.959896 0.192578 0.989062 0.169531 0.989062
0 0.197656 0.934375 0.213672 0.934375 0.213672 0.959896 0.197656 0.959896
0 0.197656 0.969271 0.2125 0.969271 0.2125 0.989583 0.197656 0.989583
0 0.223438 0.972396 0.242188 0.972396 0.242188 0.992188 0.223438 0.992188
0 0.154688 0.8625 0.172656 0.8625 0.172656 0.885938 0.154688 0.885938
0 0.107422 0.827604 0.128125 0.827604 0.128125 0.859375 0.107422 0.859375
0 0.098438 0.890625 0.119922 0.890625 0.119922 0.918229 0.098438 0.918229
0 0.049219 0.856771 0.076172 0.856771 0.076172 0.878125 0.049219 0.878125
0 0.069531 0.755208 0.087891 0.755208 0.087891 0.780729 0.069531 0.780729
0 0.037891 0.757292 0.054688 0.757292 0.054688 0.781771 0.037891 0.781771
0 0.005859 0.751042 0.021484 0.751042 0.021484 0.774479 0.005859 0.774479
0 0.01875 0.708333 0.039844 0.708333 0.039844 0.726562 0.01875 0.726562
0 0.204688 0.325 0.234766 0.325 0.234766 0.345833 0.204688 0.345833
0 0.231641 0.347917 0.257031 0.347917 0.257031 0.364583 0.231641 0.364583
0 0.239844 0.3625 0.260938 0.3625 0.260938 0.3875 0.239844 0.3875
0 0.254297 0.413021 0.280469 0.413021 0.280469 0.436458 0.254297 0.436458
0 0.263672 0.397396 0.283594 0.397396 0.283594 0.410938 0.263672 0.410938
0 0.244922 0.453125 0.269141 0.453125 0.269141 0.472396 0.244922 0.472396
0 0.208594 0.481771 0.229297 0.481771 0.229297 0.510417 0.208594 0.510417
0 0.204297 0.527083 0.23125 0.527083 0.23125 0.553125 0.204297 0.553125
0 0.171094 0.534375 0.191016 0.534375 0.191016 0.558333 0.171094 0.558333
0 0.141797 0.570312 0.157031 0.570312 0.157031 0.593229 0.141797 0.593229
0 0.135156 0.523958 0.155078 0.523958 0.155078 0.540104 0.135156 0.540104
0 0.173438 0.496354 0.191406 0.496354 0.191406 0.517708 0.173438 0.517708
0 0.218359 0.401042 0.240625 0.401042 0.240625 0.419792 0.218359 0.419792
0 0.192578 0.366146 0.215625 0.366146 0.215625 0.382292 0.192578 0.382292
0 0.167578 0.395312 0.192578 0.395312 0.192578 0.416667 0.167578 0.416667
0 0.174609 0.428125 0.205078 0.428125 0.205078 0.450521 0.174609 0.450521
0 0.163672 0.459375 0.184766 0.459375 0.184766 0.476562 0.163672 0.476562
0 0.132031 0.477083 0.154688 0.477083 0.154688 0.498958 0.132031 0.498958
0 0.133984 0.544271 0.15 0.544271 0.15 0.563021 0.133984 0.563021
0 0.134766 0.503125 0.15 0.503125 0.15 0.523958 0.134766 0.523958
0 0.094531 0.479167 0.111328 0.479167 0.111328 0.509896 0.094531 0.509896
0 0.106641 0.402604 0.130078 0.402604 0.130078 0.420833 0.106641 0.420833
0 0.150391 0.377083 0.165234 0.377083 0.165234 0.394271 0.150391 0.394271
0 0.139062 0.327604 0.155078 0.327604 0.155078 0.349479 0.139062 0.349479
0 0.084375 0.385417 0.099609 0.385417 0.099609 0.403646 0.084375 0.403646
0 0.067188 0.45625 0.089062 0.45625 0.089062 0.480208 0.067188 0.480208
0 0.022266 0.449479 0.042188 0.449479 0.042188 0.464583 0.022266 0.464583
0 0.010156 0.410938 0.030469 0.410938 0.030469 0.434375 0.010156 0.434375
0 0.028516 0.379688 0.05 0.379688 0.05 0.4 0.028516 0.4
0 0.042188 0.339583 0.058984 0.339583 0.058984 0.357812 0.042188 0.357812
0 0.067188 0.316146 0.083203 0.316146 0.083203 0.334896 0.067188 0.334896
0 0.091016 0.307812 0.108594 0.307812 0.108594 0.335938 0.091016 0.335938
0 0.019922 0.261979 0.040625 0.261979 0.040625 0.291146 0.019922 0.291146
0 0.007812 0.21875 0.028906 0.21875 0.028906 0.242188 0.007812 0.242188
0 0.060938 0.222396 0.082422 0.222396 0.082422 0.240625 0.060938 0.240625
0 0.107812 0.25 0.129297 0.25 0.129297 0.272396 0.107812 0.272396
0 0.146094 0.2625 0.169531 0.2625 0.169531 0.283333 0.146094 0.283333
0 0.161719 0.2375 0.180078 0.2375 0.180078 0.257812 0.161719 0.257812
0 0.20625 0.221354 0.231641 0.221354 0.231641 0.240625 0.20625 0.240625
0 0.180469 0.210938 0.202734 0.210938 0.202734 0.233333 0.180469 0.233333
0 0.148828 0.205729 0.16875 0.205729 0.16875 0.227604 0.148828 0.227604
0 0.097656 0.201042 0.121875 0.201042 0.121875 0.232812 0.097656 0.232812
0 0.121094 0.163542 0.141406 0.163542 0.141406 0.191146 0.121094 0.191146
0 0.157031 0.140625 0.174609 0.140625 0.174609 0.165104 0.157031 0.165104
0 0.174219 0.172917 0.192188 0.172917 0.192188 0.19375 0.174219 0.19375
0 0.200781 0.179167 0.221875 0.179167 0.221875 0.205729 0.200781 0.205729
0 0.421875 0.223438 0.44375 0.223438 0.44375 0.246354 0.421875 0.246354
0 0.455469 0.203646 0.476562 0.203646 0.476562 0.228125 0.455469 0.228125
0 0.432031 0.185938 0.455078 0.185938 0.455078 0.209375 0.432031 0.209375
0 0.387891 0.216667 0.414844 0.216667 0.414844 0.239062 0.387891 0.239062
0 0.340234 0.236979 0.363281 0.236979 0.363281 0.265625 0.340234 0.265625
0 0.352734 0.197396 0.373047 0.197396 0.373047 0.220833 0.352734 0.220833
0 0.335547 0.177604 0.357422 0.177604 0.357422 0.201562 0.335547 0.201562
0 0.384375 0.160417 0.407812 0.160417 0.407812 0.1875 0.384375 0.1875
0 0.430078 0.119271 0.450391 0.119271 0.450391 0.146354 0.430078 0.146354
0 0.465234 0.118229 0.489844 0.118229 0.489844 0.140625 0.465234 0.140625
0 0.435547 0.048438 0.457812 0.048438 0.457812 0.084375 0.435547 0.084375
0 0.360156 0.107812 0.383984 0.107812 0.383984 0.130729 0.360156 0.130729
0 0.327734 0.139583 0.348828 0.139583 0.348828 0.160938 0.327734 0.160938
0 0.399609 0.095312 0.418359 0.095312 0.418359 0.125 0.399609 0.125
0 0.483594 0.060417 0.50625 0.060417 0.50625 0.086979 0.483594 0.086979
0 0.469922 0.032812 0.488281 0.032812 0.488281 0.055208 0.469922 0.055208
0 0.393359 0.002083 0.416016 0.002083 0.416016 0.026042 0.393359 0.026042
0 0.332031 0.030729 0.358203 0.030729 0.358203 0.055729 0.332031 0.055729
0 0.338281 0.070312 0.359766 0.070312 0.359766 0.088021 0.338281 0.088021
0 0.30625 0.113021 0.328125 0.113021 0.328125 0.139062 0.30625 0.139062
0 0.291797 0.088021 0.311719 0.088021 0.311719 0.113542 0.291797 0.113542
0 0.270312 0.128646 0.289453 0.128646 0.289453 0.158854 0.270312 0.158854
0 0.259766 0.058854 0.280469 0.058854 0.280469 0.082292 0.259766 0.082292
0 0.232812 0.040104 0.258203 0.040104 0.258203 0.059375 0.232812 0.059375
0 0.274219 0.020312 0.29375 0.020312 0.29375 0.045312 0.274219 0.045312
0 0.245703 0.0 0.265234 0.0 0.265234 0.017188 0.245703 0.017188
0 0.216797 0.0 0.235938 0.0 0.235938 0.016667 0.216797 0.016667
0 0.054297 0.195312 0.069141 0.195312 0.069141 0.209375 0.054297 0.209375
0 0.088281 0.142188 0.102344 0.142188 0.102344 0.163021 0.088281 0.163021
0 0.094141 0.073958 0.114062 0.073958 0.114062 0.09375 0.094141 0.09375
0 0.067969 0.04375 0.091406 0.04375 0.091406 0.063542 0.067969 0.063542
0 0.123828 0.039583 0.144922 0.039583 0.144922 0.057292 0.123828 0.057292
0 0.147266 0.001562 0.164844 0.001562 0.164844 0.029167 0.147266 0.029167
0 0.089453 0.004167 0.113672 0.004167 0.113672 0.023958 0.089453 0.023958
0 0.059766 0.0 0.081641 0.0 0.081641 0.015104 0.059766 0.015104
0 0.020312 0.018229 0.041406 0.018229 0.041406 0.034375 0.020312 0.034375
0 0.03125 0.053646 0.052734 0.053646 0.052734 0.071354 0.03125 0.071354
0 0.04375 0.099479 0.064844 0.099479 0.064844 0.119271 0.04375 0.119271
0 0.010547 0.116667 0.026953 0.116667 0.026953 0.144792 0.010547 0.144792
0 0.026562 0.092188 0.041797 0.092188 0.041797 0.108854 0.026562 0.108854