0 0.047656 0.005208 0.063281 0.005208 0.063281 0.033854 0.047656 0.033854
0 0.075 0.027083 0.093359 0.027083 0.093359 0.054167 0.075 0.054167
0 0.100391 0.039062 0.121875 0.039062 0.121875 0.068229 0.100391 0.068229
0 0.120312 0.005729 0.141406 0.005729 0.141406 0.030208 0.120312 0.030208
0 0.044922 0.076042 0.064844 0.076042 0.064844 0.106771 0.044922 0.106771
0 0.066797 0.097396 0.090234 0.097396 0.090234 0.125 0.066797 0.125
0 0.093359 0.1125 0.110938 0.1125 0.110938 0.136979 0.093359 0.136979
0 0.119531 0.078125 0.139453 0.078125 0.139453 0.105208 0.119531 0.105208
0 0.139844 0.042188 0.160547 0.042188 0.160547 0.065104 0.139844 0.065104
0 0.177344 0.019271 0.195312 0.019271 0.195312 0.052083 0.177344 0.052083
0 0.207812 0.014583 0.226953 0.014583 0.226953 0.038021 0.207812 0.038021
0 0.001562 0.003125 0.015625 0.003125 0.015625 0.024479 0.001562 0.024479
0 0.001562 0.161979 0.039453 0.161979 0.039453 0.192708 0.001562 0.192708
0 0.307031 0.0 0.326953 0.0 0.326953 0.023438 0.307031 0.023438
0 0.064062 0.268229 0.088281 0.268229 0.088281 0.305208 0.064062 0.305208
0 0.029688 0.288542 0.051172 0.288542 0.051172 0.317708 0.029688 0.317708
0 0.046875 0.325521 0.068359 0.325521 0.068359 0.357292 0.046875 0.357292
0 0.001953 0.335417 0.025781 0.335417 0.025781 0.365625 0.001953 0.365625
0 0.032422 0.375 0.060156 0.375 0.060156 0.404688 0.032422 0.404688
0 0.113672 0.304167 0.134766 0.304167 0.134766 0.332292 0.113672 0.332292
0 0.115234 0.347917 0.134766 0.347917 0.134766 0.373438 0.115234 0.373438
0 0.126953 0.277604 0.148047 0.277604 0.148047 0.308854 0.126953 0.308854
0 0.120312 0.233333 0.141016 0.233333 0.141016 0.263542 0.120312 0.263542
0 0.142188 0.217708 0.171484 0.217708 0.171484 0.242188 0.142188 0.242188
0 0.150781 0.250521 0.176953 0.250521 0.176953 0.273958 0.150781 0.273958
0 0.214062 0.252083 0.233203 0.252083 0.233203 0.277604 0.214062 0.277604
0 0.191406 0.270312 0.212891 0.270312 0.212891 0.303646 0.191406 0.303646
0 0.157031 0.29375 0.180078 0.29375 0.180078 0.321875 0.157031 0.321875
0 0.185938 0.325 0.205859 0.325 0.205859 0.349479 0.185938 0.349479
0 0.208984 0.319792 0.229297 0.319792 0.229297 0.348438 0.208984 0.348438
0 0.147656 0.356771 0.170312 0.356771 0.170312 0.388542 0.147656 0.388542
0 0.204688 0.367708 0.226562 0.367708 0.226562 0.391146 0.204688 0.391146
0 0.173047 0.397917 0.194141 0.397917 0.194141 0.420833 0.173047 0.420833
0 0.117578 0.397396 0.136328 0.397396 0.136328 0.422396 0.117578 0.422396
0 0.080078 0.391146 0.101562 0.391146 0.101562 0.420833 0.080078 0.420833
0 0.102734 0.425521 0.123828 0.425521 0.123828 0.454167 0.102734 0.454167
0 0.142188 0.439583 0.1625 0.439583 0.1625 0.471875 0.142188 0.471875
0 0.182422 0.445312 0.208984 0.445312 0.208984 0.468229 0.182422 0.468229
0 0.217188 0.44375 0.247266 0.44375 0.247266 0.470312 0.217188 0.470312
0 0.201953 0.217188 0.222656 0.217188 0.222656 0.251042 0.201953 0.251042
0 0.269531 0.238021 0.29375 0.238021 0.29375 0.26875 0.269531 0.26875
0 0.284375 0.283333 0.305469 0.283333 0.305469 0.316667 0.284375 0.316667
0 0.310156 0.310938 0.329688 0.310938 0.329688 0.3375 0.310156 0.3375
0 0.300391 0.351562 0.319922 0.351562 0.319922 0.383333 0.300391 0.383333
0 0.327344 0.357292 0.346484 0.357292 0.346484 0.3875 0.327344 0.3875
0 0.361328 0.367188 0.384375 0.367188 0.384375 0.401562 0.361328 0.401562
0 0.305859 0.406771 0.328516 0.406771 0.328516 0.436979 0.305859 0.436979
0 0.330078 0.445833 0.355078 0.445833 0.355078 0.478646 0.330078 0.478646
0 0.373438 0.411979 0.394922 0.411979 0.394922 0.439583 0.373438 0.439583
0 0.279297 0.206771 0.303516 0.206771 0.303516 0.238021 0.279297 0.238021
0 0.329297 0.192708 0.351172 0.192708 0.351172 0.225521 0.329297 0.225521
0 0.341406 0.153125 0.367969 0.153125 0.367969 0.177083 0.341406 0.177083
0 0.383594 0.142708 0.405078 0.142708 0.405078 0.168229 0.383594 0.168229
0 0.406641 0.176562 0.432031 0.176562 0.432031 0.198438 0.406641 0.198438
0 0.427344 0.130729 0.451953 0.130729 0.451953 0.155208 0.427344 0.155208
0 0.452734 0.114583 0.471484 0.114583 0.471484 0.143229 0.452734 0.143229
0 0.457422 0.171875 0.478125 0.171875 0.478125 0.203125 0.457422 0.203125
0 0.507031 0.185417 0.533984 0.185417 0.533984 0.211979 0.507031 0.211979
0 0.358594 0.194792 0.377344 0.194792 0.377344 0.223958 0.358594 0.223958
0 0.384375 0.227604 0.413281 0.227604 0.413281 0.259896 0.384375 0.259896
0 0.35625 0.238542 0.376953 0.238542 0.376953 0.268229 0.35625 0.268229
0 0.332031 0.266667 0.354688 0.266667 0.354688 0.292188 0.332031 0.292188
0 0.344531 0.300521 0.369531 0.300521 0.369531 0.325 0.344531 0.325
0 0.374609 0.314062 0.391016 0.314062 0.391016 0.341146 0.374609 0.341146
0 0.403906 0.335938 0.425391 0.335938 0.425391 0.3625 0.403906 0.3625
0 0.443359 0.339583 0.463281 0.339583 0.463281 0.374479 0.443359 0.374479
0 0.426562 0.3 0.446094 0.3 0.446094 0.328125 0.426562 0.328125
0 0.435938 0.2125 0.454688 0.2125 0.454688 0.252083 0.435938 0.252083
0 0.464844 0.226042 0.484766 0.226042 0.484766 0.261458 0.464844 0.261458
0 0.500391 0.230208 0.523438 0.230208 0.523438 0.269792 0.500391 0.269792
0 0.482422 0.290104 0.507422 0.290104 0.507422 0.316146 0.482422 0.316146
0 0.521484 0.311458 0.547266 0.311458 0.547266 0.339062 0.521484 0.339062
0 0.495703 0.364062 0.520312 0.364062 0.520312 0.389062 0.495703 0.389062
0 0.537891 0.360938 0.55625 0.360938 0.55625 0.392708 0.537891 0.392708
0 0.49375 0.411458 0.521875 0.411458 0.521875 0.438021 0.49375 0.438021
0 0.455469 0.43125 0.477734 0.43125 0.477734 0.459375 0.455469 0.459375
0 0.420703 0.383854 0.438281 0.383854 0.438281 0.411458 0.420703 0.411458
0 0.391016 0.404167 0.410547 0.404167 0.410547 0.432812 0.391016 0.432812
0 0.417578 0.446875 0.437109 0.446875 0.437109 0.482812 0.417578 0.482812
0 0.470312 0.475 0.491016 0.475 0.491016 0.505729 0.470312 0.505729
0 0.430859 0.506771 0.456641 0.506771 0.456641 0.532292 0.430859 0.532292
0 0.495703 0.516146 0.525 0.516146 0.525 0.542708 0.495703 0.542708
0 0.544141 0.198958 0.567188 0.198958 0.567188 0.232812 0.544141 0.232812
0 0.522266 0.227083 0.547656 0.227083 0.547656 0.264583 0.522266 0.264583
0 0.544141 0.265104 0.561719 0.265104 0.561719 0.298958 0.544141 0.298958
0 0.562891 0.275 0.587109 0.275 0.587109 0.309375 0.562891 0.309375
0 0.561328 0.317708 0.591797 0.317708 0.591797 0.344271 0.561328 0.344271
0 0.573438 0.356771 0.597266 0.356771 0.597266 0.386458 0.573438 0.386458
0 0.577734 0.392188 0.599219 0.392188 0.599219 0.416667 0.577734 0.416667
0 0.550781 0.425521 0.570312 0.425521 0.570312 0.456771 0.550781 0.456771
0 0.575 0.441667 0.596094 0.441667 0.596094 0.473438 0.575 0.473438
0 0.559375 0.475 0.581641 0.475 0.581641 0.509375 0.559375 0.509375
0 0.507812 0.459375 0.526953 0.459375 0.526953 0.493229 0.507812 0.493229
0 0.544922 0.526562 0.564453 0.526562 0.564453 0.560938 0.544922 0.560938
0 0.580859 0.504167 0.602734 0.504167 0.602734 0.529688 0.580859 0.529688
0 0.580078 0.552604 0.609766 0.552604 0.609766 0.582292 0.580078 0.582292
0 0.545703 0.578646 0.564062 0.578646 0.564062 0.608333 0.545703 0.608333
0 0.573828 0.605208 0.596094 0.605208 0.596094 0.633854 0.573828 0.633854
0 0.695312 0.613021 0.717578 0.613021 0.717578 0.638021 0.695312 0.638021
0 0.686719 0.576042 0.712109 0.576042 0.712109 0.599479 0.686719 0.599479
0 0.667188 0.53125 0.691406 0.53125 0.691406 0.55625 0.667188 0.55625
0 0.679688 0.482292 0.701953 0.482292 0.701953 0.508854 0.679688 0.508854
0 0.624609 0.522396 0.648047 0.522396 0.648047 0.555729 0.624609 0.555729
0 0.641016 0.567188 0.6625 0.567188 0.6625 0.598958 0.641016 0.598958
0 0.651953 0.626562 0.680078 0.626562 0.680078 0.653646 0.651953 0.653646
0 0.613672 0.627083 0.638281 0.627083 0.638281 0.653646 0.613672 0.653646
0 0.035156 0.433333 0.058203 0.433333 0.058203 0.459375 0.035156 0.459375
0 0.000781 0.43125 0.020312 0.43125 0.020312 0.457292 0.000781 0.457292
0 0.019531 0.460938 0.034766 0.460938 0.034766 0.481771 0.019531 0.481771
0 0.05 0.48125 0.069922 0.48125 0.069922 0.507812 0.05 0.507812
0 0.083203 0.459896 0.103125 0.459896 0.103125 0.494792 0.083203 0.494792
0 0.0 0.496875 0.016406 0.496875 0.016406 0.522917 0.0 0.522917
0 0.048828 0.526042 0.06875 0.526042 0.06875 0.556771 0.048828 0.556771
0 0.074609 0.542708 0.092969 0.542708 0.092969 0.567708 0.074609 0.567708
0 0.173438 0.516667 0.191797 0.516667 0.191797 0.548438 0.173438 0.548438
0 0.203125 0.495833 0.223438 0.495833 0.223438 0.525521 0.203125 0.525521
0 0.225391 0.522917 0.243359 0.522917 0.243359 0.548958 0.225391 0.548958
0 0.241797 0.557812 0.260938 0.557812 0.260938 0.588021 0.241797 0.588021
0 0.278125 0.535938 0.29375 0.535938 0.29375 0.565625 0.278125 0.565625
0 0.190234 0.564583 0.221484 0.564583 0.221484 0.590625 0.190234 0.590625
0 0.4875 0.585938 0.506641 0.585938 0.506641 0.615104 0.4875 0.615104
0 0.421094 0.582292 0.442578 0.582292 0.442578 0.613542 0.421094 0.613542
0 0.360547 0.546875 0.382422 0.546875 0.382422 0.577083 0.360547 0.577083
0 0.322656 0.568229 0.345312 0.568229 0.345312 0.595833 0.322656 0.595833
0 0.326562 0.604167 0.349219 0.604167 0.349219 0.626562 0.326562 0.626562
0 0.354688 0.594792 0.372656 0.594792 0.372656 0.629167 0.354688 0.629167
0 0.380078 0.589583 0.401953 0.589583 0.401953 0.621354 0.380078 0.621354
0 0.395703 0.627083 0.416797 0.627083 0.416797 0.654688 0.395703 0.654688
0 0.429297 0.651562 0.448438 0.651562 0.448438 0.667708 0.429297 0.667708
0 0.002344 0.580729 0.026172 0.580729 0.026172 0.613021 0.002344 0.613021
0 0.049609 0.584375 0.073438 0.584375 0.073438 0.613542 0.049609 0.613542
0 0.080469 0.588542 0.104297 0.588542 0.104297 0.622396 0.080469 0.622396
0 0.062891 0.627604 0.096094 0.627604 0.096094 0.666146 0.062891 0.666146
0 0.028125 0.625 0.059766 0.625 0.059766 0.653125 0.028125 0.653125
0 0.001172 0.654167 0.032031 0.654167 0.032031 0.69375 0.001172 0.69375
0 0.035156 0.675 0.055859 0.675 0.055859 0.708333 0.035156 0.708333
0 0.060547 0.682812 0.080469 0.682812 0.080469 0.715104 0.060547 0.715104
0 0.136719 0.694792 0.159375 0.694792 0.159375 0.722396 0.136719 0.722396
0 0.142969 0.636458 0.157812 0.636458 0.157812 0.663021 0.142969 0.663021
0 0.166797 0.613542 0.189062 0.613542 0.189062 0.64375 0.166797 0.64375
0 0.214062 0.603646 0.235547 0.603646 0.235547 0.630729 0.214062 0.630729
0 0.243359 0.602083 0.268359 0.602083 0.268359 0.6375 0.243359 0.6375
0 0.235156 0.640104 0.254688 0.640104 0.254688 0.668229 0.235156 0.668229
0 0.272656 0.634375 0.290234 0.634375 0.290234 0.659896 0.272656 0.659896
0 0.255078 0.665625 0.279688 0.665625 0.279688 0.691667 0.255078 0.691667
0 0.264453 0.70625 0.291016 0.70625 0.291016 0.732812 0.264453 0.732812
0 0.208203 0.679688 0.235938 0.679688 0.235938 0.707812 0.208203 0.707812
0 0.168359 0.678646 0.191797 0.678646 0.191797 0.711979 0.168359 0.711979
0 0.032422 0.730208 0.051953 0.730208 0.051953 0.758854 0.032422 0.758854
0 0.001953 0.702083 0.017969 0.702083 0.017969 0.721875 0.001953 0.721875
0 0.107812 0.742188 0.135547 0.742188 0.135547 0.772917 0.107812 0.772917
0 0.161328 0.730729 0.180859 0.730729 0.180859 0.756771 0.161328 0.756771
0 0.195703 0.731771 0.223047 0.731771 0.223047 0.753646 0.195703 0.753646
0 0.205859 0.759896 0.228906 0.759896 0.228906 0.785417 0.205859 0.785417
0 0.243359 0.782812 0.267188 0.782812 0.267188 0.809896 0.243359 0.809896
0 0.253906 0.740625 0.276562 0.740625 0.276562 0.76875 0.253906 0.76875
0 0.220312 0.854167 0.248047 0.854167 0.248047 0.875521 0.220312 0.875521
0 0.139844 0.844792 0.167188 0.844792 0.167188 0.868229 0.139844 0.868229
0 0.086328 0.855208 0.111719 0.855208 0.111719 0.880208 0.086328 0.880208
0 0.064062 0.895833 0.089453 0.895833 0.089453 0.923438 0.064062 0.923438
0 0.116797 0.884375 0.140625 0.884375 0.140625 0.907292 0.116797 0.907292
0 0.167188 0.882292 0.186328 0.882292 0.186328 0.905208 0.167188 0.905208
0 0.208984 0.882292 0.233594 0.882292 0.233594 0.908333 0.208984 0.908333
0 0.183594 0.910938 0.203516 0.910938 0.203516 0.936979 0.183594 0.936979
0 0.211719 0.940625 0.240234 0.940625 0.240234 0.960417 0.211719 0.960417
0 0.200391 0.977604 0.221875 0.977604 0.221875 0.999479 0.200391 0.999479
0 0.229688 0.981771 0.252734 0.981771 0.252734 0.998438 0.229688 0.998438
0 0.160547 0.933333 0.176953 0.933333 0.176953 0.958333 0.160547 0.958333
0 0.131641 0.93125 0.152734 0.93125 0.152734 0.958854 0.131641 0.958854
0 0.095703 0.948958 0.114844 0.948958 0.114844 0.977604 0.095703 0.977604
0 0.057812 0.946354 0.075 0.946354 0.075 0.970833 0.057812 0.970833
0 0.029297 0.958854 0.055859 0.958854 0.055859 0.990625 0.029297 0.990625
0 0.323438 0.703125 0.342188 0.703125 0.342188 0.733333 0.323438 0.733333
0 0.326953 0.754688 0.348047 0.754688 0.348047 0.789062 0.326953 0.789062
0 0.364453 0.793229 0.386328 0.793229 0.386328 0.820833 0.364453 0.820833
0 0.349219 0.823438 0.370703 0.823438 0.370703 0.852083 0.349219 0.852083
0 0.389453 0.853646 0.412109 0.853646 0.412109 0.873438 0.389453 0.873438
0 0.357031 0.675521 0.383594 0.675521 0.383594 0.696875 0.357031 0.696875
0 0.389453 0.672917 0.412109 0.672917 0.412109 0.705729 0.389453 0.705729
0 0.358984 0.703125 0.380859 0.703125 0.380859 0.736979 0.358984 0.736979
0 0.400781 0.719792 0.422266 0.719792 0.422266 0.750521 0.400781 0.750521
0 0.423828 0.698438 0.448438 0.698438 0.448438 0.732812 0.423828 0.732812
0 0.466797 0.767188 0.488281 0.767188 0.488281 0.800521 0.466797 0.800521
0 0.427734 0.761979 0.451562 0.761979 0.451562 0.796354 0.427734 0.796354
0 0.36875 0.743229 0.392188 0.743229 0.392188 0.771354 0.36875 0.771354
0 0.397656 0.793229 0.417969 0.793229 0.417969 0.825 0.397656 0.825
0 0.422266 0.830208 0.441016 0.830208 0.441016 0.861979 0.422266 0.861979
0 0.450781 0.805729 0.472266 0.805729 0.472266 0.834896 0.450781 0.834896
0 0.466797 0.836458 0.487891 0.836458 0.487891 0.866667 0.466797 0.866667
0 0.50625 0.819271 0.530859 0.819271 0.530859 0.855208 0.50625 0.855208
0 0.548438 0.874479 0.567969 0.874479 0.567969 0.900521 0.548438 0.900521
0 0.578125 0.884896 0.6 0.884896 0.6 0.910938 0.578125 0.910938
0 0.441797 0.677083 0.466797 0.677083 0.466797 0.709896 0.441797 0.709896
0 0.540625 0.640104 0.563672 0.640104 0.563672 0.676042 0.540625 0.676042
0 0.527734 0.689583 0.554688 0.689583 0.554688 0.718229 0.527734 0.718229
0 0.569531 0.663021 0.589453 0.663021 0.589453 0.695312 0.569531 0.695312
0 0.515234 0.672396 0.535156 0.672396 0.535156 0.704688 0.515234 0.704688
0 0.604297 0.698438 0.630078 0.698438 0.630078 0.723958 0.604297 0.723958
0 0.630078 0.658854 0.650781 0.658854 0.650781 0.682812 0.630078 0.682812
0 0.6625 0.657292 0.689453 0.657292 0.689453 0.688542 0.6625 0.688542
0 0.686719 0.698438 0.717188 0.698438 0.717188 0.732812 0.686719 0.732812
0 0.727734 0.717188 0.757812 0.717188 0.757812 0.741667 0.727734 0.741667
0 0.720312 0.742708 0.745312 0.742708 0.745312 0.76875 0.720312 0.76875
0 0.681641 0.757292 0.707422 0.757292 0.707422 0.782812 0.681641 0.782812
0 0.642188 0.739062 0.667969 0.739062 0.667969 0.766146 0.642188 0.766146
0 0.655859 0.771354 0.679297 0.771354 0.679297 0.792188 0.655859 0.792188
0 0.547266 0.728646 0.566406 0.728646 0.566406 0.760417 0.547266 0.760417
0 0.577344 0.742708 0.603125 0.742708 0.603125 0.767708 0.577344 0.767708
0 0.583594 0.778646 0.608594 0.778646 0.608594 0.804688 0.583594 0.804688
0 0.610547 0.794792 0.636719 0.794792 0.636719 0.819271 0.610547 0.819271
0 0.672266 0.797396 0.695312 0.797396 0.695312 0.824479 0.672266 0.824479
0 0.710938 0.780208 0.741016 0.780208 0.741016 0.80625 0.710938 0.80625
0 0.70625 0.813021 0.726562 0.813021 0.726562 0.835938 0.70625 0.835938
0 0.673828 0.845833 0.696875 0.845833 0.696875 0.877604 0.673828 0.877604
0 0.60625 0.851562 0.635156 0.851562 0.635156 0.876562 0.60625 0.876562
0 0.571875 0.832292 0.595703 0.832292 0.595703 0.855208 0.571875 0.855208
0 0.561328 0.848958 0.588281 0.848958 0.588281 0.875 0.561328 0.875
0 0.807031 0.938542 0.821875 0.938542 0.821875 0.967188 0.807031 0.967188
0 0.78125 0.948958 0.801562 0.948958 0.801562 0.974479 0.78125 0.974479
0 0.739844 0.932292 0.762891 0.932292 0.762891 0.963542 0.739844 0.963542
0 0.697656 0.947917 0.725 0.947917 0.725 0.972396 0.697656 0.972396
0 0.670312 0.934375 0.69375 0.934375 0.69375 0.959375 0.670312 0.959375
0 0.60625 0.946354 0.626953 0.946354 0.626953 0.972396 0.60625 0.972396
0 0.590625 0.984375 0.612109 0.984375 0.612109 0.999479 0.590625 0.999479
0 0.652344 0.978646 0.673047 0.978646 0.673047 0.998958 0.652344 0.998958
0 0.681641 0.980729 0.701562 0.980729 0.701562 0.999479 0.681641 0.999479
0 0.707812 0.905208 0.731641 0.905208 0.731641 0.933854 0.707812 0.933854
0 0.717969 0.872396 0.742969 0.872396 0.742969 0.900521 0.717969 0.900521
0 0.748828 0.890104 0.764453 0.890104 0.764453 0.921875 0.748828 0.921875
0 0.766406 0.870312 0.789062 0.870312 0.789062 0.901562 0.766406 0.901562
0 0.976172 0.020833 0.998438 0.020833 0.998438 0.053646 0.976172 0.053646
0 0.937891 0.000521 0.965625 0.000521 0.965625 0.022396 0.937891 0.022396
0 0.861719 0.004688 0.880859 0.004688 0.880859 0.04375 0.861719 0.04375
0 0.908594 0.047396 0.935938 0.047396 0.935938 0.071354 0.908594 0.071354
0 0.940234 0.080208 0.963672 0.080208 0.963672 0.108854 0.940234 0.108854
0 0.917188 0.081771 0.937891 0.081771 0.937891 0.1125 0.917188 0.1125
0 0.903125 0.147917 0.921484 0.147917 0.921484 0.183333 0.903125 0.183333
0 0.867188 0.109375 0.885547 0.109375 0.885547 0.1375 0.867188 0.1375
0 0.83125 0.075 0.850391 0.075 0.850391 0.110417 0.83125 0.110417
0 0.790234 0.013542 0.816797 0.013542 0.816797 0.043229 0.790234 0.043229
0 0.772656 0.051042 0.796875 0.051042 0.796875 0.079167 0.772656 0.079167
0 0.847266 0.128125 0.871094 0.128125 0.871094 0.165625 0.847266 0.165625
0 0.789844 0.151562 0.814453 0.151562 0.814453 0.183333 0.789844 0.183333
0 0.764062 0.163542 0.786328 0.163542 0.786328 0.191667 0.764062 0.191667
0 0.775391 0.098438 0.798047 0.098438 0.798047 0.130208 0.775391 0.130208
0 0.735938 0.108854 0.759375 0.108854 0.759375 0.141146 0.735938 0.141146
0 0.712891 0.038021 0.733594 0.038021 0.733594 0.065104 0.712891 0.065104
0 0.730859 0.015625 0.755859 0.015625 0.755859 0.041667 0.730859 0.041667
0 0.607031 0.024479 0.635938 0.024479 0.635938 0.048958 0.607031 0.048958
0 0.656641 0.034375 0.682422 0.034375 0.682422 0.064062 0.656641 0.064062
0 0.640625 0.066667 0.661328 0.066667 0.661328 0.100521 0.640625 0.100521
0 0.621875 0.100521 0.646875 0.100521 0.646875 0.124479 0.621875 0.124479
0 0.6125 0.131771 0.640234 0.131771 0.640234 0.156771 0.6125 0.156771
0 0.670703 0.094271 0.698438 0.094271 0.698438 0.132292 0.670703 0.132292
0 0.687109 0.066146 0.709375 0.066146 0.709375 0.097917 0.687109 0.097917
0 0.704297 0.114583 0.726953 0.114583 0.726953 0.151042 0.704297 0.151042
0 0.725391 0.15625 0.748047 0.15625 0.748047 0.184896 0.725391 0.184896
0 0.665234 0.149479 0.686328 0.149479 0.686328 0.185417 0.665234 0.185417
0 0.667188 0.198958 0.686719 0.198958 0.686719 0.232292 0.667188 0.232292
0 0.694531 0.219792 0.712109 0.219792 0.712109 0.251563 0.694531 0.251563
0 0.717578 0.220833 0.735938 0.220833 0.735938 0.269271 0.717578 0.269271
0 0.739453 0.228646 0.758594 0.228646 0.758594 0.269271 0.739453 0.269271
0 0.951562 0.986979 0.967969 0.986979 0.967969 0.998438 0.951562 0.998438
0 0.966406 0.964583 0.9875 0.964583 0.9875 0.984375 0.966406 0.984375
0 0.963281 0.916146 0.984375 0.916146 0.984375 0.9375 0.963281 0.9375
0 0.941797 0.881771 0.964453 0.881771 0.964453 0.910938 0.941797 0.910938
0 0.978125 0.88125 0.999219 0.88125 0.999219 0.898958 0.978125 0.898958
0 0.966406 0.8375 0.992188 0.8375 0.992188 0.863542 0.966406 0.863542
0 0.916797 0.850521 0.939062 0.850521 0.939062 0.880729 0.916797 0.880729
0 0.945703 0.809375 0.974609 0.809375 0.974609 0.834375 0.945703 0.834375
0 0.887891 0.853125 0.910156 0.853125 0.910156 0.886979 0.887891 0.886979
0 0.887109 0.809375 0.914844 0.809375 0.914844 0.839062 0.887109 0.839062
0 0.894922 0.774479 0.921484 0.774479 0.921484 0.800521 0.894922 0.800521
0 0.944922 0.754688 0.969531 0.754688 0.969531 0.790625 0.944922 0.790625
0 0.944141 0.725521 0.972266 0.725521 0.972266 0.753125 0.944141 0.753125
0 0.858984 0.735938 0.881641 0.735938 0.881641 0.768229 0.858984 0.768229
0 0.864844 0.674479 0.894141 0.674479 0.894141 0.701562 0.864844 0.701562
0 0.903906 0.675 0.927344 0.675 0.927344 0.703125 0.903906 0.703125
0 0.804297 0.58125 0.824219 0.58125 0.824219 0.613021 0.804297 0.613021
0 0.825781 0.608333 0.851172 0.608333 0.851172 0.638542 0.825781 0.638542
0 0.839453 0.64375 0.864453 0.64375 0.864453 0.666146 0.839453 0.666146
0 0.869922 0.614583 0.891016 0.614583 0.891016 0.647396 0.869922 0.647396
0 0.852344 0.576042 0.874609 0.576042 0.874609 0.599479 0.852344 0.599479
0 0.878516 0.546875 0.9 0.546875 0.9 0.574479 0.878516 0.574479
0 0.911328 0.563021 0.93125 0.563021 0.93125 0.594792 0.911328 0.594792
0 0.898047 0.598958 0.919922 0.598958 0.919922 0.633854 0.898047 0.633854
0 0.928125 0.611458 0.948438 0.611458 0.948438 0.638542 0.928125 0.638542
0 0.972266 0.616146 0.994531 0.616146 0.994531 0.649479 0.972266 0.649479
0 0.941797 0.565104 0.958594 0.565104 0.958594 0.599479 0.941797 0.599479
0 0.961719 0.570312 0.975 0.570312 0.975 0.59375 0.961719 0.59375
0 0.976953 0.580208 0.995312 0.580208 0.995312 0.608854 0.976953 0.608854
0 0.786719 0.500521 0.810547 0.500521 0.810547 0.532812 0.786719 0.532812
0 0.763281 0.475521 0.783203 0.475521 0.783203 0.511458 0.763281 0.511458
0 0.753516 0.500521 0.773828 0.500521 0.773828 0.528646 0.753516 0.528646
0 0.762891 0.423438 0.783984 0.423438 0.783984 0.452604 0.762891 0.452604
0 0.79375 0.423438 0.820312 0.423438 0.820312 0.454688 0.79375 0.454688
0 0.846484 0.446354 0.865625 0.446354 0.865625 0.476562 0.846484 0.476562
0 0.858984 0.405729 0.882812 0.405729 0.882812 0.43125 0.858984 0.43125
0 0.841016 0.366146 0.8625 0.366146 0.8625 0.394271 0.841016 0.394271
0 0.801172 0.375 0.827734 0.375 0.827734 0.405729 0.801172 0.405729
0 0.772266 0.378646 0.796484 0.378646 0.796484 0.415625 0.772266 0.415625
0 0.807031 0.330729 0.833203 0.330729 0.833203 0.3625 0.807031 0.3625
0 0.892188 0.522396 0.919922 0.522396 0.919922 0.546875 0.892188 0.546875
0 0.968359 0.502083 0.996484 0.502083 0.996484 0.5375 0.968359 0.5375
0 0.973047 0.454167 0.999219 0.454167 0.999219 0.492188 0.973047 0.492188
0 0.900781 0.479688 0.928516 0.479688 0.928516 0.507812 0.900781 0.507812
0 0.916797 0.452604 0.937891 0.452604 0.937891 0.480729 0.916797 0.480729
0 0.921094 0.427604 0.947266 0.427604 0.947266 0.451042 0.921094 0.451042
0 0.966016 0.397917 0.988672 0.397917 0.988672 0.425 0.966016 0.425
0 0.964844 0.364583 0.987109 0.364583 0.987109 0.389062 0.964844 0.389062
0 0.988281 0.355208 0.999609 0.355208 0.999609 0.379167 0.988281 0.379167
0 0.959375 0.327604 0.976953 0.327604 0.976953 0.352604 0.959375 0.352604
0 0.925781 0.3375 0.946484 0.3375 0.946484 0.369271 0.925781 0.369271
0 0.886719 0.364583 0.919141 0.364583 0.919141 0.391146 0.886719 0.391146
0 0.878906 0.327604 0.895703 0.327604 0.895703 0.360938 0.878906 0.360938
0 0.850391 0.332292 0.871484 0.332292 0.871484 0.357812 0.850391 0.357812
0 0.832422 0.285417 0.858984 0.285417 0.858984 0.313542 0.832422 0.313542
0 0.889453 0.253125 0.914062 0.253125 0.914062 0.277604 0.889453 0.277604
0 0.880078 0.284375 0.902734 0.284375 0.902734 0.309375 0.880078 0.309375
0 0.902734 0.319792 0.925781 0.319792 0.925781 0.340104 0.902734 0.340104