0 0.001562 0.026562 0.016016 0.026562 0.016016 0.054688 0.001562 0.054688
0 0.007422 0.0 0.022266 0.0 0.022266 0.009896 0.007422 0.009896
0 0.039062 0.003646 0.053125 0.003646 0.053125 0.030208 0.039062 0.030208
0 0.059766 0.035938 0.075391 0.035938 0.075391 0.066146 0.059766 0.066146
0 0.084375 0.054167 0.100781 0.054167 0.100781 0.088542 0.084375 0.088542
0 0.094922 0.0125 0.110938 0.0125 0.110938 0.040104 0.094922 0.040104
0 0.129688 0.050521 0.144922 0.050521 0.144922 0.075521 0.129688 0.075521
0 0.037109 0.057812 0.055469 0.057812 0.055469 0.080208 0.037109 0.080208
0 0.035156 0.103125 0.053906 0.103125 0.053906 0.125 0.035156 0.125
0 0.037109 0.145833 0.065234 0.145833 0.065234 0.175 0.037109 0.175
0 0.151953 0.011979 0.170312 0.011979 0.170312 0.038542 0.151953 0.038542
0 0.186719 0.0 0.200781 0.0 0.200781 0.023958 0.186719 0.023958
0 0.237891 0.028125 0.257812 0.028125 0.257812 0.053125 0.237891 0.053125
0 0.251172 0.0 0.267188 0.0 0.267188 0.014062 0.251172 0.014062
0 0.276562 0.003646 0.294531 0.003646 0.294531 0.033333 0.276562 0.033333
0 0.226562 0.003646 0.243359 0.003646 0.243359 0.032292 0.226562 0.032292
0 0.098438 0.211458 0.119531 0.211458 0.119531 0.234896 0.098438 0.234896
0 0.125 0.232812 0.141797 0.232812 0.141797 0.261458 0.125 0.261458
0 0.148828 0.208333 0.169531 0.208333 0.169531 0.233854 0.148828 0.233854
0 0.183984 0.203125 0.201953 0.203125 0.201953 0.233854 0.183984 0.233854
0 0.201953 0.169792 0.221484 0.169792 0.221484 0.198958 0.201953 0.198958
0 0.211719 0.204167 0.229297 0.204167 0.229297 0.236979 0.211719 0.236979
0 0.233984 0.205208 0.251563 0.205208 0.251563 0.236979 0.233984 0.236979
0 0.230469 0.148958 0.251172 0.148958 0.251172 0.170312 0.230469 0.170312
0 0.265234 0.159896 0.282812 0.159896 0.282812 0.190625 0.265234 0.190625
0 0.050781 0.305729 0.066016 0.305729 0.066016 0.333854 0.050781 0.333854
0 0.078125 0.298438 0.094922 0.298438 0.094922 0.319271 0.078125 0.319271
0 0.092969 0.273958 0.109375 0.273958 0.109375 0.298438 0.092969 0.298438
0 0.142188 0.285417 0.158594 0.285417 0.158594 0.310417 0.142188 0.310417
0 0.049219 0.389062 0.066016 0.389062 0.066016 0.422917 0.049219 0.422917
0 0.06875 0.335417 0.085938 0.335417 0.085938 0.363542 0.06875 0.363542
0 0.106641 0.335938 0.122266 0.335938 0.122266 0.366667 0.106641 0.366667
0 0.158984 0.35 0.177344 0.35 0.177344 0.382812 0.158984 0.382812
0 0.1875 0.264583 0.208594 0.264583 0.208594 0.286458 0.1875 0.286458
0 0.233203 0.260938 0.253125 0.260938 0.253125 0.285938 0.233203 0.285938
0 0.262891 0.219792 0.280859 0.219792 0.280859 0.251042 0.262891 0.251042
0 0.3 0.180729 0.318359 0.180729 0.318359 0.211979 0.3 0.211979
0 0.203125 0.347917 0.216797 0.347917 0.216797 0.375521 0.203125 0.375521
0 0.219141 0.316146 0.237891 0.316146 0.237891 0.339583 0.219141 0.339583
0 0.235938 0.351042 0.253516 0.351042 0.253516 0.373438 0.235938 0.373438
0 0.283203 0.304688 0.298438 0.304688 0.298438 0.333854 0.283203 0.333854
0 0.301172 0.295833 0.321094 0.295833 0.321094 0.327604 0.301172 0.327604
0 0.386719 0.002604 0.407812 0.002604 0.407812 0.022396 0.386719 0.022396
0 0.391406 0.039583 0.414844 0.039583 0.414844 0.059896 0.391406 0.059896
0 0.429688 0.041146 0.450781 0.041146 0.450781 0.065104 0.429688 0.065104
0 0.443359 0.002604 0.462891 0.002604 0.462891 0.03125 0.443359 0.03125
0 0.489844 0.044271 0.509375 0.044271 0.509375 0.070312 0.489844 0.070312
0 0.449609 0.083854 0.465625 0.083854 0.465625 0.103646 0.449609 0.103646
0 0.459766 0.110938 0.478516 0.110938 0.478516 0.130729 0.459766 0.130729
0 0.490625 0.116146 0.508984 0.116146 0.508984 0.140625 0.490625 0.140625
0 0.515625 0.128125 0.531641 0.128125 0.531641 0.153125 0.515625 0.153125
0 0.53125 0.08125 0.550781 0.08125 0.550781 0.101042 0.53125 0.101042
0 0.540625 0.0375 0.561328 0.0375 0.561328 0.060938 0.540625 0.060938
0 0.517578 0.0 0.535156 0.0 0.535156 0.016667 0.517578 0.016667
0 0.560156 0.057292 0.578516 0.057292 0.578516 0.090625 0.560156 0.090625
0 0.366406 0.135938 0.383984 0.135938 0.383984 0.165104 0.366406 0.165104
0 0.385938 0.146354 0.405469 0.146354 0.405469 0.168229 0.385938 0.168229
0 0.426953 0.186458 0.446875 0.186458 0.446875 0.218229 0.426953 0.218229
0 0.400391 0.202604 0.421484 0.202604 0.421484 0.236979 0.400391 0.236979
0 0.352734 0.185417 0.372656 0.185417 0.372656 0.210938 0.352734 0.210938
0 0.34375 0.230729 0.359375 0.230729 0.359375 0.263021 0.34375 0.263021
0 0.378516 0.235938 0.394531 0.235938 0.394531 0.264583 0.378516 0.264583
0 0.422266 0.240104 0.444531 0.240104 0.444531 0.264062 0.422266 0.264062
0 0.389453 0.307812 0.405859 0.307812 0.405859 0.328125 0.389453 0.328125
0 0.414844 0.275 0.438672 0.275 0.438672 0.295833 0.414844 0.295833
0 0.459766 0.292188 0.480469 0.292188 0.480469 0.326562 0.459766 0.326562
0 0.486719 0.274479 0.505859 0.274479 0.505859 0.301562 0.486719 0.301562
0 0.509375 0.294271 0.525391 0.294271 0.525391 0.322396 0.509375 0.322396
0 0.074219 0.435417 0.089844 0.435417 0.089844 0.4625 0.074219 0.4625
0 0.111719 0.400521 0.128516 0.400521 0.128516 0.431771 0.111719 0.431771
0 0.140625 0.421354 0.157812 0.421354 0.157812 0.447917 0.140625 0.447917
0 0.174609 0.401042 0.191797 0.401042 0.191797 0.425 0.174609 0.425
0 0.202734 0.422396 0.218359 0.422396 0.218359 0.452604 0.202734 0.452604
0 0.224219 0.386458 0.241406 0.386458 0.241406 0.407292 0.224219 0.407292
0 0.227734 0.465104 0.248047 0.465104 0.248047 0.4875 0.227734 0.4875
0 0.263672 0.45625 0.280078 0.45625 0.280078 0.484375 0.263672 0.484375
0 0.178516 0.4625 0.197266 0.4625 0.197266 0.486458 0.178516 0.486458
0 0.203516 0.488021 0.221875 0.488021 0.221875 0.516146 0.203516 0.516146
0 0.128906 0.476562 0.147266 0.476562 0.147266 0.505208 0.128906 0.505208
0 0.092188 0.468229 0.108984 0.468229 0.108984 0.493229 0.092188 0.493229
0 0.097266 0.525521 0.114453 0.525521 0.114453 0.553125 0.097266 0.553125
0 0.15625 0.50625 0.172266 0.50625 0.172266 0.531771 0.15625 0.531771
0 0.20625 0.538021 0.220312 0.538021 0.220312 0.558854 0.20625 0.558854
0 0.2375 0.559375 0.252344 0.559375 0.252344 0.580729 0.2375 0.580729
0 0.134766 0.617188 0.150781 0.617188 0.150781 0.6375 0.134766 0.6375
0 0.162109 0.636458 0.175391 0.636458 0.175391 0.657812 0.162109 0.657812
0 0.19375 0.622917 0.212891 0.622917 0.212891 0.642188 0.19375 0.642188
0 0.228516 0.634896 0.249609 0.634896 0.249609 0.656771 0.228516 0.656771
0 0.2 0.589062 0.217188 0.589062 0.217188 0.608333 0.2 0.608333
0 0.147656 0.671354 0.167188 0.671354 0.167188 0.696354 0.147656 0.696354
0 0.185938 0.670312 0.206641 0.670312 0.206641 0.688021 0.185938 0.688021
0 0.255859 0.657292 0.269922 0.657292 0.269922 0.681771 0.255859 0.681771
0 0.281641 0.658333 0.297656 0.658333 0.297656 0.682292 0.281641 0.682292
0 0.242578 0.750521 0.260156 0.750521 0.260156 0.775521 0.242578 0.775521
0 0.287109 0.765104 0.30625 0.765104 0.30625 0.783333 0.287109 0.783333
0 0.272656 0.715625 0.288672 0.715625 0.288672 0.738021 0.272656 0.738021
0 0.329297 0.753125 0.352344 0.753125 0.352344 0.776562 0.329297 0.776562
0 0.312109 0.707812 0.332422 0.707812 0.332422 0.728125 0.312109 0.728125
0 0.347656 0.710938 0.362891 0.710938 0.362891 0.736458 0.347656 0.736458
0 0.336328 0.350521 0.359375 0.350521 0.359375 0.392708 0.336328 0.392708
0 0.378516 0.353646 0.395703 0.353646 0.395703 0.379167 0.378516 0.379167
0 0.391406 0.403646 0.413672 0.403646 0.413672 0.430729 0.391406 0.430729
0 0.303125 0.4 0.320312 0.4 0.320312 0.430729 0.303125 0.430729
0 0.31875 0.455729 0.339453 0.455729 0.339453 0.495312 0.31875 0.495312
0 0.344141 0.494271 0.360547 0.494271 0.360547 0.524479 0.344141 0.524479
0 0.364453 0.482812 0.387109 0.482812 0.387109 0.514062 0.364453 0.514062
0 0.404297 0.484375 0.427734 0.484375 0.427734 0.50625 0.404297 0.50625
0 0.387109 0.435417 0.405469 0.435417 0.405469 0.455729 0.387109 0.455729
0 0.314844 0.529167 0.332031 0.529167 0.332031 0.557812 0.314844 0.557812
0 0.347656 0.553646 0.3625 0.553646 0.3625 0.579688 0.347656 0.579688
0 0.378906 0.582812 0.395703 0.582812 0.395703 0.616146 0.378906 0.616146
0 0.407031 0.583333 0.424609 0.583333 0.424609 0.613542 0.407031 0.613542
0 0.40625 0.539583 0.426953 0.539583 0.426953 0.563542 0.40625 0.563542
0 0.280469 0.594271 0.302734 0.594271 0.302734 0.626042 0.280469 0.626042
0 0.308984 0.597917 0.328516 0.597917 0.328516 0.627604 0.308984 0.627604
0 0.319141 0.659896 0.341016 0.659896 0.341016 0.682812 0.319141 0.682812
0 0.344531 0.6125 0.365625 0.6125 0.365625 0.639583 0.344531 0.639583
0 0.398438 0.620833 0.416016 0.620833 0.416016 0.650521 0.398438 0.650521
0 0.383203 0.682812 0.40625 0.682812 0.40625 0.71875 0.383203 0.71875
0 0.615234 0.055729 0.630469 0.055729 0.630469 0.081771 0.615234 0.081771
0 0.63125 0.020833 0.649609 0.020833 0.649609 0.046354 0.63125 0.046354
0 0.648047 0.049479 0.665625 0.049479 0.665625 0.080729 0.648047 0.080729
0 0.662891 0.0 0.678125 0.0 0.678125 0.023438 0.662891 0.023438
0 0.710938 0.023958 0.730469 0.023958 0.730469 0.055208 0.710938 0.055208
0 0.715625 0.0 0.73125 0.0 0.73125 0.010938 0.715625 0.010938
0 0.721875 0.063021 0.739844 0.063021 0.739844 0.094792 0.721875 0.094792
0 0.630859 0.097917 0.651562 0.097917 0.651562 0.120312 0.630859 0.120312
0 0.677344 0.104688 0.695703 0.104688 0.695703 0.133854 0.677344 0.133854
0 0.552344 0.116146 0.574219 0.116146 0.574219 0.140625 0.552344 0.140625
0 0.553906 0.180729 0.571484 0.180729 0.571484 0.199479 0.553906 0.199479
0 0.589062 0.184896 0.605859 0.184896 0.605859 0.207292 0.589062 0.207292
0 0.617188 0.159375 0.632422 0.159375 0.632422 0.181771 0.617188 0.181771
0 0.620703 0.208333 0.639844 0.208333 0.639844 0.221875 0.620703 0.221875
0 0.647656 0.210938 0.663672 0.210938 0.663672 0.240625 0.647656 0.240625
0 0.662109 0.138542 0.677734 0.138542 0.677734 0.159375 0.662109 0.159375
0 0.699609 0.161458 0.709766 0.161458 0.709766 0.184896 0.699609 0.184896
0 0.675781 0.180729 0.696875 0.180729 0.696875 0.208854 0.675781 0.208854
0 0.578516 0.282292 0.595703 0.282292 0.595703 0.303125 0.578516 0.303125
0 0.605859 0.305208 0.622656 0.305208 0.622656 0.325 0.605859 0.325
0 0.544531 0.316146 0.561719 0.316146 0.561719 0.345312 0.544531 0.345312
0 0.569531 0.320833 0.584375 0.320833 0.584375 0.351042 0.569531 0.351042
0 0.597266 0.340625 0.615625 0.340625 0.615625 0.366667 0.597266 0.366667
0 0.626172 0.341146 0.636719 0.341146 0.636719 0.361458 0.626172 0.361458
0 0.401562 0.339583 0.415625 0.339583 0.415625 0.361979 0.401562 0.361979
0 0.436719 0.319792 0.452344 0.319792 0.452344 0.344271 0.436719 0.344271
0 0.439062 0.378125 0.454297 0.378125 0.454297 0.394792 0.439062 0.394792
0 0.442188 0.419271 0.458984 0.419271 0.458984 0.448438 0.442188 0.448438
0 0.471094 0.393229 0.4875 0.393229 0.4875 0.419792 0.471094 0.419792
0 0.494531 0.373958 0.510547 0.373958 0.510547 0.4 0.494531 0.4
0 0.492188 0.419792 0.515625 0.419792 0.515625 0.44375 0.492188 0.44375
0 0.514453 0.461458 0.535156 0.461458 0.535156 0.485417 0.514453 0.485417
0 0.549219 0.477604 0.564844 0.477604 0.564844 0.507812 0.549219 0.507812
0 0.553906 0.428125 0.576172 0.428125 0.576172 0.453646 0.553906 0.453646
0 0.549219 0.375 0.565234 0.375 0.565234 0.403646 0.549219 0.403646
0 0.583594 0.392708 0.603516 0.392708 0.603516 0.41875 0.583594 0.41875
0 0.572266 0.466146 0.590234 0.466146 0.590234 0.496354 0.572266 0.496354
0 0.628516 0.425 0.646875 0.425 0.646875 0.456771 0.628516 0.456771
0 0.637109 0.371354 0.652734 0.371354 0.652734 0.397396 0.637109 0.397396
0 0.655078 0.391146 0.671094 0.391146 0.671094 0.414583 0.655078 0.414583
0 0.661328 0.438021 0.678906 0.438021 0.678906 0.463542 0.661328 0.463542
0 0.669531 0.469271 0.691797 0.469271 0.691797 0.493229 0.669531 0.493229
0 0.692969 0.433333 0.709766 0.433333 0.709766 0.455729 0.692969 0.455729
0 0.430078 0.565625 0.449219 0.565625 0.449219 0.594792 0.430078 0.594792
0 0.438281 0.623438 0.45625 0.623438 0.45625 0.653125 0.438281 0.653125
0 0.495312 0.532812 0.511328 0.532812 0.511328 0.561458 0.495312 0.561458
0 0.522266 0.567188 0.538281 0.567188 0.538281 0.591146 0.522266 0.591146
0 0.552734 0.564062 0.566797 0.564062 0.566797 0.5875 0.552734 0.5875
0 0.532031 0.510938 0.552734 0.510938 0.552734 0.536458 0.532031 0.536458
0 0.574219 0.536458 0.598828 0.536458 0.598828 0.561458 0.574219 0.561458
0 0.576953 0.584375 0.597656 0.584375 0.597656 0.607812 0.576953 0.607812
0 0.615234 0.567708 0.63125 0.567708 0.63125 0.599479 0.615234 0.599479
0 0.532812 0.622396 0.554297 0.622396 0.554297 0.644271 0.532812 0.644271
0 0.569531 0.624479 0.587891 0.624479 0.587891 0.653646 0.569531 0.653646
0 0.598438 0.615625 0.616016 0.615625 0.616016 0.644271 0.598438 0.644271
0 0.517188 0.654688 0.537891 0.654688 0.537891 0.683854 0.517188 0.683854
0 0.54375 0.666146 0.569922 0.666146 0.569922 0.692188 0.54375 0.692188
0 0.497266 0.697917 0.517969 0.697917 0.517969 0.722396 0.497266 0.722396
0 0.557812 0.704688 0.574219 0.704688 0.574219 0.729688 0.557812 0.729688
0 0.591406 0.683333 0.614844 0.683333 0.614844 0.70625 0.591406 0.70625
0 0.597656 0.729688 0.616406 0.729688 0.616406 0.756771 0.597656 0.756771
0 0.622656 0.722396 0.639844 0.722396 0.639844 0.752604 0.622656 0.752604
0 0.409375 0.840625 0.426953 0.840625 0.426953 0.86875 0.409375 0.86875
0 0.436719 0.845312 0.451172 0.845312 0.451172 0.872917 0.436719 0.872917
0 0.411328 0.899479 0.429688 0.899479 0.429688 0.922396 0.411328 0.922396
0 0.437891 0.914583 0.453906 0.914583 0.453906 0.934375 0.437891 0.934375
0 0.471875 0.916146 0.485938 0.916146 0.485938 0.944271 0.471875 0.944271
0 0.46875 0.882292 0.4875 0.882292 0.4875 0.901042 0.46875 0.901042
0 0.482812 0.845833 0.500391 0.845833 0.500391 0.867188 0.482812 0.867188
0 0.507031 0.874479 0.521875 0.874479 0.521875 0.898438 0.507031 0.898438
0 0.515625 0.835938 0.536328 0.835938 0.536328 0.855729 0.515625 0.855729
0 0.444141 0.948958 0.4625 0.948958 0.4625 0.968229 0.444141 0.968229
0 0.458984 0.982812 0.477734 0.982812 0.477734 0.999479 0.458984 0.999479
0 0.487109 0.970312 0.501172 0.970312 0.501172 0.994792 0.487109 0.994792
0 0.519922 0.922917 0.533203 0.922917 0.533203 0.951562 0.519922 0.951562
0 0.544531 0.908333 0.561719 0.908333 0.561719 0.933333 0.544531 0.933333
0 0.559766 0.948438 0.574609 0.948438 0.574609 0.978125 0.559766 0.978125
0 0.557812 0.864062 0.574219 0.864062 0.574219 0.89375 0.557812 0.89375
0 0.589453 0.922917 0.610156 0.922917 0.610156 0.94375 0.589453 0.94375
0 0.591016 0.832812 0.608984 0.832812 0.608984 0.860938 0.591016 0.860938
0 0.614453 0.836458 0.632812 0.836458 0.632812 0.864583 0.614453 0.864583
0 0.604297 0.797396 0.626172 0.797396 0.626172 0.821875 0.604297 0.821875
0 0.625781 0.786979 0.646484 0.786979 0.646484 0.805729 0.625781 0.805729
0 0.627344 0.878125 0.644531 0.878125 0.644531 0.898958 0.627344 0.898958
0 0.648047 0.904167 0.6625 0.904167 0.6625 0.929688 0.648047 0.929688
0 0.671484 0.904167 0.695703 0.904167 0.695703 0.927604 0.671484 0.927604
0 0.649609 0.968229 0.663672 0.968229 0.663672 0.996875 0.649609 0.996875
0 0.688281 0.954688 0.703906 0.954688 0.703906 0.972917 0.688281 0.972917
0 0.726953 0.963542 0.746875 0.963542 0.746875 0.980729 0.726953 0.980729
0 0.774609 0.016146 0.788672 0.016146 0.788672 0.044271 0.774609 0.044271
0 0.804297 0.008333 0.822656 0.008333 0.822656 0.034896 0.804297 0.034896
0 0.837109 0.016146 0.857031 0.016146 0.857031 0.044271 0.837109 0.044271
0 0.860547 0.0 0.877734 0.0 0.877734 0.0125 0.860547 0.0125
0 0.901562 0.0 0.917578 0.0 0.917578 0.016146 0.901562 0.016146
0 0.857422 0.058854 0.883203 0.058854 0.883203 0.080729 0.857422 0.080729
0 0.812891 0.063021 0.832812 0.063021 0.832812 0.082812 0.812891 0.082812
0 0.802344 0.093229 0.821875 0.093229 0.821875 0.116667 0.802344 0.116667
0 0.755859 0.073438 0.775 0.073438 0.775 0.104688 0.755859 0.104688
0 0.739062 0.310938 0.752734 0.310938 0.752734 0.3375 0.739062 0.3375
0 0.762891 0.292188 0.779297 0.292188 0.779297 0.316146 0.762891 0.316146
0 0.755859 0.243229 0.775391 0.243229 0.775391 0.26875 0.755859 0.26875
0 0.793359 0.248438 0.813672 0.248438 0.813672 0.271354 0.793359 0.271354
0 0.799609 0.289583 0.820312 0.289583 0.820312 0.317708 0.799609 0.317708
0 0.771094 0.338021 0.789062 0.338021 0.789062 0.366146 0.771094 0.366146
0 0.804688 0.339583 0.824609 0.339583 0.824609 0.3625 0.804688 0.3625
0 0.780078 0.189583 0.795703 0.189583 0.795703 0.220312 0.780078 0.220312
0 0.80625 0.199479 0.826172 0.199479 0.826172 0.227083 0.80625 0.227083
0 0.839453 0.196354 0.856641 0.196354 0.856641 0.223438 0.839453 0.223438
0 0.852344 0.273958 0.871875 0.273958 0.871875 0.296354 0.852344 0.296354
0 0.86875 0.171354 0.889453 0.171354 0.889453 0.194271 0.86875 0.194271
0 0.883984 0.126562 0.902344 0.126562 0.902344 0.151042 0.883984 0.151042
0 0.908984 0.125521 0.921094 0.125521 0.921094 0.146354 0.908984 0.146354
0 0.914062 0.159375 0.932031 0.159375 0.932031 0.177083 0.914062 0.177083
0 0.907812 0.213021 0.924609 0.213021 0.924609 0.235417 0.907812 0.235417
0 0.948438 0.205729 0.968359 0.205729 0.968359 0.221354 0.948438 0.221354
0 0.8875 0.276042 0.902734 0.276042 0.902734 0.3 0.8875 0.3
0 0.910156 0.290625 0.925391 0.290625 0.925391 0.316146 0.910156 0.316146
0 0.935938 0.247396 0.954297 0.247396 0.954297 0.267708 0.935938 0.267708
0 0.969922 0.227083 0.994141 0.227083 0.994141 0.252083 0.969922 0.252083
0 0.836328 0.348438 0.85625 0.348438 0.85625 0.384896 0.836328 0.384896
0 0.871484 0.340625 0.895312 0.340625 0.895312 0.371875 0.871484 0.371875
0 0.905859 0.328125 0.929297 0.328125 0.929297 0.359375 0.905859 0.359375
0 0.79375 0.379167 0.810938 0.379167 0.810938 0.408854 0.79375 0.408854
0 0.822266 0.4125 0.841406 0.4125 0.841406 0.444792 0.822266 0.444792
0 0.849609 0.438542 0.867578 0.438542 0.867578 0.469792 0.849609 0.469792
0 0.878906 0.45625 0.894531 0.45625 0.894531 0.488542 0.878906 0.488542
0 0.922266 0.436979 0.941406 0.436979 0.941406 0.467708 0.922266 0.467708
0 0.900391 0.389583 0.919141 0.389583 0.919141 0.416667 0.900391 0.416667
0 0.927734 0.394271 0.945312 0.394271 0.945312 0.418229 0.927734 0.418229
0 0.956641 0.396875 0.975781 0.396875 0.975781 0.419792 0.956641 0.419792
0 0.959375 0.153125 0.977734 0.153125 0.977734 0.183333 0.959375 0.183333
0 0.986328 0.135417 0.999609 0.135417 0.999609 0.161979 0.986328 0.161979
0 0.979297 0.102083 0.998438 0.102083 0.998438 0.121354 0.979297 0.121354
0 0.948047 0.347917 0.966797 0.347917 0.966797 0.377083 0.948047 0.377083
0 0.983203 0.3625 0.999609 0.3625 0.999609 0.394792 0.983203 0.394792
0 0.625 0.526562 0.643359 0.526562 0.643359 0.552604 0.625 0.552604
0 0.664844 0.539062 0.68125 0.539062 0.68125 0.555729 0.664844 0.555729
0 0.691797 0.539583 0.715234 0.539583 0.715234 0.560417 0.691797 0.560417
0 0.70625 0.508333 0.723438 0.508333 0.723438 0.529688 0.70625 0.529688
0 0.714062 0.470312 0.733203 0.470312 0.733203 0.490625 0.714062 0.490625
0 0.634375 0.658854 0.652734 0.658854 0.652734 0.686458 0.634375 0.686458
0 0.666016 0.628646 0.687109 0.628646 0.687109 0.657812 0.666016 0.657812
0 0.683203 0.583333 0.704297 0.583333 0.704297 0.610417 0.683203 0.610417
0 0.719141 0.603646 0.736328 0.603646 0.736328 0.630729 0.719141 0.630729
0 0.757031 0.630208 0.776953 0.630208 0.776953 0.660938 0.757031 0.660938
0 0.792188 0.607812 0.815234 0.607812 0.815234 0.641667 0.792188 0.641667
0 0.734375 0.691667 0.755859 0.691667 0.755859 0.719792 0.734375 0.719792
0 0.711719 0.7375 0.734375 0.7375 0.734375 0.765104 0.711719 0.765104
0 0.76875 0.682812 0.788281 0.682812 0.788281 0.713542 0.76875 0.713542
0 0.804688 0.684375 0.825781 0.684375 0.825781 0.709375 0.804688 0.709375
0 0.835547 0.664583 0.859375 0.664583 0.859375 0.684896 0.835547 0.684896
0 0.817578 0.564062 0.842188 0.564062 0.842188 0.586458 0.817578 0.586458
0 0.845703 0.595833 0.865625 0.595833 0.865625 0.622396 0.845703 0.622396
0 0.965234 0.576562 0.989844 0.576562 0.989844 0.6 0.965234 0.6
0 0.941016 0.606771 0.961328 0.606771 0.961328 0.628646 0.941016 0.628646
0 0.982031 0.630729 0.996875 0.630729 0.996875 0.653646 0.982031 0.653646
0 0.965234 0.652083 0.978906 0.652083 0.978906 0.672917 0.965234 0.672917
0 0.938281 0.658854 0.954297 0.658854 0.954297 0.677083 0.938281 0.677083
0 0.922266 0.703125 0.938281 0.703125 0.938281 0.73125 0.922266 0.73125
0 0.961328 0.688021 0.982031 0.688021 0.982031 0.707292 0.961328 0.707292
0 0.898047 0.725521 0.913672 0.725521 0.913672 0.75 0.898047 0.75
0 0.947266 0.729167 0.965625 0.729167 0.965625 0.750521 0.947266 0.750521
0 0.983594 0.738542 0.999609 0.738542 0.999609 0.759896 0.983594 0.759896
0 0.947266 0.770312 0.965234 0.770312 0.965234 0.789583 0.947266 0.789583
0 0.980469 0.800521 0.996875 0.800521 0.996875 0.822396 0.980469 0.822396
0 0.686719 0.809896 0.704688 0.809896 0.704688 0.833333 0.686719 0.833333
0 0.713672 0.822917 0.730469 0.822917 0.730469 0.846875 0.713672 0.846875
0 0.741797 0.856771 0.757031 0.856771 0.757031 0.883333 0.741797 0.883333
0 0.773438 0.841146 0.789062 0.841146 0.789062 0.863021 0.773438 0.863021
0 0.803906 0.843229 0.824219 0.843229 0.824219 0.8625 0.803906 0.8625
0 0.716016 0.878646 0.729688 0.878646 0.729688 0.902604 0.716016 0.902604
0 0.742969 0.786979 0.769531 0.786979 0.769531 0.809896 0.742969 0.809896
0 0.769531 0.745833 0.787891 0.745833 0.787891 0.774479 0.769531 0.774479
0 0.803125 0.725 0.822266 0.725 0.822266 0.742188 0.803125 0.742188
0 0.803125 0.790625 0.828516 0.790625 0.828516 0.811458 0.803125 0.811458
0 0.855469 0.756771 0.86875 0.756771 0.86875 0.779688 0.855469 0.779688
0 0.839062 0.739062 0.853906 0.739062 0.853906 0.767188 0.839062 0.767188
0 0.751562 0.898438 0.765625 0.898438 0.765625 0.927604 0.751562 0.927604
0 0.782031 0.923438 0.797266 0.923438 0.797266 0.946354 0.782031 0.946354
0 0.798047 0.883854 0.817188 0.883854 0.817188 0.911458 0.798047 0.911458
0 0.958984 0.826042 0.973438 0.826042 0.973438 0.848438 0.958984 0.848438
0 0.956641 0.865625 0.970703 0.865625 0.970703 0.8875 0.956641 0.8875
0 0.978125 0.870833 0.996094 0.870833 0.996094 0.888021 0.978125 0.888021
0 0.923047 0.847396 0.938672 0.847396 0.938672 0.872396 0.923047 0.872396
0 0.872266 0.969271 0.892969 0.969271 0.892969 0.988542 0.872266 0.988542
0 0.903516 0.975 0.91875 0.975 0.91875 0.996875 0.903516 0.996875
0 0.896094 0.911979 0.912109 0.911979 0.912109 0.9375 0.896094 0.9375
0 0.951562 0.913542 0.967578 0.913542 0.967578 0.938021 0.951562 0.938021
0 0.916016 0.890104 0.937109 0.890104 0.937109 0.907292 0.916016 0.907292