0 0.158594 0.044792 0.169922 0.044792 0.169922 0.060417 0.158594 0.060417
0 0.180469 0.032292 0.197266 0.032292 0.197266 0.053125 0.180469 0.053125
0 0.080859 0.327083 0.102734 0.327083 0.102734 0.346354 0.080859 0.346354
0 0.169141 0.276562 0.185938 0.276562 0.185938 0.300521 0.169141 0.300521
0 0.118359 0.385938 0.134375 0.385938 0.134375 0.410938 0.118359 0.410938
0 0.132031 0.357812 0.15 0.357812 0.15 0.377604 0.132031 0.377604
0 0.281641 0.357812 0.300391 0.357812 0.300391 0.374479 0.281641 0.374479
0 0.246094 0.250521 0.266797 0.250521 0.266797 0.270312 0.246094 0.270312
0 0.190625 0.301042 0.204688 0.301042 0.204688 0.320833 0.190625 0.320833
0 0.235156 0.275 0.25625 0.275 0.25625 0.294792 0.235156 0.294792
0 0.275781 0.286458 0.296094 0.286458 0.296094 0.308333 0.275781 0.308333
0 0.305469 0.277604 0.324219 0.277604 0.324219 0.301042 0.305469 0.301042
0 0.324219 0.259375 0.344531 0.259375 0.344531 0.279167 0.324219 0.279167
0 0.317578 0.227083 0.338672 0.227083 0.338672 0.250521 0.317578 0.250521
0 0.344531 0.190104 0.357422 0.190104 0.357422 0.208333 0.344531 0.208333
0 0.205469 0.336979 0.221094 0.336979 0.221094 0.356771 0.205469 0.356771
0 0.057422 0.520312 0.075391 0.520312 0.075391 0.538542 0.057422 0.538542
0 0.025391 0.547396 0.044141 0.547396 0.044141 0.568229 0.025391 0.568229
0 0.059375 0.573958 0.078516 0.573958 0.078516 0.594792 0.059375 0.594792
0 0.092188 0.591146 0.10625 0.591146 0.10625 0.616146 0.092188 0.616146
0 0.108984 0.644271 0.128906 0.644271 0.128906 0.668229 0.108984 0.668229
0 0.134766 0.605208 0.157031 0.605208 0.157031 0.627604 0.134766 0.627604
0 0.134766 0.543229 0.155469 0.543229 0.155469 0.561979 0.134766 0.561979
0 0.160938 0.508333 0.183984 0.508333 0.183984 0.528125 0.160938 0.528125
0 0.177734 0.561979 0.194531 0.561979 0.194531 0.584375 0.177734 0.584375
0 0.108984 0.430729 0.130469 0.430729 0.130469 0.450521 0.108984 0.450521
0 0.142578 0.432292 0.161328 0.432292 0.161328 0.453125 0.142578 0.453125
0 0.128516 0.456771 0.14375 0.456771 0.14375 0.484375 0.128516 0.484375
0 0.241406 0.373958 0.257031 0.373958 0.257031 0.397917 0.241406 0.397917
0 0.028906 0.793229 0.042578 0.793229 0.042578 0.816146 0.028906 0.816146
0 0.080469 0.809896 0.098828 0.809896 0.098828 0.833333 0.080469 0.833333
0 0.079688 0.854688 0.096484 0.854688 0.096484 0.873438 0.079688 0.873438
0 0.056641 0.879688 0.075 0.879688 0.075 0.9 0.056641 0.9
0 0.058203 0.944792 0.074219 0.944792 0.074219 0.96875 0.058203 0.96875
0 0.241016 0.769792 0.252734 0.769792 0.252734 0.797396 0.241016 0.797396
0 0.287891 0.71875 0.304688 0.71875 0.304688 0.739062 0.287891 0.739062
0 0.284766 0.799479 0.304688 0.799479 0.304688 0.820312 0.284766 0.820312
0 0.228125 0.808854 0.241797 0.808854 0.241797 0.832292 0.228125 0.832292
0 0.193359 0.797396 0.209375 0.797396 0.209375 0.816146 0.193359 0.816146
0 0.276562 0.871354 0.293359 0.871354 0.293359 0.8875 0.276562 0.8875
0 0.344141 0.853646 0.3625 0.853646 0.3625 0.873438 0.344141 0.873438
0 0.3625 0.827083 0.380859 0.827083 0.380859 0.844792 0.3625 0.844792
0 0.272656 0.911458 0.287109 0.911458 0.287109 0.925521 0.272656 0.925521
0 0.1125 0.909375 0.134766 0.909375 0.134766 0.930729 0.1125 0.930729
0 0.120312 0.960417 0.139453 0.960417 0.139453 0.981771 0.120312 0.981771
0 0.283594 0.641667 0.305078 0.641667 0.305078 0.663542 0.283594 0.663542
0 0.280859 0.674479 0.297266 0.674479 0.297266 0.697396 0.280859 0.697396
0 0.215625 0.713542 0.229297 0.713542 0.229297 0.734375 0.215625 0.734375
0 0.423438 0.736979 0.446484 0.736979 0.446484 0.755208 0.423438 0.755208
0 0.375 0.735938 0.395703 0.735938 0.395703 0.755208 0.375 0.755208
0 0.299609 0.61875 0.315234 0.61875 0.315234 0.631771 0.299609 0.631771
0 0.325781 0.649479 0.338672 0.649479 0.338672 0.667188 0.325781 0.667188
0 0.313281 0.671875 0.326172 0.671875 0.326172 0.700521 0.313281 0.700521
0 0.34375 0.66875 0.357422 0.66875 0.357422 0.686979 0.34375 0.686979
0 0.425391 0.697917 0.445312 0.697917 0.445312 0.722396 0.425391 0.722396
0 0.308594 0.844792 0.330078 0.844792 0.330078 0.866146 0.308594 0.866146
0 0.365234 0.785417 0.382422 0.785417 0.382422 0.804167 0.365234 0.804167
0 0.344141 0.789583 0.360547 0.789583 0.360547 0.80625 0.344141 0.80625
0 0.419141 0.779688 0.442188 0.779688 0.442188 0.804167 0.419141 0.804167
0 0.292578 0.968229 0.313672 0.968229 0.313672 0.99375 0.292578 0.99375
0 0.360938 0.941667 0.378125 0.941667 0.378125 0.966667 0.360938 0.966667
0 0.395312 0.930208 0.413281 0.930208 0.413281 0.95 0.395312 0.95
0 0.410547 0.864062 0.433203 0.864062 0.433203 0.888021 0.410547 0.888021
0 0.434766 0.835938 0.449609 0.835938 0.449609 0.863021 0.434766 0.863021
0 0.245312 0.966667 0.268359 0.966667 0.268359 0.981771 0.245312 0.981771
0 0.360156 0.903125 0.378906 0.903125 0.378906 0.917708 0.360156 0.917708
0 0.449609 0.798438 0.470312 0.798438 0.470312 0.817708 0.449609 0.817708
0 0.464844 0.742188 0.482422 0.742188 0.482422 0.765625 0.464844 0.765625
0 0.459375 0.708333 0.478516 0.708333 0.478516 0.726562 0.459375 0.726562
0 0.601953 0.594792 0.619141 0.594792 0.619141 0.616146 0.601953 0.616146
0 0.56875 0.596354 0.585547 0.596354 0.585547 0.622917 0.56875 0.622917
0 0.504687 0.645312 0.521094 0.645312 0.521094 0.673438 0.504687 0.673438
0 0.453906 0.620833 0.473047 0.620833 0.473047 0.646875 0.453906 0.646875
0 0.470312 0.601562 0.491406 0.601562 0.491406 0.622396 0.470312 0.622396
0 0.454688 0.657292 0.473438 0.657292 0.473438 0.680729 0.454688 0.680729
0 0.433203 0.659896 0.448047 0.659896 0.448047 0.685417 0.433203 0.685417
0 0.403125 0.630208 0.419531 0.630208 0.419531 0.657292 0.403125 0.657292
0 0.424609 0.595833 0.442578 0.595833 0.442578 0.614062 0.424609 0.614062
0 0.3875 0.570312 0.404688 0.570312 0.404688 0.596354 0.3875 0.596354
0 0.351953 0.590625 0.370312 0.590625 0.370312 0.615104 0.351953 0.615104
0 0.623438 0.628646 0.639062 0.628646 0.639062 0.654167 0.623438 0.654167
0 0.661328 0.618229 0.68125 0.618229 0.68125 0.6375 0.661328 0.6375
0 0.641406 0.5875 0.65625 0.5875 0.65625 0.611458 0.641406 0.611458
0 0.254688 0.521354 0.272656 0.521354 0.272656 0.542708 0.254688 0.542708
0 0.305469 0.519271 0.323438 0.519271 0.323438 0.533854 0.305469 0.533854
0 0.301562 0.563542 0.317188 0.563542 0.317188 0.589062 0.301562 0.589062
0 0.321875 0.597396 0.337109 0.597396 0.337109 0.6125 0.321875 0.6125
0 0.373828 0.417188 0.385547 0.417188 0.385547 0.438542 0.373828 0.438542
0 0.398438 0.396354 0.407031 0.396354 0.407031 0.422917 0.398438 0.422917
0 0.298828 0.330729 0.319531 0.330729 0.319531 0.346875 0.298828 0.346875
0 0.295703 0.4875 0.313281 0.4875 0.313281 0.508854 0.295703 0.508854
0 0.351562 0.495312 0.364844 0.495312 0.364844 0.515104 0.351562 0.515104
0 0.378516 0.482292 0.394141 0.482292 0.394141 0.503646 0.378516 0.503646
0 0.407812 0.469792 0.423047 0.469792 0.423047 0.496354 0.407812 0.496354
0 0.111719 0.501562 0.130859 0.501562 0.130859 0.516146 0.111719 0.516146
0 0.383594 0.233333 0.402734 0.233333 0.402734 0.253646 0.383594 0.253646
0 0.410156 0.209896 0.426562 0.209896 0.426562 0.242188 0.410156 0.242188
0 0.360938 0.228646 0.376172 0.228646 0.376172 0.253646 0.360938 0.253646
0 0.032422 0.422396 0.046484 0.422396 0.046484 0.440104 0.032422 0.440104
0 0.439453 0.347396 0.458984 0.347396 0.458984 0.367188 0.439453 0.367188
0 0.483594 0.370833 0.496094 0.370833 0.496094 0.393229 0.483594 0.393229
0 0.4625 0.454167 0.478516 0.454167 0.478516 0.470312 0.4625 0.470312
0 0.3375 0.460938 0.352344 0.460938 0.352344 0.476562 0.3375 0.476562
0 0.457031 0.289062 0.475391 0.289062 0.475391 0.307812 0.457031 0.307812
0 0.377734 0.177083 0.396094 0.177083 0.396094 0.194792 0.377734 0.194792
0 0.450781 0.251042 0.466797 0.251042 0.466797 0.277083 0.450781 0.277083
0 0.50625 0.180729 0.521094 0.180729 0.521094 0.205208 0.50625 0.205208
0 0.549219 0.161979 0.563281 0.161979 0.563281 0.192708 0.549219 0.192708
0 0.554688 0.211458 0.572266 0.211458 0.572266 0.227604 0.554688 0.227604
0 0.540625 0.289062 0.555469 0.289062 0.555469 0.3125 0.540625 0.3125
0 0.558203 0.347396 0.573047 0.347396 0.573047 0.367708 0.558203 0.367708
0 0.572266 0.305208 0.586328 0.305208 0.586328 0.325 0.572266 0.325
0 0.584375 0.274479 0.598438 0.274479 0.598438 0.295833 0.584375 0.295833
0 0.597656 0.3125 0.614453 0.3125 0.614453 0.329688 0.597656 0.329688
0 0.582812 0.372396 0.601172 0.372396 0.601172 0.396875 0.582812 0.396875
0 0.610938 0.34375 0.626953 0.34375 0.626953 0.364062 0.610938 0.364062
0 0.616406 0.386458 0.632812 0.386458 0.632812 0.413542 0.616406 0.413542
0 0.601953 0.432292 0.622266 0.432292 0.622266 0.452083 0.601953 0.452083
0 0.634766 0.429688 0.651562 0.429688 0.651562 0.451042 0.634766 0.451042
0 0.575781 0.493229 0.589844 0.493229 0.589844 0.514062 0.575781 0.514062
0 0.608984 0.516667 0.626953 0.516667 0.626953 0.535417 0.608984 0.535417
0 0.636328 0.489583 0.655859 0.489583 0.655859 0.513021 0.636328 0.513021
0 0.622266 0.547396 0.639844 0.547396 0.639844 0.573958 0.622266 0.573958
0 0.40625 0.525521 0.421875 0.525521 0.421875 0.548438 0.40625 0.548438
0 0.444922 0.559896 0.458594 0.559896 0.458594 0.577604 0.444922 0.577604
0 0.585938 0.554688 0.604297 0.554688 0.604297 0.588542 0.585938 0.588542
0 0.492969 0.441667 0.508594 0.441667 0.508594 0.470312 0.492969 0.470312
0 0.444531 0.416146 0.463672 0.416146 0.463672 0.436458 0.444531 0.436458
0 0.140625 0.015104 0.160938 0.015104 0.160938 0.040625 0.140625 0.040625
0 0.664062 0.143229 0.680469 0.143229 0.680469 0.173438 0.664062 0.173438
0 0.610156 0.138021 0.623047 0.138021 0.623047 0.159375 0.610156 0.159375
0 0.634766 0.098958 0.648828 0.098958 0.648828 0.122917 0.634766 0.122917
0 0.658203 0.102083 0.670312 0.102083 0.670312 0.129688 0.658203 0.129688
0 0.682031 0.114062 0.701953 0.114062 0.701953 0.136458 0.682031 0.136458
0 0.704688 0.142188 0.721875 0.142188 0.721875 0.165104 0.704688 0.165104
0 0.605859 0.175521 0.623047 0.175521 0.623047 0.201562 0.605859 0.201562
0 0.583594 0.232812 0.607422 0.232812 0.607422 0.253125 0.583594 0.253125
0 0.633203 0.205208 0.648828 0.205208 0.648828 0.232812 0.633203 0.232812
0 0.617578 0.251042 0.6375 0.251042 0.6375 0.271875 0.617578 0.271875
0 0.638281 0.281771 0.654688 0.281771 0.654688 0.309375 0.638281 0.309375
0 0.661719 0.270312 0.678125 0.270312 0.678125 0.290104 0.661719 0.290104
0 0.665234 0.239583 0.684766 0.239583 0.684766 0.263542 0.665234 0.263542
0 0.70625 0.228125 0.728516 0.228125 0.728516 0.25 0.70625 0.25
0 0.707812 0.192708 0.730469 0.192708 0.730469 0.213021 0.707812 0.213021
0 0.772266 0.243229 0.788672 0.243229 0.788672 0.269271 0.772266 0.269271
0 0.675391 0.317188 0.696094 0.317188 0.696094 0.335417 0.675391 0.335417
0 0.645312 0.336979 0.664844 0.336979 0.664844 0.357292 0.645312 0.357292
0 0.585938 0.178125 0.601562 0.178125 0.601562 0.204167 0.585938 0.204167
0 0.576562 0.126562 0.589453 0.126562 0.589453 0.153646 0.576562 0.153646
0 0.746484 0.166146 0.767188 0.166146 0.767188 0.185938 0.746484 0.185938
0 0.772266 0.188021 0.789453 0.188021 0.789453 0.208854 0.772266 0.208854
0 0.803906 0.191667 0.821094 0.191667 0.821094 0.217708 0.803906 0.217708
0 0.825391 0.149479 0.841016 0.149479 0.841016 0.176562 0.825391 0.176562
0 0.851172 0.152604 0.8625 0.152604 0.8625 0.18125 0.851172 0.18125
0 0.883984 0.159375 0.901953 0.159375 0.901953 0.184896 0.883984 0.184896
0 0.8375 0.199479 0.851172 0.199479 0.851172 0.220312 0.8375 0.220312
0 0.860156 0.202083 0.878125 0.202083 0.878125 0.220312 0.860156 0.220312
0 0.800781 0.265625 0.825781 0.265625 0.825781 0.286458 0.800781 0.286458
0 0.747656 0.333333 0.764453 0.333333 0.764453 0.358333 0.747656 0.358333
0 0.819531 0.325521 0.844531 0.325521 0.844531 0.354167 0.819531 0.354167
0 0.874609 0.339062 0.896875 0.339062 0.896875 0.357292 0.874609 0.357292
0 0.901172 0.308333 0.925 0.308333 0.925 0.329688 0.901172 0.329688
0 0.863281 0.253125 0.88125 0.253125 0.88125 0.273958 0.863281 0.273958
0 0.690625 0.377083 0.710547 0.377083 0.710547 0.400521 0.690625 0.400521
0 0.639062 0.395312 0.655469 0.395312 0.655469 0.422396 0.639062 0.422396
0 0.686328 0.407812 0.70625 0.407812 0.70625 0.427083 0.686328 0.427083
0 0.762891 0.385938 0.783594 0.385938 0.783594 0.40625 0.762891 0.40625
0 0.736328 0.415625 0.755078 0.415625 0.755078 0.432812 0.736328 0.432812
0 0.713281 0.292188 0.726172 0.292188 0.726172 0.319792 0.713281 0.319792
0 0.772266 0.1125 0.787891 0.1125 0.787891 0.142188 0.772266 0.142188
0 0.803906 0.108333 0.819531 0.108333 0.819531 0.132292 0.803906 0.132292
0 0.744922 0.084375 0.759375 0.084375 0.759375 0.108333 0.744922 0.108333
0 0.853906 0.032812 0.871094 0.032812 0.871094 0.058854 0.853906 0.058854
0 0.857422 0.102083 0.875391 0.102083 0.875391 0.129688 0.857422 0.129688
0 0.898438 0.064583 0.914062 0.064583 0.914062 0.0875 0.898438 0.0875
0 0.893359 0.108333 0.908203 0.108333 0.908203 0.133333 0.893359 0.133333
0 0.916797 0.201562 0.935547 0.201562 0.935547 0.227083 0.916797 0.227083
0 0.926953 0.248958 0.942578 0.248958 0.942578 0.271875 0.926953 0.271875
0 0.948438 0.213021 0.96875 0.213021 0.96875 0.235938 0.948438 0.235938
0 0.951172 0.169792 0.969922 0.169792 0.969922 0.199479 0.951172 0.199479
0 0.962109 0.115104 0.981641 0.115104 0.981641 0.141146 0.962109 0.141146
0 0.948438 0.072917 0.964844 0.072917 0.964844 0.102604 0.948438 0.102604
0 0.933984 0.031771 0.948438 0.031771 0.948438 0.057812 0.933984 0.057812
0 0.886719 0.008333 0.902734 0.008333 0.902734 0.031771 0.886719 0.031771
0 0.842969 0.007292 0.858203 0.007292 0.858203 0.032812 0.842969 0.032812
0 0.978516 0.069271 0.997266 0.069271 0.997266 0.090625 0.978516 0.090625
0 0.799219 0.150521 0.813672 0.150521 0.813672 0.177083 0.799219 0.177083
0 0.686719 0.501562 0.704297 0.501562 0.704297 0.525 0.686719 0.525
0 0.764844 0.454688 0.782422 0.454688 0.782422 0.482292 0.764844 0.482292
0 0.786328 0.446875 0.802734 0.446875 0.802734 0.466667 0.786328 0.466667
0 0.829297 0.398958 0.846484 0.398958 0.846484 0.419792 0.829297 0.419792
0 0.832031 0.432812 0.850391 0.432812 0.850391 0.453646 0.832031 0.453646
0 0.85625 0.391146 0.875 0.391146 0.875 0.414583 0.85625 0.414583
0 0.897266 0.39375 0.912891 0.39375 0.912891 0.419792 0.897266 0.419792
0 0.925781 0.4 0.940234 0.4 0.940234 0.43125 0.925781 0.43125
0 0.871875 0.418229 0.894531 0.418229 0.894531 0.440625 0.871875 0.440625
0 0.861328 0.448438 0.881641 0.448438 0.881641 0.474479 0.861328 0.474479
0 0.895312 0.449479 0.914062 0.449479 0.914062 0.471875 0.895312 0.471875
0 0.801953 0.464062 0.820312 0.464062 0.820312 0.491146 0.801953 0.491146
0 0.780469 0.514583 0.796094 0.514583 0.796094 0.542188 0.780469 0.542188
0 0.803906 0.542188 0.823438 0.542188 0.823438 0.560417 0.803906 0.560417
0 0.823438 0.513542 0.842578 0.513542 0.842578 0.536979 0.823438 0.536979
0 0.862109 0.500521 0.881641 0.500521 0.881641 0.523958 0.862109 0.523958
0 0.955859 0.475521 0.977344 0.475521 0.977344 0.500521 0.955859 0.500521
0 0.694531 0.622396 0.716016 0.622396 0.716016 0.645833 0.694531 0.645833
0 0.776562 0.599479 0.794141 0.599479 0.794141 0.625 0.776562 0.625
0 0.767578 0.639583 0.788281 0.639583 0.788281 0.65625 0.767578 0.65625
0 0.895312 0.482292 0.912109 0.482292 0.912109 0.508333 0.895312 0.508333
0 0.919922 0.49375 0.934375 0.49375 0.934375 0.514583 0.919922 0.514583
0 0.8875 0.548438 0.907031 0.548438 0.907031 0.573438 0.8875 0.573438
0 0.925781 0.55 0.942188 0.55 0.942188 0.573438 0.925781 0.573438
0 0.908984 0.58125 0.928516 0.58125 0.928516 0.604688 0.908984 0.604688
0 0.83125 0.61875 0.848438 0.61875 0.848438 0.645833 0.83125 0.645833
0 0.938281 0.663021 0.956641 0.663021 0.956641 0.690104 0.938281 0.690104
0 0.963672 0.661458 0.982031 0.661458 0.982031 0.690104 0.963672 0.690104
0 0.967578 0.603125 0.985156 0.603125 0.985156 0.625 0.967578 0.625
0 0.869922 0.715104 0.889453 0.715104 0.889453 0.738542 0.869922 0.738542
0 0.839453 0.704688 0.859375 0.704688 0.859375 0.719792 0.839453 0.719792
0 0.894531 0.745312 0.915234 0.745312 0.915234 0.764062 0.894531 0.764062
0 0.880859 0.777604 0.902734 0.777604 0.902734 0.793229 0.880859 0.793229
0 0.789844 0.765625 0.806641 0.765625 0.806641 0.789062 0.789844 0.789062
0 0.752344 0.763021 0.772266 0.763021 0.772266 0.785417 0.752344 0.785417
0 0.709375 0.7875 0.728906 0.7875 0.728906 0.811458 0.709375 0.811458
0 0.740625 0.790625 0.757422 0.790625 0.757422 0.816667 0.740625 0.816667
0 0.659766 0.80625 0.677344 0.80625 0.677344 0.832292 0.659766 0.832292
0 0.632422 0.789062 0.651172 0.789062 0.651172 0.807292 0.632422 0.807292
0 0.624219 0.828646 0.643359 0.828646 0.643359 0.854688 0.624219 0.854688
0 0.845312 0.546354 0.869531 0.546354 0.869531 0.569271 0.845312 0.569271
0 0.852734 0.584375 0.869531 0.584375 0.869531 0.611979 0.852734 0.611979
0 0.630859 0.878646 0.651172 0.878646 0.651172 0.899479 0.630859 0.899479
0 0.56875 0.83125 0.584766 0.83125 0.584766 0.859896 0.56875 0.859896
0 0.589062 0.818229 0.60625 0.818229 0.60625 0.848438 0.589062 0.848438
0 0.604297 0.764583 0.619531 0.764583 0.619531 0.801042 0.604297 0.801042
0 0.683594 0.955208 0.700391 0.955208 0.700391 0.98125 0.683594 0.98125
0 0.6375 0.928646 0.656641 0.928646 0.656641 0.953646 0.6375 0.953646
0 0.651953 0.964062 0.668359 0.964062 0.668359 0.985938 0.651953 0.985938
0 0.658984 0.854167 0.678516 0.854167 0.678516 0.877604 0.658984 0.877604
0 0.683203 0.875 0.695703 0.875 0.695703 0.901562 0.683203 0.901562
0 0.696484 0.909375 0.711719 0.909375 0.711719 0.926562 0.696484 0.926562
0 0.725 0.901562 0.746094 0.901562 0.746094 0.921875 0.725 0.921875
0 0.746094 0.867188 0.766406 0.867188 0.766406 0.890625 0.746094 0.890625
0 0.807812 0.807812 0.822656 0.807812 0.822656 0.832292 0.807812 0.832292
0 0.880469 0.826562 0.901172 0.826562 0.901172 0.842188 0.880469 0.842188
0 0.759375 0.911458 0.778125 0.911458 0.778125 0.932812 0.759375 0.932812
0 0.733594 0.964062 0.749609 0.964062 0.749609 0.982292 0.733594 0.982292
0 0.813672 0.934896 0.83125 0.934896 0.83125 0.950521 0.813672 0.950521
0 0.768359 0.84375 0.787891 0.84375 0.787891 0.863542 0.768359 0.863542
0 0.826953 0.772396 0.847266 0.772396 0.847266 0.790104 0.826953 0.790104
0 0.899609 0.709896 0.915234 0.709896 0.915234 0.728125 0.899609 0.728125
0 0.892188 0.802604 0.912891 0.802604 0.912891 0.820312 0.892188 0.820312
0 0.904297 0.86875 0.918359 0.86875 0.918359 0.890104 0.904297 0.890104
0 0.855859 0.910417 0.875 0.910417 0.875 0.929167 0.855859 0.929167
0 0.888672 0.928646 0.910156 0.928646 0.910156 0.948958 0.888672 0.948958
0 0.866016 0.95625 0.887891 0.95625 0.887891 0.977083 0.866016 0.977083
0 0.829688 0.96875 0.845312 0.96875 0.845312 0.989062 0.829688 0.989062
0 0.796875 0.880208 0.821094 0.880208 0.821094 0.896875 0.796875 0.896875
0 0.848438 0.866667 0.869531 0.866667 0.869531 0.883854 0.848438 0.883854
0 0.841016 0.829688 0.857422 0.829688 0.857422 0.846354 0.841016 0.846354
0 0.736328 0.945312 0.75625 0.945312 0.75625 0.960417 0.736328 0.960417
0 0.8 0.648438 0.816406 0.648438 0.816406 0.671354 0.8 0.671354
0 0.331641 0.542708 0.353906 0.542708 0.353906 0.571354 0.331641 0.571354
0 0.568359 0.525521 0.592188 0.525521 0.592188 0.551042 0.568359 0.551042