0 0.009375 0.065104 0.035156 0.065104 0.035156 0.091667 0.009375 0.091667
0 0.042578 0.059375 0.069922 0.059375 0.069922 0.089583 0.042578 0.089583
0 0.035156 0.103646 0.063672 0.103646 0.063672 0.125521 0.035156 0.125521
0 0.005078 0.1375 0.022266 0.1375 0.022266 0.156771 0.005078 0.156771
0 0.04375 0.154688 0.067969 0.154688 0.067969 0.173958 0.04375 0.173958
0 0.090625 0.128125 0.111328 0.128125 0.111328 0.148438 0.090625 0.148438
0 0.086328 0.159375 0.107031 0.159375 0.107031 0.184896 0.086328 0.184896
0 0.116016 0.176042 0.135938 0.176042 0.135938 0.205208 0.116016 0.205208
0 0.032031 0.198958 0.053125 0.198958 0.053125 0.224479 0.032031 0.224479
0 0.009766 0.242188 0.032031 0.242188 0.032031 0.264583 0.009766 0.264583
0 0.057422 0.234896 0.079688 0.234896 0.079688 0.261458 0.057422 0.261458
0 0.069531 0.185938 0.086328 0.185938 0.086328 0.219792 0.069531 0.219792
0 0.094922 0.222917 0.118359 0.222917 0.118359 0.246354 0.094922 0.246354
0 0.030859 0.288021 0.053125 0.288021 0.053125 0.311979 0.030859 0.311979
0 0.017578 0.323438 0.038672 0.323438 0.038672 0.344271 0.017578 0.344271
0 0.005078 0.361979 0.026172 0.361979 0.026172 0.385938 0.005078 0.385938
0 0.021875 0.403646 0.044141 0.403646 0.044141 0.427083 0.021875 0.427083
0 0.10625 0.040625 0.125 0.040625 0.125 0.067708 0.10625 0.067708
0 0.122656 0.014062 0.144922 0.014062 0.144922 0.042188 0.122656 0.042188
0 0.158203 0.014062 0.176172 0.014062 0.176172 0.04375 0.158203 0.04375
0 0.220312 0.034896 0.238281 0.034896 0.238281 0.063021 0.220312 0.063021
0 0.221484 0.091146 0.240234 0.091146 0.240234 0.117708 0.221484 0.117708
0 0.242578 0.058333 0.260547 0.058333 0.260547 0.086458 0.242578 0.086458
0 0.166797 0.184896 0.188672 0.184896 0.188672 0.207292 0.166797 0.207292
0 0.151172 0.216146 0.173438 0.216146 0.173438 0.238021 0.151172 0.238021
0 0.075781 0.273958 0.098047 0.273958 0.098047 0.294271 0.075781 0.294271
0 0.090234 0.319792 0.116797 0.319792 0.116797 0.341667 0.090234 0.341667
0 0.072266 0.371354 0.094531 0.371354 0.094531 0.39375 0.072266 0.39375
0 0.073438 0.416146 0.095703 0.416146 0.095703 0.434896 0.073438 0.434896
0 0.056641 0.454167 0.077734 0.454167 0.077734 0.478125 0.056641 0.478125
0 0.102344 0.448438 0.121094 0.448438 0.121094 0.472396 0.102344 0.472396
0 0.074609 0.507812 0.091406 0.507812 0.091406 0.535938 0.074609 0.535938
0 0.0125 0.48125 0.035938 0.48125 0.035938 0.510417 0.0125 0.510417
0 0.280859 0.059375 0.301953 0.059375 0.301953 0.091667 0.280859 0.091667
0 0.330859 0.09375 0.350781 0.09375 0.350781 0.121875 0.330859 0.121875
0 0.332031 0.134375 0.349219 0.134375 0.349219 0.156771 0.332031 0.156771
0 0.367188 0.118229 0.389844 0.118229 0.389844 0.139062 0.367188 0.139062
0 0.347656 0.165625 0.367188 0.165625 0.367188 0.182812 0.347656 0.182812
0 0.330078 0.208854 0.35 0.208854 0.35 0.2375 0.330078 0.2375
0 0.363672 0.197396 0.383984 0.197396 0.383984 0.224479 0.363672 0.224479
0 0.294922 0.00625 0.311719 0.00625 0.311719 0.034375 0.294922 0.034375
0 0.355469 0.030729 0.375 0.030729 0.375 0.060417 0.355469 0.060417
0 0.406641 0.089062 0.423828 0.089062 0.423828 0.113021 0.406641 0.113021
0 0.430078 0.063542 0.447266 0.063542 0.447266 0.09375 0.430078 0.09375
0 0.421875 0.126042 0.444531 0.126042 0.444531 0.147396 0.421875 0.147396
0 0.435156 0.178646 0.452344 0.178646 0.452344 0.207292 0.435156 0.207292
0 0.405469 0.21875 0.426953 0.21875 0.426953 0.239583 0.405469 0.239583
0 0.346094 0.265625 0.365234 0.265625 0.365234 0.291667 0.346094 0.291667
0 0.478125 0.147396 0.498047 0.147396 0.498047 0.173438 0.478125 0.173438
0 0.196094 0.300521 0.218359 0.300521 0.218359 0.326562 0.196094 0.326562
0 0.282031 0.321354 0.304297 0.321354 0.304297 0.34375 0.282031 0.34375
0 0.406641 0.290104 0.426172 0.290104 0.426172 0.322396 0.406641 0.322396
0 0.436328 0.245833 0.457812 0.245833 0.457812 0.266667 0.436328 0.266667
0 0.433203 0.018229 0.449219 0.018229 0.449219 0.034896 0.433203 0.034896
0 0.464062 0.020312 0.483203 0.020312 0.483203 0.045312 0.464062 0.045312
0 0.491797 0.041146 0.507422 0.041146 0.507422 0.067188 0.491797 0.067188
0 0.507422 0.064062 0.527734 0.064062 0.527734 0.090625 0.507422 0.090625
0 0.219531 0.254688 0.239062 0.254688 0.239062 0.278125 0.219531 0.278125
0 0.232812 0.316667 0.252344 0.316667 0.252344 0.338021 0.232812 0.338021
0 0.186328 0.340625 0.207031 0.340625 0.207031 0.365104 0.186328 0.365104
0 0.155859 0.366667 0.177344 0.366667 0.177344 0.386458 0.155859 0.386458
0 0.217188 0.380208 0.242578 0.380208 0.242578 0.401562 0.217188 0.401562
0 0.251953 0.361979 0.26875 0.361979 0.26875 0.386458 0.251953 0.386458
0 0.278125 0.394792 0.296875 0.394792 0.296875 0.419792 0.278125 0.419792
0 0.301172 0.36875 0.321094 0.36875 0.321094 0.391667 0.301172 0.391667
0 0.335547 0.367188 0.353516 0.367188 0.353516 0.401562 0.335547 0.401562
0 0.360547 0.376562 0.378516 0.376562 0.378516 0.401562 0.360547 0.401562
0 0.161328 0.398958 0.182031 0.398958 0.182031 0.421354 0.161328 0.421354
0 0.242578 0.416146 0.260156 0.416146 0.260156 0.439062 0.242578 0.439062
0 0.186719 0.464583 0.201953 0.464583 0.201953 0.482812 0.186719 0.482812
0 0.240234 0.454167 0.263281 0.454167 0.263281 0.475 0.240234 0.475
0 0.208203 0.482812 0.230859 0.482812 0.230859 0.502083 0.208203 0.502083
0 0.244531 0.485938 0.261719 0.485938 0.261719 0.505208 0.244531 0.505208
0 0.291016 0.461979 0.308984 0.461979 0.308984 0.492188 0.291016 0.492188
0 0.30625 0.4 0.330469 0.4 0.330469 0.425 0.30625 0.425
0 0.136719 0.461979 0.155859 0.461979 0.155859 0.491667 0.136719 0.491667
0 0.162891 0.520833 0.179297 0.520833 0.179297 0.544271 0.162891 0.544271
0 0.102734 0.494792 0.121484 0.494792 0.121484 0.515625 0.102734 0.515625
0 0.035156 0.532292 0.057031 0.532292 0.057031 0.554688 0.035156 0.554688
0 0.055859 0.560938 0.071875 0.560938 0.071875 0.584896 0.055859 0.584896
0 0.109766 0.566146 0.125 0.566146 0.125 0.590625 0.109766 0.590625
0 0.148828 0.55 0.165234 0.55 0.165234 0.572396 0.148828 0.572396
0 0.186719 0.536979 0.201953 0.536979 0.201953 0.565625 0.186719 0.565625
0 0.215625 0.540625 0.233984 0.540625 0.233984 0.570833 0.215625 0.570833
0 0.089062 0.596354 0.107422 0.596354 0.107422 0.627083 0.089062 0.627083
0 0.077734 0.642188 0.09375 0.642188 0.09375 0.666667 0.077734 0.666667
0 0.105078 0.649479 0.121484 0.649479 0.121484 0.682292 0.105078 0.682292
0 0.133594 0.593229 0.148047 0.593229 0.148047 0.628125 0.133594 0.628125
0 0.159375 0.5875 0.176562 0.5875 0.176562 0.613542 0.159375 0.613542
0 0.153125 0.641146 0.175391 0.641146 0.175391 0.661458 0.153125 0.661458
0 0.143359 0.673438 0.157812 0.673438 0.157812 0.699479 0.143359 0.699479
0 0.198828 0.599479 0.218359 0.599479 0.218359 0.628125 0.198828 0.628125
0 0.236328 0.570312 0.255859 0.570312 0.255859 0.589062 0.236328 0.589062
0 0.273828 0.517708 0.294531 0.517708 0.294531 0.547396 0.273828 0.547396
0 0.277734 0.5875 0.296094 0.5875 0.296094 0.609375 0.277734 0.609375
0 0.234766 0.621354 0.252734 0.621354 0.252734 0.65625 0.234766 0.65625
0 0.205078 0.652083 0.225391 0.652083 0.225391 0.684375 0.205078 0.684375
0 0.334766 0.442708 0.361328 0.442708 0.361328 0.472396 0.334766 0.472396
0 0.15625 0.702604 0.176562 0.702604 0.176562 0.724479 0.15625 0.724479
0 0.190625 0.704167 0.208984 0.704167 0.208984 0.734375 0.190625 0.734375
0 0.224609 0.684896 0.243359 0.684896 0.243359 0.713542 0.224609 0.713542
0 0.267969 0.643229 0.285938 0.643229 0.285938 0.669271 0.267969 0.669271
0 0.312891 0.648438 0.335547 0.648438 0.335547 0.677083 0.312891 0.677083
0 0.283984 0.689062 0.301562 0.689062 0.301562 0.710938 0.283984 0.710938
0 0.264844 0.741146 0.287109 0.741146 0.287109 0.764583 0.264844 0.764583
0 0.353125 0.579688 0.377344 0.579688 0.377344 0.600521 0.353125 0.600521
0 0.328516 0.493229 0.349219 0.493229 0.349219 0.510938 0.328516 0.510938
0 0.371094 0.464062 0.390625 0.464062 0.390625 0.492188 0.371094 0.492188
0 0.390625 0.576562 0.407812 0.576562 0.407812 0.603646 0.390625 0.603646
0 0.342578 0.615625 0.363281 0.615625 0.363281 0.641667 0.342578 0.641667
0 0.377734 0.633333 0.396875 0.633333 0.396875 0.65625 0.377734 0.65625
0 0.337109 0.699479 0.353125 0.699479 0.353125 0.726042 0.337109 0.726042
0 0.019922 0.804688 0.036328 0.804688 0.036328 0.827604 0.019922 0.827604
0 0.035547 0.578125 0.054688 0.578125 0.054688 0.597917 0.035547 0.597917
0 0.005859 0.849479 0.025781 0.849479 0.025781 0.875 0.005859 0.875
0 0.039844 0.850521 0.060547 0.850521 0.060547 0.879688 0.039844 0.879688
0 0.06875 0.824479 0.084375 0.824479 0.084375 0.849479 0.06875 0.849479
0 0.096484 0.845833 0.112891 0.845833 0.112891 0.878125 0.096484 0.878125
0 0.04375 0.908333 0.062109 0.908333 0.062109 0.939583 0.04375 0.939583
0 0.005469 0.915104 0.021484 0.915104 0.021484 0.938542 0.005469 0.938542
0 0.012891 0.961979 0.028516 0.961979 0.028516 0.988021 0.012891 0.988021
0 0.080078 0.905729 0.098438 0.905729 0.098438 0.935417 0.080078 0.935417
0 0.280078 0.968229 0.296875 0.968229 0.296875 0.996875 0.280078 0.996875
0 0.259766 0.940625 0.275781 0.940625 0.275781 0.967708 0.259766 0.967708
0 0.636719 0.911458 0.657031 0.911458 0.657031 0.935938 0.636719 0.935938
0 0.535156 0.948958 0.552734 0.948958 0.552734 0.973438 0.535156 0.973438
0 0.507812 0.953646 0.525391 0.953646 0.525391 0.983333 0.507812 0.983333
0 0.557031 0.89375 0.577344 0.89375 0.577344 0.920833 0.557031 0.920833
0 0.435938 0.906771 0.464062 0.906771 0.464062 0.932292 0.435938 0.932292
0 0.665625 0.925521 0.685938 0.925521 0.685938 0.947396 0.665625 0.947396
0 0.709766 0.936458 0.732422 0.936458 0.732422 0.958854 0.709766 0.958854
0 0.613281 0.910938 0.629297 0.910938 0.629297 0.934375 0.613281 0.934375
0 0.575 0.9375 0.598438 0.9375 0.598438 0.966146 0.575 0.966146
0 0.349219 0.960938 0.366797 0.960938 0.366797 0.983854 0.349219 0.983854
0 0.324219 0.949479 0.341797 0.949479 0.341797 0.96875 0.324219 0.96875
0 0.279297 0.908854 0.302344 0.908854 0.302344 0.928646 0.279297 0.928646
0 0.327344 0.893229 0.35 0.893229 0.35 0.916146 0.327344 0.916146
0 0.382422 0.893229 0.405859 0.893229 0.405859 0.91875 0.382422 0.91875
0 0.482812 0.766146 0.501562 0.766146 0.501562 0.801562 0.482812 0.801562
0 0.382812 0.85625 0.403516 0.85625 0.403516 0.88125 0.382812 0.88125
0 0.342969 0.848958 0.365625 0.848958 0.365625 0.876562 0.342969 0.876562
0 0.375781 0.781771 0.401172 0.781771 0.401172 0.805729 0.375781 0.805729
0 0.3875 0.816146 0.404688 0.816146 0.404688 0.839062 0.3875 0.839062
0 0.426172 0.822917 0.444922 0.822917 0.444922 0.847917 0.426172 0.847917
0 0.451953 0.792708 0.469922 0.792708 0.469922 0.822917 0.451953 0.822917
0 0.546875 0.788021 0.567188 0.788021 0.567188 0.8125 0.546875 0.8125
0 0.591016 0.836979 0.615234 0.836979 0.615234 0.867708 0.591016 0.867708
0 0.622266 0.783854 0.641406 0.783854 0.641406 0.816146 0.622266 0.816146
0 0.626953 0.872917 0.647266 0.872917 0.647266 0.897396 0.626953 0.897396
0 0.664844 0.803125 0.689453 0.803125 0.689453 0.828125 0.664844 0.828125
0 0.655859 0.847396 0.675 0.847396 0.675 0.870312 0.655859 0.870312
0 0.680859 0.871354 0.705469 0.871354 0.705469 0.895312 0.680859 0.895312
0 0.2375 0.800521 0.254297 0.800521 0.254297 0.834896 0.2375 0.834896
0 0.260938 0.816146 0.277734 0.816146 0.277734 0.848958 0.260938 0.848958
0 0.286719 0.802604 0.311328 0.802604 0.311328 0.825 0.286719 0.825
0 0.289844 0.761979 0.313672 0.761979 0.313672 0.782812 0.289844 0.782812
0 0.326953 0.773958 0.342969 0.773958 0.342969 0.801042 0.326953 0.801042
0 0.296875 0.860938 0.320312 0.860938 0.320312 0.886979 0.296875 0.886979
0 0.363672 0.716667 0.383984 0.716667 0.383984 0.742708 0.363672 0.742708
0 0.350391 0.759375 0.366016 0.759375 0.366016 0.791146 0.350391 0.791146
0 0.405078 0.683854 0.421484 0.683854 0.421484 0.715104 0.405078 0.715104
0 0.416406 0.729688 0.435938 0.729688 0.435938 0.75625 0.416406 0.75625
0 0.424609 0.764062 0.441406 0.764062 0.441406 0.785417 0.424609 0.785417
0 0.448047 0.736458 0.466016 0.736458 0.466016 0.765625 0.448047 0.765625
0 0.461719 0.686458 0.478125 0.686458 0.478125 0.715104 0.461719 0.715104
0 0.494141 0.677083 0.510547 0.677083 0.510547 0.710938 0.494141 0.710938
0 0.512891 0.739062 0.533203 0.739062 0.533203 0.770833 0.512891 0.770833
0 0.543359 0.73125 0.561328 0.73125 0.561328 0.761458 0.543359 0.761458
0 0.432031 0.656771 0.449219 0.656771 0.449219 0.681771 0.432031 0.681771
0 0.475781 0.611458 0.49375 0.611458 0.49375 0.641667 0.475781 0.641667
0 0.451953 0.610938 0.469922 0.610938 0.469922 0.641667 0.451953 0.641667
0 0.528516 0.641667 0.546484 0.641667 0.546484 0.669271 0.528516 0.669271
0 0.528906 0.696875 0.544922 0.696875 0.544922 0.724479 0.528906 0.724479
0 0.554297 0.681771 0.571484 0.681771 0.571484 0.708333 0.554297 0.708333
0 0.5875 0.685417 0.604688 0.685417 0.604688 0.715625 0.5875 0.715625
0 0.607422 0.73125 0.626172 0.73125 0.626172 0.763542 0.607422 0.763542
0 0.639453 0.736458 0.660547 0.736458 0.660547 0.763542 0.639453 0.763542
0 0.647656 0.9625 0.670703 0.9625 0.670703 0.990625 0.647656 0.990625
0 0.408594 0.552083 0.431641 0.552083 0.431641 0.575 0.408594 0.575
0 0.414453 0.584375 0.435547 0.584375 0.435547 0.606771 0.414453 0.606771
0 0.489453 0.508333 0.513672 0.508333 0.513672 0.535938 0.489453 0.535938
0 0.508594 0.592188 0.533594 0.592188 0.533594 0.61875 0.508594 0.61875
0 0.428516 0.327083 0.446484 0.327083 0.446484 0.352604 0.428516 0.352604
0 0.465625 0.335417 0.484375 0.335417 0.484375 0.368229 0.465625 0.368229
0 0.49375 0.354688 0.510938 0.354688 0.510938 0.382292 0.49375 0.382292
0 0.519531 0.331771 0.5375 0.331771 0.5375 0.35 0.519531 0.35
0 0.533203 0.285938 0.552344 0.285938 0.552344 0.313542 0.533203 0.313542
0 0.485156 0.242188 0.503125 0.242188 0.503125 0.270833 0.485156 0.270833
0 0.471484 0.201042 0.485156 0.201042 0.485156 0.228125 0.471484 0.228125
0 0.502734 0.179167 0.519141 0.179167 0.519141 0.20625 0.502734 0.20625
0 0.528516 0.184375 0.544922 0.184375 0.544922 0.211979 0.528516 0.211979
0 0.510938 0.231771 0.527344 0.231771 0.527344 0.260938 0.510938 0.260938
0 0.633594 0.372396 0.651562 0.372396 0.651562 0.401562 0.633594 0.401562
0 0.648438 0.266146 0.663281 0.266146 0.663281 0.290104 0.648438 0.290104
0 0.666797 0.317188 0.694141 0.317188 0.694141 0.336979 0.666797 0.336979
0 0.663281 0.357812 0.6875 0.357812 0.6875 0.384375 0.663281 0.384375
0 0.684375 0.392188 0.708984 0.392188 0.708984 0.416667 0.684375 0.416667
0 0.644141 0.439062 0.666797 0.439062 0.666797 0.46875 0.644141 0.46875
0 0.635938 0.486458 0.657422 0.486458 0.657422 0.511979 0.635938 0.511979
0 0.665234 0.486458 0.6875 0.486458 0.6875 0.507812 0.665234 0.507812
0 0.6875 0.451042 0.708984 0.451042 0.708984 0.472396 0.6875 0.472396
0 0.680078 0.542188 0.703516 0.542188 0.703516 0.565625 0.680078 0.565625
0 0.713281 0.538542 0.730078 0.538542 0.730078 0.565104 0.713281 0.565104
0 0.672656 0.602083 0.694922 0.602083 0.694922 0.625521 0.672656 0.625521
0 0.675781 0.632812 0.694922 0.632812 0.694922 0.659375 0.675781 0.659375
0 0.722656 0.594271 0.748438 0.594271 0.748438 0.616667 0.722656 0.616667
0 0.739062 0.479167 0.7625 0.479167 0.7625 0.504687 0.739062 0.504687
0 0.735938 0.415625 0.757422 0.415625 0.757422 0.439062 0.735938 0.439062
0 0.764062 0.423438 0.779297 0.423438 0.779297 0.453125 0.764062 0.453125
0 0.664062 0.758333 0.683984 0.758333 0.683984 0.782292 0.664062 0.782292
0 0.707422 0.731771 0.726562 0.731771 0.726562 0.758333 0.707422 0.758333
0 0.711328 0.686979 0.730078 0.686979 0.730078 0.719792 0.711328 0.719792
0 0.73125 0.658333 0.750781 0.658333 0.750781 0.686979 0.73125 0.686979
0 0.760156 0.608854 0.780859 0.608854 0.780859 0.631771 0.760156 0.631771
0 0.752734 0.524479 0.775391 0.524479 0.775391 0.547396 0.752734 0.547396
0 0.779688 0.50625 0.800781 0.50625 0.800781 0.533854 0.779688 0.533854
0 0.774609 0.458854 0.798828 0.458854 0.798828 0.481771 0.774609 0.481771
0 0.8125 0.498958 0.830469 0.498958 0.830469 0.526562 0.8125 0.526562
0 0.769141 0.570312 0.791016 0.570312 0.791016 0.593229 0.769141 0.593229
0 0.804688 0.605729 0.825 0.605729 0.825 0.628125 0.804688 0.628125
0 0.810938 0.646875 0.829688 0.646875 0.829688 0.675 0.810938 0.675
0 0.782422 0.670833 0.802344 0.670833 0.802344 0.693229 0.782422 0.693229
0 0.759766 0.739062 0.779297 0.739062 0.779297 0.765625 0.759766 0.765625
0 0.735156 0.775 0.753125 0.775 0.753125 0.802083 0.735156 0.802083
0 0.709375 0.344792 0.725781 0.344792 0.725781 0.370833 0.709375 0.370833
0 0.804688 0.347917 0.825 0.347917 0.825 0.373958 0.804688 0.373958
0 0.784766 0.394792 0.80625 0.394792 0.80625 0.419271 0.784766 0.419271
0 0.858984 0.476042 0.876172 0.476042 0.876172 0.503125 0.858984 0.503125
0 0.882422 0.470312 0.904688 0.470312 0.904688 0.49375 0.882422 0.49375
0 0.865234 0.555729 0.885547 0.555729 0.885547 0.580729 0.865234 0.580729
0 0.894531 0.521875 0.913281 0.521875 0.913281 0.551562 0.894531 0.551562
0 0.80625 0.714062 0.823438 0.714062 0.823438 0.745312 0.80625 0.745312
0 0.787109 0.731771 0.807031 0.731771 0.807031 0.758333 0.787109 0.758333
0 0.850391 0.651042 0.866797 0.651042 0.866797 0.683854 0.850391 0.683854
0 0.876953 0.595312 0.895312 0.595312 0.895312 0.617708 0.876953 0.617708
0 0.883984 0.655208 0.897656 0.655208 0.897656 0.677083 0.883984 0.677083
0 0.741406 0.340104 0.760547 0.340104 0.760547 0.372917 0.741406 0.372917
0 0.779688 0.302083 0.798828 0.302083 0.798828 0.33125 0.779688 0.33125
0 0.7125 0.282292 0.730859 0.282292 0.730859 0.3125 0.7125 0.3125
0 0.815625 0.294271 0.833984 0.294271 0.833984 0.322917 0.815625 0.322917
0 0.83125 0.335417 0.846484 0.335417 0.846484 0.361458 0.83125 0.361458
0 0.846094 0.311979 0.863672 0.311979 0.863672 0.341667 0.846094 0.341667
0 0.678906 0.238542 0.695703 0.238542 0.695703 0.264062 0.678906 0.264062
0 0.55625 0.233333 0.581641 0.233333 0.581641 0.257812 0.55625 0.257812
0 0.559766 0.192708 0.579688 0.192708 0.579688 0.218229 0.559766 0.218229
0 0.796875 0.242188 0.814844 0.242188 0.814844 0.272917 0.796875 0.272917
0 0.810938 0.775521 0.833594 0.775521 0.833594 0.805729 0.810938 0.805729
0 0.782031 0.810417 0.805078 0.810417 0.805078 0.841146 0.782031 0.841146
0 0.821094 0.833854 0.841797 0.833854 0.841797 0.864583 0.821094 0.864583
0 0.839453 0.716667 0.854297 0.716667 0.854297 0.746354 0.839453 0.746354
0 0.873047 0.730208 0.889453 0.730208 0.889453 0.758333 0.873047 0.758333
0 0.894922 0.758333 0.9125 0.758333 0.9125 0.785417 0.894922 0.785417
0 0.9 0.715625 0.915234 0.715625 0.915234 0.739062 0.9 0.739062
0 0.898828 0.416146 0.91875 0.416146 0.91875 0.440625 0.898828 0.440625
0 0.932422 0.530729 0.953125 0.530729 0.953125 0.558333 0.932422 0.558333
0 0.9375 0.359896 0.960156 0.359896 0.960156 0.381771 0.9375 0.381771
0 0.941406 0.391146 0.964453 0.391146 0.964453 0.415104 0.941406 0.415104
0 0.704297 0.179167 0.722266 0.179167 0.722266 0.211979 0.704297 0.211979
0 0.7375 0.221875 0.752734 0.221875 0.752734 0.247917 0.7375 0.247917
0 0.713672 0.244271 0.732031 0.244271 0.732031 0.263542 0.713672 0.263542
0 0.741797 0.259375 0.757031 0.259375 0.757031 0.279688 0.741797 0.279688
0 0.7625 0.216667 0.779688 0.216667 0.779688 0.240104 0.7625 0.240104
0 0.576953 0.15625 0.594922 0.15625 0.594922 0.181771 0.576953 0.181771
0 0.745703 0.153125 0.762891 0.153125 0.762891 0.179688 0.745703 0.179688
0 0.464453 0.1125 0.486328 0.1125 0.486328 0.133854 0.464453 0.133854
0 0.55625 0.067188 0.577734 0.067188 0.577734 0.091667 0.55625 0.091667
0 0.599219 0.131771 0.614844 0.131771 0.614844 0.154688 0.599219 0.154688
0 0.58125 0.013021 0.6 0.013021 0.6 0.033333 0.58125 0.033333
0 0.561328 0.113021 0.578906 0.113021 0.578906 0.135938 0.561328 0.135938
0 0.849609 0.108854 0.868359 0.108854 0.868359 0.141667 0.849609 0.141667
0 0.727734 0.118229 0.743359 0.118229 0.743359 0.146875 0.727734 0.146875
0 0.786328 0.140104 0.805078 0.140104 0.805078 0.167708 0.786328 0.167708
0 0.816016 0.132292 0.829688 0.132292 0.829688 0.163542 0.816016 0.163542
0 0.871484 0.2 0.892969 0.2 0.892969 0.225 0.871484 0.225
0 0.780859 0.020312 0.802734 0.020312 0.802734 0.041667 0.780859 0.041667
0 0.814453 0.015625 0.830859 0.015625 0.830859 0.038021 0.814453 0.038021
0 0.835156 0.043229 0.858984 0.043229 0.858984 0.067188 0.835156 0.067188
0 0.879297 0.048438 0.902344 0.048438 0.902344 0.075 0.879297 0.075
0 0.944531 0.071875 0.963281 0.071875 0.963281 0.102604 0.944531 0.102604
0 0.969922 0.059896 0.984766 0.059896 0.984766 0.092188 0.969922 0.092188
0 0.830078 0.099479 0.844141 0.099479 0.844141 0.125521 0.830078 0.125521
0 0.828516 0.214583 0.850391 0.214583 0.850391 0.231771 0.828516 0.231771
0 0.835156 0.25625 0.855859 0.25625 0.855859 0.28125 0.835156 0.28125
0 0.900391 0.274479 0.916406 0.274479 0.916406 0.301562 0.900391 0.301562
0 0.876172 0.291667 0.890234 0.291667 0.890234 0.314583 0.876172 0.314583
0 0.884766 0.240104 0.903906 0.240104 0.903906 0.259896 0.884766 0.259896
0 0.929297 0.207812 0.950781 0.207812 0.950781 0.230729 0.929297 0.230729
0 0.947656 0.264062 0.969141 0.264062 0.969141 0.2875 0.947656 0.2875
0 0.919531 0.145833 0.934766 0.145833 0.934766 0.168229 0.919531 0.168229
0 0.960156 0.141667 0.976953 0.141667 0.976953 0.163021 0.960156 0.163021
0 0.966016 0.209896 0.989453 0.209896 0.989453 0.233854 0.966016 0.233854
0 0.913672 0.0 0.933594 0.0 0.933594 0.028125 0.913672 0.028125
0 0.970312 0.493229 0.985938 0.493229 0.985938 0.523438 0.970312 0.523438
0 0.95 0.633333 0.968359 0.633333 0.968359 0.655729 0.95 0.655729
0 0.903516 0.628646 0.920312 0.628646 0.920312 0.648958 0.903516 0.648958
0 0.964844 0.760417 0.983203 0.760417 0.983203 0.788542 0.964844 0.788542
0 0.838672 0.171875 0.857031 0.171875 0.857031 0.194792 0.838672 0.194792
0 0.883594 0.142708 0.906641 0.142708 0.906641 0.167708 0.883594 0.167708
0 0.908984 0.082292 0.924609 0.082292 0.924609 0.113021 0.908984 0.113021
0 0.921875 0.657292 0.941797 0.657292 0.941797 0.692708 0.921875 0.692708
0 0.958594 0.682812 0.975781 0.682812 0.975781 0.713021 0.958594 0.713021
0 0.962109 0.333854 0.979297 0.333854 0.979297 0.358854 0.962109 0.358854
0 0.335938 0.043229 0.354688 0.043229 0.354688 0.076042 0.335938 0.076042
0 0.408203 0.178646 0.426953 0.178646 0.426953 0.203646 0.408203 0.203646
0 0.942578 0.461458 0.959766 0.461458 0.959766 0.480729 0.942578 0.480729
0 0.963281 0.416146 0.978516 0.416146 0.978516 0.45 0.963281 0.45
0 0.463672 0.841667 0.483594 0.841667 0.483594 0.8625 0.463672 0.8625