0 0.056641 0.205208 0.074219 0.205208 0.074219 0.225 0.056641 0.225
0 0.039453 0.05625 0.055859 0.05625 0.055859 0.074479 0.039453 0.074479
0 0.0 0.115625 0.021484 0.115625 0.021484 0.134896 0.0 0.134896
0 0.034766 0.160938 0.05 0.160938 0.05 0.175 0.034766 0.175
0 0.032031 0.203125 0.05 0.203125 0.05 0.224479 0.032031 0.224479
0 0.0 0.227604 0.021484 0.227604 0.021484 0.241667 0.0 0.241667
0 0.105859 0.090625 0.123047 0.090625 0.123047 0.113542 0.105859 0.113542
0 0.144922 0.066146 0.164453 0.066146 0.164453 0.084375 0.144922 0.084375
0 0.09375 0.026042 0.110938 0.026042 0.110938 0.043229 0.09375 0.043229
0 0.142188 0.007812 0.157812 0.007812 0.157812 0.028125 0.142188 0.028125
0 0.175781 0.014062 0.190234 0.014062 0.190234 0.035417 0.175781 0.035417
0 0.072656 0.068229 0.095312 0.068229 0.095312 0.084375 0.072656 0.084375
0 0.111719 0.249479 0.13125 0.249479 0.13125 0.263542 0.111719 0.263542
0 0.054688 0.286979 0.070312 0.286979 0.070312 0.309896 0.054688 0.309896
0 0.032031 0.341146 0.04375 0.341146 0.04375 0.3625 0.032031 0.3625
0 0.075781 0.311979 0.090625 0.311979 0.090625 0.336458 0.075781 0.336458
0 0.321875 0.095312 0.336719 0.095312 0.336719 0.118229 0.321875 0.118229
0 0.346484 0.136458 0.364453 0.136458 0.364453 0.160417 0.346484 0.160417
0 0.378516 0.155208 0.39375 0.155208 0.39375 0.180729 0.378516 0.180729
0 0.414844 0.143229 0.426953 0.143229 0.426953 0.166146 0.414844 0.166146
0 0.408594 0.190625 0.424609 0.190625 0.424609 0.213542 0.408594 0.213542
0 0.379297 0.220312 0.395312 0.220312 0.395312 0.244792 0.379297 0.244792
0 0.324609 0.233854 0.341797 0.233854 0.341797 0.253125 0.324609 0.253125
0 0.260156 0.206771 0.275391 0.206771 0.275391 0.223958 0.260156 0.223958
0 0.209766 0.234896 0.226562 0.234896 0.226562 0.254167 0.209766 0.254167
0 0.191797 0.278125 0.206641 0.278125 0.206641 0.301042 0.191797 0.301042
0 0.200781 0.314583 0.216797 0.314583 0.216797 0.329688 0.200781 0.329688
0 0.228125 0.328646 0.239844 0.328646 0.239844 0.348438 0.228125 0.348438
0 0.230859 0.267188 0.245312 0.267188 0.245312 0.285417 0.230859 0.285417
0 0.269531 0.244792 0.285938 0.244792 0.285938 0.265104 0.269531 0.265104
0 0.298828 0.253125 0.3125 0.253125 0.3125 0.277083 0.298828 0.277083
0 0.339062 0.297917 0.355078 0.297917 0.355078 0.31875 0.339062 0.31875
0 0.357812 0.340104 0.373047 0.340104 0.373047 0.358854 0.357812 0.358854
0 0.390234 0.340104 0.40625 0.340104 0.40625 0.366667 0.390234 0.366667
0 0.425781 0.277604 0.442188 0.277604 0.442188 0.291146 0.425781 0.291146
0 0.149609 0.102083 0.171094 0.102083 0.171094 0.122396 0.149609 0.122396
0 0.467969 0.111458 0.483594 0.111458 0.483594 0.134896 0.467969 0.134896
0 0.504297 0.098438 0.520703 0.098438 0.520703 0.115104 0.504297 0.115104
0 0.525391 0.134896 0.540234 0.134896 0.540234 0.158333 0.525391 0.158333
0 0.512891 0.167708 0.53125 0.167708 0.53125 0.185938 0.512891 0.185938
0 0.302734 0.392188 0.323438 0.392188 0.323438 0.405729 0.302734 0.405729
0 0.199219 0.375521 0.213672 0.375521 0.213672 0.400521 0.199219 0.400521
0 0.138281 0.465625 0.155859 0.465625 0.155859 0.480208 0.138281 0.480208
0 0.18125 0.450521 0.195703 0.450521 0.195703 0.464583 0.18125 0.464583
0 0.232031 0.469792 0.253516 0.469792 0.253516 0.493229 0.232031 0.493229
0 0.133594 0.514062 0.151172 0.514062 0.151172 0.527083 0.133594 0.527083
0 0.106641 0.586458 0.123438 0.586458 0.123438 0.601042 0.106641 0.601042
0 0.148047 0.568229 0.163672 0.568229 0.163672 0.58125 0.148047 0.58125
0 0.206641 0.552604 0.217969 0.552604 0.217969 0.567188 0.206641 0.567188
0 0.146484 0.617188 0.163672 0.617188 0.163672 0.632812 0.146484 0.632812
0 0.208203 0.605208 0.222656 0.605208 0.222656 0.622396 0.208203 0.622396
0 0.117578 0.657292 0.128906 0.657292 0.128906 0.672396 0.117578 0.672396
0 0.101172 0.725 0.112891 0.725 0.112891 0.745312 0.101172 0.745312
0 0.162891 0.683854 0.176562 0.683854 0.176562 0.705208 0.162891 0.705208
0 0.185938 0.652083 0.200391 0.652083 0.200391 0.671354 0.185938 0.671354
0 0.224219 0.667708 0.236719 0.667708 0.236719 0.683854 0.224219 0.683854
0 0.314844 0.446354 0.332031 0.446354 0.332031 0.4625 0.314844 0.4625
0 0.355078 0.419792 0.367188 0.419792 0.367188 0.435938 0.355078 0.435938
0 0.199609 0.503646 0.216406 0.503646 0.216406 0.515104 0.199609 0.515104
0 0.401562 0.401042 0.417188 0.401042 0.417188 0.415625 0.401562 0.415625
0 0.333594 0.499479 0.346875 0.499479 0.346875 0.517188 0.333594 0.517188
0 0.344531 0.532812 0.359375 0.532812 0.359375 0.545312 0.344531 0.545312
0 0.286328 0.575 0.307031 0.575 0.307031 0.59375 0.286328 0.59375
0 0.382422 0.555729 0.400391 0.555729 0.400391 0.568229 0.382422 0.568229
0 0.383984 0.590104 0.400391 0.590104 0.400391 0.602604 0.383984 0.602604
0 0.376562 0.615625 0.3875 0.615625 0.3875 0.630729 0.376562 0.630729
0 0.120312 0.758333 0.131641 0.758333 0.131641 0.777604 0.120312 0.777604
0 0.158203 0.753125 0.173047 0.753125 0.173047 0.768229 0.158203 0.768229
0 0.223047 0.713021 0.233594 0.713021 0.233594 0.729167 0.223047 0.729167
0 0.238672 0.769271 0.252344 0.769271 0.252344 0.783333 0.238672 0.783333
0 0.276562 0.78125 0.287109 0.78125 0.287109 0.805729 0.276562 0.805729
0 0.310547 0.78125 0.321094 0.78125 0.321094 0.798438 0.310547 0.798438
0 0.360938 0.739062 0.373047 0.739062 0.373047 0.763542 0.360938 0.763542
0 0.365625 0.7875 0.376172 0.7875 0.376172 0.811458 0.365625 0.811458
0 0.145312 0.884896 0.156641 0.884896 0.156641 0.909375 0.145312 0.909375
0 0.386719 0.704688 0.398828 0.704688 0.398828 0.720833 0.386719 0.720833
0 0.383594 0.644271 0.396484 0.644271 0.396484 0.660417 0.383594 0.660417
0 0.445312 0.633333 0.461328 0.633333 0.461328 0.646354 0.445312 0.646354
0 0.450781 0.680729 0.467969 0.680729 0.467969 0.696875 0.450781 0.696875
0 0.441016 0.720833 0.457422 0.720833 0.457422 0.734896 0.441016 0.734896
0 0.434375 0.777604 0.444141 0.777604 0.444141 0.801562 0.434375 0.801562
0 0.403125 0.805729 0.414453 0.805729 0.414453 0.823958 0.403125 0.823958
0 0.365625 0.857812 0.379688 0.857812 0.379688 0.872917 0.365625 0.872917
0 0.309766 0.879167 0.324609 0.879167 0.324609 0.895312 0.309766 0.895312
0 0.272656 0.919792 0.283984 0.919792 0.283984 0.938021 0.272656 0.938021
0 0.053516 0.928646 0.063281 0.928646 0.063281 0.950521 0.053516 0.950521
0 0.234375 0.934896 0.245312 0.934896 0.245312 0.955208 0.234375 0.955208
0 0.309766 0.926042 0.325 0.926042 0.325 0.936458 0.309766 0.936458
0 0.092188 0.966146 0.107422 0.966146 0.107422 0.986458 0.092188 0.986458
0 0.136719 0.951042 0.150391 0.951042 0.150391 0.976562 0.136719 0.976562
0 0.330859 0.976042 0.342578 0.976042 0.342578 0.998438 0.330859 0.998438
0 0.421094 0.833854 0.432812 0.833854 0.432812 0.853646 0.421094 0.853646
0 0.462109 0.807292 0.476953 0.807292 0.476953 0.820312 0.462109 0.820312
0 0.470312 0.880208 0.482422 0.880208 0.482422 0.898958 0.470312 0.898958
0 0.499609 0.882812 0.513281 0.882812 0.513281 0.897396 0.499609 0.897396
0 0.481641 0.921875 0.494141 0.921875 0.494141 0.933854 0.481641 0.933854
0 0.476953 0.754688 0.492188 0.754688 0.492188 0.777604 0.476953 0.777604
0 0.519141 0.760938 0.534375 0.760938 0.534375 0.778125 0.519141 0.778125
0 0.510938 0.841146 0.523438 0.841146 0.523438 0.864583 0.510938 0.864583
0 0.548047 0.809896 0.564062 0.809896 0.564062 0.826562 0.548047 0.826562
0 0.558594 0.852083 0.568359 0.852083 0.568359 0.866667 0.558594 0.866667
0 0.50625 0.722917 0.519141 0.722917 0.519141 0.745833 0.50625 0.745833
0 0.492578 0.673958 0.513672 0.673958 0.513672 0.692188 0.492578 0.692188
0 0.490625 0.619271 0.507031 0.619271 0.507031 0.635417 0.490625 0.635417
0 0.530078 0.601042 0.549219 0.601042 0.549219 0.614062 0.530078 0.614062
0 0.576562 0.597396 0.588672 0.597396 0.588672 0.621354 0.576562 0.621354
0 0.551953 0.655729 0.562891 0.655729 0.562891 0.679167 0.551953 0.679167
0 0.555859 0.720833 0.568359 0.720833 0.568359 0.744792 0.555859 0.744792
0 0.583203 0.715625 0.603516 0.715625 0.603516 0.73125 0.583203 0.73125
0 0.586719 0.649479 0.598828 0.649479 0.598828 0.670312 0.586719 0.670312
0 0.637109 0.73125 0.65 0.73125 0.65 0.752083 0.637109 0.752083
0 0.638281 0.770312 0.65 0.770312 0.65 0.786458 0.638281 0.786458
0 0.625391 0.795833 0.638281 0.795833 0.638281 0.818229 0.625391 0.818229
0 0.515234 0.377083 0.533984 0.377083 0.533984 0.394792 0.515234 0.394792
0 0.527344 0.419792 0.546875 0.419792 0.546875 0.4375 0.527344 0.4375
0 0.558594 0.442708 0.569531 0.442708 0.569531 0.465104 0.558594 0.465104
0 0.563672 0.395312 0.584375 0.395312 0.584375 0.419792 0.563672 0.419792
0 0.545312 0.359375 0.561719 0.359375 0.561719 0.375521 0.545312 0.375521
0 0.584766 0.321354 0.603125 0.321354 0.603125 0.335938 0.584766 0.335938
0 0.605078 0.365104 0.623047 0.365104 0.623047 0.384375 0.605078 0.384375
0 0.612891 0.408333 0.624219 0.408333 0.624219 0.434896 0.612891 0.434896
0 0.591406 0.440104 0.608203 0.440104 0.608203 0.456771 0.591406 0.456771
0 0.683203 0.365104 0.696094 0.365104 0.696094 0.391146 0.683203 0.391146
0 0.700781 0.441146 0.712891 0.441146 0.712891 0.460938 0.700781 0.460938
0 0.705078 0.520833 0.718359 0.520833 0.718359 0.539583 0.705078 0.539583
0 0.667578 0.316146 0.682031 0.316146 0.682031 0.340104 0.667578 0.340104
0 0.626172 0.329167 0.64375 0.329167 0.64375 0.346354 0.626172 0.346354
0 0.707031 0.70625 0.722266 0.70625 0.722266 0.724479 0.707031 0.724479
0 0.663281 0.723438 0.676172 0.723438 0.676172 0.736458 0.663281 0.736458
0 0.672656 0.678646 0.689062 0.678646 0.689062 0.690625 0.672656 0.690625
0 0.684375 0.644271 0.698438 0.644271 0.698438 0.657812 0.684375 0.657812
0 0.719922 0.650521 0.730469 0.650521 0.730469 0.671875 0.719922 0.671875
0 0.757422 0.633333 0.770312 0.633333 0.770312 0.657292 0.757422 0.657292
0 0.741406 0.563021 0.75 0.563021 0.75 0.582292 0.741406 0.582292
0 0.75625 0.534375 0.774609 0.534375 0.774609 0.548958 0.75625 0.548958
0 0.780078 0.594792 0.792969 0.594792 0.792969 0.611979 0.780078 0.611979
0 0.842969 0.963021 0.855859 0.963021 0.855859 0.983854 0.842969 0.983854
0 0.925391 0.945833 0.939844 0.945833 0.939844 0.963021 0.925391 0.963021
0 0.942578 0.911458 0.959766 0.911458 0.959766 0.928646 0.942578 0.928646
0 0.984766 0.869271 0.993359 0.869271 0.993359 0.892188 0.984766 0.892188
0 0.971094 0.945833 0.989844 0.945833 0.989844 0.960417 0.971094 0.960417
0 0.95625 0.870312 0.969141 0.870312 0.969141 0.882812 0.95625 0.882812
0 0.753516 0.416146 0.770312 0.416146 0.770312 0.439583 0.753516 0.439583
0 0.737891 0.471875 0.75 0.471875 0.75 0.489062 0.737891 0.489062
0 0.772266 0.469271 0.785156 0.469271 0.785156 0.492708 0.772266 0.492708
0 0.792578 0.509896 0.806641 0.509896 0.806641 0.526042 0.792578 0.526042
0 0.814062 0.466667 0.826953 0.466667 0.826953 0.483854 0.814062 0.483854
0 0.790625 0.365625 0.801953 0.365625 0.801953 0.391146 0.790625 0.391146
0 0.771094 0.328125 0.785156 0.328125 0.785156 0.341667 0.771094 0.341667
0 0.762891 0.258854 0.784375 0.258854 0.784375 0.273958 0.762891 0.273958
0 0.734375 0.316146 0.750781 0.316146 0.750781 0.336979 0.734375 0.336979
0 0.721094 0.361458 0.734375 0.361458 0.734375 0.386458 0.721094 0.386458
0 0.644531 0.258854 0.657422 0.258854 0.657422 0.278646 0.644531 0.278646
0 0.724219 0.208333 0.735156 0.208333 0.735156 0.230729 0.724219 0.230729
0 0.735156 0.122917 0.746094 0.122917 0.746094 0.147917 0.735156 0.147917
0 0.835156 0.165104 0.849219 0.165104 0.849219 0.18125 0.835156 0.18125
0 0.873047 0.175 0.885156 0.175 0.885156 0.201042 0.873047 0.201042
0 0.975 0.302604 0.987891 0.302604 0.987891 0.323438 0.975 0.323438
0 0.951953 0.560938 0.966797 0.560938 0.966797 0.572917 0.951953 0.572917
0 0.585547 0.159375 0.601172 0.159375 0.601172 0.181771 0.585547 0.181771
0 0.540234 0.233854 0.553516 0.233854 0.553516 0.255208 0.540234 0.255208
0 0.598047 0.279688 0.613672 0.279688 0.613672 0.294271 0.598047 0.294271
0 0.554297 0.09375 0.567578 0.09375 0.567578 0.1125 0.554297 0.1125
0 0.604297 0.091667 0.620703 0.091667 0.620703 0.10625 0.604297 0.10625
0 0.621094 0.121354 0.635156 0.121354 0.635156 0.141667 0.621094 0.141667
0 0.668359 0.072396 0.681641 0.072396 0.681641 0.084896 0.668359 0.084896
0 0.797656 0.101042 0.815625 0.101042 0.815625 0.116146 0.797656 0.116146
0 0.837891 0.104688 0.851953 0.104688 0.851953 0.130208 0.837891 0.130208
0 0.482812 0.054167 0.501953 0.054167 0.501953 0.072396 0.482812 0.072396
0 0.478906 0.010938 0.497656 0.010938 0.497656 0.028125 0.478906 0.028125
0 0.517969 0.020833 0.532031 0.020833 0.532031 0.039583 0.517969 0.039583
0 0.542188 0.026562 0.557812 0.026562 0.557812 0.046354 0.542188 0.046354
0 0.552344 0.05625 0.564453 0.05625 0.564453 0.076042 0.552344 0.076042
0 0.578125 0.015104 0.597266 0.015104 0.597266 0.032812 0.578125 0.032812
0 0.617969 0.041667 0.636719 0.041667 0.636719 0.064583 0.617969 0.064583
0 0.654688 0.022396 0.671094 0.022396 0.671094 0.047396 0.654688 0.047396
0 0.678906 0.041667 0.696875 0.041667 0.696875 0.055208 0.678906 0.055208
0 0.748438 0.073958 0.761328 0.073958 0.761328 0.084896 0.748438 0.084896
0 0.777344 0.081771 0.785938 0.081771 0.785938 0.098958 0.777344 0.098958
0 0.803125 0.058854 0.821484 0.058854 0.821484 0.075521 0.803125 0.075521
0 0.86875 0.077083 0.885156 0.077083 0.885156 0.093229 0.86875 0.093229
0 0.866797 0.129167 0.884375 0.129167 0.884375 0.140104 0.866797 0.140104
0 0.859766 0.004167 0.878125 0.004167 0.878125 0.018229 0.859766 0.018229
0 0.8375 0.3125 0.857422 0.3125 0.857422 0.332292 0.8375 0.332292