0 0.076562 0.136458 0.09375 0.136458 0.09375 0.166667 0.076562 0.166667
0 0.085547 0.188542 0.103125 0.188542 0.103125 0.221875 0.085547 0.221875
0 0.333984 0.172396 0.352734 0.172396 0.352734 0.194792 0.333984 0.194792
0 0.371094 0.155208 0.384375 0.155208 0.384375 0.18125 0.371094 0.18125
0 0.365234 0.205208 0.387109 0.205208 0.387109 0.226042 0.365234 0.226042
0 0.405078 0.157812 0.427344 0.157812 0.427344 0.181771 0.405078 0.181771
0 0.441406 0.179167 0.457422 0.179167 0.457422 0.206771 0.441406 0.206771
0 0.464844 0.154167 0.482031 0.154167 0.482031 0.179167 0.464844 0.179167
0 0.269141 0.247917 0.284766 0.247917 0.284766 0.276562 0.269141 0.276562
0 0.296094 0.294792 0.311719 0.294792 0.311719 0.321875 0.296094 0.321875
0 0.316016 0.298958 0.333203 0.298958 0.333203 0.326562 0.316016 0.326562
0 0.382031 0.299479 0.398438 0.299479 0.398438 0.329688 0.382031 0.329688
0 0.411719 0.291146 0.428125 0.291146 0.428125 0.319792 0.411719 0.319792
0 0.240625 0.303646 0.258594 0.303646 0.258594 0.335938 0.240625 0.335938
0 0.287109 0.35625 0.302734 0.35625 0.302734 0.386979 0.287109 0.386979
0 0.301953 0.339583 0.324609 0.339583 0.324609 0.358854 0.301953 0.358854
0 0.396484 0.230208 0.417969 0.230208 0.417969 0.251563 0.396484 0.251563
0 0.414453 0.253646 0.436328 0.253646 0.436328 0.277604 0.414453 0.277604
0 0.461719 0.276562 0.477344 0.276562 0.477344 0.305729 0.461719 0.305729
0 0.403516 0.343229 0.425391 0.343229 0.425391 0.374479 0.403516 0.374479
0 0.366016 0.348438 0.386719 0.348438 0.386719 0.377083 0.366016 0.377083
0 0.171094 0.0125 0.194141 0.0125 0.194141 0.036979 0.171094 0.036979
0 0.204688 0.034375 0.217969 0.034375 0.217969 0.061979 0.204688 0.061979
0 0.225 0.031771 0.239844 0.031771 0.239844 0.063021 0.225 0.063021
0 0.250391 0.025521 0.267578 0.025521 0.267578 0.054688 0.250391 0.054688
0 0.28125 0.0125 0.296484 0.0125 0.296484 0.041667 0.28125 0.041667
0 0.308203 0.009375 0.326562 0.009375 0.326562 0.0375 0.308203 0.0375
0 0.324609 0.029688 0.346875 0.029688 0.346875 0.060938 0.324609 0.060938
0 0.405078 0.092188 0.426562 0.092188 0.426562 0.113542 0.405078 0.113542
0 0.424219 0.113542 0.447656 0.113542 0.447656 0.134896 0.424219 0.134896
0 0.474219 0.079167 0.494531 0.079167 0.494531 0.098438 0.474219 0.098438
0 0.516406 0.080208 0.533594 0.080208 0.533594 0.10625 0.516406 0.10625
0 0.539453 0.067708 0.561328 0.067708 0.561328 0.091667 0.539453 0.091667
0 0.488281 0.121875 0.509375 0.121875 0.509375 0.151562 0.488281 0.151562
0 0.519922 0.141667 0.533984 0.141667 0.533984 0.172396 0.519922 0.172396
0 0.499609 0.027604 0.517188 0.027604 0.517188 0.051562 0.499609 0.051562
0 0.516406 0.01875 0.534375 0.01875 0.534375 0.040625 0.516406 0.040625
0 0.540234 0.142708 0.557031 0.142708 0.557031 0.174479 0.540234 0.174479
0 0.544141 0.109375 0.560547 0.109375 0.560547 0.133333 0.544141 0.133333
0 0.567969 0.092188 0.584375 0.092188 0.584375 0.123958 0.567969 0.123958
0 0.5875 0.164062 0.603906 0.164062 0.603906 0.189062 0.5875 0.189062
0 0.621875 0.10625 0.637891 0.10625 0.637891 0.132292 0.621875 0.132292
0 0.592969 0.013542 0.61875 0.013542 0.61875 0.038021 0.592969 0.038021
0 0.631641 0.047917 0.650391 0.047917 0.650391 0.073958 0.631641 0.073958
0 0.661719 0.061979 0.683984 0.061979 0.683984 0.083854 0.661719 0.083854
0 0.674219 0.109896 0.692188 0.109896 0.692188 0.141146 0.674219 0.141146
0 0.692969 0.05 0.713281 0.05 0.713281 0.078125 0.692969 0.078125
0 0.715625 0.078125 0.736328 0.078125 0.736328 0.097917 0.715625 0.097917
0 0.703516 0.007292 0.721094 0.007292 0.721094 0.032292 0.703516 0.032292
0 0.742188 0.030208 0.758203 0.030208 0.758203 0.0625 0.742188 0.0625
0 0.749609 0.095312 0.765625 0.095312 0.765625 0.126042 0.749609 0.126042
0 0.782031 0.080729 0.801953 0.080729 0.801953 0.1 0.782031 0.1
0 0.714453 0.134896 0.733203 0.134896 0.733203 0.154167 0.714453 0.154167
0 0.614453 0.156771 0.632031 0.156771 0.632031 0.181771 0.614453 0.181771
0 0.767188 0.180208 0.784375 0.180208 0.784375 0.197917 0.767188 0.197917
0 0.797656 0.04375 0.814844 0.04375 0.814844 0.071354 0.797656 0.071354
0 0.480078 0.214062 0.496094 0.214062 0.496094 0.240104 0.480078 0.240104
0 0.503906 0.210417 0.517578 0.210417 0.517578 0.234375 0.503906 0.234375
0 0.535156 0.207812 0.552344 0.207812 0.552344 0.238021 0.535156 0.238021
0 0.663672 0.192708 0.678516 0.192708 0.678516 0.228125 0.663672 0.228125
0 0.628516 0.213021 0.646484 0.213021 0.646484 0.2375 0.628516 0.2375
0 0.585547 0.195312 0.608984 0.195312 0.608984 0.225 0.585547 0.225
0 0.720703 0.223438 0.743359 0.223438 0.743359 0.251563 0.720703 0.251563
0 0.727734 0.178125 0.744531 0.178125 0.744531 0.20625 0.727734 0.20625
0 0.571484 0.230208 0.585547 0.230208 0.585547 0.261979 0.571484 0.261979
0 0.600391 0.245312 0.616016 0.245312 0.616016 0.271354 0.600391 0.271354
0 0.549609 0.258854 0.566797 0.258854 0.566797 0.283854 0.549609 0.283854
0 0.672266 0.245833 0.689844 0.245833 0.689844 0.265625 0.672266 0.265625
0 0.524609 0.302083 0.544141 0.302083 0.544141 0.322917 0.524609 0.322917
0 0.579688 0.30625 0.598438 0.30625 0.598438 0.336458 0.579688 0.336458
0 0.623438 0.280729 0.640625 0.280729 0.640625 0.308333 0.623438 0.308333
0 0.669922 0.282812 0.689453 0.282812 0.689453 0.307812 0.669922 0.307812
0 0.699609 0.271875 0.716797 0.271875 0.716797 0.298438 0.699609 0.298438
0 0.725781 0.293229 0.741406 0.293229 0.741406 0.324479 0.725781 0.324479
0 0.751172 0.268229 0.771094 0.268229 0.771094 0.297917 0.751172 0.297917
0 0.492969 0.271875 0.507031 0.271875 0.507031 0.302083 0.492969 0.302083
0 0.776172 0.329167 0.797266 0.329167 0.797266 0.355729 0.776172 0.355729
0 0.834766 0.313021 0.851953 0.313021 0.851953 0.338542 0.834766 0.338542
0 0.730859 0.345312 0.750391 0.345312 0.750391 0.36875 0.730859 0.36875
0 0.840234 0.186458 0.857422 0.186458 0.857422 0.222396 0.840234 0.222396
0 0.780469 0.208333 0.801953 0.208333 0.801953 0.227604 0.780469 0.227604
0 0.474609 0.359375 0.492188 0.359375 0.492188 0.390625 0.474609 0.390625
0 0.482422 0.40625 0.501172 0.40625 0.501172 0.429167 0.482422 0.429167
0 0.527344 0.335938 0.551172 0.335938 0.551172 0.354688 0.527344 0.354688
0 0.555859 0.360417 0.576172 0.360417 0.576172 0.386979 0.555859 0.386979
0 0.624609 0.378125 0.642188 0.378125 0.642188 0.407812 0.624609 0.407812
0 0.657031 0.398958 0.673828 0.398958 0.673828 0.426042 0.657031 0.426042
0 0.620312 0.414583 0.637891 0.414583 0.637891 0.443229 0.620312 0.443229
0 0.429297 0.411458 0.446875 0.411458 0.446875 0.4375 0.429297 0.4375
0 0.432422 0.467188 0.453906 0.467188 0.453906 0.495312 0.432422 0.495312
0 0.470312 0.446354 0.489453 0.446354 0.489453 0.471354 0.470312 0.471354
0 0.507812 0.439583 0.523828 0.439583 0.523828 0.471354 0.507812 0.471354
0 0.440234 0.288021 0.455469 0.288021 0.455469 0.318229 0.440234 0.318229
0 0.121094 0.222917 0.140625 0.222917 0.140625 0.248958 0.121094 0.248958
0 0.128125 0.272396 0.146875 0.272396 0.146875 0.297396 0.128125 0.297396
0 0.140625 0.297396 0.161328 0.297396 0.161328 0.320312 0.140625 0.320312
0 0.218359 0.341667 0.241797 0.341667 0.241797 0.375521 0.218359 0.375521
0 0.253125 0.372917 0.275391 0.372917 0.275391 0.399479 0.253125 0.399479
0 0.310156 0.396875 0.327344 0.396875 0.327344 0.425 0.310156 0.425
0 0.340625 0.372396 0.359375 0.372396 0.359375 0.404688 0.340625 0.404688
0 0.034766 0.109896 0.059375 0.109896 0.059375 0.134375 0.034766 0.134375
0 0.132422 0.107292 0.15 0.107292 0.15 0.132292 0.132422 0.132292
0 0.133203 0.164583 0.152344 0.164583 0.152344 0.190104 0.133203 0.190104
0 0.107031 0.174479 0.121875 0.174479 0.121875 0.198438 0.107031 0.198438
0 0.066016 0.190625 0.081641 0.190625 0.081641 0.219792 0.066016 0.219792
0 0.046875 0.188021 0.063672 0.188021 0.063672 0.208333 0.046875 0.208333
0 0.034766 0.147917 0.055859 0.147917 0.055859 0.167708 0.034766 0.167708
0 0.115625 0.134375 0.138672 0.134375 0.138672 0.155729 0.115625 0.155729
0 0.038672 0.073958 0.060156 0.073958 0.060156 0.095312 0.038672 0.095312
0 0.043359 0.384896 0.059766 0.384896 0.059766 0.413021 0.043359 0.413021
0 0.078906 0.403125 0.100781 0.403125 0.100781 0.420312 0.078906 0.420312
0 0.072656 0.354688 0.09375 0.354688 0.09375 0.379688 0.072656 0.379688
0 0.102344 0.360938 0.123047 0.360938 0.123047 0.38125 0.102344 0.38125
0 0.132812 0.348438 0.148438 0.348438 0.148438 0.371875 0.132812 0.371875
0 0.098047 0.307812 0.123438 0.307812 0.123438 0.33125 0.098047 0.33125
0 0.058203 0.307292 0.08125 0.307292 0.08125 0.324479 0.058203 0.324479
0 0.050781 0.260938 0.06875 0.260938 0.06875 0.285417 0.050781 0.285417
0 0.093359 0.255729 0.109375 0.255729 0.109375 0.285938 0.093359 0.285938
0 0.002734 0.130208 0.017578 0.130208 0.017578 0.15625 0.002734 0.15625
0 0.0125 0.185938 0.030078 0.185938 0.030078 0.2125 0.0125 0.2125
0 0.007031 0.235417 0.026562 0.235417 0.026562 0.2625 0.007031 0.2625
0 0.036328 0.236979 0.052734 0.236979 0.052734 0.256771 0.036328 0.256771
0 0.021875 0.298438 0.039062 0.298438 0.039062 0.327083 0.021875 0.327083
0 0.007031 0.351562 0.032812 0.351562 0.032812 0.373958 0.007031 0.373958
0 0.048438 0.340625 0.069141 0.340625 0.069141 0.360417 0.048438 0.360417
0 0.073438 0.441146 0.096094 0.441146 0.096094 0.466146 0.073438 0.466146
0 0.010938 0.4875 0.026562 0.4875 0.026562 0.515625 0.010938 0.515625
0 0.046484 0.480208 0.066406 0.480208 0.066406 0.5 0.046484 0.5
0 0.081641 0.477604 0.098438 0.477604 0.098438 0.501042 0.081641 0.501042
0 0.056641 0.511979 0.073828 0.511979 0.073828 0.533854 0.056641 0.533854
0 0.032812 0.522396 0.050781 0.522396 0.050781 0.551042 0.032812 0.551042
0 0.006641 0.560417 0.025391 0.560417 0.025391 0.586458 0.006641 0.586458
0 0.037109 0.618229 0.050781 0.618229 0.050781 0.641667 0.037109 0.641667
0 0.000391 0.646875 0.020312 0.646875 0.020312 0.668229 0.000391 0.668229
0 0.145703 0.608854 0.165234 0.608854 0.165234 0.631771 0.145703 0.631771
0 0.144531 0.558333 0.162891 0.558333 0.162891 0.582292 0.144531 0.582292
0 0.18125 0.630208 0.200391 0.630208 0.200391 0.657292 0.18125 0.657292
0 0.172656 0.570312 0.188281 0.570312 0.188281 0.604167 0.172656 0.604167
0 0.038672 0.44375 0.058594 0.44375 0.058594 0.467708 0.038672 0.467708
0 0.044141 0.927083 0.067188 0.927083 0.067188 0.945312 0.044141 0.945312
0 0.007812 0.754688 0.023828 0.754688 0.023828 0.786979 0.007812 0.786979
0 0.091406 0.844792 0.113672 0.844792 0.113672 0.872917 0.091406 0.872917
0 0.117969 0.827604 0.139844 0.827604 0.139844 0.850521 0.117969 0.850521
0 0.111719 0.770312 0.129688 0.770312 0.129688 0.798438 0.111719 0.798438
0 0.154297 0.730729 0.175781 0.730729 0.175781 0.753646 0.154297 0.753646
0 0.164844 0.769271 0.180469 0.769271 0.180469 0.79375 0.164844 0.79375
0 0.19375 0.764583 0.207422 0.764583 0.207422 0.796875 0.19375 0.796875
0 0.216016 0.716146 0.23125 0.716146 0.23125 0.746875 0.216016 0.746875
0 0.241016 0.722917 0.258984 0.722917 0.258984 0.753646 0.241016 0.753646
0 0.244922 0.770833 0.262109 0.770833 0.262109 0.798958 0.244922 0.798958
0 0.239062 0.825521 0.255078 0.825521 0.255078 0.85625 0.239062 0.85625
0 0.189844 0.830729 0.2125 0.830729 0.2125 0.850521 0.189844 0.850521
0 0.132422 0.879167 0.149219 0.879167 0.149219 0.903646 0.132422 0.903646
0 0.162891 0.828125 0.185156 0.828125 0.185156 0.85 0.162891 0.85
0 0.083203 0.903646 0.106641 0.903646 0.106641 0.923438 0.083203 0.923438
0 0.110547 0.922917 0.130859 0.922917 0.130859 0.952083 0.110547 0.952083
0 0.062109 0.95625 0.082422 0.95625 0.082422 0.981771 0.062109 0.981771
0 0.140625 0.958333 0.1625 0.958333 0.1625 0.98125 0.140625 0.98125
0 0.164844 0.915625 0.183203 0.915625 0.183203 0.943229 0.164844 0.943229
0 0.189062 0.933854 0.208203 0.933854 0.208203 0.961458 0.189062 0.961458
0 0.220312 0.959375 0.242578 0.959375 0.242578 0.982292 0.220312 0.982292
0 0.188281 0.878125 0.213281 0.878125 0.213281 0.903646 0.188281 0.903646
0 0.231641 0.901562 0.252344 0.901562 0.252344 0.933854 0.231641 0.933854
0 0.260547 0.932812 0.284375 0.932812 0.284375 0.954167 0.260547 0.954167
0 0.280859 0.873438 0.299219 0.873438 0.299219 0.903125 0.280859 0.903125
0 0.308594 0.90625 0.323438 0.90625 0.323438 0.939062 0.308594 0.939062
0 0.284375 0.828125 0.301562 0.828125 0.301562 0.857812 0.284375 0.857812
0 0.311719 0.804688 0.327344 0.804688 0.327344 0.832292 0.311719 0.832292
0 0.154297 0.851042 0.174609 0.851042 0.174609 0.876042 0.154297 0.876042
0 0.289844 0.770312 0.3125 0.770312 0.3125 0.794271 0.289844 0.794271
0 0.337891 0.747396 0.357422 0.747396 0.357422 0.776562 0.337891 0.776562
0 0.157422 0.671354 0.178516 0.671354 0.178516 0.692708 0.157422 0.692708
0 0.191406 0.702604 0.2125 0.702604 0.2125 0.734375 0.191406 0.734375
0 0.274609 0.694792 0.292578 0.694792 0.292578 0.725 0.274609 0.725
0 0.301953 0.723958 0.320312 0.723958 0.320312 0.754167 0.301953 0.754167
0 0.325391 0.671354 0.344141 0.671354 0.344141 0.704167 0.325391 0.704167
0 0.1375 0.703646 0.157812 0.703646 0.157812 0.721354 0.1375 0.721354
0 0.225781 0.658854 0.245312 0.658854 0.245312 0.685938 0.225781 0.685938
0 0.3625 0.666146 0.380078 0.666146 0.380078 0.686458 0.3625 0.686458
0 0.020312 0.713542 0.044141 0.713542 0.044141 0.7375 0.020312 0.7375
0 0.011719 0.671875 0.035547 0.671875 0.035547 0.696875 0.011719 0.696875
0 0.280859 0.641667 0.298438 0.641667 0.298438 0.664583 0.280859 0.664583
0 0.314062 0.622396 0.335938 0.622396 0.335938 0.641146 0.314062 0.641146
0 0.212109 0.603646 0.228516 0.603646 0.228516 0.632292 0.212109 0.632292
0 0.278906 0.576042 0.294141 0.576042 0.294141 0.601042 0.278906 0.601042
0 0.247656 0.561458 0.263281 0.561458 0.263281 0.590104 0.247656 0.590104
0 0.2125 0.55625 0.230078 0.55625 0.230078 0.5875 0.2125 0.5875
0 0.193359 0.584375 0.210547 0.584375 0.210547 0.611458 0.193359 0.611458
0 0.354688 0.698958 0.377734 0.698958 0.377734 0.722396 0.354688 0.722396
0 0.358984 0.594792 0.380859 0.594792 0.380859 0.613021 0.358984 0.613021
0 0.192188 0.518229 0.214062 0.518229 0.214062 0.541146 0.192188 0.541146
0 0.215234 0.479167 0.234766 0.479167 0.234766 0.508333 0.215234 0.508333
0 0.274219 0.464062 0.291406 0.464062 0.291406 0.490104 0.274219 0.490104
0 0.341016 0.434896 0.360156 0.434896 0.360156 0.463021 0.341016 0.463021
0 0.385156 0.426042 0.402344 0.426042 0.402344 0.460938 0.385156 0.460938
0 0.292969 0.421875 0.310547 0.421875 0.310547 0.442708 0.292969 0.442708
0 0.280859 0.430208 0.298047 0.430208 0.298047 0.457292 0.280859 0.457292
0 0.254688 0.444271 0.269531 0.444271 0.269531 0.472396 0.254688 0.472396
0 0.310156 0.452604 0.33125 0.452604 0.33125 0.491146 0.310156 0.491146
0 0.334766 0.473438 0.350391 0.473438 0.350391 0.493229 0.334766 0.493229
0 0.336719 0.515625 0.354297 0.515625 0.354297 0.546354 0.336719 0.546354
0 0.448438 0.525521 0.467578 0.525521 0.467578 0.561979 0.448438 0.561979
0 0.483984 0.498438 0.5 0.498438 0.5 0.528125 0.483984 0.528125
0 0.517578 0.532292 0.533984 0.532292 0.533984 0.555208 0.517578 0.555208
0 0.504297 0.578646 0.519922 0.578646 0.519922 0.605729 0.504297 0.605729
0 0.541797 0.592708 0.565625 0.592708 0.565625 0.614583 0.541797 0.614583
0 0.561719 0.561458 0.582031 0.561458 0.582031 0.585417 0.561719 0.585417
0 0.434766 0.865625 0.448828 0.865625 0.448828 0.891667 0.434766 0.891667
0 0.486328 0.84375 0.506641 0.84375 0.506641 0.870833 0.486328 0.870833
0 0.519141 0.824479 0.534766 0.824479 0.534766 0.853646 0.519141 0.853646
0 0.532812 0.778125 0.548438 0.778125 0.548438 0.808333 0.532812 0.808333
0 0.564062 0.781771 0.578125 0.781771 0.578125 0.810938 0.564062 0.810938
0 0.544922 0.867188 0.559766 0.867188 0.559766 0.896354 0.544922 0.896354
0 0.589062 0.852604 0.608203 0.852604 0.608203 0.886458 0.589062 0.886458
0 0.628125 0.810938 0.649219 0.810938 0.649219 0.835417 0.628125 0.835417
0 0.653906 0.858333 0.670312 0.858333 0.670312 0.890625 0.653906 0.890625
0 0.628125 0.896354 0.646875 0.896354 0.646875 0.928125 0.628125 0.928125
0 0.602734 0.952604 0.624609 0.952604 0.624609 0.981771 0.602734 0.981771
0 0.4625 0.879688 0.479688 0.879688 0.479688 0.908854 0.4625 0.908854
0 0.485547 0.9 0.5 0.9 0.5 0.921875 0.485547 0.921875
0 0.455078 0.922396 0.472266 0.922396 0.472266 0.952604 0.455078 0.952604
0 0.421875 0.968229 0.438672 0.968229 0.438672 0.999479 0.421875 0.999479
0 0.461719 0.967188 0.485156 0.967188 0.485156 0.990625 0.461719 0.990625
0 0.5 0.936458 0.519922 0.936458 0.519922 0.960938 0.5 0.960938
0 0.535547 0.948958 0.555859 0.948958 0.555859 0.968229 0.535547 0.968229
0 0.516797 0.657292 0.541016 0.657292 0.541016 0.679167 0.516797 0.679167
0 0.513672 0.745312 0.534766 0.745312 0.534766 0.765104 0.513672 0.765104
0 0.666406 0.759896 0.683984 0.759896 0.683984 0.781771 0.666406 0.781771
0 0.692969 0.845312 0.7125 0.845312 0.7125 0.876042 0.692969 0.876042
0 0.558594 0.902604 0.575 0.902604 0.575 0.926042 0.558594 0.926042
0 0.472266 0.765104 0.490625 0.765104 0.490625 0.794271 0.472266 0.794271
0 0.496875 0.786979 0.519141 0.786979 0.519141 0.811458 0.496875 0.811458
0 0.570703 0.694792 0.5875 0.694792 0.5875 0.723438 0.570703 0.723438
0 0.554297 0.723438 0.573828 0.723438 0.573828 0.755208 0.554297 0.755208
0 0.580078 0.749479 0.598047 0.749479 0.598047 0.773438 0.580078 0.773438
0 0.604297 0.7 0.619531 0.7 0.619531 0.733854 0.604297 0.733854
0 0.607031 0.759896 0.625 0.759896 0.625 0.79375 0.607031 0.79375
0 0.468359 0.825521 0.486328 0.825521 0.486328 0.850521 0.468359 0.850521
0 0.402734 0.849479 0.415625 0.849479 0.415625 0.873438 0.402734 0.873438
0 0.705078 0.725521 0.725391 0.725521 0.725391 0.757292 0.705078 0.757292
0 0.692969 0.685938 0.711719 0.685938 0.711719 0.715625 0.692969 0.715625
0 0.646094 0.722917 0.663281 0.722917 0.663281 0.757812 0.646094 0.757812
0 0.675781 0.723958 0.690625 0.723958 0.690625 0.747917 0.675781 0.747917
0 0.694922 0.811458 0.71875 0.811458 0.71875 0.836458 0.694922 0.836458
0 0.6875 0.902604 0.707422 0.902604 0.707422 0.930208 0.6875 0.930208
0 0.648438 0.936458 0.670312 0.936458 0.670312 0.956771 0.648438 0.956771
0 0.402734 0.898958 0.418359 0.898958 0.418359 0.931771 0.402734 0.931771
0 0.424219 0.822917 0.442188 0.822917 0.442188 0.842708 0.424219 0.842708
0 0.528906 0.70625 0.547656 0.70625 0.547656 0.730729 0.528906 0.730729
0 0.484375 0.642708 0.501953 0.642708 0.501953 0.664062 0.484375 0.664062
0 0.582812 0.539062 0.602734 0.539062 0.602734 0.565625 0.582812 0.565625
0 0.573828 0.602604 0.591797 0.602604 0.591797 0.624479 0.573828 0.624479
0 0.544531 0.629167 0.566406 0.629167 0.566406 0.649479 0.544531 0.649479
0 0.664844 0.6625 0.680859 0.6625 0.680859 0.695312 0.664844 0.695312
0 0.654297 0.609896 0.675 0.609896 0.675 0.632812 0.654297 0.632812
0 0.532422 0.559896 0.548047 0.559896 0.548047 0.585417 0.532422 0.585417
0 0.721484 0.785938 0.742969 0.785938 0.742969 0.807812 0.721484 0.807812
0 0.730078 0.817188 0.752344 0.817188 0.752344 0.838542 0.730078 0.838542
0 0.73125 0.857812 0.751562 0.857812 0.751562 0.877083 0.73125 0.877083
0 0.633594 0.964583 0.650781 0.964583 0.650781 0.989062 0.633594 0.989062
0 0.683984 0.967188 0.698828 0.967188 0.698828 0.9875 0.683984 0.9875
0 0.878906 0.889062 0.896875 0.889062 0.896875 0.907812 0.878906 0.907812
0 0.836328 0.884375 0.858594 0.884375 0.858594 0.90625 0.836328 0.90625
0 0.908984 0.878646 0.932422 0.878646 0.932422 0.897917 0.908984 0.897917
0 0.925 0.929167 0.945703 0.929167 0.945703 0.954167 0.925 0.954167
0 0.867188 0.951562 0.887891 0.951562 0.887891 0.969271 0.867188 0.969271
0 0.915625 0.970312 0.939844 0.970312 0.939844 0.990625 0.915625 0.990625
0 0.958203 0.921875 0.974219 0.921875 0.974219 0.95625 0.958203 0.95625
0 0.622656 0.661979 0.637891 0.661979 0.637891 0.693229 0.622656 0.693229
0 0.740625 0.725521 0.7625 0.725521 0.7625 0.748438 0.740625 0.748438
0 0.787109 0.677604 0.801172 0.677604 0.801172 0.704167 0.787109 0.704167
0 0.811719 0.652604 0.826953 0.652604 0.826953 0.684375 0.811719 0.684375
0 0.839062 0.647917 0.853516 0.647917 0.853516 0.673438 0.839062 0.673438
0 0.897656 0.764583 0.916016 0.764583 0.916016 0.784896 0.897656 0.784896
0 0.882812 0.811458 0.903906 0.811458 0.903906 0.833333 0.882812 0.833333
0 0.921484 0.782812 0.946094 0.782812 0.946094 0.810938 0.921484 0.810938
0 0.957422 0.779688 0.980859 0.779688 0.980859 0.80625 0.957422 0.80625
0 0.967969 0.844792 0.981641 0.844792 0.981641 0.870833 0.967969 0.870833
0 0.94375 0.852083 0.962109 0.852083 0.962109 0.878646 0.94375 0.878646
0 0.960938 0.888021 0.978125 0.888021 0.978125 0.909375 0.960938 0.909375
0 0.925781 0.736979 0.942969 0.736979 0.942969 0.756771 0.925781 0.756771
0 0.940625 0.697396 0.958594 0.697396 0.958594 0.717708 0.940625 0.717708
0 0.862109 0.640625 0.877734 0.640625 0.877734 0.670833 0.862109 0.670833
0 0.927734 0.606771 0.948047 0.606771 0.948047 0.626562 0.927734 0.626562
0 0.797656 0.600521 0.8125 0.600521 0.8125 0.628125 0.797656 0.628125
0 0.820703 0.5625 0.835938 0.5625 0.835938 0.590625 0.820703 0.590625
0 0.858594 0.582292 0.876562 0.582292 0.876562 0.6125 0.858594 0.6125
0 0.830078 0.616146 0.846484 0.616146 0.846484 0.640625 0.830078 0.640625
0 0.567969 0.503125 0.5875 0.503125 0.5875 0.524479 0.567969 0.524479
0 0.646484 0.528125 0.667969 0.528125 0.667969 0.548438 0.646484 0.548438
0 0.667188 0.507812 0.683203 0.507812 0.683203 0.535417 0.667188 0.535417
0 0.694141 0.485938 0.710547 0.485938 0.710547 0.50625 0.694141 0.50625
0 0.703516 0.452604 0.720312 0.452604 0.720312 0.480729 0.703516 0.480729
0 0.677734 0.438542 0.696094 0.438542 0.696094 0.4625 0.677734 0.4625
0 0.65 0.460417 0.667188 0.460417 0.667188 0.490625 0.65 0.490625
0 0.611719 0.457292 0.630078 0.457292 0.630078 0.483854 0.611719 0.483854
0 0.63125 0.499479 0.651172 0.499479 0.651172 0.525 0.63125 0.525
0 0.721094 0.379167 0.744531 0.379167 0.744531 0.404167 0.721094 0.404167
0 0.736719 0.455729 0.754297 0.455729 0.754297 0.485417 0.736719 0.485417
0 0.759375 0.436979 0.778906 0.436979 0.778906 0.458854 0.759375 0.458854
0 0.771094 0.394792 0.787109 0.394792 0.787109 0.422396 0.771094 0.422396
0 0.788672 0.392708 0.808594 0.392708 0.808594 0.422917 0.788672 0.422917
0 0.810938 0.446354 0.829688 0.446354 0.829688 0.474479 0.810938 0.474479
0 0.792188 0.496354 0.812109 0.496354 0.812109 0.515104 0.792188 0.515104
0 0.830859 0.496354 0.851953 0.496354 0.851953 0.526562 0.830859 0.526562
0 0.708594 0.526042 0.723828 0.526042 0.723828 0.552083 0.708594 0.552083
0 0.671484 0.582812 0.691406 0.582812 0.691406 0.60625 0.671484 0.60625
0 0.884375 0.449479 0.90625 0.449479 0.90625 0.476562 0.884375 0.476562
0 0.858594 0.466667 0.877344 0.466667 0.877344 0.496354 0.858594 0.496354
0 0.89375 0.501042 0.9125 0.501042 0.9125 0.528125 0.89375 0.528125
0 0.864453 0.525 0.885156 0.525 0.885156 0.551562 0.864453 0.551562
0 0.908984 0.413542 0.924609 0.413542 0.924609 0.444792 0.908984 0.444792
0 0.931641 0.46875 0.951562 0.46875 0.951562 0.499479 0.931641 0.499479
0 0.898438 0.548958 0.920703 0.548958 0.920703 0.571875 0.898438 0.571875
0 0.778125 0.545312 0.792188 0.545312 0.792188 0.579688 0.778125 0.579688
0 0.846094 0.689583 0.862109 0.689583 0.862109 0.709896 0.846094 0.709896
0 0.872266 0.3625 0.888672 0.3625 0.888672 0.392708 0.872266 0.392708
0 0.817188 0.369271 0.834375 0.369271 0.834375 0.404688 0.817188 0.404688
0 0.879297 0.285938 0.896484 0.285938 0.896484 0.320312 0.879297 0.320312
0 0.901172 0.282812 0.916016 0.282812 0.916016 0.3125 0.901172 0.3125
0 0.940234 0.330729 0.957422 0.330729 0.957422 0.360417 0.940234 0.360417
0 0.974219 0.338542 0.994922 0.338542 0.994922 0.360417 0.974219 0.360417
0 0.974609 0.373958 0.990625 0.373958 0.990625 0.403646 0.974609 0.403646
0 0.855078 0.310938 0.873047 0.310938 0.873047 0.341146 0.855078 0.341146
0 0.794141 0.248438 0.815625 0.248438 0.815625 0.273438 0.794141 0.273438
0 0.836328 0.247396 0.853516 0.247396 0.853516 0.275521 0.836328 0.275521
0 0.657422 0.339583 0.680078 0.339583 0.680078 0.360417 0.657422 0.360417
0 0.630078 0.313542 0.648047 0.313542 0.648047 0.335417 0.630078 0.335417
0 0.873828 0.405729 0.895312 0.405729 0.895312 0.427083 0.873828 0.427083
0 0.840234 0.355729 0.855859 0.355729 0.855859 0.384375 0.840234 0.384375
0 0.805078 0.539583 0.820312 0.539583 0.820312 0.561458 0.805078 0.561458
0 0.955078 0.4625 0.973047 0.4625 0.973047 0.486979 0.955078 0.486979
0 0.951953 0.500521 0.976562 0.500521 0.976562 0.530729 0.951953 0.530729
0 0.954688 0.040625 0.972266 0.040625 0.972266 0.06875 0.954688 0.06875
0 0.965234 0.091146 0.984766 0.091146 0.984766 0.117708 0.965234 0.117708
0 0.853906 0.10625 0.870703 0.10625 0.870703 0.136979 0.853906 0.136979
0 0.838672 0.130729 0.857812 0.130729 0.857812 0.163542 0.838672 0.163542
0 0.780078 0.114583 0.802344 0.114583 0.802344 0.144271 0.780078 0.144271
0 0.75 0.142188 0.773828 0.142188 0.773828 0.163542 0.75 0.163542
0 0.692578 0.355729 0.7125 0.355729 0.7125 0.377083 0.692578 0.377083
0 0.911328 0.345833 0.927344 0.345833 0.927344 0.373438 0.911328 0.373438
0 0.767578 0.245312 0.785938 0.245312 0.785938 0.270312 0.767578 0.270312
0 0.954297 0.425 0.974609 0.425 0.974609 0.455729 0.954297 0.455729
0 0.854297 0.428125 0.873047 0.428125 0.873047 0.451042 0.854297 0.451042
0 0.745703 0.557812 0.761719 0.557812 0.761719 0.585938 0.745703 0.585938
0 0.766016 0.635417 0.7875 0.635417 0.7875 0.658333 0.766016 0.658333
0 0.818359 0.919792 0.841406 0.919792 0.841406 0.940104 0.818359 0.940104
0 0.830078 0.977604 0.85 0.977604 0.85 0.999479 0.830078 0.999479