0 0.016797 0.023438 0.042188 0.023438 0.042188 0.0375 0.016797 0.0375
0 0.110547 0.001042 0.133203 0.001042 0.133203 0.010417 0.110547 0.010417
0 0.125781 0.021875 0.138281 0.021875 0.138281 0.039062 0.125781 0.039062
0 0.058203 0.075 0.078516 0.075 0.078516 0.103125 0.058203 0.103125
0 0.044141 0.053125 0.057031 0.053125 0.057031 0.081771 0.044141 0.081771
0 0.099219 0.078125 0.123438 0.078125 0.123438 0.096354 0.099219 0.096354
0 0.077344 0.020312 0.102344 0.020312 0.102344 0.040625 0.077344 0.040625
0 0.213281 0.018229 0.230078 0.018229 0.230078 0.041146 0.213281 0.041146
0 0.197266 0.038021 0.207031 0.038021 0.207031 0.059896 0.197266 0.059896
0 0.237109 0.070833 0.252734 0.070833 0.252734 0.103125 0.237109 0.103125
0 0.264453 0.058333 0.283203 0.058333 0.283203 0.074479 0.264453 0.074479
0 0.185938 0.126042 0.204688 0.126042 0.204688 0.153646 0.185938 0.153646
0 0.201562 0.076562 0.227344 0.076562 0.227344 0.10625 0.201562 0.10625
0 0.228516 0.0 0.248438 0.0 0.248438 0.018229 0.228516 0.018229
0 0.300391 0.018229 0.317969 0.018229 0.317969 0.047917 0.300391 0.047917
0 0.326953 0.034375 0.353125 0.034375 0.353125 0.057812 0.326953 0.057812
0 0.346484 0.0 0.364453 0.0 0.364453 0.028646 0.346484 0.028646
0 0.412109 0.024479 0.431641 0.024479 0.431641 0.058333 0.412109 0.058333
0 0.442188 0.085938 0.460156 0.085938 0.460156 0.108854 0.442188 0.108854
0 0.247266 0.120312 0.264453 0.120312 0.264453 0.156771 0.247266 0.156771
0 0.283203 0.102604 0.300391 0.102604 0.300391 0.129688 0.283203 0.129688
0 0.315625 0.080729 0.330859 0.080729 0.330859 0.110417 0.315625 0.110417
0 0.266406 0.157812 0.285547 0.157812 0.285547 0.18125 0.266406 0.18125
0 0.296484 0.155729 0.318359 0.155729 0.318359 0.175521 0.296484 0.175521
0 0.322266 0.186979 0.344922 0.186979 0.344922 0.21875 0.322266 0.21875
0 0.272266 0.197396 0.299609 0.197396 0.299609 0.216146 0.272266 0.216146
0 0.225781 0.207812 0.250391 0.207812 0.250391 0.225521 0.225781 0.225521
0 0.209766 0.171354 0.228906 0.171354 0.228906 0.193229 0.209766 0.193229
0 0.180469 0.175521 0.2 0.175521 0.2 0.196354 0.180469 0.196354
0 0.0875 0.136979 0.104688 0.136979 0.104688 0.161979 0.0875 0.161979
0 0.052734 0.136979 0.074609 0.136979 0.074609 0.169792 0.052734 0.169792
0 0.005469 0.194271 0.021094 0.194271 0.021094 0.219792 0.005469 0.219792
0 0.026172 0.239062 0.048828 0.239062 0.048828 0.260938 0.026172 0.260938
0 0.491406 0.0 0.519922 0.0 0.519922 0.025521 0.491406 0.025521
0 0.511328 0.034896 0.536719 0.034896 0.536719 0.05625 0.511328 0.05625
0 0.547266 0.018229 0.571094 0.018229 0.571094 0.038542 0.547266 0.038542
0 0.578516 0.044792 0.594531 0.044792 0.594531 0.077083 0.578516 0.077083
0 0.536328 0.057812 0.561719 0.057812 0.561719 0.079688 0.536328 0.079688
0 0.497266 0.080208 0.517969 0.080208 0.517969 0.109375 0.497266 0.109375
0 0.445703 0.021354 0.463672 0.021354 0.463672 0.051042 0.445703 0.051042
0 0.529688 0.100521 0.553906 0.100521 0.553906 0.11875 0.529688 0.11875
0 0.519922 0.115625 0.536328 0.115625 0.536328 0.151562 0.519922 0.151562
0 0.544922 0.135938 0.560547 0.135938 0.560547 0.167708 0.544922 0.167708
0 0.567578 0.145312 0.592969 0.145312 0.592969 0.173438 0.567578 0.173438
0 0.494531 0.145833 0.524219 0.145833 0.524219 0.177604 0.494531 0.177604
0 0.475 0.156771 0.489844 0.156771 0.489844 0.186979 0.475 0.186979
0 0.443359 0.159896 0.465234 0.159896 0.465234 0.183333 0.443359 0.183333
0 0.400781 0.091667 0.416406 0.091667 0.416406 0.118229 0.400781 0.118229
0 0.374609 0.097396 0.389453 0.097396 0.389453 0.127604 0.374609 0.127604
0 0.357031 0.148958 0.376953 0.148958 0.376953 0.180729 0.357031 0.180729
0 0.379688 0.185938 0.405859 0.185938 0.405859 0.207812 0.379688 0.207812
0 0.393359 0.230729 0.41875 0.230729 0.41875 0.252604 0.393359 0.252604
0 0.431641 0.220312 0.446875 0.220312 0.446875 0.250521 0.431641 0.250521
0 0.412109 0.264062 0.430469 0.264062 0.430469 0.296875 0.412109 0.296875
0 0.459766 0.197396 0.482812 0.197396 0.482812 0.231771 0.459766 0.231771
0 0.503125 0.210938 0.532031 0.210938 0.532031 0.241667 0.503125 0.241667
0 0.533203 0.184896 0.551562 0.184896 0.551562 0.214583 0.533203 0.214583
0 0.489062 0.252604 0.505078 0.252604 0.505078 0.276562 0.489062 0.276562
0 0.486719 0.297917 0.509766 0.297917 0.509766 0.325 0.486719 0.325
0 0.521094 0.270833 0.536328 0.270833 0.536328 0.304688 0.521094 0.304688
0 0.546875 0.260938 0.568359 0.260938 0.568359 0.296354 0.546875 0.296354
0 0.570703 0.228125 0.591406 0.228125 0.591406 0.25 0.570703 0.25
0 0.716797 0.0 0.742578 0.0 0.742578 0.018229 0.716797 0.018229
0 0.751562 0.01875 0.771094 0.01875 0.771094 0.045312 0.751562 0.045312
0 0.779297 0.044792 0.8 0.044792 0.8 0.078646 0.779297 0.078646
0 0.731641 0.050521 0.751953 0.050521 0.751953 0.074479 0.731641 0.074479
0 0.713281 0.083854 0.742188 0.083854 0.742188 0.108854 0.713281 0.108854
0 0.750391 0.113021 0.774219 0.113021 0.774219 0.138021 0.750391 0.138021
0 0.791406 0.108333 0.81875 0.108333 0.81875 0.129688 0.791406 0.129688
0 0.830078 0.153125 0.857031 0.153125 0.857031 0.183333 0.830078 0.183333
0 0.860938 0.184896 0.882812 0.184896 0.882812 0.213021 0.860938 0.213021
0 0.892969 0.175521 0.917969 0.175521 0.917969 0.200521 0.892969 0.200521
0 0.892578 0.0 0.916797 0.0 0.916797 0.016667 0.892578 0.016667
0 0.925781 0.016146 0.944141 0.016146 0.944141 0.043229 0.925781 0.043229
0 0.848047 0.020833 0.86875 0.020833 0.86875 0.047396 0.848047 0.047396
0 0.887891 0.05625 0.916406 0.05625 0.916406 0.098438 0.887891 0.098438
0 0.894531 0.131771 0.915234 0.131771 0.915234 0.157292 0.894531 0.157292
0 0.9875 0.171875 0.999609 0.171875 0.999609 0.194792 0.9875 0.194792
0 0.991797 0.203646 0.999609 0.203646 0.999609 0.2375 0.991797 0.2375
0 0.894531 0.224479 0.917969 0.224479 0.917969 0.255729 0.894531 0.255729
0 0.636328 0.134896 0.647656 0.134896 0.647656 0.157812 0.636328 0.157812
0 0.664062 0.108854 0.683203 0.108854 0.683203 0.129688 0.664062 0.129688
0 0.688281 0.125521 0.704688 0.125521 0.704688 0.151562 0.688281 0.151562
0 0.710156 0.139583 0.725391 0.139583 0.725391 0.158854 0.710156 0.158854
0 0.677344 0.160938 0.703906 0.160938 0.703906 0.190104 0.677344 0.190104
0 0.652344 0.159896 0.683203 0.159896 0.683203 0.185938 0.652344 0.185938
0 0.702344 0.177604 0.727344 0.177604 0.727344 0.205729 0.702344 0.205729
0 0.751172 0.163021 0.769531 0.163021 0.769531 0.185938 0.751172 0.185938
0 0.765625 0.2 0.786719 0.2 0.786719 0.222396 0.765625 0.222396
0 0.733984 0.221354 0.749609 0.221354 0.749609 0.244792 0.733984 0.244792
0 0.664844 0.226562 0.685938 0.226562 0.685938 0.255729 0.664844 0.255729
0 0.638672 0.209375 0.657422 0.209375 0.657422 0.235417 0.638672 0.235417
0 0.705078 0.267708 0.732422 0.267708 0.732422 0.29375 0.705078 0.29375
0 0.736328 0.255208 0.761328 0.255208 0.761328 0.279688 0.736328 0.279688
0 0.773828 0.263021 0.796094 0.263021 0.796094 0.290104 0.773828 0.290104
0 0.8125 0.239062 0.826562 0.239062 0.826562 0.261979 0.8125 0.261979
0 0.829688 0.250521 0.85 0.250521 0.85 0.283854 0.829688 0.283854
0 0.877344 0.259896 0.902344 0.259896 0.902344 0.292188 0.877344 0.292188
0 0.951562 0.277083 0.971094 0.277083 0.971094 0.301042 0.951562 0.301042
0 0.982422 0.286979 0.999609 0.286979 0.999609 0.309896 0.982422 0.309896
0 0.928125 0.314062 0.957812 0.314062 0.957812 0.347917 0.928125 0.347917
0 0.983594 0.328125 0.999609 0.328125 0.999609 0.354167 0.983594 0.354167
0 0.982422 0.357812 0.996875 0.357812 0.996875 0.384896 0.982422 0.384896
0 0.951953 0.388542 0.978516 0.388542 0.978516 0.424479 0.951953 0.424479
0 0.923828 0.398958 0.942188 0.398958 0.942188 0.426562 0.923828 0.426562
0 0.95625 0.428125 0.976953 0.428125 0.976953 0.459375 0.95625 0.459375
0 0.985547 0.431771 0.999219 0.431771 0.999219 0.460417 0.985547 0.460417
0 0.649219 0.271875 0.665234 0.271875 0.665234 0.296875 0.649219 0.296875
0 0.685547 0.289583 0.703906 0.289583 0.703906 0.320833 0.685547 0.320833
0 0.648828 0.304688 0.676562 0.304688 0.676562 0.326562 0.648828 0.326562
0 0.667188 0.330208 0.682812 0.330208 0.682812 0.360417 0.667188 0.360417
0 0.703906 0.359896 0.717969 0.359896 0.717969 0.389583 0.703906 0.389583
0 0.715234 0.304688 0.739844 0.304688 0.739844 0.339583 0.715234 0.339583
0 0.751172 0.353646 0.776172 0.353646 0.776172 0.393229 0.751172 0.393229
0 0.780078 0.307812 0.796094 0.307812 0.796094 0.348958 0.780078 0.348958
0 0.811328 0.302083 0.827734 0.302083 0.827734 0.340625 0.811328 0.340625
0 0.845703 0.298438 0.861719 0.298438 0.861719 0.326042 0.845703 0.326042
0 0.839453 0.349479 0.861328 0.349479 0.861328 0.389062 0.839453 0.389062
0 0.813672 0.343229 0.832422 0.343229 0.832422 0.370833 0.813672 0.370833
0 0.811328 0.374479 0.828516 0.374479 0.828516 0.409896 0.811328 0.409896
0 0.772266 0.382292 0.796484 0.382292 0.796484 0.411458 0.772266 0.411458
0 0.029688 0.261458 0.059766 0.261458 0.059766 0.283854 0.029688 0.283854
0 0.045312 0.288021 0.060938 0.288021 0.060938 0.307812 0.045312 0.307812
0 0.019141 0.302604 0.037109 0.302604 0.037109 0.320312 0.019141 0.320312
0 0.034766 0.330729 0.051953 0.330729 0.051953 0.35 0.034766 0.35
0 0.028906 0.350521 0.04375 0.350521 0.04375 0.373438 0.028906 0.373438
0 0.154297 0.279688 0.171875 0.279688 0.171875 0.297917 0.154297 0.297917
0 0.183594 0.275521 0.20625 0.275521 0.20625 0.298958 0.183594 0.298958
0 0.2125 0.302083 0.232422 0.302083 0.232422 0.327083 0.2125 0.327083
0 0.146875 0.305208 0.164062 0.305208 0.164062 0.321875 0.146875 0.321875
0 0.155078 0.324479 0.184766 0.324479 0.184766 0.344271 0.155078 0.344271
0 0.136328 0.330208 0.150391 0.330208 0.150391 0.35 0.136328 0.35
0 0.203906 0.343229 0.219531 0.343229 0.219531 0.376042 0.203906 0.376042
0 0.132812 0.365104 0.157812 0.365104 0.157812 0.384375 0.132812 0.384375
0 0.263281 0.3125 0.287891 0.3125 0.287891 0.336979 0.263281 0.336979
0 0.314844 0.333854 0.332031 0.333854 0.332031 0.366146 0.314844 0.366146
0 0.278906 0.360417 0.292969 0.360417 0.292969 0.388542 0.278906 0.388542
0 0.24375 0.342708 0.266016 0.342708 0.266016 0.368229 0.24375 0.368229
0 0.362109 0.380729 0.381641 0.380729 0.381641 0.402604 0.362109 0.402604
0 0.324609 0.39375 0.346875 0.39375 0.346875 0.429167 0.324609 0.429167
0 0.219922 0.372917 0.238672 0.372917 0.238672 0.397396 0.219922 0.397396
0 0.228125 0.404688 0.252344 0.404688 0.252344 0.430729 0.228125 0.430729
0 0.194531 0.385938 0.216406 0.385938 0.216406 0.411458 0.194531 0.411458
0 0.417578 0.3125 0.444141 0.3125 0.444141 0.333854 0.417578 0.333854
0 0.489453 0.346875 0.506641 0.346875 0.506641 0.365104 0.489453 0.365104
0 0.462891 0.371875 0.482812 0.371875 0.482812 0.402604 0.462891 0.402604
0 0.494531 0.373958 0.509766 0.373958 0.509766 0.410938 0.494531 0.410938
0 0.526562 0.375 0.538281 0.375 0.538281 0.410938 0.526562 0.410938
0 0.555859 0.373438 0.571875 0.373438 0.571875 0.413021 0.555859 0.413021
0 0.578906 0.375521 0.597656 0.375521 0.597656 0.409896 0.578906 0.409896
0 0.571875 0.321354 0.599609 0.321354 0.599609 0.355729 0.571875 0.355729
0 0.610156 0.399479 0.620703 0.399479 0.620703 0.444271 0.610156 0.444271
0 0.633984 0.435938 0.656641 0.435938 0.656641 0.459375 0.633984 0.459375
0 0.717969 0.388021 0.740625 0.388021 0.740625 0.416667 0.717969 0.416667
0 0.751562 0.481771 0.771484 0.481771 0.771484 0.504687 0.751562 0.504687
0 0.778516 0.501042 0.792969 0.501042 0.792969 0.526562 0.778516 0.526562
0 0.801953 0.471354 0.824219 0.471354 0.824219 0.498958 0.801953 0.498958
0 0.823828 0.45 0.846094 0.45 0.846094 0.472396 0.823828 0.472396
0 0.742188 0.517188 0.758984 0.517188 0.758984 0.547396 0.742188 0.547396
0 0.657812 0.502083 0.676172 0.502083 0.676172 0.529688 0.657812 0.529688
0 0.677344 0.538021 0.698438 0.538021 0.698438 0.566146 0.677344 0.566146
0 0.906641 0.430729 0.929297 0.430729 0.929297 0.459375 0.906641 0.459375
0 0.946875 0.4625 0.970703 0.4625 0.970703 0.486979 0.946875 0.486979
0 0.909375 0.472917 0.933984 0.472917 0.933984 0.49375 0.909375 0.49375
0 0.948828 0.501042 0.966797 0.501042 0.966797 0.526042 0.948828 0.526042
0 0.979297 0.519792 0.992578 0.519792 0.992578 0.547396 0.979297 0.547396
0 0.937891 0.529167 0.952344 0.529167 0.952344 0.553646 0.937891 0.553646
0 0.909375 0.506771 0.930078 0.506771 0.930078 0.530729 0.909375 0.530729
0 0.988672 0.479167 0.999609 0.479167 0.999609 0.500521 0.988672 0.500521
0 0.085938 0.451042 0.102344 0.451042 0.102344 0.480208 0.085938 0.480208
0 0.125391 0.44375 0.144141 0.44375 0.144141 0.466146 0.125391 0.466146
0 0.146094 0.428125 0.169922 0.428125 0.169922 0.452604 0.146094 0.452604
0 0.163672 0.384375 0.187109 0.384375 0.187109 0.410417 0.163672 0.410417
0 0.202734 0.446354 0.229688 0.446354 0.229688 0.475 0.202734 0.475
0 0.166406 0.457812 0.189062 0.457812 0.189062 0.474479 0.166406 0.474479
0 0.179688 0.494792 0.201172 0.494792 0.201172 0.514062 0.179688 0.514062
0 0.221094 0.515625 0.234766 0.515625 0.234766 0.539583 0.221094 0.539583
0 0.189062 0.535417 0.205859 0.535417 0.205859 0.561979 0.189062 0.561979
0 0.138281 0.491667 0.159766 0.491667 0.159766 0.511458 0.138281 0.511458
0 0.1 0.494271 0.123828 0.494271 0.123828 0.520312 0.1 0.520312
0 0.075 0.494792 0.097656 0.494792 0.097656 0.525 0.075 0.525
0 0.035938 0.519792 0.052344 0.519792 0.052344 0.558854 0.035938 0.558854
0 0.082031 0.539583 0.103906 0.539583 0.103906 0.56875 0.082031 0.56875
0 0.114844 0.564062 0.129688 0.564062 0.129688 0.605208 0.114844 0.605208
0 0.148438 0.569271 0.160938 0.569271 0.160938 0.601562 0.148438 0.601562
0 0.129688 0.525 0.155859 0.525 0.155859 0.548438 0.129688 0.548438
0 0.172656 0.559375 0.191016 0.559375 0.191016 0.598958 0.172656 0.598958
0 0.2125 0.558333 0.23125 0.558333 0.23125 0.591146 0.2125 0.591146
0 0.25 0.575521 0.270312 0.575521 0.270312 0.601562 0.25 0.601562
0 0.288281 0.570312 0.307031 0.570312 0.307031 0.598958 0.288281 0.598958
0 0.261719 0.422917 0.279688 0.422917 0.279688 0.453646 0.261719 0.453646
0 0.288672 0.457812 0.307422 0.457812 0.307422 0.486979 0.288672 0.486979
0 0.328516 0.461458 0.356641 0.461458 0.356641 0.482292 0.328516 0.482292
0 0.357031 0.430729 0.383203 0.430729 0.383203 0.454688 0.357031 0.454688
0 0.30625 0.494271 0.322266 0.494271 0.322266 0.517708 0.30625 0.517708
0 0.358203 0.507292 0.382031 0.507292 0.382031 0.538021 0.358203 0.538021
0 0.4375 0.428646 0.459375 0.428646 0.459375 0.451562 0.4375 0.451562
0 0.446094 0.464062 0.466406 0.464062 0.466406 0.485938 0.446094 0.485938
0 0.474219 0.478125 0.496094 0.478125 0.496094 0.501562 0.474219 0.501562
0 0.517188 0.463021 0.5375 0.463021 0.5375 0.490625 0.517188 0.490625
0 0.564453 0.433333 0.587891 0.433333 0.587891 0.461979 0.564453 0.461979
0 0.576172 0.476562 0.599609 0.476562 0.599609 0.501562 0.576172 0.501562
0 0.638672 0.473438 0.664062 0.473438 0.664062 0.497396 0.638672 0.497396
0 0.636719 0.500521 0.65625 0.500521 0.65625 0.529688 0.636719 0.529688
0 0.555859 0.529688 0.574219 0.529688 0.574219 0.559375 0.555859 0.559375
0 0.591016 0.545833 0.616406 0.545833 0.616406 0.568229 0.591016 0.568229
0 0.625781 0.547396 0.647656 0.547396 0.647656 0.571875 0.625781 0.571875
0 0.523047 0.51875 0.544922 0.51875 0.544922 0.547396 0.523047 0.547396
0 0.488672 0.513542 0.508203 0.513542 0.508203 0.545312 0.488672 0.545312
0 0.455078 0.501042 0.473438 0.501042 0.473438 0.533333 0.455078 0.533333
0 0.473828 0.540625 0.492188 0.540625 0.492188 0.5625 0.473828 0.5625
0 0.513281 0.573958 0.536719 0.573958 0.536719 0.596875 0.513281 0.596875
0 0.059375 0.565104 0.088281 0.565104 0.088281 0.589062 0.059375 0.589062
0 0.08125 0.584375 0.101172 0.584375 0.101172 0.614062 0.08125 0.614062
0 0.038672 0.591146 0.062891 0.591146 0.062891 0.611458 0.038672 0.611458
0 0.035547 0.622396 0.062891 0.622396 0.062891 0.654688 0.035547 0.654688
0 0.092578 0.645833 0.117969 0.645833 0.117969 0.685417 0.092578 0.685417
0 0.133984 0.651562 0.148828 0.651562 0.148828 0.694792 0.133984 0.694792
0 0.146484 0.623438 0.178906 0.623438 0.178906 0.645312 0.146484 0.645312
0 0.1875 0.636979 0.215234 0.636979 0.215234 0.659896 0.1875 0.659896
0 0.180078 0.669271 0.199219 0.669271 0.199219 0.698958 0.180078 0.698958
0 0.159766 0.680208 0.175 0.680208 0.175 0.717188 0.159766 0.717188
0 0.199219 0.697396 0.213281 0.697396 0.213281 0.727604 0.199219 0.727604
0 0.217188 0.607292 0.239844 0.607292 0.239844 0.628125 0.217188 0.628125
0 0.245312 0.628125 0.259766 0.628125 0.259766 0.665104 0.245312 0.665104
0 0.272656 0.671354 0.284766 0.671354 0.284766 0.703125 0.272656 0.703125
0 0.248828 0.713542 0.264453 0.713542 0.264453 0.740104 0.248828 0.740104
0 0.270703 0.714583 0.298828 0.714583 0.298828 0.743229 0.270703 0.743229
0 0.034766 0.700521 0.050781 0.700521 0.050781 0.739062 0.034766 0.739062
0 0.057031 0.7125 0.083984 0.7125 0.083984 0.736458 0.057031 0.736458
0 0.067578 0.745312 0.092188 0.745312 0.092188 0.785938 0.067578 0.785938
0 0.098438 0.770312 0.130469 0.770312 0.130469 0.798438 0.098438 0.798438
0 0.008594 0.814583 0.026953 0.814583 0.026953 0.844271 0.008594 0.844271
0 0.038672 0.8 0.055078 0.8 0.055078 0.833333 0.038672 0.833333
0 0.058594 0.826042 0.075781 0.826042 0.075781 0.860938 0.058594 0.860938
0 0.094531 0.840104 0.120312 0.840104 0.120312 0.868229 0.094531 0.868229
0 0.125 0.811458 0.140234 0.811458 0.140234 0.839062 0.125 0.839062
0 0.160156 0.822396 0.175781 0.822396 0.175781 0.85 0.160156 0.85
0 0.129297 0.854167 0.147266 0.854167 0.147266 0.878125 0.129297 0.878125
0 0.115234 0.877083 0.134766 0.877083 0.134766 0.904688 0.115234 0.904688
0 0.096875 0.905729 0.116797 0.905729 0.116797 0.929167 0.096875 0.929167
0 0.060547 0.910938 0.083984 0.910938 0.083984 0.930208 0.060547 0.930208
0 0.083203 0.942188 0.102344 0.942188 0.102344 0.966146 0.083203 0.966146
0 0.0375 0.960417 0.0625 0.960417 0.0625 0.982292 0.0375 0.982292
0 0.005469 0.922396 0.023438 0.922396 0.023438 0.95 0.005469 0.95
0 0.001953 0.863542 0.026953 0.863542 0.026953 0.892188 0.001953 0.892188
0 0.034375 0.873438 0.054297 0.873438 0.054297 0.904688 0.034375 0.904688
0 0.162891 0.950521 0.173047 0.950521 0.173047 0.981771 0.162891 0.981771
0 0.182812 0.945833 0.195312 0.945833 0.195312 0.966667 0.182812 0.966667
0 0.183594 0.979167 0.208984 0.979167 0.208984 0.998438 0.183594 0.998438
0 0.218359 0.941667 0.235156 0.941667 0.235156 0.972917 0.218359 0.972917
0 0.219531 0.826562 0.237109 0.826562 0.237109 0.859375 0.219531 0.859375
0 0.252344 0.824479 0.274609 0.824479 0.274609 0.852604 0.252344 0.852604
0 0.271094 0.863021 0.292969 0.863021 0.292969 0.894792 0.271094 0.894792
0 0.247656 0.875521 0.260156 0.875521 0.260156 0.905729 0.247656 0.905729
0 0.258594 0.911979 0.279688 0.911979 0.279688 0.945833 0.258594 0.945833
0 0.287109 0.915104 0.308203 0.915104 0.308203 0.948958 0.287109 0.948958
0 0.327734 0.880729 0.346094 0.880729 0.346094 0.901042 0.327734 0.901042
0 0.302734 0.832812 0.323438 0.832812 0.323438 0.859375 0.302734 0.859375
0 0.334375 0.828646 0.361719 0.828646 0.361719 0.857292 0.334375 0.857292
0 0.368359 0.902083 0.383984 0.902083 0.383984 0.935417 0.368359 0.935417
0 0.333203 0.929688 0.348828 0.929688 0.348828 0.958854 0.333203 0.958854
0 0.294141 0.961979 0.310938 0.961979 0.310938 0.990104 0.294141 0.990104
0 0.319531 0.970833 0.340234 0.970833 0.340234 0.999479 0.319531 0.999479
0 0.371484 0.976042 0.399609 0.976042 0.399609 0.999479 0.371484 0.999479
0 0.289062 0.529167 0.316406 0.529167 0.316406 0.548438 0.289062 0.548438
0 0.353906 0.555729 0.384766 0.555729 0.384766 0.58125 0.353906 0.58125
0 0.324219 0.567708 0.348438 0.567708 0.348438 0.596354 0.324219 0.596354
0 0.289062 0.609375 0.313281 0.609375 0.313281 0.654167 0.289062 0.654167
0 0.302734 0.665625 0.314453 0.665625 0.314453 0.704167 0.302734 0.704167
0 0.326562 0.660938 0.347266 0.660938 0.347266 0.698438 0.326562 0.698438
0 0.356641 0.638021 0.373438 0.638021 0.373438 0.66875 0.356641 0.66875
0 0.382031 0.626042 0.395312 0.626042 0.395312 0.653646 0.382031 0.653646
0 0.366797 0.676042 0.377344 0.676042 0.377344 0.707812 0.366797 0.707812
0 0.353906 0.720833 0.370312 0.720833 0.370312 0.75625 0.353906 0.75625
0 0.400781 0.68125 0.412109 0.68125 0.412109 0.722396 0.400781 0.722396
0 0.435156 0.64375 0.451172 0.64375 0.451172 0.669792 0.435156 0.669792
0 0.435547 0.678125 0.454688 0.678125 0.454688 0.710417 0.435547 0.710417
0 0.465625 0.669271 0.480078 0.669271 0.480078 0.702083 0.465625 0.702083
0 0.439062 0.555729 0.458594 0.555729 0.458594 0.586979 0.439062 0.586979
0 0.478516 0.608854 0.504687 0.608854 0.504687 0.644792 0.478516 0.644792
0 0.502734 0.677604 0.517578 0.677604 0.517578 0.717188 0.502734 0.717188
0 0.469141 0.719792 0.482422 0.719792 0.482422 0.754167 0.469141 0.754167
0 0.525 0.675 0.540625 0.675 0.540625 0.715625 0.525 0.715625
0 0.526172 0.603646 0.55 0.603646 0.55 0.630729 0.526172 0.630729
0 0.553906 0.625 0.568359 0.625 0.568359 0.656771 0.553906 0.656771
0 0.577344 0.664583 0.598828 0.664583 0.598828 0.690104 0.577344 0.690104
0 0.544922 0.719792 0.564062 0.719792 0.564062 0.744792 0.544922 0.744792
0 0.567578 0.694792 0.586328 0.694792 0.586328 0.718229 0.567578 0.718229
0 0.608594 0.65 0.61875 0.65 0.61875 0.684375 0.608594 0.684375
0 0.598828 0.6 0.625391 0.6 0.625391 0.629167 0.598828 0.629167
0 0.63125 0.588542 0.665234 0.588542 0.665234 0.619271 0.63125 0.619271
0 0.641016 0.631771 0.663672 0.631771 0.663672 0.669792 0.641016 0.669792
0 0.819531 0.567708 0.842578 0.567708 0.842578 0.602083 0.819531 0.602083
0 0.853125 0.578646 0.874219 0.578646 0.874219 0.604167 0.853125 0.604167
0 0.885938 0.615625 0.905078 0.615625 0.905078 0.651562 0.885938 0.651562
0 0.938281 0.615625 0.953906 0.615625 0.953906 0.650521 0.938281 0.650521
0 0.964453 0.628125 0.980469 0.628125 0.980469 0.660938 0.964453 0.660938
0 0.780859 0.610417 0.798438 0.610417 0.798438 0.64375 0.780859 0.64375
0 0.810938 0.605729 0.842188 0.605729 0.842188 0.63125 0.810938 0.63125
0 0.801562 0.654688 0.825391 0.654688 0.825391 0.6875 0.801562 0.6875
0 0.772656 0.654688 0.789844 0.654688 0.789844 0.685417 0.772656 0.685417
0 0.840625 0.657812 0.864844 0.657812 0.864844 0.681771 0.840625 0.681771
0 0.921094 0.666667 0.938281 0.666667 0.938281 0.7 0.921094 0.7
0 0.895703 0.708333 0.907422 0.708333 0.907422 0.744271 0.895703 0.744271
0 0.855859 0.702604 0.882812 0.702604 0.882812 0.739583 0.855859 0.739583
0 0.937109 0.704167 0.963281 0.704167 0.963281 0.744792 0.937109 0.744792
0 0.826953 0.721875 0.840625 0.721875 0.840625 0.761458 0.826953 0.761458
0 0.804297 0.733333 0.823438 0.733333 0.823438 0.764062 0.804297 0.764062
0 0.782812 0.69375 0.803516 0.69375 0.803516 0.725 0.782812 0.725
0 0.863672 0.75 0.8875 0.75 0.8875 0.770312 0.863672 0.770312
0 0.96875 0.772917 0.992188 0.772917 0.992188 0.80625 0.96875 0.80625
0 0.938672 0.777083 0.957422 0.777083 0.957422 0.811979 0.938672 0.811979
0 0.941797 0.823958 0.967578 0.823958 0.967578 0.852604 0.941797 0.852604
0 0.973047 0.842708 0.992188 0.842708 0.992188 0.870312 0.973047 0.870312
0 0.905859 0.797396 0.922656 0.797396 0.922656 0.83125 0.905859 0.83125
0 0.869531 0.803646 0.893359 0.803646 0.893359 0.839062 0.869531 0.839062
0 0.837891 0.826562 0.863672 0.826562 0.863672 0.857292 0.837891 0.857292
0 0.876562 0.925521 0.892188 0.925521 0.892188 0.958854 0.876562 0.958854
0 0.917578 0.908333 0.939062 0.908333 0.939062 0.941146 0.917578 0.941146
0 0.921875 0.953646 0.950391 0.953646 0.950391 0.979688 0.921875 0.979688
0 0.961328 0.940104 0.981641 0.940104 0.981641 0.970833 0.961328 0.970833
0 0.974609 0.977604 0.990625 0.977604 0.990625 0.999479 0.974609 0.999479
0 0.792969 0.934896 0.809375 0.934896 0.809375 0.964062 0.792969 0.964062
0 0.760547 0.913542 0.78125 0.913542 0.78125 0.949479 0.760547 0.949479
0 0.744531 0.943229 0.761719 0.943229 0.761719 0.964062 0.744531 0.964062
0 0.752344 0.973438 0.778906 0.973438 0.778906 0.991146 0.752344 0.991146
0 0.717578 0.968229 0.730859 0.968229 0.730859 0.993229 0.717578 0.993229
0 0.728906 0.910938 0.754297 0.910938 0.754297 0.933854 0.728906 0.933854
0 0.694141 0.895312 0.722266 0.895312 0.722266 0.927604 0.694141 0.927604
0 0.704688 0.707292 0.719531 0.707292 0.719531 0.728125 0.704688 0.728125
0 0.668359 0.723958 0.684766 0.723958 0.684766 0.749479 0.668359 0.749479
0 0.717578 0.764062 0.738672 0.764062 0.738672 0.797917 0.717578 0.797917
0 0.673047 0.777083 0.704297 0.777083 0.704297 0.813542 0.673047 0.813542
0 0.637891 0.776562 0.659375 0.776562 0.659375 0.810938 0.637891 0.810938
0 0.610547 0.742708 0.63125 0.742708 0.63125 0.773438 0.610547 0.773438
0 0.580859 0.763021 0.602344 0.763021 0.602344 0.784375 0.580859 0.784375
0 0.575391 0.791667 0.591016 0.791667 0.591016 0.817708 0.575391 0.817708
0 0.594922 0.826042 0.620312 0.826042 0.620312 0.845312 0.594922 0.845312
0 0.641406 0.831771 0.658984 0.831771 0.658984 0.850521 0.641406 0.850521
0 0.687109 0.83125 0.712891 0.83125 0.712891 0.853646 0.687109 0.853646
0 0.724219 0.834896 0.745703 0.834896 0.745703 0.877604 0.724219 0.877604
0 0.745703 0.826562 0.770312 0.826562 0.770312 0.865625 0.745703 0.865625
0 0.489844 0.813021 0.519141 0.813021 0.519141 0.840625 0.489844 0.840625
0 0.528516 0.808854 0.546484 0.808854 0.546484 0.840625 0.528516 0.840625
0 0.53125 0.848958 0.551953 0.848958 0.551953 0.882812 0.53125 0.882812
0 0.574219 0.869792 0.598438 0.869792 0.598438 0.895833 0.574219 0.895833
0 0.604688 0.898438 0.634375 0.898438 0.634375 0.917708 0.604688 0.917708
0 0.649609 0.872917 0.669531 0.872917 0.669531 0.901042 0.649609 0.901042
0 0.651953 0.925 0.670703 0.925 0.670703 0.957292 0.651953 0.957292
0 0.681641 0.95625 0.701562 0.95625 0.701562 0.993229 0.681641 0.993229
0 0.632422 0.964062 0.653906 0.964062 0.653906 0.997396 0.632422 0.997396
0 0.603516 0.922917 0.633594 0.922917 0.633594 0.950521 0.603516 0.950521
0 0.555859 0.899479 0.575781 0.899479 0.575781 0.924479 0.555859 0.924479
0 0.564453 0.934375 0.587891 0.934375 0.587891 0.953125 0.564453 0.953125
0 0.576953 0.966667 0.601172 0.966667 0.601172 0.990625 0.576953 0.990625
0 0.520703 0.925521 0.547656 0.925521 0.547656 0.949479 0.520703 0.949479
0 0.488672 0.945833 0.517188 0.945833 0.517188 0.970312 0.488672 0.970312
0 0.45625 0.940104 0.473047 0.940104 0.473047 0.980208 0.45625 0.980208
0 0.475781 0.896354 0.502734 0.896354 0.502734 0.91875 0.475781 0.91875
0 0.500391 0.865104 0.523047 0.865104 0.523047 0.897917 0.500391 0.897917