0 0.046094 0.158333 0.058984 0.158333 0.058984 0.185938 0.046094 0.185938
0 0.024609 0.127083 0.044141 0.127083 0.044141 0.148438 0.024609 0.148438
0 0.010547 0.063542 0.033594 0.063542 0.033594 0.084375 0.010547 0.084375
0 0.033984 0.045312 0.056641 0.045312 0.056641 0.064583 0.033984 0.064583
0 0.083203 0.044271 0.108594 0.044271 0.108594 0.061979 0.083203 0.061979
0 0.064844 0.0875 0.080078 0.0875 0.080078 0.114062 0.064844 0.114062
0 0.040625 0.089062 0.060156 0.089062 0.060156 0.109896 0.040625 0.109896
0 0.085547 0.074479 0.107031 0.074479 0.107031 0.097917 0.085547 0.097917
0 0.116797 0.084896 0.136328 0.084896 0.136328 0.106771 0.116797 0.106771
0 0.126953 0.063542 0.149219 0.063542 0.149219 0.085938 0.126953 0.085938
0 0.080469 0.114062 0.099219 0.114062 0.099219 0.133333 0.080469 0.133333
0 0.107031 0.121875 0.129688 0.121875 0.129688 0.14375 0.107031 0.14375
0 0.070703 0.140104 0.094141 0.140104 0.094141 0.160938 0.070703 0.160938
0 0.057422 0.195833 0.076953 0.195833 0.076953 0.213542 0.057422 0.213542
0 0.010547 0.148438 0.032812 0.148438 0.032812 0.16875 0.010547 0.16875
0 0.017188 0.191667 0.0375 0.191667 0.0375 0.209896 0.017188 0.209896
0 0.119531 0.001562 0.138281 0.001562 0.138281 0.026562 0.119531 0.026562
0 0.081641 0.009896 0.110938 0.009896 0.110938 0.027604 0.081641 0.027604
0 0.055469 0.015625 0.076562 0.015625 0.076562 0.034375 0.055469 0.034375
0 0.022656 0.017708 0.047656 0.017708 0.047656 0.039062 0.022656 0.039062
0 0.150391 0.008333 0.165234 0.008333 0.165234 0.035938 0.150391 0.035938
0 0.175781 0.022396 0.190625 0.022396 0.190625 0.044792 0.175781 0.044792
0 0.191406 0.005208 0.210938 0.005208 0.210938 0.028646 0.191406 0.028646
0 0.199609 0.041146 0.222266 0.041146 0.222266 0.067188 0.199609 0.067188
0 0.194922 0.086979 0.214453 0.086979 0.214453 0.110417 0.194922 0.110417
0 0.240625 0.077604 0.264453 0.077604 0.264453 0.107292 0.240625 0.107292
0 0.215234 0.091667 0.229297 0.091667 0.229297 0.122396 0.215234 0.122396
0 0.226562 0.128125 0.248828 0.128125 0.248828 0.147917 0.226562 0.147917
0 0.180078 0.144271 0.2 0.144271 0.2 0.160417 0.180078 0.160417
0 0.164453 0.095833 0.185938 0.095833 0.185938 0.113542 0.164453 0.113542
0 0.163281 0.124479 0.186328 0.124479 0.186328 0.141146 0.163281 0.141146
0 0.164844 0.180208 0.182031 0.180208 0.182031 0.200521 0.164844 0.200521
0 0.085938 0.1875 0.110938 0.1875 0.110938 0.204167 0.085938 0.204167
0 0.079297 0.215625 0.099219 0.215625 0.099219 0.2375 0.079297 0.2375
0 0.133203 0.202604 0.153516 0.202604 0.153516 0.222917 0.133203 0.222917
0 0.106641 0.230208 0.121484 0.230208 0.121484 0.252604 0.106641 0.252604
0 0.083594 0.248958 0.104297 0.248958 0.104297 0.271354 0.083594 0.271354
0 0.127734 0.230208 0.147656 0.230208 0.147656 0.255729 0.127734 0.255729
0 0.188281 0.186979 0.204297 0.186979 0.204297 0.210417 0.188281 0.210417
0 0.211328 0.219271 0.232031 0.219271 0.232031 0.242188 0.211328 0.242188
0 0.228516 0.158333 0.247656 0.158333 0.247656 0.175 0.228516 0.175
0 0.039844 0.211458 0.055469 0.211458 0.055469 0.238021 0.039844 0.238021
0 0.107812 0.280729 0.126953 0.280729 0.126953 0.310938 0.107812 0.310938
0 0.130469 0.293229 0.148438 0.293229 0.148438 0.318229 0.130469 0.318229
0 0.153516 0.276042 0.175 0.276042 0.175 0.296354 0.153516 0.296354
0 0.177734 0.269271 0.194922 0.269271 0.194922 0.291667 0.177734 0.291667
0 0.226953 0.269792 0.252734 0.269792 0.252734 0.295312 0.226953 0.295312
0 0.279297 0.266667 0.301562 0.266667 0.301562 0.291667 0.279297 0.291667
0 0.262891 0.2875 0.276562 0.2875 0.276562 0.310417 0.262891 0.310417
0 0.296875 0.211458 0.314844 0.211458 0.314844 0.236458 0.296875 0.236458
0 0.267578 0.246875 0.281641 0.246875 0.281641 0.269271 0.267578 0.269271
0 0.315234 0.269792 0.332422 0.269792 0.332422 0.293229 0.315234 0.293229
0 0.286719 0.283854 0.307422 0.283854 0.307422 0.307812 0.286719 0.307812
0 0.271094 0.308333 0.296484 0.308333 0.296484 0.332812 0.271094 0.332812
0 0.310156 0.306771 0.333203 0.306771 0.333203 0.332292 0.310156 0.332292
0 0.19375 0.289062 0.212891 0.289062 0.212891 0.310417 0.19375 0.310417
0 0.167188 0.303646 0.189062 0.303646 0.189062 0.328125 0.167188 0.328125
0 0.118359 0.325521 0.140625 0.325521 0.140625 0.348438 0.118359 0.348438
0 0.155078 0.333333 0.178125 0.333333 0.178125 0.354688 0.155078 0.354688
0 0.155078 0.359896 0.173438 0.359896 0.173438 0.378125 0.155078 0.378125
0 0.117188 0.370833 0.139062 0.370833 0.139062 0.394792 0.117188 0.394792
0 0.076562 0.418229 0.092188 0.418229 0.092188 0.448438 0.076562 0.448438
0 0.192578 0.314583 0.207812 0.314583 0.207812 0.333333 0.192578 0.333333
0 0.242578 0.321875 0.260938 0.321875 0.260938 0.347396 0.242578 0.347396
0 0.204688 0.339062 0.224609 0.339062 0.224609 0.364583 0.204688 0.364583
0 0.2375 0.380729 0.253906 0.380729 0.253906 0.407292 0.2375 0.407292
0 0.260547 0.369792 0.278125 0.369792 0.278125 0.390104 0.260547 0.390104
0 0.280469 0.340625 0.3 0.340625 0.3 0.357812 0.280469 0.357812
0 0.219922 0.303125 0.233984 0.303125 0.233984 0.332812 0.219922 0.332812
0 0.167188 0.385417 0.186328 0.385417 0.186328 0.406771 0.167188 0.406771
0 0.146875 0.413542 0.167969 0.413542 0.167969 0.4375 0.146875 0.4375
0 0.125 0.418229 0.141406 0.418229 0.141406 0.448438 0.125 0.448438
0 0.108984 0.445833 0.133203 0.445833 0.133203 0.475 0.108984 0.475
0 0.188281 0.441146 0.208984 0.441146 0.208984 0.472917 0.188281 0.472917
0 0.402734 0.345833 0.423828 0.345833 0.423828 0.375 0.402734 0.375
0 0.342188 0.361458 0.364062 0.361458 0.364062 0.379688 0.342188 0.379688
0 0.368359 0.338021 0.388281 0.338021 0.388281 0.366146 0.368359 0.366146
0 0.376172 0.373958 0.395312 0.373958 0.395312 0.395833 0.376172 0.395833
0 0.341797 0.386979 0.367969 0.386979 0.367969 0.405729 0.341797 0.405729
0 0.325391 0.411979 0.340625 0.411979 0.340625 0.433854 0.325391 0.433854
0 0.298438 0.435938 0.319141 0.435938 0.319141 0.455729 0.298438 0.455729
0 0.363672 0.410938 0.379688 0.410938 0.379688 0.430729 0.363672 0.430729
0 0.398828 0.383854 0.414062 0.383854 0.414062 0.405208 0.398828 0.405208
0 0.412891 0.413542 0.430469 0.413542 0.430469 0.430208 0.412891 0.430208
0 0.387109 0.45 0.404297 0.45 0.404297 0.470312 0.387109 0.470312
0 0.420312 0.436979 0.437891 0.436979 0.437891 0.464062 0.420312 0.464062
0 0.298047 0.460938 0.316797 0.460938 0.316797 0.481771 0.298047 0.481771
0 0.385938 0.221354 0.404688 0.221354 0.404688 0.251042 0.385938 0.251042
0 0.410938 0.205729 0.429688 0.205729 0.429688 0.225 0.410938 0.225
0 0.384375 0.191146 0.407812 0.191146 0.407812 0.2125 0.384375 0.2125
0 0.101562 0.407812 0.122656 0.407812 0.122656 0.428646 0.101562 0.428646
0 0.188281 0.524479 0.205859 0.524479 0.205859 0.551562 0.188281 0.551562
0 0.214062 0.526042 0.233984 0.526042 0.233984 0.558333 0.214062 0.558333
0 0.250391 0.563542 0.272656 0.563542 0.272656 0.591667 0.250391 0.591667
0 0.197656 0.56875 0.216797 0.56875 0.216797 0.590625 0.197656 0.590625
0 0.221094 0.59375 0.241797 0.59375 0.241797 0.617708 0.221094 0.617708
0 0.152734 0.552083 0.171875 0.552083 0.171875 0.58125 0.152734 0.58125
0 0.128516 0.576042 0.148828 0.576042 0.148828 0.596354 0.128516 0.596354
0 0.119141 0.607812 0.144922 0.607812 0.144922 0.633333 0.119141 0.633333
0 0.14375 0.597396 0.163281 0.597396 0.163281 0.623438 0.14375 0.623438
0 0.175391 0.600521 0.196094 0.600521 0.196094 0.616146 0.175391 0.616146
0 0.260156 0.481771 0.277734 0.481771 0.277734 0.508333 0.260156 0.508333
0 0.282812 0.492708 0.301953 0.492708 0.301953 0.515625 0.282812 0.515625
0 0.201172 0.639062 0.219141 0.639062 0.219141 0.661458 0.201172 0.661458
0 0.228125 0.644271 0.249219 0.644271 0.249219 0.665625 0.228125 0.665625
0 0.2625 0.630208 0.283984 0.630208 0.283984 0.652083 0.2625 0.652083
0 0.132812 0.648958 0.153906 0.648958 0.153906 0.675 0.132812 0.675
0 0.295312 0.531771 0.315625 0.531771 0.315625 0.555729 0.295312 0.555729
0 0.317969 0.510938 0.3375 0.510938 0.3375 0.534375 0.317969 0.534375
0 0.352344 0.506771 0.372266 0.506771 0.372266 0.530729 0.352344 0.530729
0 0.371094 0.478646 0.389062 0.478646 0.389062 0.498958 0.371094 0.498958
0 0.383594 0.500521 0.402734 0.500521 0.402734 0.523438 0.383594 0.523438
0 0.427734 0.502604 0.444531 0.502604 0.444531 0.525521 0.427734 0.525521
0 0.373828 0.545312 0.395703 0.545312 0.395703 0.569792 0.373828 0.569792
0 0.4125 0.541146 0.432031 0.541146 0.432031 0.567708 0.4125 0.567708
0 0.385547 0.585417 0.404688 0.585417 0.404688 0.609375 0.385547 0.609375
0 0.428516 0.570833 0.448438 0.570833 0.448438 0.594792 0.428516 0.594792
0 0.451953 0.559896 0.470703 0.559896 0.470703 0.579688 0.451953 0.579688
0 0.451562 0.529167 0.470703 0.529167 0.470703 0.548438 0.451562 0.548438
0 0.479688 0.516146 0.500391 0.516146 0.500391 0.540104 0.479688 0.540104
0 0.191406 0.703125 0.215234 0.703125 0.215234 0.73125 0.191406 0.73125
0 0.220312 0.699479 0.242188 0.699479 0.242188 0.730208 0.220312 0.730208
0 0.237109 0.685417 0.255469 0.685417 0.255469 0.707812 0.237109 0.707812
0 0.263281 0.664062 0.282812 0.664062 0.282812 0.69375 0.263281 0.69375
0 0.285156 0.658333 0.310156 0.658333 0.310156 0.685417 0.285156 0.685417
0 0.26875 0.700521 0.300391 0.700521 0.300391 0.723958 0.26875 0.723958
0 0.2625 0.726562 0.289844 0.726562 0.289844 0.744271 0.2625 0.744271
0 0.217578 0.740104 0.240625 0.740104 0.240625 0.766146 0.217578 0.766146
0 0.019922 0.675 0.032812 0.675 0.032812 0.694792 0.019922 0.694792
0 0.009375 0.711458 0.03125 0.711458 0.03125 0.730729 0.009375 0.730729
0 0.019531 0.734375 0.038672 0.734375 0.038672 0.758333 0.019531 0.758333
0 0.001172 0.777604 0.024219 0.777604 0.024219 0.809896 0.001172 0.809896
0 0.0375 0.776042 0.054297 0.776042 0.054297 0.795833 0.0375 0.795833
0 0.04375 0.858333 0.069922 0.858333 0.069922 0.881771 0.04375 0.881771
0 0.000781 0.870833 0.021484 0.870833 0.021484 0.896354 0.000781 0.896354
0 0.058594 0.976042 0.080859 0.976042 0.080859 0.992188 0.058594 0.992188
0 0.01875 0.945312 0.039453 0.945312 0.039453 0.968229 0.01875 0.968229
0 0.021094 0.904688 0.045312 0.904688 0.045312 0.938021 0.021094 0.938021
0 0.044531 0.945312 0.064844 0.945312 0.064844 0.9625 0.044531 0.9625
0 0.163281 0.757812 0.185156 0.757812 0.185156 0.779167 0.163281 0.779167
0 0.178125 0.798438 0.200781 0.798438 0.200781 0.818229 0.178125 0.818229
0 0.215234 0.788542 0.238281 0.788542 0.238281 0.816667 0.215234 0.816667
0 0.240234 0.809896 0.266016 0.809896 0.266016 0.834375 0.240234 0.834375
0 0.205859 0.841667 0.230469 0.841667 0.230469 0.864062 0.205859 0.864062
0 0.254688 0.761458 0.275781 0.761458 0.275781 0.781771 0.254688 0.781771
0 0.282812 0.746875 0.303516 0.746875 0.303516 0.769792 0.282812 0.769792
0 0.305859 0.722396 0.323438 0.722396 0.323438 0.742708 0.305859 0.742708
0 0.329297 0.697396 0.343359 0.697396 0.343359 0.725521 0.329297 0.725521
0 0.3125 0.74375 0.336719 0.74375 0.336719 0.760417 0.3125 0.760417
0 0.222266 0.931771 0.240625 0.931771 0.240625 0.946875 0.222266 0.946875
0 0.234766 0.956771 0.254688 0.956771 0.254688 0.979688 0.234766 0.979688
0 0.263672 0.913021 0.283984 0.913021 0.283984 0.933854 0.263672 0.933854
0 0.301172 0.934896 0.316797 0.934896 0.316797 0.960417 0.301172 0.960417
0 0.262109 0.978125 0.283984 0.978125 0.283984 0.997917 0.262109 0.997917
0 0.313281 0.860417 0.331641 0.860417 0.331641 0.881771 0.313281 0.881771
0 0.329297 0.833333 0.34375 0.833333 0.34375 0.856771 0.329297 0.856771
0 0.352344 0.884375 0.375391 0.884375 0.375391 0.911458 0.352344 0.911458
0 0.339844 0.856771 0.355469 0.856771 0.355469 0.875 0.339844 0.875
0 0.319922 0.90625 0.334375 0.90625 0.334375 0.928646 0.319922 0.928646
0 0.345312 0.915625 0.360938 0.915625 0.360938 0.939583 0.345312 0.939583
0 0.325781 0.939583 0.344922 0.939583 0.344922 0.966146 0.325781 0.966146
0 0.359375 0.929688 0.380859 0.929688 0.380859 0.952604 0.359375 0.952604
0 0.366016 0.814583 0.384375 0.814583 0.384375 0.840625 0.366016 0.840625
0 0.388281 0.805729 0.405078 0.805729 0.405078 0.832812 0.388281 0.832812
0 0.409375 0.819792 0.426172 0.819792 0.426172 0.850521 0.409375 0.850521
0 0.380859 0.844792 0.399219 0.844792 0.399219 0.86875 0.380859 0.86875
0 0.3625 0.856771 0.382812 0.856771 0.382812 0.881771 0.3625 0.881771
0 0.397656 0.872917 0.419531 0.872917 0.419531 0.897396 0.397656 0.897396
0 0.384766 0.911458 0.40625 0.911458 0.40625 0.940104 0.384766 0.940104
0 0.427734 0.877604 0.447656 0.877604 0.447656 0.904167 0.427734 0.904167
0 0.455859 0.8875 0.472656 0.8875 0.472656 0.910938 0.455859 0.910938
0 0.450391 0.949479 0.467188 0.949479 0.467188 0.974479 0.450391 0.974479
0 0.408984 0.757292 0.428906 0.757292 0.428906 0.778646 0.408984 0.778646
0 0.400391 0.720833 0.417578 0.720833 0.417578 0.740625 0.400391 0.740625
0 0.428906 0.720312 0.453125 0.720312 0.453125 0.744271 0.428906 0.744271
0 0.436719 0.751562 0.453906 0.751562 0.453906 0.779167 0.436719 0.779167
0 0.457031 0.735938 0.478516 0.735938 0.478516 0.766146 0.457031 0.766146
0 0.457812 0.792188 0.475781 0.792188 0.475781 0.816146 0.457812 0.816146
0 0.463672 0.823958 0.477734 0.823958 0.477734 0.844792 0.463672 0.844792
0 0.508594 0.945312 0.533594 0.945312 0.533594 0.974479 0.508594 0.974479
0 0.489844 0.827604 0.511719 0.827604 0.511719 0.851042 0.489844 0.851042
0 0.510156 0.769792 0.530078 0.769792 0.530078 0.798438 0.510156 0.798438
0 0.538672 0.947396 0.5625 0.947396 0.5625 0.975 0.538672 0.975
0 0.48125 0.755729 0.502344 0.755729 0.502344 0.781771 0.48125 0.781771
0 0.508984 0.717708 0.530859 0.717708 0.530859 0.745833 0.508984 0.745833
0 0.547656 0.782292 0.566016 0.782292 0.566016 0.809375 0.547656 0.809375
0 0.539844 0.826562 0.564844 0.826562 0.564844 0.852604 0.539844 0.852604
0 0.501953 0.667708 0.521484 0.667708 0.521484 0.6875 0.501953 0.6875
0 0.508984 0.625 0.525 0.625 0.525 0.647396 0.508984 0.647396
0 0.540625 0.60625 0.558984 0.60625 0.558984 0.6375 0.540625 0.6375
0 0.475781 0.664583 0.494141 0.664583 0.494141 0.682292 0.475781 0.682292
0 0.566016 0.969271 0.590625 0.969271 0.590625 0.990625 0.566016 0.990625
0 0.489062 0.909375 0.513672 0.909375 0.513672 0.934375 0.489062 0.934375
0 0.597266 0.860417 0.614844 0.860417 0.614844 0.88125 0.597266 0.88125
0 0.540234 0.721875 0.564062 0.721875 0.564062 0.748958 0.540234 0.748958
0 0.553906 0.753646 0.578516 0.753646 0.578516 0.775521 0.553906 0.775521
0 0.578125 0.784375 0.591016 0.784375 0.591016 0.810938 0.578125 0.810938
0 0.6 0.816667 0.621094 0.816667 0.621094 0.841146 0.6 0.841146
0 0.594922 0.786458 0.612109 0.786458 0.612109 0.80625 0.594922 0.80625
0 0.6375 0.774479 0.659375 0.774479 0.659375 0.798438 0.6375 0.798438
0 0.672266 0.781771 0.689062 0.781771 0.689062 0.804167 0.672266 0.804167
0 0.646875 0.811458 0.670312 0.811458 0.670312 0.832812 0.646875 0.832812
0 0.659766 0.848958 0.680469 0.848958 0.680469 0.869271 0.659766 0.869271
0 0.53125 0.648958 0.550781 0.648958 0.550781 0.671354 0.53125 0.671354
0 0.502344 0.591667 0.522656 0.591667 0.522656 0.60625 0.502344 0.60625
0 0.459375 0.415625 0.481641 0.415625 0.481641 0.441146 0.459375 0.441146
0 0.472656 0.3875 0.491406 0.3875 0.491406 0.411458 0.472656 0.411458
0 0.520312 0.392188 0.541797 0.392188 0.541797 0.418229 0.520312 0.418229
0 0.492969 0.41875 0.516797 0.41875 0.516797 0.4375 0.492969 0.4375
0 0.521094 0.442188 0.539844 0.442188 0.539844 0.4625 0.521094 0.4625
0 0.494141 0.465104 0.516016 0.465104 0.516016 0.483854 0.494141 0.483854
0 0.577344 0.507812 0.594922 0.507812 0.594922 0.539062 0.577344 0.539062
0 0.607812 0.507292 0.623828 0.507292 0.623828 0.539062 0.607812 0.539062
0 0.630469 0.494792 0.650391 0.494792 0.650391 0.520833 0.630469 0.520833
0 0.604688 0.564062 0.627344 0.564062 0.627344 0.588021 0.604688 0.588021
0 0.572266 0.590625 0.599609 0.590625 0.599609 0.6125 0.572266 0.6125
0 0.582031 0.623958 0.607812 0.623958 0.607812 0.650521 0.582031 0.650521
0 0.555078 0.628125 0.570312 0.628125 0.570312 0.645312 0.555078 0.645312
0 0.623047 0.620833 0.645312 0.620833 0.645312 0.649479 0.623047 0.649479
0 0.657031 0.601042 0.680469 0.601042 0.680469 0.626562 0.657031 0.626562
0 0.632031 0.585417 0.649219 0.585417 0.649219 0.607292 0.632031 0.607292
0 0.634766 0.553646 0.654297 0.553646 0.654297 0.580729 0.634766 0.580729
0 0.635938 0.528646 0.658594 0.528646 0.658594 0.547396 0.635938 0.547396
0 0.661328 0.470833 0.676562 0.470833 0.676562 0.492188 0.661328 0.492188
0 0.678516 0.490104 0.696484 0.490104 0.696484 0.511979 0.678516 0.511979
0 0.70625 0.467188 0.729688 0.467188 0.729688 0.492708 0.70625 0.492708
0 0.606641 0.654167 0.633203 0.654167 0.633203 0.686979 0.606641 0.686979
0 0.645312 0.655729 0.663672 0.655729 0.663672 0.690625 0.645312 0.690625
0 0.667578 0.644792 0.685156 0.644792 0.685156 0.669271 0.667578 0.669271
0 0.696875 0.657812 0.715625 0.657812 0.715625 0.683333 0.696875 0.683333
0 0.689062 0.680208 0.710156 0.680208 0.710156 0.706771 0.689062 0.706771
0 0.721094 0.651042 0.744922 0.651042 0.744922 0.681771 0.721094 0.681771
0 0.729297 0.614062 0.745703 0.614062 0.745703 0.646354 0.729297 0.646354
0 0.680859 0.622396 0.701953 0.622396 0.701953 0.644792 0.680859 0.644792
0 0.712891 0.553125 0.730078 0.553125 0.730078 0.571875 0.712891 0.571875
0 0.695312 0.519271 0.718359 0.519271 0.718359 0.542188 0.695312 0.542188
0 0.725 0.521354 0.747266 0.521354 0.747266 0.544271 0.725 0.544271
0 0.732812 0.502604 0.755078 0.502604 0.755078 0.522917 0.732812 0.522917
0 0.760547 0.528125 0.782812 0.528125 0.782812 0.553125 0.760547 0.553125
0 0.737109 0.557292 0.758984 0.557292 0.758984 0.583333 0.737109 0.583333
0 0.738281 0.589062 0.764062 0.589062 0.764062 0.61875 0.738281 0.61875
0 0.738672 0.889583 0.755078 0.889583 0.755078 0.913021 0.738672 0.913021
0 0.750781 0.952083 0.773047 0.952083 0.773047 0.984375 0.750781 0.984375
0 0.741016 0.834896 0.766797 0.834896 0.766797 0.853646 0.741016 0.853646
0 0.780859 0.769271 0.799219 0.769271 0.799219 0.791667 0.780859 0.791667
0 0.784766 0.796875 0.798438 0.796875 0.798438 0.81875 0.784766 0.81875
0 0.813281 0.758854 0.835547 0.758854 0.835547 0.776042 0.813281 0.776042
0 0.818359 0.795833 0.837109 0.795833 0.837109 0.8125 0.818359 0.8125
0 0.807422 0.827604 0.831641 0.827604 0.831641 0.843229 0.807422 0.843229
0 0.813672 0.857812 0.838281 0.857812 0.838281 0.881771 0.813672 0.881771
0 0.746094 0.861458 0.7625 0.861458 0.7625 0.877604 0.746094 0.877604
0 0.770703 0.873438 0.786328 0.873438 0.786328 0.891146 0.770703 0.891146
0 0.780469 0.890104 0.802734 0.890104 0.802734 0.907812 0.780469 0.907812
0 0.79375 0.906771 0.816797 0.906771 0.816797 0.922396 0.79375 0.922396
0 0.822656 0.903125 0.839453 0.903125 0.839453 0.921875 0.822656 0.921875
0 0.817578 0.927604 0.834766 0.927604 0.834766 0.941667 0.817578 0.941667
0 0.846484 0.945833 0.86875 0.945833 0.86875 0.965625 0.846484 0.965625
0 0.876953 0.963021 0.902344 0.963021 0.902344 0.988021 0.876953 0.988021
0 0.854688 0.817188 0.876562 0.817188 0.876562 0.834896 0.854688 0.834896
0 0.851172 0.783333 0.876562 0.783333 0.876562 0.806771 0.851172 0.806771
0 0.808203 0.725521 0.834375 0.725521 0.834375 0.746354 0.808203 0.746354
0 0.8875 0.901042 0.908984 0.901042 0.908984 0.920312 0.8875 0.920312
0 0.882031 0.880729 0.900781 0.880729 0.900781 0.897396 0.882031 0.897396
0 0.90625 0.817708 0.926172 0.817708 0.926172 0.8375 0.90625 0.8375
0 0.895703 0.788542 0.915625 0.788542 0.915625 0.804688 0.895703 0.804688
0 0.810547 0.959375 0.829297 0.959375 0.829297 0.975 0.810547 0.975
0 0.966406 0.86875 0.983984 0.86875 0.983984 0.897917 0.966406 0.897917
0 0.873047 0.765625 0.891406 0.765625 0.891406 0.783333 0.873047 0.783333
0 0.840234 0.740625 0.860547 0.740625 0.860547 0.760938 0.840234 0.760938
0 0.843359 0.705208 0.862109 0.705208 0.862109 0.726562 0.843359 0.726562
0 0.871094 0.708333 0.887109 0.708333 0.887109 0.728125 0.871094 0.728125
0 0.846094 0.680208 0.866016 0.680208 0.866016 0.696354 0.846094 0.696354
0 0.667578 0.702083 0.685156 0.702083 0.685156 0.721875 0.667578 0.721875
0 0.980078 0.756771 0.998047 0.756771 0.998047 0.784375 0.980078 0.784375
0 0.9625 0.717188 0.983203 0.717188 0.983203 0.7375 0.9625 0.7375
0 0.934375 0.691146 0.953125 0.691146 0.953125 0.711458 0.934375 0.711458
0 0.973828 0.69375 0.994922 0.69375 0.994922 0.711979 0.973828 0.711979
0 0.924219 0.677604 0.939844 0.677604 0.939844 0.689583 0.924219 0.689583
0 0.90625 0.654167 0.930078 0.654167 0.930078 0.673438 0.90625 0.673438
0 0.915625 0.624479 0.939062 0.624479 0.939062 0.647396 0.915625 0.647396
0 0.95625 0.628646 0.976562 0.628646 0.976562 0.647396 0.95625 0.647396
0 0.857422 0.511458 0.882031 0.511458 0.882031 0.536979 0.857422 0.536979
0 0.891406 0.543229 0.916016 0.543229 0.916016 0.561458 0.891406 0.561458
0 0.882812 0.567708 0.908984 0.567708 0.908984 0.584896 0.882812 0.584896
0 0.917969 0.586979 0.933594 0.586979 0.933594 0.601562 0.917969 0.601562
0 0.986719 0.575521 0.999609 0.575521 0.999609 0.600521 0.986719 0.600521
0 0.903125 0.516146 0.925391 0.516146 0.925391 0.539583 0.903125 0.539583
0 0.902734 0.482812 0.917188 0.482812 0.917188 0.498438 0.902734 0.498438
0 0.96875 0.544271 0.992578 0.544271 0.992578 0.561458 0.96875 0.561458
0 0.914844 0.427604 0.937109 0.427604 0.937109 0.448438 0.914844 0.448438
0 0.925 0.463542 0.944531 0.463542 0.944531 0.485938 0.925 0.485938
0 0.908594 0.384896 0.930859 0.384896 0.930859 0.401042 0.908594 0.401042
0 0.943359 0.386458 0.963281 0.386458 0.963281 0.407812 0.943359 0.407812
0 0.596484 0.383854 0.613672 0.383854 0.613672 0.398958 0.596484 0.398958
0 0.582422 0.364062 0.600391 0.364062 0.600391 0.380729 0.582422 0.380729
0 0.582812 0.33125 0.607031 0.33125 0.607031 0.344271 0.582812 0.344271
0 0.605859 0.350521 0.624219 0.350521 0.624219 0.369792 0.605859 0.369792
0 0.617969 0.38125 0.639844 0.38125 0.639844 0.400521 0.617969 0.400521
0 0.633984 0.346875 0.653906 0.346875 0.653906 0.368229 0.633984 0.368229
0 0.672656 0.367708 0.692188 0.367708 0.692188 0.385417 0.672656 0.385417
0 0.607031 0.310417 0.624219 0.310417 0.624219 0.329688 0.607031 0.329688
0 0.530078 0.323958 0.548438 0.323958 0.548438 0.351042 0.530078 0.351042
0 0.482812 0.360938 0.510938 0.360938 0.510938 0.386458 0.482812 0.386458
0 0.443359 0.367708 0.459766 0.367708 0.459766 0.388021 0.443359 0.388021
0 0.663672 0.325 0.684766 0.325 0.684766 0.356771 0.663672 0.356771
0 0.698047 0.296354 0.714453 0.296354 0.714453 0.320312 0.698047 0.320312
0 0.707031 0.3375 0.730859 0.3375 0.730859 0.365625 0.707031 0.365625
0 0.739453 0.326562 0.762109 0.326562 0.762109 0.352604 0.739453 0.352604
0 0.791797 0.320312 0.811719 0.320312 0.811719 0.340104 0.791797 0.340104
0 0.91875 0.363021 0.935938 0.363021 0.935938 0.382292 0.91875 0.382292
0 0.935156 0.345833 0.948438 0.345833 0.948438 0.370833 0.935156 0.370833
0 0.952344 0.335938 0.966016 0.335938 0.966016 0.355208 0.952344 0.355208
0 0.972656 0.330208 0.985547 0.330208 0.985547 0.355208 0.972656 0.355208
0 0.967578 0.367708 0.983203 0.367708 0.983203 0.391667 0.967578 0.391667
0 0.813672 0.257292 0.838281 0.257292 0.838281 0.278646 0.813672 0.278646
0 0.792578 0.275 0.812891 0.275 0.812891 0.290625 0.792578 0.290625
0 0.770703 0.290104 0.789453 0.290104 0.789453 0.305208 0.770703 0.305208
0 0.749219 0.26875 0.762891 0.26875 0.762891 0.296875 0.749219 0.296875
0 0.738281 0.29375 0.755859 0.29375 0.755859 0.318229 0.738281 0.318229
0 0.721094 0.305729 0.735547 0.305729 0.735547 0.325521 0.721094 0.325521
0 0.662891 0.289583 0.680078 0.289583 0.680078 0.305729 0.662891 0.305729
0 0.639453 0.269792 0.656641 0.269792 0.656641 0.292188 0.639453 0.292188
0 0.598828 0.279688 0.615625 0.279688 0.615625 0.300521 0.598828 0.300521
0 0.647266 0.224479 0.666406 0.224479 0.666406 0.241146 0.647266 0.241146
0 0.678516 0.2375 0.700391 0.2375 0.700391 0.255729 0.678516 0.255729
0 0.698047 0.271875 0.716797 0.271875 0.716797 0.288021 0.698047 0.288021
0 0.782812 0.231771 0.800781 0.231771 0.800781 0.253125 0.782812 0.253125
0 0.303125 0.072396 0.325 0.072396 0.325 0.097917 0.303125 0.097917
0 0.331641 0.097396 0.352344 0.097396 0.352344 0.123958 0.331641 0.123958
0 0.372266 0.076562 0.400391 0.076562 0.400391 0.101562 0.372266 0.101562
0 0.374609 0.126562 0.396094 0.126562 0.396094 0.153125 0.374609 0.153125
0 0.398828 0.139583 0.418359 0.139583 0.418359 0.165104 0.398828 0.165104
0 0.425781 0.153646 0.452344 0.153646 0.452344 0.173958 0.425781 0.173958
0 0.443359 0.102604 0.455469 0.102604 0.455469 0.129167 0.443359 0.129167
0 0.447656 0.132812 0.463672 0.132812 0.463672 0.151042 0.447656 0.151042
0 0.521094 0.167188 0.538281 0.167188 0.538281 0.194792 0.521094 0.194792
0 0.491016 0.160938 0.509375 0.160938 0.509375 0.185417 0.491016 0.185417
0 0.471094 0.191667 0.492188 0.191667 0.492188 0.214062 0.471094 0.214062
0 0.498828 0.226562 0.522266 0.226562 0.522266 0.242708 0.498828 0.242708
0 0.530469 0.229167 0.547266 0.229167 0.547266 0.254688 0.530469 0.254688
0 0.488281 0.133333 0.506641 0.133333 0.506641 0.154167 0.488281 0.154167
0 0.519141 0.115625 0.535938 0.115625 0.535938 0.1375 0.519141 0.1375
0 0.489844 0.44375 0.510938 0.44375 0.510938 0.460938 0.489844 0.460938
0 0.287109 0.027604 0.310547 0.027604 0.310547 0.056771 0.287109 0.056771
0 0.312891 0.009896 0.330078 0.009896 0.330078 0.03125 0.312891 0.03125
0 0.333594 0.013021 0.358203 0.013021 0.358203 0.035417 0.333594 0.035417
0 0.367969 0.017708 0.385938 0.017708 0.385938 0.044271 0.367969 0.044271
0 0.335547 0.05625 0.354688 0.05625 0.354688 0.080208 0.335547 0.080208
0 0.439844 0.009896 0.458203 0.009896 0.458203 0.034375 0.439844 0.034375
0 0.413281 0.053125 0.432031 0.053125 0.432031 0.077604 0.413281 0.077604
0 0.417578 0.099479 0.438672 0.099479 0.438672 0.130729 0.417578 0.130729
0 0.460547 0.080729 0.482031 0.080729 0.482031 0.105729 0.460547 0.105729
0 0.489844 0.022917 0.507812 0.022917 0.507812 0.048438 0.489844 0.048438
0 0.512891 0.009896 0.533594 0.009896 0.533594 0.028646 0.512891 0.028646
0 0.507031 0.063542 0.530078 0.063542 0.530078 0.086979 0.507031 0.086979
0 0.489844 0.089583 0.506641 0.089583 0.506641 0.111458 0.489844 0.111458
0 0.525781 0.032812 0.543359 0.032812 0.543359 0.058854 0.525781 0.058854
0 0.546484 0.039062 0.558984 0.039062 0.558984 0.064583 0.546484 0.064583
0 0.607031 0.076562 0.625781 0.076562 0.625781 0.097396 0.607031 0.097396
0 0.630469 0.074479 0.650391 0.074479 0.650391 0.095833 0.630469 0.095833
0 0.626953 0.050521 0.645312 0.050521 0.645312 0.071354 0.626953 0.071354
0 0.608984 0.014583 0.628125 0.014583 0.628125 0.041146 0.608984 0.041146
0 0.498047 0.255208 0.519141 0.255208 0.519141 0.272396 0.498047 0.272396
0 0.603516 0.169792 0.625 0.169792 0.625 0.190625 0.603516 0.190625
0 0.667969 0.192708 0.689062 0.192708 0.689062 0.2125 0.667969 0.2125
0 0.640234 0.196354 0.661328 0.196354 0.661328 0.219271 0.640234 0.219271
0 0.646484 0.170833 0.667578 0.170833 0.667578 0.192188 0.646484 0.192188
0 0.667188 0.144792 0.685938 0.144792 0.685938 0.165104 0.667188 0.165104
0 0.643359 0.098958 0.663281 0.098958 0.663281 0.119271 0.643359 0.119271
0 0.715234 0.175521 0.737891 0.175521 0.737891 0.200521 0.715234 0.200521
0 0.726953 0.122396 0.748438 0.122396 0.748438 0.145833 0.726953 0.145833
0 0.736719 0.139583 0.758984 0.139583 0.758984 0.164583 0.736719 0.164583
0 0.766797 0.169271 0.787109 0.169271 0.787109 0.193229 0.766797 0.193229
0 0.787109 0.132292 0.803516 0.132292 0.803516 0.159375 0.787109 0.159375
0 0.812109 0.168229 0.830078 0.168229 0.830078 0.184896 0.812109 0.184896
0 0.808594 0.205208 0.829297 0.205208 0.829297 0.231771 0.808594 0.231771
0 0.844531 0.216667 0.869922 0.216667 0.869922 0.244792 0.844531 0.244792
0 0.839844 0.168229 0.864844 0.168229 0.864844 0.189062 0.839844 0.189062
0 0.826953 0.125 0.846094 0.125 0.846094 0.153125 0.826953 0.153125
0 0.853906 0.139583 0.872266 0.139583 0.872266 0.163021 0.853906 0.163021
0 0.640234 0.013542 0.655859 0.013542 0.655859 0.032812 0.640234 0.032812
0 0.660156 0.010417 0.676953 0.010417 0.676953 0.028125 0.660156 0.028125
0 0.653516 0.044792 0.670312 0.044792 0.670312 0.070312 0.653516 0.070312
0 0.673438 0.033854 0.686328 0.033854 0.686328 0.059375 0.673438 0.059375
0 0.696094 0.061458 0.720703 0.061458 0.720703 0.084896 0.696094 0.084896
0 0.708594 0.032292 0.720312 0.032292 0.720312 0.058854 0.708594 0.058854
0 0.728125 0.021875 0.740234 0.021875 0.740234 0.051562 0.728125 0.051562
0 0.747266 0.034375 0.766016 0.034375 0.766016 0.055208 0.747266 0.055208
0 0.748828 0.000521 0.773047 0.000521 0.773047 0.022917 0.748828 0.022917
0 0.702344 0.0 0.716797 0.0 0.716797 0.020833 0.702344 0.020833
0 0.816797 0.01875 0.841406 0.01875 0.841406 0.042708 0.816797 0.042708
0 0.839844 0.049479 0.859766 0.049479 0.859766 0.070833 0.839844 0.070833
0 0.820703 0.077604 0.843359 0.077604 0.843359 0.103125 0.820703 0.103125
0 0.882031 0.076042 0.903906 0.076042 0.903906 0.106771 0.882031 0.106771
0 0.851172 0.076042 0.870703 0.076042 0.870703 0.104167 0.851172 0.104167
0 0.863672 0.051562 0.88125 0.051562 0.88125 0.074479 0.863672 0.074479
0 0.888672 0.446875 0.913281 0.446875 0.913281 0.473438 0.888672 0.473438
0 0.874609 0.490625 0.898828 0.490625 0.898828 0.515625 0.874609 0.515625
0 0.964062 0.666146 0.982031 0.666146 0.982031 0.6875 0.964062 0.6875
0 0.932422 0.6625 0.951953 0.6625 0.951953 0.678646 0.932422 0.678646
0 0.958594 0.56875 0.976953 0.56875 0.976953 0.597396 0.958594 0.597396
0 0.596094 0.716667 0.623438 0.716667 0.623438 0.741667 0.596094 0.741667
0 0.583203 0.746354 0.611719 0.746354 0.611719 0.770312 0.583203 0.770312
0 0.677734 0.576042 0.698047 0.576042 0.698047 0.598438 0.677734 0.598438
0 0.578516 0.939583 0.602734 0.939583 0.602734 0.965625 0.578516 0.965625
0 0.618359 0.881771 0.647266 0.881771 0.647266 0.908854 0.618359 0.908854
0 0.328906 0.660938 0.353125 0.660938 0.353125 0.689583 0.328906 0.689583
0 0.462109 0.700521 0.49375 0.700521 0.49375 0.726562 0.462109 0.726562