0 0.022656 0.077083 0.039844 0.077083 0.039844 0.111979 0.022656 0.111979
0 0.050781 0.055729 0.074609 0.055729 0.074609 0.085938 0.050781 0.085938
0 0.071875 0.115104 0.096094 0.115104 0.096094 0.141667 0.071875 0.141667
0 0.077344 0.167188 0.102344 0.167188 0.102344 0.197917 0.077344 0.197917
0 0.037891 0.141146 0.055078 0.141146 0.055078 0.173438 0.037891 0.173438
0 0.010938 0.123438 0.025781 0.123438 0.025781 0.150521 0.010938 0.150521
0 0.032422 0.213021 0.047266 0.213021 0.047266 0.247396 0.032422 0.247396
0 0.058984 0.214062 0.074609 0.214062 0.074609 0.247396 0.058984 0.247396
0 0.119922 0.20625 0.137891 0.20625 0.137891 0.240104 0.119922 0.240104
0 0.128125 0.020312 0.149219 0.020312 0.149219 0.049479 0.128125 0.049479
0 0.082422 0.007292 0.101172 0.007292 0.101172 0.033333 0.082422 0.033333
0 0.152734 0.000521 0.176562 0.000521 0.176562 0.021354 0.152734 0.021354
0 0.18125 0.048438 0.198047 0.048438 0.198047 0.079688 0.18125 0.079688
0 0.210547 0.063542 0.229297 0.063542 0.229297 0.091667 0.210547 0.091667
0 0.201953 0.024479 0.222656 0.024479 0.222656 0.045833 0.201953 0.045833
0 0.253906 0.0 0.276562 0.0 0.276562 0.019271 0.253906 0.019271
0 0.007422 0.267708 0.023828 0.267708 0.023828 0.298958 0.007422 0.298958
0 0.029297 0.286458 0.049219 0.286458 0.049219 0.314583 0.029297 0.314583
0 0.057422 0.291146 0.075391 0.291146 0.075391 0.328125 0.057422 0.328125
0 0.076953 0.267188 0.100391 0.267188 0.100391 0.288021 0.076953 0.288021
0 0.126562 0.259896 0.145703 0.259896 0.145703 0.289062 0.126562 0.289062
0 0.141016 0.295312 0.163281 0.295312 0.163281 0.323438 0.141016 0.323438
0 0.169531 0.2625 0.187891 0.2625 0.187891 0.2875 0.169531 0.2875
0 0.211328 0.226042 0.226562 0.226042 0.226562 0.254167 0.211328 0.254167
0 0.189844 0.198438 0.208594 0.198438 0.208594 0.230729 0.189844 0.230729
0 0.167969 0.223958 0.185547 0.223958 0.185547 0.248958 0.167969 0.248958
0 0.007812 0.222917 0.027344 0.222917 0.027344 0.249479 0.007812 0.249479
0 0.092578 0.209896 0.109766 0.209896 0.109766 0.235417 0.092578 0.235417
0 0.210156 0.283333 0.232031 0.283333 0.232031 0.309896 0.210156 0.309896
0 0.255078 0.278125 0.275 0.278125 0.275 0.30625 0.255078 0.30625
0 0.283203 0.277083 0.304297 0.277083 0.304297 0.3 0.283203 0.3
0 0.014844 0.345312 0.032031 0.345312 0.032031 0.378646 0.014844 0.378646
0 0.054297 0.361979 0.071875 0.361979 0.071875 0.397917 0.054297 0.397917
0 0.094922 0.360938 0.113281 0.360938 0.113281 0.395833 0.094922 0.395833
0 0.111328 0.33125 0.137891 0.33125 0.137891 0.35625 0.111328 0.35625
0 0.128906 0.373958 0.148438 0.373958 0.148438 0.401042 0.128906 0.401042
0 0.136328 0.439583 0.157422 0.439583 0.157422 0.466146 0.136328 0.466146
0 0.120312 0.422917 0.142578 0.422917 0.142578 0.445833 0.120312 0.445833
0 0.029297 0.383333 0.048047 0.383333 0.048047 0.416146 0.029297 0.416146
0 0.076172 0.392708 0.094922 0.392708 0.094922 0.427083 0.076172 0.427083
0 0.183203 0.351042 0.208594 0.351042 0.208594 0.377083 0.183203 0.377083
0 0.251953 0.320312 0.275391 0.320312 0.275391 0.344792 0.251953 0.344792
0 0.193359 0.398958 0.216016 0.398958 0.216016 0.422396 0.193359 0.422396
0 0.255078 0.391667 0.276172 0.391667 0.276172 0.419271 0.255078 0.419271
0 0.291406 0.376042 0.318359 0.376042 0.318359 0.407292 0.291406 0.407292
0 0.283203 0.340104 0.301953 0.340104 0.301953 0.367188 0.283203 0.367188
0 0.314453 0.345312 0.333203 0.345312 0.333203 0.36875 0.314453 0.36875
0 0.335547 0.394271 0.354297 0.394271 0.354297 0.423958 0.335547 0.423958
0 0.272656 0.422396 0.294922 0.422396 0.294922 0.448958 0.272656 0.448958
0 0.227734 0.445312 0.249219 0.445312 0.249219 0.467708 0.227734 0.467708
0 0.258594 0.470833 0.279688 0.470833 0.279688 0.498438 0.258594 0.498438
0 0.209766 0.484375 0.235938 0.484375 0.235938 0.511979 0.209766 0.511979
0 0.321484 0.467188 0.351562 0.467188 0.351562 0.495312 0.321484 0.495312
0 0.205078 0.176042 0.23125 0.176042 0.23125 0.205729 0.205078 0.205729
0 0.244531 0.186979 0.268359 0.186979 0.268359 0.214583 0.244531 0.214583
0 0.2625 0.207292 0.28125 0.207292 0.28125 0.236458 0.2625 0.236458
0 0.294922 0.190104 0.321484 0.190104 0.321484 0.215104 0.294922 0.215104
0 0.298438 0.217708 0.317188 0.217708 0.317188 0.248958 0.298438 0.248958
0 0.247266 0.038542 0.263672 0.038542 0.263672 0.063542 0.247266 0.063542
0 0.269531 0.068229 0.295703 0.068229 0.295703 0.096354 0.269531 0.096354
0 0.309766 0.005208 0.326172 0.005208 0.326172 0.031771 0.309766 0.031771
0 0.336328 0.029688 0.353125 0.029688 0.353125 0.053646 0.336328 0.053646
0 0.339062 0.080208 0.364453 0.080208 0.364453 0.102604 0.339062 0.102604
0 0.211328 0.1375 0.234766 0.1375 0.234766 0.158854 0.211328 0.158854
0 0.298828 0.142708 0.317969 0.142708 0.317969 0.163542 0.298828 0.163542
0 0.361719 0.128646 0.377734 0.128646 0.377734 0.150521 0.361719 0.150521
0 0.338281 0.171875 0.357812 0.171875 0.357812 0.192708 0.338281 0.192708
0 0.360938 0.047396 0.383984 0.047396 0.383984 0.070312 0.360938 0.070312
0 0.433203 0.0 0.459766 0.0 0.459766 0.022917 0.433203 0.022917
0 0.494141 0.011458 0.514062 0.011458 0.514062 0.038021 0.494141 0.038021
0 0.519141 0.0 0.536328 0.0 0.536328 0.014062 0.519141 0.014062
0 0.547266 0.044792 0.565625 0.044792 0.565625 0.071354 0.547266 0.071354
0 0.384766 0.144271 0.405859 0.144271 0.405859 0.175521 0.384766 0.175521
0 0.433203 0.138021 0.45625 0.138021 0.45625 0.166146 0.433203 0.166146
0 0.45 0.173438 0.467969 0.173438 0.467969 0.198958 0.45 0.198958
0 0.404688 0.198438 0.426172 0.198438 0.426172 0.222396 0.404688 0.222396
0 0.353125 0.220833 0.369141 0.220833 0.369141 0.244271 0.353125 0.244271
0 0.382812 0.260417 0.408984 0.260417 0.408984 0.283854 0.382812 0.283854
0 0.682812 0.001562 0.698828 0.001562 0.698828 0.029167 0.682812 0.029167
0 0.659375 0.032812 0.675 0.032812 0.675 0.060938 0.659375 0.060938
0 0.588672 0.004688 0.610547 0.004688 0.610547 0.033333 0.588672 0.033333
0 0.627734 0.075 0.645703 0.075 0.645703 0.098958 0.627734 0.098958
0 0.647266 0.094271 0.666016 0.094271 0.666016 0.125521 0.647266 0.125521
0 0.626172 0.128646 0.644922 0.128646 0.644922 0.159375 0.626172 0.159375
0 0.602734 0.094271 0.621484 0.094271 0.621484 0.126042 0.602734 0.126042
0 0.579688 0.127604 0.598438 0.127604 0.598438 0.159375 0.579688 0.159375
0 0.561328 0.09375 0.583594 0.09375 0.583594 0.116146 0.561328 0.116146
0 0.547656 0.111979 0.562891 0.111979 0.562891 0.138021 0.547656 0.138021
0 0.677734 0.059375 0.697656 0.059375 0.697656 0.089062 0.677734 0.089062
0 0.579688 0.059896 0.598438 0.059896 0.598438 0.078125 0.579688 0.078125
0 0.698828 0.048958 0.714453 0.048958 0.714453 0.077604 0.698828 0.077604
0 0.719922 0.048438 0.740234 0.048438 0.740234 0.077604 0.719922 0.077604
0 0.687109 0.138021 0.706641 0.138021 0.706641 0.160938 0.687109 0.160938
0 0.712891 0.129688 0.729297 0.129688 0.729297 0.158333 0.712891 0.158333
0 0.645703 0.156771 0.6625 0.156771 0.6625 0.183854 0.645703 0.183854
0 0.767969 0.017188 0.787891 0.017188 0.787891 0.055729 0.767969 0.055729
0 0.718359 0.001042 0.736719 0.001042 0.736719 0.023958 0.718359 0.023958
0 0.808594 0.006771 0.830469 0.006771 0.830469 0.03125 0.808594 0.03125
0 0.829297 0.033333 0.851953 0.033333 0.851953 0.061979 0.829297 0.061979
0 0.858594 0.027604 0.876562 0.027604 0.876562 0.058854 0.858594 0.058854
0 0.8 0.075521 0.820703 0.075521 0.820703 0.103646 0.8 0.103646
0 0.967188 0.018229 0.989453 0.018229 0.989453 0.042188 0.967188 0.042188
0 0.967188 0.076042 0.989453 0.076042 0.989453 0.099479 0.967188 0.099479
0 0.83125 0.186458 0.853516 0.186458 0.853516 0.213542 0.83125 0.213542
0 0.437109 0.198438 0.459375 0.198438 0.459375 0.230208 0.437109 0.230208
0 0.407031 0.132292 0.426172 0.132292 0.426172 0.156771 0.407031 0.156771
0 0.370703 0.331771 0.392188 0.331771 0.392188 0.356771 0.370703 0.356771
0 0.384375 0.2875 0.404297 0.2875 0.404297 0.311458 0.384375 0.311458
0 0.401562 0.317708 0.427344 0.317708 0.427344 0.340625 0.401562 0.340625
0 0.428906 0.341667 0.45 0.341667 0.45 0.366146 0.428906 0.366146
0 0.457031 0.351042 0.475781 0.351042 0.475781 0.378646 0.457031 0.378646
0 0.469531 0.288542 0.489844 0.288542 0.489844 0.311458 0.469531 0.311458
0 0.191016 0.310417 0.212891 0.310417 0.212891 0.334896 0.191016 0.334896
0 0.216797 0.351562 0.232812 0.351562 0.232812 0.375521 0.216797 0.375521
0 0.360547 0.377604 0.38125 0.377604 0.38125 0.401562 0.360547 0.401562
0 0.386328 0.371354 0.411719 0.371354 0.411719 0.4 0.386328 0.4
0 0.411328 0.40625 0.435938 0.40625 0.435938 0.432292 0.411328 0.432292
0 0.608594 0.257812 0.628516 0.257812 0.628516 0.290104 0.608594 0.290104
0 0.692188 0.204688 0.713281 0.204688 0.713281 0.230208 0.692188 0.230208
0 0.718359 0.185417 0.739453 0.185417 0.739453 0.205729 0.718359 0.205729
0 0.725 0.222917 0.74375 0.222917 0.74375 0.25 0.725 0.25
0 0.759766 0.197396 0.776953 0.197396 0.776953 0.226562 0.759766 0.226562
0 0.787891 0.210938 0.809766 0.210938 0.809766 0.2375 0.787891 0.2375
0 0.844531 0.233854 0.869141 0.233854 0.869141 0.256771 0.844531 0.256771
0 0.858203 0.188021 0.875 0.188021 0.875 0.220833 0.858203 0.220833
0 0.890625 0.181771 0.914453 0.181771 0.914453 0.204688 0.890625 0.204688
0 0.907422 0.214583 0.926172 0.214583 0.926172 0.241146 0.907422 0.241146
0 0.885938 0.236979 0.904297 0.236979 0.904297 0.26875 0.885938 0.26875
0 0.939844 0.218229 0.955078 0.218229 0.955078 0.242188 0.939844 0.242188
0 0.917969 0.251042 0.946484 0.251042 0.946484 0.270312 0.917969 0.270312
0 0.928125 0.277604 0.955078 0.277604 0.955078 0.303125 0.928125 0.303125
0 0.644141 0.327604 0.663281 0.327604 0.663281 0.350521 0.644141 0.350521
0 0.672656 0.3 0.691406 0.3 0.691406 0.326562 0.672656 0.326562
0 0.694531 0.276042 0.711328 0.276042 0.711328 0.295312 0.694531 0.295312
0 0.746875 0.286979 0.767969 0.286979 0.767969 0.313542 0.746875 0.313542
0 0.778125 0.286979 0.796484 0.286979 0.796484 0.317188 0.778125 0.317188
0 0.773828 0.25 0.794141 0.25 0.794141 0.279167 0.773828 0.279167
0 0.810547 0.251563 0.831641 0.251563 0.831641 0.289062 0.810547 0.289062
0 0.835156 0.289062 0.855469 0.289062 0.855469 0.322917 0.835156 0.322917
0 0.798047 0.321875 0.819922 0.321875 0.819922 0.350521 0.798047 0.350521
0 0.75 0.323958 0.770312 0.323958 0.770312 0.352604 0.75 0.352604
0 0.869531 0.294792 0.892188 0.294792 0.892188 0.321875 0.869531 0.321875
0 0.889453 0.340625 0.914453 0.340625 0.914453 0.364062 0.889453 0.364062
0 0.847266 0.335938 0.871094 0.335938 0.871094 0.359375 0.847266 0.359375
0 0.963672 0.293229 0.984375 0.293229 0.984375 0.314062 0.963672 0.314062
0 0.953125 0.325 0.98125 0.325 0.98125 0.345833 0.953125 0.345833
0 0.955469 0.376042 0.976562 0.376042 0.976562 0.400521 0.955469 0.400521
0 0.885156 0.380208 0.907422 0.380208 0.907422 0.402083 0.885156 0.402083
0 0.910547 0.416146 0.926953 0.416146 0.926953 0.444792 0.910547 0.444792
0 0.852734 0.375 0.873047 0.375 0.873047 0.399479 0.852734 0.399479
0 0.945703 0.416667 0.971094 0.416667 0.971094 0.438542 0.945703 0.438542
0 0.196484 0.529167 0.223828 0.529167 0.223828 0.554167 0.196484 0.554167
0 0.208984 0.572917 0.235156 0.572917 0.235156 0.59375 0.208984 0.59375
0 0.263672 0.534896 0.283594 0.534896 0.283594 0.557292 0.263672 0.557292
0 0.292578 0.519271 0.315625 0.519271 0.315625 0.545833 0.292578 0.545833
0 0.342578 0.553646 0.362109 0.553646 0.362109 0.578646 0.342578 0.578646
0 0.389453 0.598958 0.410938 0.598958 0.410938 0.625 0.389453 0.625
0 0.298438 0.552083 0.319141 0.552083 0.319141 0.578646 0.298438 0.578646
0 0.264062 0.601042 0.287891 0.601042 0.287891 0.627604 0.264062 0.627604
0 0.293359 0.638021 0.321484 0.638021 0.321484 0.661458 0.293359 0.661458
0 0.3625 0.574479 0.382422 0.574479 0.382422 0.607292 0.3625 0.607292
0 0.355078 0.514583 0.376953 0.514583 0.376953 0.542708 0.355078 0.542708
0 0.33125 0.514583 0.349219 0.514583 0.349219 0.541667 0.33125 0.541667
0 0.401562 0.482812 0.419531 0.482812 0.419531 0.5125 0.401562 0.5125
0 0.426953 0.471875 0.444922 0.471875 0.444922 0.497917 0.426953 0.497917
0 0.428906 0.505729 0.448047 0.505729 0.448047 0.535938 0.428906 0.535938
0 0.4625 0.5125 0.480469 0.5125 0.480469 0.542188 0.4625 0.542188
0 0.406641 0.558333 0.422266 0.558333 0.422266 0.585417 0.406641 0.585417
0 0.573438 0.355729 0.590625 0.355729 0.590625 0.382292 0.573438 0.382292
0 0.544922 0.373958 0.5625 0.373958 0.5625 0.401562 0.544922 0.401562
0 0.565234 0.394792 0.584375 0.394792 0.584375 0.429688 0.565234 0.429688
0 0.537891 0.411979 0.560547 0.411979 0.560547 0.444271 0.537891 0.444271
0 0.453906 0.455729 0.474609 0.455729 0.474609 0.481771 0.453906 0.481771
0 0.476953 0.477083 0.498047 0.477083 0.498047 0.498438 0.476953 0.498438
0 0.535156 0.497917 0.553516 0.497917 0.553516 0.525521 0.535156 0.525521
0 0.579297 0.501562 0.600391 0.501562 0.600391 0.528646 0.579297 0.528646
0 0.51875 0.553646 0.532422 0.553646 0.532422 0.582292 0.51875 0.582292
0 0.709766 0.351562 0.735547 0.351562 0.735547 0.377083 0.709766 0.377083
0 0.733203 0.394792 0.752734 0.394792 0.752734 0.419271 0.733203 0.419271
0 0.774219 0.400521 0.791406 0.400521 0.791406 0.431771 0.774219 0.431771
0 0.796484 0.382812 0.811719 0.382812 0.811719 0.4125 0.796484 0.4125
0 0.818359 0.394792 0.838281 0.394792 0.838281 0.427604 0.818359 0.427604
0 0.832812 0.427604 0.852734 0.427604 0.852734 0.459896 0.832812 0.459896
0 0.866406 0.448438 0.888281 0.448438 0.888281 0.473438 0.866406 0.473438
0 0.696875 0.454688 0.719531 0.454688 0.719531 0.475521 0.696875 0.475521
0 0.729297 0.451042 0.748438 0.451042 0.748438 0.475 0.729297 0.475
0 0.011328 0.655208 0.037109 0.655208 0.037109 0.6875 0.011328 0.6875
0 0.048438 0.625521 0.075391 0.625521 0.075391 0.652083 0.048438 0.652083
0 0.075 0.669271 0.101172 0.669271 0.101172 0.698958 0.075 0.698958
0 0.129688 0.672396 0.150781 0.672396 0.150781 0.698958 0.129688 0.698958
0 0.132422 0.636458 0.158203 0.636458 0.158203 0.659896 0.132422 0.659896
0 0.040234 0.695833 0.062109 0.695833 0.062109 0.726562 0.040234 0.726562
0 0.003125 0.706771 0.029688 0.706771 0.029688 0.735417 0.003125 0.735417
0 0.044141 0.746354 0.067969 0.746354 0.067969 0.76875 0.044141 0.76875
0 0.048828 0.783854 0.075 0.783854 0.075 0.808333 0.048828 0.808333
0 0.089062 0.754167 0.111328 0.754167 0.111328 0.783854 0.089062 0.783854
0 0.099609 0.725 0.120312 0.725 0.120312 0.757292 0.099609 0.757292
0 0.124219 0.725 0.144922 0.725 0.144922 0.749479 0.124219 0.749479
0 0.128516 0.766667 0.148828 0.766667 0.148828 0.788542 0.128516 0.788542
0 0.204688 0.719271 0.226172 0.719271 0.226172 0.74375 0.204688 0.74375
0 0.247656 0.743229 0.271484 0.743229 0.271484 0.763542 0.247656 0.763542
0 0.285547 0.726562 0.311328 0.726562 0.311328 0.755729 0.285547 0.755729
0 0.280078 0.791146 0.305859 0.791146 0.305859 0.816667 0.280078 0.816667
0 0.272656 0.829167 0.297656 0.829167 0.297656 0.853646 0.272656 0.853646
0 0.240625 0.693229 0.269141 0.693229 0.269141 0.720312 0.240625 0.720312
0 0.01875 0.811979 0.038281 0.811979 0.038281 0.845312 0.01875 0.845312
0 0.050781 0.832292 0.072656 0.832292 0.072656 0.85625 0.050781 0.85625
0 0.089453 0.817188 0.108984 0.817188 0.108984 0.836979 0.089453 0.836979
0 0.052344 0.881771 0.071094 0.881771 0.071094 0.90625 0.052344 0.90625
0 0.032812 0.9125 0.057031 0.9125 0.057031 0.933854 0.032812 0.933854
0 0.032031 0.95625 0.053125 0.95625 0.053125 0.983854 0.032031 0.983854
0 0.073438 0.934896 0.092578 0.934896 0.092578 0.965104 0.073438 0.965104
0 0.099219 0.922396 0.116016 0.922396 0.116016 0.955729 0.099219 0.955729
0 0.128906 0.936458 0.152734 0.936458 0.152734 0.958854 0.128906 0.958854
0 0.145703 0.89375 0.169141 0.89375 0.169141 0.915104 0.145703 0.915104
0 0.091797 0.872396 0.111328 0.872396 0.111328 0.905208 0.091797 0.905208
0 0.123438 0.845312 0.141016 0.845312 0.141016 0.871354 0.123438 0.871354
0 0.153906 0.858333 0.178125 0.858333 0.178125 0.881771 0.153906 0.881771
0 0.145312 0.978125 0.16875 0.978125 0.16875 0.999479 0.145312 0.999479
0 0.194141 0.771354 0.218359 0.771354 0.218359 0.794792 0.194141 0.794792
0 0.242969 0.776562 0.267969 0.776562 0.267969 0.800521 0.242969 0.800521
0 0.227344 0.81875 0.253906 0.81875 0.253906 0.841146 0.227344 0.841146
0 0.4375 0.592708 0.460938 0.592708 0.460938 0.622396 0.4375 0.622396
0 0.480859 0.613021 0.501172 0.613021 0.501172 0.641146 0.480859 0.641146
0 0.510938 0.598958 0.530469 0.598958 0.530469 0.624479 0.510938 0.624479
0 0.553516 0.594271 0.571484 0.594271 0.571484 0.629688 0.553516 0.629688
0 0.483984 0.572917 0.507422 0.572917 0.507422 0.595312 0.483984 0.595312
0 0.485547 0.520312 0.507422 0.520312 0.507422 0.550521 0.485547 0.550521
0 0.548828 0.523438 0.571484 0.523438 0.571484 0.553125 0.548828 0.553125
0 0.591797 0.536458 0.613672 0.536458 0.613672 0.5625 0.591797 0.5625
0 0.589062 0.58125 0.612891 0.58125 0.612891 0.609375 0.589062 0.609375
0 0.523438 0.627083 0.545703 0.627083 0.545703 0.65 0.523438 0.65
0 0.446094 0.626042 0.463281 0.626042 0.463281 0.652604 0.446094 0.652604
0 0.501562 0.665625 0.522656 0.665625 0.522656 0.691146 0.501562 0.691146
0 0.53125 0.702083 0.555078 0.702083 0.555078 0.725521 0.53125 0.725521
0 0.569141 0.682292 0.587891 0.682292 0.587891 0.706771 0.569141 0.706771
0 0.571484 0.633333 0.595312 0.633333 0.595312 0.661458 0.571484 0.661458
0 0.596484 0.696354 0.617188 0.696354 0.617188 0.719271 0.596484 0.719271
0 0.615234 0.648958 0.638672 0.648958 0.638672 0.675521 0.615234 0.675521
0 0.612891 0.610417 0.633984 0.610417 0.633984 0.635417 0.612891 0.635417
0 0.623438 0.579688 0.644531 0.579688 0.644531 0.604167 0.623438 0.604167
0 0.192578 0.978646 0.221875 0.978646 0.221875 0.999479 0.192578 0.999479
0 0.184375 0.930729 0.204297 0.930729 0.204297 0.955208 0.184375 0.955208
0 0.206641 0.860417 0.232422 0.860417 0.232422 0.885938 0.206641 0.885938
0 0.297266 0.875 0.317188 0.875 0.317188 0.903646 0.297266 0.903646
0 0.203125 0.889062 0.228516 0.889062 0.228516 0.909375 0.203125 0.909375
0 0.2625 0.920312 0.289062 0.920312 0.289062 0.94375 0.2625 0.94375
0 0.267969 0.966667 0.293359 0.966667 0.293359 0.990104 0.267969 0.990104
0 0.355078 0.928646 0.376562 0.928646 0.376562 0.960938 0.355078 0.960938
0 0.238281 0.890104 0.258594 0.890104 0.258594 0.910417 0.238281 0.910417
0 0.183594 0.836979 0.206641 0.836979 0.206641 0.861979 0.183594 0.861979
0 0.150391 0.811979 0.171484 0.811979 0.171484 0.832292 0.150391 0.832292
0 0.187109 0.805729 0.214062 0.805729 0.214062 0.829167 0.187109 0.829167
0 0.403906 0.638021 0.423047 0.638021 0.423047 0.669792 0.403906 0.669792
0 0.457031 0.671354 0.479297 0.671354 0.479297 0.696354 0.457031 0.696354
0 0.660938 0.445833 0.68125 0.445833 0.68125 0.470833 0.660938 0.470833
0 0.621875 0.506771 0.641016 0.506771 0.641016 0.535417 0.621875 0.535417
0 0.694141 0.50625 0.725 0.50625 0.725 0.531771 0.694141 0.531771
0 0.722656 0.538542 0.740625 0.538542 0.740625 0.569271 0.722656 0.569271
0 0.628516 0.548438 0.646484 0.548438 0.646484 0.570833 0.628516 0.570833
0 0.664062 0.5375 0.680469 0.5375 0.680469 0.560938 0.664062 0.560938
0 0.944922 0.554688 0.973047 0.554688 0.973047 0.577604 0.944922 0.577604
0 0.863281 0.577604 0.886719 0.577604 0.886719 0.606771 0.863281 0.606771
0 0.911719 0.596354 0.9375 0.596354 0.9375 0.617188 0.911719 0.617188
0 0.966016 0.584375 0.990234 0.584375 0.990234 0.609896 0.966016 0.609896
0 0.819531 0.604688 0.842578 0.604688 0.842578 0.626562 0.819531 0.626562
0 0.878125 0.623958 0.902734 0.623958 0.902734 0.650521 0.878125 0.650521
0 0.940234 0.632292 0.959766 0.632292 0.959766 0.654167 0.940234 0.654167
0 0.975781 0.634896 0.997266 0.634896 0.997266 0.660938 0.975781 0.660938
0 0.658984 0.598438 0.672266 0.598438 0.672266 0.620312 0.658984 0.620312
0 0.763281 0.640625 0.782422 0.640625 0.782422 0.667188 0.763281 0.667188
0 0.775 0.669792 0.797656 0.669792 0.797656 0.695833 0.775 0.695833
0 0.817969 0.665104 0.835156 0.665104 0.835156 0.694271 0.817969 0.694271
0 0.797266 0.628646 0.817969 0.628646 0.817969 0.650521 0.797266 0.650521
0 0.847656 0.657812 0.863672 0.657812 0.863672 0.685417 0.847656 0.685417
0 0.878906 0.665625 0.902734 0.665625 0.902734 0.688542 0.878906 0.688542
0 0.91875 0.698438 0.941016 0.698438 0.941016 0.719271 0.91875 0.719271
0 0.905469 0.730729 0.930859 0.730729 0.930859 0.750521 0.905469 0.750521
0 0.946094 0.674479 0.969531 0.674479 0.969531 0.69375 0.946094 0.69375
0 0.984766 0.70625 0.999609 0.70625 0.999609 0.727083 0.984766 0.727083
0 0.750391 0.715104 0.774219 0.715104 0.774219 0.738021 0.750391 0.738021
0 0.804297 0.713021 0.827344 0.713021 0.827344 0.735938 0.804297 0.735938
0 0.863281 0.719792 0.885938 0.719792 0.885938 0.742188 0.863281 0.742188
0 0.864062 0.759896 0.885938 0.759896 0.885938 0.784375 0.864062 0.784375
0 0.913672 0.777604 0.937891 0.777604 0.937891 0.802083 0.913672 0.802083
0 0.81875 0.803646 0.842969 0.803646 0.842969 0.823438 0.81875 0.823438
0 0.860547 0.820833 0.885938 0.820833 0.885938 0.845833 0.860547 0.845833
0 0.740234 0.778646 0.763672 0.778646 0.763672 0.797917 0.740234 0.797917
0 0.795703 0.742188 0.821094 0.742188 0.821094 0.769271 0.795703 0.769271
0 0.715234 0.835417 0.738672 0.835417 0.738672 0.853125 0.715234 0.853125
0 0.756641 0.824479 0.787109 0.824479 0.787109 0.846875 0.756641 0.846875
0 0.790625 0.846875 0.817969 0.846875 0.817969 0.86875 0.790625 0.86875
0 0.783203 0.928125 0.812109 0.928125 0.812109 0.953646 0.783203 0.953646
0 0.773438 0.893229 0.801562 0.893229 0.801562 0.916146 0.773438 0.916146
0 0.819531 0.861979 0.848438 0.861979 0.848438 0.891146 0.819531 0.891146
0 0.823438 0.896875 0.848438 0.896875 0.848438 0.921875 0.823438 0.921875
0 0.859766 0.899479 0.878906 0.899479 0.878906 0.923438 0.859766 0.923438
0 0.873828 0.944792 0.901562 0.944792 0.901562 0.96875 0.873828 0.96875
0 0.822266 0.953646 0.846094 0.953646 0.846094 0.974479 0.822266 0.974479
0 0.829688 0.928125 0.858984 0.928125 0.858984 0.952083 0.829688 0.952083
0 0.877734 0.916667 0.900391 0.916667 0.900391 0.939062 0.877734 0.939062
0 0.883203 0.881771 0.908594 0.881771 0.908594 0.90625 0.883203 0.90625
0 0.900781 0.811979 0.919531 0.811979 0.919531 0.8375 0.900781 0.8375
0 0.924219 0.805729 0.948438 0.805729 0.948438 0.828125 0.924219 0.828125
0 0.968359 0.748438 0.994922 0.748438 0.994922 0.773438 0.968359 0.773438
0 0.475 0.778646 0.501172 0.778646 0.501172 0.803646 0.475 0.803646
0 0.447656 0.785938 0.464844 0.785938 0.464844 0.815625 0.447656 0.815625
0 0.423047 0.816667 0.446484 0.816667 0.446484 0.842188 0.423047 0.842188
0 0.400781 0.860417 0.421875 0.860417 0.421875 0.890625 0.400781 0.890625
0 0.448438 0.865104 0.474219 0.865104 0.474219 0.883854 0.448438 0.883854
0 0.494922 0.839062 0.525 0.839062 0.525 0.860417 0.494922 0.860417
0 0.521875 0.877604 0.545312 0.877604 0.545312 0.9 0.521875 0.9
0 0.557812 0.885417 0.585938 0.885417 0.585938 0.90625 0.557812 0.90625
0 0.544141 0.851042 0.566016 0.851042 0.566016 0.872396 0.544141 0.872396
0 0.582422 0.827083 0.605078 0.827083 0.605078 0.851042 0.582422 0.851042
0 0.452734 0.830729 0.479297 0.830729 0.479297 0.852083 0.452734 0.852083
0 0.425391 0.921875 0.449609 0.921875 0.449609 0.943229 0.425391 0.943229
0 0.402734 0.966146 0.430859 0.966146 0.430859 0.988542 0.402734 0.988542
0 0.452344 0.96875 0.478125 0.96875 0.478125 0.995833 0.452344 0.995833
0 0.524609 0.960938 0.541406 0.960938 0.541406 0.985938 0.524609 0.985938
0 0.545312 0.941667 0.570703 0.941667 0.570703 0.963021 0.545312 0.963021
0 0.523828 0.910417 0.551953 0.910417 0.551953 0.933854 0.523828 0.933854
0 0.591797 0.915104 0.609766 0.915104 0.609766 0.945312 0.591797 0.945312
0 0.563672 0.981771 0.584375 0.981771 0.584375 0.999479 0.563672 0.999479