0 0.108594 0.041146 0.130078 0.041146 0.130078 0.066146 0.108594 0.066146
0 0.137891 0.007292 0.156641 0.007292 0.156641 0.041146 0.137891 0.041146
0 0.185547 0.002083 0.212109 0.002083 0.212109 0.025521 0.185547 0.025521
0 0.100391 0.074479 0.120703 0.074479 0.120703 0.095833 0.100391 0.095833
0 0.132031 0.088021 0.149219 0.088021 0.149219 0.120833 0.132031 0.120833
0 0.185156 0.063021 0.203125 0.063021 0.203125 0.089062 0.185156 0.089062
0 0.219141 0.075521 0.235938 0.075521 0.235938 0.106771 0.219141 0.106771
0 0.25 0.016667 0.268359 0.016667 0.268359 0.047917 0.25 0.047917
0 0.273828 0.036458 0.291797 0.036458 0.291797 0.0625 0.273828 0.0625
0 0.333203 0.009896 0.352734 0.009896 0.352734 0.043229 0.333203 0.043229
0 0.3 0.038542 0.321484 0.038542 0.321484 0.065625 0.3 0.065625
0 0.227734 0.0 0.25 0.0 0.25 0.015625 0.227734 0.015625
0 0.245703 0.066667 0.261328 0.066667 0.261328 0.094271 0.245703 0.094271
0 0.265625 0.088021 0.287109 0.088021 0.287109 0.108333 0.265625 0.108333
0 0.301562 0.071875 0.319922 0.071875 0.319922 0.095833 0.301562 0.095833
0 0.342578 0.070312 0.363672 0.070312 0.363672 0.102604 0.342578 0.102604
0 0.375781 0.073438 0.395312 0.073438 0.395312 0.101042 0.375781 0.101042
0 0.386328 0.028646 0.407422 0.028646 0.407422 0.053646 0.386328 0.053646
0 0.408984 0.001042 0.432812 0.001042 0.432812 0.017708 0.408984 0.017708
0 0.479297 0.0 0.499219 0.0 0.499219 0.024479 0.479297 0.024479
0 0.430469 0.03125 0.451172 0.03125 0.451172 0.053125 0.430469 0.053125
0 0.446094 0.067708 0.46875 0.067708 0.46875 0.089062 0.446094 0.089062
0 0.401172 0.094271 0.423828 0.094271 0.423828 0.116667 0.401172 0.116667
0 0.4375 0.110938 0.463281 0.110938 0.463281 0.132812 0.4375 0.132812
0 0.365625 0.117188 0.385938 0.117188 0.385938 0.145833 0.365625 0.145833
0 0.178516 0.119792 0.204297 0.119792 0.204297 0.142188 0.178516 0.142188
0 0.101562 0.117708 0.123828 0.117708 0.123828 0.141667 0.101562 0.141667
0 0.153516 0.175521 0.171875 0.175521 0.171875 0.200521 0.153516 0.200521
0 0.230469 0.141146 0.246875 0.141146 0.246875 0.171875 0.230469 0.171875
0 0.294141 0.140625 0.31875 0.140625 0.31875 0.166146 0.294141 0.166146
0 0.33125 0.145833 0.348047 0.145833 0.348047 0.172396 0.33125 0.172396
0 0.40625 0.149479 0.430078 0.149479 0.430078 0.175 0.40625 0.175
0 0.449219 0.155208 0.471484 0.155208 0.471484 0.176562 0.449219 0.176562
0 0.380078 0.176042 0.399609 0.176042 0.399609 0.198438 0.380078 0.198438
0 0.415625 0.19375 0.440234 0.19375 0.440234 0.213021 0.415625 0.213021
0 0.340234 0.197396 0.366406 0.197396 0.366406 0.223438 0.340234 0.223438
0 0.402734 0.227604 0.423828 0.227604 0.423828 0.257292 0.402734 0.257292
0 0.182812 0.194792 0.207422 0.194792 0.207422 0.220833 0.182812 0.220833
0 0.234375 0.200521 0.252734 0.200521 0.252734 0.228646 0.234375 0.228646
0 0.261719 0.190104 0.277734 0.190104 0.277734 0.218229 0.261719 0.218229
0 0.293359 0.197396 0.309766 0.197396 0.309766 0.225521 0.293359 0.225521
0 0.122656 0.199479 0.141797 0.199479 0.141797 0.226562 0.122656 0.226562
0 0.154688 0.242708 0.169922 0.242708 0.169922 0.270833 0.154688 0.270833
0 0.186328 0.247917 0.207031 0.247917 0.207031 0.273958 0.186328 0.273958
0 0.233984 0.235938 0.257422 0.235938 0.257422 0.258333 0.233984 0.258333
0 0.272656 0.236458 0.296484 0.236458 0.296484 0.267708 0.272656 0.267708
0 0.310938 0.263021 0.338672 0.263021 0.338672 0.285417 0.310938 0.285417
0 0.364453 0.242708 0.390625 0.242708 0.390625 0.270833 0.364453 0.270833
0 0.218359 0.295833 0.240234 0.295833 0.240234 0.321875 0.218359 0.321875
0 0.303125 0.305208 0.326172 0.305208 0.326172 0.327083 0.303125 0.327083
0 0.333594 0.297917 0.354297 0.297917 0.354297 0.327083 0.333594 0.327083
0 0.362891 0.292708 0.383594 0.292708 0.383594 0.320833 0.362891 0.320833
0 0.384375 0.278125 0.403906 0.278125 0.403906 0.300521 0.384375 0.300521
0 0.386719 0.311979 0.407422 0.311979 0.407422 0.341146 0.386719 0.341146
0 0.287109 0.363542 0.30625 0.363542 0.30625 0.389062 0.287109 0.389062
0 0.316016 0.34375 0.337109 0.34375 0.337109 0.372917 0.316016 0.372917
0 0.364062 0.359375 0.383984 0.359375 0.383984 0.380729 0.364062 0.380729
0 0.428906 0.359896 0.446094 0.359896 0.446094 0.379167 0.428906 0.379167
0 0.457031 0.336979 0.480859 0.336979 0.480859 0.364062 0.457031 0.364062
0 0.467578 0.284375 0.488672 0.284375 0.488672 0.311979 0.467578 0.311979
0 0.052734 0.365625 0.069141 0.365625 0.069141 0.394271 0.052734 0.394271
0 0.091016 0.359375 0.110547 0.359375 0.110547 0.393229 0.091016 0.393229
0 0.124219 0.407292 0.148828 0.407292 0.148828 0.43125 0.124219 0.43125
0 0.173438 0.443229 0.192578 0.443229 0.192578 0.476042 0.173438 0.476042
0 0.076172 0.410938 0.096875 0.410938 0.096875 0.435938 0.076172 0.435938
0 0.094922 0.461979 0.115625 0.461979 0.115625 0.486458 0.094922 0.486458
0 0.133594 0.455208 0.157031 0.455208 0.157031 0.481771 0.133594 0.481771
0 0.047266 0.461979 0.060156 0.461979 0.060156 0.490625 0.047266 0.490625
0 0.072266 0.473438 0.085547 0.473438 0.085547 0.502604 0.072266 0.502604
0 0.048047 0.498958 0.067969 0.498958 0.067969 0.520833 0.048047 0.520833
0 0.11875 0.516667 0.139453 0.516667 0.139453 0.54375 0.11875 0.54375
0 0.169141 0.520312 0.188281 0.520312 0.188281 0.54375 0.169141 0.54375
0 0.048828 0.538021 0.067578 0.538021 0.067578 0.560417 0.048828 0.560417
0 0.096094 0.532812 0.114844 0.532812 0.114844 0.559375 0.096094 0.559375
0 0.149219 0.547396 0.167578 0.547396 0.167578 0.575 0.149219 0.575
0 0.021094 0.361979 0.040234 0.361979 0.040234 0.394271 0.021094 0.394271
0 0.034375 0.407812 0.056641 0.407812 0.056641 0.433333 0.034375 0.433333
0 0.011328 0.499479 0.033203 0.499479 0.033203 0.530729 0.011328 0.530729
0 0.000391 0.550521 0.017188 0.550521 0.017188 0.575 0.000391 0.575
0 0.332422 0.39375 0.355078 0.39375 0.355078 0.414062 0.332422 0.414062
0 0.296094 0.507292 0.310547 0.507292 0.310547 0.533854 0.296094 0.533854
0 0.279297 0.522917 0.294531 0.522917 0.294531 0.547396 0.279297 0.547396
0 0.242188 0.568229 0.258984 0.568229 0.258984 0.598438 0.242188 0.598438
0 0.114453 0.586458 0.135156 0.586458 0.135156 0.607812 0.114453 0.607812
0 0.429297 0.430729 0.451562 0.430729 0.451562 0.453125 0.429297 0.453125
0 0.450781 0.384375 0.480859 0.384375 0.480859 0.400521 0.450781 0.400521
0 0.483203 0.235417 0.500781 0.235417 0.500781 0.264062 0.483203 0.264062
0 0.505469 0.283854 0.522266 0.283854 0.522266 0.308333 0.505469 0.308333
0 0.536328 0.277604 0.553906 0.277604 0.553906 0.307292 0.536328 0.307292
0 0.514062 0.236458 0.533203 0.236458 0.533203 0.265104 0.514062 0.265104
0 0.537109 0.214062 0.555469 0.214062 0.555469 0.238542 0.537109 0.238542
0 0.576953 0.192188 0.601562 0.192188 0.601562 0.216667 0.576953 0.216667
0 0.567188 0.132812 0.588672 0.132812 0.588672 0.154167 0.567188 0.154167
0 0.579297 0.095833 0.603125 0.095833 0.603125 0.121354 0.579297 0.121354
0 0.610938 0.067188 0.635547 0.067188 0.635547 0.089583 0.610938 0.089583
0 0.705859 0.076562 0.726172 0.076562 0.726172 0.105729 0.705859 0.105729
0 0.621094 0.09375 0.648438 0.09375 0.648438 0.123438 0.621094 0.123438
0 0.614062 0.129688 0.634766 0.129688 0.634766 0.153125 0.614062 0.153125
0 0.631641 0.147396 0.65625 0.147396 0.65625 0.165625 0.631641 0.165625
0 0.617969 0.182292 0.637891 0.182292 0.637891 0.208333 0.617969 0.208333
0 0.680859 0.141146 0.704688 0.141146 0.704688 0.166667 0.680859 0.166667
0 0.649609 0.194271 0.66875 0.194271 0.66875 0.215625 0.649609 0.215625
0 0.686328 0.179167 0.705469 0.179167 0.705469 0.198438 0.686328 0.198438
0 0.675 0.209896 0.694141 0.209896 0.694141 0.240625 0.675 0.240625
0 0.720312 0.202604 0.743359 0.202604 0.743359 0.229167 0.720312 0.229167
0 0.600781 0.247917 0.626172 0.247917 0.626172 0.274479 0.600781 0.274479
0 0.566406 0.275521 0.587109 0.275521 0.587109 0.298958 0.566406 0.298958
0 0.507031 0.322917 0.530859 0.322917 0.530859 0.352083 0.507031 0.352083
0 0.565625 0.322917 0.59375 0.322917 0.59375 0.351042 0.565625 0.351042
0 0.517188 0.364583 0.540625 0.364583 0.540625 0.389062 0.517188 0.389062
0 0.609375 0.305208 0.631641 0.305208 0.631641 0.326562 0.609375 0.326562
0 0.637109 0.280729 0.658594 0.280729 0.658594 0.30625 0.637109 0.30625
0 0.6625 0.259896 0.686328 0.259896 0.686328 0.282292 0.6625 0.282292
0 0.776562 0.008333 0.798828 0.008333 0.798828 0.035938 0.776562 0.035938
0 0.832031 0.011458 0.852734 0.011458 0.852734 0.034896 0.832031 0.034896
0 0.847266 0.042708 0.864062 0.042708 0.864062 0.059896 0.847266 0.059896
0 0.878125 0.034375 0.894922 0.034375 0.894922 0.057812 0.878125 0.057812
0 0.81875 0.077604 0.842578 0.077604 0.842578 0.109896 0.81875 0.109896
0 0.864453 0.183333 0.887891 0.183333 0.887891 0.214583 0.864453 0.214583
0 0.878125 0.121354 0.896484 0.121354 0.896484 0.15 0.878125 0.15
0 0.825 0.241667 0.840234 0.241667 0.840234 0.268229 0.825 0.268229
0 0.853516 0.235417 0.871875 0.235417 0.871875 0.261979 0.853516 0.261979
0 0.845703 0.279688 0.8625 0.279688 0.8625 0.310417 0.845703 0.310417
0 0.871094 0.311458 0.887109 0.311458 0.887109 0.340104 0.871094 0.340104
0 0.749609 0.270312 0.765625 0.270312 0.765625 0.292708 0.749609 0.292708
0 0.705859 0.292708 0.728516 0.292708 0.728516 0.320312 0.705859 0.320312
0 0.679688 0.3125 0.697656 0.3125 0.697656 0.342188 0.679688 0.342188
0 0.776562 0.286979 0.793359 0.286979 0.793359 0.317188 0.776562 0.317188
0 0.799609 0.308333 0.814062 0.308333 0.814062 0.333854 0.799609 0.333854
0 0.771094 0.346354 0.789453 0.346354 0.789453 0.371875 0.771094 0.371875
0 0.739453 0.386458 0.758594 0.386458 0.758594 0.414062 0.739453 0.414062
0 0.787109 0.379167 0.814844 0.379167 0.814844 0.404688 0.787109 0.404688
0 0.775781 0.416146 0.798047 0.416146 0.798047 0.447917 0.775781 0.447917
0 0.557031 0.377083 0.587109 0.377083 0.587109 0.398438 0.557031 0.398438
0 0.619531 0.344271 0.641797 0.344271 0.641797 0.366667 0.619531 0.366667
0 0.644922 0.380208 0.667969 0.380208 0.667969 0.408854 0.644922 0.408854
0 0.692578 0.378125 0.716406 0.378125 0.716406 0.414062 0.692578 0.414062
0 0.598047 0.401562 0.623828 0.401562 0.623828 0.425 0.598047 0.425
0 0.541016 0.416146 0.560938 0.416146 0.560938 0.445833 0.541016 0.445833
0 0.508594 0.429688 0.531641 0.429688 0.531641 0.457812 0.508594 0.457812
0 0.479297 0.448958 0.502344 0.448958 0.502344 0.477604 0.479297 0.477604
0 0.453906 0.444792 0.470703 0.444792 0.470703 0.466146 0.453906 0.466146
0 0.458594 0.484896 0.482422 0.484896 0.482422 0.502083 0.458594 0.502083
0 0.440625 0.51875 0.460547 0.51875 0.460547 0.543229 0.440625 0.543229
0 0.468359 0.523958 0.489453 0.523958 0.489453 0.548438 0.468359 0.548438
0 0.500391 0.49375 0.519141 0.49375 0.519141 0.521875 0.500391 0.521875
0 0.534375 0.476042 0.553516 0.476042 0.553516 0.504167 0.534375 0.504167
0 0.570312 0.438542 0.592188 0.438542 0.592188 0.467708 0.570312 0.467708
0 0.601172 0.438542 0.619531 0.438542 0.619531 0.466667 0.601172 0.466667
0 0.642578 0.444792 0.6625 0.444792 0.6625 0.480729 0.642578 0.480729
0 0.66875 0.472917 0.690234 0.472917 0.690234 0.500521 0.66875 0.500521
0 0.705078 0.461979 0.723438 0.461979 0.723438 0.492708 0.705078 0.492708
0 0.751172 0.438542 0.767969 0.438542 0.767969 0.468229 0.751172 0.468229
0 0.729688 0.482812 0.75 0.482812 0.75 0.508333 0.729688 0.508333
0 0.608984 0.495312 0.626562 0.495312 0.626562 0.519792 0.608984 0.519792
0 0.630859 0.522396 0.651562 0.522396 0.651562 0.546354 0.630859 0.546354
0 0.666406 0.525521 0.682422 0.525521 0.682422 0.553125 0.666406 0.553125
0 0.684766 0.54375 0.698047 0.54375 0.698047 0.565625 0.684766 0.565625
0 0.713281 0.521875 0.729297 0.521875 0.729297 0.552604 0.713281 0.552604
0 0.559375 0.534896 0.578906 0.534896 0.578906 0.561458 0.559375 0.561458
0 0.586328 0.526562 0.601953 0.526562 0.601953 0.563021 0.586328 0.563021
0 0.503516 0.563542 0.528516 0.563542 0.528516 0.584896 0.503516 0.584896
0 0.309375 0.546354 0.328906 0.546354 0.328906 0.577604 0.309375 0.577604
0 0.157031 0.380729 0.178125 0.380729 0.178125 0.418229 0.157031 0.418229
0 0.734766 0.344792 0.755859 0.344792 0.755859 0.367188 0.734766 0.367188
0 0.573438 0.223958 0.597656 0.223958 0.597656 0.246354 0.573438 0.246354
0 0.466406 0.578646 0.49375 0.578646 0.49375 0.601042 0.466406 0.601042
0 0.489453 0.628646 0.511719 0.628646 0.511719 0.658333 0.489453 0.658333
0 0.518359 0.611458 0.540234 0.611458 0.540234 0.645312 0.518359 0.645312
0 0.541406 0.594792 0.564062 0.594792 0.564062 0.620833 0.541406 0.620833
0 0.603516 0.565104 0.627344 0.565104 0.627344 0.590625 0.603516 0.590625
0 0.637109 0.591667 0.655078 0.591667 0.655078 0.616667 0.637109 0.616667
0 0.597266 0.613542 0.618359 0.613542 0.618359 0.636979 0.597266 0.636979
0 0.564062 0.623438 0.579297 0.623438 0.579297 0.647917 0.564062 0.647917
0 0.522656 0.661979 0.544141 0.661979 0.544141 0.684375 0.522656 0.684375
0 0.601172 0.646875 0.622266 0.646875 0.622266 0.66875 0.601172 0.66875
0 0.551172 0.660417 0.570703 0.660417 0.570703 0.680729 0.551172 0.680729
0 0.290625 0.607292 0.307812 0.607292 0.307812 0.642188 0.290625 0.642188
0 0.342188 0.592708 0.365234 0.592708 0.365234 0.620833 0.342188 0.620833
0 0.365234 0.616667 0.382812 0.616667 0.382812 0.645833 0.365234 0.645833
0 0.332031 0.649479 0.357031 0.649479 0.357031 0.675 0.332031 0.675
0 0.388281 0.648958 0.414062 0.648958 0.414062 0.672396 0.388281 0.672396
0 0.4 0.688021 0.423828 0.688021 0.423828 0.709896 0.4 0.709896
0 0.369922 0.680208 0.390625 0.680208 0.390625 0.698958 0.369922 0.698958
0 0.3375 0.694271 0.362109 0.694271 0.362109 0.721354 0.3375 0.721354
0 0.298047 0.691146 0.314844 0.691146 0.314844 0.721875 0.298047 0.721875
0 0.274219 0.654688 0.287891 0.654688 0.287891 0.685417 0.274219 0.685417
0 0.242188 0.641667 0.259375 0.641667 0.259375 0.673958 0.242188 0.673958
0 0.230078 0.604167 0.244531 0.604167 0.244531 0.629688 0.230078 0.629688
0 0.205078 0.647917 0.222266 0.647917 0.222266 0.679688 0.205078 0.679688
0 0.217578 0.688021 0.235938 0.688021 0.235938 0.715625 0.217578 0.715625
0 0.188672 0.698438 0.202344 0.698438 0.202344 0.723958 0.188672 0.723958
0 0.013672 0.594792 0.034766 0.594792 0.034766 0.616146 0.013672 0.616146
0 0.0625 0.613021 0.091797 0.613021 0.091797 0.638542 0.0625 0.638542
0 0.128906 0.617708 0.155859 0.617708 0.155859 0.645833 0.128906 0.645833
0 0.063672 0.663542 0.087109 0.663542 0.087109 0.694792 0.063672 0.694792
0 0.099219 0.653646 0.118359 0.653646 0.118359 0.680208 0.099219 0.680208
0 0.121094 0.682812 0.1375 0.682812 0.1375 0.708333 0.121094 0.708333
0 0.144531 0.701562 0.160547 0.701562 0.160547 0.727604 0.144531 0.727604
0 0.067188 0.711979 0.089844 0.711979 0.089844 0.739062 0.067188 0.739062
0 0.037109 0.7125 0.053906 0.7125 0.053906 0.739062 0.037109 0.739062
0 0.014844 0.759896 0.040234 0.759896 0.040234 0.784375 0.014844 0.784375
0 0.050391 0.763542 0.066016 0.763542 0.066016 0.791667 0.050391 0.791667
0 0.005859 0.716146 0.018359 0.716146 0.018359 0.736458 0.005859 0.736458
0 0.227734 0.728125 0.249609 0.728125 0.249609 0.761979 0.227734 0.761979
0 0.273828 0.718229 0.292969 0.718229 0.292969 0.748958 0.273828 0.748958
0 0.273828 0.778646 0.292969 0.778646 0.292969 0.813542 0.273828 0.813542
0 0.227734 0.777083 0.245312 0.777083 0.245312 0.802604 0.227734 0.802604
0 0.211328 0.786979 0.232031 0.786979 0.232031 0.811458 0.211328 0.811458
0 0.317188 0.740625 0.335938 0.740625 0.335938 0.767188 0.317188 0.767188
0 0.378516 0.748958 0.398438 0.748958 0.398438 0.772917 0.378516 0.772917
0 0.350781 0.769792 0.369922 0.769792 0.369922 0.790625 0.350781 0.790625
0 0.417578 0.770833 0.436328 0.770833 0.436328 0.790625 0.417578 0.790625
0 0.444141 0.780208 0.466016 0.780208 0.466016 0.806771 0.444141 0.806771
0 0.915625 0.188021 0.9375 0.188021 0.9375 0.214062 0.915625 0.214062
0 0.948828 0.183854 0.966016 0.183854 0.966016 0.209375 0.948828 0.209375
0 0.887891 0.257292 0.909766 0.257292 0.909766 0.283854 0.887891 0.283854
0 0.919531 0.236979 0.941406 0.236979 0.941406 0.260938 0.919531 0.260938
0 0.89375 0.296875 0.915625 0.296875 0.915625 0.324479 0.89375 0.324479
0 0.932422 0.310417 0.949609 0.310417 0.949609 0.334375 0.932422 0.334375
0 0.950781 0.291667 0.965234 0.291667 0.965234 0.325521 0.950781 0.325521
0 0.929297 0.432292 0.945703 0.432292 0.945703 0.46875 0.929297 0.46875
0 0.940625 0.476562 0.958594 0.476562 0.958594 0.503646 0.940625 0.503646
0 0.892969 0.505729 0.916406 0.505729 0.916406 0.528125 0.892969 0.528125
0 0.892578 0.538021 0.921875 0.538021 0.921875 0.563542 0.892578 0.563542
0 0.937891 0.561458 0.960547 0.561458 0.960547 0.592708 0.937891 0.592708
0 0.901953 0.585938 0.924609 0.585938 0.924609 0.615104 0.901953 0.615104
0 0.945312 0.617708 0.961328 0.617708 0.961328 0.641667 0.945312 0.641667
0 0.815625 0.615104 0.839062 0.615104 0.839062 0.635417 0.815625 0.635417
0 0.787891 0.61875 0.80625 0.61875 0.80625 0.638021 0.787891 0.638021
0 0.777734 0.635938 0.794141 0.635938 0.794141 0.659896 0.777734 0.659896
0 0.745703 0.672917 0.759375 0.672917 0.759375 0.699479 0.745703 0.699479
0 0.776953 0.675 0.793359 0.675 0.793359 0.701562 0.776953 0.701562
0 0.817188 0.651562 0.840234 0.651562 0.840234 0.676042 0.817188 0.676042
0 0.855078 0.661458 0.882422 0.661458 0.882422 0.686979 0.855078 0.686979
0 0.821094 0.688542 0.84375 0.688542 0.84375 0.708854 0.821094 0.708854
0 0.801953 0.715625 0.827344 0.715625 0.827344 0.743229 0.801953 0.743229
0 0.851562 0.721875 0.873438 0.721875 0.873438 0.744271 0.851562 0.744271
0 0.835938 0.751042 0.862891 0.751042 0.862891 0.777604 0.835938 0.777604
0 0.764062 0.760417 0.786719 0.760417 0.786719 0.785938 0.764062 0.785938
0 0.797266 0.763021 0.817188 0.763021 0.817188 0.791146 0.797266 0.791146
0 0.825781 0.785417 0.852344 0.785417 0.852344 0.814583 0.825781 0.814583
0 0.855859 0.833333 0.880469 0.833333 0.880469 0.865625 0.855859 0.865625
0 0.225781 0.828125 0.248828 0.828125 0.248828 0.854688 0.225781 0.854688
0 0.251563 0.861458 0.274609 0.861458 0.274609 0.888021 0.251563 0.888021
0 0.284766 0.852604 0.303906 0.852604 0.303906 0.883854 0.284766 0.883854
0 0.312109 0.819792 0.337109 0.819792 0.337109 0.842188 0.312109 0.842188
0 0.384766 0.803646 0.403125 0.803646 0.403125 0.835417 0.384766 0.835417
0 0.408984 0.798958 0.432422 0.798958 0.432422 0.830208 0.408984 0.830208
0 0.353516 0.846354 0.371875 0.846354 0.371875 0.870833 0.353516 0.870833
0 0.417969 0.879167 0.436328 0.879167 0.436328 0.901562 0.417969 0.901562
0 0.430078 0.853646 0.448047 0.853646 0.448047 0.875521 0.430078 0.875521
0 0.457422 0.853646 0.484766 0.853646 0.484766 0.880208 0.457422 0.880208
0 0.457422 0.809896 0.48125 0.809896 0.48125 0.834896 0.457422 0.834896
0 0.435547 0.827083 0.453516 0.827083 0.453516 0.845833 0.435547 0.845833
0 0.585938 0.840104 0.604297 0.840104 0.604297 0.863021 0.585938 0.863021
0 0.616406 0.818229 0.635547 0.818229 0.635547 0.85 0.616406 0.85
0 0.676953 0.760938 0.702344 0.760938 0.702344 0.7875 0.676953 0.7875
0 0.720312 0.753646 0.745703 0.753646 0.745703 0.778646 0.720312 0.778646
0 0.733984 0.791146 0.751172 0.791146 0.751172 0.811979 0.733984 0.811979
0 0.773438 0.798438 0.802734 0.798438 0.802734 0.821354 0.773438 0.821354
0 0.811719 0.822917 0.833594 0.822917 0.833594 0.847396 0.811719 0.847396
0 0.742969 0.833333 0.761328 0.833333 0.761328 0.860938 0.742969 0.860938
0 0.675 0.831771 0.698047 0.831771 0.698047 0.859896 0.675 0.859896
0 0.673438 0.802083 0.692188 0.802083 0.692188 0.814583 0.673438 0.814583
0 0.711719 0.836979 0.730078 0.836979 0.730078 0.866667 0.711719 0.866667
0 0.653125 0.865104 0.671094 0.865104 0.671094 0.891667 0.653125 0.891667
0 0.604297 0.879167 0.622656 0.879167 0.622656 0.898958 0.604297 0.898958
0 0.701953 0.871875 0.719141 0.871875 0.719141 0.896354 0.701953 0.896354
0 0.733984 0.877083 0.754688 0.877083 0.754688 0.901042 0.733984 0.901042
0 0.833984 0.86875 0.855078 0.86875 0.855078 0.895312 0.833984 0.895312
0 0.783594 0.859896 0.802734 0.859896 0.802734 0.882812 0.783594 0.882812
0 0.713672 0.729167 0.728125 0.729167 0.728125 0.751562 0.713672 0.751562
0 0.68125 0.911458 0.707812 0.911458 0.707812 0.935417 0.68125 0.935417
0 0.584766 0.910417 0.603906 0.910417 0.603906 0.938021 0.584766 0.938021
0 0.560156 0.941146 0.589062 0.941146 0.589062 0.961979 0.560156 0.961979
0 0.561719 0.966146 0.588281 0.966146 0.588281 0.983854 0.561719 0.983854
0 0.628906 0.928646 0.650781 0.928646 0.650781 0.957812 0.628906 0.957812
0 0.602344 0.972396 0.627734 0.972396 0.627734 0.996875 0.602344 0.996875
0 0.662891 0.963021 0.686328 0.963021 0.686328 0.990625 0.662891 0.990625
0 0.763672 0.948958 0.787891 0.948958 0.787891 0.980208 0.763672 0.980208
0 0.807812 0.917188 0.832422 0.917188 0.832422 0.951042 0.807812 0.951042
0 0.842578 0.913021 0.867969 0.913021 0.867969 0.939062 0.842578 0.939062
0 0.882422 0.898958 0.901953 0.898958 0.901953 0.925 0.882422 0.925
0 0.907812 0.91875 0.924609 0.91875 0.924609 0.949479 0.907812 0.949479
0 0.853516 0.959375 0.875781 0.959375 0.875781 0.986979 0.853516 0.986979
0 0.885938 0.957812 0.904688 0.957812 0.904688 0.986458 0.885938 0.986458
0 0.798047 0.976042 0.819922 0.976042 0.819922 0.994792 0.798047 0.994792
0 0.169531 0.883854 0.186719 0.883854 0.186719 0.916667 0.169531 0.916667
0 0.195312 0.956771 0.213672 0.956771 0.213672 0.990625 0.195312 0.990625
0 0.244531 0.904167 0.267969 0.904167 0.267969 0.930208 0.244531 0.930208
0 0.304688 0.888021 0.324219 0.888021 0.324219 0.916667 0.304688 0.916667
0 0.334766 0.918229 0.353125 0.918229 0.353125 0.943229 0.334766 0.943229
0 0.367969 0.90625 0.389453 0.90625 0.389453 0.930208 0.367969 0.930208
0 0.403516 0.906771 0.422266 0.906771 0.422266 0.929688 0.403516 0.929688
0 0.448047 0.927604 0.466016 0.927604 0.466016 0.960417 0.448047 0.960417
0 0.425391 0.935938 0.441016 0.935938 0.441016 0.965625 0.425391 0.965625
0 0.386719 0.957812 0.406641 0.957812 0.406641 0.980208 0.386719 0.980208
0 0.273047 0.95 0.294531 0.95 0.294531 0.970833 0.273047 0.970833
0 0.241406 0.960417 0.265234 0.960417 0.265234 0.981771 0.241406 0.981771
0 0.025391 0.846354 0.041406 0.846354 0.041406 0.872917 0.025391 0.872917
0 0.047656 0.882292 0.064062 0.882292 0.064062 0.913542 0.047656 0.913542
0 0.081641 0.857292 0.098438 0.857292 0.098438 0.884375 0.081641 0.884375
0 0.070312 0.877604 0.089453 0.877604 0.089453 0.906771 0.070312 0.906771
0 0.101172 0.841667 0.119141 0.841667 0.119141 0.86875 0.101172 0.86875
0 0.137109 0.847396 0.159766 0.847396 0.159766 0.880729 0.137109 0.880729
0 0.117969 0.879167 0.133984 0.879167 0.133984 0.903125 0.117969 0.903125
0 0.072266 0.91875 0.103125 0.91875 0.103125 0.940104 0.072266 0.940104
0 0.141406 0.916667 0.165234 0.916667 0.165234 0.936979 0.141406 0.936979
0 0.0 0.876562 0.014844 0.876562 0.014844 0.905208 0.0 0.905208
0 0.0 0.923438 0.020703 0.923438 0.020703 0.942188 0.0 0.942188
0 0.0125 0.955729 0.037891 0.955729 0.037891 0.983854 0.0125 0.983854
0 0.056641 0.967188 0.080469 0.967188 0.080469 0.998438 0.056641 0.998438
0 0.134766 0.969792 0.153516 0.969792 0.153516 0.998438 0.134766 0.998438
0 0.092188 0.983333 0.108594 0.983333 0.108594 0.999479 0.092188 0.999479
0 0.305859 0.978125 0.333594 0.978125 0.333594 0.999479 0.305859 0.999479
0 0.355469 0.976042 0.374609 0.976042 0.374609 0.999479 0.355469 0.999479
0 0.942578 0.892188 0.958594 0.892188 0.958594 0.928646 0.942578 0.928646
0 0.969141 0.895833 0.983203 0.895833 0.983203 0.921354 0.969141 0.921354
0 0.978516 0.832292 0.996484 0.832292 0.996484 0.874479 0.978516 0.874479
0 0.976953 0.788021 0.99375 0.788021 0.99375 0.814062 0.976953 0.814062
0 0.979688 0.723438 0.991797 0.723438 0.991797 0.749479 0.979688 0.749479
0 0.974219 0.622917 0.989453 0.622917 0.989453 0.65 0.974219 0.65
0 0.969141 0.582812 0.988281 0.582812 0.988281 0.610938 0.969141 0.610938
0 0.975 0.536979 0.991797 0.536979 0.991797 0.560938 0.975 0.560938
0 0.971484 0.49375 0.985938 0.49375 0.985938 0.519792 0.971484 0.519792
0 0.967969 0.424479 0.9875 0.424479 0.9875 0.461458 0.967969 0.461458
0 0.719531 0.969271 0.733594 0.969271 0.733594 0.996354 0.719531 0.996354
0 0.957031 0.261979 0.983594 0.261979 0.983594 0.281771 0.957031 0.281771
0 0.832812 0.201562 0.850781 0.201562 0.850781 0.216146 0.832812 0.216146
0 0.895312 0.188021 0.907812 0.188021 0.907812 0.202604 0.895312 0.202604
0 0.842969 0.147917 0.865625 0.147917 0.865625 0.171354 0.842969 0.171354
0 0.921094 0.148438 0.947656 0.148438 0.947656 0.174479 0.921094 0.174479
0 0.978125 0.167708 0.999219 0.167708 0.999219 0.196875 0.978125 0.196875
0 0.984375 0.127604 0.999219 0.127604 0.999219 0.153646 0.984375 0.153646
0 0.916797 0.094271 0.940234 0.094271 0.940234 0.121875 0.916797 0.121875
0 0.8875 0.078646 0.908984 0.078646 0.908984 0.097917 0.8875 0.097917
0 0.908984 0.046354 0.929688 0.046354 0.929688 0.070312 0.908984 0.070312
0 0.982422 0.08125 0.999609 0.08125 0.999609 0.105208 0.982422 0.105208
0 0.720703 0.433854 0.7375 0.433854 0.7375 0.45625 0.720703 0.45625
0 0.946484 0.017708 0.969922 0.017708 0.969922 0.045312 0.946484 0.045312
0 0.916016 0.001042 0.934375 0.001042 0.934375 0.015104 0.916016 0.015104
0 0.942969 0.065104 0.968359 0.065104 0.968359 0.097396 0.942969 0.097396
0 0.964844 0.759375 0.987109 0.759375 0.987109 0.781771 0.964844 0.781771
0 0.989453 0.000521 0.999609 0.000521 0.999609 0.023438 0.989453 0.023438
0 0.479688 0.061979 0.5 0.061979 0.5 0.089583 0.479688 0.089583