0 0.008984 0.053125 0.03125 0.053125 0.03125 0.075 0.008984 0.075
0 0.0125 0.09375 0.037891 0.09375 0.037891 0.113021 0.0125 0.113021
0 0.058203 0.082292 0.082422 0.082292 0.082422 0.108854 0.058203 0.108854
0 0.052344 0.042708 0.070703 0.042708 0.070703 0.063542 0.052344 0.063542
0 0.123047 0.056771 0.144922 0.056771 0.144922 0.085417 0.123047 0.085417
0 0.108203 0.03125 0.131641 0.03125 0.131641 0.052604 0.108203 0.052604
0 0.162891 0.05625 0.190625 0.05625 0.190625 0.079167 0.162891 0.079167
0 0.176172 0.030729 0.201172 0.030729 0.201172 0.053125 0.176172 0.053125
0 0.131641 0.0 0.155859 0.0 0.155859 0.017708 0.131641 0.017708
0 0.04375 0.122396 0.063281 0.122396 0.063281 0.151042 0.04375 0.151042
0 0.086328 0.100521 0.102734 0.100521 0.102734 0.13125 0.086328 0.13125
0 0.110156 0.150521 0.13125 0.150521 0.13125 0.170312 0.110156 0.170312
0 0.046484 0.15625 0.066797 0.15625 0.066797 0.172917 0.046484 0.172917
0 0.071875 0.147917 0.093359 0.147917 0.093359 0.16875 0.071875 0.16875
0 0.140234 0.096354 0.162109 0.096354 0.162109 0.123438 0.140234 0.123438
0 0.0 0.239062 0.020312 0.239062 0.020312 0.273438 0.0 0.273438
0 0.092969 0.217708 0.121875 0.217708 0.121875 0.242188 0.092969 0.242188
0 0.072656 0.240104 0.096875 0.240104 0.096875 0.274479 0.072656 0.274479
0 0.174609 0.215625 0.207422 0.215625 0.207422 0.248438 0.174609 0.248438
0 0.0 0.301562 0.016016 0.301562 0.016016 0.334896 0.0 0.334896
0 0.244141 0.044792 0.260156 0.044792 0.260156 0.069271 0.244141 0.069271
0 0.439844 0.018229 0.453906 0.018229 0.453906 0.046354 0.439844 0.046354
0 0.457031 0.002604 0.479297 0.002604 0.479297 0.034375 0.457031 0.034375
0 0.544531 0.008854 0.567969 0.008854 0.567969 0.030729 0.544531 0.030729
0 0.575781 0.011458 0.591016 0.011458 0.591016 0.042708 0.575781 0.042708
0 0.564453 0.054167 0.581641 0.054167 0.581641 0.082812 0.564453 0.082812
0 0.627734 0.0 0.651953 0.0 0.651953 0.018229 0.627734 0.018229
0 0.629297 0.042188 0.660547 0.042188 0.660547 0.067708 0.629297 0.067708
0 0.605859 0.085417 0.630859 0.085417 0.630859 0.110938 0.605859 0.110938
0 0.648438 0.073438 0.667188 0.073438 0.667188 0.108333 0.648438 0.108333
0 0.7 0.076042 0.716797 0.076042 0.716797 0.110938 0.7 0.110938
0 0.617969 0.125 0.638281 0.125 0.638281 0.154167 0.617969 0.154167
0 0.652734 0.138021 0.669531 0.138021 0.669531 0.171354 0.652734 0.171354
0 0.394531 0.153646 0.415234 0.153646 0.415234 0.173958 0.394531 0.173958
0 0.426172 0.151562 0.441016 0.151562 0.441016 0.185938 0.426172 0.185938
0 0.450781 0.169271 0.471094 0.169271 0.471094 0.195833 0.450781 0.195833
0 0.3875 0.197396 0.404297 0.197396 0.404297 0.226042 0.3875 0.226042
0 0.354688 0.191667 0.373047 0.191667 0.373047 0.220833 0.354688 0.220833
0 0.290625 0.207812 0.307031 0.207812 0.307031 0.244792 0.290625 0.244792
0 0.358203 0.239062 0.376172 0.239062 0.376172 0.266667 0.358203 0.266667
0 0.330469 0.274479 0.346484 0.274479 0.346484 0.304688 0.330469 0.304688
0 0.427344 0.264062 0.444531 0.264062 0.444531 0.297917 0.427344 0.297917
0 0.386328 0.272396 0.403906 0.272396 0.403906 0.305208 0.386328 0.305208
0 0.457812 0.235938 0.479297 0.235938 0.479297 0.259896 0.457812 0.259896
0 0.391016 0.1 0.420312 0.1 0.420312 0.123958 0.391016 0.123958
0 0.213281 0.357292 0.228516 0.357292 0.228516 0.390104 0.213281 0.390104
0 0.176953 0.424479 0.195312 0.424479 0.195312 0.45625 0.176953 0.45625
0 0.253906 0.405729 0.266406 0.405729 0.266406 0.435417 0.253906 0.435417
0 0.223828 0.432292 0.242188 0.432292 0.242188 0.467188 0.223828 0.467188
0 0.274609 0.418229 0.294141 0.418229 0.294141 0.440104 0.274609 0.440104
0 0.051953 0.468229 0.072266 0.468229 0.072266 0.497396 0.051953 0.497396
0 0.098828 0.424479 0.112109 0.424479 0.112109 0.460938 0.098828 0.460938
0 0.133984 0.420312 0.146484 0.420312 0.146484 0.453646 0.133984 0.453646
0 0.148828 0.347396 0.161328 0.347396 0.161328 0.382292 0.148828 0.382292
0 0.015234 0.486458 0.029688 0.486458 0.029688 0.523438 0.015234 0.523438
0 0.011719 0.541146 0.030859 0.541146 0.030859 0.578646 0.011719 0.578646
0 0.085156 0.515104 0.100781 0.515104 0.100781 0.545833 0.085156 0.545833
0 0.112891 0.510938 0.126953 0.510938 0.126953 0.547917 0.112891 0.547917
0 0.154297 0.511458 0.167578 0.511458 0.167578 0.545833 0.154297 0.545833
0 0.186328 0.492708 0.198438 0.492708 0.198438 0.524479 0.186328 0.524479
0 0.210547 0.490625 0.226953 0.490625 0.226953 0.526562 0.210547 0.526562
0 0.245312 0.492708 0.258203 0.492708 0.258203 0.525521 0.245312 0.525521
0 0.134766 0.573958 0.154688 0.573958 0.154688 0.613542 0.134766 0.613542
0 0.106641 0.56875 0.121875 0.56875 0.121875 0.600521 0.106641 0.600521
0 0.082422 0.575 0.1 0.575 0.1 0.60625 0.082422 0.60625
0 0.049219 0.569792 0.065625 0.569792 0.065625 0.605729 0.049219 0.605729
0 0.073438 0.610938 0.089453 0.610938 0.089453 0.644271 0.073438 0.644271
0 0.050781 0.627083 0.065625 0.627083 0.065625 0.657812 0.050781 0.657812
0 0.098828 0.638542 0.114453 0.638542 0.114453 0.666146 0.098828 0.666146
0 0.119141 0.652604 0.132422 0.652604 0.132422 0.685938 0.119141 0.685938
0 0.098828 0.685938 0.113672 0.685938 0.113672 0.719792 0.098828 0.719792
0 0.164062 0.695833 0.178906 0.695833 0.178906 0.732292 0.164062 0.732292
0 0.111719 0.354167 0.130469 0.354167 0.130469 0.388542 0.111719 0.388542
0 0.191016 0.631771 0.211328 0.631771 0.211328 0.664062 0.191016 0.664062
0 0.223828 0.625521 0.241016 0.625521 0.241016 0.667188 0.223828 0.667188
0 0.217188 0.553646 0.241797 0.553646 0.241797 0.589583 0.217188 0.589583
0 0.267578 0.530729 0.280859 0.530729 0.280859 0.558333 0.267578 0.558333
0 0.305859 0.601562 0.319531 0.601562 0.319531 0.628646 0.305859 0.628646
0 0.237109 0.746875 0.259375 0.746875 0.259375 0.772917 0.237109 0.772917
0 0.308203 0.732812 0.321484 0.732812 0.321484 0.767708 0.308203 0.767708
0 0.349219 0.719271 0.364453 0.719271 0.364453 0.751042 0.349219 0.751042
0 0.375 0.682812 0.391406 0.682812 0.391406 0.717188 0.375 0.717188
0 0.346484 0.657812 0.359766 0.657812 0.359766 0.689583 0.346484 0.689583
0 0.235156 0.782812 0.254297 0.782812 0.254297 0.80625 0.235156 0.80625
0 0.291406 0.809896 0.303906 0.809896 0.303906 0.839583 0.291406 0.839583
0 0.357812 0.794792 0.375391 0.794792 0.375391 0.828125 0.357812 0.828125
0 0.3875 0.782812 0.406641 0.782812 0.406641 0.808854 0.3875 0.808854
0 0.3625 0.7625 0.385156 0.7625 0.385156 0.784375 0.3625 0.784375
0 0.398047 0.723958 0.418359 0.723958 0.418359 0.755208 0.398047 0.755208
0 0.430469 0.792708 0.450781 0.792708 0.450781 0.825 0.430469 0.825
0 0.390625 0.821875 0.414453 0.821875 0.414453 0.845833 0.390625 0.845833
0 0.402344 0.848958 0.419922 0.848958 0.419922 0.875521 0.402344 0.875521
0 0.433594 0.861458 0.456641 0.861458 0.456641 0.889062 0.433594 0.889062
0 0.278125 0.314583 0.297656 0.314583 0.297656 0.346875 0.278125 0.346875
0 0.348828 0.368229 0.361719 0.368229 0.361719 0.398438 0.348828 0.398438
0 0.329688 0.382292 0.348047 0.382292 0.348047 0.407812 0.329688 0.407812
0 0.306641 0.3875 0.326953 0.3875 0.326953 0.415104 0.306641 0.415104
0 0.367188 0.305729 0.383984 0.305729 0.383984 0.340104 0.367188 0.340104
0 0.403516 0.316146 0.419922 0.316146 0.419922 0.346354 0.403516 0.346354
0 0.432422 0.33125 0.448438 0.33125 0.448438 0.359375 0.432422 0.359375
0 0.454297 0.346354 0.476172 0.346354 0.476172 0.371354 0.454297 0.371354
0 0.423047 0.383854 0.443359 0.383854 0.443359 0.408854 0.423047 0.408854
0 0.390234 0.389062 0.412109 0.389062 0.412109 0.418229 0.390234 0.418229
0 0.319922 0.1875 0.340625 0.1875 0.340625 0.219792 0.319922 0.219792
0 0.5 0.215104 0.516406 0.215104 0.516406 0.246354 0.5 0.246354
0 0.529688 0.210417 0.548438 0.210417 0.548438 0.242188 0.529688 0.242188
0 0.564844 0.25625 0.583984 0.25625 0.583984 0.281771 0.564844 0.281771
0 0.577734 0.225521 0.596875 0.225521 0.596875 0.253646 0.577734 0.253646
0 0.529297 0.279167 0.55 0.279167 0.55 0.302083 0.529297 0.302083
0 0.4875 0.26875 0.506641 0.26875 0.506641 0.292188 0.4875 0.292188
0 0.480078 0.3 0.499219 0.3 0.499219 0.329688 0.480078 0.329688
0 0.407031 0.423958 0.423438 0.423958 0.423438 0.450521 0.407031 0.450521
0 0.465625 0.438021 0.486328 0.438021 0.486328 0.459896 0.465625 0.459896
0 0.515234 0.390625 0.539844 0.390625 0.539844 0.416667 0.515234 0.416667
0 0.522656 0.440104 0.543359 0.440104 0.543359 0.465625 0.522656 0.465625
0 0.507031 0.48125 0.530469 0.48125 0.530469 0.504687 0.507031 0.504687
0 0.444531 0.469271 0.464062 0.469271 0.464062 0.492188 0.444531 0.492188
0 0.405078 0.48125 0.424609 0.48125 0.424609 0.507812 0.405078 0.507812
0 0.337109 0.492708 0.355078 0.492708 0.355078 0.520312 0.337109 0.520312
0 0.399219 0.532292 0.416797 0.532292 0.416797 0.558333 0.399219 0.558333
0 0.431641 0.510938 0.455859 0.510938 0.455859 0.53125 0.431641 0.53125
0 0.494531 0.551042 0.512891 0.551042 0.512891 0.580208 0.494531 0.580208
0 0.457031 0.575521 0.484375 0.575521 0.484375 0.599479 0.457031 0.599479
0 0.499219 0.588021 0.528125 0.588021 0.528125 0.610417 0.499219 0.610417
0 0.375391 0.559896 0.392188 0.559896 0.392188 0.586979 0.375391 0.586979
0 0.439062 0.617188 0.464062 0.617188 0.464062 0.636458 0.439062 0.636458
0 0.492188 0.621354 0.513672 0.621354 0.513672 0.642188 0.492188 0.642188
0 0.532422 0.642188 0.553125 0.642188 0.553125 0.665104 0.532422 0.665104
0 0.528906 0.674479 0.547266 0.674479 0.547266 0.7 0.528906 0.7
0 0.457031 0.655208 0.48125 0.655208 0.48125 0.680208 0.457031 0.680208
0 0.422656 0.654167 0.439062 0.654167 0.439062 0.688542 0.422656 0.688542
0 0.440625 0.694271 0.454688 0.694271 0.454688 0.721354 0.440625 0.721354
0 0.467578 0.697396 0.487891 0.697396 0.487891 0.720833 0.467578 0.720833
0 0.490625 0.716667 0.510547 0.716667 0.510547 0.739583 0.490625 0.739583
0 0.459375 0.742708 0.475 0.742708 0.475 0.773438 0.459375 0.773438
0 0.491016 0.751562 0.512109 0.751562 0.512109 0.775521 0.491016 0.775521
0 0.528906 0.759896 0.544922 0.759896 0.544922 0.794792 0.528906 0.794792
0 0.515625 0.820312 0.535547 0.820312 0.535547 0.855729 0.515625 0.855729
0 0.547656 0.820833 0.569141 0.820833 0.569141 0.856771 0.547656 0.856771
0 0.577344 0.852604 0.595312 0.852604 0.595312 0.880729 0.577344 0.880729
0 0.521484 0.870833 0.540234 0.870833 0.540234 0.894271 0.521484 0.894271
0 0.560156 0.780729 0.576172 0.780729 0.576172 0.808333 0.560156 0.808333
0 0.569141 0.7375 0.586328 0.7375 0.586328 0.773438 0.569141 0.773438
0 0.602344 0.808333 0.621094 0.808333 0.621094 0.842708 0.602344 0.842708
0 0.637891 0.856771 0.653906 0.856771 0.653906 0.8875 0.637891 0.8875
0 0.636328 0.798438 0.652734 0.798438 0.652734 0.829688 0.636328 0.829688
0 0.655859 0.83125 0.675 0.83125 0.675 0.853646 0.655859 0.853646
0 0.669531 0.744271 0.688672 0.744271 0.688672 0.76875 0.669531 0.76875
0 0.709375 0.761979 0.727734 0.761979 0.727734 0.797396 0.709375 0.797396
0 0.749609 0.78125 0.772266 0.78125 0.772266 0.811458 0.749609 0.811458
0 0.712109 0.806771 0.726172 0.806771 0.726172 0.838542 0.712109 0.838542
0 0.789062 0.815625 0.813672 0.815625 0.813672 0.844271 0.789062 0.844271
0 0.829297 0.79375 0.849609 0.79375 0.849609 0.822396 0.829297 0.822396
0 0.840625 0.835417 0.858594 0.835417 0.858594 0.867708 0.840625 0.867708
0 0.804688 0.879688 0.821484 0.879688 0.821484 0.906771 0.804688 0.906771
0 0.665234 0.883854 0.683984 0.883854 0.683984 0.908854 0.665234 0.908854
0 0.703125 0.898438 0.719922 0.898438 0.719922 0.930208 0.703125 0.930208
0 0.736719 0.89375 0.757422 0.89375 0.757422 0.928646 0.736719 0.928646
0 0.775 0.904688 0.796094 0.904688 0.796094 0.929688 0.775 0.929688
0 0.664844 0.917708 0.685156 0.917708 0.685156 0.944271 0.664844 0.944271
0 0.750391 0.965104 0.765625 0.965104 0.765625 0.9875 0.750391 0.9875
0 0.779297 0.948438 0.803125 0.948438 0.803125 0.972396 0.779297 0.972396
0 0.820703 0.936979 0.839453 0.936979 0.839453 0.967188 0.820703 0.967188
0 0.866797 0.938021 0.887109 0.938021 0.887109 0.9625 0.866797 0.9625
0 0.892578 0.958854 0.912109 0.958854 0.912109 0.981771 0.892578 0.981771
0 0.900781 0.933854 0.920312 0.933854 0.920312 0.957812 0.900781 0.957812
0 0.858984 0.900521 0.884375 0.900521 0.884375 0.923438 0.858984 0.923438
0 0.866016 0.979688 0.889453 0.979688 0.889453 0.997917 0.866016 0.997917
0 0.864453 0.852083 0.882812 0.852083 0.882812 0.879167 0.864453 0.879167
0 0.889453 0.86875 0.909375 0.86875 0.909375 0.900521 0.889453 0.900521
0 0.901172 0.827604 0.922266 0.827604 0.922266 0.851562 0.901172 0.851562
0 0.864844 0.786458 0.884766 0.786458 0.884766 0.808333 0.864844 0.808333
0 0.933594 0.843229 0.947266 0.843229 0.947266 0.878125 0.933594 0.878125
0 0.921875 0.784375 0.933203 0.784375 0.933203 0.805208 0.921875 0.805208
0 0.887109 0.741667 0.907031 0.741667 0.907031 0.760417 0.887109 0.760417
0 0.901953 0.775 0.918359 0.775 0.918359 0.805208 0.901953 0.805208
0 0.915234 0.736458 0.929688 0.736458 0.929688 0.759896 0.915234 0.759896
0 0.855859 0.736458 0.88125 0.736458 0.88125 0.759896 0.855859 0.759896
0 0.6375 0.669271 0.657422 0.669271 0.657422 0.691146 0.6375 0.691146
0 0.659766 0.64375 0.675781 0.64375 0.675781 0.671875 0.659766 0.671875
0 0.681641 0.66875 0.698047 0.66875 0.698047 0.696875 0.681641 0.696875
0 0.699219 0.638021 0.719141 0.638021 0.719141 0.667708 0.699219 0.667708
0 0.726562 0.646875 0.744141 0.646875 0.744141 0.682812 0.726562 0.682812
0 0.737109 0.690625 0.762891 0.690625 0.762891 0.7125 0.737109 0.7125
0 0.785156 0.6875 0.810938 0.6875 0.810938 0.707812 0.785156 0.707812
0 0.838672 0.703125 0.859375 0.703125 0.859375 0.722917 0.838672 0.722917
0 0.739844 0.728125 0.760547 0.728125 0.760547 0.746875 0.739844 0.746875
0 0.772266 0.735938 0.789844 0.735938 0.789844 0.751042 0.772266 0.751042
0 0.797656 0.761979 0.822656 0.761979 0.822656 0.785417 0.797656 0.785417
0 0.621484 0.584375 0.640625 0.584375 0.640625 0.610938 0.621484 0.610938
0 0.629297 0.616146 0.648828 0.616146 0.648828 0.6375 0.629297 0.6375
0 0.673438 0.607812 0.691406 0.607812 0.691406 0.632292 0.673438 0.632292
0 0.699219 0.588542 0.723047 0.588542 0.723047 0.611979 0.699219 0.611979
0 0.760547 0.6375 0.786719 0.6375 0.786719 0.663021 0.760547 0.663021
0 0.801562 0.647917 0.821875 0.647917 0.821875 0.669792 0.801562 0.669792
0 0.827344 0.675521 0.853516 0.675521 0.853516 0.696875 0.827344 0.696875
0 0.846875 0.623958 0.868359 0.623958 0.868359 0.647396 0.846875 0.647396
0 0.813281 0.619271 0.834375 0.619271 0.834375 0.642188 0.813281 0.642188
0 0.780469 0.594271 0.802344 0.594271 0.802344 0.617708 0.780469 0.617708
0 0.8125 0.572917 0.832031 0.572917 0.832031 0.592708 0.8125 0.592708
0 0.841016 0.582292 0.864844 0.582292 0.864844 0.604167 0.841016 0.604167
0 0.879297 0.566146 0.896875 0.566146 0.896875 0.594271 0.879297 0.594271
0 0.900391 0.520833 0.926562 0.520833 0.926562 0.544271 0.900391 0.544271
0 0.913281 0.483854 0.934375 0.483854 0.934375 0.511979 0.913281 0.511979
0 0.886328 0.467188 0.900391 0.467188 0.900391 0.503646 0.886328 0.503646
0 0.853906 0.472396 0.86875 0.472396 0.86875 0.503646 0.853906 0.503646
0 0.811719 0.522396 0.832812 0.522396 0.832812 0.55625 0.811719 0.55625
0 0.801172 0.485417 0.81875 0.485417 0.81875 0.516667 0.801172 0.516667
0 0.776562 0.49375 0.792578 0.49375 0.792578 0.521875 0.776562 0.521875
0 0.747656 0.502083 0.768359 0.502083 0.768359 0.526562 0.747656 0.526562
0 0.752344 0.561458 0.76875 0.561458 0.76875 0.592708 0.752344 0.592708
0 0.716016 0.536979 0.733984 0.536979 0.733984 0.572917 0.716016 0.572917
0 0.661328 0.542188 0.684375 0.542188 0.684375 0.573438 0.661328 0.573438
0 0.644141 0.498438 0.667188 0.498438 0.667188 0.527083 0.644141 0.527083
0 0.667188 0.476562 0.690625 0.476562 0.690625 0.50625 0.667188 0.50625
0 0.714844 0.489583 0.741406 0.489583 0.741406 0.515104 0.714844 0.515104
0 0.698828 0.463542 0.720312 0.463542 0.720312 0.486979 0.698828 0.486979
0 0.686328 0.44375 0.710547 0.44375 0.710547 0.464062 0.686328 0.464062
0 0.689062 0.414583 0.714844 0.414583 0.714844 0.438542 0.689062 0.438542
0 0.711328 0.390625 0.732812 0.390625 0.732812 0.414062 0.711328 0.414062
0 0.729297 0.432812 0.753906 0.432812 0.753906 0.4625 0.729297 0.4625
0 0.657422 0.28125 0.676562 0.28125 0.676562 0.305729 0.657422 0.305729
0 0.669922 0.327604 0.697266 0.327604 0.697266 0.355729 0.669922 0.355729
0 0.651172 0.377604 0.669922 0.377604 0.669922 0.409896 0.651172 0.409896
0 0.623047 0.307812 0.637109 0.307812 0.637109 0.334375 0.623047 0.334375
0 0.709766 0.282292 0.736328 0.282292 0.736328 0.306771 0.709766 0.306771
0 0.730469 0.258333 0.751953 0.258333 0.751953 0.28125 0.730469 0.28125
0 0.751172 0.304688 0.775781 0.304688 0.775781 0.329167 0.751172 0.329167
0 0.779297 0.332292 0.800781 0.332292 0.800781 0.360417 0.779297 0.360417
0 0.796484 0.378125 0.820312 0.378125 0.820312 0.403125 0.796484 0.403125
0 0.746094 0.385417 0.771094 0.385417 0.771094 0.411458 0.746094 0.411458
0 0.689062 0.371875 0.70625 0.371875 0.70625 0.398958 0.689062 0.398958
0 0.708203 0.347917 0.724219 0.347917 0.724219 0.373958 0.708203 0.373958
0 0.727344 0.329167 0.751953 0.329167 0.751953 0.356771 0.727344 0.356771
0 0.800781 0.441146 0.821484 0.441146 0.821484 0.467708 0.800781 0.467708
0 0.839062 0.43125 0.857812 0.43125 0.857812 0.454167 0.839062 0.454167
0 0.704297 0.0 0.727344 0.0 0.727344 0.030729 0.704297 0.030729
0 0.735938 0.044792 0.760547 0.044792 0.760547 0.076562 0.735938 0.076562
0 0.725391 0.074479 0.743359 0.074479 0.743359 0.099479 0.725391 0.099479
0 0.7125 0.113542 0.728906 0.113542 0.728906 0.140104 0.7125 0.140104
0 0.731641 0.143229 0.752734 0.143229 0.752734 0.166667 0.731641 0.166667
0 0.766016 0.082292 0.789062 0.082292 0.789062 0.108333 0.766016 0.108333
0 0.742578 0.0 0.769922 0.0 0.769922 0.020312 0.742578 0.020312
0 0.298828 0.65 0.315625 0.65 0.315625 0.672917 0.298828 0.672917
0 0.248047 0.654688 0.266797 0.654688 0.266797 0.679688 0.248047 0.679688