0 0.016016 0.152604 0.034766 0.152604 0.034766 0.183854 0.016016 0.183854
0 0.059766 0.322396 0.074219 0.322396 0.074219 0.344271 0.059766 0.344271
0 0.025391 0.349479 0.045703 0.349479 0.045703 0.375521 0.025391 0.375521
0 0.036328 0.403646 0.053906 0.403646 0.053906 0.430729 0.036328 0.430729
0 0.069922 0.369271 0.089062 0.369271 0.089062 0.390104 0.069922 0.390104
0 0.574219 0.245833 0.590234 0.245833 0.590234 0.275 0.574219 0.275
0 0.584766 0.168229 0.602344 0.168229 0.602344 0.2 0.584766 0.2
0 0.0 0.39375 0.017969 0.39375 0.017969 0.422396 0.0 0.422396
0 0.021875 0.444271 0.041406 0.444271 0.041406 0.466146 0.021875 0.466146
0 0.017969 0.499479 0.040234 0.499479 0.040234 0.518229 0.017969 0.518229
0 0.049609 0.565104 0.066016 0.565104 0.066016 0.589583 0.049609 0.589583
0 0.066016 0.404688 0.084375 0.404688 0.084375 0.425521 0.066016 0.425521
0 0.034375 0.554167 0.046484 0.554167 0.046484 0.570312 0.034375 0.570312
0 0.182031 0.318229 0.202734 0.318229 0.202734 0.343229 0.182031 0.343229
0 0.238672 0.271875 0.258984 0.271875 0.258984 0.295312 0.238672 0.295312
0 0.281641 0.25 0.299219 0.25 0.299219 0.270312 0.281641 0.270312
0 0.294922 0.191146 0.311328 0.191146 0.311328 0.219792 0.294922 0.219792
0 0.257812 0.145833 0.272266 0.145833 0.272266 0.171875 0.257812 0.171875
0 0.330859 0.104688 0.349219 0.104688 0.349219 0.134896 0.330859 0.134896
0 0.325781 0.180208 0.340234 0.180208 0.340234 0.204688 0.325781 0.204688
0 0.361719 0.159375 0.380078 0.159375 0.380078 0.180208 0.361719 0.180208
0 0.363672 0.121354 0.383203 0.121354 0.383203 0.136458 0.363672 0.136458
0 0.355469 0.078646 0.373047 0.078646 0.373047 0.104688 0.355469 0.104688
0 0.364844 0.05 0.38125 0.05 0.38125 0.071875 0.364844 0.071875
0 0.393359 0.058333 0.412891 0.058333 0.412891 0.078646 0.393359 0.078646
0 0.402734 0.104688 0.417969 0.104688 0.417969 0.129688 0.402734 0.129688
0 0.427344 0.129688 0.450781 0.129688 0.450781 0.151562 0.427344 0.151562
0 0.420312 0.176042 0.440625 0.176042 0.440625 0.199479 0.420312 0.199479
0 0.466406 0.171875 0.483594 0.171875 0.483594 0.20625 0.466406 0.20625
0 0.019531 0.052083 0.035547 0.052083 0.035547 0.079167 0.019531 0.079167
0 0.03125 0.044271 0.049609 0.044271 0.049609 0.064583 0.03125 0.064583
0 0.185156 0.354167 0.203906 0.354167 0.203906 0.376562 0.185156 0.376562
0 0.166797 0.368229 0.179688 0.368229 0.179688 0.394792 0.166797 0.394792
0 0.191016 0.382292 0.209375 0.382292 0.209375 0.408854 0.191016 0.408854
0 0.210547 0.4 0.223047 0.4 0.223047 0.428125 0.210547 0.428125
0 0.207812 0.458333 0.223047 0.458333 0.223047 0.492188 0.207812 0.492188
0 0.236328 0.472396 0.251953 0.472396 0.251953 0.496875 0.236328 0.496875
0 0.262109 0.448958 0.277734 0.448958 0.277734 0.48125 0.262109 0.48125
0 0.24375 0.408854 0.258984 0.408854 0.258984 0.438542 0.24375 0.438542
0 0.265625 0.364062 0.278516 0.364062 0.278516 0.394792 0.265625 0.394792
0 0.269531 0.420833 0.287109 0.420833 0.287109 0.446354 0.269531 0.446354
0 0.3 0.409896 0.317188 0.409896 0.317188 0.436458 0.3 0.436458
0 0.227344 0.508854 0.247656 0.508854 0.247656 0.529688 0.227344 0.529688
0 0.264453 0.504687 0.282422 0.504687 0.282422 0.527604 0.264453 0.527604
0 0.328906 0.5125 0.348047 0.5125 0.348047 0.529167 0.328906 0.529167
0 0.348047 0.466667 0.366797 0.466667 0.366797 0.4875 0.348047 0.4875
0 0.360156 0.432812 0.377344 0.432812 0.377344 0.455208 0.360156 0.455208
0 0.312109 0.368229 0.325391 0.368229 0.325391 0.398438 0.312109 0.398438
0 0.341016 0.376562 0.364844 0.376562 0.364844 0.402083 0.341016 0.402083
0 0.330859 0.328646 0.358594 0.328646 0.358594 0.348438 0.330859 0.348438
0 0.044531 0.634896 0.065234 0.634896 0.065234 0.648438 0.044531 0.648438
0 0.066406 0.676562 0.081641 0.676562 0.081641 0.700521 0.066406 0.700521
0 0.016797 0.686979 0.03125 0.686979 0.03125 0.711458 0.016797 0.711458
0 0.028906 0.729167 0.052344 0.729167 0.052344 0.751562 0.028906 0.751562
0 0.016797 0.763021 0.038281 0.763021 0.038281 0.788542 0.016797 0.788542
0 0.032031 0.820833 0.054297 0.820833 0.054297 0.839583 0.032031 0.839583
0 0.011328 0.864062 0.030469 0.864062 0.030469 0.898958 0.011328 0.898958
0 0.039062 0.858854 0.058203 0.858854 0.058203 0.890104 0.039062 0.890104
0 0.266016 0.770833 0.282812 0.770833 0.282812 0.803125 0.266016 0.803125
0 0.254297 0.702604 0.269531 0.702604 0.269531 0.736979 0.254297 0.736979
0 0.25625 0.613542 0.276172 0.613542 0.276172 0.635417 0.25625 0.635417
0 0.229297 0.659896 0.246094 0.659896 0.246094 0.689062 0.229297 0.689062
0 0.33125 0.544271 0.355469 0.544271 0.355469 0.561979 0.33125 0.561979
0 0.351172 0.593229 0.372266 0.593229 0.372266 0.614583 0.351172 0.614583
0 0.317188 0.633333 0.332812 0.633333 0.332812 0.658854 0.317188 0.658854
0 0.282031 0.673438 0.295312 0.673438 0.295312 0.710417 0.282031 0.710417
0 0.310547 0.682292 0.328125 0.682292 0.328125 0.716146 0.310547 0.716146
0 0.345703 0.684896 0.359766 0.684896 0.359766 0.711458 0.345703 0.711458
0 0.35625 0.635417 0.373047 0.635417 0.373047 0.663542 0.35625 0.663542
0 0.378125 0.625521 0.392969 0.625521 0.392969 0.657812 0.378125 0.657812
0 0.440625 0.533854 0.458203 0.533854 0.458203 0.564062 0.440625 0.564062
0 0.463281 0.544271 0.476562 0.544271 0.476562 0.570833 0.463281 0.570833
0 0.166016 0.686458 0.179297 0.686458 0.179297 0.715625 0.166016 0.715625
0 0.189844 0.673438 0.207422 0.673438 0.207422 0.704688 0.189844 0.704688
0 0.194531 0.724479 0.214844 0.724479 0.214844 0.749479 0.194531 0.749479
0 0.167578 0.804167 0.185156 0.804167 0.185156 0.840625 0.167578 0.840625
0 0.142578 0.815104 0.158594 0.815104 0.158594 0.848438 0.142578 0.848438
0 0.222656 0.783333 0.238672 0.783333 0.238672 0.818229 0.222656 0.818229
0 0.217578 0.867708 0.235156 0.867708 0.235156 0.904688 0.217578 0.904688
0 0.305859 0.740625 0.321875 0.740625 0.321875 0.776562 0.305859 0.776562
0 0.296094 0.810938 0.313281 0.810938 0.313281 0.844271 0.296094 0.844271
0 0.259766 0.844792 0.276172 0.844792 0.276172 0.872396 0.259766 0.872396
0 0.177734 0.871354 0.192188 0.871354 0.192188 0.910938 0.177734 0.910938
0 0.364062 0.726042 0.382031 0.726042 0.382031 0.753125 0.364062 0.753125
0 0.379688 0.686979 0.396094 0.686979 0.396094 0.716667 0.379688 0.716667
0 0.336328 0.797396 0.350391 0.797396 0.350391 0.825 0.336328 0.825
0 0.373047 0.788542 0.391406 0.788542 0.391406 0.807812 0.373047 0.807812
0 0.313281 0.939583 0.328125 0.939583 0.328125 0.970833 0.313281 0.970833
0 0.260547 0.90625 0.274609 0.90625 0.274609 0.9375 0.260547 0.9375
0 0.322266 0.851042 0.338281 0.851042 0.338281 0.879167 0.322266 0.879167
0 0.287891 0.886458 0.312109 0.886458 0.312109 0.907812 0.287891 0.907812
0 0.339453 0.89375 0.361719 0.89375 0.361719 0.917708 0.339453 0.917708
0 0.191016 0.935938 0.214062 0.935938 0.214062 0.958333 0.191016 0.958333
0 0.460938 0.785938 0.478906 0.785938 0.478906 0.815104 0.460938 0.815104
0 0.379297 0.833854 0.403906 0.833854 0.403906 0.856771 0.379297 0.856771
0 0.344922 0.841146 0.360938 0.841146 0.360938 0.869792 0.344922 0.869792
0 0.407031 0.757812 0.432812 0.757812 0.432812 0.778125 0.407031 0.778125
0 0.426562 0.802083 0.442578 0.802083 0.442578 0.830729 0.426562 0.830729
0 0.416016 0.678125 0.436719 0.678125 0.436719 0.703646 0.416016 0.703646
0 0.45 0.623438 0.471094 0.623438 0.471094 0.656771 0.45 0.656771
0 0.476953 0.584375 0.496875 0.584375 0.496875 0.608333 0.476953 0.608333
0 0.486328 0.75 0.5125 0.75 0.5125 0.777083 0.486328 0.777083
0 0.486328 0.688021 0.509766 0.688021 0.509766 0.711458 0.486328 0.711458
0 0.539453 0.667188 0.564062 0.667188 0.564062 0.686979 0.539453 0.686979
0 0.558203 0.729688 0.583594 0.729688 0.583594 0.752083 0.558203 0.752083
0 0.5375 0.757812 0.557031 0.757812 0.557031 0.782292 0.5375 0.782292
0 0.529297 0.809896 0.548438 0.809896 0.548438 0.827083 0.529297 0.827083
0 0.492188 0.821875 0.5125 0.821875 0.5125 0.847917 0.492188 0.847917
0 0.471094 0.853646 0.489062 0.853646 0.489062 0.878646 0.471094 0.878646
0 0.441406 0.848438 0.463281 0.848438 0.463281 0.875521 0.441406 0.875521
0 0.414062 0.883854 0.432031 0.883854 0.432031 0.904688 0.414062 0.904688
0 0.386719 0.892708 0.403906 0.892708 0.403906 0.920312 0.386719 0.920312
0 0.358984 0.936458 0.386719 0.936458 0.386719 0.959375 0.358984 0.959375
0 0.40625 0.935938 0.433594 0.935938 0.433594 0.958333 0.40625 0.958333
0 0.240625 0.965625 0.259375 0.965625 0.259375 0.991146 0.240625 0.991146
0 0.594531 0.711458 0.609766 0.711458 0.609766 0.728646 0.594531 0.728646
0 0.596875 0.622396 0.612891 0.622396 0.612891 0.654167 0.596875 0.654167
0 0.551562 0.611979 0.574609 0.611979 0.574609 0.633333 0.551562 0.633333
0 0.50625 0.616146 0.525391 0.616146 0.525391 0.642708 0.50625 0.642708
0 0.500781 0.576042 0.520703 0.576042 0.520703 0.6 0.500781 0.6
0 0.509375 0.542188 0.530859 0.542188 0.530859 0.567188 0.509375 0.567188
0 0.546875 0.571875 0.568359 0.571875 0.568359 0.598958 0.546875 0.598958
0 0.596875 0.571875 0.616016 0.571875 0.616016 0.603646 0.596875 0.603646
0 0.585156 0.509896 0.603125 0.509896 0.603125 0.536458 0.585156 0.536458
0 0.621484 0.594792 0.64375 0.594792 0.64375 0.618229 0.621484 0.618229
0 0.633594 0.630729 0.652344 0.630729 0.652344 0.65 0.633594 0.65
0 0.642188 0.515104 0.667188 0.515104 0.667188 0.540104 0.642188 0.540104
0 0.551953 0.481771 0.571875 0.481771 0.571875 0.504687 0.551953 0.504687
0 0.584766 0.43125 0.604297 0.43125 0.604297 0.458854 0.584766 0.458854
0 0.616406 0.39375 0.634766 0.39375 0.634766 0.427083 0.616406 0.427083
0 0.383984 0.382292 0.402734 0.382292 0.402734 0.413021 0.383984 0.413021
0 0.596484 0.347396 0.613281 0.347396 0.613281 0.378646 0.596484 0.378646
0 0.562891 0.377604 0.589844 0.377604 0.589844 0.399479 0.562891 0.399479
0 0.523047 0.394271 0.541406 0.394271 0.541406 0.416667 0.523047 0.416667
0 0.505469 0.346354 0.524609 0.346354 0.524609 0.371875 0.505469 0.371875
0 0.542969 0.323958 0.557812 0.323958 0.557812 0.350521 0.542969 0.350521
0 0.569531 0.320312 0.583203 0.320312 0.583203 0.346354 0.569531 0.346354
0 0.623047 0.290625 0.640625 0.290625 0.640625 0.321354 0.623047 0.321354
0 0.641406 0.330729 0.658203 0.330729 0.658203 0.352604 0.641406 0.352604
0 0.658203 0.361979 0.673438 0.361979 0.673438 0.381771 0.658203 0.381771
0 0.6625 0.401042 0.678516 0.401042 0.678516 0.428646 0.6625 0.428646
0 0.689062 0.405208 0.710156 0.405208 0.710156 0.432292 0.689062 0.432292
0 0.694922 0.463542 0.716016 0.463542 0.716016 0.489062 0.694922 0.489062
0 0.703516 0.351562 0.717578 0.351562 0.717578 0.379688 0.703516 0.379688
0 0.720312 0.279167 0.735938 0.279167 0.735938 0.307292 0.720312 0.307292
0 0.699219 0.309375 0.714453 0.309375 0.714453 0.333854 0.699219 0.333854
0 0.679297 0.294792 0.696094 0.294792 0.696094 0.323958 0.679297 0.323958
0 0.417578 0.283854 0.439453 0.283854 0.439453 0.307292 0.417578 0.307292
0 0.457812 0.265625 0.472656 0.265625 0.472656 0.289062 0.457812 0.289062
0 0.462891 0.328125 0.477734 0.328125 0.477734 0.360417 0.462891 0.360417
0 0.485938 0.292708 0.503516 0.292708 0.503516 0.323958 0.485938 0.323958
0 0.532812 0.277083 0.557812 0.277083 0.557812 0.299479 0.532812 0.299479
0 0.501172 0.225521 0.521094 0.225521 0.521094 0.246875 0.501172 0.246875
0 0.536328 0.21875 0.557031 0.21875 0.557031 0.244792 0.536328 0.244792
0 0.693359 0.605208 0.716016 0.605208 0.716016 0.623958 0.693359 0.623958
0 0.344922 0.236979 0.369141 0.236979 0.369141 0.259375 0.344922 0.259375
0 0.371484 0.220312 0.392578 0.220312 0.392578 0.233333 0.371484 0.233333
0 0.441016 0.223438 0.464453 0.223438 0.464453 0.24375 0.441016 0.24375
0 0.369141 0.276042 0.392578 0.276042 0.392578 0.294792 0.369141 0.294792
0 0.427734 0.329167 0.446094 0.329167 0.446094 0.35625 0.427734 0.35625
0 0.50625 0.167708 0.524609 0.167708 0.524609 0.194271 0.50625 0.194271
0 0.646484 0.236979 0.664062 0.236979 0.664062 0.273438 0.646484 0.273438
0 0.697656 0.233333 0.715234 0.233333 0.715234 0.259375 0.697656 0.259375
0 0.726172 0.225521 0.744531 0.225521 0.744531 0.254688 0.726172 0.254688
0 0.746875 0.305729 0.764453 0.305729 0.764453 0.335938 0.746875 0.335938
0 0.754297 0.355208 0.771094 0.355208 0.771094 0.386458 0.754297 0.386458
0 0.773828 0.379688 0.792188 0.379688 0.792188 0.405208 0.773828 0.405208
0 0.78125 0.323958 0.801953 0.323958 0.801953 0.355208 0.78125 0.355208
0 0.813672 0.361979 0.838672 0.361979 0.838672 0.385417 0.813672 0.385417
0 0.807031 0.289062 0.826953 0.289062 0.826953 0.320312 0.807031 0.320312
0 0.786328 0.251563 0.801953 0.251563 0.801953 0.278125 0.786328 0.278125
0 0.771875 0.201042 0.790234 0.201042 0.790234 0.230208 0.771875 0.230208
0 0.643359 0.166667 0.663672 0.166667 0.663672 0.202604 0.643359 0.202604
0 0.675781 0.192708 0.695312 0.192708 0.695312 0.217188 0.675781 0.217188
0 0.309766 0.230208 0.334766 0.230208 0.334766 0.242708 0.309766 0.242708
0 0.309766 0.270833 0.326562 0.270833 0.326562 0.290625 0.309766 0.290625
0 0.401562 0.207812 0.419141 0.207812 0.419141 0.2375 0.401562 0.2375
0 0.719531 0.145312 0.737109 0.145312 0.737109 0.171354 0.719531 0.171354
0 0.652344 0.129688 0.673047 0.129688 0.673047 0.152083 0.652344 0.152083
0 0.692578 0.911979 0.708203 0.911979 0.708203 0.945312 0.692578 0.945312
0 0.672266 0.958333 0.688281 0.958333 0.688281 0.984375 0.672266 0.984375
0 0.725391 0.870833 0.742188 0.870833 0.742188 0.9 0.725391 0.9
0 0.773438 0.866146 0.787109 0.866146 0.787109 0.903125 0.773438 0.903125
0 0.74375 0.913021 0.768359 0.913021 0.768359 0.935417 0.74375 0.935417
0 0.809375 0.873958 0.824609 0.873958 0.824609 0.905208 0.809375 0.905208
0 0.788281 0.795833 0.810156 0.795833 0.810156 0.814062 0.788281 0.814062
0 0.858984 0.923958 0.877734 0.923958 0.877734 0.955208 0.858984 0.955208
0 0.711328 0.945833 0.728516 0.945833 0.728516 0.957292 0.711328 0.957292
0 0.001562 0.958854 0.024609 0.958854 0.024609 0.980208 0.001562 0.980208
0 0.943359 0.651562 0.962891 0.651562 0.962891 0.680729 0.943359 0.680729
0 0.920703 0.69375 0.939844 0.69375 0.939844 0.7125 0.920703 0.7125
0 0.910156 0.723958 0.922266 0.723958 0.922266 0.747917 0.910156 0.747917
0 0.935547 0.721875 0.953906 0.721875 0.953906 0.746354 0.935547 0.746354
0 0.948047 0.771354 0.962109 0.771354 0.962109 0.799479 0.948047 0.799479
0 0.978906 0.785417 0.994531 0.785417 0.994531 0.813542 0.978906 0.813542
0 0.982422 0.630208 0.996484 0.630208 0.996484 0.65625 0.982422 0.65625
0 0.896094 0.847396 0.915234 0.847396 0.915234 0.878125 0.896094 0.878125
0 0.695312 0.528125 0.723438 0.528125 0.723438 0.550521 0.695312 0.550521
0 0.832812 0.248958 0.851172 0.248958 0.851172 0.278125 0.832812 0.278125
0 0.85625 0.226562 0.876562 0.226562 0.876562 0.256771 0.85625 0.256771
0 0.840625 0.310938 0.85625 0.310938 0.85625 0.341667 0.840625 0.341667
0 0.858203 0.355729 0.875 0.355729 0.875 0.382812 0.858203 0.382812
0 0.880859 0.390625 0.907422 0.390625 0.907422 0.410938 0.880859 0.410938
0 0.890625 0.327604 0.908984 0.327604 0.908984 0.354688 0.890625 0.354688
0 0.916406 0.322917 0.93125 0.322917 0.93125 0.348438 0.916406 0.348438
0 0.938281 0.308854 0.953906 0.308854 0.953906 0.334375 0.938281 0.334375
0 0.955859 0.282812 0.976172 0.282812 0.976172 0.302604 0.955859 0.302604
0 0.976172 0.232292 0.991797 0.232292 0.991797 0.252083 0.976172 0.252083
0 0.932031 0.230208 0.950391 0.230208 0.950391 0.261458 0.932031 0.261458
0 0.903906 0.240625 0.920703 0.240625 0.920703 0.270833 0.903906 0.270833
0 0.897656 0.2875 0.917969 0.2875 0.917969 0.311979 0.897656 0.311979
0 0.879297 0.255729 0.894922 0.255729 0.894922 0.282812 0.879297 0.282812
0 0.858203 0.140625 0.875781 0.140625 0.875781 0.175 0.858203 0.175
0 0.901953 0.113542 0.917188 0.113542 0.917188 0.148958 0.901953 0.148958
0 0.925 0.113542 0.944531 0.113542 0.944531 0.135938 0.925 0.135938
0 0.901953 0.163021 0.922266 0.163021 0.922266 0.191146 0.901953 0.191146
0 0.952344 0.179688 0.974219 0.179688 0.974219 0.204167 0.952344 0.204167
0 0.976953 0.096354 0.99375 0.096354 0.99375 0.122917 0.976953 0.122917
0 0.828125 0.165625 0.847656 0.165625 0.847656 0.184375 0.828125 0.184375
0 0.821094 0.045833 0.838672 0.045833 0.838672 0.075 0.821094 0.075
0 0.865234 0.036458 0.882812 0.036458 0.882812 0.066667 0.865234 0.066667
0 0.714844 0.098958 0.736328 0.098958 0.736328 0.125 0.714844 0.125
0 0.869141 0.108854 0.889453 0.108854 0.889453 0.133854 0.869141 0.133854
0 0.777734 0.002083 0.802344 0.002083 0.802344 0.025521 0.777734 0.025521
0 0.946094 0.014583 0.966797 0.014583 0.966797 0.039062 0.946094 0.039062
0 0.573438 0.096354 0.592969 0.096354 0.592969 0.130729 0.573438 0.130729
0 0.551562 0.05 0.566797 0.05 0.566797 0.084896 0.551562 0.084896
0 0.508594 0.116146 0.528125 0.116146 0.528125 0.139583 0.508594 0.139583
0 0.457812 0.098958 0.473828 0.098958 0.473828 0.123438 0.457812 0.123438
0 0.495703 0.070312 0.514062 0.070312 0.514062 0.098958 0.495703 0.098958
0 0.452344 0.053125 0.471875 0.053125 0.471875 0.077604 0.452344 0.077604
0 0.445703 0.015625 0.463281 0.015625 0.463281 0.036979 0.445703 0.036979
0 0.480469 0.0125 0.497656 0.0125 0.497656 0.047396 0.480469 0.047396
0 0.328125 0.047396 0.342188 0.047396 0.342188 0.076042 0.328125 0.076042
0 0.303125 0.044271 0.318359 0.044271 0.318359 0.072917 0.303125 0.072917
0 0.298828 0.006771 0.317188 0.006771 0.317188 0.03125 0.298828 0.03125
0 0.504297 0.0 0.526953 0.0 0.526953 0.022396 0.504297 0.022396
0 0.747656 0.004167 0.765234 0.004167 0.765234 0.033854 0.747656 0.033854
0 0.902734 0.958333 0.919531 0.958333 0.919531 0.988021 0.902734 0.988021
0 0.659375 0.608333 0.682422 0.608333 0.682422 0.639062 0.659375 0.639062
0 0.581641 0.664583 0.60625 0.664583 0.60625 0.689062 0.581641 0.689062