0 0.486719 0.63125 0.511719 0.63125 0.511719 0.660938 0.486719 0.660938
0 0.449219 0.638021 0.469141 0.638021 0.469141 0.670833 0.449219 0.670833
0 0.411328 0.616667 0.437109 0.616667 0.437109 0.643229 0.411328 0.643229
0 0.379688 0.586458 0.407031 0.586458 0.407031 0.609896 0.379688 0.609896
0 0.441016 0.563542 0.464844 0.563542 0.464844 0.6 0.441016 0.6
0 0.39375 0.551042 0.419922 0.551042 0.419922 0.58125 0.39375 0.58125
0 0.376172 0.49375 0.398047 0.49375 0.398047 0.525 0.376172 0.525
0 0.417969 0.501562 0.446484 0.501562 0.446484 0.53125 0.417969 0.53125
0 0.490234 0.544271 0.511719 0.544271 0.511719 0.579688 0.490234 0.579688
0 0.534766 0.572917 0.564453 0.572917 0.564453 0.596354 0.534766 0.596354
0 0.535156 0.53125 0.563281 0.53125 0.563281 0.555208 0.535156 0.555208
0 0.570312 0.596875 0.598438 0.596875 0.598438 0.622396 0.570312 0.622396
0 0.546094 0.639062 0.575 0.639062 0.575 0.672396 0.546094 0.672396
0 0.597656 0.678646 0.620703 0.678646 0.620703 0.710938 0.597656 0.710938
0 0.613672 0.651042 0.642188 0.651042 0.642188 0.683854 0.613672 0.683854
0 0.508594 0.652604 0.527734 0.652604 0.527734 0.683333 0.508594 0.683333
0 0.551172 0.681771 0.580859 0.681771 0.580859 0.711458 0.551172 0.711458
0 0.625781 0.700521 0.647656 0.700521 0.647656 0.735417 0.625781 0.735417
0 0.689844 0.732812 0.711328 0.732812 0.711328 0.7625 0.689844 0.7625
0 0.341406 0.530208 0.363672 0.530208 0.363672 0.565104 0.341406 0.565104
0 0.327734 0.480729 0.349219 0.480729 0.349219 0.518229 0.327734 0.518229
0 0.294531 0.478646 0.317578 0.478646 0.317578 0.511458 0.294531 0.511458
0 0.301953 0.430729 0.319141 0.430729 0.319141 0.464062 0.301953 0.464062
0 0.326172 0.422917 0.348438 0.422917 0.348438 0.453646 0.326172 0.453646
0 0.352734 0.433854 0.374219 0.433854 0.374219 0.463021 0.352734 0.463021
0 0.384375 0.434896 0.407812 0.434896 0.407812 0.465625 0.384375 0.465625
0 0.303516 0.532812 0.324609 0.532812 0.324609 0.570312 0.303516 0.570312
0 0.35 0.59375 0.373438 0.59375 0.373438 0.620833 0.35 0.620833
0 0.329688 0.632292 0.352734 0.632292 0.352734 0.659896 0.329688 0.659896
0 0.312109 0.601042 0.332812 0.601042 0.332812 0.629167 0.312109 0.629167
0 0.275 0.585417 0.297656 0.585417 0.297656 0.615625 0.275 0.615625
0 0.360156 0.646875 0.384375 0.646875 0.384375 0.678646 0.360156 0.678646
0 0.39375 0.686979 0.419531 0.686979 0.419531 0.709375 0.39375 0.709375
0 0.358984 0.69375 0.388672 0.69375 0.388672 0.71875 0.358984 0.71875
0 0.307031 0.682292 0.329688 0.682292 0.329688 0.705729 0.307031 0.705729
0 0.437891 0.695833 0.462891 0.695833 0.462891 0.718229 0.437891 0.718229
0 0.488281 0.690104 0.508594 0.690104 0.508594 0.717188 0.488281 0.717188
0 0.519141 0.715625 0.537891 0.715625 0.537891 0.750521 0.519141 0.750521
0 0.548438 0.719271 0.564453 0.719271 0.564453 0.749479 0.548438 0.749479
0 0.564062 0.757292 0.586328 0.757292 0.586328 0.784896 0.564062 0.784896
0 0.59375 0.753646 0.616016 0.753646 0.616016 0.778125 0.59375 0.778125
0 0.625781 0.751042 0.651562 0.751042 0.651562 0.777604 0.625781 0.777604
0 0.647656 0.777083 0.674609 0.777083 0.674609 0.803646 0.647656 0.803646
0 0.616406 0.790625 0.646094 0.790625 0.646094 0.818229 0.616406 0.818229
0 0.610938 0.822396 0.639062 0.822396 0.639062 0.846875 0.610938 0.846875
0 0.545703 0.810938 0.573828 0.810938 0.573828 0.834896 0.545703 0.834896
0 0.495312 0.760417 0.522266 0.760417 0.522266 0.784896 0.495312 0.784896
0 0.476562 0.724479 0.5 0.724479 0.5 0.756771 0.476562 0.756771
0 0.442578 0.728646 0.462891 0.728646 0.462891 0.761979 0.442578 0.761979
0 0.409375 0.7375 0.431641 0.7375 0.431641 0.767708 0.409375 0.767708
0 0.3875 0.725521 0.405078 0.725521 0.405078 0.748438 0.3875 0.748438
0 0.35 0.730208 0.379297 0.730208 0.379297 0.761458 0.35 0.761458
0 0.326562 0.761458 0.357422 0.761458 0.357422 0.783333 0.326562 0.783333
0 0.309766 0.790625 0.340625 0.790625 0.340625 0.826562 0.309766 0.826562
0 0.351562 0.794792 0.375391 0.794792 0.375391 0.823438 0.351562 0.823438
0 0.393359 0.7875 0.416406 0.7875 0.416406 0.815104 0.393359 0.815104
0 0.473047 0.792188 0.496875 0.792188 0.496875 0.819271 0.473047 0.819271
0 0.514844 0.796354 0.539844 0.796354 0.539844 0.811458 0.514844 0.811458
0 0.504687 0.817188 0.532031 0.817188 0.532031 0.840104 0.504687 0.840104
0 0.519141 0.877604 0.540625 0.877604 0.540625 0.908854 0.519141 0.908854
0 0.552734 0.888021 0.587109 0.888021 0.587109 0.918229 0.552734 0.918229
0 0.6375 0.855208 0.667188 0.855208 0.667188 0.879167 0.6375 0.879167
0 0.628516 0.890625 0.662109 0.890625 0.662109 0.920312 0.628516 0.920312
0 0.607031 0.913021 0.630469 0.913021 0.630469 0.941667 0.607031 0.941667
0 0.573438 0.933854 0.598828 0.933854 0.598828 0.965625 0.573438 0.965625
0 0.626172 0.948958 0.657422 0.948958 0.657422 0.974479 0.626172 0.974479
0 0.535156 0.938021 0.557812 0.938021 0.557812 0.972917 0.535156 0.972917
0 0.522266 0.96875 0.541406 0.96875 0.541406 0.995833 0.522266 0.995833
0 0.543359 0.978646 0.566797 0.978646 0.566797 0.999479 0.543359 0.999479
0 0.627734 0.982292 0.653906 0.982292 0.653906 0.999479 0.627734 0.999479
0 0.464062 0.886979 0.482422 0.886979 0.482422 0.911458 0.464062 0.911458
0 0.430469 0.867708 0.461719 0.867708 0.461719 0.893229 0.430469 0.893229
0 0.416406 0.808333 0.433203 0.808333 0.433203 0.839062 0.416406 0.839062
0 0.387109 0.829688 0.411719 0.829688 0.411719 0.866667 0.387109 0.866667
0 0.388281 0.894792 0.411328 0.894792 0.411328 0.930208 0.388281 0.930208
0 0.432422 0.9125 0.457031 0.9125 0.457031 0.936458 0.432422 0.936458
0 0.424609 0.941667 0.452734 0.941667 0.452734 0.967708 0.424609 0.967708
0 0.383984 0.948438 0.410156 0.948438 0.410156 0.980729 0.383984 0.980729
0 0.339844 0.895833 0.366406 0.895833 0.366406 0.932292 0.339844 0.932292
0 0.363672 0.878125 0.383594 0.878125 0.383594 0.900521 0.363672 0.900521
0 0.341406 0.851042 0.365234 0.851042 0.365234 0.875521 0.341406 0.875521
0 0.315234 0.850521 0.339062 0.850521 0.339062 0.881771 0.315234 0.881771
0 0.312891 0.920833 0.339453 0.920833 0.339453 0.953646 0.312891 0.953646
0 0.078125 0.946875 0.098047 0.946875 0.098047 0.975 0.078125 0.975
0 0.037891 0.946875 0.064062 0.946875 0.064062 0.979688 0.037891 0.979688
0 0.0 0.944271 0.014453 0.944271 0.014453 0.965104 0.0 0.965104
0 0.035547 0.89375 0.064062 0.89375 0.064062 0.918229 0.035547 0.918229
0 0.069141 0.875521 0.091016 0.875521 0.091016 0.905729 0.069141 0.905729
0 0.092188 0.901042 0.117578 0.901042 0.117578 0.935938 0.092188 0.935938
0 0.013281 0.846354 0.039453 0.846354 0.039453 0.868229 0.013281 0.868229
0 0.0 0.804688 0.026562 0.804688 0.026562 0.820312 0.0 0.820312
0 0.097266 0.846354 0.119141 0.846354 0.119141 0.869271 0.097266 0.869271
0 0.214453 0.523958 0.239453 0.523958 0.239453 0.558854 0.214453 0.558854
0 0.20625 0.569792 0.233594 0.569792 0.233594 0.60625 0.20625 0.60625
0 0.194141 0.629688 0.217188 0.629688 0.217188 0.6625 0.194141 0.6625
0 0.220703 0.624479 0.236328 0.624479 0.236328 0.657292 0.220703 0.657292
0 0.152344 0.55 0.174609 0.55 0.174609 0.583333 0.152344 0.583333
0 0.168359 0.505729 0.186719 0.505729 0.186719 0.534896 0.168359 0.534896
0 0.177734 0.458333 0.198828 0.458333 0.198828 0.484896 0.177734 0.484896
0 0.215234 0.426042 0.237891 0.426042 0.237891 0.453125 0.215234 0.453125
0 0.183203 0.420312 0.20625 0.420312 0.20625 0.436458 0.183203 0.436458
0 0.147266 0.435938 0.172656 0.435938 0.172656 0.467188 0.147266 0.467188
0 0.119922 0.461979 0.140234 0.461979 0.140234 0.496354 0.119922 0.496354
0 0.138281 0.498438 0.158984 0.498438 0.158984 0.525 0.138281 0.525
0 0.11875 0.531771 0.141406 0.531771 0.141406 0.566667 0.11875 0.566667
0 0.129297 0.597917 0.159766 0.597917 0.159766 0.616146 0.129297 0.616146
0 0.116016 0.670312 0.140625 0.670312 0.140625 0.704167 0.116016 0.704167
0 0.1 0.632292 0.122656 0.632292 0.122656 0.663542 0.1 0.663542
0 0.061328 0.627083 0.084766 0.627083 0.084766 0.65625 0.061328 0.65625
0 0.089453 0.575 0.107031 0.575 0.107031 0.608333 0.089453 0.608333
0 0.036328 0.572396 0.053516 0.572396 0.053516 0.607292 0.036328 0.607292
0 0.05625 0.525521 0.080859 0.525521 0.080859 0.550521 0.05625 0.550521
0 0.095312 0.503646 0.117969 0.503646 0.117969 0.536979 0.095312 0.536979
0 0.013281 0.502604 0.037891 0.502604 0.037891 0.531771 0.013281 0.531771
0 0.051953 0.501562 0.073047 0.501562 0.073047 0.520312 0.051953 0.520312
0 0.08125 0.454688 0.108984 0.454688 0.108984 0.479167 0.08125 0.479167
0 0.092188 0.39375 0.119141 0.39375 0.119141 0.417188 0.092188 0.417188
0 0.039844 0.388542 0.063672 0.388542 0.063672 0.423958 0.039844 0.423958
0 0.021094 0.464583 0.042188 0.464583 0.042188 0.492708 0.021094 0.492708
0 0.152734 0.364583 0.179688 0.364583 0.179688 0.392188 0.152734 0.392188
0 0.144141 0.318229 0.172266 0.318229 0.172266 0.355208 0.144141 0.355208
0 0.107812 0.351562 0.133594 0.351562 0.133594 0.372917 0.107812 0.372917
0 0.086328 0.136979 0.114062 0.136979 0.114062 0.170833 0.086328 0.170833
0 0.047266 0.153125 0.071875 0.153125 0.071875 0.184896 0.047266 0.184896
0 0.016406 0.164583 0.045312 0.164583 0.045312 0.191667 0.016406 0.191667
0 0.014844 0.210417 0.052734 0.210417 0.052734 0.239583 0.014844 0.239583
0 0.021875 0.260938 0.060938 0.260938 0.060938 0.292708 0.021875 0.292708
0 0.075 0.276562 0.096875 0.276562 0.096875 0.31875 0.075 0.31875
0 0.123438 0.30625 0.144922 0.30625 0.144922 0.326042 0.123438 0.326042
0 0.130469 0.266667 0.15625 0.266667 0.15625 0.291146 0.130469 0.291146
0 0.144922 0.238021 0.169141 0.238021 0.169141 0.264062 0.144922 0.264062
0 0.092188 0.232292 0.114453 0.232292 0.114453 0.254167 0.092188 0.254167
0 0.094141 0.207812 0.116016 0.207812 0.116016 0.231771 0.094141 0.231771
0 0.112891 0.167188 0.133203 0.167188 0.133203 0.190625 0.112891 0.190625
0 0.072656 0.338542 0.102734 0.338542 0.102734 0.365104 0.072656 0.365104
0 0.045703 0.338021 0.065625 0.338021 0.065625 0.369271 0.045703 0.369271
0 0.03125 0.316667 0.049609 0.316667 0.049609 0.344271 0.03125 0.344271
0 0.016797 0.33125 0.034375 0.33125 0.034375 0.354688 0.016797 0.354688
0 0.0 0.379167 0.021484 0.379167 0.021484 0.413542 0.0 0.413542
0 0.561328 0.498438 0.585547 0.498438 0.585547 0.520312 0.561328 0.520312
0 0.578125 0.526042 0.596875 0.526042 0.596875 0.552083 0.578125 0.552083
0 0.6 0.526562 0.617188 0.526562 0.617188 0.556771 0.6 0.556771
0 0.546094 0.456771 0.569141 0.456771 0.569141 0.484375 0.546094 0.484375
0 0.516797 0.440625 0.533984 0.440625 0.533984 0.470833 0.516797 0.470833
0 0.509375 0.484896 0.532812 0.484896 0.532812 0.510938 0.509375 0.510938
0 0.489844 0.441146 0.505469 0.441146 0.505469 0.475521 0.489844 0.475521
0 0.492578 0.395312 0.514453 0.395312 0.514453 0.421354 0.492578 0.421354
0 0.458203 0.406771 0.481641 0.406771 0.481641 0.4375 0.458203 0.4375
0 0.453906 0.444792 0.479297 0.444792 0.479297 0.478646 0.453906 0.478646
0 0.428906 0.457292 0.452734 0.457292 0.452734 0.486458 0.428906 0.486458
0 0.398828 0.405208 0.422656 0.405208 0.422656 0.427604 0.398828 0.427604
0 0.367578 0.390104 0.393359 0.390104 0.393359 0.413542 0.367578 0.413542
0 0.178516 0.195833 0.219141 0.195833 0.219141 0.244792 0.178516 0.244792
0 0.309375 0.266146 0.342578 0.266146 0.342578 0.293229 0.309375 0.293229
0 0.275 0.24375 0.309375 0.24375 0.309375 0.269271 0.275 0.269271
0 0.252344 0.203125 0.281641 0.203125 0.281641 0.226562 0.252344 0.226562
0 0.232422 0.172917 0.258594 0.172917 0.258594 0.197396 0.232422 0.197396
0 0.198438 0.105208 0.225781 0.105208 0.225781 0.141146 0.198438 0.141146
0 0.237891 0.140625 0.266016 0.140625 0.266016 0.163021 0.237891 0.163021
0 0.270703 0.159375 0.287891 0.159375 0.287891 0.197917 0.270703 0.197917
0 0.294141 0.192188 0.317578 0.192188 0.317578 0.225521 0.294141 0.225521
0 0.360156 0.247917 0.394141 0.247917 0.394141 0.276042 0.360156 0.276042
0 0.025 0.070833 0.049219 0.070833 0.049219 0.092188 0.025 0.092188
0 0.060156 0.089062 0.081641 0.089062 0.081641 0.108854 0.060156 0.108854
0 0.001953 0.061458 0.017969 0.061458 0.017969 0.084375 0.001953 0.084375
0 0.056641 0.048438 0.071094 0.048438 0.071094 0.070833 0.056641 0.070833
0 0.332031 0.179688 0.353125 0.179688 0.353125 0.214062 0.332031 0.214062
0 0.307422 0.153646 0.328906 0.153646 0.328906 0.182292 0.307422 0.182292
0 0.278125 0.107292 0.296875 0.107292 0.296875 0.146875 0.278125 0.146875
0 0.238672 0.075 0.272266 0.075 0.272266 0.10625 0.238672 0.10625
0 0.264844 0.049479 0.2875 0.049479 0.2875 0.084896 0.264844 0.084896
0 0.287109 0.043229 0.310547 0.043229 0.310547 0.076562 0.287109 0.076562
0 0.24375 0.016146 0.276953 0.016146 0.276953 0.048438 0.24375 0.048438
0 0.322266 0.020312 0.357812 0.020312 0.357812 0.048438 0.322266 0.048438
0 0.354297 0.049479 0.381641 0.049479 0.381641 0.078646 0.354297 0.078646
0 0.3875 0.015625 0.407812 0.015625 0.407812 0.056771 0.3875 0.056771
0 0.367969 0.096354 0.401562 0.096354 0.401562 0.128646 0.367969 0.128646
0 0.381641 0.167188 0.409375 0.167188 0.409375 0.196354 0.381641 0.196354
0 0.363281 0.218229 0.403906 0.218229 0.403906 0.241667 0.363281 0.241667
0 0.426172 0.160938 0.455859 0.160938 0.455859 0.183854 0.426172 0.183854
0 0.436719 0.100521 0.460156 0.100521 0.460156 0.126562 0.436719 0.126562
0 0.415625 0.066146 0.451172 0.066146 0.451172 0.096354 0.415625 0.096354
0 0.448438 0.009896 0.477344 0.009896 0.477344 0.04375 0.448438 0.04375
0 0.420703 0.007812 0.442188 0.007812 0.442188 0.036458 0.420703 0.036458
0 0.427734 0.283854 0.455859 0.283854 0.455859 0.309896 0.427734 0.309896
0 0.4625 0.276562 0.490625 0.276562 0.490625 0.295833 0.4625 0.295833
0 0.438672 0.211458 0.462109 0.211458 0.462109 0.229688 0.438672 0.229688
0 0.503125 0.246354 0.525 0.246354 0.525 0.277083 0.503125 0.277083
0 0.525781 0.293229 0.555469 0.293229 0.555469 0.326042 0.525781 0.326042
0 0.617578 0.345833 0.644531 0.345833 0.644531 0.370833 0.617578 0.370833
0 0.529688 0.241146 0.559375 0.241146 0.559375 0.270312 0.529688 0.270312
0 0.462109 0.172396 0.483984 0.172396 0.483984 0.202083 0.462109 0.202083
0 0.487891 0.186979 0.510156 0.186979 0.510156 0.227083 0.487891 0.227083
0 0.501172 0.144792 0.530469 0.144792 0.530469 0.174479 0.501172 0.174479
0 0.527344 0.090625 0.553906 0.090625 0.553906 0.122917 0.527344 0.122917
0 0.519141 0.061458 0.536328 0.061458 0.536328 0.089583 0.519141 0.089583
0 0.535547 0.057292 0.567578 0.057292 0.567578 0.085938 0.535547 0.085938
0 0.521875 0.011979 0.558203 0.011979 0.558203 0.035938 0.521875 0.035938
0 0.564062 0.011458 0.6 0.011458 0.6 0.043229 0.564062 0.043229
0 0.619922 0.004688 0.664062 0.004688 0.664062 0.030729 0.619922 0.030729
0 0.669531 0.03125 0.684766 0.03125 0.684766 0.067708 0.669531 0.067708
0 0.615234 0.072917 0.648047 0.072917 0.648047 0.1 0.615234 0.1
0 0.545703 0.161458 0.565625 0.161458 0.565625 0.195833 0.545703 0.195833
0 0.580469 0.161458 0.614453 0.161458 0.614453 0.186979 0.580469 0.186979
0 0.591016 0.115625 0.619141 0.115625 0.619141 0.142188 0.591016 0.142188
0 0.640234 0.15625 0.665234 0.15625 0.665234 0.181771 0.640234 0.181771
0 0.646484 0.225 0.680078 0.225 0.680078 0.247396 0.646484 0.247396
0 0.63125 0.305208 0.661328 0.305208 0.661328 0.329688 0.63125 0.329688
0 0.605469 0.238021 0.635156 0.238021 0.635156 0.268229 0.605469 0.268229
0 0.6875 0.194271 0.714453 0.194271 0.714453 0.227604 0.6875 0.227604
0 0.660938 0.1 0.6875 0.1 0.6875 0.124479 0.660938 0.124479
0 0.717969 0.142708 0.741016 0.142708 0.741016 0.167188 0.717969 0.167188
0 0.726172 0.175521 0.763672 0.175521 0.763672 0.198958 0.726172 0.198958
0 0.698047 0.080208 0.725 0.080208 0.725 0.105208 0.698047 0.105208
0 0.718359 0.1125 0.748438 0.1125 0.748438 0.135938 0.718359 0.135938
0 0.755469 0.1125 0.7875 0.1125 0.7875 0.144271 0.755469 0.144271
0 0.790234 0.104688 0.815234 0.104688 0.815234 0.13125 0.790234 0.13125
0 0.797656 0.080729 0.824219 0.080729 0.824219 0.114062 0.797656 0.114062
0 0.761719 0.0625 0.788281 0.0625 0.788281 0.091146 0.761719 0.091146
0 0.733203 0.052604 0.759766 0.052604 0.759766 0.091146 0.733203 0.091146
0 0.701172 0.046875 0.730469 0.046875 0.730469 0.071875 0.701172 0.071875
0 0.775391 0.020833 0.798047 0.020833 0.798047 0.052604 0.775391 0.052604
0 0.573047 0.300521 0.607031 0.300521 0.607031 0.331771 0.573047 0.331771
0 0.861328 0.3625 0.891016 0.3625 0.891016 0.386979 0.861328 0.386979
0 0.881641 0.328646 0.90625 0.328646 0.90625 0.358854 0.881641 0.358854
0 0.824609 0.346875 0.854688 0.346875 0.854688 0.384375 0.824609 0.384375
0 0.807422 0.422917 0.836719 0.422917 0.836719 0.461979 0.807422 0.461979
0 0.818359 0.309375 0.844141 0.309375 0.844141 0.339583 0.818359 0.339583
0 0.840625 0.261458 0.866406 0.261458 0.866406 0.302604 0.840625 0.302604
0 0.789844 0.323958 0.809375 0.323958 0.809375 0.366146 0.789844 0.366146
0 0.787109 0.265625 0.811719 0.265625 0.811719 0.3 0.787109 0.3
0 0.755859 0.276562 0.782422 0.276562 0.782422 0.307292 0.755859 0.307292
0 0.738672 0.305729 0.765234 0.305729 0.765234 0.334375 0.738672 0.334375
0 0.716016 0.380208 0.752734 0.380208 0.752734 0.407292 0.716016 0.407292
0 0.761328 0.382812 0.796484 0.382812 0.796484 0.408854 0.761328 0.408854
0 0.752344 0.427604 0.789062 0.427604 0.789062 0.453125 0.752344 0.453125
0 0.723438 0.490104 0.752344 0.490104 0.752344 0.528125 0.723438 0.528125
0 0.721484 0.466146 0.750391 0.466146 0.750391 0.488021 0.721484 0.488021
0 0.753516 0.490625 0.783984 0.490625 0.783984 0.515104 0.753516 0.515104
0 0.80625 0.507812 0.834375 0.507812 0.834375 0.541667 0.80625 0.541667
0 0.772656 0.555208 0.795312 0.555208 0.795312 0.589062 0.772656 0.589062
0 0.783984 0.59375 0.808203 0.59375 0.808203 0.626562 0.783984 0.626562
0 0.749219 0.583333 0.772656 0.583333 0.772656 0.6125 0.749219 0.6125
0 0.702344 0.594792 0.723828 0.594792 0.723828 0.632292 0.702344 0.632292
0 0.678516 0.555208 0.705469 0.555208 0.705469 0.590625 0.678516 0.590625
0 0.651562 0.560938 0.673828 0.560938 0.673828 0.596354 0.651562 0.596354
0 0.666797 0.589062 0.694531 0.589062 0.694531 0.623958 0.666797 0.623958
0 0.660938 0.50625 0.688281 0.50625 0.688281 0.54375 0.660938 0.54375
0 0.662109 0.466146 0.686719 0.466146 0.686719 0.488021 0.662109 0.488021
0 0.691016 0.50625 0.717188 0.50625 0.717188 0.533333 0.691016 0.533333
0 0.757422 0.939583 0.792969 0.939583 0.792969 0.966146 0.757422 0.966146
0 0.832812 0.909375 0.847656 0.909375 0.847656 0.941146 0.832812 0.941146
0 0.671875 0.789583 0.69375 0.789583 0.69375 0.823438 0.671875 0.823438
0 0.735547 0.625 0.761719 0.625 0.761719 0.658333 0.735547 0.658333
0 0.765234 0.627083 0.789453 0.627083 0.789453 0.663542 0.765234 0.663542
0 0.748828 0.665625 0.776172 0.665625 0.776172 0.701562 0.748828 0.701562
0 0.70625 0.661979 0.734766 0.661979 0.734766 0.696875 0.70625 0.696875
0 0.848828 0.613542 0.874609 0.613542 0.874609 0.644792 0.848828 0.644792
0 0.865234 0.582292 0.893359 0.582292 0.893359 0.620833 0.865234 0.620833
0 0.862109 0.533854 0.889844 0.533854 0.889844 0.558854 0.862109 0.558854
0 0.843359 0.484896 0.871875 0.484896 0.871875 0.513021 0.843359 0.513021
0 0.888672 0.514062 0.916406 0.514062 0.916406 0.538021 0.888672 0.538021
0 0.887109 0.480208 0.916797 0.480208 0.916797 0.505729 0.887109 0.505729
0 0.907422 0.547396 0.932812 0.547396 0.932812 0.578125 0.907422 0.578125
0 0.804688 0.636979 0.822266 0.636979 0.822266 0.668229 0.804688 0.668229
0 0.830469 0.651562 0.847266 0.651562 0.847266 0.682812 0.830469 0.682812
0 0.86875 0.759896 0.895312 0.759896 0.895312 0.7875 0.86875 0.7875
0 0.926172 0.902083 0.95625 0.902083 0.95625 0.933333 0.926172 0.933333
0 0.896094 0.928125 0.910156 0.928125 0.910156 0.966667 0.896094 0.966667
0 0.861328 0.916146 0.883203 0.916146 0.883203 0.950521 0.861328 0.950521
0 0.835938 0.952604 0.863281 0.952604 0.863281 0.986458 0.835938 0.986458
0 0.950391 0.845312 0.985156 0.845312 0.985156 0.871875 0.950391 0.871875
0 0.934375 0.8625 0.953125 0.8625 0.953125 0.890104 0.934375 0.890104
0 0.902344 0.836979 0.929297 0.836979 0.929297 0.867188 0.902344 0.867188
0 0.929688 0.8 0.956641 0.8 0.956641 0.826562 0.929688 0.826562
0 0.964844 0.796354 0.99375 0.796354 0.99375 0.819271 0.964844 0.819271
0 0.923828 0.747917 0.944141 0.747917 0.944141 0.768229 0.923828 0.768229
0 0.892188 0.684896 0.912891 0.684896 0.912891 0.70625 0.892188 0.70625
0 0.951172 0.657292 0.970312 0.657292 0.970312 0.680729 0.951172 0.680729
0 0.969141 0.661979 0.985547 0.661979 0.985547 0.691667 0.969141 0.691667
0 0.825391 0.751042 0.853906 0.751042 0.853906 0.786458 0.825391 0.786458
0 0.934766 0.615104 0.9625 0.615104 0.9625 0.646354 0.934766 0.646354
0 0.814062 0.572917 0.84375 0.572917 0.84375 0.601042 0.814062 0.601042
0 0.880078 0.433333 0.901562 0.433333 0.901562 0.460417 0.880078 0.460417
0 0.839844 0.397917 0.876953 0.397917 0.876953 0.420312 0.839844 0.420312
0 0.688672 0.430208 0.716016 0.430208 0.716016 0.454688 0.688672 0.454688
0 0.9625 0.048958 0.997266 0.048958 0.997266 0.089583 0.9625 0.089583
0 0.960547 0.009896 0.982422 0.009896 0.982422 0.042188 0.960547 0.042188
0 0.987109 0.007812 0.999609 0.007812 0.999609 0.040625 0.987109 0.040625
0 0.955078 0.936979 0.99375 0.936979 0.99375 0.979688 0.955078 0.979688