0 0.141797 0.016146 0.161328 0.016146 0.161328 0.044271 0.141797 0.044271
0 0.166797 0.064583 0.186719 0.064583 0.186719 0.100521 0.166797 0.100521
0 0.177344 0.009375 0.198828 0.009375 0.198828 0.033854 0.177344 0.033854
0 0.217969 0.020833 0.2375 0.020833 0.2375 0.055208 0.217969 0.055208
0 0.203906 0.069271 0.226953 0.069271 0.226953 0.100521 0.203906 0.100521
0 0.028125 0.016146 0.055469 0.016146 0.055469 0.040104 0.028125 0.040104
0 0.031641 0.045312 0.060547 0.045312 0.060547 0.069271 0.031641 0.069271
0 0.026562 0.071354 0.047266 0.071354 0.047266 0.094271 0.026562 0.094271
0 0.251172 0.013021 0.268359 0.013021 0.268359 0.038542 0.251172 0.038542
0 0.130859 0.092708 0.148828 0.092708 0.148828 0.128646 0.130859 0.128646
0 0.092188 0.127083 0.108984 0.127083 0.108984 0.163021 0.092188 0.163021
0 0.117188 0.140104 0.142188 0.140104 0.142188 0.169271 0.117188 0.169271
0 0.142578 0.161979 0.161719 0.161979 0.161719 0.190104 0.142578 0.190104
0 0.155469 0.128646 0.178906 0.128646 0.178906 0.156771 0.155469 0.156771
0 0.166406 0.181771 0.191016 0.181771 0.191016 0.205208 0.166406 0.205208
0 0.119531 0.182292 0.138672 0.182292 0.138672 0.207812 0.119531 0.207812
0 0.126953 0.223438 0.147656 0.223438 0.147656 0.250521 0.126953 0.250521
0 0.073047 0.182812 0.092578 0.182812 0.092578 0.216146 0.073047 0.216146
0 0.091016 0.227604 0.116797 0.227604 0.116797 0.2625 0.091016 0.2625
0 0.195312 0.120312 0.216406 0.120312 0.216406 0.152083 0.195312 0.152083
0 0.206641 0.177604 0.225781 0.177604 0.225781 0.214583 0.206641 0.214583
0 0.2375 0.123958 0.258594 0.123958 0.258594 0.157292 0.2375 0.157292
0 0.235938 0.179688 0.256641 0.179688 0.256641 0.207812 0.235938 0.207812
0 0.277344 0.152083 0.294922 0.152083 0.294922 0.185417 0.277344 0.185417
0 0.297266 0.190625 0.314453 0.190625 0.314453 0.2125 0.297266 0.2125
0 0.248438 0.218229 0.267969 0.218229 0.267969 0.247396 0.248438 0.247396
0 0.222656 0.236458 0.243359 0.236458 0.243359 0.265104 0.222656 0.265104
0 0.187891 0.226042 0.210156 0.226042 0.210156 0.251563 0.187891 0.251563
0 0.152734 0.246354 0.178125 0.246354 0.178125 0.268229 0.152734 0.268229
0 0.13125 0.267188 0.153516 0.267188 0.153516 0.289062 0.13125 0.289062
0 0.276562 0.008854 0.304688 0.008854 0.304688 0.031771 0.276562 0.031771
0 0.255859 0.045312 0.285156 0.045312 0.285156 0.067708 0.255859 0.067708
0 0.285938 0.064583 0.304297 0.064583 0.304297 0.092708 0.285938 0.092708
0 0.307812 0.052083 0.336328 0.052083 0.336328 0.072396 0.307812 0.072396
0 0.315234 0.089062 0.338281 0.089062 0.338281 0.113021 0.315234 0.113021
0 0.004297 0.345312 0.021484 0.345312 0.021484 0.380729 0.004297 0.380729
0 0.020312 0.405729 0.038281 0.405729 0.038281 0.440104 0.020312 0.440104
0 0.087109 0.342188 0.106641 0.342188 0.106641 0.384896 0.087109 0.384896
0 0.140234 0.379167 0.157422 0.379167 0.157422 0.401562 0.140234 0.401562
0 0.171484 0.369792 0.194922 0.369792 0.194922 0.392188 0.171484 0.392188
0 0.139453 0.341146 0.166406 0.341146 0.166406 0.366146 0.139453 0.366146
0 0.129297 0.30625 0.151172 0.30625 0.151172 0.3375 0.129297 0.3375
0 0.167969 0.2875 0.192969 0.2875 0.192969 0.320833 0.167969 0.320833
0 0.091406 0.269271 0.110938 0.269271 0.110938 0.304167 0.091406 0.304167
0 0.191406 0.315104 0.215625 0.315104 0.215625 0.341146 0.191406 0.341146
0 0.0625 0.307812 0.082031 0.307812 0.082031 0.339583 0.0625 0.339583
0 0.060938 0.241146 0.082422 0.241146 0.082422 0.265625 0.060938 0.265625
0 0.490625 0.079167 0.511328 0.079167 0.511328 0.1 0.490625 0.1
0 0.500391 0.121354 0.517578 0.121354 0.517578 0.152604 0.500391 0.152604
0 0.472656 0.111979 0.493359 0.111979 0.493359 0.142188 0.472656 0.142188
0 0.4375 0.1125 0.455469 0.1125 0.455469 0.141146 0.4375 0.141146
0 0.408203 0.134896 0.431641 0.134896 0.431641 0.1625 0.408203 0.1625
0 0.445312 0.153646 0.466016 0.153646 0.466016 0.186458 0.445312 0.186458
0 0.383203 0.175 0.402344 0.175 0.402344 0.20625 0.383203 0.20625
0 0.401562 0.194792 0.427344 0.194792 0.427344 0.220833 0.401562 0.220833
0 0.446094 0.208333 0.467578 0.208333 0.467578 0.229167 0.446094 0.229167
0 0.491797 0.179688 0.514062 0.179688 0.514062 0.211979 0.491797 0.211979
0 0.554297 0.148958 0.573047 0.148958 0.573047 0.171354 0.554297 0.171354
0 0.517578 0.189583 0.536328 0.189583 0.536328 0.224479 0.517578 0.224479
0 0.547266 0.191146 0.567969 0.191146 0.567969 0.224479 0.547266 0.224479
0 0.577734 0.160417 0.595703 0.160417 0.595703 0.185938 0.577734 0.185938
0 0.602734 0.225521 0.622266 0.225521 0.622266 0.258333 0.602734 0.258333
0 0.623828 0.221354 0.641016 0.221354 0.641016 0.25625 0.623828 0.25625
0 0.557812 0.235938 0.587109 0.235938 0.587109 0.260417 0.557812 0.260417
0 0.50625 0.24375 0.532812 0.24375 0.532812 0.267188 0.50625 0.267188
0 0.466016 0.242188 0.483984 0.242188 0.483984 0.275 0.466016 0.275
0 0.434375 0.258333 0.455078 0.258333 0.455078 0.291146 0.434375 0.291146
0 0.476953 0.293229 0.507422 0.293229 0.507422 0.319792 0.476953 0.319792
0 0.537109 0.277083 0.562109 0.277083 0.562109 0.301562 0.537109 0.301562
0 0.570703 0.3 0.589062 0.3 0.589062 0.332292 0.570703 0.332292
0 0.546484 0.027083 0.569531 0.027083 0.569531 0.048958 0.546484 0.048958
0 0.584766 0.020833 0.607422 0.020833 0.607422 0.046354 0.584766 0.046354
0 0.619922 0.059896 0.635938 0.059896 0.635938 0.091667 0.619922 0.091667
0 0.617969 0.0 0.636328 0.0 0.636328 0.026042 0.617969 0.026042
0 0.633984 0.027604 0.655859 0.027604 0.655859 0.048958 0.633984 0.048958
0 0.679688 0.004167 0.696875 0.004167 0.696875 0.032812 0.679688 0.032812
0 0.707422 0.015625 0.728125 0.015625 0.728125 0.046354 0.707422 0.046354
0 0.690234 0.048958 0.714453 0.048958 0.714453 0.072917 0.690234 0.072917
0 0.672656 0.0875 0.699219 0.0875 0.699219 0.110938 0.672656 0.110938
0 0.712891 0.108333 0.73125 0.108333 0.73125 0.139062 0.712891 0.139062
0 0.740625 0.096875 0.764453 0.096875 0.764453 0.119792 0.740625 0.119792
0 0.736328 0.05625 0.767188 0.05625 0.767188 0.079688 0.736328 0.079688
0 0.775391 0.038542 0.791797 0.038542 0.791797 0.069271 0.775391 0.069271
0 0.785156 0.095833 0.808984 0.095833 0.808984 0.117708 0.785156 0.117708
0 0.776172 0.117188 0.795703 0.117188 0.795703 0.154167 0.776172 0.154167
0 0.738281 0.13125 0.763281 0.13125 0.763281 0.157812 0.738281 0.157812
0 0.74375 0.165625 0.771875 0.165625 0.771875 0.192188 0.74375 0.192188
0 0.839062 0.077083 0.863672 0.077083 0.863672 0.109375 0.839062 0.109375
0 0.800781 0.038021 0.823828 0.038021 0.823828 0.068229 0.800781 0.068229
0 0.830078 0.025 0.857422 0.025 0.857422 0.048958 0.830078 0.048958
0 0.81875 0.113542 0.846875 0.113542 0.846875 0.139583 0.81875 0.139583
0 0.790625 0.164583 0.814062 0.164583 0.814062 0.195833 0.790625 0.195833
0 0.835938 0.166146 0.854688 0.166146 0.854688 0.197396 0.835938 0.197396
0 0.676562 0.244271 0.700391 0.244271 0.700391 0.273438 0.676562 0.273438
0 0.707812 0.272396 0.732031 0.272396 0.732031 0.29375 0.707812 0.29375
0 0.746875 0.255729 0.769141 0.255729 0.769141 0.280208 0.746875 0.280208
0 0.769922 0.277604 0.790625 0.277604 0.790625 0.298438 0.769922 0.298438
0 0.736328 0.302083 0.754688 0.302083 0.754688 0.329688 0.736328 0.329688
0 0.71875 0.320312 0.738672 0.320312 0.738672 0.355208 0.71875 0.355208
0 0.755859 0.325521 0.788281 0.325521 0.788281 0.350521 0.755859 0.350521
0 0.865625 0.001562 0.890234 0.001562 0.890234 0.024479 0.865625 0.024479
0 0.869141 0.032812 0.891406 0.032812 0.891406 0.053646 0.869141 0.053646
0 0.362891 0.240104 0.382812 0.240104 0.382812 0.270833 0.362891 0.270833
0 0.371875 0.290625 0.389062 0.290625 0.389062 0.324479 0.371875 0.324479
0 0.400781 0.268229 0.41875 0.268229 0.41875 0.302604 0.400781 0.302604
0 0.402344 0.332812 0.428125 0.332812 0.428125 0.353646 0.402344 0.353646
0 0.429297 0.300521 0.452344 0.300521 0.452344 0.322917 0.429297 0.322917
0 0.445703 0.332292 0.465234 0.332292 0.465234 0.365104 0.445703 0.365104
0 0.474609 0.379167 0.493359 0.379167 0.493359 0.415625 0.474609 0.415625
0 0.486719 0.33125 0.514453 0.33125 0.514453 0.355208 0.486719 0.355208
0 0.392188 0.232812 0.420312 0.232812 0.420312 0.256771 0.392188 0.256771
0 0.538281 0.323438 0.560938 0.323438 0.560938 0.352604 0.538281 0.352604
0 0.523438 0.372396 0.542969 0.372396 0.542969 0.395833 0.523438 0.395833
0 0.510547 0.402604 0.531641 0.402604 0.531641 0.435417 0.510547 0.435417
0 0.435156 0.390625 0.453906 0.390625 0.453906 0.413021 0.435156 0.413021
0 0.453906 0.417188 0.475781 0.417188 0.475781 0.448958 0.453906 0.448958
0 0.434375 0.431771 0.453125 0.431771 0.453125 0.457812 0.434375 0.457812
0 0.634375 0.298958 0.652734 0.298958 0.652734 0.332812 0.634375 0.332812
0 0.605859 0.308854 0.622266 0.308854 0.622266 0.338021 0.605859 0.338021
0 0.572656 0.368229 0.603125 0.368229 0.603125 0.391146 0.572656 0.391146
0 0.634375 0.353125 0.657422 0.353125 0.657422 0.378125 0.634375 0.378125
0 0.661719 0.302604 0.692969 0.302604 0.692969 0.33125 0.661719 0.33125
0 0.696484 0.316667 0.715625 0.316667 0.715625 0.344271 0.696484 0.344271
0 0.673828 0.380208 0.701562 0.380208 0.701562 0.405208 0.673828 0.405208
0 0.728516 0.365104 0.746484 0.365104 0.746484 0.403125 0.728516 0.403125
0 0.776953 0.35625 0.803516 0.35625 0.803516 0.385417 0.776953 0.385417
0 0.814844 0.394792 0.835938 0.394792 0.835938 0.427604 0.814844 0.427604
0 0.758594 0.4125 0.7875 0.4125 0.7875 0.440625 0.758594 0.440625
0 0.688672 0.425 0.719531 0.425 0.719531 0.450521 0.688672 0.450521
0 0.730859 0.451562 0.759766 0.451562 0.759766 0.477604 0.730859 0.477604
0 0.716016 0.489583 0.742969 0.489583 0.742969 0.509375 0.716016 0.509375
0 0.653125 0.418229 0.674219 0.418229 0.674219 0.446354 0.653125 0.446354
0 0.645312 0.380729 0.666016 0.380729 0.666016 0.404688 0.645312 0.404688
0 0.605469 0.415625 0.630469 0.415625 0.630469 0.448958 0.605469 0.448958
0 0.630078 0.443229 0.651562 0.443229 0.651562 0.469792 0.630078 0.469792
0 0.661719 0.461458 0.683984 0.461458 0.683984 0.498438 0.661719 0.498438
0 0.690234 0.518229 0.714453 0.518229 0.714453 0.54375 0.690234 0.54375
0 0.652344 0.546875 0.674219 0.546875 0.674219 0.578646 0.652344 0.578646
0 0.628906 0.51875 0.647656 0.51875 0.647656 0.546354 0.628906 0.546354
0 0.608984 0.470312 0.633984 0.470312 0.633984 0.500521 0.608984 0.500521
0 0.585156 0.476042 0.604688 0.476042 0.604688 0.510938 0.585156 0.510938
0 0.55 0.447396 0.576172 0.447396 0.576172 0.477083 0.55 0.477083
0 0.529297 0.420833 0.553125 0.420833 0.553125 0.45 0.529297 0.45
0 0.888281 0.522396 0.911719 0.522396 0.911719 0.553646 0.888281 0.553646
0 0.912891 0.582292 0.934766 0.582292 0.934766 0.61875 0.912891 0.61875
0 0.874219 0.581771 0.899219 0.581771 0.899219 0.607812 0.874219 0.607812
0 0.908984 0.640625 0.938672 0.640625 0.938672 0.671354 0.908984 0.671354
0 0.930469 0.680729 0.954297 0.680729 0.954297 0.714062 0.930469 0.714062
0 0.972656 0.740625 0.989844 0.740625 0.989844 0.769792 0.972656 0.769792
0 0.941406 0.759896 0.959375 0.759896 0.959375 0.793229 0.941406 0.793229
0 0.839062 0.553646 0.867578 0.553646 0.867578 0.579167 0.839062 0.579167
0 0.832422 0.601562 0.853516 0.601562 0.853516 0.629688 0.832422 0.629688
0 0.807031 0.579688 0.824609 0.579688 0.824609 0.609375 0.807031 0.609375
0 0.810156 0.617708 0.833203 0.617708 0.833203 0.655208 0.810156 0.655208
0 0.853906 0.658854 0.873047 0.658854 0.873047 0.694792 0.853906 0.694792
0 0.878516 0.677604 0.901172 0.677604 0.901172 0.713021 0.878516 0.713021
0 0.823438 0.667708 0.842188 0.667708 0.842188 0.702083 0.823438 0.702083
0 0.843359 0.706771 0.867578 0.706771 0.867578 0.732292 0.843359 0.732292
0 0.878125 0.726562 0.905078 0.726562 0.905078 0.757292 0.878125 0.757292
0 0.904688 0.708333 0.923438 0.708333 0.923438 0.734375 0.904688 0.734375
0 0.907031 0.747917 0.930078 0.747917 0.930078 0.775521 0.907031 0.775521
0 0.871875 0.777083 0.892188 0.777083 0.892188 0.805729 0.871875 0.805729
0 0.89375 0.807812 0.922266 0.807812 0.922266 0.827083 0.89375 0.827083
0 0.937109 0.795833 0.961719 0.795833 0.961719 0.821354 0.937109 0.821354
0 0.879297 0.839583 0.899219 0.839583 0.899219 0.860938 0.879297 0.860938
0 0.907812 0.844792 0.932812 0.844792 0.932812 0.869271 0.907812 0.869271
0 0.947656 0.854688 0.978125 0.854688 0.978125 0.878646 0.947656 0.878646
0 0.78125 0.594271 0.801953 0.594271 0.801953 0.623958 0.78125 0.623958
0 0.757422 0.607812 0.774609 0.607812 0.774609 0.635417 0.757422 0.635417
0 0.775 0.639062 0.801953 0.639062 0.801953 0.667188 0.775 0.667188
0 0.760938 0.696354 0.780859 0.696354 0.780859 0.722917 0.760938 0.722917
0 0.793359 0.722396 0.820703 0.722396 0.820703 0.748438 0.793359 0.748438
0 0.830469 0.747396 0.849609 0.747396 0.849609 0.782292 0.830469 0.782292
0 0.780469 0.755208 0.802344 0.755208 0.802344 0.789062 0.780469 0.789062
0 0.788672 0.804167 0.813672 0.804167 0.813672 0.829167 0.788672 0.829167
0 0.827344 0.819792 0.852344 0.819792 0.852344 0.847917 0.827344 0.847917
0 0.955469 0.895833 0.982422 0.895833 0.982422 0.9125 0.955469 0.9125
0 0.900781 0.888542 0.922656 0.888542 0.922656 0.913542 0.900781 0.913542
0 0.931641 0.919271 0.958594 0.919271 0.958594 0.945833 0.931641 0.945833
0 0.980469 0.953125 0.997266 0.953125 0.997266 0.9875 0.980469 0.9875
0 0.886328 0.955729 0.905078 0.955729 0.905078 0.991146 0.886328 0.991146
0 0.864453 0.954167 0.885547 0.954167 0.885547 0.980729 0.864453 0.980729
0 0.851562 0.916667 0.879297 0.916667 0.879297 0.939583 0.851562 0.939583
0 0.821875 0.967708 0.845703 0.967708 0.845703 0.991667 0.821875 0.991667
0 0.812891 0.921354 0.829297 0.921354 0.829297 0.948958 0.812891 0.948958
0 0.788281 0.902604 0.804688 0.902604 0.804688 0.927083 0.788281 0.927083
0 0.674219 0.708333 0.692578 0.708333 0.692578 0.742188 0.674219 0.742188
0 0.626953 0.744271 0.652734 0.744271 0.652734 0.76875 0.626953 0.76875
0 0.582812 0.776562 0.604688 0.776562 0.604688 0.805208 0.582812 0.805208
0 0.641406 0.784896 0.664062 0.784896 0.664062 0.815625 0.641406 0.815625
0 0.650781 0.829167 0.677734 0.829167 0.677734 0.857812 0.650781 0.857812
0 0.6875 0.815104 0.704688 0.815104 0.704688 0.849479 0.6875 0.849479
0 0.713281 0.819792 0.731641 0.819792 0.731641 0.85 0.713281 0.85
0 0.728906 0.854167 0.753125 0.854167 0.753125 0.886458 0.728906 0.886458
0 0.708203 0.884375 0.726953 0.884375 0.726953 0.921354 0.708203 0.921354
0 0.677344 0.875521 0.699609 0.875521 0.699609 0.903646 0.677344 0.903646
0 0.633594 0.881771 0.653125 0.881771 0.653125 0.915625 0.633594 0.915625
0 0.618359 0.826562 0.638672 0.826562 0.638672 0.864583 0.618359 0.864583
0 0.741016 0.921875 0.757812 0.921875 0.757812 0.950521 0.741016 0.950521
0 0.737109 0.975521 0.764844 0.975521 0.764844 0.999479 0.737109 0.999479
0 0.760156 0.946354 0.778906 0.946354 0.778906 0.973958 0.760156 0.973958
0 0.70625 0.943229 0.730078 0.943229 0.730078 0.976562 0.70625 0.976562
0 0.689844 0.925521 0.705469 0.925521 0.705469 0.961979 0.689844 0.961979
0 0.665625 0.913021 0.680469 0.913021 0.680469 0.947917 0.665625 0.947917
0 0.619922 0.930729 0.641016 0.930729 0.641016 0.965104 0.619922 0.965104
0 0.573828 0.895833 0.598047 0.895833 0.598047 0.91875 0.573828 0.91875
0 0.564453 0.9375 0.5875 0.9375 0.5875 0.963021 0.564453 0.963021
0 0.520703 0.921875 0.546484 0.921875 0.546484 0.945833 0.520703 0.945833
0 0.549609 0.853646 0.564453 0.853646 0.564453 0.886458 0.549609 0.886458
0 0.285938 0.355208 0.307031 0.355208 0.307031 0.385417 0.285938 0.385417
0 0.307031 0.369792 0.326953 0.369792 0.326953 0.398958 0.307031 0.398958
0 0.328516 0.364583 0.348047 0.364583 0.348047 0.396354 0.328516 0.396354
0 0.353906 0.401042 0.376953 0.401042 0.376953 0.425 0.353906 0.425
0 0.301172 0.414062 0.328125 0.414062 0.328125 0.439062 0.301172 0.439062
0 0.334375 0.440625 0.360547 0.440625 0.360547 0.461979 0.334375 0.461979
0 0.266797 0.383333 0.282031 0.383333 0.282031 0.41875 0.266797 0.41875
0 0.241016 0.397917 0.258984 0.397917 0.258984 0.426562 0.241016 0.426562
0 0.245703 0.441667 0.271875 0.441667 0.271875 0.469792 0.245703 0.469792
0 0.268359 0.466667 0.287891 0.466667 0.287891 0.503125 0.268359 0.503125
0 0.317578 0.458854 0.335156 0.458854 0.335156 0.4875 0.317578 0.4875
0 0.291406 0.486979 0.312891 0.486979 0.312891 0.525521 0.291406 0.525521
0 0.328125 0.4875 0.355469 0.4875 0.355469 0.507812 0.328125 0.507812
0 0.364844 0.491667 0.383984 0.491667 0.383984 0.520312 0.364844 0.520312
0 0.391016 0.490625 0.408594 0.490625 0.408594 0.517708 0.391016 0.517708
0 0.398047 0.528125 0.418359 0.528125 0.418359 0.559896 0.398047 0.559896
0 0.432422 0.558333 0.45 0.558333 0.45 0.590625 0.432422 0.590625
0 0.399219 0.584896 0.419141 0.584896 0.419141 0.616667 0.399219 0.616667
0 0.359375 0.53125 0.381641 0.53125 0.381641 0.554688 0.359375 0.554688
0 0.369922 0.582812 0.3875 0.582812 0.3875 0.610417 0.369922 0.610417
0 0.344531 0.604167 0.368359 0.604167 0.368359 0.628646 0.344531 0.628646
0 0.530469 0.532812 0.546484 0.532812 0.546484 0.561979 0.530469 0.561979
0 0.555078 0.520312 0.580469 0.520312 0.580469 0.548438 0.555078 0.548438
0 0.596484 0.5375 0.620312 0.5375 0.620312 0.572917 0.596484 0.572917
0 0.620312 0.571354 0.648438 0.571354 0.648438 0.598958 0.620312 0.598958
0 0.550391 0.602604 0.575391 0.602604 0.575391 0.629167 0.550391 0.629167
0 0.587109 0.625521 0.610938 0.625521 0.610938 0.652604 0.587109 0.652604
0 0.545312 0.659896 0.571094 0.659896 0.571094 0.6875 0.545312 0.6875
0 0.521875 0.61875 0.540234 0.61875 0.540234 0.651562 0.521875 0.651562
0 0.515234 0.68125 0.5375 0.68125 0.5375 0.714583 0.515234 0.714583
0 0.416797 0.626042 0.441406 0.626042 0.441406 0.655208 0.416797 0.655208
0 0.459766 0.657292 0.477344 0.657292 0.477344 0.682812 0.459766 0.682812
0 0.398438 0.66875 0.423047 0.66875 0.423047 0.693229 0.398438 0.693229
0 0.440625 0.690104 0.4625 0.690104 0.4625 0.715104 0.440625 0.715104
0 0.373828 0.61875 0.395312 0.61875 0.395312 0.653646 0.373828 0.653646
0 0.408203 0.746875 0.432812 0.746875 0.432812 0.770833 0.408203 0.770833
0 0.377734 0.703646 0.399609 0.703646 0.399609 0.738021 0.377734 0.738021
0 0.447266 0.755208 0.463672 0.755208 0.463672 0.786458 0.447266 0.786458
0 0.416016 0.833333 0.433984 0.833333 0.433984 0.85625 0.416016 0.85625
0 0.442969 0.792708 0.460938 0.792708 0.460938 0.815625 0.442969 0.815625
0 0.387109 0.78125 0.408203 0.78125 0.408203 0.820312 0.387109 0.820312
0 0.371484 0.751562 0.387891 0.751562 0.387891 0.784375 0.371484 0.784375
0 0.363672 0.836979 0.388672 0.836979 0.388672 0.866146 0.363672 0.866146
0 0.374219 0.895312 0.401562 0.895312 0.401562 0.916667 0.374219 0.916667
0 0.312109 0.838542 0.337109 0.838542 0.337109 0.865625 0.312109 0.865625
0 0.328125 0.798438 0.352734 0.798438 0.352734 0.831771 0.328125 0.831771
0 0.342578 0.752604 0.364453 0.752604 0.364453 0.782812 0.342578 0.782812
0 0.298047 0.721354 0.328125 0.721354 0.328125 0.750521 0.298047 0.750521
0 0.308203 0.679688 0.333594 0.679688 0.333594 0.702083 0.308203 0.702083
0 0.326562 0.641667 0.347266 0.641667 0.347266 0.666146 0.326562 0.666146
0 0.2625 0.728125 0.278516 0.728125 0.278516 0.765104 0.2625 0.765104
0 0.290625 0.747396 0.310547 0.747396 0.310547 0.776562 0.290625 0.776562
0 0.230859 0.78125 0.251563 0.78125 0.251563 0.809375 0.230859 0.809375
0 0.279297 0.785938 0.305859 0.785938 0.305859 0.808854 0.279297 0.808854
0 0.282031 0.823958 0.303125 0.823958 0.303125 0.846875 0.282031 0.846875
0 0.271484 0.849479 0.295312 0.849479 0.295312 0.878125 0.271484 0.878125
0 0.306641 0.882812 0.334766 0.882812 0.334766 0.906771 0.306641 0.906771
0 0.210938 0.433854 0.227344 0.433854 0.227344 0.470312 0.210938 0.470312
0 0.205469 0.503125 0.224219 0.503125 0.224219 0.539062 0.205469 0.539062
0 0.228125 0.520833 0.250781 0.520833 0.250781 0.553125 0.228125 0.553125
0 0.267188 0.545833 0.290625 0.545833 0.290625 0.576562 0.267188 0.576562
0 0.308594 0.529167 0.337891 0.529167 0.337891 0.553646 0.308594 0.553646
0 0.316016 0.570833 0.336328 0.570833 0.336328 0.594792 0.316016 0.594792
0 0.294531 0.589062 0.312109 0.589062 0.312109 0.620833 0.294531 0.620833
0 0.271094 0.583333 0.291797 0.583333 0.291797 0.610417 0.271094 0.610417
0 0.202344 0.560417 0.223047 0.560417 0.223047 0.601562 0.202344 0.601562
0 0.221875 0.620312 0.245312 0.620312 0.245312 0.661458 0.221875 0.661458
0 0.205469 0.751562 0.226953 0.751562 0.226953 0.784896 0.205469 0.784896
0 0.164062 0.690625 0.191016 0.690625 0.191016 0.714583 0.164062 0.714583
0 0.157812 0.65625 0.184375 0.65625 0.184375 0.676042 0.157812 0.676042
0 0.164062 0.614583 0.185547 0.614583 0.185547 0.642188 0.164062 0.642188
0 0.157812 0.566146 0.185547 0.566146 0.185547 0.593229 0.157812 0.593229
0 0.151953 0.527604 0.176953 0.527604 0.176953 0.550521 0.151953 0.550521
0 0.177734 0.46875 0.205469 0.46875 0.205469 0.490625 0.177734 0.490625
0 0.302734 0.933854 0.322656 0.933854 0.322656 0.955208 0.302734 0.955208
0 0.322656 0.969271 0.344141 0.969271 0.344141 0.988021 0.322656 0.988021
0 0.273438 0.917188 0.299219 0.917188 0.299219 0.942188 0.273438 0.942188
0 0.244922 0.847396 0.261719 0.847396 0.261719 0.874479 0.244922 0.874479
0 0.206641 0.842188 0.233203 0.842188 0.233203 0.869792 0.206641 0.869792
0 0.208203 0.885417 0.236719 0.885417 0.236719 0.91875 0.208203 0.91875
0 0.170312 0.871875 0.197266 0.871875 0.197266 0.895833 0.170312 0.895833
0 0.177734 0.900521 0.196484 0.900521 0.196484 0.932292 0.177734 0.932292
0 0.184766 0.948438 0.202734 0.948438 0.202734 0.982292 0.184766 0.982292
0 0.210547 0.954688 0.230859 0.954688 0.230859 0.992708 0.210547 0.992708
0 0.137891 0.619792 0.155859 0.619792 0.155859 0.655208 0.137891 0.655208
0 0.048047 0.652604 0.071484 0.652604 0.071484 0.674479 0.048047 0.674479
0 0.057031 0.69375 0.078906 0.69375 0.078906 0.71875 0.057031 0.71875
0 0.005859 0.645312 0.027344 0.645312 0.027344 0.680208 0.005859 0.680208
0 0.023047 0.705208 0.041797 0.705208 0.041797 0.740104 0.023047 0.740104
0 0.077734 0.744792 0.100781 0.744792 0.100781 0.776562 0.077734 0.776562
0 0.011328 0.748958 0.039062 0.748958 0.039062 0.7875 0.011328 0.7875
0 0.044141 0.794792 0.063672 0.794792 0.063672 0.820312 0.044141 0.820312
0 0.008984 0.817708 0.032031 0.817708 0.032031 0.844792 0.008984 0.844792
0 0.057031 0.831771 0.078906 0.831771 0.078906 0.860938 0.057031 0.860938
0 0.072266 0.789583 0.091406 0.789583 0.091406 0.817708 0.072266 0.817708
0 0.096875 0.773438 0.113281 0.773438 0.113281 0.801042 0.096875 0.801042
0 0.025781 0.869792 0.055078 0.869792 0.055078 0.891146 0.025781 0.891146
0 0.051562 0.894792 0.070312 0.894792 0.070312 0.922396 0.051562 0.922396
0 0.034766 0.941146 0.061328 0.941146 0.061328 0.973958 0.034766 0.973958
0 0.065625 0.721354 0.079688 0.721354 0.079688 0.75 0.065625 0.75