0 0.362109 0.450521 0.379297 0.450521 0.379297 0.474479 0.362109 0.474479
0 0.336719 0.471875 0.353906 0.471875 0.353906 0.498438 0.336719 0.498438
0 0.368359 0.508854 0.387109 0.508854 0.387109 0.528646 0.368359 0.528646
0 0.321875 0.519271 0.339062 0.519271 0.339062 0.545833 0.321875 0.545833
0 0.296484 0.486458 0.314844 0.486458 0.314844 0.513542 0.296484 0.513542
0 0.265625 0.480729 0.283203 0.480729 0.283203 0.505729 0.265625 0.505729
0 0.251172 0.445312 0.26875 0.445312 0.26875 0.472917 0.251172 0.472917
0 0.270703 0.522917 0.289453 0.522917 0.289453 0.544792 0.270703 0.544792
0 0.354688 0.559375 0.369141 0.559375 0.369141 0.584896 0.354688 0.584896
0 0.377344 0.577604 0.389844 0.577604 0.389844 0.605208 0.377344 0.605208
0 0.398047 0.567188 0.416406 0.567188 0.416406 0.591667 0.398047 0.591667
0 0.516797 0.559375 0.537109 0.559375 0.537109 0.579167 0.516797 0.579167
0 0.417578 0.486458 0.435938 0.486458 0.435938 0.505208 0.417578 0.505208
0 0.366797 0.392188 0.386719 0.392188 0.386719 0.419792 0.366797 0.419792
0 0.403906 0.422396 0.426562 0.422396 0.426562 0.441667 0.403906 0.441667
0 0.33125 0.3125 0.353125 0.3125 0.353125 0.338542 0.33125 0.338542
0 0.339453 0.374479 0.353125 0.374479 0.353125 0.405729 0.339453 0.405729
0 0.279688 0.399479 0.294531 0.399479 0.294531 0.430208 0.279688 0.430208
0 0.246484 0.353646 0.265234 0.353646 0.265234 0.369792 0.246484 0.369792
0 0.243359 0.389062 0.257812 0.389062 0.257812 0.415104 0.243359 0.415104
0 0.214062 0.418229 0.232812 0.418229 0.232812 0.441667 0.214062 0.441667
0 0.217578 0.459896 0.239844 0.459896 0.239844 0.483333 0.217578 0.483333
0 0.219141 0.513542 0.236719 0.513542 0.236719 0.5375 0.219141 0.5375
0 0.191797 0.483854 0.211719 0.483854 0.211719 0.502083 0.191797 0.502083
0 0.176953 0.435938 0.198047 0.435938 0.198047 0.455208 0.176953 0.455208
0 0.224219 0.559375 0.241016 0.559375 0.241016 0.583854 0.224219 0.583854
0 0.209766 0.586458 0.228125 0.586458 0.228125 0.609896 0.209766 0.609896
0 0.255469 0.573438 0.274219 0.573438 0.274219 0.594792 0.255469 0.594792
0 0.243359 0.619792 0.263672 0.619792 0.263672 0.645312 0.243359 0.645312
0 0.298828 0.603125 0.316797 0.603125 0.316797 0.625 0.298828 0.625
0 0.317969 0.64375 0.336328 0.64375 0.336328 0.664583 0.317969 0.664583
0 0.287109 0.647917 0.308203 0.647917 0.308203 0.673438 0.287109 0.673438
0 0.247656 0.658333 0.26875 0.658333 0.26875 0.681771 0.247656 0.681771
0 0.265234 0.703125 0.282812 0.703125 0.282812 0.728646 0.265234 0.728646
0 0.299609 0.693229 0.314844 0.693229 0.314844 0.722917 0.299609 0.722917
0 0.317969 0.688542 0.336719 0.688542 0.336719 0.719271 0.317969 0.719271
0 0.352344 0.665625 0.370703 0.665625 0.370703 0.695312 0.352344 0.695312
0 0.338672 0.718229 0.358594 0.718229 0.358594 0.741667 0.338672 0.741667
0 0.038672 0.011458 0.058203 0.011458 0.058203 0.036979 0.038672 0.036979
0 0.059766 0.041667 0.077344 0.041667 0.077344 0.067188 0.059766 0.067188
0 0.099219 0.042188 0.119141 0.042188 0.119141 0.067708 0.099219 0.067708
0 0.057031 0.082292 0.078125 0.082292 0.078125 0.101042 0.057031 0.101042
0 0.008594 0.114062 0.024219 0.114062 0.024219 0.139062 0.008594 0.139062
0 0.042969 0.149479 0.058984 0.149479 0.058984 0.18125 0.042969 0.18125
0 0.087891 0.133333 0.103516 0.133333 0.103516 0.158854 0.087891 0.158854
0 0.125 0.089062 0.147266 0.089062 0.147266 0.113021 0.125 0.113021
0 0.125781 0.133333 0.147656 0.133333 0.147656 0.158854 0.125781 0.158854
0 0.166016 0.123438 0.185547 0.123438 0.185547 0.147917 0.166016 0.147917
0 0.164844 0.089583 0.184766 0.089583 0.184766 0.111458 0.164844 0.111458
0 0.185547 0.044271 0.201172 0.044271 0.201172 0.077604 0.185547 0.077604
0 0.191406 0.101562 0.206641 0.101562 0.206641 0.129167 0.191406 0.129167
0 0.219141 0.091146 0.235938 0.091146 0.235938 0.115625 0.219141 0.115625
0 0.247656 0.090625 0.263281 0.090625 0.263281 0.117708 0.247656 0.117708
0 0.283984 0.103646 0.301172 0.103646 0.301172 0.133333 0.283984 0.133333
0 0.269141 0.026042 0.289062 0.026042 0.289062 0.055208 0.269141 0.055208
0 0.224219 0.039583 0.246094 0.039583 0.246094 0.063542 0.224219 0.063542
0 0.184375 0.196875 0.201953 0.196875 0.201953 0.226042 0.184375 0.226042
0 0.141797 0.186979 0.160547 0.186979 0.160547 0.204688 0.141797 0.204688
0 0.076953 0.185938 0.098828 0.185938 0.098828 0.202604 0.076953 0.202604
0 0.107812 0.214062 0.128125 0.214062 0.128125 0.230729 0.107812 0.230729
0 0.056641 0.214062 0.076953 0.214062 0.076953 0.24375 0.056641 0.24375
0 0.028125 0.204167 0.044922 0.204167 0.044922 0.229167 0.028125 0.229167
0 0.001172 0.228646 0.019531 0.228646 0.019531 0.257292 0.001172 0.257292
0 0.095703 0.238542 0.1125 0.238542 0.1125 0.266146 0.095703 0.266146
0 0.033984 0.261979 0.053516 0.261979 0.053516 0.294271 0.033984 0.294271
0 0.028516 0.309896 0.044141 0.309896 0.044141 0.338021 0.028516 0.338021
0 0.058594 0.303646 0.076172 0.303646 0.076172 0.333854 0.058594 0.333854
0 0.08125 0.334896 0.102344 0.334896 0.102344 0.358333 0.08125 0.358333
0 0.099609 0.297917 0.117188 0.297917 0.117188 0.322396 0.099609 0.322396
0 0.123438 0.264583 0.146875 0.264583 0.146875 0.283854 0.123438 0.283854
0 0.155469 0.301562 0.173438 0.301562 0.173438 0.329688 0.155469 0.329688
0 0.200391 0.259375 0.217969 0.259375 0.217969 0.293229 0.200391 0.293229
0 0.203516 0.310417 0.226172 0.310417 0.226172 0.335417 0.203516 0.335417
0 0.301953 0.015104 0.325391 0.015104 0.325391 0.035417 0.301953 0.035417
0 0.307812 0.067708 0.330469 0.067708 0.330469 0.093229 0.307812 0.093229
0 0.342578 0.016667 0.361328 0.016667 0.361328 0.049479 0.342578 0.049479
0 0.376172 0.002083 0.399609 0.002083 0.399609 0.025 0.376172 0.025
0 0.351953 0.105729 0.366797 0.105729 0.366797 0.135417 0.351953 0.135417
0 0.391406 0.084896 0.408984 0.084896 0.408984 0.114062 0.391406 0.114062
0 0.451562 0.033333 0.46875 0.033333 0.46875 0.067708 0.451562 0.067708
0 0.480469 0.004688 0.498438 0.004688 0.498438 0.025 0.480469 0.025
0 0.496094 0.022396 0.515625 0.022396 0.515625 0.044271 0.496094 0.044271
0 0.523438 0.000521 0.539453 0.000521 0.539453 0.020833 0.523438 0.020833
0 0.519531 0.04375 0.541406 0.04375 0.541406 0.0625 0.519531 0.0625
0 0.476953 0.096354 0.492188 0.096354 0.492188 0.123438 0.476953 0.123438
0 0.516797 0.116667 0.541797 0.116667 0.541797 0.138021 0.516797 0.138021
0 0.464062 0.148438 0.481641 0.148438 0.481641 0.173438 0.464062 0.173438
0 0.496875 0.152604 0.515625 0.152604 0.515625 0.177083 0.496875 0.177083
0 0.355078 0.211458 0.383984 0.211458 0.383984 0.2375 0.355078 0.2375
0 0.054297 0.345833 0.073047 0.345833 0.073047 0.369792 0.054297 0.369792
0 0.124219 0.363021 0.139844 0.363021 0.139844 0.383854 0.124219 0.383854
0 0.075781 0.389062 0.092188 0.389062 0.092188 0.416667 0.075781 0.416667
0 0.098438 0.407812 0.11875 0.407812 0.11875 0.43125 0.098438 0.43125
0 0.130469 0.409375 0.146484 0.409375 0.146484 0.434896 0.130469 0.434896
0 0.1625 0.408854 0.179688 0.408854 0.179688 0.436979 0.1625 0.436979
0 0.166406 0.366667 0.184375 0.366667 0.184375 0.390625 0.166406 0.390625
0 0.201172 0.357292 0.221094 0.357292 0.221094 0.378125 0.201172 0.378125
0 0.250781 0.280729 0.273438 0.280729 0.273438 0.298958 0.250781 0.298958
0 0.126953 0.448958 0.145703 0.448958 0.145703 0.475521 0.126953 0.475521
0 0.234375 0.217188 0.255078 0.217188 0.255078 0.233333 0.234375 0.233333
0 0.014453 0.645312 0.0375 0.645312 0.0375 0.669271 0.014453 0.669271
0 0.101562 0.728646 0.126953 0.728646 0.126953 0.751042 0.101562 0.751042
0 0.046094 0.728125 0.066406 0.728125 0.066406 0.746354 0.046094 0.746354
0 0.086328 0.751562 0.107812 0.751562 0.107812 0.771354 0.086328 0.771354
0 0.025391 0.747396 0.045312 0.747396 0.045312 0.775521 0.025391 0.775521
0 0.028125 0.793229 0.048438 0.793229 0.048438 0.818229 0.028125 0.818229
0 0.061719 0.779688 0.082031 0.779688 0.082031 0.802604 0.061719 0.802604
0 0.063281 0.823958 0.082812 0.823958 0.082812 0.853646 0.063281 0.853646
0 0.019531 0.863542 0.0375 0.863542 0.0375 0.889062 0.019531 0.889062
0 0.0625 0.875 0.078516 0.875 0.078516 0.907812 0.0625 0.907812
0 0.236719 0.967708 0.252344 0.967708 0.252344 0.996875 0.236719 0.996875
0 0.159375 0.976042 0.178906 0.976042 0.178906 0.998438 0.159375 0.998438
0 0.210547 0.972917 0.227344 0.972917 0.227344 0.998958 0.210547 0.998958
0 0.410156 0.899479 0.432812 0.899479 0.432812 0.920833 0.410156 0.920833
0 0.428516 0.929167 0.449609 0.929167 0.449609 0.95 0.428516 0.95
0 0.407812 0.844271 0.426953 0.844271 0.426953 0.873958 0.407812 0.873958
0 0.433203 0.856771 0.450391 0.856771 0.450391 0.884896 0.433203 0.884896
0 0.466797 0.857812 0.484375 0.857812 0.484375 0.884896 0.466797 0.884896
0 0.446875 0.897396 0.467188 0.897396 0.467188 0.920312 0.446875 0.920312
0 0.475 0.939062 0.491797 0.939062 0.491797 0.970833 0.475 0.970833
0 0.501953 0.939583 0.517578 0.939583 0.517578 0.965625 0.501953 0.965625
0 0.520312 0.968229 0.538281 0.968229 0.538281 0.991146 0.520312 0.991146
0 0.523438 0.911458 0.539453 0.911458 0.539453 0.935938 0.523438 0.935938
0 0.545703 0.911458 0.560938 0.911458 0.560938 0.940625 0.545703 0.940625
0 0.560938 0.871354 0.579688 0.871354 0.579688 0.897396 0.560938 0.897396
0 0.465234 0.784896 0.485938 0.784896 0.485938 0.810938 0.465234 0.810938
0 0.524219 0.809896 0.541406 0.809896 0.541406 0.834896 0.524219 0.834896
0 0.496094 0.777604 0.511719 0.777604 0.511719 0.804167 0.496094 0.804167
0 0.538281 0.793229 0.555469 0.793229 0.555469 0.815104 0.538281 0.815104
0 0.564453 0.83125 0.589062 0.83125 0.589062 0.853125 0.564453 0.853125
0 0.574219 0.970833 0.590625 0.970833 0.590625 0.999479 0.574219 0.999479
0 0.6 0.906771 0.620703 0.906771 0.620703 0.932292 0.6 0.932292
0 0.600391 0.852604 0.621484 0.852604 0.621484 0.876042 0.600391 0.876042
0 0.634766 0.867188 0.654688 0.867188 0.654688 0.891146 0.634766 0.891146
0 0.668359 0.917708 0.690625 0.917708 0.690625 0.941667 0.668359 0.941667
0 0.625391 0.951562 0.644531 0.951562 0.644531 0.98125 0.625391 0.98125
0 0.634766 0.819792 0.656641 0.819792 0.656641 0.842188 0.634766 0.842188
0 0.626953 0.771875 0.645312 0.771875 0.645312 0.794271 0.626953 0.794271
0 0.658203 0.777604 0.679688 0.777604 0.679688 0.8 0.658203 0.8
0 0.642188 0.731771 0.661719 0.731771 0.661719 0.753125 0.642188 0.753125
0 0.573828 0.742708 0.590234 0.742708 0.590234 0.769792 0.573828 0.769792
0 0.550391 0.760938 0.569141 0.760938 0.569141 0.786458 0.550391 0.786458
0 0.665234 0.873438 0.681641 0.873438 0.681641 0.898438 0.665234 0.898438
0 0.723047 0.849479 0.742969 0.849479 0.742969 0.875 0.723047 0.875
0 0.719141 0.890625 0.738281 0.890625 0.738281 0.913021 0.719141 0.913021
0 0.75625 0.903125 0.776953 0.903125 0.776953 0.923958 0.75625 0.923958
0 0.757812 0.855729 0.774609 0.855729 0.774609 0.883854 0.757812 0.883854
0 0.785156 0.840104 0.807422 0.840104 0.807422 0.860938 0.785156 0.860938
0 0.778906 0.796875 0.799609 0.796875 0.799609 0.821354 0.778906 0.821354
0 0.749219 0.798438 0.766406 0.798438 0.766406 0.826042 0.749219 0.826042
0 0.729297 0.74375 0.748047 0.74375 0.748047 0.771354 0.729297 0.771354
0 0.696094 0.739062 0.712109 0.739062 0.712109 0.765104 0.696094 0.765104
0 0.702344 0.695833 0.722266 0.695833 0.722266 0.717708 0.702344 0.717708
0 0.553125 0.695833 0.570703 0.695833 0.570703 0.720312 0.553125 0.720312
0 0.7875 0.736979 0.808203 0.736979 0.808203 0.758854 0.7875 0.758854
0 0.804297 0.761458 0.826953 0.761458 0.826953 0.782292 0.804297 0.782292
0 0.658203 0.952604 0.676172 0.952604 0.676172 0.971875 0.658203 0.971875
0 0.912891 0.935938 0.934766 0.935938 0.934766 0.958854 0.912891 0.958854
0 0.895312 0.972917 0.916797 0.972917 0.916797 0.995833 0.895312 0.995833
0 0.923828 0.873958 0.944141 0.873958 0.944141 0.899479 0.923828 0.899479
0 0.944922 0.834896 0.962109 0.834896 0.962109 0.864583 0.944922 0.864583
0 0.904297 0.786979 0.923828 0.786979 0.923828 0.8125 0.904297 0.8125
0 0.873047 0.761458 0.891797 0.761458 0.891797 0.788021 0.873047 0.788021
0 0.846875 0.724479 0.867188 0.724479 0.867188 0.744792 0.846875 0.744792
0 0.809375 0.707812 0.832031 0.707812 0.832031 0.729688 0.809375 0.729688
0 0.783984 0.663021 0.801562 0.663021 0.801562 0.692188 0.783984 0.692188
0 0.866797 0.669792 0.889062 0.669792 0.889062 0.69375 0.866797 0.69375
0 0.9625 0.8875 0.986719 0.8875 0.986719 0.917708 0.9625 0.917708
0 0.976953 0.769271 0.994531 0.769271 0.994531 0.792708 0.976953 0.792708
0 0.829297 0.645312 0.848828 0.645312 0.848828 0.667188 0.829297 0.667188
0 0.808984 0.611458 0.830078 0.611458 0.830078 0.632812 0.808984 0.632812
0 0.750781 0.653646 0.770703 0.653646 0.770703 0.674479 0.750781 0.674479
0 0.712891 0.650521 0.731641 0.650521 0.731641 0.671875 0.712891 0.671875
0 0.661328 0.651042 0.683984 0.651042 0.683984 0.675 0.661328 0.675
0 0.721484 0.617708 0.736719 0.617708 0.736719 0.635938 0.721484 0.635938
0 0.692188 0.604167 0.712109 0.604167 0.712109 0.628646 0.692188 0.628646
0 0.679688 0.56875 0.698438 0.56875 0.698438 0.592188 0.679688 0.592188
0 0.65625 0.544792 0.673438 0.544792 0.673438 0.570312 0.65625 0.570312
0 0.610156 0.60625 0.624219 0.60625 0.624219 0.626562 0.610156 0.626562
0 0.885938 0.623438 0.905078 0.623438 0.905078 0.65 0.885938 0.65
0 0.919531 0.6 0.9375 0.6 0.9375 0.617188 0.919531 0.617188
0 0.846484 0.567708 0.864453 0.567708 0.864453 0.590625 0.846484 0.590625
0 0.821875 0.552083 0.840625 0.552083 0.840625 0.577083 0.821875 0.577083
0 0.858203 0.524479 0.876172 0.524479 0.876172 0.55 0.858203 0.55
0 0.737891 0.585938 0.759766 0.585938 0.759766 0.604167 0.737891 0.604167
0 0.760156 0.541667 0.779688 0.541667 0.779688 0.565625 0.760156 0.565625
0 0.786328 0.501042 0.805469 0.501042 0.805469 0.517708 0.786328 0.517708
0 0.817969 0.509896 0.832031 0.509896 0.832031 0.533854 0.817969 0.533854
0 0.760156 0.488021 0.775781 0.488021 0.775781 0.515104 0.760156 0.515104
0 0.717188 0.509375 0.735547 0.509375 0.735547 0.530729 0.717188 0.530729
0 0.816406 0.455208 0.831641 0.455208 0.831641 0.477604 0.816406 0.477604
0 0.792578 0.444271 0.809766 0.444271 0.809766 0.459896 0.792578 0.459896
0 0.736328 0.418229 0.758594 0.418229 0.758594 0.439062 0.736328 0.439062
0 0.707031 0.417708 0.724609 0.417708 0.724609 0.441146 0.707031 0.441146
0 0.733203 0.377604 0.753125 0.377604 0.753125 0.394271 0.733203 0.394271
0 0.696484 0.358854 0.715625 0.358854 0.715625 0.386458 0.696484 0.386458
0 0.673438 0.409375 0.689844 0.409375 0.689844 0.431771 0.673438 0.431771
0 0.674609 0.457812 0.692188 0.457812 0.692188 0.479167 0.674609 0.479167
0 0.638672 0.473958 0.660547 0.473958 0.660547 0.494271 0.638672 0.494271
0 0.596094 0.489062 0.618359 0.489062 0.618359 0.511979 0.596094 0.511979
0 0.620312 0.522396 0.639062 0.522396 0.639062 0.541667 0.620312 0.541667
0 0.595312 0.547396 0.611328 0.547396 0.611328 0.575 0.595312 0.575
0 0.707422 0.319271 0.724219 0.319271 0.724219 0.343229 0.707422 0.343229
0 0.673047 0.342188 0.688672 0.342188 0.688672 0.372396 0.673047 0.372396
0 0.619141 0.36875 0.636719 0.36875 0.636719 0.395312 0.619141 0.395312
0 0.638672 0.429688 0.657031 0.429688 0.657031 0.452604 0.638672 0.452604
0 0.598828 0.44375 0.619141 0.44375 0.619141 0.460938 0.598828 0.460938
0 0.556641 0.428125 0.575391 0.428125 0.575391 0.450521 0.556641 0.450521
0 0.524219 0.445833 0.543359 0.445833 0.543359 0.466146 0.524219 0.466146
0 0.584766 0.38125 0.601562 0.38125 0.601562 0.408854 0.584766 0.408854
0 0.542969 0.365625 0.560547 0.365625 0.560547 0.386979 0.542969 0.386979
0 0.514062 0.369792 0.529688 0.369792 0.529688 0.393229 0.514062 0.393229
0 0.580078 0.340104 0.601953 0.340104 0.601953 0.359375 0.580078 0.359375
0 0.619141 0.309896 0.642578 0.309896 0.642578 0.332812 0.619141 0.332812
0 0.642578 0.265104 0.660547 0.265104 0.660547 0.290104 0.642578 0.290104
0 0.599219 0.279688 0.613672 0.279688 0.613672 0.301042 0.599219 0.301042
0 0.471094 0.270833 0.492969 0.270833 0.492969 0.289583 0.471094 0.289583
0 0.533984 0.229688 0.553516 0.229688 0.553516 0.251042 0.533984 0.251042
0 0.583984 0.215104 0.603906 0.215104 0.603906 0.233854 0.583984 0.233854
0 0.542969 0.182812 0.560938 0.182812 0.560938 0.203646 0.542969 0.203646
0 0.516797 0.198958 0.534766 0.198958 0.534766 0.219271 0.516797 0.219271
0 0.535938 0.145312 0.557422 0.145312 0.557422 0.165104 0.535938 0.165104
0 0.538281 0.085417 0.558203 0.085417 0.558203 0.104688 0.538281 0.104688
0 0.919531 0.371354 0.936328 0.371354 0.936328 0.401042 0.919531 0.401042
0 0.963672 0.371875 0.986328 0.371875 0.986328 0.396875 0.963672 0.396875
0 0.947656 0.34375 0.963281 0.34375 0.963281 0.367188 0.947656 0.367188
0 0.982422 0.332292 0.999219 0.332292 0.999219 0.359896 0.982422 0.359896
0 0.935938 0.2875 0.960156 0.2875 0.960156 0.309375 0.935938 0.309375
0 0.939844 0.195833 0.955469 0.195833 0.955469 0.219792 0.939844 0.219792
0 0.909375 0.184896 0.923828 0.184896 0.923828 0.210938 0.909375 0.210938
0 0.880078 0.186458 0.895312 0.186458 0.895312 0.211458 0.880078 0.211458
0 0.887109 0.227604 0.902344 0.227604 0.902344 0.25625 0.887109 0.25625
0 0.85625 0.222917 0.871484 0.222917 0.871484 0.252604 0.85625 0.252604
0 0.817969 0.241667 0.839453 0.241667 0.839453 0.266146 0.817969 0.266146
0 0.812891 0.202604 0.834375 0.202604 0.834375 0.223958 0.812891 0.223958
0 0.860156 0.164583 0.873047 0.164583 0.873047 0.194271 0.860156 0.194271
0 0.822266 0.149479 0.836719 0.149479 0.836719 0.178646 0.822266 0.178646
0 0.749609 0.121875 0.771484 0.121875 0.771484 0.145312 0.749609 0.145312
0 0.900391 0.122396 0.916016 0.122396 0.916016 0.148958 0.900391 0.148958
0 0.926562 0.157292 0.941016 0.157292 0.941016 0.176042 0.926562 0.176042
0 0.960938 0.151042 0.974609 0.151042 0.974609 0.178125 0.960938 0.178125
0 0.984375 0.115625 0.998828 0.115625 0.998828 0.134375 0.984375 0.134375
0 0.973047 0.044271 0.992188 0.044271 0.992188 0.063021 0.973047 0.063021
0 0.947266 0.027604 0.961328 0.027604 0.961328 0.048958 0.947266 0.048958
0 0.823828 0.035938 0.846094 0.035938 0.846094 0.054688 0.823828 0.054688
0 0.782422 0.002083 0.800781 0.002083 0.800781 0.019271 0.782422 0.019271
0 0.788281 0.081771 0.80625 0.081771 0.80625 0.108333 0.788281 0.108333
0 0.741016 0.025 0.765234 0.025 0.765234 0.04375 0.741016 0.04375
0 0.708203 0.052083 0.725 0.052083 0.725 0.077604 0.708203 0.077604
0 0.868359 0.077604 0.883203 0.077604 0.883203 0.101562 0.868359 0.101562
0 0.549609 0.032812 0.567969 0.032812 0.567969 0.05 0.549609 0.05
0 0.494141 0.657292 0.509375 0.657292 0.509375 0.683854 0.494141 0.683854
0 0.527344 0.675 0.545703 0.675 0.545703 0.695833 0.527344 0.695833
0 0.507422 0.703125 0.523828 0.703125 0.523828 0.728646 0.507422 0.728646
0 0.473828 0.733854 0.495312 0.733854 0.495312 0.758854 0.473828 0.758854
0 0.528906 0.722917 0.548047 0.722917 0.548047 0.745312 0.528906 0.745312
0 0.598047 0.634375 0.617188 0.634375 0.617188 0.653646 0.598047 0.653646
0 0.407422 0.539583 0.429297 0.539583 0.429297 0.559896 0.407422 0.559896