0 0.274219 0.135938 0.295312 0.135938 0.295312 0.160938 0.274219 0.160938
0 0.264062 0.16875 0.292969 0.16875 0.292969 0.194792 0.264062 0.194792
0 0.308203 0.136458 0.336328 0.136458 0.336328 0.16875 0.308203 0.16875
0 0.305078 0.184896 0.325781 0.184896 0.325781 0.213542 0.305078 0.213542
0 0.330078 0.191146 0.351562 0.191146 0.351562 0.219271 0.330078 0.219271
0 0.378125 0.163542 0.401562 0.163542 0.401562 0.192708 0.378125 0.192708
0 0.35625 0.126042 0.378906 0.126042 0.378906 0.154688 0.35625 0.154688
0 0.409766 0.122917 0.43125 0.122917 0.43125 0.153125 0.409766 0.153125
0 0.375391 0.215625 0.401953 0.215625 0.401953 0.240104 0.375391 0.240104
0 0.333594 0.242708 0.356641 0.242708 0.356641 0.265104 0.333594 0.265104
0 0.303125 0.254688 0.328125 0.254688 0.328125 0.284896 0.303125 0.284896
0 0.36875 0.271875 0.392969 0.271875 0.392969 0.306771 0.36875 0.306771
0 0.434375 0.198438 0.463281 0.198438 0.463281 0.2375 0.434375 0.2375
0 0.485156 0.169792 0.509375 0.169792 0.509375 0.203125 0.485156 0.203125
0 0.453516 0.13125 0.473828 0.13125 0.473828 0.163542 0.453516 0.163542
0 0.4375 0.051562 0.459375 0.051562 0.459375 0.082292 0.4375 0.082292
0 0.483203 0.085417 0.505469 0.085417 0.505469 0.113542 0.483203 0.113542
0 0.274609 0.296875 0.291406 0.296875 0.291406 0.333333 0.274609 0.333333
0 0.297656 0.300521 0.314062 0.300521 0.314062 0.335417 0.297656 0.335417
0 0.319531 0.309375 0.346094 0.309375 0.346094 0.334375 0.319531 0.334375
0 0.317969 0.348438 0.336328 0.348438 0.336328 0.376042 0.317969 0.376042
0 0.346484 0.346875 0.369922 0.346875 0.369922 0.369792 0.346484 0.369792
0 0.333984 0.386979 0.356641 0.386979 0.356641 0.413021 0.333984 0.413021
0 0.362891 0.39375 0.383594 0.39375 0.383594 0.435417 0.362891 0.435417
0 0.389062 0.378125 0.408594 0.378125 0.408594 0.415625 0.389062 0.415625
0 0.407031 0.301042 0.432812 0.301042 0.432812 0.339062 0.407031 0.339062
0 0.435156 0.306771 0.458594 0.306771 0.458594 0.343229 0.435156 0.343229
0 0.452734 0.359375 0.48125 0.359375 0.48125 0.383854 0.452734 0.383854
0 0.418359 0.375 0.440625 0.375 0.440625 0.407812 0.418359 0.407812
0 0.455078 0.414583 0.480859 0.414583 0.480859 0.439583 0.455078 0.439583
0 0.48125 0.391146 0.499219 0.391146 0.499219 0.418229 0.48125 0.418229
0 0.402734 0.422396 0.426953 0.422396 0.426953 0.447396 0.402734 0.447396
0 0.342578 0.420312 0.366406 0.420312 0.366406 0.446875 0.342578 0.446875
0 0.049219 0.036979 0.068359 0.036979 0.068359 0.073438 0.049219 0.073438
0 0.082031 0.019792 0.099219 0.019792 0.099219 0.048438 0.082031 0.048438
0 0.0125 0.082812 0.0375 0.082812 0.0375 0.102604 0.0125 0.102604
0 0.060547 0.107292 0.080078 0.107292 0.080078 0.133333 0.060547 0.133333
0 0.095703 0.111458 0.117188 0.111458 0.117188 0.138021 0.095703 0.138021
0 0.027344 0.128125 0.046484 0.128125 0.046484 0.158854 0.027344 0.158854
0 0.052734 0.154167 0.080078 0.154167 0.080078 0.180729 0.052734 0.180729
0 0.091406 0.155208 0.111328 0.155208 0.111328 0.178646 0.091406 0.178646
0 0.10625 0.180208 0.13125 0.180208 0.13125 0.203646 0.10625 0.203646
0 0.085547 0.201562 0.108984 0.201562 0.108984 0.229167 0.085547 0.229167
0 0.248828 0.091146 0.264844 0.091146 0.264844 0.122917 0.248828 0.122917
0 0.219922 0.058333 0.247656 0.058333 0.247656 0.077083 0.219922 0.077083
0 0.186719 0.038021 0.205078 0.038021 0.205078 0.067708 0.186719 0.067708
0 0.198047 0.082292 0.221484 0.082292 0.221484 0.107292 0.198047 0.107292
0 0.210938 0.109896 0.235938 0.109896 0.235938 0.136979 0.210938 0.136979
0 0.214844 0.150521 0.229297 0.150521 0.229297 0.178646 0.214844 0.178646
0 0.236719 0.0 0.252344 0.0 0.252344 0.017188 0.236719 0.017188
0 0.251563 0.0125 0.266406 0.0125 0.266406 0.035417 0.251563 0.035417
0 0.278516 0.0125 0.29375 0.0125 0.29375 0.047917 0.278516 0.047917
0 0.293359 0.052083 0.320703 0.052083 0.320703 0.067188 0.293359 0.067188
0 0.331641 0.009896 0.344922 0.009896 0.344922 0.04375 0.331641 0.04375
0 0.453906 0.254688 0.480078 0.254688 0.480078 0.280729 0.453906 0.280729
0 0.408984 0.259896 0.429688 0.259896 0.429688 0.286458 0.408984 0.286458
0 0.469922 0.280208 0.492969 0.280208 0.492969 0.308333 0.469922 0.308333
0 0.498828 0.277604 0.525 0.277604 0.525 0.301042 0.498828 0.301042
0 0.494531 0.314062 0.527734 0.314062 0.527734 0.3375 0.494531 0.3375
0 0.519922 0.239583 0.55 0.239583 0.55 0.25625 0.519922 0.25625
0 0.510156 0.209896 0.532812 0.209896 0.532812 0.225521 0.510156 0.225521
0 0.569922 0.242708 0.595312 0.242708 0.595312 0.259896 0.569922 0.259896
0 0.583984 0.211979 0.610156 0.211979 0.610156 0.230729 0.583984 0.230729
0 0.540234 0.2 0.561328 0.2 0.561328 0.220312 0.540234 0.220312
0 0.567188 0.175521 0.591797 0.175521 0.591797 0.197917 0.567188 0.197917
0 0.574219 0.142708 0.597656 0.142708 0.597656 0.167708 0.574219 0.167708
0 0.523047 0.157812 0.552344 0.157812 0.552344 0.179688 0.523047 0.179688
0 0.512891 0.098438 0.535156 0.098438 0.535156 0.125 0.512891 0.125
0 0.545312 0.115104 0.567969 0.115104 0.567969 0.135417 0.545312 0.135417
0 0.550391 0.063021 0.575391 0.063021 0.575391 0.082292 0.550391 0.082292
0 0.505078 0.061458 0.53125 0.061458 0.53125 0.083854 0.505078 0.083854
0 0.473828 0.033854 0.498828 0.033854 0.498828 0.058854 0.473828 0.058854
0 0.505469 0.010417 0.534766 0.010417 0.534766 0.035417 0.505469 0.035417
0 0.5375 0.001562 0.558203 0.001562 0.558203 0.022396 0.5375 0.022396
0 0.558594 0.015625 0.577344 0.015625 0.577344 0.04375 0.558594 0.04375
0 0.595703 0.025521 0.622266 0.025521 0.622266 0.046875 0.595703 0.046875
0 0.596484 0.058333 0.621484 0.058333 0.621484 0.085938 0.596484 0.085938
0 0.628125 0.053125 0.650781 0.053125 0.650781 0.077604 0.628125 0.077604
0 0.437109 0.0 0.462109 0.0 0.462109 0.023438 0.437109 0.023438
0 0.667578 0.25625 0.683594 0.25625 0.683594 0.295312 0.667578 0.295312
0 0.696484 0.25625 0.721094 0.25625 0.721094 0.281771 0.696484 0.281771
0 0.738672 0.246354 0.767578 0.246354 0.767578 0.268229 0.738672 0.268229
0 0.696094 0.208333 0.727344 0.208333 0.727344 0.23125 0.696094 0.23125
0 0.683203 0.173958 0.716016 0.173958 0.716016 0.198958 0.683203 0.198958
0 0.698828 0.138021 0.723828 0.138021 0.723828 0.164062 0.698828 0.164062
0 0.679297 0.099479 0.699609 0.099479 0.699609 0.130208 0.679297 0.130208
0 0.673828 0.00625 0.689844 0.00625 0.689844 0.042708 0.673828 0.042708
0 0.696875 0.011979 0.717969 0.011979 0.717969 0.045312 0.696875 0.045312
0 0.729297 0.016146 0.747656 0.016146 0.747656 0.050521 0.729297 0.050521
0 0.709766 0.053646 0.736328 0.053646 0.736328 0.076042 0.709766 0.076042
0 0.7 0.088021 0.725391 0.088021 0.725391 0.115104 0.7 0.115104
0 0.746484 0.042708 0.775781 0.042708 0.775781 0.061458 0.746484 0.061458
0 0.749219 0.076042 0.776172 0.076042 0.776172 0.098958 0.749219 0.098958
0 0.731641 0.113021 0.755078 0.113021 0.755078 0.144271 0.731641 0.144271
0 0.735547 0.157812 0.753125 0.157812 0.753125 0.193229 0.735547 0.193229
0 0.770703 0.154688 0.794922 0.154688 0.794922 0.170833 0.770703 0.170833
0 0.772266 0.181771 0.785547 0.181771 0.785547 0.214062 0.772266 0.214062
0 0.735938 0.201042 0.753125 0.201042 0.753125 0.230729 0.735938 0.230729
0 0.785156 0.004167 0.798438 0.004167 0.798438 0.038021 0.785156 0.038021
0 0.792188 0.054688 0.814844 0.054688 0.814844 0.080729 0.792188 0.080729
0 0.796094 0.098958 0.814844 0.098958 0.814844 0.126562 0.796094 0.126562
0 0.8125 0.158854 0.838281 0.158854 0.838281 0.182812 0.8125 0.182812
0 0.810938 0.192188 0.826953 0.192188 0.826953 0.220312 0.810938 0.220312
0 0.783203 0.248438 0.807812 0.248438 0.807812 0.275 0.783203 0.275
0 0.823438 0.24375 0.843359 0.24375 0.843359 0.270312 0.823438 0.270312
0 0.847266 0.222396 0.863672 0.222396 0.863672 0.253646 0.847266 0.253646
0 0.856641 0.155208 0.878125 0.155208 0.878125 0.184375 0.856641 0.184375
0 0.824609 0.128125 0.848828 0.128125 0.848828 0.145833 0.824609 0.145833
0 0.839844 0.094271 0.8625 0.094271 0.8625 0.116146 0.839844 0.116146
0 0.876172 0.091146 0.896094 0.091146 0.896094 0.115625 0.876172 0.115625
0 0.834766 0.050521 0.853516 0.050521 0.853516 0.073438 0.834766 0.073438
0 0.888672 0.166667 0.910156 0.166667 0.910156 0.19375 0.888672 0.19375
0 0.910547 0.189583 0.928516 0.189583 0.928516 0.219271 0.910547 0.219271
0 0.884375 0.233854 0.9125 0.233854 0.9125 0.254167 0.884375 0.254167
0 0.869141 0.258854 0.889062 0.258854 0.889062 0.285417 0.869141 0.285417
0 0.871484 0.0 0.891016 0.0 0.891016 0.022917 0.871484 0.022917
0 0.872266 0.041146 0.892188 0.041146 0.892188 0.066146 0.872266 0.066146
0 0.903125 0.017708 0.923438 0.017708 0.923438 0.039062 0.903125 0.039062
0 0.935547 0.04375 0.951172 0.04375 0.951172 0.077083 0.935547 0.077083
0 0.960938 0.034375 0.977734 0.034375 0.977734 0.065104 0.960938 0.065104
0 0.965625 0.1 0.993359 0.1 0.993359 0.120312 0.965625 0.120312
0 0.907812 0.076562 0.931641 0.076562 0.931641 0.099479 0.907812 0.099479
0 0.915234 0.123958 0.939844 0.123958 0.939844 0.139062 0.915234 0.139062
0 0.930859 0.163021 0.948438 0.163021 0.948438 0.190104 0.930859 0.190104
0 0.952734 0.142188 0.969922 0.142188 0.969922 0.168229 0.952734 0.168229
0 0.901953 0.142188 0.918359 0.142188 0.918359 0.159896 0.901953 0.159896
0 0.983984 0.159375 0.999609 0.159375 0.999609 0.184896 0.983984 0.184896
0 0.955469 0.179688 0.974609 0.179688 0.974609 0.211979 0.955469 0.211979
0 0.958594 0.226042 0.98125 0.226042 0.98125 0.251042 0.958594 0.251042
0 0.934766 0.214583 0.951953 0.214583 0.951953 0.25 0.934766 0.25
0 0.733203 0.305729 0.758984 0.305729 0.758984 0.332812 0.733203 0.332812
0 0.763672 0.286458 0.785938 0.286458 0.785938 0.309896 0.763672 0.309896
0 0.808984 0.318229 0.832422 0.318229 0.832422 0.338021 0.808984 0.338021
0 0.826953 0.2875 0.851953 0.2875 0.851953 0.305208 0.826953 0.305208
0 0.858203 0.341146 0.877344 0.341146 0.877344 0.374479 0.858203 0.374479
0 0.883594 0.338021 0.907031 0.338021 0.907031 0.363542 0.883594 0.363542
0 0.944922 0.328646 0.962891 0.328646 0.962891 0.365104 0.944922 0.365104
0 0.970312 0.309375 0.994531 0.309375 0.994531 0.335417 0.970312 0.335417
0 0.913672 0.342188 0.940625 0.342188 0.940625 0.371354 0.913672 0.371354
0 0.0 0.133333 0.01875 0.133333 0.01875 0.176042 0.0 0.176042
0 0.0 0.209896 0.020312 0.209896 0.020312 0.238021 0.0 0.238021
0 0.014844 0.242188 0.045703 0.242188 0.045703 0.270833 0.014844 0.270833
0 0.06875 0.236979 0.092578 0.236979 0.092578 0.259375 0.06875 0.259375
0 0.104297 0.229688 0.126562 0.229688 0.126562 0.257292 0.104297 0.257292
0 0.070312 0.263542 0.100391 0.263542 0.100391 0.283854 0.070312 0.283854
0 0.037891 0.272917 0.064844 0.272917 0.064844 0.293229 0.037891 0.293229
0 0.055078 0.313021 0.086328 0.313021 0.086328 0.339583 0.055078 0.339583
0 0.025 0.308854 0.046484 0.308854 0.046484 0.339583 0.025 0.339583
0 0.076562 0.401042 0.102734 0.401042 0.102734 0.426562 0.076562 0.426562
0 0.114844 0.376562 0.132031 0.376562 0.132031 0.409375 0.114844 0.409375
0 0.143359 0.352604 0.161328 0.352604 0.161328 0.389062 0.143359 0.389062
0 0.167969 0.365625 0.189062 0.365625 0.189062 0.391667 0.167969 0.391667
0 0.190234 0.397917 0.215234 0.397917 0.215234 0.423958 0.190234 0.423958
0 0.180078 0.442188 0.203906 0.442188 0.203906 0.457812 0.180078 0.457812
0 0.149219 0.417188 0.167578 0.417188 0.167578 0.446354 0.149219 0.446354
0 0.117969 0.43125 0.136719 0.43125 0.136719 0.457292 0.117969 0.457292
0 0.136328 0.476562 0.160156 0.476562 0.160156 0.502083 0.136328 0.502083
0 0.183594 0.475 0.203125 0.475 0.203125 0.503125 0.183594 0.503125
0 0.219531 0.469792 0.235547 0.469792 0.235547 0.504687 0.219531 0.504687
0 0.244141 0.464583 0.260547 0.464583 0.260547 0.495312 0.244141 0.495312
0 0.247656 0.50625 0.269922 0.50625 0.269922 0.53125 0.247656 0.53125
0 0.207812 0.528125 0.232812 0.528125 0.232812 0.554167 0.207812 0.554167
0 0.160938 0.521354 0.179688 0.521354 0.179688 0.547917 0.160938 0.547917
0 0.144531 0.513021 0.160156 0.513021 0.160156 0.533333 0.144531 0.533333
0 0.101562 0.515625 0.128516 0.515625 0.128516 0.545312 0.101562 0.545312
0 0.069141 0.515104 0.095312 0.515104 0.095312 0.534375 0.069141 0.534375
0 0.0625 0.4625 0.091406 0.4625 0.091406 0.484896 0.0625 0.484896
0 0.025781 0.636979 0.046875 0.636979 0.046875 0.66875 0.025781 0.66875
0 0.073438 0.641146 0.092969 0.641146 0.092969 0.66875 0.073438 0.66875
0 0.053516 0.626042 0.069141 0.626042 0.069141 0.653125 0.053516 0.653125
0 0.037109 0.627083 0.058594 0.627083 0.058594 0.65625 0.037109 0.65625
0 0.035547 0.585938 0.051953 0.585938 0.051953 0.613542 0.035547 0.613542
0 0.0 0.591667 0.025781 0.591667 0.025781 0.613542 0.0 0.613542
0 0.101562 0.588021 0.127734 0.588021 0.127734 0.609896 0.101562 0.609896
0 0.096484 0.624479 0.117969 0.624479 0.117969 0.645312 0.096484 0.645312
0 0.053906 0.554688 0.086328 0.554688 0.086328 0.573438 0.053906 0.573438
0 0.198828 0.589583 0.226953 0.589583 0.226953 0.6125 0.198828 0.6125
0 0.230859 0.567188 0.252344 0.567188 0.252344 0.5875 0.230859 0.5875
0 0.224609 0.661979 0.24375 0.661979 0.24375 0.692188 0.224609 0.692188
0 0.1875 0.647917 0.207812 0.647917 0.207812 0.66875 0.1875 0.66875
0 0.195703 0.679167 0.214844 0.679167 0.214844 0.698438 0.195703 0.698438
0 0.195703 0.705729 0.221484 0.705729 0.221484 0.729167 0.195703 0.729167
0 0.151562 0.735938 0.167578 0.735938 0.167578 0.7625 0.151562 0.7625
0 0.176953 0.739062 0.202734 0.739062 0.202734 0.763021 0.176953 0.763021
0 0.112891 0.68125 0.135938 0.68125 0.135938 0.711458 0.112891 0.711458
0 0.086719 0.675521 0.104297 0.675521 0.104297 0.697396 0.086719 0.697396
0 0.072656 0.731771 0.099609 0.731771 0.099609 0.760417 0.072656 0.760417
0 0.360938 0.644271 0.379297 0.644271 0.379297 0.680208 0.360938 0.680208
0 0.330859 0.656771 0.351172 0.656771 0.351172 0.688021 0.330859 0.688021
0 0.283594 0.659375 0.304688 0.659375 0.304688 0.692188 0.283594 0.692188
0 0.307812 0.686458 0.326562 0.686458 0.326562 0.718229 0.307812 0.718229
0 0.265625 0.702083 0.293359 0.702083 0.293359 0.720833 0.265625 0.720833
0 0.230859 0.727604 0.258594 0.727604 0.258594 0.761458 0.230859 0.761458
0 0.267188 0.758333 0.285938 0.758333 0.285938 0.781771 0.267188 0.781771
0 0.305078 0.750521 0.329297 0.750521 0.329297 0.783333 0.305078 0.783333
0 0.327734 0.711979 0.351172 0.711979 0.351172 0.734375 0.327734 0.734375
0 0.361719 0.698958 0.389062 0.698958 0.389062 0.727083 0.361719 0.727083
0 0.392578 0.730208 0.408203 0.730208 0.408203 0.760938 0.392578 0.760938
0 0.415234 0.714062 0.434766 0.714062 0.434766 0.739062 0.415234 0.739062
0 0.417578 0.785417 0.440234 0.785417 0.440234 0.823958 0.417578 0.823958
0 0.383594 0.780729 0.403516 0.780729 0.403516 0.811458 0.383594 0.811458
0 0.446094 0.833333 0.471875 0.833333 0.471875 0.85 0.446094 0.85
0 0.425 0.855208 0.442969 0.855208 0.442969 0.8875 0.425 0.8875
0 0.395703 0.855729 0.417969 0.855729 0.417969 0.894271 0.395703 0.894271
0 0.349219 0.800521 0.370312 0.800521 0.370312 0.829167 0.349219 0.829167
0 0.334766 0.839583 0.348828 0.839583 0.348828 0.871875 0.334766 0.871875
0 0.363672 0.878646 0.38125 0.878646 0.38125 0.910417 0.363672 0.910417
0 0.390234 0.935417 0.418359 0.935417 0.418359 0.955208 0.390234 0.955208
0 0.305078 0.843229 0.321875 0.843229 0.321875 0.869271 0.305078 0.869271
0 0.266797 0.81875 0.28125 0.81875 0.28125 0.855208 0.266797 0.855208
0 0.270312 0.888542 0.298047 0.888542 0.298047 0.914062 0.270312 0.914062
0 0.223047 0.823958 0.240625 0.823958 0.240625 0.857812 0.223047 0.857812
0 0.091016 0.779167 0.116406 0.779167 0.116406 0.803646 0.091016 0.803646
0 0.072656 0.833854 0.092578 0.833854 0.092578 0.861979 0.072656 0.861979
0 0.007422 0.835417 0.023828 0.835417 0.023828 0.867708 0.007422 0.867708
0 0.104297 0.834375 0.121875 0.834375 0.121875 0.871354 0.104297 0.871354
0 0.13125 0.838021 0.152734 0.838021 0.152734 0.860417 0.13125 0.860417
0 0.159375 0.876042 0.182812 0.876042 0.182812 0.910417 0.159375 0.910417
0 0.196484 0.844271 0.218359 0.844271 0.218359 0.876042 0.196484 0.876042
0 0.19375 0.908333 0.21875 0.908333 0.21875 0.932812 0.19375 0.932812
0 0.227734 0.919271 0.252734 0.919271 0.252734 0.946875 0.227734 0.946875
0 0.262109 0.948958 0.284766 0.948958 0.284766 0.974479 0.262109 0.974479
0 0.296484 0.919271 0.317188 0.919271 0.317188 0.949479 0.296484 0.949479
0 0.121875 0.864583 0.143359 0.864583 0.143359 0.903646 0.121875 0.903646
0 0.080078 0.880208 0.111719 0.880208 0.111719 0.907812 0.080078 0.907812
0 0.116406 0.920312 0.139453 0.920312 0.139453 0.952083 0.116406 0.952083
0 0.147266 0.924479 0.174219 0.924479 0.174219 0.960417 0.147266 0.960417
0 0.186719 0.960417 0.212891 0.960417 0.212891 0.993229 0.186719 0.993229
0 0.216797 0.979167 0.237891 0.979167 0.237891 0.996354 0.216797 0.996354
0 0.296875 0.976562 0.317969 0.976562 0.317969 0.998958 0.296875 0.998958
0 0.01875 0.933333 0.039453 0.933333 0.039453 0.966146 0.01875 0.966146
0 0.051953 0.952083 0.072266 0.952083 0.072266 0.981771 0.051953 0.981771
0 0.126953 0.976562 0.144922 0.976562 0.144922 0.999479 0.126953 0.999479
0 0.438672 0.452604 0.462109 0.452604 0.462109 0.483854 0.438672 0.483854
0 0.537109 0.395833 0.557031 0.395833 0.557031 0.419792 0.537109 0.419792
0 0.569922 0.379167 0.586719 0.379167 0.586719 0.40625 0.569922 0.40625
0 0.626562 0.368229 0.644531 0.368229 0.644531 0.397396 0.626562 0.397396
0 0.655469 0.398438 0.677734 0.398438 0.677734 0.425 0.655469 0.425
0 0.672266 0.358854 0.693359 0.358854 0.693359 0.389062 0.672266 0.389062
0 0.694922 0.396875 0.713672 0.396875 0.713672 0.428646 0.694922 0.428646
0 0.722266 0.391667 0.738281 0.391667 0.738281 0.425 0.722266 0.425
0 0.717578 0.448438 0.744141 0.448438 0.744141 0.472396 0.717578 0.472396
0 0.735547 0.473958 0.755469 0.473958 0.755469 0.496875 0.735547 0.496875
0 0.678125 0.461458 0.698438 0.461458 0.698438 0.488021 0.678125 0.488021
0 0.642969 0.422396 0.665234 0.422396 0.665234 0.454167 0.642969 0.454167
0 0.616016 0.454688 0.633594 0.454688 0.633594 0.485938 0.616016 0.485938
0 0.599219 0.426042 0.619922 0.426042 0.619922 0.453125 0.599219 0.453125
0 0.576562 0.455729 0.594531 0.455729 0.594531 0.489583 0.576562 0.489583
0 0.554297 0.430729 0.574219 0.430729 0.574219 0.463542 0.554297 0.463542
0 0.517578 0.432292 0.546094 0.432292 0.546094 0.461458 0.517578 0.461458
0 0.523438 0.470833 0.547656 0.470833 0.547656 0.496354 0.523438 0.496354
0 0.547266 0.510417 0.567969 0.510417 0.567969 0.541667 0.547266 0.541667
0 0.503516 0.528125 0.526562 0.528125 0.526562 0.549479 0.503516 0.549479
0 0.466016 0.547396 0.485156 0.547396 0.485156 0.580208 0.466016 0.580208
0 0.463672 0.584375 0.489453 0.584375 0.489453 0.602604 0.463672 0.602604
0 0.492969 0.594792 0.519531 0.594792 0.519531 0.6125 0.492969 0.6125
0 0.533594 0.573958 0.553516 0.573958 0.553516 0.6125 0.533594 0.6125
0 0.572266 0.583854 0.5875 0.583854 0.5875 0.623438 0.572266 0.623438
0 0.604688 0.572917 0.622266 0.572917 0.622266 0.6 0.604688 0.6
0 0.603906 0.522396 0.625 0.522396 0.625 0.554167 0.603906 0.554167
0 0.634375 0.508333 0.657031 0.508333 0.657031 0.53125 0.634375 0.53125
0 0.691797 0.519792 0.716016 0.519792 0.716016 0.548958 0.691797 0.548958
0 0.740625 0.497917 0.765234 0.497917 0.765234 0.526042 0.740625 0.526042
0 0.760156 0.516667 0.780469 0.516667 0.780469 0.547917 0.760156 0.547917
0 0.786719 0.563021 0.803125 0.563021 0.803125 0.591667 0.786719 0.591667
0 0.761328 0.561979 0.780469 0.561979 0.780469 0.592188 0.761328 0.592188
0 0.773828 0.611458 0.790625 0.611458 0.790625 0.642188 0.773828 0.642188
0 0.473828 0.629167 0.492578 0.629167 0.492578 0.65 0.473828 0.65
0 0.504687 0.639062 0.529297 0.639062 0.529297 0.669271 0.504687 0.669271
0 0.547656 0.639583 0.567188 0.639583 0.567188 0.668229 0.547656 0.668229
0 0.512109 0.679688 0.538672 0.679688 0.538672 0.710417 0.512109 0.710417
0 0.539062 0.714583 0.555859 0.714583 0.555859 0.739062 0.539062 0.739062
0 0.559375 0.681771 0.574219 0.681771 0.574219 0.720312 0.559375 0.720312
0 0.587109 0.682812 0.60625 0.682812 0.60625 0.714062 0.587109 0.714062
0 0.60625 0.725 0.635156 0.725 0.635156 0.742708 0.60625 0.742708
0 0.625 0.597396 0.641797 0.597396 0.641797 0.625 0.625 0.625
0 0.652344 0.564062 0.669141 0.564062 0.669141 0.590625 0.652344 0.590625
0 0.628906 0.651562 0.655469 0.651562 0.655469 0.672917 0.628906 0.672917
0 0.593359 0.649479 0.611719 0.649479 0.611719 0.667188 0.593359 0.667188
0 0.674219 0.633333 0.692188 0.633333 0.692188 0.660417 0.674219 0.660417
0 0.703516 0.591667 0.719531 0.591667 0.719531 0.621354 0.703516 0.621354
0 0.711719 0.563021 0.722266 0.563021 0.722266 0.584896 0.711719 0.584896
0 0.723438 0.558333 0.749609 0.558333 0.749609 0.573958 0.723438 0.573958
0 0.731641 0.620312 0.748828 0.620312 0.748828 0.646875 0.731641 0.646875
0 0.693359 0.654167 0.711328 0.654167 0.711328 0.677604 0.693359 0.677604
0 0.668359 0.666667 0.687891 0.666667 0.687891 0.685417 0.668359 0.685417
0 0.712891 0.66875 0.731641 0.66875 0.731641 0.7 0.712891 0.7
0 0.735547 0.683333 0.750781 0.683333 0.750781 0.706771 0.735547 0.706771
0 0.751953 0.715625 0.778125 0.715625 0.778125 0.734375 0.751953 0.734375
0 0.734375 0.747396 0.755078 0.747396 0.755078 0.770312 0.734375 0.770312
0 0.7 0.759375 0.723438 0.759375 0.723438 0.778125 0.7 0.778125
0 0.683203 0.711458 0.701562 0.711458 0.701562 0.736458 0.683203 0.736458
0 0.629688 0.766146 0.656641 0.766146 0.656641 0.7875 0.629688 0.7875
0 0.596094 0.763542 0.619922 0.763542 0.619922 0.782812 0.596094 0.782812
0 0.563672 0.785417 0.582422 0.785417 0.582422 0.81875 0.563672 0.81875
0 0.641797 0.685938 0.655078 0.685938 0.655078 0.710417 0.641797 0.710417
0 0.667188 0.697917 0.676953 0.697917 0.676953 0.718229 0.667188 0.718229
0 0.906641 0.382812 0.941016 0.382812 0.941016 0.408854 0.906641 0.408854
0 0.9625 0.383333 0.989453 0.383333 0.989453 0.417708 0.9625 0.417708
0 0.885547 0.473438 0.908984 0.473438 0.908984 0.50625 0.885547 0.50625
0 0.923047 0.482812 0.942188 0.482812 0.942188 0.513542 0.923047 0.513542
0 0.946484 0.509375 0.975 0.509375 0.975 0.534896 0.946484 0.534896
0 0.952734 0.408333 0.970703 0.408333 0.970703 0.438542 0.952734 0.438542
0 0.926172 0.427083 0.948047 0.427083 0.948047 0.457292 0.926172 0.457292
0 0.896875 0.417188 0.913672 0.417188 0.913672 0.450521 0.896875 0.450521
0 0.879297 0.407812 0.896484 0.407812 0.896484 0.448958 0.879297 0.448958
0 0.855859 0.433854 0.880078 0.433854 0.880078 0.461979 0.855859 0.461979
0 0.842578 0.479167 0.862109 0.479167 0.862109 0.505729 0.842578 0.505729
0 0.819141 0.427083 0.842969 0.427083 0.842969 0.45 0.819141 0.45
0 0.855078 0.502604 0.877734 0.502604 0.877734 0.53125 0.855078 0.53125
0 0.820312 0.520312 0.841797 0.520312 0.841797 0.548438 0.820312 0.548438
0 0.984375 0.421354 0.999609 0.421354 0.999609 0.451042 0.984375 0.451042
0 0.923828 0.541667 0.942578 0.541667 0.942578 0.579167 0.923828 0.579167
0 0.962109 0.56875 0.985156 0.56875 0.985156 0.596875 0.962109 0.596875
0 0.881641 0.548438 0.900781 0.548438 0.900781 0.577083 0.881641 0.577083
0 0.860156 0.556771 0.876172 0.556771 0.876172 0.590104 0.860156 0.590104
0 0.836328 0.566146 0.855859 0.566146 0.855859 0.597917 0.836328 0.597917
0 0.8125 0.59375 0.83125 0.59375 0.83125 0.633333 0.8125 0.633333
0 0.861719 0.602083 0.883984 0.602083 0.883984 0.627083 0.861719 0.627083
0 0.901172 0.588021 0.91875 0.588021 0.91875 0.610938 0.901172 0.610938
0 0.920312 0.619792 0.9375 0.619792 0.9375 0.644792 0.920312 0.644792
0 0.946094 0.615625 0.966016 0.615625 0.966016 0.640104 0.946094 0.640104
0 0.968359 0.647917 0.982422 0.647917 0.982422 0.68125 0.968359 0.68125
0 0.884766 0.629688 0.905859 0.629688 0.905859 0.646875 0.884766 0.646875
0 0.902734 0.666146 0.926562 0.666146 0.926562 0.694792 0.902734 0.694792
0 0.883203 0.666146 0.900391 0.666146 0.900391 0.691667 0.883203 0.691667
0 0.809766 0.703646 0.833203 0.703646 0.833203 0.730208 0.809766 0.730208
0 0.826953 0.680729 0.846875 0.680729 0.846875 0.711979 0.826953 0.711979
0 0.923828 0.6875 0.946094 0.6875 0.946094 0.711979 0.923828 0.711979
0 0.95 0.671875 0.971094 0.671875 0.971094 0.713021 0.95 0.713021
0 0.898047 0.718229 0.923438 0.718229 0.923438 0.741146 0.898047 0.741146
0 0.981641 0.899479 0.999609 0.899479 0.999609 0.931771 0.981641 0.931771
0 0.953516 0.816146 0.976172 0.816146 0.976172 0.845833 0.953516 0.845833
0 0.957031 0.870833 0.985156 0.870833 0.985156 0.891667 0.957031 0.891667
0 0.894922 0.911458 0.917969 0.911458 0.917969 0.940625 0.894922 0.940625
0 0.892969 0.952083 0.919141 0.952083 0.919141 0.976562 0.892969 0.976562
0 0.857031 0.933854 0.88125 0.933854 0.88125 0.953646 0.857031 0.953646
0 0.863281 0.901042 0.883594 0.901042 0.883594 0.924479 0.863281 0.924479
0 0.833203 0.891667 0.85 0.891667 0.85 0.928125 0.833203 0.928125
0 0.786328 0.889062 0.808203 0.889062 0.808203 0.921875 0.786328 0.921875
0 0.740234 0.896354 0.764062 0.896354 0.764062 0.919271 0.740234 0.919271
0 0.844141 0.975521 0.862109 0.975521 0.862109 0.999479 0.844141 0.999479
0 0.805469 0.954167 0.834375 0.954167 0.834375 0.973958 0.805469 0.973958
0 0.775391 0.952083 0.791406 0.952083 0.791406 0.976042 0.775391 0.976042
0 0.748438 0.941146 0.771875 0.941146 0.771875 0.96875 0.748438 0.96875
0 0.691797 0.914062 0.715234 0.914062 0.715234 0.935938 0.691797 0.935938
0 0.714453 0.955208 0.740625 0.955208 0.740625 0.98125 0.714453 0.98125
0 0.673047 0.943229 0.692188 0.943229 0.692188 0.975 0.673047 0.975
0 0.630469 0.972396 0.663281 0.972396 0.663281 0.995312 0.630469 0.995312
0 0.63125 0.919792 0.650391 0.919792 0.650391 0.960417 0.63125 0.960417
0 0.596094 0.935417 0.614453 0.935417 0.614453 0.973438 0.596094 0.973438
0 0.576562 0.914062 0.594141 0.914062 0.594141 0.948958 0.576562 0.948958
0 0.536328 0.927604 0.553906 0.927604 0.553906 0.960938 0.536328 0.960938
0 0.558984 0.971875 0.581641 0.971875 0.581641 0.999479 0.558984 0.999479
0 0.53125 0.978125 0.548438 0.978125 0.548438 0.998958 0.53125 0.998958