0 0.009375 0.008854 0.024219 0.008854 0.024219 0.038542 0.009375 0.038542
0 0.033203 0.003125 0.053516 0.003125 0.053516 0.024479 0.033203 0.024479
0 0.071484 0.029688 0.091016 0.029688 0.091016 0.052083 0.071484 0.052083
0 0.023828 0.079167 0.041016 0.079167 0.041016 0.122396 0.023828 0.122396
0 0.047656 0.060417 0.071094 0.060417 0.071094 0.079688 0.047656 0.079688
0 0.080859 0.091667 0.101172 0.091667 0.101172 0.111979 0.080859 0.111979
0 0.066406 0.099479 0.08125 0.099479 0.08125 0.135938 0.066406 0.135938
0 0.111328 0.016667 0.130078 0.016667 0.130078 0.049479 0.111328 0.049479
0 0.117578 0.059896 0.138281 0.059896 0.138281 0.085417 0.117578 0.085417
0 0.141016 0.022396 0.158203 0.022396 0.158203 0.053646 0.141016 0.053646
0 0.166797 0.006771 0.1875 0.006771 0.1875 0.031771 0.166797 0.031771
0 0.164844 0.045312 0.188281 0.045312 0.188281 0.067188 0.164844 0.067188
0 0.151562 0.071875 0.171875 0.071875 0.171875 0.097396 0.151562 0.097396
0 0.130859 0.108854 0.157812 0.108854 0.157812 0.131771 0.130859 0.131771
0 0.089844 0.125521 0.105859 0.125521 0.105859 0.150521 0.089844 0.150521
0 0.117578 0.148438 0.135547 0.148438 0.135547 0.167188 0.117578 0.167188
0 0.012891 0.165625 0.034766 0.165625 0.034766 0.1875 0.012891 0.1875
0 0.046875 0.184375 0.064844 0.184375 0.064844 0.211458 0.046875 0.211458
0 0.078906 0.166667 0.100391 0.166667 0.100391 0.194271 0.078906 0.194271
0 0.012109 0.208333 0.032422 0.208333 0.032422 0.229688 0.012109 0.229688
0 0.054688 0.224479 0.072266 0.224479 0.072266 0.248438 0.054688 0.248438
0 0.080469 0.201562 0.103125 0.201562 0.103125 0.225 0.080469 0.225
0 0.119531 0.175521 0.142188 0.175521 0.142188 0.196875 0.119531 0.196875
0 0.148438 0.194271 0.172266 0.194271 0.172266 0.213542 0.148438 0.213542
0 0.116797 0.202083 0.132422 0.202083 0.132422 0.231771 0.116797 0.231771
0 0.035938 0.25 0.052734 0.25 0.052734 0.284375 0.035938 0.284375
0 0.069922 0.254167 0.094531 0.254167 0.094531 0.279688 0.069922 0.279688
0 0.105078 0.247917 0.125781 0.247917 0.125781 0.276042 0.105078 0.276042
0 0.000781 0.314583 0.026562 0.314583 0.026562 0.335938 0.000781 0.335938
0 0.043359 0.308333 0.061719 0.308333 0.061719 0.341146 0.043359 0.341146
0 0.107422 0.310417 0.135547 0.310417 0.135547 0.335938 0.107422 0.335938
0 0.145312 0.278646 0.169141 0.278646 0.169141 0.300521 0.145312 0.300521
0 0.155078 0.223438 0.173828 0.223438 0.173828 0.245833 0.155078 0.245833
0 0.175391 0.245833 0.19375 0.245833 0.19375 0.269792 0.175391 0.269792
0 0.030859 0.351042 0.048828 0.351042 0.048828 0.375521 0.030859 0.375521
0 0.129297 0.372917 0.151953 0.372917 0.151953 0.397396 0.129297 0.397396
0 0.148438 0.348958 0.167188 0.348958 0.167188 0.375521 0.148438 0.375521
0 0.134766 0.409375 0.158984 0.409375 0.158984 0.427604 0.134766 0.427604
0 0.166406 0.423438 0.184375 0.423438 0.184375 0.452083 0.166406 0.452083
0 0.145312 0.452083 0.166016 0.452083 0.166016 0.475521 0.145312 0.475521
0 0.183984 0.463021 0.2 0.463021 0.2 0.494271 0.183984 0.494271
0 0.140625 0.50625 0.160547 0.50625 0.160547 0.542708 0.140625 0.542708
0 0.101953 0.510938 0.116797 0.510938 0.116797 0.551042 0.101953 0.551042
0 0.019141 0.508333 0.039844 0.508333 0.039844 0.533854 0.019141 0.533854
0 0.058203 0.523958 0.075391 0.523958 0.075391 0.557812 0.058203 0.557812
0 0.037109 0.548438 0.051172 0.548438 0.051172 0.574479 0.037109 0.574479
0 0.097266 0.574479 0.114453 0.574479 0.114453 0.613542 0.097266 0.613542
0 0.057031 0.583333 0.073828 0.583333 0.073828 0.610938 0.057031 0.610938
0 0.117578 0.631771 0.139844 0.631771 0.139844 0.659375 0.117578 0.659375
0 0.136328 0.663542 0.152344 0.663542 0.152344 0.697917 0.136328 0.697917
0 0.126172 0.591146 0.144531 0.591146 0.144531 0.622396 0.126172 0.622396
0 0.048828 0.628646 0.073047 0.628646 0.073047 0.649479 0.048828 0.649479
0 0.013672 0.936979 0.032031 0.936979 0.032031 0.969792 0.013672 0.969792
0 0.044922 0.907292 0.073828 0.907292 0.073828 0.932292 0.044922 0.932292
0 0.022656 0.89375 0.041406 0.89375 0.041406 0.923958 0.022656 0.923958
0 0.187891 0.915625 0.201953 0.915625 0.201953 0.948958 0.187891 0.948958
0 0.216016 0.933333 0.232422 0.933333 0.232422 0.966667 0.216016 0.966667
0 0.198047 0.890104 0.216797 0.890104 0.216797 0.913021 0.198047 0.913021
0 0.332812 0.933854 0.349609 0.933854 0.349609 0.963542 0.332812 0.963542
0 0.362891 0.925521 0.378516 0.925521 0.378516 0.959896 0.362891 0.959896
0 0.389062 0.958854 0.4125 0.958854 0.4125 0.983854 0.389062 0.983854
0 0.296875 0.917708 0.321094 0.917708 0.321094 0.936979 0.296875 0.936979
0 0.255859 0.955729 0.271094 0.955729 0.271094 0.989583 0.255859 0.989583
0 0.286719 0.95 0.301953 0.95 0.301953 0.983333 0.286719 0.983333
0 0.313281 0.873958 0.330859 0.873958 0.330859 0.895833 0.313281 0.895833
0 0.348438 0.883333 0.371094 0.883333 0.371094 0.905208 0.348438 0.905208
0 0.188672 0.958854 0.209375 0.958854 0.209375 0.992188 0.188672 0.992188
0 0.098438 0.410938 0.114453 0.410938 0.114453 0.446875 0.098438 0.446875
0 0.044922 0.407292 0.0625 0.407292 0.0625 0.439062 0.044922 0.439062
0 0.335938 0.017188 0.357031 0.017188 0.357031 0.039583 0.335938 0.039583
0 0.296484 0.0 0.324609 0.0 0.324609 0.025 0.296484 0.025
0 0.403906 0.004167 0.421484 0.004167 0.421484 0.030729 0.403906 0.030729
0 0.379688 0.007812 0.394141 0.007812 0.394141 0.027604 0.379688 0.027604
0 0.449219 0.028125 0.46875 0.028125 0.46875 0.050521 0.449219 0.050521
0 0.287109 0.149479 0.308203 0.149479 0.308203 0.175521 0.287109 0.175521
0 0.308203 0.186979 0.328516 0.186979 0.328516 0.217708 0.308203 0.217708
0 0.348828 0.188021 0.370312 0.188021 0.370312 0.213542 0.348828 0.213542
0 0.365234 0.147396 0.38125 0.147396 0.38125 0.175521 0.365234 0.175521
0 0.348438 0.104688 0.361328 0.104688 0.361328 0.126562 0.348438 0.126562
0 0.402344 0.131771 0.41875 0.131771 0.41875 0.158333 0.402344 0.158333
0 0.420703 0.163021 0.440234 0.163021 0.440234 0.186458 0.420703 0.186458
0 0.389844 0.177083 0.405078 0.177083 0.405078 0.20625 0.389844 0.20625
0 0.433984 0.079688 0.449609 0.079688 0.449609 0.1125 0.433984 0.1125
0 0.391797 0.1 0.410547 0.1 0.410547 0.125521 0.391797 0.125521
0 0.329297 0.108333 0.344141 0.108333 0.344141 0.133333 0.329297 0.133333
0 0.278906 0.186979 0.297266 0.186979 0.297266 0.216667 0.278906 0.216667
0 0.330469 0.220833 0.347266 0.220833 0.347266 0.251042 0.330469 0.251042
0 0.390625 0.223438 0.407031 0.223438 0.407031 0.253646 0.390625 0.253646
0 0.425781 0.205208 0.441797 0.205208 0.441797 0.240104 0.425781 0.240104
0 0.303125 0.239062 0.317969 0.239062 0.317969 0.271354 0.303125 0.271354
0 0.329688 0.258854 0.346484 0.258854 0.346484 0.285938 0.329688 0.285938
0 0.357812 0.253125 0.374219 0.253125 0.374219 0.288021 0.357812 0.288021
0 0.266797 0.264583 0.283594 0.264583 0.283594 0.291146 0.266797 0.291146
0 0.287891 0.280729 0.308203 0.280729 0.308203 0.303125 0.287891 0.303125
0 0.269922 0.303125 0.294531 0.303125 0.294531 0.330729 0.269922 0.330729
0 0.440234 0.277083 0.455469 0.277083 0.455469 0.307292 0.440234 0.307292
0 0.469531 0.271354 0.483203 0.271354 0.483203 0.302604 0.469531 0.302604
0 0.416797 0.305729 0.436328 0.305729 0.436328 0.328646 0.416797 0.328646
0 0.382422 0.279167 0.395312 0.279167 0.395312 0.310417 0.382422 0.310417
0 0.446484 0.319271 0.461719 0.319271 0.461719 0.354167 0.446484 0.354167
0 0.394531 0.346354 0.416406 0.346354 0.416406 0.370312 0.394531 0.370312
0 0.304297 0.385417 0.329297 0.385417 0.329297 0.407812 0.304297 0.407812
0 0.263672 0.425 0.289453 0.425 0.289453 0.442188 0.263672 0.442188
0 0.354297 0.372396 0.373047 0.372396 0.373047 0.403646 0.354297 0.403646
0 0.389062 0.405729 0.405859 0.405729 0.405859 0.436458 0.389062 0.436458
0 0.339844 0.408854 0.364062 0.408854 0.364062 0.429688 0.339844 0.429688
0 0.418359 0.401562 0.434766 0.401562 0.434766 0.433854 0.418359 0.433854
0 0.446094 0.365104 0.460547 0.365104 0.460547 0.397396 0.446094 0.397396
0 0.46875 0.379688 0.482812 0.379688 0.482812 0.405208 0.46875 0.405208
0 0.500781 0.406771 0.51875 0.406771 0.51875 0.429167 0.500781 0.429167
0 0.428125 0.452083 0.444531 0.452083 0.444531 0.478646 0.428125 0.478646
0 0.332422 0.438542 0.348047 0.438542 0.348047 0.466146 0.332422 0.466146
0 0.359766 0.450521 0.379297 0.450521 0.379297 0.469271 0.359766 0.469271
0 0.274609 0.453646 0.292188 0.453646 0.292188 0.488542 0.274609 0.488542
0 0.304297 0.470312 0.328125 0.470312 0.328125 0.499479 0.304297 0.499479
0 0.250391 0.488542 0.274219 0.488542 0.274219 0.508333 0.250391 0.508333
0 0.317188 0.516146 0.333203 0.516146 0.333203 0.544271 0.317188 0.544271
0 0.269141 0.544271 0.292969 0.544271 0.292969 0.569271 0.269141 0.569271
0 0.293359 0.589583 0.311328 0.589583 0.311328 0.613542 0.293359 0.613542
0 0.254688 0.6 0.280078 0.6 0.280078 0.621354 0.254688 0.621354
0 0.338672 0.543229 0.357031 0.543229 0.357031 0.56875 0.338672 0.56875
0 0.376562 0.491667 0.402734 0.491667 0.402734 0.513021 0.376562 0.513021
0 0.421484 0.496875 0.439844 0.496875 0.439844 0.525 0.421484 0.525
0 0.374219 0.557292 0.391406 0.557292 0.391406 0.5875 0.374219 0.5875
0 0.244922 0.639583 0.272656 0.639583 0.272656 0.667708 0.244922 0.667708
0 0.289062 0.636979 0.310156 0.636979 0.310156 0.660417 0.289062 0.660417
0 0.320703 0.658333 0.345703 0.658333 0.345703 0.678125 0.320703 0.678125
0 0.274609 0.677083 0.299609 0.677083 0.299609 0.697917 0.274609 0.697917
0 0.243359 0.69375 0.267969 0.69375 0.267969 0.723958 0.243359 0.723958
0 0.217578 0.669271 0.240234 0.669271 0.240234 0.695312 0.217578 0.695312
0 0.273828 0.71875 0.291406 0.71875 0.291406 0.746354 0.273828 0.746354
0 0.264844 0.921875 0.286328 0.921875 0.286328 0.951562 0.264844 0.951562
0 0.208984 0.702083 0.230078 0.702083 0.230078 0.726562 0.208984 0.726562
0 0.286328 0.784375 0.303125 0.784375 0.303125 0.817188 0.286328 0.817188
0 0.317578 0.809375 0.341406 0.809375 0.341406 0.826562 0.317578 0.826562
0 0.335156 0.769271 0.350391 0.769271 0.350391 0.802604 0.335156 0.802604
0 0.354297 0.713542 0.372266 0.713542 0.372266 0.738021 0.354297 0.738021
0 0.303906 0.765104 0.325 0.765104 0.325 0.786458 0.303906 0.786458
0 0.366406 0.759896 0.388672 0.759896 0.388672 0.789062 0.366406 0.789062
0 0.394922 0.728125 0.417969 0.728125 0.417969 0.755208 0.394922 0.755208
0 0.380469 0.701562 0.399219 0.701562 0.399219 0.728125 0.380469 0.728125
0 0.384375 0.804688 0.398047 0.804688 0.398047 0.828125 0.384375 0.828125
0 0.419141 0.817188 0.432812 0.817188 0.432812 0.840104 0.419141 0.840104
0 0.424219 0.844792 0.44375 0.844792 0.44375 0.867188 0.424219 0.867188
0 0.449609 0.858333 0.464453 0.858333 0.464453 0.883854 0.449609 0.883854
0 0.532422 0.002083 0.555078 0.002083 0.555078 0.033854 0.532422 0.033854
0 0.483594 0.032292 0.505078 0.032292 0.505078 0.053646 0.483594 0.053646
0 0.512891 0.052604 0.533984 0.052604 0.533984 0.073438 0.512891 0.073438
0 0.545312 0.061458 0.560938 0.061458 0.560938 0.093229 0.545312 0.093229
0 0.576562 0.061979 0.592969 0.061979 0.592969 0.098438 0.576562 0.098438
0 0.478906 0.059896 0.502344 0.059896 0.502344 0.080208 0.478906 0.080208
0 0.497266 0.099479 0.517969 0.099479 0.517969 0.126562 0.497266 0.126562
0 0.482422 0.0 0.505859 0.0 0.505859 0.016146 0.482422 0.016146
0 0.578906 0.0 0.594531 0.0 0.594531 0.025521 0.578906 0.025521
0 0.603125 0.036979 0.627734 0.036979 0.627734 0.058333 0.603125 0.058333
0 0.624219 0.067188 0.646094 0.067188 0.646094 0.092188 0.624219 0.092188
0 0.481641 0.134375 0.501953 0.134375 0.501953 0.152604 0.481641 0.152604
0 0.466016 0.176562 0.486328 0.176562 0.486328 0.198958 0.466016 0.198958
0 0.517188 0.178646 0.533594 0.178646 0.533594 0.211458 0.517188 0.211458
0 0.54375 0.141146 0.564844 0.141146 0.564844 0.169271 0.54375 0.169271
0 0.575391 0.115104 0.592969 0.115104 0.592969 0.14375 0.575391 0.14375
0 0.480469 0.211979 0.503906 0.211979 0.503906 0.232812 0.480469 0.232812
0 0.499609 0.243229 0.517188 0.243229 0.517188 0.269271 0.499609 0.269271
0 0.543359 0.225521 0.560547 0.225521 0.560547 0.245833 0.543359 0.245833
0 0.582031 0.179167 0.601953 0.179167 0.601953 0.219271 0.582031 0.219271
0 0.601562 0.092708 0.622656 0.092708 0.622656 0.11875 0.601562 0.11875
0 0.617188 0.136979 0.636719 0.136979 0.636719 0.157292 0.617188 0.157292
0 0.602734 0.153646 0.624219 0.153646 0.624219 0.18125 0.602734 0.18125
0 0.642578 0.134375 0.658594 0.134375 0.658594 0.163542 0.642578 0.163542
0 0.616016 0.190104 0.635547 0.190104 0.635547 0.213542 0.616016 0.213542
0 0.626953 0.221354 0.648438 0.221354 0.648438 0.247396 0.626953 0.247396
0 0.655859 0.216667 0.680469 0.216667 0.680469 0.240625 0.655859 0.240625
0 0.610547 0.276562 0.625391 0.276562 0.625391 0.310417 0.610547 0.310417
0 0.627734 0.258333 0.649609 0.258333 0.649609 0.284375 0.627734 0.284375
0 0.570703 0.26875 0.590234 0.26875 0.590234 0.298958 0.570703 0.298958
0 0.683594 0.252083 0.701562 0.252083 0.701562 0.282812 0.683594 0.282812
0 0.657422 0.279167 0.681641 0.279167 0.681641 0.30625 0.657422 0.30625
0 0.491797 0.298958 0.517188 0.298958 0.517188 0.322396 0.491797 0.322396
0 0.521484 0.317188 0.535938 0.317188 0.535938 0.348958 0.521484 0.348958
0 0.495312 0.354167 0.514844 0.354167 0.514844 0.371875 0.495312 0.371875
0 0.510156 0.373438 0.529688 0.373438 0.529688 0.396875 0.510156 0.396875
0 0.556641 0.319792 0.575391 0.319792 0.575391 0.34375 0.556641 0.34375
0 0.584766 0.315104 0.607031 0.315104 0.607031 0.335938 0.584766 0.335938
0 0.607031 0.344271 0.625391 0.344271 0.625391 0.375521 0.607031 0.375521
0 0.637891 0.346354 0.657422 0.346354 0.657422 0.38125 0.637891 0.38125
0 0.640625 0.318229 0.661719 0.318229 0.661719 0.341667 0.640625 0.341667
0 0.672656 0.33125 0.691797 0.33125 0.691797 0.360417 0.672656 0.360417
0 0.541406 0.402604 0.561328 0.402604 0.561328 0.43125 0.541406 0.43125
0 0.580078 0.410938 0.595703 0.410938 0.595703 0.440625 0.580078 0.440625
0 0.597656 0.390625 0.613672 0.390625 0.613672 0.417708 0.597656 0.417708
0 0.514844 0.449479 0.5375 0.449479 0.5375 0.478125 0.514844 0.478125
0 0.542188 0.443229 0.567188 0.443229 0.567188 0.467708 0.542188 0.467708
0 0.468359 0.474479 0.487109 0.474479 0.487109 0.511979 0.468359 0.511979
0 0.520312 0.492708 0.546094 0.492708 0.546094 0.511458 0.520312 0.511458
0 0.342188 0.583333 0.358594 0.583333 0.358594 0.604167 0.342188 0.604167
0 0.368359 0.63125 0.382031 0.63125 0.382031 0.660417 0.368359 0.660417
0 0.400391 0.597396 0.415234 0.597396 0.415234 0.626562 0.400391 0.626562
0 0.418359 0.589062 0.440234 0.589062 0.440234 0.611458 0.418359 0.611458
0 0.432422 0.541146 0.4625 0.541146 0.4625 0.561458 0.432422 0.561458
0 0.500391 0.620312 0.516797 0.620312 0.516797 0.65625 0.500391 0.65625
0 0.534375 0.596875 0.555078 0.596875 0.555078 0.635417 0.534375 0.635417
0 0.4875 0.589062 0.505469 0.589062 0.505469 0.613021 0.4875 0.613021
0 0.566406 0.625 0.578906 0.625 0.578906 0.657812 0.566406 0.657812
0 0.391016 0.667708 0.421094 0.667708 0.421094 0.686458 0.391016 0.686458
0 0.427734 0.652083 0.448438 0.652083 0.448438 0.670833 0.427734 0.670833
0 0.433203 0.782812 0.455078 0.782812 0.455078 0.809375 0.433203 0.809375
0 0.421094 0.734896 0.437109 0.734896 0.437109 0.770312 0.421094 0.770312
0 0.448438 0.741146 0.462891 0.741146 0.462891 0.767708 0.448438 0.767708
0 0.4625 0.713542 0.48125 0.713542 0.48125 0.741667 0.4625 0.741667
0 0.489844 0.739062 0.505859 0.739062 0.505859 0.776042 0.489844 0.776042
0 0.471094 0.753646 0.483984 0.753646 0.483984 0.781771 0.471094 0.781771
0 0.458984 0.815104 0.478906 0.815104 0.478906 0.851042 0.458984 0.851042
0 0.495703 0.802083 0.513281 0.802083 0.513281 0.836458 0.495703 0.836458
0 0.519141 0.817708 0.5375 0.817708 0.5375 0.85 0.519141 0.85
0 0.548047 0.813021 0.560938 0.813021 0.560938 0.839583 0.548047 0.839583
0 0.571094 0.805729 0.588281 0.805729 0.588281 0.834375 0.571094 0.834375
0 0.528125 0.755208 0.544141 0.755208 0.544141 0.784375 0.528125 0.784375
0 0.503125 0.880208 0.520703 0.880208 0.520703 0.915625 0.503125 0.915625
0 0.555469 0.867188 0.570312 0.867188 0.570312 0.895833 0.555469 0.895833
0 0.542188 0.90625 0.558203 0.90625 0.558203 0.938542 0.542188 0.938542
0 0.5625 0.921875 0.583203 0.921875 0.583203 0.955729 0.5625 0.955729
0 0.563672 0.963542 0.577734 0.963542 0.577734 0.990104 0.563672 0.990104
0 0.589844 0.9625 0.604688 0.9625 0.604688 0.99375 0.589844 0.99375
0 0.6 0.918229 0.616797 0.918229 0.616797 0.953646 0.6 0.953646
0 0.625 0.924479 0.64375 0.924479 0.64375 0.95 0.625 0.95
0 0.614453 0.9625 0.630469 0.9625 0.630469 0.990104 0.614453 0.990104
0 0.636719 0.969792 0.652734 0.969792 0.652734 0.999479 0.636719 0.999479
0 0.464453 0.682292 0.488672 0.682292 0.488672 0.707812 0.464453 0.707812
0 0.532031 0.674479 0.548828 0.674479 0.548828 0.709375 0.532031 0.709375
0 0.558203 0.679688 0.573828 0.679688 0.573828 0.7125 0.558203 0.7125
0 0.523828 0.718229 0.541406 0.718229 0.541406 0.744792 0.523828 0.744792
0 0.738281 0.395312 0.752734 0.395312 0.752734 0.423438 0.738281 0.423438
0 0.672656 0.454167 0.701953 0.454167 0.701953 0.474479 0.672656 0.474479
0 0.717188 0.452083 0.732422 0.452083 0.732422 0.479167 0.717188 0.479167
0 0.782422 0.468229 0.797266 0.468229 0.797266 0.500521 0.782422 0.500521
0 0.65625 0.491146 0.679688 0.491146 0.679688 0.509375 0.65625 0.509375
0 0.68125 0.516667 0.699609 0.516667 0.699609 0.550521 0.68125 0.550521
0 0.644141 0.535417 0.660938 0.535417 0.660938 0.564062 0.644141 0.564062
0 0.724219 0.546875 0.738672 0.546875 0.738672 0.575521 0.724219 0.575521
0 0.738281 0.513542 0.764453 0.513542 0.764453 0.531771 0.738281 0.531771
0 0.744531 0.444271 0.7625 0.444271 0.7625 0.476042 0.744531 0.476042
0 0.782422 0.540104 0.800391 0.540104 0.800391 0.567708 0.782422 0.567708
0 0.815234 0.548958 0.830078 0.548958 0.830078 0.580729 0.815234 0.580729
0 0.588672 0.628646 0.604297 0.628646 0.604297 0.659896 0.588672 0.659896
0 0.6125 0.635938 0.626562 0.635938 0.626562 0.668229 0.6125 0.668229
0 0.634766 0.590104 0.652734 0.590104 0.652734 0.61875 0.634766 0.61875
0 0.662891 0.613542 0.676172 0.613542 0.676172 0.645833 0.662891 0.645833
0 0.685156 0.598438 0.703125 0.598438 0.703125 0.625 0.685156 0.625
0 0.712109 0.588542 0.728516 0.588542 0.728516 0.616146 0.712109 0.616146
0 0.750391 0.580208 0.767578 0.580208 0.767578 0.614062 0.750391 0.614062
0 0.566406 0.736458 0.584766 0.736458 0.584766 0.764062 0.566406 0.764062
0 0.555859 0.779167 0.578906 0.779167 0.578906 0.804167 0.555859 0.804167
0 0.595312 0.776562 0.614062 0.776562 0.614062 0.816146 0.595312 0.816146
0 0.612109 0.734896 0.629688 0.734896 0.629688 0.770833 0.612109 0.770833
0 0.644531 0.804167 0.664062 0.804167 0.664062 0.842188 0.644531 0.842188
0 0.692188 0.802604 0.710938 0.802604 0.710938 0.834896 0.692188 0.834896
0 0.659766 0.763021 0.673438 0.763021 0.673438 0.789062 0.659766 0.789062
0 0.703125 0.747396 0.720703 0.747396 0.720703 0.775 0.703125 0.775
0 0.589453 0.854167 0.605859 0.854167 0.605859 0.884896 0.589453 0.884896
0 0.615234 0.866667 0.631641 0.866667 0.631641 0.903125 0.615234 0.903125
0 0.622266 0.816146 0.639844 0.816146 0.639844 0.848438 0.622266 0.848438
0 0.666797 0.859375 0.686719 0.859375 0.686719 0.894271 0.666797 0.894271
0 0.603125 0.679167 0.617969 0.679167 0.617969 0.714062 0.603125 0.714062
0 0.657422 0.667188 0.674219 0.667188 0.674219 0.699479 0.657422 0.699479
0 0.682031 0.65625 0.699609 0.65625 0.699609 0.679167 0.682031 0.679167
0 0.703906 0.672396 0.724609 0.672396 0.724609 0.698438 0.703906 0.698438
0 0.743359 0.673958 0.760938 0.673958 0.760938 0.704688 0.743359 0.704688
0 0.725781 0.636979 0.747656 0.636979 0.747656 0.661979 0.725781 0.661979
0 0.764844 0.65 0.782422 0.65 0.782422 0.678646 0.764844 0.678646
0 0.716016 0.715625 0.733984 0.715625 0.733984 0.735938 0.716016 0.735938
0 0.748047 0.752083 0.762891 0.752083 0.762891 0.773438 0.748047 0.773438
0 0.771094 0.767708 0.788281 0.767708 0.788281 0.798438 0.771094 0.798438
0 0.679297 0.768229 0.698438 0.768229 0.698438 0.789062 0.679297 0.789062
0 0.791797 0.732812 0.808984 0.732812 0.808984 0.765104 0.791797 0.765104
0 0.775781 0.683854 0.792188 0.683854 0.792188 0.715625 0.775781 0.715625
0 0.798828 0.665104 0.819141 0.665104 0.819141 0.700521 0.798828 0.700521
0 0.825 0.677083 0.841406 0.677083 0.841406 0.708333 0.825 0.708333
0 0.679688 0.901562 0.702734 0.901562 0.702734 0.923438 0.679688 0.923438
0 0.707031 0.932292 0.730859 0.932292 0.730859 0.95 0.707031 0.95
0 0.750781 0.91875 0.769141 0.91875 0.769141 0.947396 0.750781 0.947396
0 0.706641 0.866667 0.728906 0.866667 0.728906 0.89375 0.706641 0.89375
0 0.71875 0.835417 0.739062 0.835417 0.739062 0.869271 0.71875 0.869271
0 0.780859 0.891667 0.801172 0.891667 0.801172 0.913542 0.780859 0.913542
0 0.789062 0.857292 0.810938 0.857292 0.810938 0.885938 0.789062 0.885938
0 0.81875 0.910938 0.848047 0.910938 0.848047 0.934375 0.81875 0.934375
0 0.797656 0.959896 0.8125 0.959896 0.8125 0.990625 0.797656 0.990625
0 0.825391 0.98125 0.84375 0.98125 0.84375 0.999479 0.825391 0.999479
0 0.779297 0.607812 0.800391 0.607812 0.800391 0.632812 0.779297 0.632812
0 0.813281 0.6 0.830469 0.6 0.830469 0.630208 0.813281 0.630208
0 0.855469 0.673958 0.869922 0.673958 0.869922 0.708333 0.855469 0.708333
0 0.875 0.678125 0.889844 0.678125 0.889844 0.708854 0.875 0.708854
0 0.810547 0.720312 0.829688 0.720312 0.829688 0.739062 0.810547 0.739062
0 0.855859 0.719792 0.879297 0.719792 0.879297 0.743229 0.855859 0.743229
0 0.889453 0.746354 0.908203 0.746354 0.908203 0.768229 0.889453 0.768229
0 0.830859 0.770833 0.847266 0.770833 0.847266 0.802083 0.830859 0.802083
0 0.779688 0.810417 0.796094 0.810417 0.796094 0.840625 0.779688 0.840625
0 0.802344 0.775521 0.815234 0.775521 0.815234 0.8 0.802344 0.8
0 0.807812 0.822396 0.826172 0.822396 0.826172 0.853646 0.807812 0.853646
0 0.862891 0.7875 0.884766 0.7875 0.884766 0.81875 0.862891 0.81875
0 0.863281 0.855208 0.880469 0.855208 0.880469 0.882292 0.863281 0.882292
0 0.884375 0.834375 0.901172 0.834375 0.901172 0.865625 0.884375 0.865625
0 0.910547 0.822396 0.930078 0.822396 0.930078 0.856771 0.910547 0.856771
0 0.937891 0.807812 0.957031 0.807812 0.957031 0.827083 0.937891 0.827083
0 0.901172 0.785417 0.914453 0.785417 0.914453 0.802604 0.901172 0.802604
0 0.857031 0.946354 0.876172 0.946354 0.876172 0.975521 0.857031 0.975521
0 0.871484 0.979688 0.884766 0.979688 0.884766 0.999479 0.871484 0.999479
0 0.900391 0.973958 0.916797 0.973958 0.916797 0.999479 0.900391 0.999479
0 0.891406 0.922917 0.907031 0.922917 0.907031 0.95 0.891406 0.95
0 0.907812 0.891146 0.928906 0.891146 0.928906 0.916146 0.907812 0.916146
0 0.94375 0.930208 0.965234 0.930208 0.965234 0.949479 0.94375 0.949479
0 0.944922 0.960417 0.976172 0.960417 0.976172 0.98125 0.944922 0.98125
0 0.944531 0.863021 0.966797 0.863021 0.966797 0.880729 0.944531 0.880729
0 0.791406 0.914583 0.8125 0.914583 0.8125 0.941667 0.791406 0.941667
0 0.727734 0.044271 0.742578 0.044271 0.742578 0.071875 0.727734 0.071875
0 0.745312 0.065104 0.757031 0.065104 0.757031 0.093229 0.745312 0.093229
0 0.772656 0.058854 0.786719 0.058854 0.786719 0.096354 0.772656 0.096354
0 0.748828 0.013021 0.764844 0.013021 0.764844 0.04375 0.748828 0.04375
0 0.776172 0.014062 0.789453 0.014062 0.789453 0.047917 0.776172 0.047917
0 0.798438 0.033854 0.815234 0.033854 0.815234 0.069271 0.798438 0.069271
0 0.826172 0.04375 0.837891 0.04375 0.837891 0.077604 0.826172 0.077604
0 0.809375 0.084896 0.825781 0.084896 0.825781 0.121875 0.809375 0.121875
0 0.859375 0.036458 0.875781 0.036458 0.875781 0.071354 0.859375 0.071354
0 0.845312 0.016146 0.863281 0.016146 0.863281 0.035938 0.845312 0.035938
0 0.787891 0.119271 0.800391 0.119271 0.800391 0.151042 0.787891 0.151042
0 0.841797 0.105729 0.860156 0.105729 0.860156 0.144271 0.841797 0.144271
0 0.871875 0.082292 0.885156 0.082292 0.885156 0.111458 0.871875 0.111458
0 0.879688 0.115104 0.898047 0.115104 0.898047 0.15 0.879688 0.15
0 0.910547 0.075 0.926172 0.075 0.926172 0.102604 0.910547 0.102604
0 0.922266 0.014583 0.941406 0.014583 0.941406 0.034375 0.922266 0.034375
0 0.942969 0.052083 0.957812 0.052083 0.957812 0.084375 0.942969 0.084375
0 0.964062 0.0 0.982422 0.0 0.982422 0.035938 0.964062 0.035938
0 0.969531 0.051562 0.989453 0.051562 0.989453 0.076562 0.969531 0.076562
0 0.914062 0.118229 0.931641 0.118229 0.931641 0.147917 0.914062 0.147917
0 0.943359 0.116146 0.957422 0.116146 0.957422 0.144271 0.943359 0.144271
0 0.967188 0.132812 0.983203 0.132812 0.983203 0.163021 0.967188 0.163021
0 0.923438 0.151042 0.943359 0.151042 0.943359 0.16875 0.923438 0.16875
0 0.897656 0.244271 0.923438 0.244271 0.923438 0.265625 0.897656 0.265625
0 0.946484 0.249479 0.96875 0.249479 0.96875 0.270833 0.946484 0.270833
0 0.920312 0.213021 0.940625 0.213021 0.940625 0.232812 0.920312 0.232812
0 0.898047 0.270833 0.921094 0.270833 0.921094 0.289583 0.898047 0.289583
0 0.945312 0.288542 0.973047 0.288542 0.973047 0.311458 0.945312 0.311458
0 0.917578 0.322396 0.935547 0.322396 0.935547 0.350521 0.917578 0.350521
0 0.946875 0.320833 0.967188 0.320833 0.967188 0.346354 0.946875 0.346354
0 0.978125 0.305208 0.994531 0.305208 0.994531 0.335417 0.978125 0.335417
0 0.873047 0.310938 0.894531 0.310938 0.894531 0.334896 0.873047 0.334896
0 0.882422 0.370312 0.908984 0.370312 0.908984 0.393229 0.882422 0.393229
0 0.929297 0.36875 0.945703 0.36875 0.945703 0.392708 0.929297 0.392708
0 0.949609 0.363542 0.96875 0.363542 0.96875 0.384896 0.949609 0.384896
0 0.869531 0.404167 0.891797 0.404167 0.891797 0.426562 0.869531 0.426562
0 0.9 0.405729 0.917578 0.405729 0.917578 0.422917 0.9 0.422917
0 0.926172 0.408854 0.948047 0.408854 0.948047 0.430729 0.926172 0.430729
0 0.982031 0.411458 0.995703 0.411458 0.995703 0.441146 0.982031 0.441146
0 0.880469 0.4375 0.897266 0.4375 0.897266 0.459375 0.880469 0.459375
0 0.95625 0.433333 0.971484 0.433333 0.971484 0.468229 0.95625 0.468229
0 0.910938 0.479167 0.929688 0.479167 0.929688 0.509896 0.910938 0.509896
0 0.938672 0.483854 0.95625 0.483854 0.95625 0.517708 0.938672 0.517708
0 0.917578 0.53125 0.935547 0.53125 0.935547 0.556771 0.917578 0.556771
0 0.949219 0.539062 0.969922 0.539062 0.969922 0.56875 0.949219 0.56875
0 0.971875 0.567708 0.9875 0.567708 0.9875 0.593229 0.971875 0.593229
0 0.958984 0.6125 0.974219 0.6125 0.974219 0.6375 0.958984 0.6375
0 0.970312 0.648958 0.984375 0.648958 0.984375 0.677083 0.970312 0.677083
0 0.9875 0.669271 0.999609 0.669271 0.999609 0.704167 0.9875 0.704167
0 0.98125 0.884896 0.992969 0.884896 0.992969 0.911458 0.98125 0.911458