0 0.084375 0.007292 0.114844 0.007292 0.114844 0.027083 0.084375 0.027083
0 0.175 0.036979 0.199609 0.036979 0.199609 0.060938 0.175 0.060938
0 0.225391 0.051042 0.244922 0.051042 0.244922 0.069792 0.225391 0.069792
0 0.248047 0.027083 0.266016 0.027083 0.266016 0.056771 0.248047 0.056771
0 0.312891 0.053646 0.3375 0.053646 0.3375 0.083854 0.312891 0.083854
0 0.349609 0.079167 0.373828 0.079167 0.373828 0.10625 0.349609 0.10625
0 0.33125 0.104688 0.357031 0.104688 0.357031 0.132812 0.33125 0.132812
0 0.288281 0.104688 0.314062 0.104688 0.314062 0.130729 0.288281 0.130729
0 0.325 0.143229 0.350391 0.143229 0.350391 0.172917 0.325 0.172917
0 0.292969 0.195833 0.320703 0.195833 0.320703 0.21875 0.292969 0.21875
0 0.242969 0.094792 0.273438 0.094792 0.273438 0.117708 0.242969 0.117708
0 0.227734 0.126562 0.242188 0.126562 0.242188 0.160938 0.227734 0.160938
0 0.078516 0.051562 0.100391 0.051562 0.100391 0.076042 0.078516 0.076042
0 0.138672 0.089583 0.161719 0.089583 0.161719 0.118229 0.138672 0.118229
0 0.107422 0.108333 0.127734 0.108333 0.127734 0.139583 0.107422 0.139583
0 0.1375 0.134375 0.164844 0.134375 0.164844 0.155208 0.1375 0.155208
0 0.170703 0.15 0.196094 0.15 0.196094 0.171875 0.170703 0.171875
0 0.109375 0.045833 0.126953 0.045833 0.126953 0.075 0.109375 0.075
0 0.263672 0.144271 0.283594 0.144271 0.283594 0.177604 0.263672 0.177604
0 0.251953 0.183333 0.274609 0.183333 0.274609 0.215625 0.251953 0.215625
0 0.157812 0.19375 0.188672 0.19375 0.188672 0.211979 0.157812 0.211979
0 0.117969 0.183333 0.135156 0.183333 0.135156 0.210938 0.117969 0.210938
0 0.167969 0.26875 0.189453 0.26875 0.189453 0.285938 0.167969 0.285938
0 0.209375 0.266146 0.234766 0.266146 0.234766 0.286979 0.209375 0.286979
0 0.171094 0.301042 0.197266 0.301042 0.197266 0.327083 0.171094 0.327083
0 0.13125 0.308333 0.156641 0.308333 0.156641 0.330729 0.13125 0.330729
0 0.235547 0.461458 0.251563 0.461458 0.251563 0.488021 0.235547 0.488021
0 0.178516 0.468229 0.194922 0.468229 0.194922 0.492188 0.178516 0.492188
0 0.205859 0.396354 0.226953 0.396354 0.226953 0.415625 0.205859 0.415625
0 0.163672 0.378125 0.187109 0.378125 0.187109 0.398438 0.163672 0.398438
0 0.15 0.336458 0.169141 0.336458 0.169141 0.370833 0.15 0.370833
0 0.2375 0.358333 0.254297 0.358333 0.254297 0.388542 0.2375 0.388542
0 0.318359 0.345833 0.3375 0.345833 0.3375 0.376042 0.318359 0.376042
0 0.330078 0.396354 0.347656 0.396354 0.347656 0.427604 0.330078 0.427604
0 0.283984 0.439062 0.303516 0.439062 0.303516 0.469792 0.283984 0.469792
0 0.161719 0.510938 0.182812 0.510938 0.182812 0.544271 0.161719 0.544271
0 0.214062 0.526042 0.223828 0.526042 0.223828 0.563021 0.214062 0.563021
0 0.284375 0.55 0.3 0.55 0.3 0.58125 0.284375 0.58125
0 0.305859 0.534896 0.319922 0.534896 0.319922 0.565625 0.305859 0.565625
0 0.235938 0.576042 0.257422 0.576042 0.257422 0.6 0.235938 0.6
0 0.244141 0.532812 0.265625 0.532812 0.265625 0.5625 0.244141 0.5625
0 0.217188 0.0 0.235156 0.0 0.235156 0.025 0.217188 0.025
0 0.348438 0.0 0.375 0.0 0.375 0.023438 0.348438 0.023438
0 0.407812 0.025 0.433984 0.025 0.433984 0.047917 0.407812 0.047917
0 0.442969 0.015625 0.469922 0.015625 0.469922 0.041146 0.442969 0.041146
0 0.364062 0.046875 0.383594 0.046875 0.383594 0.078125 0.364062 0.078125
0 0.385547 0.070312 0.400391 0.070312 0.400391 0.109375 0.385547 0.109375
0 0.463281 0.035938 0.483203 0.035938 0.483203 0.06875 0.463281 0.06875
0 0.479688 0.081771 0.503125 0.081771 0.503125 0.103646 0.479688 0.103646
0 0.753125 0.020312 0.782422 0.020312 0.782422 0.045312 0.753125 0.045312
0 0.750391 0.05625 0.773047 0.05625 0.773047 0.085417 0.750391 0.085417
0 0.776953 0.108333 0.797656 0.108333 0.797656 0.143229 0.776953 0.143229
0 0.752344 0.146875 0.778125 0.146875 0.778125 0.167188 0.752344 0.167188
0 0.721094 0.114062 0.747656 0.114062 0.747656 0.135938 0.721094 0.135938
0 0.669141 0.125 0.698828 0.125 0.698828 0.151042 0.669141 0.151042
0 0.649219 0.094792 0.667188 0.094792 0.667188 0.128125 0.649219 0.128125
0 0.490234 0.186979 0.512891 0.186979 0.512891 0.217188 0.490234 0.217188
0 0.526172 0.165104 0.558984 0.165104 0.558984 0.18125 0.526172 0.18125
0 0.525781 0.144271 0.537109 0.144271 0.537109 0.167188 0.525781 0.167188
0 0.572266 0.173438 0.594922 0.173438 0.594922 0.197396 0.572266 0.197396
0 0.576953 0.215104 0.608203 0.215104 0.608203 0.236979 0.576953 0.236979
0 0.617188 0.182812 0.641797 0.182812 0.641797 0.216146 0.617188 0.216146
0 0.661328 0.183854 0.686328 0.183854 0.686328 0.208854 0.661328 0.208854
0 0.605859 0.151042 0.632812 0.151042 0.632812 0.174479 0.605859 0.174479
0 0.602344 0.107292 0.626172 0.107292 0.626172 0.130208 0.602344 0.130208
0 0.533203 0.209896 0.5625 0.209896 0.5625 0.238021 0.533203 0.238021
0 0.558203 0.264062 0.575391 0.264062 0.575391 0.3 0.558203 0.3
0 0.505469 0.2375 0.532031 0.2375 0.532031 0.263542 0.505469 0.263542
0 0.604688 0.281771 0.636328 0.281771 0.636328 0.305729 0.604688 0.305729
0 0.615625 0.226562 0.642969 0.226562 0.642969 0.248438 0.615625 0.248438
0 0.649609 0.242708 0.667969 0.242708 0.667969 0.277604 0.649609 0.277604
0 0.675391 0.261458 0.694531 0.261458 0.694531 0.292708 0.675391 0.292708
0 0.692969 0.297396 0.719141 0.297396 0.719141 0.318229 0.692969 0.318229
0 0.730078 0.1875 0.752344 0.1875 0.752344 0.207812 0.730078 0.207812
0 0.767969 0.209896 0.791016 0.209896 0.791016 0.23125 0.767969 0.23125
0 0.735938 0.23125 0.760938 0.23125 0.760938 0.25625 0.735938 0.25625
0 0.70625 0.257292 0.723828 0.257292 0.723828 0.289583 0.70625 0.289583
0 0.737109 0.270833 0.763281 0.270833 0.763281 0.293229 0.737109 0.293229
0 0.790234 0.270833 0.814453 0.270833 0.814453 0.3 0.790234 0.3
0 0.741016 0.305208 0.76875 0.305208 0.76875 0.326042 0.741016 0.326042
0 0.469141 0.281771 0.495703 0.281771 0.495703 0.307292 0.469141 0.307292
0 0.4875 0.321354 0.503125 0.321354 0.503125 0.351562 0.4875 0.351562
0 0.515234 0.314583 0.531641 0.314583 0.531641 0.345833 0.515234 0.345833
0 0.566797 0.310417 0.591406 0.310417 0.591406 0.344271 0.566797 0.344271
0 0.549609 0.338021 0.567188 0.338021 0.567188 0.376042 0.549609 0.376042
0 0.583984 0.365104 0.602734 0.365104 0.602734 0.397917 0.583984 0.397917
0 0.518359 0.399479 0.5375 0.399479 0.5375 0.420833 0.518359 0.420833
0 0.509766 0.353646 0.529688 0.353646 0.529688 0.378125 0.509766 0.378125
0 0.613281 0.340104 0.641406 0.340104 0.641406 0.3625 0.613281 0.3625
0 0.660938 0.329688 0.691406 0.329688 0.691406 0.355208 0.660938 0.355208
0 0.65625 0.369792 0.672656 0.369792 0.672656 0.405729 0.65625 0.405729
0 0.677344 0.397396 0.700781 0.397396 0.700781 0.419792 0.677344 0.419792
0 0.672656 0.430208 0.703125 0.430208 0.703125 0.45625 0.672656 0.45625
0 0.621094 0.449479 0.644141 0.449479 0.644141 0.472917 0.621094 0.472917
0 0.648047 0.472396 0.664453 0.472396 0.664453 0.5125 0.648047 0.5125
0 0.60625 0.484896 0.630469 0.484896 0.630469 0.516667 0.60625 0.516667
0 0.582031 0.491146 0.601172 0.491146 0.601172 0.526042 0.582031 0.526042
0 0.905078 0.089583 0.924609 0.089583 0.924609 0.120312 0.905078 0.120312
0 0.917969 0.041146 0.942188 0.041146 0.942188 0.066146 0.917969 0.066146
0 0.962891 0.076562 0.984375 0.076562 0.984375 0.120312 0.962891 0.120312
0 0.950391 0.140104 0.980859 0.140104 0.980859 0.170833 0.950391 0.170833
0 0.96875 0.189583 0.989062 0.189583 0.989062 0.220312 0.96875 0.220312
0 0.920312 0.003646 0.951172 0.003646 0.951172 0.03125 0.920312 0.03125
0 0.961719 0.019271 0.983203 0.019271 0.983203 0.039583 0.961719 0.039583
0 0.976953 0.291667 0.99375 0.291667 0.99375 0.320833 0.976953 0.320833
0 0.855859 0.307292 0.878906 0.307292 0.878906 0.328646 0.855859 0.328646
0 0.877734 0.342188 0.898047 0.342188 0.898047 0.361458 0.877734 0.361458
0 0.737891 0.348438 0.763281 0.348438 0.763281 0.372917 0.737891 0.372917
0 0.743359 0.388021 0.766797 0.388021 0.766797 0.411979 0.743359 0.411979
0 0.874219 0.411979 0.901562 0.411979 0.901562 0.434896 0.874219 0.434896
0 0.802344 0.411979 0.827734 0.411979 0.827734 0.434896 0.802344 0.434896
0 0.769531 0.409375 0.795703 0.409375 0.795703 0.428125 0.769531 0.428125
0 0.864453 0.463542 0.884766 0.463542 0.884766 0.497396 0.864453 0.497396
0 0.895312 0.458333 0.914062 0.458333 0.914062 0.492708 0.895312 0.492708
0 0.825391 0.44375 0.839844 0.44375 0.839844 0.473958 0.825391 0.473958
0 0.830859 0.370312 0.853516 0.370312 0.853516 0.395833 0.830859 0.395833
0 0.925391 0.463021 0.945312 0.463021 0.945312 0.490625 0.925391 0.490625
0 0.873438 0.513021 0.900391 0.513021 0.900391 0.533333 0.873438 0.533333
0 0.94375 0.541146 0.962891 0.541146 0.962891 0.573958 0.94375 0.573958
0 0.903516 0.557812 0.922266 0.557812 0.922266 0.588542 0.903516 0.588542
0 0.938672 0.592188 0.962891 0.592188 0.962891 0.61875 0.938672 0.61875
0 0.850781 0.546875 0.871094 0.546875 0.871094 0.570312 0.850781 0.570312
0 0.858203 0.590625 0.889062 0.590625 0.889062 0.614062 0.858203 0.614062
0 0.829688 0.494271 0.846094 0.494271 0.846094 0.526562 0.829688 0.526562
0 0.804297 0.486458 0.823438 0.486458 0.823438 0.51875 0.804297 0.51875
0 0.725 0.4375 0.750781 0.4375 0.750781 0.461979 0.725 0.461979
0 0.758984 0.445833 0.780469 0.445833 0.780469 0.461979 0.758984 0.461979
0 0.767578 0.493229 0.793359 0.493229 0.793359 0.516667 0.767578 0.516667
0 0.750781 0.522917 0.773438 0.522917 0.773438 0.548958 0.750781 0.548958
0 0.772656 0.555208 0.787891 0.555208 0.787891 0.580729 0.772656 0.580729
0 0.805469 0.535938 0.825 0.535938 0.825 0.559375 0.805469 0.559375
0 0.816016 0.579688 0.838672 0.579688 0.838672 0.603646 0.816016 0.603646
0 0.822266 0.627083 0.838672 0.627083 0.838672 0.656771 0.822266 0.656771
0 0.790234 0.597917 0.811328 0.597917 0.811328 0.623958 0.790234 0.623958
0 0.766016 0.607812 0.785547 0.607812 0.785547 0.635417 0.766016 0.635417
0 0.786328 0.656771 0.816016 0.656771 0.816016 0.688021 0.786328 0.688021
0 0.704297 0.498438 0.730078 0.498438 0.730078 0.515104 0.704297 0.515104
0 0.674609 0.483333 0.695312 0.483333 0.695312 0.506771 0.674609 0.506771
0 0.7125 0.545312 0.735938 0.545312 0.735938 0.569271 0.7125 0.569271
0 0.6625 0.571354 0.6875 0.571354 0.6875 0.607812 0.6625 0.607812
0 0.704297 0.617188 0.725781 0.617188 0.725781 0.644271 0.704297 0.644271
0 0.744922 0.633333 0.769531 0.633333 0.769531 0.664062 0.744922 0.664062
0 0.881641 0.631771 0.898438 0.631771 0.898438 0.660417 0.881641 0.660417
0 0.915234 0.626042 0.938281 0.626042 0.938281 0.656771 0.915234 0.656771
0 0.94375 0.653125 0.960547 0.653125 0.960547 0.680729 0.94375 0.680729
0 0.923047 0.669271 0.937891 0.669271 0.937891 0.690625 0.923047 0.690625
0 0.891406 0.676562 0.914453 0.676562 0.914453 0.702083 0.891406 0.702083
0 0.856641 0.660938 0.875 0.660938 0.875 0.696354 0.856641 0.696354
0 0.878125 0.709375 0.908203 0.709375 0.908203 0.733854 0.878125 0.733854
0 0.939453 0.916667 0.964062 0.916667 0.964062 0.953125 0.939453 0.953125
0 0.919531 0.867708 0.941016 0.867708 0.941016 0.904688 0.919531 0.904688
0 0.939844 0.845833 0.961328 0.845833 0.961328 0.877604 0.939844 0.877604
0 0.973828 0.851042 0.992969 0.851042 0.992969 0.875 0.973828 0.875
0 0.949609 0.805729 0.968359 0.805729 0.968359 0.838021 0.949609 0.838021
0 0.973828 0.802604 0.992188 0.802604 0.992188 0.829167 0.973828 0.829167
0 0.925 0.792188 0.949219 0.792188 0.949219 0.815625 0.925 0.815625
0 0.887891 0.780208 0.914844 0.780208 0.914844 0.809896 0.887891 0.809896
0 0.823438 0.842188 0.851172 0.842188 0.851172 0.869271 0.823438 0.869271
0 0.822656 0.780208 0.844922 0.780208 0.844922 0.809896 0.822656 0.809896
0 0.848047 0.742188 0.865625 0.742188 0.865625 0.773438 0.848047 0.773438
0 0.879297 0.741146 0.90625 0.741146 0.90625 0.767188 0.879297 0.767188
0 0.920312 0.971354 0.951562 0.971354 0.951562 0.998958 0.920312 0.998958
0 0.877734 0.95 0.901172 0.95 0.901172 0.979688 0.877734 0.979688
0 0.894141 0.920833 0.922656 0.920833 0.922656 0.948438 0.894141 0.948438
0 0.896875 0.839583 0.920703 0.839583 0.920703 0.861458 0.896875 0.861458
0 0.794141 0.803646 0.813672 0.803646 0.813672 0.833854 0.794141 0.833854
0 0.786328 0.909896 0.80625 0.909896 0.80625 0.940104 0.786328 0.940104
0 0.8125 0.933333 0.834766 0.933333 0.834766 0.960417 0.8125 0.960417
0 0.843359 0.95 0.856641 0.95 0.856641 0.979688 0.843359 0.979688
0 0.796094 0.975521 0.816406 0.975521 0.816406 0.999479 0.796094 0.999479
0 0.860938 0.985938 0.88125 0.985938 0.88125 0.999479 0.860938 0.999479
0 0.755859 0.680729 0.783203 0.680729 0.783203 0.706771 0.755859 0.706771
0 0.791406 0.723958 0.810156 0.723958 0.810156 0.741146 0.791406 0.741146
0 0.724609 0.678646 0.745703 0.678646 0.745703 0.714583 0.724609 0.714583
0 0.696094 0.693229 0.717578 0.693229 0.717578 0.732812 0.696094 0.732812
0 0.729297 0.751042 0.748047 0.751042 0.748047 0.781771 0.729297 0.781771
0 0.76875 0.772396 0.7875 0.772396 0.7875 0.796354 0.76875 0.796354
0 0.739062 0.833854 0.765234 0.833854 0.765234 0.857812 0.739062 0.857812
0 0.723438 0.91875 0.748047 0.91875 0.748047 0.950521 0.723438 0.950521
0 0.713281 0.955208 0.732812 0.955208 0.732812 0.982292 0.713281 0.982292
0 0.760938 0.951562 0.784766 0.951562 0.784766 0.978646 0.760938 0.978646
0 0.586328 0.540104 0.612109 0.540104 0.612109 0.565625 0.586328 0.565625
0 0.616016 0.564062 0.639453 0.564062 0.639453 0.589583 0.616016 0.589583
0 0.587109 0.584896 0.614844 0.584896 0.614844 0.608333 0.587109 0.608333
0 0.617969 0.649479 0.640234 0.649479 0.640234 0.673958 0.617969 0.673958
0 0.654297 0.650521 0.670703 0.650521 0.670703 0.690104 0.654297 0.690104
0 0.598047 0.672917 0.616016 0.672917 0.616016 0.705208 0.598047 0.705208
0 0.619922 0.706771 0.641797 0.706771 0.641797 0.736979 0.619922 0.736979
0 0.666797 0.732292 0.689844 0.732292 0.689844 0.754167 0.666797 0.754167
0 0.636328 0.766146 0.658594 0.766146 0.658594 0.806771 0.636328 0.806771
0 0.679688 0.774479 0.697656 0.774479 0.697656 0.802083 0.679688 0.802083
0 0.614453 0.782812 0.636328 0.782812 0.636328 0.814062 0.614453 0.814062
0 0.685938 0.839583 0.707812 0.839583 0.707812 0.856771 0.685938 0.856771
0 0.474219 0.504167 0.502734 0.504167 0.502734 0.530729 0.474219 0.530729
0 0.551562 0.753646 0.575 0.753646 0.575 0.7875 0.551562 0.7875
0 0.6625 0.808854 0.683984 0.808854 0.683984 0.835417 0.6625 0.835417
0 0.680469 0.91875 0.699609 0.91875 0.699609 0.945312 0.680469 0.945312
0 0.701953 0.788542 0.723047 0.788542 0.723047 0.820833 0.701953 0.820833
0 0.730469 0.892188 0.758203 0.892188 0.758203 0.915625 0.730469 0.915625
0 0.434766 0.552604 0.452344 0.552604 0.452344 0.576042 0.434766 0.576042
0 0.473047 0.549479 0.500391 0.549479 0.500391 0.572917 0.473047 0.572917
0 0.523047 0.625 0.545312 0.625 0.545312 0.645312 0.523047 0.645312
0 0.454688 0.600521 0.474219 0.600521 0.474219 0.621875 0.454688 0.621875
0 0.445703 0.664062 0.468359 0.664062 0.468359 0.684375 0.445703 0.684375
0 0.490625 0.690625 0.510938 0.690625 0.510938 0.722917 0.490625 0.722917
0 0.523047 0.714062 0.538672 0.714062 0.538672 0.743229 0.523047 0.743229
0 0.482812 0.736979 0.507031 0.736979 0.507031 0.759896 0.482812 0.759896
0 0.371484 0.3875 0.395703 0.3875 0.395703 0.413021 0.371484 0.413021
0 0.38125 0.432812 0.401953 0.432812 0.401953 0.466667 0.38125 0.466667
0 0.417969 0.430208 0.437109 0.430208 0.437109 0.461979 0.417969 0.461979
0 0.455469 0.428646 0.475391 0.428646 0.475391 0.465104 0.455469 0.465104
0 0.414844 0.470833 0.445703 0.470833 0.445703 0.496354 0.414844 0.496354
0 0.39375 0.5 0.424219 0.5 0.424219 0.519792 0.39375 0.519792
0 0.351562 0.480208 0.376562 0.480208 0.376562 0.503125 0.351562 0.503125
0 0.329297 0.444271 0.348438 0.444271 0.348438 0.471875 0.329297 0.471875
0 0.355469 0.438021 0.376562 0.438021 0.376562 0.458333 0.355469 0.458333
0 0.367578 0.542708 0.383984 0.542708 0.383984 0.572396 0.367578 0.572396
0 0.394531 0.533333 0.415625 0.533333 0.415625 0.554167 0.394531 0.554167
0 0.400391 0.584896 0.419531 0.584896 0.419531 0.610417 0.400391 0.610417
0 0.425 0.613021 0.442969 0.613021 0.442969 0.638542 0.425 0.638542
0 0.328516 0.607292 0.355469 0.607292 0.355469 0.627083 0.328516 0.627083
0 0.335156 0.541146 0.348047 0.541146 0.348047 0.573958 0.335156 0.573958
0 0.564453 0.907812 0.589453 0.907812 0.589453 0.93125 0.564453 0.93125
0 0.595703 0.923438 0.611719 0.923438 0.611719 0.941667 0.595703 0.941667
0 0.595703 0.959375 0.617188 0.959375 0.617188 0.991146 0.595703 0.991146
0 0.487891 0.93125 0.514453 0.93125 0.514453 0.956771 0.487891 0.956771
0 0.457031 0.955729 0.474219 0.955729 0.474219 0.989583 0.457031 0.989583
0 0.498438 0.973438 0.516406 0.973438 0.516406 0.997917 0.498438 0.997917
0 0.530078 0.927604 0.549219 0.927604 0.549219 0.952604 0.530078 0.952604
0 0.446484 0.826042 0.467578 0.826042 0.467578 0.848438 0.446484 0.848438
0 0.473438 0.811458 0.492188 0.811458 0.492188 0.840104 0.473438 0.840104
0 0.547266 0.842708 0.566016 0.842708 0.566016 0.867188 0.547266 0.867188
0 0.560938 0.825521 0.589453 0.825521 0.589453 0.85 0.560938 0.85
0 0.553516 0.793229 0.575781 0.793229 0.575781 0.816146 0.553516 0.816146
0 0.508203 0.776562 0.534375 0.776562 0.534375 0.802083 0.508203 0.802083
0 0.510547 0.864062 0.532422 0.864062 0.532422 0.890104 0.510547 0.890104
0 0.421094 0.919792 0.446484 0.919792 0.446484 0.944271 0.421094 0.944271
0 0.473438 0.85625 0.492188 0.85625 0.492188 0.88125 0.473438 0.88125
0 0.332031 0.916667 0.352734 0.916667 0.352734 0.948438 0.332031 0.948438
0 0.316797 0.9375 0.333984 0.9375 0.333984 0.965625 0.316797 0.965625
0 0.404297 0.955729 0.421094 0.955729 0.421094 0.986458 0.404297 0.986458
0 0.303906 0.836458 0.317578 0.836458 0.317578 0.870312 0.303906 0.870312
0 0.329297 0.828646 0.349609 0.828646 0.349609 0.86875 0.329297 0.86875
0 0.458984 0.708854 0.473438 0.708854 0.473438 0.740625 0.458984 0.740625
0 0.446875 0.776042 0.473438 0.776042 0.473438 0.791667 0.446875 0.791667
0 0.3875 0.807812 0.412109 0.807812 0.412109 0.828125 0.3875 0.828125
0 0.418359 0.708333 0.433594 0.708333 0.433594 0.748438 0.418359 0.748438
0 0.38125 0.6875 0.395312 0.6875 0.395312 0.723958 0.38125 0.723958
0 0.399219 0.665625 0.427734 0.665625 0.427734 0.688542 0.399219 0.688542
0 0.359766 0.722917 0.378516 0.722917 0.378516 0.75 0.359766 0.75
0 0.325 0.719271 0.348047 0.719271 0.348047 0.748438 0.325 0.748438
0 0.312109 0.773958 0.330078 0.773958 0.330078 0.804688 0.312109 0.804688
0 0.498828 0.652604 0.522656 0.652604 0.522656 0.683333 0.498828 0.683333
0 0.357422 0.641146 0.374609 0.641146 0.374609 0.668229 0.357422 0.668229
0 0.324219 0.654688 0.346484 0.654688 0.346484 0.677604 0.324219 0.677604
0 0.239062 0.301562 0.258984 0.301562 0.258984 0.329688 0.239062 0.329688
0 0.000391 0.377083 0.019141 0.377083 0.019141 0.405208 0.000391 0.405208
0 0.028125 0.399479 0.046094 0.399479 0.046094 0.431771 0.028125 0.431771
0 0.24375 0.742188 0.259766 0.742188 0.259766 0.766667 0.24375 0.766667
0 0.201953 0.722917 0.216016 0.722917 0.216016 0.754167 0.201953 0.754167
0 0.208203 0.621354 0.236328 0.621354 0.236328 0.655208 0.208203 0.655208
0 0.282812 0.672396 0.297656 0.672396 0.297656 0.709896 0.282812 0.709896
0 0.368359 0.892188 0.388281 0.892188 0.388281 0.925 0.368359 0.925
0 0.257812 0.832812 0.283594 0.832812 0.283594 0.859375 0.257812 0.859375
0 0.04375 0.802083 0.063672 0.802083 0.063672 0.844792 0.04375 0.844792