0 0.150391 0.004688 0.173047 0.004688 0.173047 0.031771 0.150391 0.031771
0 0.146094 0.047396 0.167578 0.047396 0.167578 0.070833 0.146094 0.070833
0 0.114844 0.073438 0.135547 0.073438 0.135547 0.104167 0.114844 0.104167
0 0.149219 0.102083 0.170312 0.102083 0.170312 0.127083 0.149219 0.127083
0 0.192969 0.097917 0.2125 0.097917 0.2125 0.132292 0.192969 0.132292
0 0.188672 0.044271 0.210938 0.044271 0.210938 0.073958 0.188672 0.073958
0 0.1 0.13125 0.119141 0.13125 0.119141 0.156771 0.1 0.156771
0 0.126562 0.145312 0.142969 0.145312 0.142969 0.173438 0.126562 0.173438
0 0.138672 0.183333 0.164062 0.183333 0.164062 0.204167 0.138672 0.204167
0 0.182422 0.176042 0.208984 0.176042 0.208984 0.201562 0.182422 0.201562
0 0.1875 0.211458 0.211719 0.211458 0.211719 0.233854 0.1875 0.233854
0 0.221875 0.149479 0.248047 0.149479 0.248047 0.173438 0.221875 0.173438
0 0.233594 0.114062 0.255859 0.114062 0.255859 0.1375 0.233594 0.1375
0 0.226953 0.071875 0.248047 0.071875 0.248047 0.096354 0.226953 0.096354
0 0.251172 0.028646 0.267188 0.028646 0.267188 0.055729 0.251172 0.055729
0 0.279297 0.044271 0.297656 0.044271 0.297656 0.072917 0.279297 0.072917
0 0.300391 0.076562 0.319922 0.076562 0.319922 0.096354 0.300391 0.096354
0 0.280469 0.122396 0.305859 0.122396 0.305859 0.147917 0.280469 0.147917
0 0.313672 0.148438 0.332031 0.148438 0.332031 0.171354 0.313672 0.171354
0 0.349219 0.178125 0.367188 0.178125 0.367188 0.20625 0.349219 0.20625
0 0.346875 0.215625 0.365234 0.215625 0.365234 0.239062 0.346875 0.239062
0 0.281641 0.175521 0.303906 0.175521 0.303906 0.19375 0.281641 0.19375
0 0.244922 0.186458 0.26875 0.186458 0.26875 0.209896 0.244922 0.209896
0 0.378516 0.036979 0.399219 0.036979 0.399219 0.063542 0.378516 0.063542
0 0.396484 0.013021 0.417969 0.013021 0.417969 0.035417 0.396484 0.035417
0 0.464844 0.030208 0.487891 0.030208 0.487891 0.053646 0.464844 0.053646
0 0.454297 0.063542 0.472266 0.063542 0.472266 0.092188 0.454297 0.092188
0 0.501562 0.063021 0.522656 0.063021 0.522656 0.089583 0.501562 0.089583
0 0.485938 0.102604 0.507031 0.102604 0.507031 0.133333 0.485938 0.133333
0 0.525 0.091667 0.544922 0.091667 0.544922 0.123958 0.525 0.123958
0 0.534375 0.038021 0.552734 0.038021 0.552734 0.067188 0.534375 0.067188
0 0.56875 0.052083 0.585938 0.052083 0.585938 0.083854 0.56875 0.083854
0 0.599219 0.05625 0.615625 0.05625 0.615625 0.0875 0.599219 0.0875
0 0.616016 0.083854 0.6375 0.083854 0.6375 0.108333 0.616016 0.108333
0 0.575391 0.099479 0.59375 0.099479 0.59375 0.128125 0.575391 0.128125
0 0.548047 0.136458 0.566406 0.136458 0.566406 0.166146 0.548047 0.166146
0 0.521094 0.142188 0.5375 0.142188 0.5375 0.171875 0.521094 0.171875
0 0.591406 0.135938 0.611328 0.135938 0.611328 0.163542 0.591406 0.163542
0 0.626172 0.129688 0.649219 0.129688 0.649219 0.158333 0.626172 0.158333
0 0.708203 0.030208 0.730078 0.030208 0.730078 0.05625 0.708203 0.05625
0 0.744141 0.025 0.763281 0.025 0.763281 0.047396 0.744141 0.047396
0 0.644531 0.021875 0.668359 0.021875 0.668359 0.045833 0.644531 0.045833
0 0.694531 0.059896 0.716797 0.059896 0.716797 0.08125 0.694531 0.08125
0 0.671484 0.088021 0.694141 0.088021 0.694141 0.110417 0.671484 0.110417
0 0.739844 0.082292 0.767969 0.082292 0.767969 0.10625 0.739844 0.10625
0 0.745312 0.11875 0.769531 0.11875 0.769531 0.135938 0.745312 0.135938
0 0.727734 0.138021 0.745703 0.138021 0.745703 0.169792 0.727734 0.169792
0 0.675 0.1375 0.700391 0.1375 0.700391 0.154688 0.675 0.154688
0 0.667969 0.166667 0.685547 0.166667 0.685547 0.190625 0.667969 0.190625
0 0.703516 0.182292 0.727344 0.182292 0.727344 0.207812 0.703516 0.207812
0 0.769531 0.002604 0.792578 0.002604 0.792578 0.026562 0.769531 0.026562
0 0.781641 0.024479 0.801172 0.024479 0.801172 0.053125 0.781641 0.053125
0 0.887891 0.011458 0.905859 0.011458 0.905859 0.039062 0.887891 0.039062
0 0.926953 0.023958 0.944141 0.023958 0.944141 0.060938 0.926953 0.060938
0 0.951172 0.049479 0.970312 0.049479 0.970312 0.078646 0.951172 0.078646
0 0.935938 0.086979 0.951953 0.086979 0.951953 0.120312 0.935938 0.120312
0 0.799609 0.058333 0.823047 0.058333 0.823047 0.082812 0.799609 0.082812
0 0.977734 0.042708 0.996484 0.042708 0.996484 0.073958 0.977734 0.073958
0 0.799609 0.1 0.824219 0.1 0.824219 0.123438 0.799609 0.123438
0 0.828125 0.123958 0.847656 0.123958 0.847656 0.147917 0.828125 0.147917
0 0.818359 0.157812 0.844141 0.157812 0.844141 0.182292 0.818359 0.182292
0 0.76875 0.145312 0.794141 0.145312 0.794141 0.170312 0.76875 0.170312
0 0.737109 0.182292 0.760156 0.182292 0.760156 0.202083 0.737109 0.202083
0 0.782031 0.186458 0.803516 0.186458 0.803516 0.20625 0.782031 0.20625
0 0.813281 0.203125 0.8375 0.203125 0.8375 0.228646 0.813281 0.228646
0 0.797656 0.136979 0.815234 0.136979 0.815234 0.158854 0.797656 0.158854
0 0.951562 0.253125 0.975391 0.253125 0.975391 0.279167 0.951562 0.279167
0 0.708984 0.245833 0.730469 0.245833 0.730469 0.267188 0.708984 0.267188
0 0.683594 0.216667 0.700781 0.216667 0.700781 0.240104 0.683594 0.240104
0 0.653125 0.210417 0.674219 0.210417 0.674219 0.234896 0.653125 0.234896
0 0.730859 0.256771 0.75 0.256771 0.75 0.28125 0.730859 0.28125
0 0.687109 0.282812 0.711328 0.282812 0.711328 0.304167 0.687109 0.304167
0 0.652734 0.307292 0.68125 0.307292 0.68125 0.33125 0.652734 0.33125
0 0.687891 0.329688 0.709375 0.329688 0.709375 0.35 0.687891 0.35
0 0.626953 0.178646 0.647266 0.178646 0.647266 0.208854 0.626953 0.208854
0 0.610547 0.214583 0.627734 0.214583 0.627734 0.238542 0.610547 0.238542
0 0.837891 0.265625 0.860547 0.265625 0.860547 0.283854 0.837891 0.283854
0 0.806641 0.293229 0.830078 0.293229 0.830078 0.314062 0.806641 0.314062
0 0.782031 0.307292 0.798828 0.307292 0.798828 0.330208 0.782031 0.330208
0 0.819141 0.319271 0.843359 0.319271 0.843359 0.344792 0.819141 0.344792
0 0.923047 0.289062 0.941797 0.289062 0.941797 0.323958 0.923047 0.323958
0 0.914062 0.333854 0.934766 0.333854 0.934766 0.357812 0.914062 0.357812
0 0.969531 0.347396 0.992188 0.347396 0.992188 0.374479 0.969531 0.374479
0 0.975781 0.391146 0.999609 0.391146 0.999609 0.420312 0.975781 0.420312
0 0.947266 0.409896 0.973828 0.409896 0.973828 0.438021 0.947266 0.438021
0 0.897656 0.393229 0.914844 0.393229 0.914844 0.420833 0.897656 0.420833
0 0.789453 0.351042 0.807812 0.351042 0.807812 0.369271 0.789453 0.369271
0 0.801562 0.375521 0.826562 0.375521 0.826562 0.397917 0.801562 0.397917
0 0.746875 0.371354 0.769531 0.371354 0.769531 0.388542 0.746875 0.388542
0 0.787891 0.419792 0.803906 0.419792 0.803906 0.44375 0.787891 0.44375
0 0.816797 0.425 0.836328 0.425 0.836328 0.450521 0.816797 0.450521
0 0.765625 0.446354 0.786328 0.446354 0.786328 0.465625 0.765625 0.465625
0 0.764062 0.470312 0.787891 0.470312 0.787891 0.491146 0.764062 0.491146
0 0.715234 0.44375 0.738281 0.44375 0.738281 0.464583 0.715234 0.464583
0 0.754297 0.404167 0.774609 0.404167 0.774609 0.426562 0.754297 0.426562
0 0.721875 0.392188 0.742188 0.392188 0.742188 0.417188 0.721875 0.417188
0 0.693359 0.36875 0.716016 0.36875 0.716016 0.394271 0.693359 0.394271
0 0.658203 0.352604 0.682031 0.352604 0.682031 0.378125 0.658203 0.378125
0 0.917188 0.442708 0.9375 0.442708 0.9375 0.470833 0.917188 0.470833
0 0.935547 0.471354 0.961719 0.471354 0.961719 0.494271 0.935547 0.494271
0 0.969141 0.444271 0.989453 0.444271 0.989453 0.46875 0.969141 0.46875
0 0.930469 0.50625 0.954688 0.50625 0.954688 0.532292 0.930469 0.532292
0 0.913672 0.533333 0.93125 0.533333 0.93125 0.558333 0.913672 0.558333
0 0.929297 0.555729 0.952734 0.555729 0.952734 0.580208 0.929297 0.580208
0 0.966406 0.523438 0.985156 0.523438 0.985156 0.550521 0.966406 0.550521
0 0.953125 0.588021 0.973438 0.588021 0.973438 0.617188 0.953125 0.617188
0 0.877344 0.555208 0.896094 0.555208 0.896094 0.577083 0.877344 0.577083
0 0.916797 0.6 0.936328 0.6 0.936328 0.628125 0.916797 0.628125
0 0.958984 0.624479 0.977734 0.624479 0.977734 0.647396 0.958984 0.647396
0 0.816406 0.583854 0.833594 0.583854 0.833594 0.608854 0.816406 0.608854
0 0.8 0.521354 0.819922 0.521354 0.819922 0.542708 0.8 0.542708
0 0.767969 0.53125 0.789453 0.53125 0.789453 0.552604 0.767969 0.552604
0 0.761328 0.572917 0.7875 0.572917 0.7875 0.598438 0.761328 0.598438
0 0.791016 0.582812 0.808594 0.582812 0.808594 0.6125 0.791016 0.6125
0 0.812891 0.618229 0.831641 0.618229 0.831641 0.645312 0.812891 0.645312
0 0.736719 0.540104 0.757031 0.540104 0.757031 0.563542 0.736719 0.563542
0 0.722266 0.504687 0.739844 0.504687 0.739844 0.529167 0.722266 0.529167
0 0.694141 0.502604 0.714453 0.502604 0.714453 0.527604 0.694141 0.527604
0 0.682422 0.544271 0.702344 0.544271 0.702344 0.571875 0.682422 0.571875
0 0.712891 0.583333 0.737109 0.583333 0.737109 0.609375 0.712891 0.609375
0 0.889844 0.65625 0.910547 0.65625 0.910547 0.682812 0.889844 0.682812
0 0.919531 0.672917 0.9375 0.672917 0.9375 0.695833 0.919531 0.695833
0 0.973828 0.672917 0.992188 0.672917 0.992188 0.7 0.973828 0.7
0 0.8875 0.69375 0.911719 0.69375 0.911719 0.719792 0.8875 0.719792
0 0.896094 0.749479 0.917969 0.749479 0.917969 0.771354 0.896094 0.771354
0 0.924609 0.765104 0.946484 0.765104 0.946484 0.789583 0.924609 0.789583
0 0.898047 0.786458 0.91875 0.786458 0.91875 0.806771 0.898047 0.806771
0 0.908594 0.81875 0.934766 0.81875 0.934766 0.846875 0.908594 0.846875
0 0.914844 0.851042 0.938281 0.851042 0.938281 0.876562 0.914844 0.876562
0 0.879688 0.846354 0.901953 0.846354 0.901953 0.870312 0.879688 0.870312
0 0.874609 0.880729 0.892578 0.880729 0.892578 0.90625 0.874609 0.90625
0 0.895312 0.870833 0.916016 0.870833 0.916016 0.895833 0.895312 0.895833
0 0.941016 0.713542 0.966016 0.713542 0.966016 0.736979 0.941016 0.736979
0 0.951562 0.738021 0.973047 0.738021 0.973047 0.759375 0.951562 0.759375
0 0.977734 0.779167 0.997656 0.779167 0.997656 0.809896 0.977734 0.809896
0 0.959375 0.802604 0.976953 0.802604 0.976953 0.830208 0.959375 0.830208
0 0.962109 0.865625 0.979688 0.865625 0.979688 0.892188 0.962109 0.892188
0 0.941406 0.901562 0.963281 0.901562 0.963281 0.927083 0.941406 0.927083
0 0.9 0.932812 0.921094 0.932812 0.921094 0.955729 0.9 0.955729
0 0.946484 0.930729 0.969922 0.930729 0.969922 0.955729 0.946484 0.955729
0 0.896484 0.965104 0.915625 0.965104 0.915625 0.991146 0.896484 0.991146
0 0.932031 0.963542 0.955078 0.963542 0.955078 0.992188 0.932031 0.992188
0 0.865625 0.946875 0.886328 0.946875 0.886328 0.973958 0.865625 0.973958
0 0.108984 0.211979 0.129688 0.211979 0.129688 0.241146 0.108984 0.241146
0 0.102344 0.248958 0.125391 0.248958 0.125391 0.269792 0.102344 0.269792
0 0.137109 0.239583 0.162891 0.239583 0.162891 0.270312 0.137109 0.270312
0 0.183203 0.251042 0.206641 0.251042 0.206641 0.273958 0.183203 0.273958
0 0.197266 0.280729 0.217578 0.280729 0.217578 0.30625 0.197266 0.30625
0 0.161328 0.294271 0.180078 0.294271 0.180078 0.314583 0.161328 0.314583
0 0.105859 0.291667 0.130078 0.291667 0.130078 0.315104 0.105859 0.315104
0 0.128125 0.338021 0.148438 0.338021 0.148438 0.367188 0.128125 0.367188
0 0.155859 0.340104 0.175781 0.340104 0.175781 0.367188 0.155859 0.367188
0 0.197656 0.371875 0.222656 0.371875 0.222656 0.4 0.197656 0.4
0 0.195703 0.332292 0.217188 0.332292 0.217188 0.356771 0.195703 0.356771
0 0.232812 0.283333 0.250781 0.283333 0.250781 0.3125 0.232812 0.3125
0 0.267969 0.263542 0.289844 0.263542 0.289844 0.2875 0.267969 0.2875
0 0.287891 0.3 0.308984 0.3 0.308984 0.323958 0.287891 0.323958
0 0.244922 0.341667 0.267578 0.341667 0.267578 0.361979 0.244922 0.361979
0 0.309766 0.339062 0.326562 0.339062 0.326562 0.36875 0.309766 0.36875
0 0.384766 0.167708 0.402344 0.167708 0.402344 0.194271 0.384766 0.194271
0 0.310547 0.184375 0.33125 0.184375 0.33125 0.2125 0.310547 0.2125
0 0.324219 0.231771 0.341797 0.231771 0.341797 0.260417 0.324219 0.260417
0 0.291016 0.218229 0.311719 0.218229 0.311719 0.240625 0.291016 0.240625
0 0.258203 0.223958 0.277734 0.223958 0.277734 0.244271 0.258203 0.244271
0 0.335156 0.304688 0.352734 0.304688 0.352734 0.330208 0.335156 0.330208
0 0.359375 0.29375 0.380078 0.29375 0.380078 0.317708 0.359375 0.317708
0 0.389062 0.255729 0.412891 0.255729 0.412891 0.281771 0.389062 0.281771
0 0.370703 0.226562 0.391406 0.226562 0.391406 0.245833 0.370703 0.245833
0 0.400391 0.206771 0.422656 0.206771 0.422656 0.229688 0.400391 0.229688
0 0.474609 0.199479 0.500781 0.199479 0.500781 0.238542 0.474609 0.238542
0 0.581641 0.202604 0.602344 0.202604 0.602344 0.228125 0.581641 0.228125
0 0.561328 0.216146 0.577734 0.216146 0.577734 0.24375 0.561328 0.24375
0 0.628125 0.286979 0.651953 0.286979 0.651953 0.307812 0.628125 0.307812
0 0.621875 0.330729 0.647266 0.330729 0.647266 0.351562 0.621875 0.351562
0 0.542188 0.379167 0.564062 0.379167 0.564062 0.405208 0.542188 0.405208
0 0.566797 0.401562 0.583984 0.401562 0.583984 0.430729 0.566797 0.430729
0 0.583984 0.421875 0.600781 0.421875 0.600781 0.45 0.583984 0.45
0 0.536719 0.427083 0.557812 0.427083 0.557812 0.453646 0.536719 0.453646
0 0.562891 0.468229 0.588672 0.468229 0.588672 0.496875 0.562891 0.496875
0 0.598047 0.479688 0.620703 0.479688 0.620703 0.504167 0.598047 0.504167
0 0.50625 0.465104 0.529297 0.465104 0.529297 0.493229 0.50625 0.493229
0 0.536719 0.503646 0.556641 0.503646 0.556641 0.535417 0.536719 0.535417
0 0.579297 0.534375 0.598828 0.534375 0.598828 0.558854 0.579297 0.558854
0 0.602344 0.567188 0.619922 0.567188 0.619922 0.597917 0.602344 0.597917
0 0.666797 0.575 0.686719 0.575 0.686719 0.604167 0.666797 0.604167
0 0.698828 0.630729 0.720703 0.630729 0.720703 0.658854 0.698828 0.658854
0 0.741016 0.629688 0.762891 0.629688 0.762891 0.656771 0.741016 0.656771
0 0.446484 0.299479 0.462891 0.299479 0.462891 0.322396 0.446484 0.322396
0 0.422266 0.295312 0.442188 0.295312 0.442188 0.321875 0.422266 0.321875
0 0.401562 0.30625 0.41875 0.30625 0.41875 0.330729 0.401562 0.330729
0 0.398438 0.339583 0.417578 0.339583 0.417578 0.363542 0.398438 0.363542
0 0.367578 0.366146 0.387891 0.366146 0.387891 0.393229 0.367578 0.393229
0 0.338281 0.348958 0.357812 0.348958 0.357812 0.372396 0.338281 0.372396
0 0.332812 0.391146 0.358594 0.391146 0.358594 0.417708 0.332812 0.417708
0 0.384766 0.395312 0.410156 0.395312 0.410156 0.420312 0.384766 0.420312
0 0.421094 0.416667 0.438281 0.416667 0.438281 0.439062 0.421094 0.439062
0 0.372656 0.4375 0.394141 0.4375 0.394141 0.461979 0.372656 0.461979
0 0.3375 0.451042 0.360156 0.451042 0.360156 0.469271 0.3375 0.469271
0 0.296875 0.405208 0.315234 0.405208 0.315234 0.428125 0.296875 0.428125
0 0.248047 0.383333 0.269531 0.383333 0.269531 0.404688 0.248047 0.404688
0 0.210156 0.421875 0.231641 0.421875 0.231641 0.446875 0.210156 0.446875
0 0.185938 0.407292 0.202344 0.407292 0.202344 0.434896 0.185938 0.434896
0 0.235156 0.438021 0.255469 0.438021 0.255469 0.464062 0.235156 0.464062
0 0.287891 0.45625 0.315625 0.45625 0.315625 0.481771 0.287891 0.481771
0 0.158594 0.44375 0.185156 0.44375 0.185156 0.4625 0.158594 0.4625
0 0.154297 0.485417 0.175781 0.485417 0.175781 0.505208 0.154297 0.505208
0 0.179688 0.505208 0.203906 0.505208 0.203906 0.529167 0.179688 0.529167
0 0.217188 0.498958 0.239453 0.498958 0.239453 0.524479 0.217188 0.524479
0 0.258203 0.476562 0.280469 0.476562 0.280469 0.502604 0.258203 0.502604
0 0.299219 0.511458 0.322656 0.511458 0.322656 0.538021 0.299219 0.538021
0 0.335938 0.492188 0.359375 0.492188 0.359375 0.51875 0.335938 0.51875
0 0.341406 0.541667 0.364844 0.541667 0.364844 0.571354 0.341406 0.571354
0 0.283203 0.564062 0.302344 0.564062 0.302344 0.582292 0.283203 0.582292
0 0.305469 0.575 0.321484 0.575 0.321484 0.605208 0.305469 0.605208
0 0.278125 0.594271 0.296094 0.594271 0.296094 0.619271 0.278125 0.619271
0 0.249609 0.564062 0.26875 0.564062 0.26875 0.585417 0.249609 0.585417
0 0.198438 0.554167 0.220703 0.554167 0.220703 0.580729 0.198438 0.580729
0 0.139844 0.55 0.157422 0.55 0.157422 0.567708 0.139844 0.567708
0 0.167969 0.584375 0.1875 0.584375 0.1875 0.603125 0.167969 0.603125
0 0.198047 0.592708 0.227344 0.592708 0.227344 0.615625 0.198047 0.615625
0 0.246875 0.598438 0.267188 0.598438 0.267188 0.629167 0.246875 0.629167
0 0.019531 0.503646 0.038672 0.503646 0.038672 0.535417 0.019531 0.535417
0 0.008203 0.566146 0.030469 0.566146 0.030469 0.589583 0.008203 0.589583
0 0.017188 0.642708 0.039844 0.642708 0.039844 0.6625 0.017188 0.6625
0 0.009766 0.714583 0.03125 0.714583 0.03125 0.738021 0.009766 0.738021
0 0.05 0.792188 0.070312 0.792188 0.070312 0.825521 0.05 0.825521
0 0.060547 0.831771 0.080859 0.831771 0.080859 0.853125 0.060547 0.853125
0 0.091406 0.807812 0.113672 0.807812 0.113672 0.831771 0.091406 0.831771
0 0.023438 0.814062 0.044531 0.814062 0.044531 0.839583 0.023438 0.839583
0 0.057031 0.867188 0.080469 0.867188 0.080469 0.889583 0.057031 0.889583
0 0.026562 0.888542 0.051562 0.888542 0.051562 0.911979 0.026562 0.911979
0 0.067969 0.904688 0.089844 0.904688 0.089844 0.929688 0.067969 0.929688
0 0.1 0.888021 0.119531 0.888021 0.119531 0.907812 0.1 0.907812
0 0.125391 0.896354 0.141016 0.896354 0.141016 0.923958 0.125391 0.923958
0 0.100391 0.922396 0.123828 0.922396 0.123828 0.942708 0.100391 0.942708
0 0.075391 0.953646 0.100391 0.953646 0.100391 0.972396 0.075391 0.972396
0 0.0375 0.940625 0.05625 0.940625 0.05625 0.966667 0.0375 0.966667
0 0.1125 0.961458 0.132031 0.961458 0.132031 0.983333 0.1125 0.983333
0 0.227734 0.620833 0.244922 0.620833 0.244922 0.651042 0.227734 0.651042
0 0.209375 0.661458 0.232031 0.661458 0.232031 0.690625 0.209375 0.690625
0 0.189844 0.634375 0.211719 0.634375 0.211719 0.653125 0.189844 0.653125
0 0.176953 0.615104 0.194141 0.615104 0.194141 0.636458 0.176953 0.636458
0 0.260547 0.647396 0.283594 0.647396 0.283594 0.667188 0.260547 0.667188
0 0.225781 0.692708 0.245703 0.692708 0.245703 0.719271 0.225781 0.719271
0 0.267969 0.677604 0.2875 0.677604 0.2875 0.69375 0.267969 0.69375
0 0.340625 0.589062 0.360547 0.589062 0.360547 0.610938 0.340625 0.610938
0 0.335547 0.629167 0.351172 0.629167 0.351172 0.649479 0.335547 0.649479
0 0.415625 0.592188 0.434375 0.592188 0.434375 0.619271 0.415625 0.619271
0 0.376562 0.5125 0.397656 0.5125 0.397656 0.538021 0.376562 0.538021
0 0.413281 0.670312 0.430859 0.670312 0.430859 0.705729 0.413281 0.705729
0 0.440234 0.684896 0.457031 0.684896 0.457031 0.717188 0.440234 0.717188
0 0.455859 0.627083 0.474609 0.627083 0.474609 0.661979 0.455859 0.661979
0 0.494141 0.617188 0.515234 0.617188 0.515234 0.643229 0.494141 0.643229
0 0.489453 0.659896 0.509375 0.659896 0.509375 0.682812 0.489453 0.682812
0 0.489453 0.713021 0.509766 0.713021 0.509766 0.743229 0.489453 0.743229
0 0.427734 0.736979 0.448047 0.736979 0.448047 0.769792 0.427734 0.769792
0 0.360547 0.702604 0.379688 0.702604 0.379688 0.728646 0.360547 0.728646
0 0.333203 0.703125 0.350391 0.703125 0.350391 0.728125 0.333203 0.728125
0 0.367969 0.732292 0.386328 0.732292 0.386328 0.7625 0.367969 0.7625
0 0.391016 0.748958 0.409375 0.748958 0.409375 0.782292 0.391016 0.782292
0 0.337109 0.753125 0.357031 0.753125 0.357031 0.7875 0.337109 0.7875
0 0.303125 0.757812 0.321875 0.757812 0.321875 0.785417 0.303125 0.785417
0 0.267188 0.8125 0.282422 0.8125 0.282422 0.842708 0.267188 0.842708
0 0.290625 0.826042 0.308203 0.826042 0.308203 0.848438 0.290625 0.848438
0 0.308984 0.800521 0.33125 0.800521 0.33125 0.822396 0.308984 0.822396
0 0.357031 0.784896 0.380859 0.784896 0.380859 0.808854 0.357031 0.808854
0 0.398438 0.79375 0.417188 0.79375 0.417188 0.828125 0.398438 0.828125
0 0.3625 0.824479 0.382812 0.824479 0.382812 0.858854 0.3625 0.858854
0 0.337109 0.846354 0.357031 0.846354 0.357031 0.875 0.337109 0.875
0 0.304688 0.850521 0.325781 0.850521 0.325781 0.877604 0.304688 0.877604
0 0.317578 0.886979 0.339844 0.886979 0.339844 0.908333 0.317578 0.908333
0 0.415625 0.835417 0.439062 0.835417 0.439062 0.863542 0.415625 0.863542
0 0.440625 0.788021 0.460938 0.788021 0.460938 0.821354 0.440625 0.821354
0 0.477344 0.801042 0.495703 0.801042 0.495703 0.830208 0.477344 0.830208
0 0.478906 0.845312 0.503125 0.845312 0.503125 0.866667 0.478906 0.866667
0 0.419531 0.876042 0.441797 0.876042 0.441797 0.901042 0.419531 0.901042
0 0.491797 0.759896 0.509766 0.759896 0.509766 0.791667 0.491797 0.791667
0 0.513281 0.772917 0.532812 0.772917 0.532812 0.805208 0.513281 0.805208
0 0.519531 0.835938 0.539062 0.835938 0.539062 0.85625 0.519531 0.85625
0 0.481641 0.511979 0.502344 0.511979 0.502344 0.539583 0.481641 0.539583
0 0.453516 0.514062 0.472266 0.514062 0.472266 0.543229 0.453516 0.543229
0 0.445703 0.568229 0.467188 0.568229 0.467188 0.604167 0.445703 0.604167
0 0.476562 0.565625 0.498047 0.565625 0.498047 0.595312 0.476562 0.595312
0 0.503125 0.576042 0.519531 0.576042 0.519531 0.602083 0.503125 0.602083
0 0.55 0.566667 0.569141 0.566667 0.569141 0.593229 0.55 0.593229
0 0.532031 0.60625 0.55 0.60625 0.55 0.63125 0.532031 0.63125
0 0.558594 0.608333 0.576953 0.608333 0.576953 0.633333 0.558594 0.633333
0 0.5625 0.640104 0.586328 0.640104 0.586328 0.666146 0.5625 0.666146
0 0.564062 0.691146 0.577734 0.691146 0.577734 0.714062 0.564062 0.714062
0 0.590234 0.685417 0.608984 0.685417 0.608984 0.7125 0.590234 0.7125
0 0.587109 0.723438 0.607812 0.723438 0.607812 0.749479 0.587109 0.749479
0 0.598828 0.754688 0.61875 0.754688 0.61875 0.783854 0.598828 0.783854
0 0.55 0.741667 0.571094 0.741667 0.571094 0.777604 0.55 0.777604
0 0.566797 0.776042 0.587109 0.776042 0.587109 0.8 0.566797 0.8
0 0.558594 0.810938 0.579297 0.810938 0.579297 0.834375 0.558594 0.834375
0 0.786328 0.636458 0.80625 0.636458 0.80625 0.66875 0.786328 0.66875
0 0.811328 0.657292 0.829688 0.657292 0.829688 0.692188 0.811328 0.692188
0 0.773047 0.705729 0.789844 0.705729 0.789844 0.734896 0.773047 0.734896
0 0.790625 0.726562 0.810938 0.726562 0.810938 0.748438 0.790625 0.748438
0 0.739062 0.682292 0.760156 0.682292 0.760156 0.710417 0.739062 0.710417
0 0.748828 0.733333 0.776172 0.733333 0.776172 0.761458 0.748828 0.761458
0 0.733984 0.770833 0.756641 0.770833 0.756641 0.79375 0.733984 0.79375
0 0.786328 0.779167 0.807422 0.779167 0.807422 0.805729 0.786328 0.805729
0 0.771484 0.807292 0.790234 0.807292 0.790234 0.838542 0.771484 0.838542
0 0.792188 0.944792 0.807031 0.944792 0.807031 0.972396 0.792188 0.972396
0 0.757422 0.943229 0.776562 0.943229 0.776562 0.972917 0.757422 0.972917
0 0.716016 0.930729 0.733203 0.930729 0.733203 0.960938 0.716016 0.960938
0 0.748828 0.880729 0.770703 0.880729 0.770703 0.902604 0.748828 0.902604
0 0.780859 0.896875 0.804297 0.896875 0.804297 0.922917 0.780859 0.922917
0 0.709766 0.854167 0.730078 0.854167 0.730078 0.880208 0.709766 0.880208
0 0.735938 0.809896 0.757422 0.809896 0.757422 0.834896 0.735938 0.834896
0 0.683203 0.766146 0.699219 0.766146 0.699219 0.798438 0.683203 0.798438
0 0.677344 0.724479 0.696094 0.724479 0.696094 0.746354 0.677344 0.746354
0 0.687891 0.677604 0.710547 0.677604 0.710547 0.708333 0.687891 0.708333
0 0.662109 0.684375 0.679688 0.684375 0.679688 0.708333 0.662109 0.708333
0 0.646875 0.719271 0.661719 0.719271 0.661719 0.749479 0.646875 0.749479
0 0.649609 0.76875 0.665234 0.76875 0.665234 0.791667 0.649609 0.791667
0 0.671094 0.822917 0.69375 0.822917 0.69375 0.850521 0.671094 0.850521
0 0.656641 0.863021 0.674219 0.863021 0.674219 0.894271 0.656641 0.894271
0 0.626953 0.848438 0.646094 0.848438 0.646094 0.878646 0.626953 0.878646
0 0.710156 0.804167 0.725 0.804167 0.725 0.832292 0.710156 0.832292
0 0.623438 0.719271 0.640234 0.719271 0.640234 0.749479 0.623438 0.749479
0 0.617969 0.909375 0.642578 0.909375 0.642578 0.933333 0.617969 0.933333
0 0.598047 0.879167 0.613281 0.879167 0.613281 0.901042 0.598047 0.901042
0 0.585938 0.916146 0.607812 0.916146 0.607812 0.938542 0.585938 0.938542
0 0.681641 0.884375 0.705078 0.884375 0.705078 0.90625 0.681641 0.90625
0 0.489844 0.895312 0.50625 0.895312 0.50625 0.919271 0.489844 0.919271
0 0.466406 0.88125 0.485547 0.88125 0.485547 0.9 0.466406 0.9
0 0.512891 0.885938 0.533203 0.885938 0.533203 0.910417 0.512891 0.910417
0 0.897266 0.291667 0.915625 0.291667 0.915625 0.319271 0.897266 0.319271