0 0.030078 0.015625 0.049609 0.015625 0.049609 0.034896 0.030078 0.034896
0 0.061719 0.044792 0.085156 0.044792 0.085156 0.065104 0.061719 0.065104
0 0.046484 0.079167 0.067969 0.079167 0.067969 0.1 0.046484 0.1
0 0.077344 0.113021 0.094141 0.113021 0.094141 0.132292 0.077344 0.132292
0 0.136328 0.080729 0.153906 0.080729 0.153906 0.100521 0.136328 0.100521
0 0.1 0.0375 0.117578 0.0375 0.117578 0.053646 0.1 0.053646
0 0.098438 0.068229 0.120703 0.068229 0.120703 0.090625 0.098438 0.090625
0 0.133594 0.028125 0.149219 0.028125 0.149219 0.049479 0.133594 0.049479
0 0.169531 0.029167 0.185156 0.029167 0.185156 0.045312 0.169531 0.045312
0 0.160156 0.057812 0.180469 0.057812 0.180469 0.078646 0.160156 0.078646
0 0.164062 0.106771 0.177734 0.106771 0.177734 0.125 0.164062 0.125
0 0.143359 0.119271 0.159375 0.119271 0.159375 0.141667 0.143359 0.141667
0 0.121484 0.147917 0.139453 0.147917 0.139453 0.176042 0.121484 0.176042
0 0.080469 0.166667 0.100781 0.166667 0.100781 0.192188 0.080469 0.192188
0 0.096875 0.195833 0.115625 0.195833 0.115625 0.222396 0.096875 0.222396
0 0.132422 0.189583 0.148047 0.189583 0.148047 0.214583 0.132422 0.214583
0 0.054297 0.188542 0.073047 0.188542 0.073047 0.2125 0.054297 0.2125
0 0.011719 0.180729 0.031641 0.180729 0.031641 0.199479 0.011719 0.199479
0 0.057031 0.229688 0.080859 0.229688 0.080859 0.250521 0.057031 0.250521
0 0.020703 0.215625 0.041016 0.215625 0.041016 0.240625 0.020703 0.240625
0 0.080859 0.263542 0.099219 0.263542 0.099219 0.286458 0.080859 0.286458
0 0.057422 0.276042 0.073828 0.276042 0.073828 0.3 0.057422 0.3
0 0.073828 0.138021 0.092969 0.138021 0.092969 0.157292 0.073828 0.157292
0 0.087109 0.318229 0.104297 0.318229 0.104297 0.345833 0.087109 0.345833
0 0.289453 0.082292 0.305859 0.082292 0.305859 0.111979 0.289453 0.111979
0 0.265234 0.109896 0.282422 0.109896 0.282422 0.1375 0.265234 0.1375
0 0.324219 0.073438 0.340234 0.073438 0.340234 0.102083 0.324219 0.102083
0 0.358984 0.082292 0.376562 0.082292 0.376562 0.111979 0.358984 0.111979
0 0.3875 0.066146 0.40625 0.066146 0.40625 0.093229 0.3875 0.093229
0 0.349609 0.128646 0.370312 0.128646 0.370312 0.157292 0.349609 0.157292
0 0.286719 0.1375 0.311719 0.1375 0.311719 0.158333 0.286719 0.158333
0 0.31875 0.164062 0.339844 0.164062 0.339844 0.193229 0.31875 0.193229
0 0.291406 0.185938 0.310156 0.185938 0.310156 0.211979 0.291406 0.211979
0 0.295312 0.223438 0.315234 0.223438 0.315234 0.248958 0.295312 0.248958
0 0.341016 0.203646 0.359766 0.203646 0.359766 0.229167 0.341016 0.229167
0 0.369531 0.188542 0.388281 0.188542 0.388281 0.218229 0.369531 0.218229
0 0.384766 0.109896 0.404297 0.109896 0.404297 0.142708 0.384766 0.142708
0 0.393359 0.148958 0.414844 0.148958 0.414844 0.175521 0.393359 0.175521
0 0.426562 0.080208 0.44375 0.080208 0.44375 0.103125 0.426562 0.103125
0 0.439844 0.132812 0.45625 0.132812 0.45625 0.152604 0.439844 0.152604
0 0.457031 0.084896 0.473438 0.084896 0.473438 0.115104 0.457031 0.115104
0 0.5125 0.091146 0.528906 0.091146 0.528906 0.116146 0.5125 0.116146
0 0.530859 0.10625 0.546094 0.10625 0.546094 0.129167 0.530859 0.129167
0 0.486328 0.167188 0.503516 0.167188 0.503516 0.19375 0.486328 0.19375
0 0.496484 0.145312 0.516016 0.145312 0.516016 0.166667 0.496484 0.166667
0 0.514844 0.173438 0.532422 0.173438 0.532422 0.203646 0.514844 0.203646
0 0.551953 0.167188 0.572266 0.167188 0.572266 0.203646 0.551953 0.203646
0 0.577734 0.147396 0.598438 0.147396 0.598438 0.179167 0.577734 0.179167
0 0.431641 0.206771 0.451172 0.206771 0.451172 0.229688 0.431641 0.229688
0 0.462891 0.230208 0.483594 0.230208 0.483594 0.259896 0.462891 0.259896
0 0.483203 0.206771 0.499609 0.206771 0.499609 0.230729 0.483203 0.230729
0 0.232812 0.265104 0.251953 0.265104 0.251953 0.286458 0.232812 0.286458
0 0.235547 0.216667 0.251563 0.216667 0.251563 0.234375 0.235547 0.234375
0 0.262891 0.270833 0.280469 0.270833 0.280469 0.290625 0.262891 0.290625
0 0.322266 0.255729 0.341797 0.255729 0.341797 0.276562 0.322266 0.276562
0 0.350781 0.290625 0.370312 0.290625 0.370312 0.313542 0.350781 0.313542
0 0.366406 0.246354 0.383594 0.246354 0.383594 0.264583 0.366406 0.264583
0 0.398047 0.230729 0.416016 0.230729 0.416016 0.257292 0.398047 0.257292
0 0.401172 0.281771 0.416406 0.281771 0.416406 0.306771 0.401172 0.306771
0 0.393359 0.327604 0.410547 0.327604 0.410547 0.347917 0.393359 0.347917
0 0.284375 0.314062 0.304297 0.314062 0.304297 0.334896 0.284375 0.334896
0 0.319141 0.320833 0.340234 0.320833 0.340234 0.349479 0.319141 0.349479
0 0.234375 0.304688 0.254297 0.304688 0.254297 0.320312 0.234375 0.320312
0 0.2125 0.314583 0.232031 0.314583 0.232031 0.344792 0.2125 0.344792
0 0.260547 0.335417 0.278906 0.335417 0.278906 0.369271 0.260547 0.369271
0 0.234375 0.353125 0.255859 0.353125 0.255859 0.382812 0.234375 0.382812
0 0.206641 0.363021 0.229297 0.363021 0.229297 0.390104 0.206641 0.390104
0 0.182031 0.346875 0.198828 0.346875 0.198828 0.371354 0.182031 0.371354
0 0.262109 0.386458 0.282031 0.386458 0.282031 0.408333 0.262109 0.408333
0 0.271484 0.430729 0.292188 0.430729 0.292188 0.45625 0.271484 0.45625
0 0.312891 0.434375 0.334766 0.434375 0.334766 0.458854 0.312891 0.458854
0 0.326953 0.400521 0.346875 0.400521 0.346875 0.421354 0.326953 0.421354
0 0.298047 0.346875 0.316406 0.346875 0.316406 0.373438 0.298047 0.373438
0 0.593359 0.113542 0.612891 0.113542 0.612891 0.139583 0.593359 0.139583
0 0.636328 0.117708 0.655078 0.117708 0.655078 0.14375 0.636328 0.14375
0 0.655859 0.115625 0.676953 0.115625 0.676953 0.135938 0.655859 0.135938
0 0.674609 0.096875 0.697266 0.096875 0.697266 0.124479 0.674609 0.124479
0 0.69375 0.139583 0.719531 0.139583 0.719531 0.164583 0.69375 0.164583
0 0.653906 0.14375 0.674219 0.14375 0.674219 0.167188 0.653906 0.167188
0 0.648828 0.179688 0.672266 0.179688 0.672266 0.207812 0.648828 0.207812
0 0.616016 0.208854 0.634766 0.208854 0.634766 0.235938 0.616016 0.235938
0 0.524219 0.233333 0.544531 0.233333 0.544531 0.253646 0.524219 0.253646
0 0.537891 0.269792 0.559766 0.269792 0.559766 0.296875 0.537891 0.296875
0 0.500391 0.288542 0.519141 0.288542 0.519141 0.310938 0.500391 0.310938
0 0.569922 0.276042 0.591016 0.276042 0.591016 0.298958 0.569922 0.298958
0 0.626172 0.25 0.647656 0.25 0.647656 0.272396 0.626172 0.272396
0 0.659375 0.273438 0.685156 0.273438 0.685156 0.301562 0.659375 0.301562
0 0.687109 0.194792 0.703125 0.194792 0.703125 0.225521 0.687109 0.225521
0 0.71875 0.201042 0.733984 0.201042 0.733984 0.228646 0.71875 0.228646
0 0.738281 0.173958 0.757031 0.173958 0.757031 0.200521 0.738281 0.200521
0 0.709766 0.25625 0.729297 0.25625 0.729297 0.286979 0.709766 0.286979
0 0.735547 0.225 0.757422 0.225 0.757422 0.253646 0.735547 0.253646
0 0.746094 0.283854 0.766406 0.283854 0.766406 0.307292 0.746094 0.307292
0 0.761328 0.182812 0.780859 0.182812 0.780859 0.209896 0.761328 0.209896
0 0.794531 0.009896 0.811328 0.009896 0.811328 0.042188 0.794531 0.042188
0 0.817969 0.029688 0.836328 0.029688 0.836328 0.051562 0.817969 0.051562
0 0.633203 0.009896 0.653125 0.009896 0.653125 0.029167 0.633203 0.029167
0 0.653125 0.041667 0.675391 0.041667 0.675391 0.064062 0.653125 0.064062
0 0.675 0.021875 0.693359 0.021875 0.693359 0.045312 0.675 0.045312
0 0.713281 0.032292 0.730078 0.032292 0.730078 0.061979 0.713281 0.061979
0 0.814453 0.100521 0.830469 0.100521 0.830469 0.123958 0.814453 0.123958
0 0.836719 0.09375 0.85625 0.09375 0.85625 0.11875 0.836719 0.11875
0 0.803125 0.188542 0.826172 0.188542 0.826172 0.209375 0.803125 0.209375
0 0.868359 0.065104 0.890234 0.065104 0.890234 0.084375 0.868359 0.084375
0 0.885938 0.096354 0.902344 0.096354 0.902344 0.117708 0.885938 0.117708
0 0.911328 0.01875 0.931641 0.01875 0.931641 0.036979 0.911328 0.036979
0 0.952344 0.0 0.971484 0.0 0.971484 0.027083 0.952344 0.027083
0 0.841016 0.217188 0.860156 0.217188 0.860156 0.240104 0.841016 0.240104
0 0.813281 0.236458 0.833203 0.236458 0.833203 0.263542 0.813281 0.263542
0 0.825 0.271875 0.847266 0.271875 0.847266 0.295312 0.825 0.295312
0 0.798047 0.290104 0.817578 0.290104 0.817578 0.313021 0.798047 0.313021
0 0.838672 0.302604 0.860156 0.302604 0.860156 0.326562 0.838672 0.326562
0 0.950391 0.255729 0.971094 0.255729 0.971094 0.286458 0.950391 0.286458
0 0.979688 0.28125 0.999609 0.28125 0.999609 0.302604 0.979688 0.302604
0 0.967578 0.225 0.985547 0.225 0.985547 0.247396 0.967578 0.247396
0 0.93125 0.368229 0.952734 0.368229 0.952734 0.401042 0.93125 0.401042
0 0.938281 0.347396 0.961719 0.347396 0.961719 0.372396 0.938281 0.372396
0 0.902344 0.390104 0.923828 0.390104 0.923828 0.417708 0.902344 0.417708
0 0.900391 0.419271 0.921875 0.419271 0.921875 0.442708 0.900391 0.442708
0 0.953516 0.420312 0.975 0.420312 0.975 0.447396 0.953516 0.447396
0 0.949219 0.457292 0.969922 0.457292 0.969922 0.483333 0.949219 0.483333
0 0.925 0.466667 0.941406 0.466667 0.941406 0.496354 0.925 0.496354
0 0.873047 0.4625 0.896094 0.4625 0.896094 0.489062 0.873047 0.489062
0 0.901562 0.496875 0.920312 0.496875 0.920312 0.519792 0.901562 0.519792
0 0.848438 0.5 0.871094 0.5 0.871094 0.521354 0.848438 0.521354
0 0.832812 0.526042 0.85 0.526042 0.85 0.552604 0.832812 0.552604
0 0.866406 0.540104 0.886719 0.540104 0.886719 0.568229 0.866406 0.568229
0 0.883203 0.518229 0.908203 0.518229 0.908203 0.543229 0.883203 0.543229
0 0.912891 0.552604 0.934375 0.552604 0.934375 0.58125 0.912891 0.58125
0 0.934375 0.505729 0.955469 0.505729 0.955469 0.528125 0.934375 0.528125
0 0.945703 0.572396 0.960938 0.572396 0.960938 0.588021 0.945703 0.588021
0 0.928516 0.605208 0.948047 0.605208 0.948047 0.625521 0.928516 0.625521
0 0.958203 0.525 0.974219 0.525 0.974219 0.544271 0.958203 0.544271
0 0.860938 0.589062 0.880469 0.589062 0.880469 0.615104 0.860938 0.615104
0 0.882031 0.60625 0.901953 0.60625 0.901953 0.633333 0.882031 0.633333
0 0.889844 0.640104 0.912891 0.640104 0.912891 0.664583 0.889844 0.664583
0 0.913672 0.621354 0.930469 0.621354 0.930469 0.647396 0.913672 0.647396
0 0.940234 0.653646 0.969531 0.653646 0.969531 0.677604 0.940234 0.677604
0 0.946094 0.701042 0.967969 0.701042 0.967969 0.724479 0.946094 0.724479
0 0.980078 0.709375 0.997656 0.709375 0.997656 0.732292 0.980078 0.732292
0 0.911328 0.703646 0.928906 0.703646 0.928906 0.723958 0.911328 0.723958
0 0.833203 0.610417 0.85625 0.610417 0.85625 0.636979 0.833203 0.636979
0 0.805078 0.6375 0.830469 0.6375 0.830469 0.657292 0.805078 0.657292
0 0.801172 0.664062 0.820312 0.664062 0.820312 0.684375 0.801172 0.684375
0 0.86875 0.671354 0.890625 0.671354 0.890625 0.693229 0.86875 0.693229
0 0.937109 0.733333 0.955859 0.733333 0.955859 0.759896 0.937109 0.759896
0 0.962109 0.742188 0.984375 0.742188 0.984375 0.769271 0.962109 0.769271
0 0.902344 0.797396 0.930469 0.797396 0.930469 0.81875 0.902344 0.81875
0 0.866016 0.765104 0.8875 0.765104 0.8875 0.790625 0.866016 0.790625
0 0.84375 0.764062 0.864453 0.764062 0.864453 0.792188 0.84375 0.792188
0 0.924219 0.828646 0.946875 0.828646 0.946875 0.852604 0.924219 0.852604
0 0.955078 0.809375 0.978906 0.809375 0.978906 0.838021 0.955078 0.838021
0 0.979297 0.79375 0.999609 0.79375 0.999609 0.826562 0.979297 0.826562
0 0.971484 0.853125 0.989844 0.853125 0.989844 0.881771 0.971484 0.881771
0 0.928906 0.866667 0.953125 0.866667 0.953125 0.889062 0.928906 0.889062
0 0.889062 0.839062 0.906641 0.839062 0.906641 0.863542 0.889062 0.863542
0 0.914062 0.900521 0.932812 0.900521 0.932812 0.927083 0.914062 0.927083
0 0.935547 0.895312 0.953906 0.895312 0.953906 0.926562 0.935547 0.926562
0 0.835547 0.675521 0.855469 0.675521 0.855469 0.701042 0.835547 0.701042
0 0.694922 0.795833 0.716016 0.795833 0.716016 0.824479 0.694922 0.824479
0 0.726562 0.786979 0.747266 0.786979 0.747266 0.821875 0.726562 0.821875
0 0.759375 0.779167 0.778516 0.779167 0.778516 0.8125 0.759375 0.8125
0 0.783594 0.788021 0.800391 0.788021 0.800391 0.814583 0.783594 0.814583
0 0.705078 0.829688 0.730469 0.829688 0.730469 0.855208 0.705078 0.855208
0 0.722656 0.873958 0.739062 0.873958 0.739062 0.903646 0.722656 0.903646
0 0.774609 0.844271 0.793359 0.844271 0.793359 0.870833 0.774609 0.870833
0 0.696484 0.864583 0.713281 0.864583 0.713281 0.886458 0.696484 0.886458
0 0.749219 0.876562 0.770703 0.876562 0.770703 0.906771 0.749219 0.906771
0 0.680859 0.908854 0.697656 0.908854 0.697656 0.933854 0.680859 0.933854
0 0.799219 0.85 0.820703 0.85 0.820703 0.876042 0.799219 0.876042
0 0.808594 0.889583 0.825391 0.889583 0.825391 0.915625 0.808594 0.915625
0 0.792188 0.913021 0.809766 0.913021 0.809766 0.942188 0.792188 0.942188
0 0.846094 0.902604 0.862891 0.902604 0.862891 0.926042 0.846094 0.926042
0 0.833984 0.949479 0.857422 0.949479 0.857422 0.974479 0.833984 0.974479
0 0.772266 0.947917 0.795703 0.947917 0.795703 0.975 0.772266 0.975
0 0.726172 0.921354 0.751562 0.921354 0.751562 0.947396 0.726172 0.947396
0 0.683594 0.944271 0.711328 0.944271 0.711328 0.967188 0.683594 0.967188
0 0.723047 0.963021 0.746875 0.963021 0.746875 0.9875 0.723047 0.9875
0 0.877344 0.95 0.894531 0.95 0.894531 0.974479 0.877344 0.974479
0 0.607422 0.283854 0.628125 0.283854 0.628125 0.310938 0.607422 0.310938
0 0.602734 0.325521 0.628125 0.325521 0.628125 0.351042 0.602734 0.351042
0 0.570703 0.356771 0.592188 0.356771 0.592188 0.3875 0.570703 0.3875
0 0.544922 0.325521 0.566406 0.325521 0.566406 0.352083 0.544922 0.352083
0 0.560156 0.304688 0.580859 0.304688 0.580859 0.325521 0.560156 0.325521
0 0.748438 0.332292 0.770703 0.332292 0.770703 0.3625 0.748438 0.3625
0 0.722266 0.321875 0.742969 0.321875 0.742969 0.352083 0.722266 0.352083
0 0.645312 0.339583 0.666406 0.339583 0.666406 0.372396 0.645312 0.372396
0 0.680078 0.36875 0.700781 0.36875 0.700781 0.401562 0.680078 0.401562
0 0.71875 0.365625 0.741406 0.365625 0.741406 0.397917 0.71875 0.397917
0 0.607422 0.386458 0.626953 0.386458 0.626953 0.413021 0.607422 0.413021
0 0.629297 0.390104 0.646094 0.390104 0.646094 0.415104 0.629297 0.415104
0 0.658203 0.40625 0.677734 0.40625 0.677734 0.430729 0.658203 0.430729
0 0.680859 0.447917 0.705078 0.447917 0.705078 0.472917 0.680859 0.472917
0 0.716797 0.416146 0.7375 0.416146 0.7375 0.446354 0.716797 0.446354
0 0.750781 0.439583 0.772656 0.439583 0.772656 0.469792 0.750781 0.469792
0 0.783594 0.397917 0.807812 0.397917 0.807812 0.420833 0.783594 0.420833
0 0.775391 0.228646 0.795312 0.228646 0.795312 0.247917 0.775391 0.247917
0 0.775391 0.272396 0.794141 0.272396 0.794141 0.289583 0.775391 0.289583
0 0.440625 0.256771 0.458984 0.256771 0.458984 0.282812 0.440625 0.282812
0 0.430078 0.296875 0.451172 0.296875 0.451172 0.316667 0.430078 0.316667
0 0.425 0.327604 0.449609 0.327604 0.449609 0.35 0.425 0.35
0 0.441016 0.354167 0.461719 0.354167 0.461719 0.377604 0.441016 0.377604
0 0.486328 0.343229 0.504297 0.343229 0.504297 0.370833 0.486328 0.370833
0 0.555078 0.396354 0.572656 0.396354 0.572656 0.418229 0.555078 0.418229
0 0.578906 0.411458 0.597266 0.411458 0.597266 0.430729 0.578906 0.430729
0 0.358203 0.385417 0.378125 0.385417 0.378125 0.41875 0.358203 0.41875
0 0.351562 0.433854 0.367969 0.433854 0.367969 0.452604 0.351562 0.452604
0 0.383594 0.420312 0.403516 0.420312 0.403516 0.446875 0.383594 0.446875
0 0.388281 0.370833 0.408203 0.370833 0.408203 0.39375 0.388281 0.39375
0 0.419141 0.371354 0.4375 0.371354 0.4375 0.390625 0.419141 0.390625
0 0.417578 0.440104 0.437891 0.440104 0.437891 0.463021 0.417578 0.463021
0 0.466406 0.433854 0.487891 0.433854 0.487891 0.454167 0.466406 0.454167
0 0.375391 0.498958 0.394141 0.498958 0.394141 0.522396 0.375391 0.522396
0 0.264844 0.471875 0.284375 0.471875 0.284375 0.497396 0.264844 0.497396
0 0.315625 0.50625 0.333594 0.50625 0.333594 0.530729 0.315625 0.530729
0 0.627344 0.438542 0.647266 0.438542 0.647266 0.463542 0.627344 0.463542
0 0.647656 0.478646 0.667188 0.478646 0.667188 0.501562 0.647656 0.501562
0 0.5375 0.505208 0.561328 0.505208 0.561328 0.527083 0.5375 0.527083
0 0.464453 0.507812 0.484375 0.507812 0.484375 0.528646 0.464453 0.528646
0 0.497266 0.526562 0.514844 0.526562 0.514844 0.557292 0.497266 0.557292
0 0.524219 0.536458 0.55 0.536458 0.55 0.559375 0.524219 0.559375
0 0.450391 0.531771 0.466016 0.531771 0.466016 0.55625 0.450391 0.55625
0 0.422656 0.544792 0.439844 0.544792 0.439844 0.568229 0.422656 0.568229
0 0.448438 0.578125 0.470703 0.578125 0.470703 0.601562 0.448438 0.601562
0 0.486328 0.582292 0.509375 0.582292 0.509375 0.610417 0.486328 0.610417
0 0.538672 0.568229 0.560156 0.568229 0.560156 0.590104 0.538672 0.590104
0 0.571875 0.583333 0.594141 0.583333 0.594141 0.609896 0.571875 0.609896
0 0.775 0.45625 0.792969 0.45625 0.792969 0.483854 0.775 0.483854
0 0.728125 0.467188 0.750781 0.467188 0.750781 0.495312 0.728125 0.495312
0 0.742578 0.509375 0.759766 0.509375 0.759766 0.531771 0.742578 0.531771
0 0.703906 0.492188 0.725391 0.492188 0.725391 0.515104 0.703906 0.515104
0 0.671094 0.489583 0.689062 0.489583 0.689062 0.518229 0.671094 0.518229
0 0.679688 0.327604 0.696094 0.327604 0.696094 0.351562 0.679688 0.351562
0 0.414453 0.605729 0.438672 0.605729 0.438672 0.63125 0.414453 0.63125
0 0.425 0.643229 0.450391 0.643229 0.450391 0.665625 0.425 0.665625
0 0.453906 0.666146 0.472656 0.666146 0.472656 0.691146 0.453906 0.691146
0 0.4625 0.713021 0.484766 0.713021 0.484766 0.738021 0.4625 0.738021
0 0.438281 0.748438 0.458203 0.748438 0.458203 0.769792 0.438281 0.769792
0 0.408594 0.713542 0.432031 0.713542 0.432031 0.735417 0.408594 0.735417
0 0.382422 0.639062 0.401562 0.639062 0.401562 0.661979 0.382422 0.661979
0 0.385938 0.56875 0.403906 0.56875 0.403906 0.591146 0.385938 0.591146
0 0.407422 0.58125 0.43125 0.58125 0.43125 0.604167 0.407422 0.604167
0 0.328125 0.608333 0.354297 0.608333 0.354297 0.633333 0.328125 0.633333
0 0.361719 0.601562 0.384766 0.601562 0.384766 0.621875 0.361719 0.621875
0 0.3625 0.563542 0.382031 0.563542 0.382031 0.586458 0.3625 0.586458
0 0.509375 0.663542 0.531641 0.663542 0.531641 0.690104 0.509375 0.690104
0 0.525781 0.602604 0.545703 0.602604 0.545703 0.626042 0.525781 0.626042
0 0.551562 0.617708 0.573047 0.617708 0.573047 0.646354 0.551562 0.646354
0 0.591406 0.606771 0.608984 0.606771 0.608984 0.631771 0.591406 0.631771
0 0.619141 0.614062 0.637109 0.614062 0.637109 0.634896 0.619141 0.634896
0 0.601562 0.644271 0.621094 0.644271 0.621094 0.667188 0.601562 0.667188
0 0.628516 0.654167 0.649609 0.654167 0.649609 0.677083 0.628516 0.677083
0 0.670703 0.6625 0.694922 0.6625 0.694922 0.685938 0.670703 0.685938
0 0.5875 0.682292 0.609766 0.682292 0.609766 0.70625 0.5875 0.70625
0 0.601953 0.716146 0.631641 0.716146 0.631641 0.743229 0.601953 0.743229
0 0.545703 0.686458 0.569922 0.686458 0.569922 0.710417 0.545703 0.710417
0 0.518359 0.716146 0.542969 0.716146 0.542969 0.741667 0.518359 0.741667
0 0.6 0.767708 0.621484 0.767708 0.621484 0.79375 0.6 0.79375
0 0.622266 0.746875 0.646094 0.746875 0.646094 0.776562 0.622266 0.776562
0 0.592188 0.823958 0.610547 0.823958 0.610547 0.854688 0.592188 0.854688
0 0.553125 0.8 0.571875 0.8 0.571875 0.828125 0.553125 0.828125
0 0.540234 0.846354 0.563281 0.846354 0.563281 0.872396 0.540234 0.872396
0 0.558594 0.872917 0.578906 0.872917 0.578906 0.899479 0.558594 0.899479
0 0.569922 0.833333 0.5875 0.833333 0.5875 0.861458 0.569922 0.861458
0 0.541016 0.776562 0.558984 0.776562 0.558984 0.796875 0.541016 0.796875
0 0.517969 0.808854 0.538672 0.808854 0.538672 0.828646 0.517969 0.828646
0 0.501172 0.830729 0.521875 0.830729 0.521875 0.859375 0.501172 0.859375
0 0.461328 0.808854 0.484375 0.808854 0.484375 0.83125 0.461328 0.83125
0 0.365625 0.729167 0.380859 0.729167 0.380859 0.754167 0.365625 0.754167
0 0.396875 0.769792 0.416016 0.769792 0.416016 0.792188 0.396875 0.792188
0 0.306641 0.774479 0.323828 0.774479 0.323828 0.795312 0.306641 0.795312
0 0.330078 0.783333 0.345312 0.783333 0.345312 0.811979 0.330078 0.811979
0 0.352344 0.790625 0.371094 0.790625 0.371094 0.819271 0.352344 0.819271
0 0.405078 0.84375 0.428125 0.84375 0.428125 0.868229 0.405078 0.868229
0 0.418359 0.80625 0.444531 0.80625 0.444531 0.830729 0.418359 0.830729
0 0.445703 0.849479 0.464844 0.849479 0.464844 0.872917 0.445703 0.872917
0 0.319922 0.675521 0.339844 0.675521 0.339844 0.696875 0.319922 0.696875
0 0.312891 0.715104 0.335938 0.715104 0.335938 0.735417 0.312891 0.735417
0 0.322656 0.740625 0.345703 0.740625 0.345703 0.760417 0.322656 0.760417
0 0.148828 0.382292 0.167578 0.382292 0.167578 0.405208 0.148828 0.405208
0 0.134375 0.4375 0.151953 0.4375 0.151953 0.459896 0.134375 0.459896
0 0.163281 0.443229 0.185547 0.443229 0.185547 0.464583 0.163281 0.464583
0 0.2125 0.426042 0.229688 0.426042 0.229688 0.449479 0.2125 0.449479
0 0.21875 0.469271 0.242188 0.469271 0.242188 0.490104 0.21875 0.490104
0 0.254688 0.594792 0.274609 0.594792 0.274609 0.616667 0.254688 0.616667
0 0.277344 0.605208 0.295312 0.605208 0.295312 0.628125 0.277344 0.628125
0 0.298828 0.466667 0.31875 0.466667 0.31875 0.494271 0.298828 0.494271
0 0.352734 0.505729 0.369141 0.505729 0.369141 0.531771 0.352734 0.531771
0 0.153125 0.473958 0.172656 0.473958 0.172656 0.496875 0.153125 0.496875
0 0.195703 0.561458 0.217188 0.561458 0.217188 0.584896 0.195703 0.584896
0 0.200391 0.610938 0.219922 0.610938 0.219922 0.636979 0.200391 0.636979
0 0.147656 0.627083 0.169141 0.627083 0.169141 0.652604 0.147656 0.652604
0 0.167578 0.407812 0.188672 0.407812 0.188672 0.434896 0.167578 0.434896
0 0.192969 0.66875 0.211719 0.66875 0.211719 0.692708 0.192969 0.692708
0 0.15625 0.588542 0.181641 0.588542 0.181641 0.616667 0.15625 0.616667
0 0.312891 0.933854 0.335156 0.933854 0.335156 0.957812 0.312891 0.957812
0 0.238281 0.83125 0.260938 0.83125 0.260938 0.853125 0.238281 0.853125
0 0.282031 0.845833 0.301172 0.845833 0.301172 0.86875 0.282031 0.86875
0 0.217188 0.871875 0.236719 0.871875 0.236719 0.903125 0.217188 0.903125
0 0.352734 0.923958 0.375391 0.923958 0.375391 0.946875 0.352734 0.946875
0 0.280078 0.911979 0.301953 0.911979 0.301953 0.939062 0.280078 0.939062
0 0.269141 0.963542 0.287891 0.963542 0.287891 0.982812 0.269141 0.982812
0 0.061328 0.895833 0.083984 0.895833 0.083984 0.920312 0.061328 0.920312
0 0.025 0.877604 0.043359 0.877604 0.043359 0.898438 0.025 0.898438
0 0.101562 0.834375 0.125781 0.834375 0.125781 0.855208 0.101562 0.855208
0 0.099219 0.865625 0.121875 0.865625 0.121875 0.888021 0.099219 0.888021
0 0.089453 0.775521 0.108203 0.775521 0.108203 0.798958 0.089453 0.798958
0 0.188281 0.921875 0.209766 0.921875 0.209766 0.946354 0.188281 0.946354
0 0.166016 0.834896 0.185938 0.834896 0.185938 0.857812 0.166016 0.857812
0 0.044922 0.927604 0.066797 0.927604 0.066797 0.950521 0.044922 0.950521
0 0.194531 0.525 0.211719 0.525 0.211719 0.546875 0.194531 0.546875