0 0.151562 0.110938 0.174219 0.110938 0.174219 0.130729 0.151562 0.130729
0 0.175781 0.090104 0.199219 0.090104 0.199219 0.109375 0.175781 0.109375
0 0.219922 0.1125 0.242969 0.1125 0.242969 0.132292 0.219922 0.132292
0 0.255859 0.124479 0.277344 0.124479 0.277344 0.151042 0.255859 0.151042
0 0.240625 0.154688 0.262109 0.154688 0.262109 0.178646 0.240625 0.178646
0 0.208984 0.16875 0.226953 0.16875 0.226953 0.189583 0.208984 0.189583
0 0.064844 0.100521 0.082812 0.100521 0.082812 0.129167 0.064844 0.129167
0 0.091406 0.129167 0.108203 0.129167 0.108203 0.151562 0.091406 0.151562
0 0.327734 0.264062 0.350781 0.264062 0.350781 0.288021 0.327734 0.288021
0 0.273047 0.261979 0.297656 0.261979 0.297656 0.282292 0.273047 0.282292
0 0.222266 0.248438 0.241797 0.248438 0.241797 0.26875 0.222266 0.26875
0 0.211719 0.208854 0.237109 0.208854 0.237109 0.232812 0.211719 0.232812
0 0.181641 0.210938 0.204297 0.210938 0.204297 0.234896 0.181641 0.234896
0 0.152734 0.235938 0.172656 0.235938 0.172656 0.254688 0.152734 0.254688
0 0.187109 0.274479 0.206641 0.274479 0.206641 0.292188 0.187109 0.292188
0 0.152734 0.279167 0.170703 0.279167 0.170703 0.303646 0.152734 0.303646
0 0.175781 0.320312 0.197266 0.320312 0.197266 0.338542 0.175781 0.338542
0 0.21875 0.289583 0.239844 0.289583 0.239844 0.3125 0.21875 0.3125
0 0.156641 0.003646 0.176562 0.003646 0.176562 0.01875 0.156641 0.01875
0 0.16875 0.035417 0.187891 0.035417 0.187891 0.052083 0.16875 0.052083
0 0.207812 0.06875 0.227344 0.06875 0.227344 0.094271 0.207812 0.094271
0 0.178125 0.139062 0.194922 0.139062 0.194922 0.163021 0.178125 0.163021
0 0.125391 0.113542 0.144141 0.113542 0.144141 0.140104 0.125391 0.140104
0 0.139844 0.069271 0.153125 0.069271 0.153125 0.092188 0.139844 0.092188
0 0.157812 0.059375 0.175 0.059375 0.175 0.078125 0.157812 0.078125
0 0.285938 0.047396 0.309375 0.047396 0.309375 0.070312 0.285938 0.070312
0 0.288672 0.009896 0.308594 0.009896 0.308594 0.041146 0.288672 0.041146
0 0.032422 0.115625 0.055469 0.115625 0.055469 0.144792 0.032422 0.144792
0 0.048438 0.153646 0.067969 0.153646 0.067969 0.179167 0.048438 0.179167
0 0.073828 0.205729 0.094922 0.205729 0.094922 0.232292 0.073828 0.232292
0 0.047656 0.229688 0.064062 0.229688 0.064062 0.254688 0.047656 0.254688
0 0.087109 0.258333 0.110156 0.258333 0.110156 0.279688 0.087109 0.279688
0 0.351172 0.025 0.376562 0.025 0.376562 0.049479 0.351172 0.049479
0 0.329688 0.064062 0.347656 0.064062 0.347656 0.091667 0.329688 0.091667
0 0.358594 0.064583 0.378516 0.064583 0.378516 0.090104 0.358594 0.090104
0 0.304297 0.136458 0.323047 0.136458 0.323047 0.1625 0.304297 0.1625
0 0.279688 0.171875 0.298047 0.171875 0.298047 0.188542 0.279688 0.188542
0 0.440234 0.018229 0.460156 0.018229 0.460156 0.042708 0.440234 0.042708
0 0.433984 0.056771 0.452344 0.056771 0.452344 0.085417 0.433984 0.085417
0 0.469922 0.045312 0.4875 0.045312 0.4875 0.076042 0.469922 0.076042
0 0.380469 0.209896 0.403125 0.209896 0.403125 0.236979 0.380469 0.236979
0 0.367188 0.240104 0.387891 0.240104 0.387891 0.265104 0.367188 0.265104
0 0.368359 0.276042 0.392578 0.276042 0.392578 0.302083 0.368359 0.302083
0 0.402344 0.281771 0.423438 0.281771 0.423438 0.30625 0.402344 0.30625
0 0.329688 0.207812 0.352344 0.207812 0.352344 0.228125 0.329688 0.228125
0 0.274219 0.207812 0.293359 0.207812 0.293359 0.238021 0.274219 0.238021
0 0.244141 0.197396 0.262109 0.197396 0.262109 0.218229 0.244141 0.218229
0 0.332422 0.331771 0.356641 0.331771 0.356641 0.354167 0.332422 0.354167
0 0.370312 0.327604 0.390234 0.327604 0.390234 0.351042 0.370312 0.351042
0 0.332031 0.296354 0.354297 0.296354 0.354297 0.317708 0.332031 0.317708
0 0.283984 0.310938 0.303906 0.310938 0.303906 0.338021 0.283984 0.338021
0 0.249609 0.313021 0.267969 0.313021 0.267969 0.344271 0.249609 0.344271
0 0.291016 0.373438 0.305469 0.373438 0.305469 0.403125 0.291016 0.403125
0 0.337109 0.376562 0.356641 0.376562 0.356641 0.396354 0.337109 0.396354
0 0.466406 0.141146 0.488672 0.141146 0.488672 0.173438 0.466406 0.173438
0 0.487109 0.176042 0.505469 0.176042 0.505469 0.204167 0.487109 0.204167
0 0.509766 0.155729 0.529297 0.155729 0.529297 0.181771 0.509766 0.181771
0 0.526953 0.184896 0.547266 0.184896 0.547266 0.206771 0.526953 0.206771
0 0.482812 0.09375 0.500781 0.09375 0.500781 0.126562 0.482812 0.126562
0 0.509766 0.095312 0.530469 0.095312 0.530469 0.128646 0.509766 0.128646
0 0.536328 0.102604 0.555859 0.102604 0.555859 0.13125 0.536328 0.13125
0 0.547656 0.141146 0.566406 0.141146 0.566406 0.175 0.547656 0.175
0 0.492969 0.014062 0.512109 0.014062 0.512109 0.048958 0.492969 0.048958
0 0.51875 0.054167 0.536719 0.054167 0.536719 0.075521 0.51875 0.075521
0 0.540234 0.043229 0.558594 0.043229 0.558594 0.066667 0.540234 0.066667
0 0.569531 0.079688 0.591406 0.079688 0.591406 0.10625 0.569531 0.10625
0 0.556641 0.019271 0.575391 0.019271 0.575391 0.036979 0.556641 0.036979
0 0.586328 0.030208 0.601172 0.030208 0.601172 0.054167 0.586328 0.054167
0 0.598438 0.094271 0.616016 0.094271 0.616016 0.127604 0.598438 0.127604
0 0.572266 0.136458 0.592188 0.136458 0.592188 0.165625 0.572266 0.165625
0 0.634375 0.022396 0.660547 0.022396 0.660547 0.055729 0.634375 0.055729
0 0.625781 0.06875 0.648828 0.06875 0.648828 0.090104 0.625781 0.090104
0 0.635547 0.102604 0.655469 0.102604 0.655469 0.126042 0.635547 0.126042
0 0.613281 0.152604 0.633984 0.152604 0.633984 0.178646 0.613281 0.178646
0 0.594922 0.182812 0.613281 0.182812 0.613281 0.20625 0.594922 0.20625
0 0.674609 0.164062 0.691797 0.164062 0.691797 0.190104 0.674609 0.190104
0 0.701172 0.1625 0.721875 0.1625 0.721875 0.182812 0.701172 0.182812
0 0.705859 0.132292 0.726172 0.132292 0.726172 0.154688 0.705859 0.154688
0 0.084375 0.165104 0.102734 0.165104 0.102734 0.185938 0.084375 0.185938
0 0.0625 0.296354 0.076562 0.296354 0.076562 0.323958 0.0625 0.323958
0 0.105078 0.301562 0.119531 0.301562 0.119531 0.331771 0.105078 0.331771
0 0.133984 0.291667 0.148047 0.291667 0.148047 0.320312 0.133984 0.320312
0 0.148438 0.369792 0.171094 0.369792 0.171094 0.391146 0.148438 0.391146
0 0.193359 0.379688 0.212109 0.379688 0.212109 0.405208 0.193359 0.405208
0 0.168359 0.406771 0.188672 0.406771 0.188672 0.430729 0.168359 0.430729
0 0.191797 0.430208 0.212109 0.430208 0.212109 0.457292 0.191797 0.457292
0 0.220312 0.408333 0.238281 0.408333 0.238281 0.435417 0.220312 0.435417
0 0.217969 0.460417 0.237109 0.460417 0.237109 0.48125 0.217969 0.48125
0 0.248828 0.385938 0.265625 0.385938 0.265625 0.419271 0.248828 0.419271
0 0.228906 0.353646 0.248828 0.353646 0.248828 0.375521 0.228906 0.375521
0 0.261719 0.442708 0.282812 0.442708 0.282812 0.472396 0.261719 0.472396
0 0.287109 0.441146 0.307031 0.441146 0.307031 0.469271 0.287109 0.469271
0 0.315234 0.406771 0.335938 0.406771 0.335938 0.423438 0.315234 0.423438
0 0.320703 0.456771 0.344922 0.456771 0.344922 0.48125 0.320703 0.48125
0 0.298047 0.482812 0.321094 0.482812 0.321094 0.509896 0.298047 0.509896
0 0.309375 0.514583 0.328516 0.514583 0.328516 0.5375 0.309375 0.5375
0 0.392578 0.499479 0.416797 0.499479 0.416797 0.521875 0.392578 0.521875
0 0.425391 0.479688 0.449609 0.479688 0.449609 0.505208 0.425391 0.505208
0 0.440625 0.505208 0.462109 0.505208 0.462109 0.528646 0.440625 0.528646
0 0.465234 0.458333 0.484375 0.458333 0.484375 0.485938 0.465234 0.485938
0 0.473828 0.508333 0.493359 0.508333 0.493359 0.5375 0.473828 0.5375
0 0.435938 0.409375 0.455859 0.409375 0.455859 0.4375 0.435938 0.4375
0 0.476562 0.388021 0.494141 0.388021 0.494141 0.417188 0.476562 0.417188
0 0.528906 0.442188 0.544141 0.442188 0.544141 0.465104 0.528906 0.465104
0 0.492969 0.469792 0.510938 0.469792 0.510938 0.49375 0.492969 0.49375
0 0.510938 0.511458 0.528516 0.511458 0.528516 0.533854 0.510938 0.533854
0 0.604297 0.320312 0.628125 0.320312 0.628125 0.342708 0.604297 0.342708
0 0.589062 0.363021 0.612891 0.363021 0.612891 0.388021 0.589062 0.388021
0 0.565234 0.403125 0.587109 0.403125 0.587109 0.427083 0.565234 0.427083
0 0.537109 0.401042 0.557031 0.401042 0.557031 0.425 0.537109 0.425
0 0.512109 0.363542 0.533594 0.363542 0.533594 0.391146 0.512109 0.391146
0 0.537109 0.354688 0.560156 0.354688 0.560156 0.385417 0.537109 0.385417
0 0.501562 0.320833 0.527344 0.320833 0.527344 0.340104 0.501562 0.340104
0 0.55625 0.436458 0.576172 0.436458 0.576172 0.458333 0.55625 0.458333
0 0.580859 0.429688 0.6 0.429688 0.6 0.459375 0.580859 0.459375
0 0.603516 0.434896 0.622266 0.434896 0.622266 0.466667 0.603516 0.466667
0 0.611719 0.386458 0.627734 0.386458 0.627734 0.411979 0.611719 0.411979
0 0.454688 0.373438 0.471484 0.373438 0.471484 0.395833 0.454688 0.395833
0 0.546875 0.304688 0.570312 0.304688 0.570312 0.329688 0.546875 0.329688
0 0.557422 0.277083 0.588281 0.277083 0.588281 0.302604 0.557422 0.302604
0 0.485938 0.341146 0.507812 0.341146 0.507812 0.371354 0.485938 0.371354
0 0.494922 0.415104 0.516016 0.415104 0.516016 0.434896 0.494922 0.434896
0 0.616406 0.275 0.635156 0.275 0.635156 0.291667 0.616406 0.291667
0 0.633594 0.307292 0.655078 0.307292 0.655078 0.333854 0.633594 0.333854
0 0.653125 0.348438 0.675781 0.348438 0.675781 0.369271 0.653125 0.369271
0 0.631641 0.386979 0.654688 0.386979 0.654688 0.409375 0.631641 0.409375
0 0.682812 0.421354 0.702734 0.421354 0.702734 0.446354 0.682812 0.446354
0 0.652344 0.442188 0.675 0.442188 0.675 0.463021 0.652344 0.463021
0 0.752344 0.324479 0.774219 0.324479 0.774219 0.350521 0.752344 0.350521
0 0.707422 0.271875 0.730469 0.271875 0.730469 0.295833 0.707422 0.295833
0 0.757031 0.275 0.778125 0.275 0.778125 0.300521 0.757031 0.300521
0 0.797656 0.294792 0.818359 0.294792 0.818359 0.321875 0.797656 0.321875
0 0.734766 0.230208 0.75625 0.230208 0.75625 0.263542 0.734766 0.263542
0 0.844531 0.277604 0.864062 0.277604 0.864062 0.304167 0.844531 0.304167
0 0.819922 0.295833 0.841016 0.295833 0.841016 0.324479 0.819922 0.324479
0 0.908203 0.259896 0.930859 0.259896 0.930859 0.2875 0.908203 0.2875
0 0.928125 0.242708 0.948828 0.242708 0.948828 0.265104 0.928125 0.265104
0 0.869531 0.242708 0.891797 0.242708 0.891797 0.263542 0.869531 0.263542
0 0.816016 0.248958 0.839453 0.248958 0.839453 0.274479 0.816016 0.274479
0 0.791016 0.220312 0.813281 0.220312 0.813281 0.24375 0.791016 0.24375
0 0.829297 0.190625 0.854297 0.190625 0.854297 0.216667 0.829297 0.216667
0 0.859375 0.206771 0.881641 0.206771 0.881641 0.232292 0.859375 0.232292
0 0.927344 0.394792 0.947656 0.394792 0.947656 0.416667 0.927344 0.416667
0 0.889062 0.382812 0.911719 0.382812 0.911719 0.409896 0.889062 0.409896
0 0.867188 0.394792 0.8875 0.394792 0.8875 0.422917 0.867188 0.422917
0 0.935938 0.426562 0.955469 0.426562 0.955469 0.453125 0.935938 0.453125
0 0.905469 0.440625 0.925 0.440625 0.925 0.465104 0.905469 0.465104
0 0.879297 0.465104 0.9 0.465104 0.9 0.492188 0.879297 0.492188
0 0.845312 0.436458 0.868359 0.436458 0.868359 0.460938 0.845312 0.460938
0 0.858594 0.333333 0.876172 0.333333 0.876172 0.363021 0.858594 0.363021
0 0.880078 0.328646 0.900781 0.328646 0.900781 0.351562 0.880078 0.351562
0 0.915625 0.338542 0.938672 0.338542 0.938672 0.3625 0.915625 0.3625
0 0.957031 0.352604 0.978516 0.352604 0.978516 0.371354 0.957031 0.371354
0 0.957422 0.388542 0.974609 0.388542 0.974609 0.414583 0.957422 0.414583
0 0.969922 0.423438 0.987109 0.423438 0.987109 0.448958 0.969922 0.448958
0 0.815625 0.397396 0.839453 0.397396 0.839453 0.419792 0.815625 0.419792
0 0.891016 0.288021 0.913281 0.288021 0.913281 0.309896 0.891016 0.309896
0 0.947656 0.307292 0.970312 0.307292 0.970312 0.331771 0.947656 0.331771
0 0.801172 0.534896 0.827734 0.534896 0.827734 0.558854 0.801172 0.558854
0 0.858594 0.544271 0.885547 0.544271 0.885547 0.569792 0.858594 0.569792
0 0.851562 0.571875 0.873828 0.571875 0.873828 0.594271 0.851562 0.594271
0 0.826172 0.578125 0.844531 0.578125 0.844531 0.597917 0.826172 0.597917
0 0.787891 0.578646 0.807812 0.578646 0.807812 0.601562 0.787891 0.601562
0 0.789062 0.49375 0.809766 0.49375 0.809766 0.519271 0.789062 0.519271
0 0.799219 0.365625 0.823438 0.365625 0.823438 0.386979 0.799219 0.386979
0 0.808594 0.046354 0.828906 0.046354 0.828906 0.070312 0.808594 0.070312
0 0.8125 0.097917 0.833984 0.097917 0.833984 0.121875 0.8125 0.121875
0 0.855469 0.075521 0.876953 0.075521 0.876953 0.102083 0.855469 0.102083
0 0.839844 0.121875 0.857812 0.121875 0.857812 0.144792 0.839844 0.144792
0 0.888281 0.117708 0.907422 0.117708 0.907422 0.142708 0.888281 0.142708
0 0.926172 0.103646 0.945703 0.103646 0.945703 0.123958 0.926172 0.123958
0 0.910156 0.036458 0.930469 0.036458 0.930469 0.058854 0.910156 0.058854
0 0.9625 0.059896 0.986719 0.059896 0.986719 0.079167 0.9625 0.079167
0 0.75625 0.015104 0.775 0.015104 0.775 0.034896 0.75625 0.034896
0 0.789844 0.03125 0.808984 0.03125 0.808984 0.054167 0.789844 0.054167
0 0.885547 0.011979 0.911328 0.011979 0.911328 0.032292 0.885547 0.032292
0 0.941016 0.014062 0.961719 0.014062 0.961719 0.036458 0.941016 0.036458
0 0.974219 0.022396 0.997266 0.022396 0.997266 0.047396 0.974219 0.047396
0 0.967578 0.10625 0.991016 0.10625 0.991016 0.132292 0.967578 0.132292
0 0.948047 0.126042 0.966797 0.126042 0.966797 0.153646 0.948047 0.153646
0 0.915234 0.152083 0.938672 0.152083 0.938672 0.175 0.915234 0.175
0 0.844531 0.0 0.866406 0.0 0.866406 0.021875 0.844531 0.021875
0 0.764062 0.096875 0.782031 0.096875 0.782031 0.117708 0.764062 0.117708
0 0.754297 0.121354 0.775 0.121354 0.775 0.146354 0.754297 0.146354
0 0.789453 0.145312 0.810156 0.145312 0.810156 0.173438 0.789453 0.173438
0 0.760938 0.180208 0.780078 0.180208 0.780078 0.204688 0.760938 0.204688
0 0.863281 0.166667 0.883594 0.166667 0.883594 0.189062 0.863281 0.189062
0 0.920703 0.211458 0.936328 0.211458 0.936328 0.229688 0.920703 0.229688
0 0.689844 0.215104 0.710938 0.215104 0.710938 0.241667 0.689844 0.241667
0 0.948047 0.204688 0.967578 0.204688 0.967578 0.230729 0.948047 0.230729
0 0.965625 0.2375 0.989844 0.2375 0.989844 0.266146 0.965625 0.266146
0 0.960547 0.269271 0.982422 0.269271 0.982422 0.297396 0.960547 0.297396
0 0.555859 0.470833 0.580469 0.470833 0.580469 0.493229 0.555859 0.493229
0 0.595312 0.508333 0.617188 0.508333 0.617188 0.528646 0.595312 0.528646
0 0.619922 0.485938 0.6375 0.485938 0.6375 0.515104 0.619922 0.515104
0 0.642969 0.480729 0.667188 0.480729 0.667188 0.507292 0.642969 0.507292
0 0.695703 0.478125 0.715625 0.478125 0.715625 0.500521 0.695703 0.500521
0 0.746875 0.468229 0.770312 0.468229 0.770312 0.496354 0.746875 0.496354
0 0.772656 0.457812 0.795703 0.457812 0.795703 0.485938 0.772656 0.485938
0 0.712891 0.495833 0.734766 0.495833 0.734766 0.521875 0.712891 0.521875
0 0.752734 0.517188 0.776172 0.517188 0.776172 0.541667 0.752734 0.541667
0 0.74375 0.547917 0.767188 0.547917 0.767188 0.571875 0.74375 0.571875
0 0.697266 0.532292 0.717188 0.532292 0.717188 0.557812 0.697266 0.557812
0 0.626562 0.535417 0.647656 0.535417 0.647656 0.558333 0.626562 0.558333
0 0.664453 0.523958 0.689844 0.523958 0.689844 0.552604 0.664453 0.552604
0 0.710547 0.567708 0.733203 0.567708 0.733203 0.591667 0.710547 0.591667
0 0.751562 0.6 0.775391 0.6 0.775391 0.621875 0.751562 0.621875
0 0.671875 0.591667 0.694141 0.591667 0.694141 0.614583 0.671875 0.614583
0 0.721875 0.646875 0.75 0.646875 0.75 0.668229 0.721875 0.668229
0 0.777344 0.629688 0.798047 0.629688 0.798047 0.656771 0.777344 0.656771
0 0.802734 0.644792 0.823828 0.644792 0.823828 0.669271 0.802734 0.669271
0 0.835938 0.620833 0.854297 0.620833 0.854297 0.646354 0.835938 0.646354
0 0.821484 0.675 0.844141 0.675 0.844141 0.704688 0.821484 0.704688
0 0.583594 0.541667 0.608203 0.541667 0.608203 0.56875 0.583594 0.56875
0 0.619922 0.608333 0.633984 0.608333 0.633984 0.638021 0.619922 0.638021
0 0.5875 0.584375 0.610156 0.584375 0.610156 0.603646 0.5875 0.603646
0 0.51875 0.578125 0.540234 0.578125 0.540234 0.610417 0.51875 0.610417
0 0.551953 0.609896 0.575391 0.609896 0.575391 0.631771 0.551953 0.631771
0 0.584375 0.623958 0.603906 0.623958 0.603906 0.644271 0.584375 0.644271
0 0.532812 0.646875 0.555469 0.646875 0.555469 0.674479 0.532812 0.674479
0 0.569922 0.677083 0.583594 0.677083 0.583594 0.698438 0.569922 0.698438
0 0.532422 0.702604 0.553906 0.702604 0.553906 0.724479 0.532422 0.724479
0 0.562891 0.709375 0.58125 0.709375 0.58125 0.733333 0.562891 0.733333
0 0.542188 0.733333 0.560156 0.733333 0.560156 0.759375 0.542188 0.759375
0 0.592969 0.736979 0.615234 0.736979 0.615234 0.760938 0.592969 0.760938
0 0.4875 0.682292 0.508594 0.682292 0.508594 0.711979 0.4875 0.711979
0 0.441406 0.6625 0.465234 0.6625 0.465234 0.685417 0.441406 0.685417
0 0.477344 0.644271 0.503516 0.644271 0.503516 0.66875 0.477344 0.66875
0 0.450391 0.594792 0.471484 0.594792 0.471484 0.621875 0.450391 0.621875
0 0.473828 0.583333 0.495312 0.583333 0.495312 0.605729 0.473828 0.605729
0 0.771875 0.802083 0.791016 0.802083 0.791016 0.834896 0.771875 0.834896
0 0.794922 0.801562 0.813281 0.801562 0.813281 0.833333 0.794922 0.833333
0 0.786719 0.751562 0.803906 0.751562 0.803906 0.779688 0.786719 0.779688
0 0.75625 0.749479 0.773828 0.749479 0.773828 0.775521 0.75625 0.775521
0 0.712891 0.757812 0.735156 0.757812 0.735156 0.777604 0.712891 0.777604
0 0.743359 0.785938 0.762109 0.785938 0.762109 0.816667 0.743359 0.816667
0 0.832812 0.76875 0.851172 0.76875 0.851172 0.796875 0.832812 0.796875
0 0.778906 0.684896 0.802734 0.684896 0.802734 0.710938 0.778906 0.710938
0 0.854297 0.670312 0.875781 0.670312 0.875781 0.696875 0.854297 0.696875
0 0.857031 0.603646 0.876953 0.603646 0.876953 0.627604 0.857031 0.627604
0 0.641797 0.649479 0.660156 0.649479 0.660156 0.677083 0.641797 0.677083
0 0.659766 0.680208 0.678125 0.680208 0.678125 0.701562 0.659766 0.701562
0 0.677344 0.716146 0.696094 0.716146 0.696094 0.747396 0.677344 0.747396
0 0.705859 0.694792 0.727344 0.694792 0.727344 0.722396 0.705859 0.722396
0 0.755078 0.707292 0.775391 0.707292 0.775391 0.736979 0.755078 0.736979
0 0.759766 0.844271 0.780469 0.844271 0.780469 0.877083 0.759766 0.877083
0 0.80625 0.8375 0.828906 0.8375 0.828906 0.860417 0.80625 0.860417
0 0.78125 0.9 0.802344 0.9 0.802344 0.931771 0.78125 0.931771
0 0.823438 0.809896 0.841016 0.809896 0.841016 0.835417 0.823438 0.835417
0 0.809375 0.771875 0.827344 0.771875 0.827344 0.8 0.809375 0.8
0 0.652344 0.785938 0.672266 0.785938 0.672266 0.817188 0.652344 0.817188
0 0.627734 0.794792 0.646484 0.794792 0.646484 0.820312 0.627734 0.820312
0 0.666016 0.8375 0.689844 0.8375 0.689844 0.864062 0.666016 0.864062
0 0.638281 0.856771 0.656641 0.856771 0.656641 0.878125 0.638281 0.878125
0 0.655859 0.878125 0.676172 0.878125 0.676172 0.904167 0.655859 0.904167
0 0.687891 0.888021 0.707812 0.888021 0.707812 0.917708 0.687891 0.917708
0 0.703906 0.849479 0.721875 0.849479 0.721875 0.880729 0.703906 0.880729
0 0.714844 0.890625 0.734375 0.890625 0.734375 0.917708 0.714844 0.917708
0 0.733203 0.854688 0.755078 0.854688 0.755078 0.883333 0.733203 0.883333
0 0.723438 0.819271 0.742188 0.819271 0.742188 0.847396 0.723438 0.847396
0 0.682422 0.804688 0.704688 0.804688 0.704688 0.827604 0.682422 0.827604
0 0.680078 0.760938 0.700781 0.760938 0.700781 0.78125 0.680078 0.78125
0 0.650391 0.726562 0.669141 0.726562 0.669141 0.757812 0.650391 0.757812
0 0.626172 0.724479 0.644922 0.724479 0.644922 0.753646 0.626172 0.753646
0 0.84375 0.736979 0.866406 0.736979 0.866406 0.758333 0.84375 0.758333
0 0.442969 0.696354 0.461719 0.696354 0.461719 0.71875 0.442969 0.71875
0 0.519141 0.722917 0.535547 0.722917 0.535547 0.751562 0.519141 0.751562
0 0.620703 0.679167 0.639453 0.679167 0.639453 0.701562 0.620703 0.701562
0 0.569531 0.784896 0.588672 0.784896 0.588672 0.808333 0.569531 0.808333
0 0.605078 0.772917 0.622266 0.772917 0.622266 0.792188 0.605078 0.792188
0 0.417188 0.614583 0.436328 0.614583 0.436328 0.638542 0.417188 0.638542
0 0.422656 0.641146 0.446484 0.641146 0.446484 0.660417 0.422656 0.660417
0 0.400391 0.592708 0.420703 0.592708 0.420703 0.611979 0.400391 0.611979
0 0.396094 0.625 0.410938 0.625 0.410938 0.645312 0.396094 0.645312
0 0.482031 0.613021 0.502734 0.613021 0.502734 0.632292 0.482031 0.632292
0 0.494922 0.550521 0.517578 0.550521 0.517578 0.579167 0.494922 0.579167
0 0.717578 0.604688 0.741797 0.604688 0.741797 0.639062 0.717578 0.639062
0 0.96875 0.799479 0.985547 0.799479 0.985547 0.826562 0.96875 0.826562
0 0.979297 0.734375 0.998438 0.734375 0.998438 0.755729 0.979297 0.755729
0 0.988672 0.76875 0.999609 0.76875 0.999609 0.788542 0.988672 0.788542
0 0.959375 0.878646 0.982812 0.878646 0.982812 0.906771 0.959375 0.906771
0 0.974609 0.929688 0.995703 0.929688 0.995703 0.960938 0.974609 0.960938
0 0.951172 0.939583 0.966016 0.939583 0.966016 0.967188 0.951172 0.967188
0 0.966797 0.980729 0.989844 0.980729 0.989844 0.998438 0.966797 0.998438
0 0.1 0.628646 0.122266 0.628646 0.122266 0.648438 0.1 0.648438
0 0.095312 0.664583 0.117188 0.664583 0.117188 0.685938 0.095312 0.685938
0 0.155469 0.631771 0.177344 0.631771 0.177344 0.653125 0.155469 0.653125
0 0.203516 0.611458 0.223438 0.611458 0.223438 0.631771 0.203516 0.631771
0 0.152344 0.546354 0.167578 0.546354 0.167578 0.579167 0.152344 0.579167
0 0.177344 0.567708 0.189844 0.567708 0.189844 0.594271 0.177344 0.594271
0 0.087109 0.521354 0.101172 0.521354 0.101172 0.543229 0.087109 0.543229
0 0.100781 0.494271 0.117969 0.494271 0.117969 0.514583 0.100781 0.514583
0 0.039844 0.646875 0.062109 0.646875 0.062109 0.666146 0.039844 0.666146
0 0.073047 0.659896 0.088281 0.659896 0.088281 0.690104 0.073047 0.690104
0 0.026562 0.671354 0.04375 0.671354 0.04375 0.698958 0.026562 0.698958
0 0.048438 0.713021 0.065234 0.713021 0.065234 0.740104 0.048438 0.740104
0 0.125 0.596875 0.142969 0.596875 0.142969 0.61875 0.125 0.61875
0 0.215625 0.636979 0.232422 0.636979 0.232422 0.660938 0.215625 0.660938
0 0.255469 0.639062 0.274609 0.639062 0.274609 0.6625 0.255469 0.6625
0 0.233594 0.676562 0.256641 0.676562 0.256641 0.697396 0.233594 0.697396
0 0.176562 0.698958 0.203906 0.698958 0.203906 0.719271 0.176562 0.719271
0 0.140625 0.704688 0.159766 0.704688 0.159766 0.727083 0.140625 0.727083
0 0.153516 0.7375 0.173828 0.7375 0.173828 0.759375 0.153516 0.759375
0 0.198047 0.733333 0.222266 0.733333 0.222266 0.755729 0.198047 0.755729
0 0.239844 0.741667 0.256641 0.741667 0.256641 0.765104 0.239844 0.765104
0 0.286328 0.721354 0.308984 0.721354 0.308984 0.744271 0.286328 0.744271
0 0.305078 0.765104 0.328516 0.765104 0.328516 0.792708 0.305078 0.792708
0 0.258203 0.766146 0.276953 0.766146 0.276953 0.789583 0.258203 0.789583
0 0.277734 0.8 0.295312 0.8 0.295312 0.831771 0.277734 0.831771
0 0.335547 0.814062 0.353516 0.814062 0.353516 0.841146 0.335547 0.841146
0 0.287109 0.667708 0.308203 0.667708 0.308203 0.695833 0.287109 0.695833
0 0.235547 0.804688 0.258594 0.804688 0.258594 0.831771 0.235547 0.831771
0 0.205469 0.777083 0.228516 0.777083 0.228516 0.801042 0.205469 0.801042
0 0.205469 0.819271 0.223438 0.819271 0.223438 0.841146 0.205469 0.841146
0 0.188672 0.846354 0.20625 0.846354 0.20625 0.873438 0.188672 0.873438
0 0.217578 0.856771 0.238281 0.856771 0.238281 0.882812 0.217578 0.882812
0 0.151953 0.944792 0.175781 0.944792 0.175781 0.967708 0.151953 0.967708
0 0.200781 0.968229 0.216016 0.968229 0.216016 0.989062 0.200781 0.989062
0 0.225391 0.977604 0.245703 0.977604 0.245703 0.999479 0.225391 0.999479
0 0.253906 0.947396 0.273047 0.947396 0.273047 0.977604 0.253906 0.977604
0 0.14375 0.863021 0.166016 0.863021 0.166016 0.890104 0.14375 0.890104
0 0.136719 0.909375 0.162109 0.909375 0.162109 0.935938 0.136719 0.935938
0 0.017188 0.964583 0.036328 0.964583 0.036328 0.988542 0.017188 0.988542
0 0.090625 0.786458 0.108984 0.786458 0.108984 0.815104 0.090625 0.815104
0 0.110547 0.839583 0.132812 0.839583 0.132812 0.864062 0.110547 0.864062
0 0.151953 0.819271 0.173828 0.819271 0.173828 0.844792 0.151953 0.844792
0 0.161328 0.786458 0.184375 0.786458 0.184375 0.808333 0.161328 0.808333
0 0.104297 0.750521 0.124609 0.750521 0.124609 0.770312 0.104297 0.770312
0 0.030859 0.776562 0.048438 0.776562 0.048438 0.801042 0.030859 0.801042
0 0.010156 0.722917 0.034766 0.722917 0.034766 0.750521 0.010156 0.750521
0 0.286719 0.864583 0.307031 0.864583 0.307031 0.888542 0.286719 0.888542
0 0.31875 0.869271 0.339844 0.869271 0.339844 0.904688 0.31875 0.904688
0 0.298828 0.910417 0.319531 0.910417 0.319531 0.935938 0.298828 0.935938
0 0.251953 0.873958 0.269531 0.873958 0.269531 0.897396 0.251953 0.897396
0 0.257422 0.920312 0.277734 0.920312 0.277734 0.940104 0.257422 0.940104
0 0.195312 0.925 0.217969 0.925 0.217969 0.95 0.195312 0.95
0 0.216406 0.892188 0.245703 0.892188 0.245703 0.914062 0.216406 0.914062
0 0.171094 0.884896 0.189844 0.884896 0.189844 0.908333 0.171094 0.908333
0 0.113672 0.884896 0.132812 0.884896 0.132812 0.907292 0.113672 0.907292
0 0.04375 0.958333 0.066016 0.958333 0.066016 0.986458 0.04375 0.986458
0 0.127344 0.664062 0.149219 0.664062 0.149219 0.69375 0.127344 0.69375
0 0.425391 0.872917 0.44375 0.872917 0.44375 0.902083 0.425391 0.902083
0 0.398828 0.908333 0.419922 0.908333 0.419922 0.932292 0.398828 0.932292
0 0.391797 0.944792 0.410938 0.944792 0.410938 0.972396 0.391797 0.972396
0 0.421094 0.932292 0.446875 0.932292 0.446875 0.958854 0.421094 0.958854
0 0.447266 0.914062 0.467969 0.914062 0.467969 0.953125 0.447266 0.953125
0 0.436719 0.959375 0.457812 0.959375 0.457812 0.982812 0.436719 0.982812
0 0.498438 0.888542 0.516406 0.888542 0.516406 0.927083 0.498438 0.927083
0 0.465234 0.888542 0.482031 0.888542 0.482031 0.911979 0.465234 0.911979
0 0.519141 0.914062 0.544531 0.914062 0.544531 0.935417 0.519141 0.935417
0 0.560156 0.952083 0.58125 0.952083 0.58125 0.980208 0.560156 0.980208
0 0.506641 0.946354 0.53125 0.946354 0.53125 0.976562 0.506641 0.976562
0 0.203125 0.573958 0.230078 0.573958 0.230078 0.601562 0.203125 0.601562
0 0.110156 0.565625 0.133203 0.565625 0.133203 0.591146 0.110156 0.591146
0 0.067969 0.542708 0.086719 0.542708 0.086719 0.565625 0.067969 0.565625
0 0.002344 0.608333 0.024219 0.608333 0.024219 0.633854 0.002344 0.633854
0 0.057422 0.615104 0.078125 0.615104 0.078125 0.63125 0.057422 0.63125