0 0.029688 0.00625 0.048828 0.00625 0.048828 0.028125 0.029688 0.028125
0 0.037109 0.041667 0.057422 0.041667 0.057422 0.067188 0.037109 0.067188
0 0.017578 0.073438 0.037109 0.073438 0.037109 0.097917 0.017578 0.097917
0 0.057422 0.069792 0.076562 0.069792 0.076562 0.096354 0.057422 0.096354
0 0.110156 0.031771 0.134375 0.031771 0.134375 0.055208 0.110156 0.055208
0 0.161719 0.039583 0.180078 0.039583 0.180078 0.0625 0.161719 0.0625
0 0.137891 0.091667 0.158203 0.091667 0.158203 0.117188 0.137891 0.117188
0 0.08125 0.119792 0.100391 0.119792 0.100391 0.146354 0.08125 0.146354
0 0.077344 0.158854 0.097656 0.158854 0.097656 0.181771 0.077344 0.181771
0 0.110156 0.147917 0.128516 0.147917 0.128516 0.175 0.110156 0.175
0 0.184375 0.084375 0.206641 0.084375 0.206641 0.102604 0.184375 0.102604
0 0.173828 0.124479 0.190234 0.124479 0.190234 0.142708 0.173828 0.142708
0 0.215625 0.096354 0.23125 0.096354 0.23125 0.117708 0.215625 0.117708
0 0.226562 0.144271 0.245312 0.144271 0.245312 0.169792 0.226562 0.169792
0 0.186328 0.1625 0.206641 0.1625 0.206641 0.189583 0.186328 0.189583
0 0.244141 0.097917 0.258594 0.097917 0.258594 0.122396 0.244141 0.122396
0 0.009766 0.169792 0.032422 0.169792 0.032422 0.186979 0.009766 0.186979
0 0.065234 0.21875 0.082812 0.21875 0.082812 0.233333 0.065234 0.233333
0 0.117969 0.216146 0.138672 0.216146 0.138672 0.239583 0.117969 0.239583
0 0.141797 0.170833 0.161719 0.170833 0.161719 0.197917 0.141797 0.197917
0 0.158984 0.203125 0.182031 0.203125 0.182031 0.225 0.158984 0.225
0 0.191797 0.217188 0.214062 0.217188 0.214062 0.239062 0.191797 0.239062
0 0.240625 0.221354 0.263672 0.221354 0.263672 0.246875 0.240625 0.246875
0 0.245703 0.16875 0.266016 0.16875 0.266016 0.203125 0.245703 0.203125
0 0.287109 0.196354 0.313281 0.196354 0.313281 0.222917 0.287109 0.222917
0 0.289453 0.25 0.314453 0.25 0.314453 0.273438 0.289453 0.273438
0 0.303516 0.293229 0.33125 0.293229 0.33125 0.317708 0.303516 0.317708
0 0.306641 0.343229 0.325781 0.343229 0.325781 0.365625 0.306641 0.365625
0 0.327344 0.326042 0.346094 0.326042 0.346094 0.357292 0.327344 0.357292
0 0.396484 0.21875 0.418359 0.21875 0.418359 0.241667 0.396484 0.241667
0 0.382812 0.021354 0.402734 0.021354 0.402734 0.043229 0.382812 0.043229
0 0.359766 0.055729 0.386719 0.055729 0.386719 0.079688 0.359766 0.079688
0 0.36875 0.095312 0.391797 0.095312 0.391797 0.117708 0.36875 0.117708
0 0.4 0.103125 0.426953 0.103125 0.426953 0.125 0.4 0.125
0 0.330469 0.026562 0.349609 0.026562 0.349609 0.054688 0.330469 0.054688
0 0.425 0.053646 0.448047 0.053646 0.448047 0.075521 0.425 0.075521
0 0.444531 0.085417 0.469922 0.085417 0.469922 0.108854 0.444531 0.108854
0 0.390625 0.139583 0.415625 0.139583 0.415625 0.163021 0.390625 0.163021
0 0.43125 0.127604 0.453906 0.127604 0.453906 0.153125 0.43125 0.153125
0 0.411719 0.166146 0.441797 0.166146 0.441797 0.191146 0.411719 0.191146
0 0.459375 0.161979 0.482422 0.161979 0.482422 0.189062 0.459375 0.189062
0 0.417188 0.019271 0.436328 0.019271 0.436328 0.040625 0.417188 0.040625
0 0.450391 0.008854 0.469141 0.008854 0.469141 0.033854 0.450391 0.033854
0 0.471094 0.0 0.496094 0.0 0.496094 0.026562 0.471094 0.026562
0 0.469531 0.052604 0.489844 0.052604 0.489844 0.070833 0.469531 0.070833
0 0.513281 0.035938 0.537891 0.035938 0.537891 0.05625 0.513281 0.05625
0 0.49375 0.070833 0.521875 0.070833 0.521875 0.093229 0.49375 0.093229
0 0.519141 0.089583 0.542969 0.089583 0.542969 0.114062 0.519141 0.114062
0 0.569141 0.01875 0.600781 0.01875 0.600781 0.044271 0.569141 0.044271
0 0.496094 0.136458 0.517578 0.136458 0.517578 0.157812 0.496094 0.157812
0 0.712891 0.033854 0.733594 0.033854 0.733594 0.066146 0.712891 0.066146
0 0.670703 0.053646 0.688672 0.053646 0.688672 0.08125 0.670703 0.08125
0 0.698047 0.070312 0.717969 0.070312 0.717969 0.097917 0.698047 0.097917
0 0.746094 0.036458 0.764453 0.036458 0.764453 0.069271 0.746094 0.069271
0 0.752344 0.088021 0.769141 0.088021 0.769141 0.121354 0.752344 0.121354
0 0.772266 0.072396 0.795312 0.072396 0.795312 0.10625 0.772266 0.10625
0 0.813672 0.072396 0.835938 0.072396 0.835938 0.10625 0.813672 0.10625
0 0.796875 0.133854 0.822266 0.133854 0.822266 0.164583 0.796875 0.164583
0 0.851562 0.135938 0.872266 0.135938 0.872266 0.158333 0.851562 0.158333
0 0.866016 0.161458 0.885938 0.161458 0.885938 0.183854 0.866016 0.183854
0 0.856641 0.192188 0.879688 0.192188 0.879688 0.21875 0.856641 0.21875
0 0.897656 0.199479 0.917578 0.199479 0.917578 0.226042 0.897656 0.226042
0 0.899219 0.108333 0.915234 0.108333 0.915234 0.138021 0.899219 0.138021
0 0.861328 0.077604 0.880469 0.077604 0.880469 0.103125 0.861328 0.103125
0 0.796875 0.038542 0.815234 0.038542 0.815234 0.063021 0.796875 0.063021
0 0.953516 0.131771 0.971484 0.131771 0.971484 0.159375 0.953516 0.159375
0 0.967578 0.177083 0.985156 0.177083 0.985156 0.2125 0.967578 0.2125
0 0.939844 0.195312 0.956641 0.195312 0.956641 0.225 0.939844 0.225
0 0.955078 0.229167 0.978125 0.229167 0.978125 0.251563 0.955078 0.251563
0 0.979688 0.259896 0.996875 0.259896 0.996875 0.294792 0.979688 0.294792
0 0.938281 0.267188 0.958984 0.267188 0.958984 0.292708 0.938281 0.292708
0 0.894531 0.276042 0.914453 0.276042 0.914453 0.305729 0.894531 0.305729
0 0.840625 0.284375 0.859766 0.284375 0.859766 0.306771 0.840625 0.306771
0 0.829297 0.214583 0.849219 0.214583 0.849219 0.246354 0.829297 0.246354
0 0.796875 0.23125 0.817578 0.23125 0.817578 0.256771 0.796875 0.256771
0 0.775391 0.233333 0.794531 0.233333 0.794531 0.264062 0.775391 0.264062
0 0.778516 0.278125 0.799219 0.278125 0.799219 0.310938 0.778516 0.310938
0 0.734375 0.154688 0.756641 0.154688 0.756641 0.183854 0.734375 0.183854
0 0.744531 0.206771 0.767188 0.206771 0.767188 0.230208 0.744531 0.230208
0 0.703906 0.214583 0.727344 0.214583 0.727344 0.239062 0.703906 0.239062
0 0.681641 0.198438 0.696875 0.198438 0.696875 0.228125 0.681641 0.228125
0 0.693359 0.16875 0.716016 0.16875 0.716016 0.194271 0.693359 0.194271
0 0.705859 0.126562 0.725781 0.126562 0.725781 0.154688 0.705859 0.154688
0 0.674219 0.128125 0.689453 0.128125 0.689453 0.161979 0.674219 0.161979
0 0.648828 0.158854 0.669141 0.158854 0.669141 0.182812 0.648828 0.182812
0 0.896094 0.346354 0.919531 0.346354 0.919531 0.372396 0.896094 0.372396
0 0.863281 0.319792 0.885156 0.319792 0.885156 0.341146 0.863281 0.341146
0 0.935156 0.320833 0.952734 0.320833 0.952734 0.348958 0.935156 0.348958
0 0.856641 0.244792 0.878125 0.244792 0.878125 0.268229 0.856641 0.268229
0 0.969922 0.326042 0.9875 0.326042 0.9875 0.352604 0.969922 0.352604
0 0.944531 0.360417 0.965625 0.360417 0.965625 0.39375 0.944531 0.39375
0 0.823828 0.318229 0.847266 0.318229 0.847266 0.341667 0.823828 0.341667
0 0.831641 0.384896 0.851562 0.384896 0.851562 0.409375 0.831641 0.409375
0 0.613672 0.129688 0.633984 0.129688 0.633984 0.161979 0.613672 0.161979
0 0.638281 0.196354 0.6625 0.196354 0.6625 0.221354 0.638281 0.221354
0 0.675781 0.241667 0.695703 0.241667 0.695703 0.267188 0.675781 0.267188
0 0.742969 0.269792 0.762891 0.269792 0.762891 0.294792 0.742969 0.294792
0 0.725781 0.292188 0.747266 0.292188 0.747266 0.319271 0.725781 0.319271
0 0.682422 0.300521 0.702734 0.300521 0.702734 0.328125 0.682422 0.328125
0 0.636328 0.271875 0.65625 0.271875 0.65625 0.294792 0.636328 0.294792
0 0.629688 0.236458 0.658203 0.236458 0.658203 0.266146 0.629688 0.266146
0 0.591797 0.217708 0.614453 0.217708 0.614453 0.240625 0.591797 0.240625
0 0.595312 0.184896 0.615234 0.184896 0.615234 0.208333 0.595312 0.208333
0 0.209766 0.327083 0.230078 0.327083 0.230078 0.358333 0.209766 0.358333
0 0.25625 0.317188 0.274609 0.317188 0.274609 0.341146 0.25625 0.341146
0 0.227344 0.269792 0.255078 0.269792 0.255078 0.294271 0.227344 0.294271
0 0.179688 0.270312 0.205859 0.270312 0.205859 0.29375 0.179688 0.29375
0 0.185547 0.299479 0.210938 0.299479 0.210938 0.320833 0.185547 0.320833
0 0.148047 0.3125 0.169141 0.3125 0.169141 0.334375 0.148047 0.334375
0 0.132422 0.353646 0.155469 0.353646 0.155469 0.373958 0.132422 0.373958
0 0.076172 0.296875 0.099609 0.296875 0.099609 0.320833 0.076172 0.320833
0 0.036719 0.305729 0.058594 0.305729 0.058594 0.333854 0.036719 0.333854
0 0.067969 0.327604 0.090625 0.327604 0.090625 0.349479 0.067969 0.349479
0 0.072656 0.359896 0.094531 0.359896 0.094531 0.383854 0.072656 0.383854
0 0.00625 0.303646 0.026562 0.303646 0.026562 0.326562 0.00625 0.326562
0 0.135938 0.267708 0.158984 0.267708 0.158984 0.295312 0.135938 0.295312
0 0.098438 0.264062 0.117188 0.264062 0.117188 0.280208 0.098438 0.280208
0 0.180859 0.345833 0.203906 0.345833 0.203906 0.366667 0.180859 0.366667
0 0.094141 0.218229 0.110156 0.218229 0.110156 0.241146 0.094141 0.241146
0 0.044531 0.251042 0.065234 0.251042 0.065234 0.275521 0.044531 0.275521
0 0.282812 0.328125 0.302734 0.328125 0.302734 0.359896 0.282812 0.359896
0 0.257031 0.360417 0.276562 0.360417 0.276562 0.379167 0.257031 0.379167
0 0.289453 0.395833 0.310938 0.395833 0.310938 0.423958 0.289453 0.423958
0 0.323047 0.394271 0.342188 0.394271 0.342188 0.426042 0.323047 0.426042
0 0.354297 0.345312 0.370312 0.345312 0.370312 0.375 0.354297 0.375
0 0.19375 0.402604 0.211719 0.402604 0.211719 0.428646 0.19375 0.428646
0 0.244531 0.426562 0.265625 0.426562 0.265625 0.448958 0.244531 0.448958
0 0.269922 0.426562 0.287891 0.426562 0.287891 0.456771 0.269922 0.456771
0 0.239062 0.394271 0.258594 0.394271 0.258594 0.417188 0.239062 0.417188
0 0.207812 0.372917 0.230859 0.372917 0.230859 0.400521 0.207812 0.400521
0 0.147266 0.397917 0.170312 0.397917 0.170312 0.422917 0.147266 0.422917
0 0.172266 0.409375 0.190625 0.409375 0.190625 0.436979 0.172266 0.436979
0 0.407422 0.25 0.430469 0.25 0.430469 0.272917 0.407422 0.272917
0 0.516406 0.179167 0.5375 0.179167 0.5375 0.202083 0.516406 0.202083
0 0.56875 0.246354 0.5875 0.246354 0.5875 0.26875 0.56875 0.26875
0 0.025391 0.535938 0.042188 0.535938 0.042188 0.5625 0.025391 0.5625
0 0.057422 0.558333 0.076953 0.558333 0.076953 0.590625 0.057422 0.590625
0 0.090625 0.550521 0.113672 0.550521 0.113672 0.579688 0.090625 0.579688
0 0.129688 0.565625 0.148438 0.565625 0.148438 0.592188 0.129688 0.592188
0 0.164844 0.553646 0.189453 0.553646 0.189453 0.578646 0.164844 0.578646
0 0.151562 0.590104 0.173047 0.590104 0.173047 0.614583 0.151562 0.614583
0 0.20625 0.579688 0.230078 0.579688 0.230078 0.602604 0.20625 0.602604
0 0.225 0.55625 0.244922 0.55625 0.244922 0.579688 0.225 0.579688
0 0.023047 0.577083 0.042188 0.577083 0.042188 0.604688 0.023047 0.604688
0 0.004297 0.607812 0.023828 0.607812 0.023828 0.635938 0.004297 0.635938
0 0.026953 0.646875 0.045312 0.646875 0.045312 0.680208 0.026953 0.680208
0 0.052344 0.646875 0.073047 0.646875 0.073047 0.673958 0.052344 0.673958
0 0.083984 0.595833 0.104297 0.595833 0.104297 0.620833 0.083984 0.620833
0 0.098438 0.631771 0.11875 0.631771 0.11875 0.655729 0.098438 0.655729
0 0.121875 0.614062 0.143359 0.614062 0.143359 0.641667 0.121875 0.641667
0 0.151953 0.627604 0.178516 0.627604 0.178516 0.655729 0.151953 0.655729
0 0.202734 0.629688 0.227344 0.629688 0.227344 0.655729 0.202734 0.655729
0 0.21875 0.646875 0.241797 0.646875 0.241797 0.676562 0.21875 0.676562
0 0.116797 0.678125 0.139062 0.678125 0.139062 0.707292 0.116797 0.707292
0 0.158984 0.663021 0.180469 0.663021 0.180469 0.685938 0.158984 0.685938
0 0.01875 0.715104 0.045312 0.715104 0.045312 0.739062 0.01875 0.739062
0 0.080078 0.715104 0.103516 0.715104 0.103516 0.735938 0.080078 0.735938
0 0.086328 0.676042 0.102344 0.676042 0.102344 0.697917 0.086328 0.697917
0 0.132422 0.732292 0.149609 0.732292 0.149609 0.758333 0.132422 0.758333
0 0.160938 0.702604 0.179297 0.702604 0.179297 0.726562 0.160938 0.726562
0 0.195703 0.710938 0.215625 0.710938 0.215625 0.742708 0.195703 0.742708
0 0.221875 0.71875 0.241797 0.71875 0.241797 0.746354 0.221875 0.746354
0 0.227734 0.685417 0.250781 0.685417 0.250781 0.705729 0.227734 0.705729
0 0.260547 0.677604 0.282422 0.677604 0.282422 0.707812 0.260547 0.707812
0 0.271094 0.715625 0.292188 0.715625 0.292188 0.739062 0.271094 0.739062
0 0.285156 0.639583 0.301562 0.639583 0.301562 0.663542 0.285156 0.663542
0 0.070703 0.758333 0.089844 0.758333 0.089844 0.784375 0.070703 0.784375
0 0.096094 0.763021 0.118359 0.763021 0.118359 0.792708 0.096094 0.792708
0 0.167578 0.744792 0.194141 0.744792 0.194141 0.767708 0.167578 0.767708
0 0.148047 0.795312 0.171484 0.795312 0.171484 0.81875 0.148047 0.81875
0 0.048828 0.830208 0.069531 0.830208 0.069531 0.850521 0.048828 0.850521
0 0.032812 0.885938 0.052344 0.885938 0.052344 0.917708 0.032812 0.917708
0 0.055469 0.877604 0.074609 0.877604 0.074609 0.9125 0.055469 0.9125
0 0.078516 0.907292 0.098047 0.907292 0.098047 0.940104 0.078516 0.940104
0 0.117578 0.942708 0.135547 0.942708 0.135547 0.977083 0.117578 0.977083
0 0.141016 0.907812 0.155469 0.907812 0.155469 0.940625 0.141016 0.940625
0 0.14375 0.965104 0.166797 0.965104 0.166797 0.991667 0.14375 0.991667
0 0.175391 0.930729 0.189062 0.930729 0.189062 0.957292 0.175391 0.957292
0 0.193359 0.966146 0.212891 0.966146 0.212891 0.990625 0.193359 0.990625
0 0.213672 0.765104 0.235547 0.765104 0.235547 0.791667 0.213672 0.791667
0 0.178906 0.818229 0.199219 0.818229 0.199219 0.84375 0.178906 0.84375
0 0.210156 0.804167 0.229297 0.804167 0.229297 0.824479 0.210156 0.824479
0 0.400781 0.675 0.426953 0.675 0.426953 0.697396 0.400781 0.697396
0 0.359766 0.6875 0.38125 0.6875 0.38125 0.723958 0.359766 0.723958
0 0.344922 0.741146 0.366016 0.741146 0.366016 0.770833 0.344922 0.770833
0 0.337109 0.785938 0.360547 0.785938 0.360547 0.813021 0.337109 0.813021
0 0.370703 0.781771 0.39375 0.781771 0.39375 0.807292 0.370703 0.807292
0 0.4125 0.795833 0.432422 0.795833 0.432422 0.821354 0.4125 0.821354
0 0.364453 0.819792 0.383984 0.819792 0.383984 0.846354 0.364453 0.846354
0 0.394922 0.834375 0.415625 0.834375 0.415625 0.857812 0.394922 0.857812
0 0.385938 0.870312 0.407812 0.870312 0.407812 0.895312 0.385938 0.895312
0 0.350391 0.861458 0.367969 0.861458 0.367969 0.885938 0.350391 0.885938
0 0.316406 0.871354 0.338672 0.871354 0.338672 0.888542 0.316406 0.888542
0 0.326953 0.953125 0.353906 0.953125 0.353906 0.980729 0.326953 0.980729
0 0.4125 0.932292 0.432031 0.932292 0.432031 0.948958 0.4125 0.948958
0 0.389453 0.964583 0.409766 0.964583 0.409766 0.984896 0.389453 0.984896
0 0.451953 0.934375 0.472266 0.934375 0.472266 0.961979 0.451953 0.961979
0 0.445312 0.898438 0.464844 0.898438 0.464844 0.922396 0.445312 0.922396
0 0.428906 0.848958 0.447656 0.848958 0.447656 0.879688 0.428906 0.879688
0 0.470703 0.846875 0.491797 0.846875 0.491797 0.872917 0.470703 0.872917
0 0.520703 0.876562 0.539453 0.876562 0.539453 0.898958 0.520703 0.898958
0 0.505078 0.906771 0.526172 0.906771 0.526172 0.932292 0.505078 0.932292
0 0.480078 0.945312 0.501172 0.945312 0.501172 0.968229 0.480078 0.968229
0 0.515234 0.972917 0.537891 0.972917 0.537891 0.995833 0.515234 0.995833
0 0.535156 0.927083 0.553906 0.927083 0.553906 0.948438 0.535156 0.948438
0 0.286328 0.677604 0.305469 0.677604 0.305469 0.703646 0.286328 0.703646
0 0.426953 0.398958 0.451562 0.398958 0.451562 0.428125 0.426953 0.428125
0 0.403125 0.431771 0.424219 0.431771 0.424219 0.464583 0.403125 0.464583
0 0.428906 0.454688 0.454297 0.454688 0.454297 0.482812 0.428906 0.482812
0 0.452734 0.420833 0.474609 0.420833 0.474609 0.452083 0.452734 0.452083
0 0.482812 0.433854 0.506641 0.433854 0.506641 0.458333 0.482812 0.458333
0 0.505078 0.477083 0.526172 0.477083 0.526172 0.505208 0.505078 0.505208
0 0.470312 0.4625 0.49375 0.4625 0.49375 0.488542 0.470312 0.488542
0 0.449219 0.506771 0.469531 0.506771 0.469531 0.539062 0.449219 0.539062
0 0.404688 0.504167 0.425781 0.504167 0.425781 0.528125 0.404688 0.528125
0 0.478125 0.510417 0.498047 0.510417 0.498047 0.535938 0.478125 0.535938
0 0.511328 0.515104 0.533984 0.515104 0.533984 0.542708 0.511328 0.542708
0 0.541406 0.543229 0.561328 0.543229 0.561328 0.572917 0.541406 0.572917
0 0.608594 0.533333 0.627344 0.533333 0.627344 0.56875 0.608594 0.56875
0 0.628125 0.496875 0.646484 0.496875 0.646484 0.53125 0.628125 0.53125
0 0.646484 0.524479 0.667578 0.524479 0.667578 0.558854 0.646484 0.558854
0 0.491406 0.316667 0.513672 0.316667 0.513672 0.341146 0.491406 0.341146
0 0.527344 0.336458 0.546875 0.336458 0.546875 0.364062 0.527344 0.364062
0 0.457031 0.335938 0.478906 0.335938 0.478906 0.367188 0.457031 0.367188
0 0.454297 0.392188 0.477344 0.392188 0.477344 0.414062 0.454297 0.414062
0 0.520312 0.382292 0.541797 0.382292 0.541797 0.411979 0.520312 0.411979
0 0.555469 0.376042 0.575391 0.376042 0.575391 0.413021 0.555469 0.413021
0 0.589453 0.301042 0.613672 0.301042 0.613672 0.321354 0.589453 0.321354
0 0.617188 0.322917 0.636328 0.322917 0.636328 0.347917 0.617188 0.347917
0 0.580859 0.357292 0.6 0.357292 0.6 0.379167 0.580859 0.379167
0 0.606641 0.364062 0.625391 0.364062 0.625391 0.390104 0.606641 0.390104
0 0.596484 0.410417 0.616016 0.410417 0.616016 0.43125 0.596484 0.43125
0 0.596094 0.445833 0.6125 0.445833 0.6125 0.473958 0.596094 0.473958
0 0.549219 0.452083 0.566797 0.452083 0.566797 0.476562 0.549219 0.476562
0 0.635156 0.425 0.65625 0.425 0.65625 0.454688 0.635156 0.454688
0 0.657422 0.478646 0.678906 0.478646 0.678906 0.506771 0.657422 0.506771
0 0.673047 0.525521 0.689844 0.525521 0.689844 0.553646 0.673047 0.553646
0 0.711719 0.456771 0.737109 0.456771 0.737109 0.489583 0.711719 0.489583
0 0.776953 0.444271 0.794922 0.444271 0.794922 0.468229 0.776953 0.468229
0 0.802344 0.475 0.823047 0.475 0.823047 0.5 0.802344 0.5
0 0.814062 0.50625 0.834375 0.50625 0.834375 0.529688 0.814062 0.529688
0 0.719922 0.344271 0.738672 0.344271 0.738672 0.370312 0.719922 0.370312
0 0.821484 0.435417 0.844922 0.435417 0.844922 0.459896 0.821484 0.459896
0 0.767188 0.505729 0.787109 0.505729 0.787109 0.534375 0.767188 0.534375
0 0.737891 0.493229 0.755469 0.493229 0.755469 0.520833 0.737891 0.520833
0 0.876562 0.433854 0.901953 0.433854 0.901953 0.459375 0.876562 0.459375
0 0.885156 0.46875 0.904688 0.46875 0.904688 0.4875 0.885156 0.4875
0 0.863672 0.494271 0.883594 0.494271 0.883594 0.519271 0.863672 0.519271
0 0.904688 0.501562 0.926562 0.501562 0.926562 0.525 0.904688 0.525
0 0.669922 0.342708 0.691406 0.342708 0.691406 0.366146 0.669922 0.366146
0 0.915234 0.409896 0.936719 0.409896 0.936719 0.429167 0.915234 0.429167
0 0.878125 0.391667 0.900391 0.391667 0.900391 0.416667 0.878125 0.416667
0 0.926562 0.435938 0.949219 0.435938 0.949219 0.461458 0.926562 0.461458
0 0.934375 0.478125 0.953906 0.478125 0.953906 0.50625 0.934375 0.50625
0 0.920703 0.5375 0.94375 0.5375 0.94375 0.5625 0.920703 0.5625
0 0.890234 0.557292 0.909766 0.557292 0.909766 0.586458 0.890234 0.586458
0 0.917969 0.5875 0.939453 0.5875 0.939453 0.615104 0.917969 0.615104
0 0.853516 0.554688 0.873828 0.554688 0.873828 0.577604 0.853516 0.577604
0 0.784375 0.545312 0.807812 0.545312 0.807812 0.568229 0.784375 0.568229
0 0.758594 0.558854 0.775 0.558854 0.775 0.586979 0.758594 0.586979
0 0.735156 0.583854 0.757812 0.583854 0.757812 0.616667 0.735156 0.616667
0 0.773438 0.590625 0.794141 0.590625 0.794141 0.616667 0.773438 0.616667
0 0.960156 0.411458 0.982031 0.411458 0.982031 0.435417 0.960156 0.435417
0 0.958594 0.53125 0.979688 0.53125 0.979688 0.557292 0.958594 0.557292
0 0.940625 0.563542 0.964062 0.563542 0.964062 0.588021 0.940625 0.588021
0 0.853906 0.596354 0.873828 0.596354 0.873828 0.623958 0.853906 0.623958
0 0.889844 0.635417 0.907422 0.635417 0.907422 0.663542 0.889844 0.663542
0 0.871094 0.654688 0.89375 0.654688 0.89375 0.680208 0.871094 0.680208
0 0.812891 0.608854 0.832031 0.608854 0.832031 0.636979 0.812891 0.636979
0 0.791406 0.616146 0.808984 0.616146 0.808984 0.643229 0.791406 0.643229
0 0.795703 0.654688 0.818359 0.654688 0.818359 0.677604 0.795703 0.677604
0 0.767969 0.665625 0.784766 0.665625 0.784766 0.699479 0.767969 0.699479
0 0.825 0.668229 0.84375 0.668229 0.84375 0.697917 0.825 0.697917
0 0.787109 0.7 0.812109 0.7 0.812109 0.730208 0.787109 0.730208
0 0.819141 0.706771 0.840625 0.706771 0.840625 0.734375 0.819141 0.734375
0 0.878906 0.688542 0.896484 0.688542 0.896484 0.714062 0.878906 0.714062
0 0.846484 0.685417 0.865625 0.685417 0.865625 0.709896 0.846484 0.709896
0 0.91875 0.85 0.938672 0.85 0.938672 0.882812 0.91875 0.882812
0 0.908984 0.884896 0.933203 0.884896 0.933203 0.907292 0.908984 0.907292
0 0.941406 0.892708 0.959375 0.892708 0.959375 0.910938 0.941406 0.910938
0 0.961328 0.867708 0.982031 0.867708 0.982031 0.89375 0.961328 0.89375
0 0.977734 0.909375 0.998828 0.909375 0.998828 0.929688 0.977734 0.929688
0 0.605078 0.592708 0.629688 0.592708 0.629688 0.616146 0.605078 0.616146
0 0.703516 0.680208 0.727734 0.680208 0.727734 0.699479 0.703516 0.699479
0 0.708594 0.655729 0.73125 0.655729 0.73125 0.678646 0.708594 0.678646
0 0.565625 0.529167 0.582422 0.529167 0.582422 0.561458 0.565625 0.561458
0 0.730469 0.921354 0.752734 0.921354 0.752734 0.952083 0.730469 0.952083
0 0.724219 0.8625 0.745312 0.8625 0.745312 0.895312 0.724219 0.895312
0 0.708594 0.902083 0.73125 0.902083 0.73125 0.924479 0.708594 0.924479
0 0.658594 0.889062 0.678125 0.889062 0.678125 0.921354 0.658594 0.921354
0 0.691016 0.855729 0.708984 0.855729 0.708984 0.884375 0.691016 0.884375
0 0.665234 0.846354 0.684375 0.846354 0.684375 0.869271 0.665234 0.869271
0 0.625781 0.846354 0.642969 0.846354 0.642969 0.877604 0.625781 0.877604
0 0.5875 0.875521 0.603516 0.875521 0.603516 0.908854 0.5875 0.908854
0 0.602734 0.947396 0.625781 0.947396 0.625781 0.972917 0.602734 0.972917
0 0.6375 0.948438 0.655859 0.948438 0.655859 0.982812 0.6375 0.982812
0 0.747266 0.958854 0.769531 0.958854 0.769531 0.982292 0.747266 0.982292
0 0.695312 0.932292 0.717578 0.932292 0.717578 0.955729 0.695312 0.955729
0 0.567969 0.911979 0.587109 0.911979 0.587109 0.941667 0.567969 0.941667
0 0.566797 0.866146 0.582422 0.866146 0.582422 0.892188 0.566797 0.892188
0 0.589062 0.811979 0.60625 0.811979 0.60625 0.843229 0.589062 0.843229
0 0.656641 0.808854 0.673047 0.808854 0.673047 0.834896 0.656641 0.834896
0 0.684375 0.815104 0.699609 0.815104 0.699609 0.8375 0.684375 0.8375
0 0.747266 0.879688 0.765234 0.879688 0.765234 0.906771 0.747266 0.906771
0 0.9 0.84375 0.915625 0.84375 0.915625 0.872396 0.9 0.872396
0 0.3875 0.7125 0.406641 0.7125 0.406641 0.744792 0.3875 0.744792
0 0.418359 0.753646 0.441406 0.753646 0.441406 0.779688 0.418359 0.779688
0 0.423438 0.703646 0.447266 0.703646 0.447266 0.733854 0.423438 0.733854
0 0.454297 0.689583 0.472266 0.689583 0.472266 0.724479 0.454297 0.724479
0 0.471094 0.734375 0.489453 0.734375 0.489453 0.75625 0.471094 0.75625
0 0.459375 0.786458 0.485938 0.786458 0.485938 0.815625 0.459375 0.815625
0 0.495312 0.753646 0.512891 0.753646 0.512891 0.782812 0.495312 0.782812
0 0.487891 0.690625 0.508594 0.690625 0.508594 0.711458 0.487891 0.711458
0 0.534375 0.754688 0.553125 0.754688 0.553125 0.780208 0.534375 0.780208
0 0.536719 0.816146 0.557031 0.816146 0.557031 0.8375 0.536719 0.8375
0 0.567578 0.733333 0.5875 0.733333 0.5875 0.752083 0.567578 0.752083
0 0.514062 0.708333 0.533203 0.708333 0.533203 0.736458 0.514062 0.736458
0 0.507422 0.836458 0.526562 0.836458 0.526562 0.861979 0.507422 0.861979
0 0.251563 0.75 0.273047 0.75 0.273047 0.781771 0.251563 0.781771