0 0.523047 0.444271 0.542578 0.444271 0.542578 0.472917 0.523047 0.472917
0 0.540234 0.434896 0.559766 0.434896 0.559766 0.467708 0.540234 0.467708
0 0.561328 0.48125 0.581641 0.48125 0.581641 0.503646 0.561328 0.503646
0 0.575 0.434375 0.596094 0.434375 0.596094 0.460938 0.575 0.460938
0 0.485547 0.477604 0.507031 0.477604 0.507031 0.501042 0.485547 0.501042
0 0.511328 0.48125 0.532031 0.48125 0.532031 0.507292 0.511328 0.507292
0 0.535938 0.555208 0.559766 0.555208 0.559766 0.585938 0.535938 0.585938
0 0.564844 0.560417 0.59375 0.560417 0.59375 0.591146 0.564844 0.591146
0 0.553906 0.598438 0.578125 0.598438 0.578125 0.625 0.553906 0.625
0 0.586719 0.627083 0.610156 0.627083 0.610156 0.651042 0.586719 0.651042
0 0.603125 0.658854 0.627344 0.658854 0.627344 0.68125 0.603125 0.68125
0 0.609766 0.593229 0.636328 0.593229 0.636328 0.619271 0.609766 0.619271
0 0.506641 0.593229 0.533594 0.593229 0.533594 0.614062 0.506641 0.614062
0 0.496484 0.523438 0.517188 0.523438 0.517188 0.551042 0.496484 0.551042
0 0.571875 0.520312 0.600391 0.520312 0.600391 0.545312 0.571875 0.545312
0 0.621875 0.546354 0.646875 0.546354 0.646875 0.572917 0.621875 0.572917
0 0.642969 0.578646 0.666406 0.578646 0.666406 0.598958 0.642969 0.598958
0 0.550781 0.676042 0.575391 0.676042 0.575391 0.698438 0.550781 0.698438
0 0.524219 0.645312 0.547656 0.645312 0.547656 0.673438 0.524219 0.673438
0 0.487891 0.635417 0.510547 0.635417 0.510547 0.663021 0.487891 0.663021
0 0.452734 0.615104 0.480859 0.615104 0.480859 0.638542 0.452734 0.638542
0 0.445703 0.561979 0.466797 0.561979 0.466797 0.585417 0.445703 0.585417
0 0.477344 0.538021 0.496094 0.538021 0.496094 0.563542 0.477344 0.563542
0 0.50625 0.694792 0.524219 0.694792 0.524219 0.721875 0.50625 0.721875
0 0.468359 0.684896 0.492578 0.684896 0.492578 0.702083 0.468359 0.702083
0 0.426172 0.645312 0.451562 0.645312 0.451562 0.679167 0.426172 0.679167
0 0.407422 0.594271 0.430078 0.594271 0.430078 0.6125 0.407422 0.6125
0 0.376953 0.649479 0.402734 0.649479 0.402734 0.677604 0.376953 0.677604
0 0.424219 0.710417 0.441797 0.710417 0.441797 0.74375 0.424219 0.74375
0 0.463281 0.722396 0.484375 0.722396 0.484375 0.742188 0.463281 0.742188
0 0.455078 0.757812 0.471484 0.757812 0.471484 0.785938 0.455078 0.785938
0 0.430859 0.780208 0.450781 0.780208 0.450781 0.798958 0.430859 0.798958
0 0.413281 0.759896 0.432031 0.759896 0.432031 0.783854 0.413281 0.783854
0 0.390625 0.71875 0.409766 0.71875 0.409766 0.747396 0.390625 0.747396
0 0.356641 0.688542 0.378906 0.688542 0.378906 0.720312 0.356641 0.720312
0 0.322656 0.657812 0.346875 0.657812 0.346875 0.68125 0.322656 0.68125
0 0.301953 0.630729 0.328906 0.630729 0.328906 0.65 0.301953 0.65
0 0.310156 0.540104 0.333984 0.540104 0.333984 0.564062 0.310156 0.564062
0 0.330469 0.514583 0.353516 0.514583 0.353516 0.535417 0.330469 0.535417
0 0.383203 0.498438 0.406641 0.498438 0.406641 0.516146 0.383203 0.516146
0 0.417578 0.476562 0.440625 0.476562 0.440625 0.493229 0.417578 0.493229
0 0.319141 0.696354 0.34375 0.696354 0.34375 0.714583 0.319141 0.714583
0 0.333203 0.740625 0.355859 0.740625 0.355859 0.763021 0.333203 0.763021
0 0.366406 0.751562 0.387109 0.751562 0.387109 0.770312 0.366406 0.770312
0 0.363281 0.614062 0.385938 0.614062 0.385938 0.633854 0.363281 0.633854
0 0.254688 0.525521 0.280859 0.525521 0.280859 0.547917 0.254688 0.547917
0 0.267188 0.473438 0.286328 0.473438 0.286328 0.502083 0.267188 0.502083
0 0.315625 0.483333 0.335547 0.483333 0.335547 0.5125 0.315625 0.5125
0 0.391406 0.438021 0.413672 0.438021 0.413672 0.4625 0.391406 0.4625
0 0.438281 0.408854 0.462891 0.408854 0.462891 0.431771 0.438281 0.431771
0 0.394922 0.390625 0.419531 0.390625 0.419531 0.416667 0.394922 0.416667
0 0.356641 0.421354 0.374609 0.421354 0.374609 0.45625 0.356641 0.45625
0 0.329688 0.433333 0.344922 0.433333 0.344922 0.457292 0.329688 0.457292
0 0.310938 0.420833 0.328906 0.420833 0.328906 0.447396 0.310938 0.447396
0 0.277734 0.435417 0.301562 0.435417 0.301562 0.454688 0.277734 0.454688
0 0.230859 0.453646 0.253125 0.453646 0.253125 0.475521 0.230859 0.475521
0 0.24375 0.407812 0.260547 0.407812 0.260547 0.434896 0.24375 0.434896
0 0.216406 0.415104 0.232812 0.415104 0.232812 0.445833 0.216406 0.445833
0 0.194141 0.416667 0.209375 0.416667 0.209375 0.445833 0.194141 0.445833
0 0.312109 0.383333 0.330859 0.383333 0.330859 0.407812 0.312109 0.407812
0 0.345312 0.371354 0.371484 0.371354 0.371484 0.392188 0.345312 0.392188
0 0.272656 0.365625 0.294531 0.365625 0.294531 0.391667 0.272656 0.391667
0 0.185156 0.361458 0.206641 0.361458 0.206641 0.386979 0.185156 0.386979
0 0.150781 0.383333 0.167188 0.383333 0.167188 0.40625 0.150781 0.40625
0 0.223438 0.341667 0.242188 0.341667 0.242188 0.36875 0.223438 0.36875
0 0.25 0.313021 0.267578 0.313021 0.267578 0.344792 0.25 0.344792
0 0.285156 0.3125 0.307422 0.3125 0.307422 0.332812 0.285156 0.332812
0 0.318359 0.313542 0.34375 0.313542 0.34375 0.331771 0.318359 0.331771
0 0.367188 0.316667 0.391406 0.316667 0.391406 0.3375 0.367188 0.3375
0 0.424609 0.359896 0.457812 0.359896 0.457812 0.383333 0.424609 0.383333
0 0.396094 0.340625 0.421875 0.340625 0.421875 0.369792 0.396094 0.369792
0 0.441016 0.296354 0.464844 0.296354 0.464844 0.31875 0.441016 0.31875
0 0.469531 0.301562 0.487891 0.301562 0.487891 0.331771 0.469531 0.331771
0 0.407031 0.292708 0.428516 0.292708 0.428516 0.320833 0.407031 0.320833
0 0.418359 0.25 0.439453 0.25 0.439453 0.275521 0.418359 0.275521
0 0.375781 0.277083 0.400781 0.277083 0.400781 0.296354 0.375781 0.296354
0 0.339453 0.270833 0.362109 0.270833 0.362109 0.292708 0.339453 0.292708
0 0.329297 0.224479 0.350391 0.224479 0.350391 0.251042 0.329297 0.251042
0 0.302344 0.2625 0.323438 0.2625 0.323438 0.295312 0.302344 0.295312
0 0.287891 0.244792 0.3125 0.244792 0.3125 0.265625 0.287891 0.265625
0 0.279297 0.218229 0.307812 0.218229 0.307812 0.241146 0.279297 0.241146
0 0.262109 0.242708 0.282031 0.242708 0.282031 0.268229 0.262109 0.268229
0 0.235547 0.214062 0.258594 0.214062 0.258594 0.240104 0.235547 0.240104
0 0.223438 0.169271 0.242969 0.169271 0.242969 0.201042 0.223438 0.201042
0 0.266797 0.184896 0.296094 0.184896 0.296094 0.209375 0.266797 0.209375
0 0.183984 0.2 0.205859 0.2 0.205859 0.229167 0.183984 0.229167
0 0.171875 0.2375 0.190625 0.2375 0.190625 0.264583 0.171875 0.264583
0 0.197656 0.289062 0.220703 0.289062 0.220703 0.317188 0.197656 0.317188
0 0.154688 0.273438 0.177734 0.273438 0.177734 0.296354 0.154688 0.296354
0 0.122266 0.278125 0.142578 0.278125 0.142578 0.301042 0.122266 0.301042
0 0.168359 0.333333 0.185156 0.333333 0.185156 0.356771 0.168359 0.356771
0 0.135156 0.224479 0.153906 0.224479 0.153906 0.252604 0.135156 0.252604
0 0.159375 0.175521 0.175 0.175521 0.175 0.207292 0.159375 0.207292
0 0.107812 0.19375 0.130078 0.19375 0.130078 0.214583 0.107812 0.214583
0 0.180078 0.107292 0.202344 0.107292 0.202344 0.1375 0.180078 0.1375
0 0.216406 0.105729 0.2375 0.105729 0.2375 0.133333 0.216406 0.133333
0 0.195703 0.158333 0.216797 0.158333 0.216797 0.184896 0.195703 0.184896
0 0.254297 0.15 0.275391 0.15 0.275391 0.173438 0.254297 0.173438
0 0.266406 0.107292 0.286719 0.107292 0.286719 0.139583 0.266406 0.139583
0 0.288281 0.148438 0.310938 0.148438 0.310938 0.176562 0.288281 0.176562
0 0.35 0.184896 0.371094 0.184896 0.371094 0.207812 0.35 0.207812
0 0.359766 0.23125 0.383594 0.23125 0.383594 0.256771 0.359766 0.256771
0 0.407422 0.218229 0.421094 0.218229 0.421094 0.245312 0.407422 0.245312
0 0.480469 0.213021 0.503125 0.213021 0.503125 0.245312 0.480469 0.245312
0 0.292188 0.033333 0.321094 0.033333 0.321094 0.063021 0.292188 0.063021
0 0.371094 0.081771 0.391797 0.081771 0.391797 0.117708 0.371094 0.117708
0 0.405859 0.123438 0.428125 0.123438 0.428125 0.147396 0.405859 0.147396
0 0.400391 0.059375 0.425 0.059375 0.425 0.08125 0.400391 0.08125
0 0.440625 0.083854 0.458984 0.083854 0.458984 0.115104 0.440625 0.115104
0 0.463281 0.079688 0.482422 0.079688 0.482422 0.107292 0.463281 0.107292
0 0.381641 0.026562 0.407031 0.026562 0.407031 0.045833 0.381641 0.045833
0 0.344141 0.024479 0.370312 0.024479 0.370312 0.042708 0.344141 0.042708
0 0.423047 0.019271 0.442578 0.019271 0.442578 0.035938 0.423047 0.035938
0 0.467188 0.120312 0.485156 0.120312 0.485156 0.148958 0.467188 0.148958
0 0.499609 0.125521 0.523047 0.125521 0.523047 0.148958 0.499609 0.148958
0 0.483594 0.072396 0.502344 0.072396 0.502344 0.104167 0.483594 0.104167
0 0.506641 0.074479 0.525 0.074479 0.525 0.103125 0.506641 0.103125
0 0.541016 0.065625 0.560547 0.065625 0.560547 0.103125 0.541016 0.103125
0 0.530859 0.116146 0.553906 0.116146 0.553906 0.147396 0.530859 0.147396
0 0.510156 0.15 0.532812 0.15 0.532812 0.173438 0.510156 0.173438
0 0.548828 0.163542 0.568359 0.163542 0.568359 0.191667 0.548828 0.191667
0 0.582422 0.173438 0.610156 0.173438 0.610156 0.197917 0.582422 0.197917
0 0.556641 0.008854 0.586719 0.008854 0.586719 0.029688 0.556641 0.029688
0 0.602734 0.040104 0.623828 0.040104 0.623828 0.063021 0.602734 0.063021
0 0.614062 0.013542 0.640234 0.013542 0.640234 0.035938 0.614062 0.035938
0 0.568359 0.064062 0.587891 0.064062 0.587891 0.095833 0.568359 0.095833
0 0.612891 0.069271 0.629688 0.069271 0.629688 0.089062 0.612891 0.089062
0 0.587891 0.111458 0.613281 0.111458 0.613281 0.144792 0.587891 0.144792
0 0.623828 0.124479 0.644922 0.124479 0.644922 0.152604 0.623828 0.152604
0 0.637109 0.092188 0.654688 0.092188 0.654688 0.119271 0.637109 0.119271
0 0.002344 0.007812 0.026953 0.007812 0.026953 0.039062 0.002344 0.039062
0 0.019141 0.0625 0.039062 0.0625 0.039062 0.099479 0.019141 0.099479
0 0.078125 0.082812 0.1 0.082812 0.1 0.107812 0.078125 0.107812
0 0.1 0.038542 0.121875 0.038542 0.121875 0.070833 0.1 0.070833
0 0.055469 0.013021 0.070312 0.013021 0.070312 0.040104 0.055469 0.040104
0 0.0375 0.052604 0.05625 0.052604 0.05625 0.077083 0.0375 0.077083
0 0.169922 0.0 0.188281 0.0 0.188281 0.021354 0.169922 0.021354
0 0.668359 0.019271 0.692188 0.019271 0.692188 0.045312 0.668359 0.045312
0 0.653906 0.059896 0.671094 0.059896 0.671094 0.084375 0.653906 0.084375
0 0.725391 0.038542 0.745703 0.038542 0.745703 0.059896 0.725391 0.059896
0 0.762109 0.047396 0.791406 0.047396 0.791406 0.071875 0.762109 0.071875
0 0.741016 0.077083 0.761328 0.077083 0.761328 0.103646 0.741016 0.103646
0 0.689453 0.081771 0.713672 0.081771 0.713672 0.104688 0.689453 0.104688
0 0.716406 0.109896 0.740234 0.109896 0.740234 0.138021 0.716406 0.138021
0 0.756641 0.121875 0.78125 0.121875 0.78125 0.146354 0.756641 0.146354
0 0.800781 0.09375 0.822656 0.09375 0.822656 0.119792 0.800781 0.119792
0 0.830078 0.101042 0.852344 0.101042 0.852344 0.125521 0.830078 0.125521
0 0.805469 0.058333 0.832812 0.058333 0.832812 0.077083 0.805469 0.077083
0 0.812891 0.130729 0.836719 0.130729 0.836719 0.155208 0.812891 0.155208
0 0.867578 0.15 0.897656 0.15 0.897656 0.177083 0.867578 0.177083
0 0.843359 0.164583 0.861719 0.164583 0.861719 0.191667 0.843359 0.191667
0 0.778906 0.164583 0.807031 0.164583 0.807031 0.1875 0.778906 0.1875
0 0.743359 0.160417 0.764844 0.160417 0.764844 0.180208 0.743359 0.180208
0 0.754688 0.194792 0.776172 0.194792 0.776172 0.215104 0.754688 0.215104
0 0.822266 0.21875 0.844531 0.21875 0.844531 0.244792 0.822266 0.244792
0 0.850391 0.215104 0.869531 0.215104 0.869531 0.251042 0.850391 0.251042
0 0.888672 0.185938 0.909375 0.185938 0.909375 0.215104 0.888672 0.215104
0 0.894922 0.24375 0.917578 0.24375 0.917578 0.270833 0.894922 0.270833
0 0.924219 0.233333 0.942578 0.233333 0.942578 0.260417 0.924219 0.260417
0 0.655078 0.248438 0.678516 0.248438 0.678516 0.26875 0.655078 0.26875
0 0.627344 0.269271 0.647656 0.269271 0.647656 0.289062 0.627344 0.289062
0 0.58125 0.294271 0.598047 0.294271 0.598047 0.318229 0.58125 0.318229
0 0.573828 0.340104 0.592578 0.340104 0.592578 0.358333 0.573828 0.358333
0 0.551562 0.30625 0.567969 0.30625 0.567969 0.332812 0.551562 0.332812
0 0.613281 0.307812 0.6375 0.307812 0.6375 0.332812 0.613281 0.332812
0 0.681641 0.290104 0.703516 0.290104 0.703516 0.315625 0.681641 0.315625
0 0.650391 0.326562 0.674609 0.326562 0.674609 0.347396 0.650391 0.347396
0 0.699609 0.328646 0.723047 0.328646 0.723047 0.349479 0.699609 0.349479
0 0.723047 0.300521 0.742578 0.300521 0.742578 0.327083 0.723047 0.327083
0 0.723828 0.278646 0.748438 0.278646 0.748438 0.297917 0.723828 0.297917
0 0.75625 0.253125 0.779688 0.253125 0.779688 0.274479 0.75625 0.274479
0 0.815234 0.270833 0.837109 0.270833 0.837109 0.29375 0.815234 0.29375
0 0.753906 0.297396 0.775391 0.297396 0.775391 0.315104 0.753906 0.315104
0 0.786328 0.308854 0.808984 0.308854 0.808984 0.332812 0.786328 0.332812
0 0.80625 0.352083 0.825 0.352083 0.825 0.378646 0.80625 0.378646
0 0.848438 0.332292 0.869531 0.332292 0.869531 0.354167 0.848438 0.354167
0 0.882031 0.310417 0.901562 0.310417 0.901562 0.333333 0.882031 0.333333
0 0.921094 0.28125 0.944531 0.28125 0.944531 0.301042 0.921094 0.301042
0 0.940625 0.316667 0.962891 0.316667 0.962891 0.341146 0.940625 0.341146
0 0.919531 0.357812 0.941406 0.357812 0.941406 0.388021 0.919531 0.388021
0 0.882422 0.349479 0.906641 0.349479 0.906641 0.373958 0.882422 0.373958
0 0.869141 0.388021 0.894141 0.388021 0.894141 0.414583 0.869141 0.414583
0 0.844531 0.366146 0.863281 0.366146 0.863281 0.392188 0.844531 0.392188
0 0.983984 0.300521 0.997266 0.300521 0.997266 0.334375 0.983984 0.334375
0 0.98125 0.34375 0.998438 0.34375 0.998438 0.364062 0.98125 0.364062
0 0.955469 0.360417 0.977734 0.360417 0.977734 0.389583 0.955469 0.389583
0 0.980859 0.380208 0.999609 0.380208 0.999609 0.401562 0.980859 0.401562
0 0.939062 0.40625 0.955469 0.40625 0.955469 0.440625 0.939062 0.440625
0 0.971094 0.445833 0.995703 0.445833 0.995703 0.464583 0.971094 0.464583
0 0.851172 0.439583 0.86875 0.439583 0.86875 0.46875 0.851172 0.46875
0 0.885938 0.425521 0.908984 0.425521 0.908984 0.445312 0.885938 0.445312
0 0.784766 0.409375 0.803516 0.409375 0.803516 0.429688 0.784766 0.429688
0 0.747266 0.363542 0.770312 0.363542 0.770312 0.384896 0.747266 0.384896
0 0.736328 0.334896 0.764062 0.334896 0.764062 0.353125 0.736328 0.353125
0 0.709766 0.3625 0.730078 0.3625 0.730078 0.385938 0.709766 0.385938
0 0.725 0.391146 0.751562 0.391146 0.751562 0.413542 0.725 0.413542
0 0.760547 0.426562 0.774609 0.426562 0.774609 0.45625 0.760547 0.45625
0 0.802734 0.442188 0.826953 0.442188 0.826953 0.467708 0.802734 0.467708
0 0.851562 0.497396 0.875 0.497396 0.875 0.51875 0.851562 0.51875
0 0.820703 0.491146 0.841797 0.491146 0.841797 0.526042 0.820703 0.526042
0 0.791797 0.514583 0.808984 0.514583 0.808984 0.546354 0.791797 0.546354
0 0.766016 0.4875 0.791406 0.4875 0.791406 0.510417 0.766016 0.510417
0 0.727344 0.444271 0.748047 0.444271 0.748047 0.473438 0.727344 0.473438
0 0.735547 0.508333 0.753906 0.508333 0.753906 0.54375 0.735547 0.54375
0 0.715234 0.503125 0.733203 0.503125 0.733203 0.530208 0.715234 0.530208
0 0.730078 0.558333 0.747266 0.558333 0.747266 0.585417 0.730078 0.585417
0 0.705859 0.544792 0.723438 0.544792 0.723438 0.571354 0.705859 0.571354
0 0.684375 0.563021 0.705078 0.563021 0.705078 0.576562 0.684375 0.576562
0 0.705469 0.45625 0.719531 0.45625 0.719531 0.48125 0.705469 0.48125
0 0.667578 0.373958 0.692578 0.373958 0.692578 0.397396 0.667578 0.397396
0 0.682812 0.451042 0.698047 0.451042 0.698047 0.479688 0.682812 0.479688
0 0.646484 0.4625 0.668359 0.4625 0.668359 0.486458 0.646484 0.486458
0 0.632031 0.4375 0.651562 0.4375 0.651562 0.457812 0.632031 0.457812
0 0.639844 0.405729 0.662109 0.405729 0.662109 0.427083 0.639844 0.427083
0 0.616016 0.372917 0.639844 0.372917 0.639844 0.400521 0.616016 0.400521
0 0.607812 0.410938 0.627344 0.410938 0.627344 0.431771 0.607812 0.431771
0 0.601562 0.43125 0.621484 0.43125 0.621484 0.455729 0.601562 0.455729
0 0.960156 0.485417 0.9875 0.485417 0.9875 0.504687 0.960156 0.504687
0 0.965234 0.600521 0.992578 0.600521 0.992578 0.627604 0.965234 0.627604
0 0.977344 0.634896 0.998047 0.634896 0.998047 0.663021 0.977344 0.663021
0 0.940625 0.603646 0.958984 0.603646 0.958984 0.627604 0.940625 0.627604
0 0.946484 0.653125 0.966406 0.653125 0.966406 0.680208 0.946484 0.680208
0 0.896484 0.675 0.915234 0.675 0.915234 0.703125 0.896484 0.703125
0 0.920703 0.703125 0.942188 0.703125 0.942188 0.731771 0.920703 0.731771
0 0.955469 0.741667 0.976562 0.741667 0.976562 0.7625 0.955469 0.7625
0 0.958984 0.780729 0.979688 0.780729 0.979688 0.808854 0.958984 0.808854
0 0.978906 0.8 0.999609 0.8 0.999609 0.824479 0.978906 0.824479
0 0.909766 0.764062 0.932812 0.764062 0.932812 0.79375 0.909766 0.79375
0 0.870312 0.689583 0.892578 0.689583 0.892578 0.720833 0.870312 0.720833
0 0.849609 0.645833 0.864844 0.645833 0.864844 0.672396 0.849609 0.672396
0 0.822656 0.646354 0.845312 0.646354 0.845312 0.682812 0.822656 0.682812
0 0.805078 0.657292 0.828516 0.657292 0.828516 0.693229 0.805078 0.693229
0 0.841016 0.698958 0.862891 0.698958 0.862891 0.723958 0.841016 0.723958
0 0.853906 0.739583 0.880078 0.739583 0.880078 0.765625 0.853906 0.765625
0 0.923828 0.808333 0.938672 0.808333 0.938672 0.832812 0.923828 0.832812
0 0.848438 0.775521 0.871875 0.775521 0.871875 0.794792 0.848438 0.794792
0 0.864844 0.807812 0.883203 0.807812 0.883203 0.835417 0.864844 0.835417
0 0.775 0.696354 0.802344 0.696354 0.802344 0.721354 0.775 0.721354
0 0.759766 0.727083 0.791406 0.727083 0.791406 0.75 0.759766 0.75
0 0.73125 0.703646 0.752734 0.703646 0.752734 0.728125 0.73125 0.728125
0 0.757422 0.751042 0.782812 0.751042 0.782812 0.776562 0.757422 0.776562
0 0.730078 0.766146 0.753516 0.766146 0.753516 0.788021 0.730078 0.788021
0 0.755469 0.788542 0.782422 0.788542 0.782422 0.808854 0.755469 0.808854
0 0.822266 0.794271 0.843359 0.794271 0.843359 0.822396 0.822266 0.822396
0 0.792188 0.808333 0.817578 0.808333 0.817578 0.836979 0.792188 0.836979
0 0.839453 0.832812 0.858984 0.832812 0.858984 0.865104 0.839453 0.865104
0 0.889062 0.859375 0.912109 0.859375 0.912109 0.883854 0.889062 0.883854
0 0.919141 0.902083 0.939453 0.902083 0.939453 0.928125 0.919141 0.928125
0 0.953906 0.913021 0.973047 0.913021 0.973047 0.947396 0.953906 0.947396
0 0.887109 0.938021 0.913281 0.938021 0.913281 0.954688 0.887109 0.954688
0 0.882812 0.898958 0.905469 0.898958 0.905469 0.927604 0.882812 0.927604
0 0.858594 0.869271 0.875391 0.869271 0.875391 0.897917 0.858594 0.897917
0 0.848047 0.927083 0.877344 0.927083 0.877344 0.957812 0.848047 0.957812
0 0.790625 0.8875 0.822656 0.8875 0.822656 0.913021 0.790625 0.913021
0 0.785547 0.846875 0.814844 0.846875 0.814844 0.864583 0.785547 0.864583
0 0.700781 0.839062 0.723047 0.839062 0.723047 0.86875 0.700781 0.86875
0 0.692969 0.911458 0.712891 0.911458 0.712891 0.929688 0.692969 0.929688
0 0.676172 0.831771 0.694922 0.831771 0.694922 0.859896 0.676172 0.859896
0 0.662109 0.870833 0.684375 0.870833 0.684375 0.891146 0.662109 0.891146
0 0.629297 0.855729 0.646875 0.855729 0.646875 0.880729 0.629297 0.880729
0 0.648047 0.825 0.669141 0.825 0.669141 0.846875 0.648047 0.846875
0 0.641797 0.915625 0.66875 0.915625 0.66875 0.943229 0.641797 0.943229
0 0.678906 0.951042 0.699219 0.951042 0.699219 0.969792 0.678906 0.969792
0 0.66875 0.976042 0.684766 0.976042 0.684766 0.999479 0.66875 0.999479
0 0.694922 0.982812 0.710547 0.982812 0.710547 0.999479 0.694922 0.999479
0 0.59375 0.865625 0.614453 0.865625 0.614453 0.885938 0.59375 0.885938
0 0.604297 0.904688 0.624609 0.904688 0.624609 0.928646 0.604297 0.928646
0 0.600391 0.959896 0.626953 0.959896 0.626953 0.990104 0.600391 0.990104
0 0.571484 0.964583 0.595312 0.964583 0.595312 0.999479 0.571484 0.999479
0 0.545703 0.947396 0.571094 0.947396 0.571094 0.965625 0.545703 0.965625
0 0.560547 0.893229 0.583984 0.893229 0.583984 0.923958 0.560547 0.923958
0 0.540234 0.8875 0.558984 0.8875 0.558984 0.916667 0.540234 0.916667
0 0.520312 0.897917 0.540234 0.897917 0.540234 0.925521 0.520312 0.925521
0 0.504297 0.917708 0.526562 0.917708 0.526562 0.938542 0.504297 0.938542
0 0.472266 0.911458 0.4875 0.911458 0.4875 0.941667 0.472266 0.941667
0 0.502734 0.956771 0.524219 0.956771 0.524219 0.979167 0.502734 0.979167
0 0.477344 0.973958 0.490625 0.973958 0.490625 0.999479 0.477344 0.999479
0 0.4375 0.958854 0.461719 0.958854 0.461719 0.985417 0.4375 0.985417
0 0.407031 0.906771 0.419531 0.906771 0.419531 0.927604 0.407031 0.927604
0 0.083203 0.976042 0.096875 0.976042 0.096875 0.999479 0.083203 0.999479
0 0.050391 0.964062 0.069531 0.964062 0.069531 0.989583 0.050391 0.989583
0 0.024219 0.945312 0.041797 0.945312 0.041797 0.980208 0.024219 0.980208
0 0.0 0.872396 0.017188 0.872396 0.017188 0.902604 0.0 0.902604
0 0.028125 0.880208 0.051172 0.880208 0.051172 0.915104 0.028125 0.915104
0 0.055078 0.919792 0.074609 0.919792 0.074609 0.953646 0.055078 0.953646
0 0.082812 0.910417 0.100781 0.910417 0.100781 0.943229 0.082812 0.943229
0 0.121094 0.94375 0.143359 0.94375 0.143359 0.965625 0.121094 0.965625
0 0.163281 0.9375 0.187891 0.9375 0.187891 0.963542 0.163281 0.963542
0 0.203125 0.972917 0.225 0.972917 0.225 0.995312 0.203125 0.995312
0 0.219531 0.95625 0.244531 0.95625 0.244531 0.980208 0.219531 0.980208
0 0.239844 0.923958 0.266016 0.923958 0.266016 0.943229 0.239844 0.943229
0 0.18125 0.9125 0.20625 0.9125 0.20625 0.935417 0.18125 0.935417
0 0.189453 0.876562 0.216016 0.876562 0.216016 0.899479 0.189453 0.899479
0 0.123828 0.889583 0.145703 0.889583 0.145703 0.916146 0.123828 0.916146
0 0.178906 0.855729 0.207031 0.855729 0.207031 0.875 0.178906 0.875
0 0.143359 0.85 0.160547 0.85 0.160547 0.866146 0.143359 0.866146
0 0.175 0.818229 0.195703 0.818229 0.195703 0.8375 0.175 0.8375
0 0.185938 0.782812 0.205859 0.782812 0.205859 0.8 0.185938 0.8
0 0.170312 0.738021 0.187891 0.738021 0.187891 0.775521 0.170312 0.775521
0 0.169922 0.669271 0.193359 0.669271 0.193359 0.689583 0.169922 0.689583
0 0.148047 0.689062 0.168359 0.689062 0.168359 0.714062 0.148047 0.714062
0 0.129297 0.715104 0.153125 0.715104 0.153125 0.740625 0.129297 0.740625
0 0.117578 0.777604 0.133984 0.777604 0.133984 0.807812 0.117578 0.807812
0 0.104688 0.851562 0.124609 0.851562 0.124609 0.875521 0.104688 0.875521
0 0.080469 0.851562 0.098828 0.851562 0.098828 0.881771 0.080469 0.881771
0 0.039453 0.832812 0.061719 0.832812 0.061719 0.858854 0.039453 0.858854
0 0.037891 0.796354 0.060938 0.796354 0.060938 0.819271 0.037891 0.819271
0 0.032422 0.769271 0.051172 0.769271 0.051172 0.796875 0.032422 0.796875
0 0.082031 0.755208 0.104297 0.755208 0.104297 0.776042 0.082031 0.776042
0 0.094531 0.704167 0.117969 0.704167 0.117969 0.733333 0.094531 0.733333
0 0.063281 0.711979 0.082031 0.711979 0.082031 0.744792 0.063281 0.744792
0 0.0 0.844792 0.016797 0.844792 0.016797 0.866146 0.0 0.866146
0 0.0875 0.811979 0.116016 0.811979 0.116016 0.830208 0.0875 0.830208
0 0.130078 0.569792 0.146484 0.569792 0.146484 0.600521 0.130078 0.600521
0 0.098047 0.559375 0.116406 0.559375 0.116406 0.589583 0.098047 0.589583
0 0.087109 0.556771 0.100781 0.556771 0.100781 0.574479 0.087109 0.574479
0 0.062891 0.565104 0.080078 0.565104 0.080078 0.598438 0.062891 0.598438
0 0.059375 0.616667 0.083594 0.616667 0.083594 0.642188 0.059375 0.642188
0 0.018359 0.578125 0.039453 0.578125 0.039453 0.604688 0.018359 0.604688
0 0.044922 0.505208 0.0625 0.505208 0.0625 0.536979 0.044922 0.536979
0 0.085547 0.478646 0.100391 0.478646 0.100391 0.509375 0.085547 0.509375
0 0.048047 0.465625 0.063281 0.465625 0.063281 0.492708 0.048047 0.492708
0 0.025391 0.453125 0.046094 0.453125 0.046094 0.473438 0.025391 0.473438
0 0.010547 0.489583 0.028125 0.489583 0.028125 0.5125 0.010547 0.5125
0 0.0 0.549479 0.0125 0.549479 0.0125 0.592188 0.0 0.592188
0 0.044531 0.384375 0.067578 0.384375 0.067578 0.411458 0.044531 0.411458
0 0.005859 0.421354 0.032422 0.421354 0.032422 0.453125 0.005859 0.453125
0 0.002344 0.380729 0.028906 0.380729 0.028906 0.405208 0.002344 0.405208