0 0.164062 0.414583 0.1875 0.414583 0.1875 0.44375 0.164062 0.44375
0 0.211328 0.469792 0.229688 0.469792 0.229688 0.494792 0.211328 0.494792
0 0.215625 0.255729 0.239062 0.255729 0.239062 0.278125 0.215625 0.278125
0 0.267578 0.266667 0.285156 0.266667 0.285156 0.299479 0.267578 0.299479
0 0.251563 0.321875 0.267969 0.321875 0.267969 0.347917 0.251563 0.347917
0 0.303125 0.267188 0.325391 0.267188 0.325391 0.296875 0.303125 0.296875
0 0.294922 0.376562 0.308984 0.376562 0.308984 0.403125 0.294922 0.403125
0 0.240234 0.364583 0.260938 0.364583 0.260938 0.381771 0.240234 0.381771
0 0.240625 0.409375 0.259766 0.409375 0.259766 0.435938 0.240625 0.435938
0 0.075391 0.324479 0.1 0.324479 0.1 0.35 0.075391 0.35
0 0.017578 0.398958 0.046094 0.398958 0.046094 0.429688 0.017578 0.429688
0 0.024219 0.532292 0.046094 0.532292 0.046094 0.550521 0.024219 0.550521
0 0.022656 0.586979 0.042188 0.586979 0.042188 0.605729 0.022656 0.605729
0 0.130078 0.557292 0.157422 0.557292 0.157422 0.590104 0.130078 0.590104
0 0.154297 0.522917 0.178125 0.522917 0.178125 0.553646 0.154297 0.553646
0 0.147266 0.609896 0.164844 0.609896 0.164844 0.641667 0.147266 0.641667
0 0.1125 0.611979 0.134766 0.611979 0.134766 0.64375 0.1125 0.64375
0 0.094141 0.641146 0.116797 0.641146 0.116797 0.661979 0.094141 0.661979
0 0.066797 0.728125 0.092188 0.728125 0.092188 0.754688 0.066797 0.754688
0 0.211719 0.627604 0.236328 0.627604 0.236328 0.654167 0.211719 0.654167
0 0.159766 0.671354 0.178906 0.671354 0.178906 0.695312 0.159766 0.695312
0 0.126562 0.718229 0.148438 0.718229 0.148438 0.739583 0.126562 0.739583
0 0.169531 0.726042 0.187109 0.726042 0.187109 0.751042 0.169531 0.751042
0 0.191016 0.703125 0.217969 0.703125 0.217969 0.727604 0.191016 0.727604
0 0.278516 0.709896 0.302344 0.709896 0.302344 0.728646 0.278516 0.728646
0 0.303906 0.684375 0.325391 0.684375 0.325391 0.709896 0.303906 0.709896
0 0.180078 0.591146 0.202734 0.591146 0.202734 0.614062 0.180078 0.614062
0 0.188672 0.565104 0.214453 0.565104 0.214453 0.586979 0.188672 0.586979
0 0.243359 0.581771 0.264844 0.581771 0.264844 0.610938 0.243359 0.610938
0 0.206641 0.538542 0.226172 0.538542 0.226172 0.559375 0.206641 0.559375
0 0.129297 0.759375 0.152734 0.759375 0.152734 0.784375 0.129297 0.784375
0 0.067578 0.761979 0.091797 0.761979 0.091797 0.782292 0.067578 0.782292
0 0.124219 0.797396 0.142969 0.797396 0.142969 0.821875 0.124219 0.821875
0 0.195312 0.7625 0.2125 0.7625 0.2125 0.79375 0.195312 0.79375
0 0.169922 0.808333 0.194141 0.808333 0.194141 0.839583 0.169922 0.839583
0 0.247266 0.751562 0.271094 0.751562 0.271094 0.782812 0.247266 0.782812
0 0.329688 0.583854 0.356641 0.583854 0.356641 0.618229 0.329688 0.618229
0 0.390234 0.515104 0.414062 0.515104 0.414062 0.545312 0.390234 0.545312
0 0.367578 0.492708 0.382422 0.492708 0.382422 0.526562 0.367578 0.526562
0 0.226562 0.695833 0.244141 0.695833 0.244141 0.721875 0.226562 0.721875
0 0.365625 0.694271 0.383594 0.694271 0.383594 0.726562 0.365625 0.726562
0 0.357031 0.745833 0.374219 0.745833 0.374219 0.766667 0.357031 0.766667
0 0.340234 0.780729 0.364062 0.780729 0.364062 0.798438 0.340234 0.798438
0 0.278125 0.743229 0.296484 0.743229 0.296484 0.760417 0.278125 0.760417
0 0.404688 0.658333 0.421094 0.658333 0.421094 0.679688 0.404688 0.679688
0 0.292969 0.524479 0.305859 0.524479 0.305859 0.552604 0.292969 0.552604
0 0.315625 0.357812 0.333594 0.357812 0.333594 0.386458 0.315625 0.386458
0 0.342969 0.43125 0.359375 0.43125 0.359375 0.45 0.342969 0.45
0 0.284766 0.468229 0.303516 0.468229 0.303516 0.485938 0.284766 0.485938
0 0.348438 0.464583 0.364844 0.464583 0.364844 0.492708 0.348438 0.492708
0 0.311719 0.476562 0.328906 0.476562 0.328906 0.505729 0.311719 0.505729
0 0.472656 0.786979 0.491016 0.786979 0.491016 0.816146 0.472656 0.816146
0 0.435156 0.769792 0.451562 0.769792 0.451562 0.805208 0.435156 0.805208
0 0.460156 0.666146 0.478516 0.666146 0.478516 0.695312 0.460156 0.695312
0 0.488281 0.682812 0.503125 0.682812 0.503125 0.713021 0.488281 0.713021
0 0.516406 0.658333 0.53125 0.658333 0.53125 0.689062 0.516406 0.689062
0 0.470312 0.633333 0.488672 0.633333 0.488672 0.654688 0.470312 0.654688
0 0.503906 0.749479 0.528125 0.749479 0.528125 0.776042 0.503906 0.776042
0 0.505859 0.916667 0.530469 0.916667 0.530469 0.95 0.505859 0.95
0 0.465625 0.841146 0.485156 0.841146 0.485156 0.872396 0.465625 0.872396
0 0.490234 0.823438 0.505859 0.823438 0.505859 0.857812 0.490234 0.857812
0 0.441016 0.832812 0.456641 0.832812 0.456641 0.864583 0.441016 0.864583
0 0.441016 0.888021 0.465625 0.888021 0.465625 0.910417 0.441016 0.910417
0 0.335156 0.856771 0.360938 0.856771 0.360938 0.878646 0.335156 0.878646
0 0.360156 0.911458 0.383984 0.911458 0.383984 0.934375 0.360156 0.934375
0 0.402344 0.91875 0.426953 0.91875 0.426953 0.941667 0.402344 0.941667
0 0.805078 0.919271 0.825781 0.919271 0.825781 0.948958 0.805078 0.948958
0 0.833984 0.947917 0.856641 0.947917 0.856641 0.970312 0.833984 0.970312
0 0.875391 0.94375 0.899609 0.94375 0.899609 0.965625 0.875391 0.965625
0 0.861719 0.897396 0.886328 0.897396 0.886328 0.925 0.861719 0.925
0 0.769922 0.891146 0.791016 0.891146 0.791016 0.927604 0.769922 0.927604
0 0.725781 0.914062 0.745703 0.914062 0.745703 0.946354 0.725781 0.946354
0 0.675 0.927604 0.697656 0.927604 0.697656 0.952083 0.675 0.952083
0 0.669922 0.965104 0.691406 0.965104 0.691406 0.988021 0.669922 0.988021
0 0.635547 0.925521 0.660156 0.925521 0.660156 0.946354 0.635547 0.946354
0 0.649219 0.881771 0.676172 0.881771 0.676172 0.906771 0.649219 0.906771
0 0.604297 0.970312 0.630859 0.970312 0.630859 0.992188 0.604297 0.992188
0 0.696875 0.883333 0.714062 0.883333 0.714062 0.913542 0.696875 0.913542
0 0.776953 0.964062 0.797656 0.964062 0.797656 0.9875 0.776953 0.9875
0 0.676953 0.850521 0.69375 0.850521 0.69375 0.877604 0.676953 0.877604
0 0.666797 0.75 0.685156 0.75 0.685156 0.766146 0.666797 0.766146
0 0.541406 0.793229 0.565234 0.793229 0.565234 0.813542 0.541406 0.813542
0 0.540234 0.761979 0.566797 0.761979 0.566797 0.781771 0.540234 0.781771
0 0.798047 0.764062 0.817969 0.764062 0.817969 0.796354 0.798047 0.796354
0 0.837891 0.755729 0.860938 0.755729 0.860938 0.779167 0.837891 0.779167
0 0.778906 0.798958 0.801172 0.798958 0.801172 0.81875 0.778906 0.81875
0 0.808594 0.844271 0.830859 0.844271 0.830859 0.8625 0.808594 0.8625
0 0.823047 0.865104 0.841797 0.865104 0.841797 0.885417 0.823047 0.885417
0 0.341406 0.965625 0.364844 0.965625 0.364844 0.993229 0.341406 0.993229
0 0.274219 0.91875 0.298828 0.91875 0.298828 0.942188 0.274219 0.942188
0 0.31875 0.907812 0.338281 0.907812 0.338281 0.932812 0.31875 0.932812
0 0.378906 0.806771 0.403906 0.806771 0.403906 0.830729 0.378906 0.830729
0 0.291797 0.8375 0.307031 0.8375 0.307031 0.863542 0.291797 0.863542
0 0.251953 0.880729 0.272656 0.880729 0.272656 0.907812 0.251953 0.907812
0 0.738281 0.69375 0.7625 0.69375 0.7625 0.722917 0.738281 0.722917
0 0.74375 0.756771 0.771094 0.756771 0.771094 0.798958 0.74375 0.798958
0 0.187109 0.886458 0.212109 0.886458 0.212109 0.914062 0.187109 0.914062
0 0.174219 0.911458 0.189453 0.911458 0.189453 0.943229 0.174219 0.943229
0 0.202344 0.924479 0.227344 0.924479 0.227344 0.947396 0.202344 0.947396
0 0.21875 0.869792 0.244531 0.869792 0.244531 0.893229 0.21875 0.893229
0 0.212891 0.83125 0.23125 0.83125 0.23125 0.860417 0.212891 0.860417
0 0.275 0.967708 0.290234 0.967708 0.290234 0.999479 0.275 0.999479
0 0.431641 0.534375 0.45 0.534375 0.45 0.555729 0.431641 0.555729
0 0.412891 0.586458 0.433984 0.586458 0.433984 0.607812 0.412891 0.607812
0 0.563672 0.515104 0.583203 0.515104 0.583203 0.552083 0.563672 0.552083
0 0.559375 0.453125 0.577734 0.453125 0.577734 0.489583 0.559375 0.489583
0 0.391797 0.44375 0.4125 0.44375 0.4125 0.470833 0.391797 0.470833
0 0.516016 0.521875 0.532812 0.521875 0.532812 0.561458 0.516016 0.561458
0 0.541016 0.54375 0.558984 0.54375 0.558984 0.578646 0.541016 0.578646
0 0.588672 0.386458 0.604297 0.386458 0.604297 0.425 0.588672 0.425
0 0.557812 0.391146 0.574219 0.391146 0.574219 0.427083 0.557812 0.427083
0 0.515625 0.449479 0.532422 0.449479 0.532422 0.483854 0.515625 0.483854
0 0.213281 0.071875 0.230078 0.071875 0.230078 0.10625 0.213281 0.10625
0 0.260938 0.053646 0.274609 0.053646 0.274609 0.0875 0.260938 0.0875
0 0.286719 0.058854 0.303516 0.058854 0.303516 0.089583 0.286719 0.089583
0 0.339062 0.080208 0.353125 0.080208 0.353125 0.114062 0.339062 0.114062
0 0.40625 0.110417 0.423438 0.110417 0.423438 0.147917 0.40625 0.147917
0 0.444531 0.105208 0.4625 0.105208 0.4625 0.138542 0.444531 0.138542
0 0.370312 0.184375 0.396484 0.184375 0.396484 0.207812 0.370312 0.207812
0 0.290625 0.106771 0.308594 0.106771 0.308594 0.140625 0.290625 0.140625
0 0.435156 0.030729 0.459375 0.030729 0.459375 0.053125 0.435156 0.053125
0 0.123047 0.149479 0.152344 0.149479 0.152344 0.170833 0.123047 0.170833
0 0.644922 0.434896 0.661719 0.434896 0.661719 0.469271 0.644922 0.469271
0 0.697266 0.441667 0.725781 0.441667 0.725781 0.472917 0.697266 0.472917
0 0.646484 0.548438 0.660547 0.548438 0.660547 0.577604 0.646484 0.577604
0 0.721875 0.557812 0.744141 0.557812 0.744141 0.5875 0.721875 0.5875
0 0.748828 0.575 0.767578 0.575 0.767578 0.610938 0.748828 0.610938
0 0.784766 0.548438 0.801172 0.548438 0.801172 0.582292 0.784766 0.582292
0 0.760938 0.507292 0.782422 0.507292 0.782422 0.540104 0.760938 0.540104
0 0.81875 0.482292 0.839844 0.482292 0.839844 0.505729 0.81875 0.505729
0 0.835156 0.541667 0.859766 0.541667 0.859766 0.563542 0.835156 0.563542
0 0.873438 0.561458 0.898047 0.561458 0.898047 0.585417 0.873438 0.585417
0 0.835547 0.580208 0.853906 0.580208 0.853906 0.607292 0.835547 0.607292
0 0.841016 0.621354 0.864844 0.621354 0.864844 0.642708 0.841016 0.642708
0 0.728516 0.622917 0.753516 0.622917 0.753516 0.649479 0.728516 0.649479
0 0.798438 0.391667 0.816406 0.391667 0.816406 0.420312 0.798438 0.420312
0 0.823438 0.392188 0.839453 0.392188 0.839453 0.422396 0.823438 0.422396
0 0.846484 0.459375 0.871484 0.459375 0.871484 0.478646 0.846484 0.478646
0 0.888281 0.675 0.906641 0.675 0.906641 0.695833 0.888281 0.695833
0 0.854297 0.656771 0.882422 0.656771 0.882422 0.675521 0.854297 0.675521
0 0.783203 0.630208 0.805469 0.630208 0.805469 0.657292 0.783203 0.657292
0 0.779688 0.730208 0.801562 0.730208 0.801562 0.758333 0.779688 0.758333
0 0.671875 0.696354 0.698047 0.696354 0.698047 0.714583 0.671875 0.714583
0 0.594141 0.660417 0.610156 0.660417 0.610156 0.696354 0.594141 0.696354
0 0.700781 0.599479 0.71875 0.599479 0.71875 0.63125 0.700781 0.63125
0 0.657422 0.594271 0.683594 0.594271 0.683594 0.619792 0.657422 0.619792
0 0.519922 0.603125 0.539062 0.603125 0.539062 0.63125 0.519922 0.63125
0 0.830078 0.322917 0.853516 0.322917 0.853516 0.348438 0.830078 0.348438
0 0.859766 0.352604 0.884375 0.352604 0.884375 0.370833 0.859766 0.370833
0 0.776953 0.357292 0.798828 0.357292 0.798828 0.377604 0.776953 0.377604
0 0.707812 0.392708 0.735938 0.392708 0.735938 0.420312 0.707812 0.420312
0 0.751953 0.395312 0.777734 0.395312 0.777734 0.426042 0.751953 0.426042
0 0.674609 0.321875 0.698828 0.321875 0.698828 0.349479 0.674609 0.349479
0 0.780859 0.439062 0.805859 0.439062 0.805859 0.460417 0.780859 0.460417
0 0.691016 0.492708 0.710938 0.492708 0.710938 0.515104 0.691016 0.515104
0 0.691016 0.535938 0.709766 0.535938 0.709766 0.563542 0.691016 0.563542
0 0.599219 0.491667 0.613281 0.491667 0.613281 0.520312 0.599219 0.520312
0 0.802344 0.304167 0.816016 0.304167 0.816016 0.333333 0.802344 0.333333
0 0.773828 0.307292 0.797266 0.307292 0.797266 0.336458 0.773828 0.336458
0 0.741016 0.3125 0.758203 0.3125 0.758203 0.34375 0.741016 0.34375
0 0.789453 0.210938 0.8125 0.210938 0.8125 0.2375 0.789453 0.2375
0 0.828906 0.222917 0.858594 0.222917 0.858594 0.243229 0.828906 0.243229
0 0.613281 0.235417 0.644531 0.235417 0.644531 0.255729 0.613281 0.255729
0 0.625 0.349479 0.638281 0.349479 0.638281 0.378125 0.625 0.378125
0 0.595703 0.326042 0.615625 0.326042 0.615625 0.342188 0.595703 0.342188
0 0.860547 0.177083 0.883594 0.177083 0.883594 0.194792 0.860547 0.194792
0 0.737109 0.215104 0.759766 0.215104 0.759766 0.230208 0.737109 0.230208
0 0.762891 0.178125 0.790625 0.178125 0.790625 0.2 0.762891 0.2
0 0.815234 0.116146 0.836328 0.116146 0.836328 0.135938 0.815234 0.135938
0 0.711719 0.154167 0.733203 0.154167 0.733203 0.170833 0.711719 0.170833
0 0.697266 0.185417 0.720312 0.185417 0.720312 0.209375 0.697266 0.209375
0 0.748047 0.124479 0.767578 0.124479 0.767578 0.148438 0.748047 0.148438
0 0.638672 0.019792 0.657031 0.019792 0.657031 0.048958 0.638672 0.048958
0 0.59375 0.032812 0.608594 0.032812 0.608594 0.065104 0.59375 0.065104
0 0.567969 0.089062 0.586328 0.089062 0.586328 0.117188 0.567969 0.117188
0 0.5625 0.166146 0.579297 0.166146 0.579297 0.198438 0.5625 0.198438
0 0.528516 0.217188 0.555469 0.217188 0.555469 0.239583 0.528516 0.239583
0 0.524609 0.140104 0.545703 0.140104 0.545703 0.163021 0.524609 0.163021
0 0.610156 0.146354 0.629297 0.146354 0.629297 0.171875 0.610156 0.171875
0 0.637109 0.173958 0.659766 0.173958 0.659766 0.205208 0.637109 0.205208
0 0.682031 0.127083 0.704297 0.127083 0.704297 0.160417 0.682031 0.160417
0 0.692578 0.079688 0.714844 0.079688 0.714844 0.1 0.692578 0.1
0 0.719141 0.0125 0.742969 0.0125 0.742969 0.034896 0.719141 0.034896
0 0.823047 0.034375 0.842969 0.034375 0.842969 0.068229 0.823047 0.068229
0 0.771875 0.030729 0.795703 0.030729 0.795703 0.054167 0.771875 0.054167
0 0.569531 0.00625 0.585156 0.00625 0.585156 0.036979 0.569531 0.036979
0 0.507422 0.025521 0.524609 0.025521 0.524609 0.059896 0.507422 0.059896
0 0.538672 0.083854 0.560547 0.083854 0.560547 0.115625 0.538672 0.115625
0 0.477344 0.123958 0.489062 0.123958 0.489062 0.155729 0.477344 0.155729
0 0.516016 0.186458 0.54375 0.186458 0.54375 0.204167 0.516016 0.204167
0 0.788672 0.141667 0.814453 0.141667 0.814453 0.167708 0.788672 0.167708
0 0.863672 0.047396 0.887109 0.047396 0.887109 0.075521 0.863672 0.075521
0 0.460938 0.198958 0.482031 0.198958 0.482031 0.217708 0.460938 0.217708
0 0.423828 0.173438 0.439453 0.173438 0.439453 0.203125 0.423828 0.203125
0 0.534766 0.025521 0.551172 0.025521 0.551172 0.058333 0.534766 0.058333
0 0.405469 0.329167 0.427344 0.329167 0.427344 0.354688 0.405469 0.354688
0 0.323438 0.316667 0.346875 0.316667 0.346875 0.341667 0.323438 0.341667
0 0.346484 0.292708 0.362891 0.292708 0.362891 0.315625 0.346484 0.315625
0 0.121484 0.180729 0.155078 0.180729 0.155078 0.210417 0.121484 0.210417
0 0.165234 0.493229 0.190625 0.493229 0.190625 0.513021 0.165234 0.513021
0 0.20625 0.373438 0.230859 0.373438 0.230859 0.401562 0.20625 0.401562
0 0.826562 0.715625 0.852734 0.715625 0.852734 0.735938 0.826562 0.735938
0 0.904688 0.871875 0.926562 0.871875 0.926562 0.899479 0.904688 0.899479
0 0.903125 0.911979 0.926953 0.911979 0.926953 0.931771 0.903125 0.931771
0 0.824219 0.659896 0.852344 0.659896 0.852344 0.689062 0.824219 0.689062
0 0.870312 0.716146 0.895312 0.716146 0.895312 0.740104 0.870312 0.740104
0 0.621094 0.897917 0.639844 0.897917 0.639844 0.924479 0.621094 0.924479
0 0.870312 0.765104 0.888672 0.765104 0.888672 0.795833 0.870312 0.795833
0 0.652344 0.636979 0.674219 0.636979 0.674219 0.654167 0.652344 0.654167
0 0.640625 0.670833 0.663281 0.670833 0.663281 0.690625 0.640625 0.690625
0 0.50625 0.574479 0.521875 0.574479 0.521875 0.600521 0.50625 0.600521