0 0.001953 0.015625 0.020703 0.015625 0.020703 0.039062 0.001953 0.039062
0 0.044141 0.028646 0.063672 0.028646 0.063672 0.052083 0.044141 0.052083
0 0.071875 0.025 0.089453 0.025 0.089453 0.045833 0.071875 0.045833
0 0.014062 0.0625 0.037109 0.0625 0.037109 0.088021 0.014062 0.088021
0 0.0 0.111458 0.019531 0.111458 0.019531 0.140104 0.0 0.140104
0 0.048828 0.096354 0.069922 0.096354 0.069922 0.119792 0.048828 0.119792
0 0.059766 0.132292 0.076172 0.132292 0.076172 0.160417 0.059766 0.160417
0 0.030469 0.133333 0.051562 0.133333 0.051562 0.155729 0.030469 0.155729
0 0.016406 0.2 0.034766 0.2 0.034766 0.230208 0.016406 0.230208
0 0.045703 0.186979 0.068359 0.186979 0.068359 0.207812 0.045703 0.207812
0 0.110938 0.154688 0.127344 0.154688 0.127344 0.171354 0.110938 0.171354
0 0.071875 0.207812 0.091016 0.207812 0.091016 0.225 0.071875 0.225
0 0.117578 0.1875 0.133984 0.1875 0.133984 0.207812 0.117578 0.207812
0 0.097656 0.234896 0.118359 0.234896 0.118359 0.258333 0.097656 0.258333
0 0.066406 0.238021 0.084375 0.238021 0.084375 0.264583 0.066406 0.264583
0 0.120703 0.283333 0.143359 0.283333 0.143359 0.298958 0.120703 0.298958
0 0.0875 0.280208 0.107812 0.280208 0.107812 0.30625 0.0875 0.30625
0 0.046875 0.285417 0.065625 0.285417 0.065625 0.300521 0.046875 0.300521
0 0.033594 0.314583 0.055078 0.314583 0.055078 0.3375 0.033594 0.3375
0 0.119531 0.329167 0.141406 0.329167 0.141406 0.345312 0.119531 0.345312
0 0.092578 0.353646 0.108594 0.353646 0.108594 0.3875 0.092578 0.3875
0 0.055078 0.35 0.076172 0.35 0.076172 0.371875 0.055078 0.371875
0 0.028906 0.371354 0.048438 0.371354 0.048438 0.396354 0.028906 0.396354
0 0.042188 0.398958 0.058594 0.398958 0.058594 0.420833 0.042188 0.420833
0 0.061719 0.416667 0.077344 0.416667 0.077344 0.436979 0.061719 0.436979
0 0.128516 0.402083 0.150391 0.402083 0.150391 0.419792 0.128516 0.419792
0 0.121484 0.365104 0.143359 0.365104 0.143359 0.383333 0.121484 0.383333
0 0.099609 0.416146 0.114453 0.416146 0.114453 0.436979 0.099609 0.436979
0 0.114062 0.457292 0.138281 0.457292 0.138281 0.476042 0.114062 0.476042
0 0.053125 0.459375 0.071484 0.459375 0.071484 0.490625 0.053125 0.490625
0 0.002344 0.411458 0.018359 0.411458 0.018359 0.430208 0.002344 0.430208
0 0.155469 0.468229 0.174219 0.468229 0.174219 0.501042 0.155469 0.501042
0 0.115234 0.486458 0.135547 0.486458 0.135547 0.504687 0.115234 0.504687
0 0.077734 0.490625 0.101562 0.490625 0.101562 0.509896 0.077734 0.509896
0 0.041406 0.514583 0.058594 0.514583 0.058594 0.538542 0.041406 0.538542
0 0.00625 0.505729 0.023438 0.505729 0.023438 0.533854 0.00625 0.533854
0 0.117969 0.5125 0.137891 0.5125 0.137891 0.53125 0.117969 0.53125
0 0.171484 0.521875 0.189844 0.521875 0.189844 0.541146 0.171484 0.541146
0 0.130469 0.558854 0.152344 0.558854 0.152344 0.576042 0.130469 0.576042
0 0.08125 0.535417 0.097656 0.535417 0.097656 0.558854 0.08125 0.558854
0 0.135156 0.591146 0.159766 0.591146 0.159766 0.615625 0.135156 0.615625
0 0.171094 0.5625 0.185156 0.5625 0.185156 0.584375 0.171094 0.584375
0 0.196094 0.565104 0.211719 0.565104 0.211719 0.586458 0.196094 0.586458
0 0.202344 0.611458 0.223438 0.611458 0.223438 0.630729 0.202344 0.630729
0 0.146484 0.636458 0.165234 0.636458 0.165234 0.6625 0.146484 0.6625
0 0.18125 0.641146 0.200781 0.641146 0.200781 0.663542 0.18125 0.663542
0 0.058984 0.572396 0.075 0.572396 0.075 0.594271 0.058984 0.594271
0 0.119531 0.631771 0.137891 0.631771 0.137891 0.65 0.119531 0.65
0 0.008203 0.659896 0.025781 0.659896 0.025781 0.673958 0.008203 0.673958
0 0.046484 0.68125 0.06875 0.68125 0.06875 0.701562 0.046484 0.701562
0 0.004688 0.6875 0.027734 0.6875 0.027734 0.708333 0.004688 0.708333
0 0.089062 0.704167 0.112109 0.704167 0.112109 0.725 0.089062 0.725
0 0.051172 0.733854 0.076172 0.733854 0.076172 0.757812 0.051172 0.757812
0 0.008203 0.736458 0.030859 0.736458 0.030859 0.760938 0.008203 0.760938
0 0.014844 0.773438 0.035547 0.773438 0.035547 0.793229 0.014844 0.793229
0 0.082031 0.750521 0.098047 0.750521 0.098047 0.775521 0.082031 0.775521
0 0.060547 0.792708 0.083203 0.792708 0.083203 0.808854 0.060547 0.808854
0 0.0 0.805729 0.01875 0.805729 0.01875 0.826562 0.0 0.826562
0 0.125781 0.755208 0.146484 0.755208 0.146484 0.776042 0.125781 0.776042
0 0.142969 0.727083 0.164453 0.727083 0.164453 0.745833 0.142969 0.745833
0 0.035547 0.824479 0.050391 0.824479 0.050391 0.847396 0.035547 0.847396
0 0.064453 0.824479 0.085156 0.824479 0.085156 0.844792 0.064453 0.844792
0 0.084766 0.855729 0.103906 0.855729 0.103906 0.875 0.084766 0.875
0 0.117969 0.826562 0.136328 0.826562 0.136328 0.849479 0.117969 0.849479
0 0.140234 0.871354 0.153906 0.871354 0.153906 0.894271 0.140234 0.894271
0 0.176562 0.860417 0.192578 0.860417 0.192578 0.873958 0.176562 0.873958
0 0.095312 0.895312 0.119141 0.895312 0.119141 0.913021 0.095312 0.913021
0 0.002344 0.865104 0.025391 0.865104 0.025391 0.883333 0.002344 0.883333
0 0.104688 0.9375 0.123828 0.9375 0.123828 0.954688 0.104688 0.954688
0 0.067578 0.957812 0.090234 0.957812 0.090234 0.98125 0.067578 0.98125
0 0.347266 0.778125 0.366016 0.778125 0.366016 0.796875 0.347266 0.796875
0 0.376953 0.801042 0.396094 0.801042 0.396094 0.821354 0.376953 0.821354
0 0.408984 0.798958 0.433984 0.798958 0.433984 0.817708 0.408984 0.817708
0 0.398047 0.838021 0.417969 0.838021 0.417969 0.857812 0.398047 0.857812
0 0.387891 0.879688 0.408594 0.879688 0.408594 0.900521 0.387891 0.900521
0 0.325391 0.8625 0.344141 0.8625 0.344141 0.884375 0.325391 0.884375
0 0.441016 0.801562 0.466406 0.801562 0.466406 0.823438 0.441016 0.823438
0 0.323828 0.778646 0.339062 0.778646 0.339062 0.807812 0.323828 0.807812
0 0.565625 0.844271 0.590234 0.844271 0.590234 0.8625 0.565625 0.8625
0 0.534375 0.860938 0.553125 0.860938 0.553125 0.886458 0.534375 0.886458
0 0.459375 0.876042 0.480469 0.876042 0.480469 0.897917 0.459375 0.897917
0 0.432812 0.875 0.450391 0.875 0.450391 0.9 0.432812 0.9
0 0.40625 0.913542 0.431641 0.913542 0.431641 0.933854 0.40625 0.933854
0 0.419531 0.955208 0.439453 0.955208 0.439453 0.973958 0.419531 0.973958
0 0.390625 0.971354 0.416016 0.971354 0.416016 0.990104 0.390625 0.990104
0 0.454297 0.967188 0.479297 0.967188 0.479297 0.989062 0.454297 0.989062
0 0.464062 0.917708 0.483984 0.917708 0.483984 0.933854 0.464062 0.933854
0 0.488281 0.936979 0.505859 0.936979 0.505859 0.961979 0.488281 0.961979
0 0.557812 0.895833 0.584375 0.895833 0.584375 0.917708 0.557812 0.917708
0 0.548828 0.952083 0.566406 0.952083 0.566406 0.986458 0.548828 0.986458
0 0.517578 0.955208 0.535156 0.955208 0.535156 0.984896 0.517578 0.984896
0 0.592578 0.933854 0.614844 0.933854 0.614844 0.959375 0.592578 0.959375
0 0.616797 0.970833 0.641016 0.970833 0.641016 0.99375 0.616797 0.99375
0 0.641406 0.8875 0.665234 0.8875 0.665234 0.906771 0.641406 0.906771
0 0.640625 0.915104 0.662109 0.915104 0.662109 0.933854 0.640625 0.933854
0 0.980859 0.873958 0.998828 0.873958 0.998828 0.901562 0.980859 0.901562
0 0.966016 0.821354 0.986328 0.821354 0.986328 0.852083 0.966016 0.852083
0 0.948047 0.836458 0.968359 0.836458 0.968359 0.866667 0.948047 0.866667
0 0.916016 0.781771 0.938281 0.781771 0.938281 0.803646 0.916016 0.803646
0 0.892969 0.761458 0.911328 0.761458 0.911328 0.788542 0.892969 0.788542
0 0.878516 0.795312 0.902344 0.795312 0.902344 0.822396 0.878516 0.822396
0 0.932031 0.751562 0.951562 0.751562 0.951562 0.777604 0.932031 0.777604
0 0.912891 0.859375 0.933203 0.859375 0.933203 0.89375 0.912891 0.89375
0 0.869141 0.860938 0.889062 0.860938 0.889062 0.893229 0.869141 0.893229
0 0.803125 0.852083 0.826562 0.852083 0.826562 0.875 0.803125 0.875
0 0.796875 0.883333 0.821094 0.883333 0.821094 0.905729 0.796875 0.905729
0 0.828516 0.914062 0.848047 0.914062 0.848047 0.945833 0.828516 0.945833
0 0.780078 0.921875 0.796094 0.921875 0.796094 0.949479 0.780078 0.949479
0 0.792578 0.965104 0.810156 0.965104 0.810156 0.994271 0.792578 0.994271
0 0.840625 0.967188 0.857031 0.967188 0.857031 0.996875 0.840625 0.996875
0 0.868359 0.961979 0.889453 0.961979 0.889453 0.994792 0.868359 0.994792
0 0.873438 0.908333 0.89375 0.908333 0.89375 0.93125 0.873438 0.93125
0 0.902344 0.934896 0.924219 0.934896 0.924219 0.959375 0.902344 0.959375
0 0.948438 0.883854 0.969141 0.883854 0.969141 0.90625 0.948438 0.90625
0 0.936328 0.967708 0.954688 0.967708 0.954688 0.988021 0.936328 0.988021
0 0.608984 0.875 0.632422 0.875 0.632422 0.895312 0.608984 0.895312
0 0.886719 0.433333 0.905859 0.433333 0.905859 0.459375 0.886719 0.459375
0 0.904297 0.461979 0.916016 0.461979 0.916016 0.490625 0.904297 0.490625
0 0.878516 0.4625 0.893359 0.4625 0.893359 0.488542 0.878516 0.488542
0 0.928516 0.484375 0.952734 0.484375 0.952734 0.511458 0.928516 0.511458
0 0.965234 0.507812 0.989844 0.507812 0.989844 0.543229 0.965234 0.543229
0 0.966016 0.464062 0.982812 0.464062 0.982812 0.490625 0.966016 0.490625
0 0.938672 0.388021 0.958984 0.388021 0.958984 0.413542 0.938672 0.413542
0 0.905469 0.543229 0.926562 0.543229 0.926562 0.567188 0.905469 0.567188
0 0.916406 0.574479 0.939453 0.574479 0.939453 0.603646 0.916406 0.603646
0 0.951953 0.568229 0.967188 0.568229 0.967188 0.594792 0.951953 0.594792
0 0.977734 0.547917 0.999609 0.547917 0.999609 0.582812 0.977734 0.582812
0 0.96875 0.586979 0.991406 0.586979 0.991406 0.616667 0.96875 0.616667
0 0.939844 0.620312 0.962109 0.620312 0.962109 0.648438 0.939844 0.648438
0 0.964062 0.655729 0.980469 0.655729 0.980469 0.681771 0.964062 0.681771
0 0.896094 0.319792 0.919141 0.319792 0.919141 0.346875 0.896094 0.346875
0 0.846484 0.334896 0.858984 0.334896 0.858984 0.361458 0.846484 0.361458
0 0.813672 0.332292 0.830859 0.332292 0.830859 0.358854 0.813672 0.358854
0 0.79375 0.302604 0.814844 0.302604 0.814844 0.323438 0.79375 0.323438
0 0.793359 0.273958 0.814062 0.273958 0.814062 0.294792 0.793359 0.294792
0 0.773828 0.254167 0.793359 0.254167 0.793359 0.273958 0.773828 0.273958
0 0.660938 0.227604 0.680859 0.227604 0.680859 0.256771 0.660938 0.256771
0 0.866797 0.291667 0.892188 0.291667 0.892188 0.3125 0.866797 0.3125
0 0.910547 0.288021 0.929297 0.288021 0.929297 0.307292 0.910547 0.307292
0 0.921094 0.247917 0.941406 0.247917 0.941406 0.269271 0.921094 0.269271
0 0.875 0.241667 0.895703 0.241667 0.895703 0.266146 0.875 0.266146
0 0.838672 0.222917 0.8625 0.222917 0.8625 0.248438 0.838672 0.248438
0 0.791016 0.209375 0.816016 0.209375 0.816016 0.230208 0.791016 0.230208
0 0.796094 0.153646 0.818359 0.153646 0.818359 0.179688 0.796094 0.179688
0 0.764453 0.145833 0.782422 0.145833 0.782422 0.173438 0.764453 0.173438
0 0.725391 0.152083 0.744531 0.152083 0.744531 0.170312 0.725391 0.170312
0 0.687891 0.122396 0.707422 0.122396 0.707422 0.141667 0.687891 0.141667
0 0.684375 0.15625 0.702344 0.15625 0.702344 0.179688 0.684375 0.179688
0 0.646484 0.025 0.666016 0.025 0.666016 0.040104 0.646484 0.040104
0 0.732031 0.055208 0.749219 0.055208 0.749219 0.080729 0.732031 0.080729
0 0.742578 0.104167 0.761719 0.104167 0.761719 0.129167 0.742578 0.129167
0 0.799219 0.090104 0.823047 0.090104 0.823047 0.111458 0.799219 0.111458
0 0.840234 0.090625 0.852734 0.090625 0.852734 0.114583 0.840234 0.114583
0 0.842969 0.135417 0.868359 0.135417 0.868359 0.161979 0.842969 0.161979
0 0.846875 0.182812 0.867969 0.182812 0.867969 0.202604 0.846875 0.202604
0 0.904688 0.171875 0.927734 0.171875 0.927734 0.189583 0.904688 0.189583
0 0.905469 0.213021 0.928125 0.213021 0.928125 0.232812 0.905469 0.232812
0 0.950391 0.191146 0.971875 0.191146 0.971875 0.211979 0.950391 0.211979
0 0.949219 0.147396 0.970312 0.147396 0.970312 0.174479 0.949219 0.174479
0 0.970312 0.126042 0.988672 0.126042 0.988672 0.147396 0.970312 0.147396
0 0.914844 0.108854 0.932031 0.108854 0.932031 0.127604 0.914844 0.127604
0 0.883984 0.086979 0.903516 0.086979 0.903516 0.103646 0.883984 0.103646
0 0.875781 0.041146 0.898047 0.041146 0.898047 0.061458 0.875781 0.061458
0 0.852734 0.007812 0.872266 0.007812 0.872266 0.025521 0.852734 0.025521
0 0.798828 0.024479 0.814453 0.024479 0.814453 0.050521 0.798828 0.050521
0 0.820703 0.058854 0.837109 0.058854 0.837109 0.083854 0.820703 0.083854
0 0.776172 0.017188 0.789062 0.017188 0.789062 0.036979 0.776172 0.036979
0 0.729297 0.000521 0.747656 0.000521 0.747656 0.025521 0.729297 0.025521
0 0.932812 0.060938 0.951953 0.060938 0.951953 0.083854 0.932812 0.083854
0 0.974219 0.069792 0.991016 0.069792 0.991016 0.093229 0.974219 0.093229
0 0.926953 0.029167 0.950391 0.029167 0.950391 0.048958 0.926953 0.048958
0 0.953516 0.005729 0.976953 0.005729 0.976953 0.026042 0.953516 0.026042
0 0.891406 0.001562 0.9125 0.001562 0.9125 0.019792 0.891406 0.019792
0 0.585547 0.0 0.600781 0.0 0.600781 0.024479 0.585547 0.024479
0 0.554297 0.007812 0.573047 0.007812 0.573047 0.032812 0.554297 0.032812
0 0.367188 0.025521 0.385156 0.025521 0.385156 0.054688 0.367188 0.054688
0 0.298047 0.041667 0.325391 0.041667 0.325391 0.060938 0.298047 0.060938
0 0.245312 0.036458 0.263672 0.036458 0.263672 0.060938 0.245312 0.060938
0 0.287109 0.097917 0.307812 0.097917 0.307812 0.124479 0.287109 0.124479
0 0.358203 0.107292 0.385156 0.107292 0.385156 0.128125 0.358203 0.128125
0 0.394531 0.121354 0.419922 0.121354 0.419922 0.143229 0.394531 0.143229
0 0.390625 0.060417 0.414062 0.060417 0.414062 0.081771 0.390625 0.081771
0 0.407422 0.022396 0.424219 0.022396 0.424219 0.044271 0.407422 0.044271
0 0.441406 0.017188 0.457422 0.017188 0.457422 0.040104 0.441406 0.040104
0 0.434375 0.051562 0.45 0.051562 0.45 0.078125 0.434375 0.078125
0 0.440234 0.0875 0.460547 0.0875 0.460547 0.111979 0.440234 0.111979
0 0.477344 0.123958 0.498438 0.123958 0.498438 0.142188 0.477344 0.142188
0 0.436719 0.177083 0.459766 0.177083 0.459766 0.195312 0.436719 0.195312
0 0.380469 0.1625 0.403906 0.1625 0.403906 0.182812 0.380469 0.182812
0 0.277344 0.157292 0.297656 0.157292 0.297656 0.183854 0.277344 0.183854
0 0.244922 0.120312 0.261328 0.120312 0.261328 0.145312 0.244922 0.145312
0 0.257422 0.084375 0.277344 0.084375 0.277344 0.105729 0.257422 0.105729
0 0.250391 0.191667 0.269922 0.191667 0.269922 0.210417 0.250391 0.210417
0 0.505859 0.084896 0.525391 0.084896 0.525391 0.109896 0.505859 0.109896
0 0.517969 0.116146 0.540234 0.116146 0.540234 0.138542 0.517969 0.138542
0 0.525391 0.163021 0.545703 0.163021 0.545703 0.185938 0.525391 0.185938
0 0.488281 0.151042 0.510156 0.151042 0.510156 0.169271 0.488281 0.169271
0 0.555859 0.1375 0.575 0.1375 0.575 0.163542 0.555859 0.163542
0 0.536328 0.204688 0.560547 0.204688 0.560547 0.225 0.536328 0.225
0 0.486328 0.195833 0.514453 0.195833 0.514453 0.215625 0.486328 0.215625
0 0.428516 0.213021 0.449609 0.213021 0.449609 0.235938 0.428516 0.235938
0 0.384375 0.222917 0.401953 0.222917 0.401953 0.243229 0.384375 0.243229
0 0.348828 0.208333 0.365234 0.208333 0.365234 0.231771 0.348828 0.231771
0 0.508203 0.24375 0.525781 0.24375 0.525781 0.270833 0.508203 0.270833
0 0.531641 0.256771 0.548047 0.256771 0.548047 0.275 0.531641 0.275
0 0.564453 0.269792 0.584766 0.269792 0.584766 0.289062 0.564453 0.289062
0 0.459766 0.228125 0.483984 0.228125 0.483984 0.253125 0.459766 0.253125
0 0.427344 0.272917 0.445703 0.272917 0.445703 0.291667 0.427344 0.291667
0 0.438672 0.297917 0.457812 0.297917 0.457812 0.317188 0.438672 0.317188
0 0.371484 0.281771 0.391406 0.281771 0.391406 0.320312 0.371484 0.320312
0 0.4125 0.319792 0.430469 0.319792 0.430469 0.344792 0.4125 0.344792
0 0.469141 0.31875 0.490625 0.31875 0.490625 0.338021 0.469141 0.338021
0 0.217578 0.189583 0.236719 0.189583 0.236719 0.209375 0.217578 0.209375
0 0.235938 0.236979 0.25 0.236979 0.25 0.251563 0.235938 0.251563
0 0.269531 0.269271 0.292578 0.269271 0.292578 0.29375 0.269531 0.29375
0 0.240625 0.296875 0.257812 0.296875 0.257812 0.316146 0.240625 0.316146
0 0.316016 0.298438 0.336719 0.298438 0.336719 0.31875 0.316016 0.31875
0 0.289844 0.336979 0.311328 0.336979 0.311328 0.354167 0.289844 0.354167
0 0.347266 0.359375 0.366016 0.359375 0.366016 0.378646 0.347266 0.378646
0 0.332422 0.384375 0.344531 0.384375 0.344531 0.409896 0.332422 0.409896
0 0.300391 0.385417 0.315625 0.385417 0.315625 0.413021 0.300391 0.413021
0 0.403516 0.355208 0.425 0.355208 0.425 0.378646 0.403516 0.378646
0 0.440625 0.342188 0.454297 0.342188 0.454297 0.364062 0.440625 0.364062
0 0.467969 0.358854 0.486328 0.358854 0.486328 0.378646 0.467969 0.378646
0 0.435156 0.397396 0.451953 0.397396 0.451953 0.417188 0.435156 0.417188
0 0.407812 0.392188 0.425391 0.392188 0.425391 0.417188 0.407812 0.417188
0 0.308203 0.227083 0.325 0.227083 0.325 0.248438 0.308203 0.248438
0 0.375391 0.416146 0.395312 0.416146 0.395312 0.443229 0.375391 0.443229
0 0.404297 0.446875 0.420703 0.446875 0.420703 0.474479 0.404297 0.474479
0 0.424609 0.435417 0.44375 0.435417 0.44375 0.453646 0.424609 0.453646
0 0.426562 0.463021 0.445312 0.463021 0.445312 0.488542 0.426562 0.488542
0 0.463281 0.477083 0.480469 0.477083 0.480469 0.498438 0.463281 0.498438
0 0.485547 0.452604 0.498828 0.452604 0.498828 0.475 0.485547 0.475
0 0.505859 0.419792 0.521875 0.419792 0.521875 0.444271 0.505859 0.444271
0 0.521094 0.384896 0.539844 0.384896 0.539844 0.40625 0.521094 0.40625
0 0.553516 0.402604 0.573047 0.402604 0.573047 0.430208 0.553516 0.430208
0 0.577734 0.435417 0.601172 0.435417 0.601172 0.457812 0.577734 0.457812
0 0.589062 0.388542 0.607031 0.388542 0.607031 0.415104 0.589062 0.415104
0 0.587109 0.353646 0.608203 0.353646 0.608203 0.378646 0.587109 0.378646
0 0.609766 0.319271 0.626953 0.319271 0.626953 0.346875 0.609766 0.346875
0 0.635156 0.306771 0.652734 0.306771 0.652734 0.334896 0.635156 0.334896
0 0.662109 0.302083 0.678125 0.302083 0.678125 0.331771 0.662109 0.331771
0 0.626953 0.35 0.652344 0.35 0.652344 0.371354 0.626953 0.371354
0 0.652734 0.390104 0.673438 0.390104 0.673438 0.420833 0.652734 0.420833
0 0.689062 0.370833 0.705469 0.370833 0.705469 0.402083 0.689062 0.402083
0 0.712891 0.371875 0.731641 0.371875 0.731641 0.403125 0.712891 0.403125
0 0.735156 0.372396 0.751562 0.372396 0.751562 0.398958 0.735156 0.398958
0 0.752734 0.404167 0.769531 0.404167 0.769531 0.423958 0.752734 0.423958
0 0.735547 0.431771 0.755859 0.431771 0.755859 0.455729 0.735547 0.455729
0 0.767969 0.441667 0.787109 0.441667 0.787109 0.467708 0.767969 0.467708
0 0.751953 0.486979 0.771875 0.486979 0.771875 0.513021 0.751953 0.513021
0 0.713281 0.455729 0.739062 0.455729 0.739062 0.478646 0.713281 0.478646
0 0.691797 0.427604 0.712109 0.427604 0.712109 0.447396 0.691797 0.447396
0 0.666406 0.451562 0.686719 0.451562 0.686719 0.473958 0.666406 0.473958
0 0.624219 0.445312 0.644922 0.445312 0.644922 0.465625 0.624219 0.465625
0 0.652734 0.488021 0.673828 0.488021 0.673828 0.514583 0.652734 0.514583
0 0.626562 0.511979 0.647266 0.511979 0.647266 0.534896 0.626562 0.534896
0 0.510938 0.488021 0.532812 0.488021 0.532812 0.504167 0.510938 0.504167
0 0.551562 0.501562 0.571875 0.501562 0.571875 0.530208 0.551562 0.530208
0 0.710547 0.503125 0.731641 0.503125 0.731641 0.522917 0.710547 0.522917
0 0.691797 0.525521 0.712891 0.525521 0.712891 0.546875 0.691797 0.546875
0 0.769531 0.567188 0.792188 0.567188 0.792188 0.599479 0.769531 0.599479
0 0.726172 0.579167 0.748047 0.579167 0.748047 0.610417 0.726172 0.610417
0 0.789062 0.614062 0.811328 0.614062 0.811328 0.639062 0.789062 0.639062
0 0.813281 0.575 0.833594 0.575 0.833594 0.595312 0.813281 0.595312
0 0.744922 0.618229 0.763672 0.618229 0.763672 0.646875 0.744922 0.646875
0 0.673438 0.600521 0.692969 0.600521 0.692969 0.625521 0.673438 0.625521
0 0.691406 0.646354 0.713672 0.646354 0.713672 0.677604 0.691406 0.677604
0 0.660547 0.553125 0.685156 0.553125 0.685156 0.573958 0.660547 0.573958
0 0.619922 0.588542 0.641406 0.588542 0.641406 0.610417 0.619922 0.610417
0 0.63125 0.633333 0.654688 0.633333 0.654688 0.653125 0.63125 0.653125
0 0.524219 0.56875 0.544531 0.56875 0.544531 0.585417 0.524219 0.585417
0 0.56875 0.588021 0.589453 0.588021 0.589453 0.605729 0.56875 0.605729
0 0.566797 0.634896 0.591016 0.634896 0.591016 0.659375 0.566797 0.659375
0 0.608984 0.6625 0.629688 0.6625 0.629688 0.683333 0.608984 0.683333
0 0.766406 0.657812 0.783984 0.657812 0.783984 0.689062 0.766406 0.689062
0 0.796094 0.677604 0.812891 0.677604 0.812891 0.707812 0.796094 0.707812
0 0.317578 0.477604 0.335547 0.477604 0.335547 0.496354 0.317578 0.496354
0 0.333203 0.513542 0.346484 0.513542 0.346484 0.533854 0.333203 0.533854
0 0.360938 0.489062 0.377344 0.489062 0.377344 0.50625 0.360938 0.50625
0 0.358984 0.529688 0.373828 0.529688 0.373828 0.553125 0.358984 0.553125
0 0.390625 0.502604 0.407812 0.502604 0.407812 0.528125 0.390625 0.528125
0 0.409766 0.541667 0.423438 0.541667 0.423438 0.564583 0.409766 0.564583
0 0.430078 0.554688 0.451953 0.554688 0.451953 0.576562 0.430078 0.576562
0 0.435156 0.590104 0.452344 0.590104 0.452344 0.619792 0.435156 0.619792
0 0.367578 0.567708 0.391406 0.567708 0.391406 0.584896 0.367578 0.584896
0 0.367969 0.603646 0.3875 0.603646 0.3875 0.619271 0.367969 0.619271
0 0.333984 0.595312 0.349609 0.595312 0.349609 0.623438 0.333984 0.623438
0 0.462891 0.596875 0.483984 0.596875 0.483984 0.620833 0.462891 0.620833
0 0.4875 0.552604 0.507812 0.552604 0.507812 0.576042 0.4875 0.576042
0 0.494531 0.616146 0.513672 0.616146 0.513672 0.638542 0.494531 0.638542
0 0.598438 0.511979 0.617969 0.511979 0.617969 0.529167 0.598438 0.529167
0 0.709766 0.688542 0.728906 0.688542 0.728906 0.721354 0.709766 0.721354
0 0.742188 0.695312 0.761328 0.695312 0.761328 0.723958 0.742188 0.723958
0 0.673438 0.697917 0.696094 0.697917 0.696094 0.719271 0.673438 0.719271
0 0.648438 0.723958 0.665234 0.723958 0.665234 0.747396 0.648438 0.747396
0 0.676172 0.746354 0.69375 0.746354 0.69375 0.764583 0.676172 0.764583
0 0.717188 0.758333 0.736719 0.758333 0.736719 0.777083 0.717188 0.777083
0 0.628125 0.748958 0.644922 0.748958 0.644922 0.772917 0.628125 0.772917
0 0.602344 0.694271 0.621875 0.694271 0.621875 0.713542 0.602344 0.713542
0 0.580078 0.678125 0.598047 0.678125 0.598047 0.704688 0.580078 0.704688
0 0.582422 0.717708 0.599609 0.717708 0.599609 0.740625 0.582422 0.740625
0 0.546484 0.711458 0.567969 0.711458 0.567969 0.730729 0.546484 0.730729
0 0.502344 0.671354 0.523828 0.671354 0.523828 0.690104 0.502344 0.690104
0 0.493359 0.707292 0.5125 0.707292 0.5125 0.726042 0.493359 0.726042
0 0.446094 0.707812 0.467578 0.707812 0.467578 0.731771 0.446094 0.731771
0 0.4625 0.651042 0.479297 0.651042 0.479297 0.676042 0.4625 0.676042
0 0.439453 0.644271 0.452344 0.644271 0.452344 0.665104 0.439453 0.665104
0 0.373047 0.648958 0.396875 0.648958 0.396875 0.665104 0.373047 0.665104
0 0.367188 0.691667 0.391797 0.691667 0.391797 0.7125 0.367188 0.7125
0 0.402344 0.669792 0.420703 0.669792 0.420703 0.688021 0.402344 0.688021
0 0.410156 0.697396 0.428906 0.697396 0.428906 0.713542 0.410156 0.713542