0 0.320312 0.113021 0.3375 0.113021 0.3375 0.1375 0.320312 0.1375
0 0.354688 0.130729 0.376562 0.130729 0.376562 0.166146 0.354688 0.166146
0 0.367969 0.1 0.39375 0.1 0.39375 0.125 0.367969 0.125
0 0.402344 0.127604 0.440625 0.127604 0.440625 0.1625 0.402344 0.1625
0 0.403906 0.064062 0.424219 0.064062 0.424219 0.097917 0.403906 0.097917
0 0.438672 0.066146 0.45 0.066146 0.45 0.092188 0.438672 0.092188
0 0.399609 0.027604 0.419922 0.027604 0.419922 0.058333 0.399609 0.058333
0 0.465234 0.066146 0.48125 0.066146 0.48125 0.092188 0.465234 0.092188
0 0.448828 0.109375 0.471875 0.109375 0.471875 0.135417 0.448828 0.135417
0 0.487109 0.086979 0.505078 0.086979 0.505078 0.10625 0.487109 0.10625
0 0.493359 0.121875 0.516406 0.121875 0.516406 0.136458 0.493359 0.136458
0 0.529688 0.09375 0.551953 0.09375 0.551953 0.117188 0.529688 0.117188
0 0.540234 0.145312 0.555469 0.145312 0.555469 0.170312 0.540234 0.170312
0 0.501172 0.152604 0.527344 0.152604 0.527344 0.180729 0.501172 0.180729
0 0.467969 0.146875 0.490625 0.146875 0.490625 0.167188 0.467969 0.167188
0 0.507031 0.055208 0.536719 0.055208 0.536719 0.075521 0.507031 0.075521
0 0.482031 0.029167 0.509375 0.029167 0.509375 0.05625 0.482031 0.05625
0 0.520312 0.013021 0.542969 0.013021 0.542969 0.05 0.520312 0.05
0 0.480078 0.0 0.497656 0.0 0.497656 0.020833 0.480078 0.020833
0 0.554688 0.026042 0.578516 0.026042 0.578516 0.057812 0.554688 0.057812
0 0.582422 0.002604 0.607031 0.002604 0.607031 0.026042 0.582422 0.026042
0 0.619531 0.023438 0.644141 0.023438 0.644141 0.055208 0.619531 0.055208
0 0.658984 0.017188 0.679688 0.017188 0.679688 0.061458 0.658984 0.061458
0 0.582422 0.057812 0.607812 0.057812 0.607812 0.096875 0.582422 0.096875
0 0.614844 0.086458 0.63125 0.086458 0.63125 0.123438 0.614844 0.123438
0 0.633203 0.065625 0.666797 0.065625 0.666797 0.090625 0.633203 0.090625
0 0.671875 0.071875 0.686328 0.071875 0.686328 0.098438 0.671875 0.098438
0 0.645312 0.108854 0.674609 0.108854 0.674609 0.133854 0.645312 0.133854
0 0.708203 0.104688 0.738672 0.104688 0.738672 0.141667 0.708203 0.141667
0 0.678516 0.128646 0.70625 0.128646 0.70625 0.152083 0.678516 0.152083
0 0.643359 0.153646 0.675781 0.153646 0.675781 0.175521 0.643359 0.175521
0 0.601953 0.154688 0.621484 0.154688 0.621484 0.172917 0.601953 0.172917
0 0.617578 0.178125 0.643359 0.178125 0.643359 0.209896 0.617578 0.209896
0 0.653906 0.213542 0.671875 0.213542 0.671875 0.24375 0.653906 0.24375
0 0.674609 0.172917 0.7 0.172917 0.7 0.200521 0.674609 0.200521
0 0.679688 0.222917 0.694141 0.222917 0.694141 0.247917 0.679688 0.247917
0 0.710156 0.199479 0.735547 0.199479 0.735547 0.227083 0.710156 0.227083
0 0.719922 0.172917 0.743359 0.172917 0.743359 0.197917 0.719922 0.197917
0 0.735547 0.141667 0.752344 0.141667 0.752344 0.169271 0.735547 0.169271
0 0.823047 0.002083 0.839453 0.002083 0.839453 0.023958 0.823047 0.023958
0 0.851172 0.014062 0.862891 0.014062 0.862891 0.031771 0.851172 0.031771
0 0.839453 0.04375 0.857031 0.04375 0.857031 0.073438 0.839453 0.073438
0 0.877734 0.004167 0.896875 0.004167 0.896875 0.011979 0.877734 0.011979
0 0.901562 0.039583 0.919141 0.039583 0.919141 0.071354 0.901562 0.071354
0 0.922266 0.0 0.939844 0.0 0.939844 0.011979 0.922266 0.011979
0 0.962109 0.002083 0.980078 0.002083 0.980078 0.029688 0.962109 0.029688
0 0.948828 0.04375 0.963672 0.04375 0.963672 0.073438 0.948828 0.073438
0 0.316016 0.161458 0.330859 0.161458 0.330859 0.195312 0.316016 0.195312
0 0.364844 0.178646 0.381641 0.178646 0.381641 0.204167 0.364844 0.204167
0 0.394922 0.191146 0.4125 0.191146 0.4125 0.221354 0.394922 0.221354
0 0.430469 0.2125 0.445703 0.2125 0.445703 0.235938 0.430469 0.235938
0 0.460547 0.191146 0.479297 0.191146 0.479297 0.214583 0.460547 0.214583
0 0.489453 0.198958 0.509375 0.198958 0.509375 0.230208 0.489453 0.230208
0 0.525391 0.189583 0.543359 0.189583 0.543359 0.215625 0.525391 0.215625
0 0.564062 0.1875 0.582031 0.1875 0.582031 0.2125 0.564062 0.2125
0 0.587109 0.201042 0.601953 0.201042 0.601953 0.23125 0.587109 0.23125
0 0.551562 0.221354 0.576172 0.221354 0.576172 0.250521 0.551562 0.250521
0 0.583594 0.261979 0.603906 0.261979 0.603906 0.294271 0.583594 0.294271
0 0.617188 0.250521 0.635156 0.250521 0.635156 0.276562 0.617188 0.276562
0 0.548438 0.265104 0.571875 0.265104 0.571875 0.2875 0.548438 0.2875
0 0.503516 0.268229 0.519531 0.268229 0.519531 0.305729 0.503516 0.305729
0 0.533203 0.309896 0.55 0.309896 0.55 0.332292 0.533203 0.332292
0 0.590234 0.3125 0.611328 0.3125 0.611328 0.333854 0.590234 0.333854
0 0.619141 0.297917 0.639062 0.297917 0.639062 0.322396 0.619141 0.322396
0 0.652734 0.286458 0.669531 0.286458 0.669531 0.319271 0.652734 0.319271
0 0.682031 0.265104 0.697266 0.265104 0.697266 0.295312 0.682031 0.295312
0 0.702344 0.288542 0.720703 0.288542 0.720703 0.314583 0.702344 0.314583
0 0.973047 0.234896 0.989062 0.234896 0.989062 0.271354 0.973047 0.271354
0 0.787891 0.216146 0.810547 0.216146 0.810547 0.239583 0.787891 0.239583
0 0.776953 0.265625 0.797656 0.265625 0.797656 0.302083 0.776953 0.302083
0 0.818359 0.2625 0.830469 0.2625 0.830469 0.291667 0.818359 0.291667
0 0.839062 0.284375 0.854297 0.284375 0.854297 0.317708 0.839062 0.317708
0 0.862891 0.323438 0.885938 0.323438 0.885938 0.363021 0.862891 0.363021
0 0.898828 0.325 0.920703 0.325 0.920703 0.358333 0.898828 0.358333
0 0.895703 0.371354 0.915234 0.371354 0.915234 0.4125 0.895703 0.4125
0 0.857422 0.380208 0.880469 0.380208 0.880469 0.420833 0.857422 0.420833
0 0.830469 0.338021 0.856641 0.338021 0.856641 0.376042 0.830469 0.376042
0 0.822656 0.370312 0.842188 0.370312 0.842188 0.407812 0.822656 0.407812
0 0.791016 0.304688 0.815234 0.304688 0.815234 0.336979 0.791016 0.336979
0 0.780078 0.341146 0.814062 0.341146 0.814062 0.367188 0.780078 0.367188
0 0.75625 0.332292 0.770312 0.332292 0.770312 0.355729 0.75625 0.355729
0 0.771484 0.381771 0.795312 0.381771 0.795312 0.405208 0.771484 0.405208
0 0.789062 0.410938 0.809766 0.410938 0.809766 0.440104 0.789062 0.440104
0 0.828125 0.420833 0.855469 0.420833 0.855469 0.445833 0.828125 0.445833
0 0.826172 0.451562 0.85 0.451562 0.85 0.479167 0.826172 0.479167
0 0.146484 0.291146 0.171094 0.291146 0.171094 0.317188 0.146484 0.317188
0 0.178125 0.3125 0.194141 0.3125 0.194141 0.338542 0.178125 0.338542
0 0.212891 0.306771 0.238672 0.306771 0.238672 0.329167 0.212891 0.329167
0 0.233203 0.269792 0.257031 0.269792 0.257031 0.294792 0.233203 0.294792
0 0.238672 0.235417 0.266797 0.235417 0.266797 0.260417 0.238672 0.260417
0 0.280078 0.213021 0.305859 0.213021 0.305859 0.236979 0.280078 0.236979
0 0.318359 0.217708 0.344141 0.217708 0.344141 0.258333 0.318359 0.258333
0 0.288281 0.246354 0.309375 0.246354 0.309375 0.280729 0.288281 0.280729
0 0.291797 0.315104 0.319141 0.315104 0.319141 0.347917 0.291797 0.347917
0 0.259766 0.319792 0.282031 0.319792 0.282031 0.343229 0.259766 0.343229
0 0.385547 0.241667 0.404297 0.241667 0.404297 0.277083 0.385547 0.277083
0 0.416016 0.24375 0.437109 0.24375 0.437109 0.265104 0.416016 0.265104
0 0.448438 0.236979 0.469141 0.236979 0.469141 0.263021 0.448438 0.263021
0 0.462891 0.273438 0.483203 0.273438 0.483203 0.289062 0.462891 0.289062
0 0.463672 0.303125 0.4875 0.303125 0.4875 0.335938 0.463672 0.335938
0 0.424609 0.278125 0.444141 0.278125 0.444141 0.3125 0.424609 0.3125
0 0.404297 0.276042 0.421094 0.276042 0.421094 0.305208 0.404297 0.305208
0 0.375 0.298438 0.4 0.298438 0.4 0.328125 0.375 0.328125
0 0.426562 0.371875 0.453125 0.371875 0.453125 0.402604 0.426562 0.402604
0 0.371484 0.357292 0.392969 0.357292 0.392969 0.382292 0.371484 0.382292
0 0.351953 0.359896 0.367969 0.359896 0.367969 0.391667 0.351953 0.391667
0 0.388281 0.397917 0.416016 0.397917 0.416016 0.41875 0.388281 0.41875
0 0.120703 0.315104 0.139453 0.315104 0.139453 0.350521 0.120703 0.350521
0 0.163281 0.338542 0.183594 0.338542 0.183594 0.368229 0.163281 0.368229
0 0.209375 0.350521 0.233203 0.350521 0.233203 0.376562 0.209375 0.376562
0 0.232422 0.383333 0.254688 0.383333 0.254688 0.428646 0.232422 0.428646
0 0.28125 0.371875 0.305859 0.371875 0.305859 0.389583 0.28125 0.389583
0 0.332422 0.398958 0.352734 0.398958 0.352734 0.427083 0.332422 0.427083
0 0.306641 0.409375 0.334375 0.409375 0.334375 0.438021 0.306641 0.438021
0 0.2625 0.402604 0.289844 0.402604 0.289844 0.429688 0.2625 0.429688
0 0.289844 0.447396 0.307812 0.447396 0.307812 0.46875 0.289844 0.46875
0 0.093359 0.347917 0.108984 0.347917 0.108984 0.386979 0.093359 0.386979
0 0.125 0.370312 0.144531 0.370312 0.144531 0.407292 0.125 0.407292
0 0.164844 0.376562 0.186328 0.376562 0.186328 0.402604 0.164844 0.402604
0 0.177344 0.416667 0.199609 0.416667 0.199609 0.439062 0.177344 0.439062
0 0.152734 0.438021 0.173828 0.438021 0.173828 0.467708 0.152734 0.467708
0 0.187109 0.464062 0.212109 0.464062 0.212109 0.500521 0.187109 0.500521
0 0.217188 0.426042 0.238672 0.426042 0.238672 0.459375 0.217188 0.459375
0 0.224219 0.476042 0.248438 0.476042 0.248438 0.499479 0.224219 0.499479
0 0.249219 0.460417 0.270312 0.460417 0.270312 0.492188 0.249219 0.492188
0 0.217188 0.518229 0.240234 0.518229 0.240234 0.548958 0.217188 0.548958
0 0.210156 0.560938 0.224219 0.560938 0.224219 0.584896 0.210156 0.584896
0 0.109766 0.451042 0.126953 0.451042 0.126953 0.472396 0.109766 0.472396
0 0.051172 0.565625 0.069531 0.565625 0.069531 0.594792 0.051172 0.594792
0 0.020312 0.604167 0.048828 0.604167 0.048828 0.646875 0.020312 0.646875
0 0.078516 0.591667 0.099219 0.591667 0.099219 0.625521 0.078516 0.625521
0 0.108594 0.601042 0.130078 0.601042 0.130078 0.635938 0.108594 0.635938
0 0.130078 0.645312 0.151953 0.645312 0.151953 0.677083 0.130078 0.677083
0 0.079688 0.658854 0.102734 0.658854 0.102734 0.688021 0.079688 0.688021
0 0.038672 0.661979 0.070703 0.661979 0.070703 0.694271 0.038672 0.694271
0 0.004297 0.710938 0.022656 0.710938 0.022656 0.744792 0.004297 0.744792
0 0.032812 0.753646 0.061328 0.753646 0.061328 0.789062 0.032812 0.789062
0 0.089062 0.741667 0.112891 0.741667 0.112891 0.778125 0.089062 0.778125
0 0.029297 0.815104 0.05 0.815104 0.05 0.845312 0.029297 0.845312
0 0.046484 0.883854 0.074219 0.883854 0.074219 0.914583 0.046484 0.914583
0 0.055859 0.952604 0.069531 0.952604 0.069531 0.983333 0.055859 0.983333
0 0.007812 0.935938 0.023828 0.935938 0.023828 0.970833 0.007812 0.970833
0 0.116406 0.857812 0.134766 0.857812 0.134766 0.897396 0.116406 0.897396
0 0.080859 0.872917 0.102734 0.872917 0.102734 0.895833 0.080859 0.895833
0 0.073047 0.909896 0.095703 0.909896 0.095703 0.949479 0.073047 0.949479
0 0.116406 0.955729 0.148438 0.955729 0.148438 0.986458 0.116406 0.986458
0 0.160938 0.91875 0.188672 0.91875 0.188672 0.935938 0.160938 0.935938
0 0.134375 0.671875 0.165234 0.671875 0.165234 0.706771 0.134375 0.706771
0 0.139062 0.714583 0.1625 0.714583 0.1625 0.747396 0.139062 0.747396
0 0.142969 0.761458 0.165234 0.761458 0.165234 0.785938 0.142969 0.785938
0 0.152734 0.804167 0.175781 0.804167 0.175781 0.830208 0.152734 0.830208
0 0.176953 0.778646 0.195703 0.778646 0.195703 0.820312 0.176953 0.820312
0 0.208203 0.778646 0.225 0.778646 0.225 0.813542 0.208203 0.813542
0 0.199219 0.697917 0.216016 0.697917 0.216016 0.736979 0.199219 0.736979
0 0.181641 0.707292 0.196484 0.707292 0.196484 0.738021 0.181641 0.738021
0 0.220703 0.707292 0.236719 0.707292 0.236719 0.740625 0.220703 0.740625
0 0.242188 0.738542 0.251953 0.738542 0.251953 0.770312 0.242188 0.770312
0 0.258984 0.788542 0.283203 0.788542 0.283203 0.823958 0.258984 0.823958
0 0.284375 0.745833 0.300781 0.745833 0.300781 0.774479 0.284375 0.774479
0 0.304688 0.759896 0.321094 0.759896 0.321094 0.79375 0.304688 0.79375
0 0.315234 0.809896 0.330859 0.809896 0.330859 0.839062 0.315234 0.839062
0 0.204297 0.892188 0.219922 0.892188 0.219922 0.926562 0.204297 0.926562
0 0.166016 0.870833 0.189062 0.870833 0.189062 0.892708 0.166016 0.892708
0 0.195703 0.829167 0.220703 0.829167 0.220703 0.855208 0.195703 0.855208
0 0.230078 0.873438 0.250391 0.873438 0.250391 0.905729 0.230078 0.905729
0 0.264062 0.841667 0.286328 0.841667 0.286328 0.86875 0.264062 0.86875
0 0.302344 0.84375 0.327734 0.84375 0.327734 0.872917 0.302344 0.872917
0 0.276953 0.895833 0.295312 0.895833 0.295312 0.917188 0.276953 0.917188
0 0.314062 0.909375 0.333984 0.909375 0.333984 0.925 0.314062 0.925
0 0.299609 0.926562 0.316797 0.926562 0.316797 0.944792 0.299609 0.944792
0 0.228125 0.919792 0.251953 0.919792 0.251953 0.939062 0.228125 0.939062
0 0.249609 0.944271 0.265625 0.944271 0.265625 0.9625 0.249609 0.9625
0 0.229297 0.980729 0.249609 0.980729 0.249609 0.999479 0.229297 0.999479
0 0.178906 0.976562 0.200781 0.976562 0.200781 0.993229 0.178906 0.993229
0 0.296484 0.981771 0.321094 0.981771 0.321094 0.999479 0.296484 0.999479
0 0.337109 0.834375 0.358594 0.834375 0.358594 0.867188 0.337109 0.867188
0 0.35 0.757812 0.375391 0.757812 0.375391 0.79375 0.35 0.79375
0 0.361719 0.801562 0.383203 0.801562 0.383203 0.832292 0.361719 0.832292
0 0.446094 0.879167 0.467188 0.879167 0.467188 0.906771 0.446094 0.906771
0 0.430859 0.939062 0.448828 0.939062 0.448828 0.973438 0.430859 0.973438
0 0.460938 0.945312 0.477734 0.945312 0.477734 0.96875 0.460938 0.96875
0 0.497656 0.947396 0.517969 0.947396 0.517969 0.978646 0.497656 0.978646
0 0.537891 0.961458 0.554688 0.961458 0.554688 0.99375 0.537891 0.99375
0 0.375391 0.433333 0.397656 0.433333 0.397656 0.455208 0.375391 0.455208
0 0.403516 0.4375 0.429688 0.4375 0.429688 0.457292 0.403516 0.457292
0 0.441016 0.465104 0.462891 0.465104 0.462891 0.491667 0.441016 0.491667
0 0.374609 0.467188 0.399219 0.467188 0.399219 0.489062 0.374609 0.489062
0 0.426172 0.498438 0.445312 0.498438 0.445312 0.519271 0.426172 0.519271
0 0.318359 0.466146 0.341406 0.466146 0.341406 0.4875 0.318359 0.4875
0 0.271875 0.497396 0.294531 0.497396 0.294531 0.526042 0.271875 0.526042
0 0.3 0.493229 0.330469 0.493229 0.330469 0.531771 0.3 0.531771
0 0.337891 0.521875 0.362109 0.521875 0.362109 0.558333 0.337891 0.558333
0 0.377344 0.528646 0.397656 0.528646 0.397656 0.563542 0.377344 0.563542
0 0.402734 0.544792 0.425 0.544792 0.425 0.571875 0.402734 0.571875
0 0.435547 0.540625 0.458203 0.540625 0.458203 0.5625 0.435547 0.5625
0 0.462109 0.5625 0.48125 0.5625 0.48125 0.585417 0.462109 0.585417
0 0.270312 0.549479 0.286719 0.549479 0.286719 0.573438 0.270312 0.573438
0 0.292578 0.575 0.303516 0.575 0.303516 0.603125 0.292578 0.603125
0 0.312109 0.572396 0.333203 0.572396 0.333203 0.597917 0.312109 0.597917
0 0.279688 0.611979 0.297656 0.611979 0.297656 0.644792 0.279688 0.644792
0 0.310938 0.633333 0.331641 0.633333 0.331641 0.666667 0.310938 0.666667
0 0.357031 0.659375 0.383594 0.659375 0.383594 0.680208 0.357031 0.680208
0 0.370703 0.689062 0.391797 0.689062 0.391797 0.713542 0.370703 0.713542
0 0.348828 0.606771 0.373047 0.606771 0.373047 0.640625 0.348828 0.640625
0 0.358203 0.567708 0.386328 0.567708 0.386328 0.603125 0.358203 0.603125
0 0.4 0.601042 0.416797 0.601042 0.416797 0.629688 0.4 0.629688
0 0.426172 0.641146 0.439062 0.641146 0.439062 0.672917 0.426172 0.672917
0 0.444922 0.663542 0.464062 0.663542 0.464062 0.696354 0.444922 0.696354
0 0.451953 0.611458 0.473828 0.611458 0.473828 0.650521 0.451953 0.650521
0 0.516797 0.359896 0.537891 0.359896 0.537891 0.396354 0.516797 0.396354
0 0.555469 0.341667 0.578906 0.341667 0.578906 0.367708 0.555469 0.367708
0 0.541016 0.395312 0.562109 0.395312 0.562109 0.435938 0.541016 0.435938
0 0.705078 0.323438 0.728516 0.323438 0.728516 0.355729 0.705078 0.355729
0 0.683984 0.364062 0.705078 0.364062 0.705078 0.395312 0.683984 0.395312
0 0.721875 0.356771 0.745312 0.356771 0.745312 0.386979 0.721875 0.386979
0 0.727344 0.402604 0.745312 0.402604 0.745312 0.424479 0.727344 0.424479
0 0.610156 0.4625 0.625391 0.4625 0.625391 0.486979 0.610156 0.486979
0 0.646094 0.455208 0.673047 0.455208 0.673047 0.479688 0.646094 0.479688
0 0.6125 0.492188 0.637891 0.492188 0.637891 0.517188 0.6125 0.517188
0 0.664062 0.501562 0.687891 0.501562 0.687891 0.525 0.664062 0.525
0 0.703516 0.478646 0.722266 0.478646 0.722266 0.521875 0.703516 0.521875
0 0.679688 0.527604 0.697266 0.527604 0.697266 0.5625 0.679688 0.5625
0 0.637109 0.526562 0.664453 0.526562 0.664453 0.561458 0.637109 0.561458
0 0.620703 0.5375 0.644531 0.5375 0.644531 0.571354 0.620703 0.571354
0 0.572266 0.565625 0.603906 0.565625 0.603906 0.597396 0.572266 0.597396
0 0.543359 0.5875 0.564844 0.5875 0.564844 0.622396 0.543359 0.622396
0 0.512891 0.577083 0.535938 0.577083 0.535938 0.605729 0.512891 0.605729
0 0.51875 0.621354 0.5375 0.621354 0.5375 0.645312 0.51875 0.645312
0 0.589453 0.605729 0.6125 0.605729 0.6125 0.631771 0.589453 0.631771
0 0.629297 0.596354 0.644922 0.596354 0.644922 0.626042 0.629297 0.626042
0 0.663281 0.594271 0.683203 0.594271 0.683203 0.627083 0.663281 0.627083
0 0.703516 0.557812 0.719531 0.557812 0.719531 0.594271 0.703516 0.594271
0 0.733203 0.575 0.749219 0.575 0.749219 0.6125 0.733203 0.6125
0 0.567969 0.638542 0.580859 0.638542 0.580859 0.661979 0.567969 0.661979
0 0.620703 0.636458 0.642969 0.636458 0.642969 0.659896 0.620703 0.659896
0 0.682812 0.657812 0.712109 0.657812 0.712109 0.679167 0.682812 0.679167
0 0.703516 0.622396 0.717188 0.622396 0.717188 0.656771 0.703516 0.656771
0 0.803125 0.664583 0.826953 0.664583 0.826953 0.690625 0.803125 0.690625
0 0.608203 0.68125 0.622656 0.68125 0.622656 0.721354 0.608203 0.721354
0 0.521484 0.669271 0.554688 0.669271 0.554688 0.69375 0.521484 0.69375
0 0.567969 0.690625 0.587891 0.690625 0.587891 0.719792 0.567969 0.719792
0 0.545312 0.721354 0.564844 0.721354 0.564844 0.754167 0.545312 0.754167
0 0.524609 0.714583 0.541797 0.714583 0.541797 0.748438 0.524609 0.748438
0 0.494141 0.71875 0.511719 0.71875 0.511719 0.74375 0.494141 0.74375
0 0.550391 0.773438 0.571484 0.773438 0.571484 0.795833 0.550391 0.795833
0 0.583594 0.750521 0.607031 0.750521 0.607031 0.779167 0.583594 0.779167
0 0.578125 0.792708 0.592969 0.792708 0.592969 0.825521 0.578125 0.825521
0 0.6125 0.771875 0.630078 0.771875 0.630078 0.804167 0.6125 0.804167
0 0.635547 0.747396 0.658203 0.747396 0.658203 0.780208 0.635547 0.780208
0 0.632031 0.677083 0.65 0.677083 0.65 0.709896 0.632031 0.709896
0 0.658984 0.70625 0.676172 0.70625 0.676172 0.740625 0.658984 0.740625
0 0.687891 0.716667 0.714453 0.716667 0.714453 0.748438 0.687891 0.748438
0 0.784766 0.490625 0.809375 0.490625 0.809375 0.514062 0.784766 0.514062
0 0.818359 0.490625 0.838672 0.490625 0.838672 0.510938 0.818359 0.510938
0 0.878906 0.471875 0.901172 0.471875 0.901172 0.5 0.878906 0.5
0 0.905469 0.434896 0.924219 0.434896 0.924219 0.464062 0.905469 0.464062
0 0.917578 0.453125 0.939844 0.453125 0.939844 0.492188 0.917578 0.492188
0 0.945703 0.465104 0.967188 0.465104 0.967188 0.498438 0.945703 0.498438
0 0.897656 0.503125 0.906641 0.503125 0.906641 0.536979 0.897656 0.536979
0 0.945312 0.533333 0.967578 0.533333 0.967578 0.570833 0.945312 0.570833
0 0.852344 0.535417 0.867578 0.535417 0.867578 0.575521 0.852344 0.575521
0 0.816016 0.530208 0.841016 0.530208 0.841016 0.559896 0.816016 0.559896
0 0.800781 0.556771 0.818359 0.556771 0.818359 0.588021 0.800781 0.588021
0 0.81875 0.609375 0.842188 0.609375 0.842188 0.649479 0.81875 0.649479
0 0.884766 0.561979 0.910547 0.561979 0.910547 0.586458 0.884766 0.586458
0 0.905469 0.605208 0.931641 0.605208 0.931641 0.628125 0.905469 0.628125
0 0.858984 0.646875 0.88125 0.646875 0.88125 0.667188 0.858984 0.667188
0 0.895703 0.647917 0.919922 0.647917 0.919922 0.684896 0.895703 0.684896
0 0.957812 0.589062 0.982812 0.589062 0.982812 0.622396 0.957812 0.622396
0 0.98125 0.535938 0.996094 0.535938 0.996094 0.568229 0.98125 0.568229
0 0.741406 0.513542 0.766406 0.513542 0.766406 0.539583 0.741406 0.539583
0 0.636328 0.797396 0.653906 0.797396 0.653906 0.826042 0.636328 0.826042
0 0.657812 0.789583 0.682031 0.789583 0.682031 0.831771 0.657812 0.831771
0 0.718359 0.796354 0.739062 0.796354 0.739062 0.820833 0.718359 0.820833
0 0.7375 0.820833 0.753516 0.820833 0.753516 0.851042 0.7375 0.851042
0 0.704688 0.914062 0.722266 0.914062 0.722266 0.940625 0.704688 0.940625
0 0.724609 0.882812 0.746484 0.882812 0.746484 0.907812 0.724609 0.907812
0 0.742969 0.930208 0.766406 0.930208 0.766406 0.950521 0.742969 0.950521
0 0.747266 0.967708 0.773047 0.967708 0.773047 0.993229 0.747266 0.993229
0 0.771094 0.9 0.790625 0.9 0.790625 0.924479 0.771094 0.924479
0 0.774609 0.858333 0.794531 0.858333 0.794531 0.888542 0.774609 0.888542
0 0.805859 0.889583 0.822656 0.889583 0.822656 0.921354 0.805859 0.921354
0 0.808984 0.832812 0.830078 0.832812 0.830078 0.865625 0.808984 0.865625
0 0.786719 0.805729 0.806641 0.805729 0.806641 0.831771 0.786719 0.831771
0 0.774609 0.73125 0.790625 0.73125 0.790625 0.766146 0.774609 0.766146
0 0.796094 0.727604 0.817969 0.727604 0.817969 0.764062 0.796094 0.764062
0 0.825 0.74375 0.848438 0.74375 0.848438 0.776042 0.825 0.776042
0 0.845312 0.701042 0.866797 0.701042 0.866797 0.730729 0.845312 0.730729
0 0.873438 0.684896 0.895703 0.684896 0.895703 0.705208 0.873438 0.705208
0 0.903906 0.74375 0.930469 0.74375 0.930469 0.768229 0.903906 0.768229
0 0.873438 0.766146 0.892578 0.766146 0.892578 0.801562 0.873438 0.801562
0 0.830078 0.797396 0.85 0.797396 0.85 0.828125 0.830078 0.828125
0 0.863672 0.828646 0.885547 0.828646 0.885547 0.865625 0.863672 0.865625
0 0.837109 0.865625 0.860547 0.865625 0.860547 0.8875 0.837109 0.8875
0 0.828516 0.919271 0.85 0.919271 0.85 0.948438 0.828516 0.948438
0 0.866797 0.882812 0.887109 0.882812 0.887109 0.920312 0.866797 0.920312
0 0.905469 0.878646 0.927344 0.878646 0.927344 0.907812 0.905469 0.907812
0 0.904688 0.810417 0.930469 0.810417 0.930469 0.831771 0.904688 0.831771
0 0.939453 0.660417 0.957812 0.660417 0.957812 0.696875 0.939453 0.696875
0 0.097656 0.0 0.137891 0.0 0.137891 0.029167 0.097656 0.029167