0 0.167188 0.218229 0.183984 0.218229 0.183984 0.246875 0.167188 0.246875
0 0.202344 0.232292 0.217969 0.232292 0.217969 0.260938 0.202344 0.260938
0 0.159375 0.270833 0.173828 0.270833 0.173828 0.298958 0.159375 0.298958
0 0.130469 0.277604 0.147266 0.277604 0.147266 0.306771 0.130469 0.306771
0 0.191797 0.272396 0.209375 0.272396 0.209375 0.297917 0.191797 0.297917
0 0.219531 0.275521 0.235156 0.275521 0.235156 0.307292 0.219531 0.307292
0 0.114844 0.325 0.137109 0.325 0.137109 0.348958 0.114844 0.348958
0 0.167578 0.327083 0.192188 0.327083 0.192188 0.348958 0.167578 0.348958
0 0.102734 0.052604 0.120703 0.052604 0.120703 0.072917 0.102734 0.072917
0 0.058594 0.088542 0.078516 0.088542 0.078516 0.109896 0.058594 0.109896
0 0.105469 0.098438 0.125781 0.098438 0.125781 0.118229 0.105469 0.118229
0 0.136328 0.063021 0.151953 0.063021 0.151953 0.090625 0.136328 0.090625
0 0.039453 0.128125 0.054297 0.128125 0.054297 0.149479 0.039453 0.149479
0 0.006641 0.146875 0.028125 0.146875 0.028125 0.169792 0.006641 0.169792
0 0.007422 0.197396 0.028516 0.197396 0.028516 0.220312 0.007422 0.220312
0 0.044531 0.019792 0.060938 0.019792 0.060938 0.045312 0.044531 0.045312
0 0.113281 0.009896 0.132812 0.009896 0.132812 0.029688 0.113281 0.029688
0 0.15 0.036458 0.16875 0.036458 0.16875 0.056771 0.15 0.056771
0 0.298438 0.026042 0.317578 0.026042 0.317578 0.05625 0.298438 0.05625
0 0.330078 0.038021 0.35 0.038021 0.35 0.06875 0.330078 0.06875
0 0.295703 0.084375 0.314453 0.084375 0.314453 0.110417 0.295703 0.110417
0 0.313672 0.130208 0.337109 0.130208 0.337109 0.151042 0.313672 0.151042
0 0.344922 0.096354 0.366016 0.096354 0.366016 0.124479 0.344922 0.124479
0 0.366016 0.128646 0.388672 0.128646 0.388672 0.151042 0.366016 0.151042
0 0.369141 0.017708 0.385938 0.017708 0.385938 0.050521 0.369141 0.050521
0 0.392969 0.03125 0.411328 0.03125 0.411328 0.059375 0.392969 0.059375
0 0.378516 0.078646 0.401953 0.078646 0.401953 0.100521 0.378516 0.100521
0 0.410156 0.121354 0.434766 0.121354 0.434766 0.141667 0.410156 0.141667
0 0.425 0.05625 0.449219 0.05625 0.449219 0.077083 0.425 0.077083
0 0.453125 0.083333 0.475 0.083333 0.475 0.110417 0.453125 0.110417
0 0.464844 0.039583 0.480469 0.039583 0.480469 0.054167 0.464844 0.054167
0 0.432422 0.172396 0.450391 0.172396 0.450391 0.203646 0.432422 0.203646
0 0.387891 0.169792 0.404688 0.169792 0.404688 0.202083 0.387891 0.202083
0 0.314062 0.161979 0.335547 0.161979 0.335547 0.182292 0.314062 0.182292
0 0.313672 0.197917 0.339453 0.197917 0.339453 0.21875 0.313672 0.21875
0 0.491797 0.061979 0.510547 0.061979 0.510547 0.078646 0.491797 0.078646
0 0.485547 0.089062 0.505859 0.089062 0.505859 0.109896 0.485547 0.109896
0 0.469922 0.129167 0.486719 0.129167 0.486719 0.151042 0.469922 0.151042
0 0.498828 0.151042 0.518359 0.151042 0.518359 0.167188 0.498828 0.167188
0 0.475781 0.175521 0.492578 0.175521 0.492578 0.202604 0.475781 0.202604
0 0.351172 0.173958 0.372266 0.173958 0.372266 0.199479 0.351172 0.199479
0 0.542188 0.153125 0.554297 0.153125 0.554297 0.177604 0.542188 0.177604
0 0.514453 0.175521 0.531641 0.175521 0.531641 0.203125 0.514453 0.203125
0 0.441016 0.219271 0.45625 0.219271 0.45625 0.248438 0.441016 0.248438
0 0.573047 0.158333 0.590234 0.158333 0.590234 0.175521 0.573047 0.175521
0 0.56875 0.223958 0.588281 0.223958 0.588281 0.242188 0.56875 0.242188
0 0.537891 0.204167 0.554297 0.204167 0.554297 0.217188 0.537891 0.217188
0 0.530078 0.235417 0.544531 0.235417 0.544531 0.25625 0.530078 0.25625
0 0.544531 0.268229 0.564453 0.268229 0.564453 0.282292 0.544531 0.282292
0 0.60625 0.283854 0.623438 0.283854 0.623438 0.297917 0.60625 0.297917
0 0.540625 0.297396 0.560156 0.297396 0.560156 0.308854 0.540625 0.308854
0 0.429688 0.278125 0.451172 0.278125 0.451172 0.291667 0.429688 0.291667
0 0.404297 0.234896 0.417578 0.234896 0.417578 0.265104 0.404297 0.265104
0 0.377344 0.215625 0.392188 0.215625 0.392188 0.240104 0.377344 0.240104
0 0.3875 0.314062 0.407422 0.314062 0.407422 0.339062 0.3875 0.339062
0 0.539844 0.083333 0.558203 0.083333 0.558203 0.098958 0.539844 0.098958
0 0.6125 0.124479 0.630469 0.124479 0.630469 0.144792 0.6125 0.144792
0 0.611719 0.202083 0.632422 0.202083 0.632422 0.220833 0.611719 0.220833
0 0.498438 0.260417 0.508594 0.260417 0.508594 0.281771 0.498438 0.281771
0 0.315625 0.229167 0.332422 0.229167 0.332422 0.258854 0.315625 0.258854
0 0.420312 0.311458 0.439844 0.311458 0.439844 0.33125 0.420312 0.33125
0 0.816406 0.010938 0.834766 0.010938 0.834766 0.035938 0.816406 0.035938
0 0.888281 0.003125 0.903906 0.003125 0.903906 0.027604 0.888281 0.027604
0 0.910938 0.054167 0.925781 0.054167 0.925781 0.079167 0.910938 0.079167
0 0.951172 0.016146 0.967188 0.016146 0.967188 0.040625 0.951172 0.040625
0 0.681641 0.210417 0.694922 0.210417 0.694922 0.238021 0.681641 0.238021
0 0.661719 0.227083 0.673828 0.227083 0.673828 0.253646 0.661719 0.253646
0 0.748828 0.215625 0.761328 0.215625 0.761328 0.239583 0.748828 0.239583
0 0.7 0.248438 0.722656 0.248438 0.722656 0.267188 0.7 0.267188
0 0.613281 0.232292 0.633594 0.232292 0.633594 0.25625 0.613281 0.25625
0 0.653906 0.28125 0.669141 0.28125 0.669141 0.30625 0.653906 0.30625
0 0.778125 0.263021 0.794141 0.263021 0.794141 0.285417 0.778125 0.285417
0 0.939844 0.072396 0.956641 0.072396 0.956641 0.102604 0.939844 0.102604
0 0.980078 0.052083 0.996484 0.052083 0.996484 0.078125 0.980078 0.078125
0 0.898047 0.030208 0.915625 0.030208 0.915625 0.044271 0.898047 0.044271
0 0.870312 0.422917 0.888281 0.422917 0.888281 0.440625 0.870312 0.440625
0 0.896484 0.439062 0.9125 0.439062 0.9125 0.465625 0.896484 0.465625
0 0.867188 0.461458 0.883984 0.461458 0.883984 0.479688 0.867188 0.479688
0 0.900391 0.486979 0.917578 0.486979 0.917578 0.506771 0.900391 0.506771
0 0.878906 0.509896 0.895703 0.509896 0.895703 0.530208 0.878906 0.530208
0 0.853906 0.530208 0.873438 0.530208 0.873438 0.545833 0.853906 0.545833
0 0.902344 0.538021 0.922266 0.538021 0.922266 0.559375 0.902344 0.559375
0 0.811719 0.545312 0.833984 0.545312 0.833984 0.567188 0.811719 0.567188
0 0.813281 0.58125 0.835547 0.58125 0.835547 0.603125 0.813281 0.603125
0 0.855469 0.575521 0.880859 0.575521 0.880859 0.596354 0.855469 0.596354
0 0.868359 0.347396 0.885547 0.347396 0.885547 0.377083 0.868359 0.377083
0 0.899219 0.367188 0.916797 0.367188 0.916797 0.394271 0.899219 0.394271
0 0.967969 0.345312 0.982422 0.345312 0.982422 0.373438 0.967969 0.373438
0 0.960547 0.390625 0.977734 0.390625 0.977734 0.413021 0.960547 0.413021
0 0.921094 0.394792 0.937109 0.394792 0.937109 0.425 0.921094 0.425
0 0.944141 0.451562 0.960938 0.451562 0.960938 0.478125 0.944141 0.478125
0 0.896094 0.603646 0.911719 0.603646 0.911719 0.630208 0.896094 0.630208
0 0.927344 0.613542 0.948828 0.613542 0.948828 0.631771 0.927344 0.631771
0 0.949609 0.578646 0.966797 0.578646 0.966797 0.60625 0.949609 0.60625
0 0.968359 0.626042 0.988281 0.626042 0.988281 0.647917 0.968359 0.647917
0 0.981641 0.591667 0.998047 0.591667 0.998047 0.608854 0.981641 0.608854
0 0.960938 0.506771 0.98125 0.506771 0.98125 0.528646 0.960938 0.528646
0 0.933984 0.688542 0.958203 0.688542 0.958203 0.713542 0.933984 0.713542
0 0.946875 0.647396 0.965625 0.647396 0.965625 0.672917 0.946875 0.672917
0 0.910938 0.6625 0.929688 0.6625 0.929688 0.688021 0.910938 0.688021
0 0.862891 0.670312 0.883594 0.670312 0.883594 0.695312 0.862891 0.695312
0 0.823438 0.630729 0.840234 0.630729 0.840234 0.658854 0.823438 0.658854
0 0.799219 0.645312 0.816016 0.645312 0.816016 0.669271 0.799219 0.669271
0 0.802344 0.679688 0.819922 0.679688 0.819922 0.707812 0.802344 0.707812
0 0.851953 0.722917 0.874219 0.722917 0.874219 0.740104 0.851953 0.740104
0 0.878906 0.729688 0.902734 0.729688 0.902734 0.751562 0.878906 0.751562
0 0.850781 0.624479 0.872266 0.624479 0.872266 0.645833 0.850781 0.645833
0 0.845703 0.797917 0.866406 0.797917 0.866406 0.816146 0.845703 0.816146
0 0.872656 0.788542 0.903516 0.788542 0.903516 0.810938 0.872656 0.810938
0 0.888672 0.81875 0.912891 0.81875 0.912891 0.842708 0.888672 0.842708
0 0.8625 0.852083 0.885156 0.852083 0.885156 0.873958 0.8625 0.873958
0 0.833203 0.867708 0.851172 0.867708 0.851172 0.893229 0.833203 0.893229
0 0.873047 0.888542 0.896094 0.888542 0.896094 0.910417 0.873047 0.910417
0 0.970703 0.844792 0.992578 0.844792 0.992578 0.872917 0.970703 0.872917
0 0.955469 0.913542 0.982031 0.913542 0.982031 0.9375 0.955469 0.9375
0 0.830469 0.903646 0.85625 0.903646 0.85625 0.924479 0.830469 0.924479
0 0.898438 0.938021 0.915625 0.938021 0.915625 0.970312 0.898438 0.970312
0 0.791016 0.876562 0.814062 0.876562 0.814062 0.905208 0.791016 0.905208
0 0.564062 0.326562 0.583203 0.326562 0.583203 0.346354 0.564062 0.346354
0 0.494531 0.369792 0.519922 0.369792 0.519922 0.388542 0.494531 0.388542
0 0.485938 0.403125 0.510547 0.403125 0.510547 0.420833 0.485938 0.420833
0 0.502734 0.438021 0.520312 0.438021 0.520312 0.467188 0.502734 0.467188
0 0.529688 0.422396 0.55 0.422396 0.55 0.440104 0.529688 0.440104
0 0.546484 0.360417 0.574219 0.360417 0.574219 0.38125 0.546484 0.38125
0 0.589062 0.358854 0.610156 0.358854 0.610156 0.379688 0.589062 0.379688
0 0.592578 0.398958 0.615234 0.398958 0.615234 0.428646 0.592578 0.428646
0 0.582422 0.448438 0.601562 0.448438 0.601562 0.470833 0.582422 0.470833
0 0.559766 0.427083 0.575391 0.427083 0.575391 0.452083 0.559766 0.452083
0 0.533594 0.473438 0.558594 0.473438 0.558594 0.495312 0.533594 0.495312
0 0.51875 0.50625 0.537109 0.50625 0.537109 0.527604 0.51875 0.527604
0 0.550781 0.513021 0.570703 0.513021 0.570703 0.532292 0.550781 0.532292
0 0.588672 0.503125 0.609766 0.503125 0.609766 0.524479 0.588672 0.524479
0 0.530469 0.538021 0.544922 0.538021 0.544922 0.564062 0.530469 0.564062
0 0.559375 0.558854 0.582031 0.558854 0.582031 0.582292 0.559375 0.582292
0 0.591797 0.54375 0.610938 0.54375 0.610938 0.569271 0.591797 0.569271
0 0.653906 0.525521 0.677344 0.525521 0.677344 0.548438 0.653906 0.548438
0 0.609766 0.577083 0.628516 0.577083 0.628516 0.607812 0.609766 0.607812
0 0.621875 0.313021 0.646094 0.313021 0.646094 0.333333 0.621875 0.333333
0 0.651562 0.357292 0.673828 0.357292 0.673828 0.378646 0.651562 0.378646
0 0.648828 0.394271 0.669531 0.394271 0.669531 0.416146 0.648828 0.416146
0 0.692578 0.382292 0.715625 0.382292 0.715625 0.401562 0.692578 0.401562
0 0.674609 0.436458 0.691016 0.436458 0.691016 0.45625 0.674609 0.45625
0 0.698438 0.492708 0.720703 0.492708 0.720703 0.514583 0.698438 0.514583
0 0.678906 0.295312 0.692969 0.295312 0.692969 0.316146 0.678906 0.316146
0 0.748438 0.322396 0.768359 0.322396 0.768359 0.351562 0.748438 0.351562
0 0.750391 0.373438 0.775391 0.373438 0.775391 0.39375 0.750391 0.39375
0 0.7375 0.400521 0.762109 0.400521 0.762109 0.420312 0.7375 0.420312
0 0.741016 0.45 0.762109 0.45 0.762109 0.468229 0.741016 0.468229
0 0.744141 0.491146 0.767578 0.491146 0.767578 0.509896 0.744141 0.509896
0 0.707422 0.546875 0.732812 0.546875 0.732812 0.566667 0.707422 0.566667
0 0.676953 0.572396 0.696094 0.572396 0.696094 0.601562 0.676953 0.601562
0 0.644141 0.586979 0.661328 0.586979 0.661328 0.614583 0.644141 0.614583
0 0.458594 0.580729 0.483984 0.580729 0.483984 0.60625 0.458594 0.60625
0 0.713281 0.623958 0.733203 0.623958 0.733203 0.651042 0.713281 0.651042
0 0.725391 0.595833 0.744922 0.595833 0.744922 0.621875 0.725391 0.621875
0 0.589844 0.627083 0.607422 0.627083 0.607422 0.647917 0.589844 0.647917
0 0.506641 0.64375 0.528906 0.64375 0.528906 0.672917 0.506641 0.672917
0 0.459766 0.631771 0.485547 0.631771 0.485547 0.649479 0.459766 0.649479
0 0.46875 0.675521 0.490234 0.675521 0.490234 0.695833 0.46875 0.695833
0 0.496094 0.694271 0.516016 0.694271 0.516016 0.727083 0.496094 0.727083
0 0.661719 0.633333 0.687891 0.633333 0.687891 0.655208 0.661719 0.655208
0 0.625391 0.771354 0.646484 0.771354 0.646484 0.804167 0.625391 0.804167
0 0.655859 0.763542 0.676953 0.763542 0.676953 0.793229 0.655859 0.793229
0 0.59375 0.815625 0.615625 0.815625 0.615625 0.848438 0.59375 0.848438
0 0.638281 0.833854 0.665234 0.833854 0.665234 0.857812 0.638281 0.857812
0 0.563672 0.798958 0.582422 0.798958 0.582422 0.818229 0.563672 0.818229
0 0.531641 0.834375 0.549609 0.834375 0.549609 0.866667 0.531641 0.866667
0 0.575391 0.854167 0.599219 0.854167 0.599219 0.888542 0.575391 0.888542
0 0.532031 0.897917 0.555859 0.897917 0.555859 0.927083 0.532031 0.927083
0 0.590625 0.893229 0.611328 0.893229 0.611328 0.914583 0.590625 0.914583
0 0.662891 0.876562 0.689062 0.876562 0.689062 0.901042 0.662891 0.901042
0 0.626172 0.891667 0.645312 0.891667 0.645312 0.919271 0.626172 0.919271
0 0.625391 0.923438 0.643359 0.923438 0.643359 0.950521 0.625391 0.950521
0 0.729297 0.947917 0.751953 0.947917 0.751953 0.972396 0.729297 0.972396
0 0.683594 0.909896 0.70625 0.909896 0.70625 0.940625 0.683594 0.940625
0 0.657422 0.909896 0.678906 0.909896 0.678906 0.930208 0.657422 0.930208
0 0.684766 0.968229 0.702344 0.968229 0.702344 0.999479 0.684766 0.999479
0 0.569531 0.936979 0.590234 0.936979 0.590234 0.963021 0.569531 0.963021
0 0.469922 0.928125 0.491406 0.928125 0.491406 0.956771 0.469922 0.956771
0 0.515625 0.95625 0.532031 0.95625 0.532031 0.990104 0.515625 0.990104
0 0.538672 0.954167 0.556641 0.954167 0.556641 0.98125 0.538672 0.98125
0 0.422266 0.943229 0.443359 0.943229 0.443359 0.970833 0.422266 0.970833
0 0.449609 0.973438 0.467188 0.973438 0.467188 0.999479 0.449609 0.999479
0 0.244922 0.254167 0.260156 0.254167 0.260156 0.281771 0.244922 0.281771
0 0.255469 0.304688 0.278125 0.304688 0.278125 0.322917 0.255469 0.322917
0 0.227734 0.328125 0.242578 0.328125 0.242578 0.358333 0.227734 0.358333
0 0.205078 0.381771 0.227734 0.381771 0.227734 0.402604 0.205078 0.402604
0 0.172656 0.365104 0.192578 0.365104 0.192578 0.384896 0.172656 0.384896
0 0.115625 0.376562 0.137891 0.376562 0.137891 0.400521 0.115625 0.400521
0 0.132422 0.431771 0.151172 0.431771 0.151172 0.455729 0.132422 0.455729
0 0.321094 0.386979 0.337109 0.386979 0.337109 0.411458 0.321094 0.411458
0 0.289844 0.396354 0.305469 0.396354 0.305469 0.422396 0.289844 0.422396
0 0.253516 0.401042 0.276953 0.401042 0.276953 0.420833 0.253516 0.420833
0 0.260938 0.364062 0.282031 0.364062 0.282031 0.385417 0.260938 0.385417
0 0.191016 0.429688 0.202734 0.429688 0.202734 0.452604 0.191016 0.452604
0 0.211328 0.447917 0.230469 0.447917 0.230469 0.465625 0.211328 0.465625
0 0.223047 0.486979 0.242578 0.486979 0.242578 0.506771 0.223047 0.506771
0 0.235156 0.519792 0.255469 0.519792 0.255469 0.544792 0.235156 0.544792
0 0.330078 0.432812 0.345703 0.432812 0.345703 0.459375 0.330078 0.459375
0 0.273438 0.482812 0.298047 0.482812 0.298047 0.515104 0.273438 0.515104
0 0.343359 0.546354 0.367969 0.546354 0.367969 0.568229 0.343359 0.568229
0 0.345703 0.518229 0.370312 0.518229 0.370312 0.534896 0.345703 0.534896
0 0.39375 0.492708 0.417188 0.492708 0.417188 0.519271 0.39375 0.519271
0 0.402344 0.539583 0.420312 0.539583 0.420312 0.5625 0.402344 0.5625
0 0.433984 0.526042 0.451562 0.526042 0.451562 0.555208 0.433984 0.555208
0 0.376562 0.555208 0.395703 0.555208 0.395703 0.576042 0.376562 0.576042
0 0.414062 0.578125 0.435156 0.578125 0.435156 0.600521 0.414062 0.600521
0 0.413672 0.614583 0.433203 0.614583 0.433203 0.634896 0.413672 0.634896
0 0.382422 0.607292 0.401562 0.607292 0.401562 0.636979 0.382422 0.636979
0 0.339844 0.588021 0.362109 0.588021 0.362109 0.60625 0.339844 0.60625
0 0.312891 0.610417 0.330469 0.610417 0.330469 0.63125 0.312891 0.63125
0 0.317188 0.640625 0.337891 0.640625 0.337891 0.663021 0.317188 0.663021
0 0.344141 0.658854 0.362891 0.658854 0.362891 0.677083 0.344141 0.677083
0 0.391406 0.681771 0.407812 0.681771 0.407812 0.708333 0.391406 0.708333
0 0.421094 0.652083 0.441797 0.652083 0.441797 0.669792 0.421094 0.669792
0 0.332422 0.697396 0.350391 0.697396 0.350391 0.725 0.332422 0.725
0 0.419531 0.696354 0.434375 0.696354 0.434375 0.722396 0.419531 0.722396
0 0.442188 0.715625 0.464453 0.715625 0.464453 0.744792 0.442188 0.744792
0 0.411328 0.758333 0.43125 0.758333 0.43125 0.777604 0.411328 0.777604
0 0.435156 0.766667 0.45625 0.766667 0.45625 0.791146 0.435156 0.791146
0 0.272266 0.727083 0.287891 0.727083 0.287891 0.751042 0.272266 0.751042
0 0.307422 0.789583 0.324609 0.789583 0.324609 0.813021 0.307422 0.813021
0 0.292188 0.740104 0.308203 0.740104 0.308203 0.768229 0.292188 0.768229
0 0.266797 0.636458 0.286328 0.636458 0.286328 0.659896 0.266797 0.659896
0 0.35 0.773438 0.372266 0.773438 0.372266 0.791146 0.35 0.791146
0 0.333984 0.795312 0.348828 0.795312 0.348828 0.817188 0.333984 0.817188
0 0.347266 0.818229 0.368359 0.818229 0.368359 0.839062 0.347266 0.839062
0 0.311328 0.835417 0.330859 0.835417 0.330859 0.863542 0.311328 0.863542
0 0.234766 0.744792 0.251172 0.744792 0.251172 0.776042 0.234766 0.776042
0 0.259766 0.764583 0.275391 0.764583 0.275391 0.792708 0.259766 0.792708
0 0.219531 0.80625 0.237109 0.80625 0.237109 0.824479 0.219531 0.824479
0 0.169531 0.756771 0.18125 0.756771 0.18125 0.779167 0.169531 0.779167
0 0.205078 0.727083 0.223828 0.727083 0.223828 0.747396 0.205078 0.747396
0 0.244531 0.664062 0.261719 0.664062 0.261719 0.692188 0.244531 0.692188
0 0.183203 0.644271 0.205859 0.644271 0.205859 0.668229 0.183203 0.668229
0 0.138281 0.633333 0.15625 0.633333 0.15625 0.653125 0.138281 0.653125
0 0.150781 0.705729 0.169922 0.705729 0.169922 0.727604 0.150781 0.727604
0 0.094922 0.700521 0.111719 0.700521 0.111719 0.716146 0.094922 0.716146
0 0.090234 0.740104 0.105469 0.740104 0.105469 0.764062 0.090234 0.764062
0 0.123438 0.757812 0.136719 0.757812 0.136719 0.782812 0.123438 0.782812
0 0.146094 0.741667 0.162109 0.741667 0.162109 0.764062 0.146094 0.764062
0 0.205469 0.833854 0.223047 0.833854 0.223047 0.855729 0.205469 0.855729
0 0.185156 0.844271 0.201562 0.844271 0.201562 0.867708 0.185156 0.867708
0 0.258594 0.820833 0.275 0.820833 0.275 0.848438 0.258594 0.848438
0 0.101172 0.51875 0.129688 0.51875 0.129688 0.539583 0.101172 0.539583
0 0.063672 0.556771 0.083594 0.556771 0.083594 0.580729 0.063672 0.580729
0 0.005078 0.564583 0.027344 0.564583 0.027344 0.585938 0.005078 0.585938
0 0.036328 0.603646 0.054688 0.603646 0.054688 0.620833 0.036328 0.620833
0 0.164062 0.419271 0.187109 0.419271 0.187109 0.440625 0.164062 0.440625
0 0.032812 0.715104 0.049219 0.715104 0.049219 0.735417 0.032812 0.735417
0 0.003906 0.677083 0.021094 0.677083 0.021094 0.700521 0.003906 0.700521
0 0.026562 0.484896 0.041797 0.484896 0.041797 0.501042 0.026562 0.501042
0 0.146094 0.770312 0.161328 0.770312 0.161328 0.794792 0.146094 0.794792
0 0.022266 0.848438 0.038281 0.848438 0.038281 0.880208 0.022266 0.880208
0 0.048438 0.882812 0.06875 0.882812 0.06875 0.902083 0.048438 0.902083
0 0.009375 0.898958 0.028906 0.898958 0.028906 0.918229 0.009375 0.918229
0 0.016406 0.934375 0.033594 0.934375 0.033594 0.963542 0.016406 0.963542
0 0.047656 0.941146 0.069531 0.941146 0.069531 0.970833 0.047656 0.970833
0 0.082031 0.916146 0.103906 0.916146 0.103906 0.939583 0.082031 0.939583
0 0.111719 0.905729 0.132031 0.905729 0.132031 0.929167 0.111719 0.929167
0 0.126562 0.951562 0.142578 0.951562 0.142578 0.980208 0.126562 0.980208
0 0.094531 0.974479 0.112109 0.974479 0.112109 0.996875 0.094531 0.996875
0 0.321484 0.920312 0.341406 0.920312 0.341406 0.949479 0.321484 0.949479
0 0.348828 0.928646 0.367578 0.928646 0.367578 0.965104 0.348828 0.965104
0 0.375391 0.911458 0.392969 0.911458 0.392969 0.942188 0.375391 0.942188
0 0.392969 0.859375 0.416016 0.859375 0.416016 0.888021 0.392969 0.888021
0 0.409375 0.899479 0.427344 0.899479 0.427344 0.922917 0.409375 0.922917
0 0.438672 0.880729 0.454297 0.880729 0.454297 0.910938 0.438672 0.910938
0 0.464453 0.865104 0.484375 0.865104 0.484375 0.892708 0.464453 0.892708
0 0.44375 0.846354 0.464062 0.846354 0.464062 0.870312 0.44375 0.870312
0 0.40625 0.980208 0.428906 0.980208 0.428906 0.999479 0.40625 0.999479
0 0.392188 0.941667 0.413281 0.941667 0.413281 0.968229 0.392188 0.968229
0 0.342578 0.970833 0.368359 0.970833 0.368359 0.991146 0.342578 0.991146