0 0.484766 0.379167 0.513281 0.379167 0.513281 0.402604 0.484766 0.402604
0 0.494922 0.435417 0.518359 0.435417 0.518359 0.455208 0.494922 0.455208
0 0.461328 0.447917 0.484375 0.447917 0.484375 0.473958 0.461328 0.473958
0 0.442188 0.465625 0.469922 0.465625 0.469922 0.492708 0.442188 0.492708
0 0.404688 0.476042 0.43125 0.476042 0.43125 0.497396 0.404688 0.497396
0 0.413281 0.509375 0.436719 0.509375 0.436719 0.526562 0.413281 0.526562
0 0.390234 0.527604 0.410156 0.527604 0.410156 0.554688 0.390234 0.554688
0 0.455078 0.532292 0.477344 0.532292 0.477344 0.564583 0.455078 0.564583
0 0.487891 0.527604 0.507812 0.527604 0.507812 0.558333 0.487891 0.558333
0 0.522266 0.5 0.550781 0.5 0.550781 0.524479 0.522266 0.524479
0 0.526172 0.458333 0.545703 0.458333 0.545703 0.488021 0.526172 0.488021
0 0.555859 0.473438 0.578516 0.473438 0.578516 0.492188 0.555859 0.492188
0 0.557031 0.45 0.580469 0.45 0.580469 0.469271 0.557031 0.469271
0 0.541797 0.410417 0.564062 0.410417 0.564062 0.434896 0.541797 0.434896
0 0.565625 0.389583 0.589844 0.389583 0.589844 0.419271 0.565625 0.419271
0 0.592969 0.394792 0.613672 0.394792 0.613672 0.426042 0.592969 0.426042
0 0.615234 0.4125 0.635547 0.4125 0.635547 0.439583 0.615234 0.439583
0 0.602344 0.351562 0.626562 0.351562 0.626562 0.380208 0.602344 0.380208
0 0.571875 0.35 0.594531 0.35 0.594531 0.373438 0.571875 0.373438
0 0.563281 0.319271 0.590234 0.319271 0.590234 0.342188 0.563281 0.342188
0 0.609375 0.317708 0.632031 0.317708 0.632031 0.345833 0.609375 0.345833
0 0.537109 0.310417 0.555859 0.310417 0.555859 0.336458 0.537109 0.336458
0 0.5125 0.335417 0.533203 0.335417 0.533203 0.357292 0.5125 0.357292
0 0.478125 0.340625 0.500781 0.340625 0.500781 0.360417 0.478125 0.360417
0 0.469922 0.352083 0.489062 0.352083 0.489062 0.376562 0.469922 0.376562
0 0.437891 0.352604 0.464062 0.352604 0.464062 0.371354 0.437891 0.371354
0 0.434766 0.380729 0.459766 0.380729 0.459766 0.408333 0.434766 0.408333
0 0.430078 0.416667 0.459375 0.416667 0.459375 0.436458 0.430078 0.436458
0 0.402734 0.386979 0.424609 0.386979 0.424609 0.415625 0.402734 0.415625
0 0.387109 0.432812 0.415234 0.432812 0.415234 0.459375 0.387109 0.459375
0 0.673438 0.459375 0.705078 0.459375 0.705078 0.486979 0.673438 0.486979
0 0.676172 0.492708 0.702734 0.492708 0.702734 0.513542 0.676172 0.513542
0 0.754688 0.490104 0.783594 0.490104 0.783594 0.51875 0.754688 0.51875
0 0.788672 0.495833 0.814844 0.495833 0.814844 0.526562 0.788672 0.526562
0 0.777734 0.539062 0.806641 0.539062 0.806641 0.564062 0.777734 0.564062
0 0.746094 0.544271 0.770312 0.544271 0.770312 0.568229 0.746094 0.568229
0 0.707031 0.533854 0.728906 0.533854 0.728906 0.559375 0.707031 0.559375
0 0.628125 0.529167 0.651172 0.529167 0.651172 0.551562 0.628125 0.551562
0 0.659766 0.549479 0.680078 0.549479 0.680078 0.583854 0.659766 0.583854
0 0.690234 0.565104 0.713281 0.565104 0.713281 0.594792 0.690234 0.594792
0 0.610156 0.563542 0.630859 0.563542 0.630859 0.598438 0.610156 0.598438
0 0.540234 0.559896 0.560938 0.559896 0.560938 0.588021 0.540234 0.588021
0 0.517188 0.577083 0.544141 0.577083 0.544141 0.611979 0.517188 0.611979
0 0.787109 0.586979 0.803906 0.586979 0.803906 0.611458 0.787109 0.611458
0 0.805078 0.607292 0.823438 0.607292 0.823438 0.629167 0.805078 0.629167
0 0.818359 0.659896 0.841797 0.659896 0.841797 0.683333 0.818359 0.683333
0 0.780859 0.6625 0.803516 0.6625 0.803516 0.688542 0.780859 0.688542
0 0.808984 0.696875 0.828516 0.696875 0.828516 0.71875 0.808984 0.71875
0 0.757031 0.647917 0.773828 0.647917 0.773828 0.673438 0.757031 0.673438
0 0.751562 0.610938 0.767969 0.610938 0.767969 0.635417 0.751562 0.635417
0 0.735547 0.594792 0.749219 0.594792 0.749219 0.625 0.735547 0.625
0 0.710938 0.640625 0.73125 0.640625 0.73125 0.667188 0.710938 0.667188
0 0.684766 0.610938 0.70625 0.610938 0.70625 0.629688 0.684766 0.629688
0 0.672266 0.677604 0.696484 0.677604 0.696484 0.702604 0.672266 0.702604
0 0.646094 0.627083 0.663281 0.627083 0.663281 0.654167 0.646094 0.654167
0 0.608203 0.626562 0.625391 0.626562 0.625391 0.654167 0.608203 0.654167
0 0.569922 0.617708 0.585938 0.617708 0.585938 0.64375 0.569922 0.64375
0 0.531641 0.648438 0.55 0.648438 0.55 0.678125 0.531641 0.678125
0 0.557031 0.657812 0.574219 0.657812 0.574219 0.690104 0.557031 0.690104
0 0.584766 0.677083 0.603125 0.677083 0.603125 0.697396 0.584766 0.697396
0 0.605859 0.669792 0.625 0.669792 0.625 0.70625 0.605859 0.70625
0 0.635938 0.66875 0.656641 0.66875 0.656641 0.704167 0.635938 0.704167
0 0.571875 0.70625 0.596484 0.70625 0.596484 0.726562 0.571875 0.726562
0 0.624219 0.721354 0.650391 0.721354 0.650391 0.745312 0.624219 0.745312
0 0.682422 0.733854 0.704297 0.733854 0.704297 0.760417 0.682422 0.760417
0 0.715234 0.721875 0.734375 0.721875 0.734375 0.753646 0.715234 0.753646
0 0.745703 0.738021 0.766797 0.738021 0.766797 0.766667 0.745703 0.766667
0 0.772656 0.707292 0.795312 0.707292 0.795312 0.735938 0.772656 0.735938
0 0.795312 0.742188 0.826172 0.742188 0.826172 0.767708 0.795312 0.767708
0 0.794141 0.779688 0.813672 0.779688 0.813672 0.800521 0.794141 0.800521
0 0.780469 0.798438 0.80625 0.798438 0.80625 0.822396 0.780469 0.822396
0 0.763281 0.808854 0.780859 0.808854 0.780859 0.835938 0.763281 0.835938
0 0.720312 0.805729 0.744531 0.805729 0.744531 0.832812 0.720312 0.832812
0 0.7125 0.845833 0.732422 0.845833 0.732422 0.872396 0.7125 0.872396
0 0.684766 0.840625 0.704297 0.840625 0.704297 0.875521 0.684766 0.875521
0 0.779297 0.859896 0.797656 0.859896 0.797656 0.884375 0.779297 0.884375
0 0.766016 0.898958 0.78125 0.898958 0.78125 0.929688 0.766016 0.929688
0 0.739062 0.8875 0.757422 0.8875 0.757422 0.915104 0.739062 0.915104
0 0.711719 0.915625 0.735547 0.915625 0.735547 0.941667 0.711719 0.941667
0 0.683984 0.922396 0.704297 0.922396 0.704297 0.948958 0.683984 0.948958
0 0.664453 0.905208 0.684766 0.905208 0.684766 0.923438 0.664453 0.923438
0 0.637891 0.853125 0.658594 0.853125 0.658594 0.882292 0.637891 0.882292
0 0.673047 0.796354 0.701562 0.796354 0.701562 0.8125 0.673047 0.8125
0 0.655859 0.761458 0.671875 0.761458 0.671875 0.785938 0.655859 0.785938
0 0.625391 0.773958 0.638281 0.773958 0.638281 0.791667 0.625391 0.791667
0 0.605078 0.752604 0.621094 0.752604 0.621094 0.780729 0.605078 0.780729
0 0.574219 0.764062 0.588672 0.764062 0.588672 0.795833 0.574219 0.795833
0 0.602344 0.796354 0.627344 0.796354 0.627344 0.819271 0.602344 0.819271
0 0.598438 0.833333 0.624609 0.833333 0.624609 0.854167 0.598438 0.854167
0 0.546484 0.7375 0.562891 0.7375 0.562891 0.772396 0.546484 0.772396
0 0.519141 0.771875 0.538281 0.771875 0.538281 0.800521 0.519141 0.800521
0 0.514453 0.700521 0.542188 0.700521 0.542188 0.725521 0.514453 0.725521
0 0.479297 0.702083 0.497656 0.702083 0.497656 0.726562 0.479297 0.726562
0 0.500781 0.657292 0.521484 0.657292 0.521484 0.689583 0.500781 0.689583
0 0.460547 0.66875 0.485156 0.66875 0.485156 0.690625 0.460547 0.690625
0 0.437891 0.617708 0.463281 0.617708 0.463281 0.639583 0.437891 0.639583
0 0.976172 0.976562 0.997266 0.976562 0.997266 0.999479 0.976172 0.999479
0 0.93125 0.979167 0.950781 0.979167 0.950781 0.999479 0.93125 0.999479
0 0.922266 0.948958 0.940234 0.948958 0.940234 0.969792 0.922266 0.969792
0 0.897266 0.970312 0.917969 0.970312 0.917969 0.998958 0.897266 0.998958
0 0.877734 0.868229 0.896484 0.868229 0.896484 0.891146 0.877734 0.891146
0 0.885156 0.823958 0.902344 0.823958 0.902344 0.853125 0.885156 0.853125
0 0.911328 0.802604 0.933594 0.802604 0.933594 0.829688 0.911328 0.829688
0 0.963672 0.777604 0.993359 0.777604 0.993359 0.804167 0.963672 0.804167
0 0.967969 0.815104 0.987109 0.815104 0.987109 0.835417 0.967969 0.835417
0 0.928516 0.843229 0.947266 0.843229 0.947266 0.869271 0.928516 0.869271
0 0.927734 0.880208 0.944141 0.880208 0.944141 0.905208 0.927734 0.905208
0 0.951562 0.903125 0.970312 0.903125 0.970312 0.933333 0.951562 0.933333
0 0.954688 0.8625 0.973047 0.8625 0.973047 0.892708 0.954688 0.892708
0 0.980469 0.863021 0.999219 0.863021 0.999219 0.885417 0.980469 0.885417
0 0.976172 0.896875 0.993359 0.896875 0.993359 0.922396 0.976172 0.922396
0 0.528516 0.930729 0.548828 0.930729 0.548828 0.963542 0.528516 0.963542
0 0.5125 0.978646 0.53125 0.978646 0.53125 0.997917 0.5125 0.997917
0 0.600781 0.985938 0.621484 0.985938 0.621484 0.999479 0.600781 0.999479
0 0.570703 0.985938 0.584375 0.985938 0.584375 0.999479 0.570703 0.999479
0 0.540625 0.986979 0.55625 0.986979 0.55625 0.999479 0.540625 0.999479
0 0.489844 0.966667 0.509766 0.966667 0.509766 0.988021 0.489844 0.988021
0 0.478516 0.925 0.501562 0.925 0.501562 0.947396 0.478516 0.947396
0 0.507812 0.901562 0.524219 0.901562 0.524219 0.925 0.507812 0.925
0 0.475 0.885938 0.496094 0.885938 0.496094 0.907812 0.475 0.907812
0 0.451562 0.908854 0.472266 0.908854 0.472266 0.931771 0.451562 0.931771
0 0.455469 0.967188 0.472656 0.967188 0.472656 0.998438 0.455469 0.998438
0 0.422266 0.954167 0.439844 0.954167 0.439844 0.976042 0.422266 0.976042
0 0.426953 0.857812 0.446875 0.857812 0.446875 0.882292 0.426953 0.882292
0 0.401562 0.872917 0.41875 0.872917 0.41875 0.902604 0.401562 0.902604
0 0.379297 0.903646 0.398438 0.903646 0.398438 0.93125 0.379297 0.93125
0 0.367188 0.958333 0.383984 0.958333 0.383984 0.980208 0.367188 0.980208
0 0.321484 0.971354 0.341406 0.971354 0.341406 0.998438 0.321484 0.998438
0 0.305078 0.946875 0.323438 0.946875 0.323438 0.96875 0.305078 0.96875
0 0.334375 0.894792 0.349609 0.894792 0.349609 0.919792 0.334375 0.919792
0 0.360547 0.852083 0.376562 0.852083 0.376562 0.88125 0.360547 0.88125
0 0.376172 0.822396 0.399219 0.822396 0.399219 0.845312 0.376172 0.845312
0 0.264844 0.973438 0.289453 0.973438 0.289453 0.991667 0.264844 0.991667
0 0.257422 0.941146 0.275 0.941146 0.275 0.963021 0.257422 0.963021
0 0.280469 0.89375 0.302734 0.89375 0.302734 0.928125 0.280469 0.928125
0 0.316406 0.850521 0.338672 0.850521 0.338672 0.882812 0.316406 0.882812
0 0.301172 0.826562 0.315234 0.826562 0.315234 0.855729 0.301172 0.855729
0 0.285156 0.799479 0.3 0.799479 0.3 0.825521 0.285156 0.825521
0 0.273438 0.734896 0.300781 0.734896 0.300781 0.76875 0.273438 0.76875
0 0.249219 0.785938 0.277734 0.785938 0.277734 0.809375 0.249219 0.809375
0 0.236719 0.821354 0.273438 0.821354 0.273438 0.847917 0.236719 0.847917
0 0.245703 0.871354 0.266797 0.871354 0.266797 0.895833 0.245703 0.895833
0 0.227344 0.920833 0.244531 0.920833 0.244531 0.950521 0.227344 0.950521
0 0.196484 0.893229 0.216016 0.893229 0.216016 0.930729 0.196484 0.930729
0 0.166406 0.922396 0.184375 0.922396 0.184375 0.953125 0.166406 0.953125
0 0.125 0.974479 0.146484 0.974479 0.146484 0.996354 0.125 0.996354
0 0.123828 0.927083 0.146875 0.927083 0.146875 0.948438 0.123828 0.948438
0 0.130859 0.876562 0.154297 0.876562 0.154297 0.899479 0.130859 0.899479
0 0.146875 0.850521 0.166797 0.850521 0.166797 0.875521 0.146875 0.875521
0 0.077344 0.979688 0.098047 0.979688 0.098047 0.999479 0.077344 0.999479
0 0.225 0.853125 0.242188 0.853125 0.242188 0.872396 0.225 0.872396
0 0.196484 0.835417 0.214844 0.835417 0.214844 0.855208 0.196484 0.855208
0 0.198438 0.790625 0.221484 0.790625 0.221484 0.816667 0.198438 0.816667
0 0.242969 0.754688 0.2625 0.754688 0.2625 0.784896 0.242969 0.784896
0 0.218359 0.734896 0.235938 0.734896 0.235938 0.760938 0.218359 0.760938
0 0.190234 0.704167 0.212891 0.704167 0.212891 0.73125 0.190234 0.73125
0 0.183984 0.752604 0.203906 0.752604 0.203906 0.776042 0.183984 0.776042
0 0.164844 0.734896 0.184375 0.734896 0.184375 0.7625 0.164844 0.7625
0 0.209766 0.982812 0.229688 0.982812 0.229688 0.999479 0.209766 0.999479
0 0.160547 0.815104 0.179297 0.815104 0.179297 0.838021 0.160547 0.838021
0 0.148438 0.792708 0.166797 0.792708 0.166797 0.816146 0.148438 0.816146
0 0.114453 0.803125 0.134375 0.803125 0.134375 0.821354 0.114453 0.821354
0 0.114844 0.84375 0.135938 0.84375 0.135938 0.871875 0.114844 0.871875
0 0.092578 0.870833 0.114062 0.870833 0.114062 0.889062 0.092578 0.889062
0 0.080469 0.909896 0.107422 0.909896 0.107422 0.932812 0.080469 0.932812
0 0.006641 0.903125 0.036328 0.903125 0.036328 0.921875 0.006641 0.921875
0 0.001562 0.850521 0.023438 0.850521 0.023438 0.871875 0.001562 0.871875
0 0.030469 0.828646 0.053906 0.828646 0.053906 0.85 0.030469 0.85
0 0.066406 0.792708 0.085938 0.792708 0.085938 0.820833 0.066406 0.820833
0 0.080078 0.732292 0.101953 0.732292 0.101953 0.758854 0.080078 0.758854
0 0.047266 0.738021 0.064453 0.738021 0.064453 0.765625 0.047266 0.765625
0 0.022266 0.784375 0.050391 0.784375 0.050391 0.805729 0.022266 0.805729
0 0.010156 0.701562 0.029297 0.701562 0.029297 0.725521 0.010156 0.725521
0 0.0 0.725521 0.012891 0.725521 0.012891 0.752083 0.0 0.752083
0 0.044141 0.672917 0.0625 0.672917 0.0625 0.702083 0.044141 0.702083
0 0.0 0.646354 0.015625 0.646354 0.015625 0.676042 0.0 0.676042
0 0.020703 0.645312 0.0375 0.645312 0.0375 0.678125 0.020703 0.678125
0 0.067188 0.653125 0.082031 0.653125 0.082031 0.683333 0.067188 0.683333
0 0.094531 0.669271 0.117969 0.669271 0.117969 0.703646 0.094531 0.703646
0 0.133984 0.705729 0.156641 0.705729 0.156641 0.728646 0.133984 0.728646
0 0.149609 0.672917 0.169141 0.672917 0.169141 0.692708 0.149609 0.692708
0 0.135156 0.642188 0.155078 0.642188 0.155078 0.667188 0.135156 0.667188
0 0.120312 0.628125 0.137891 0.628125 0.137891 0.653125 0.120312 0.653125
0 0.085156 0.619271 0.110156 0.619271 0.110156 0.642188 0.085156 0.642188
0 0.387891 0.638021 0.408984 0.638021 0.408984 0.660938 0.387891 0.660938
0 0.373047 0.671875 0.391797 0.671875 0.391797 0.698958 0.373047 0.698958
0 0.348828 0.661979 0.367578 0.661979 0.367578 0.690104 0.348828 0.690104
0 0.316406 0.64375 0.341797 0.64375 0.341797 0.665104 0.316406 0.665104
0 0.341797 0.621875 0.368359 0.621875 0.368359 0.648958 0.341797 0.648958
0 0.390234 0.586458 0.411328 0.586458 0.411328 0.619792 0.390234 0.619792
0 0.469922 0.582812 0.489453 0.582812 0.489453 0.608854 0.469922 0.608854
0 0.353125 0.563542 0.371484 0.563542 0.371484 0.588542 0.353125 0.588542
0 0.322266 0.564583 0.342188 0.564583 0.342188 0.585938 0.322266 0.585938
0 0.321094 0.598958 0.346875 0.598958 0.346875 0.620312 0.321094 0.620312
0 0.286328 0.614062 0.310156 0.614062 0.310156 0.642188 0.286328 0.642188
0 0.289062 0.529167 0.309766 0.529167 0.309766 0.552083 0.289062 0.552083
0 0.333203 0.525521 0.353125 0.525521 0.353125 0.545833 0.333203 0.545833
0 0.348828 0.482812 0.366797 0.482812 0.366797 0.516667 0.348828 0.516667
0 0.327344 0.483333 0.348438 0.483333 0.348438 0.517188 0.327344 0.517188
0 0.282812 0.508333 0.307812 0.508333 0.307812 0.53125 0.282812 0.53125
0 0.28125 0.477083 0.298438 0.477083 0.298438 0.494271 0.28125 0.494271
0 0.245703 0.460417 0.263281 0.460417 0.263281 0.489583 0.245703 0.489583
0 0.222266 0.496354 0.240234 0.496354 0.240234 0.520833 0.222266 0.520833
0 0.198438 0.51875 0.218359 0.51875 0.218359 0.547396 0.198438 0.547396
0 0.175 0.498438 0.198047 0.498438 0.198047 0.519792 0.175 0.519792
0 0.182031 0.446354 0.201953 0.446354 0.201953 0.479688 0.182031 0.479688
0 0.208984 0.414583 0.224219 0.414583 0.224219 0.445833 0.208984 0.445833
0 0.235156 0.400521 0.259766 0.400521 0.259766 0.434896 0.235156 0.434896
0 0.276172 0.405208 0.304297 0.405208 0.304297 0.428125 0.276172 0.428125
0 0.039453 0.516146 0.069531 0.516146 0.069531 0.542708 0.039453 0.542708
0 0.0 0.559896 0.017188 0.559896 0.017188 0.589583 0.0 0.589583
0 0.004297 0.489583 0.032031 0.489583 0.032031 0.515104 0.004297 0.515104
0 0.040625 0.478125 0.066406 0.478125 0.066406 0.508333 0.040625 0.508333
0 0.007812 0.440625 0.044531 0.440625 0.044531 0.467188 0.007812 0.467188
0 0.052734 0.425 0.072266 0.425 0.072266 0.456771 0.052734 0.456771
0 0.080469 0.443229 0.107812 0.443229 0.107812 0.470312 0.080469 0.470312
0 0.126562 0.464583 0.151172 0.464583 0.151172 0.497917 0.126562 0.497917
0 0.147266 0.481771 0.171094 0.481771 0.171094 0.517188 0.147266 0.517188
0 0.166797 0.390104 0.183203 0.390104 0.183203 0.418229 0.166797 0.418229
0 0.196094 0.377604 0.211719 0.377604 0.211719 0.411458 0.196094 0.411458
0 0.173438 0.350521 0.196094 0.350521 0.196094 0.371875 0.173438 0.371875
0 0.131641 0.363542 0.147266 0.363542 0.147266 0.395833 0.131641 0.395833
0 0.105078 0.346875 0.123047 0.346875 0.123047 0.376042 0.105078 0.376042
0 0.081641 0.369271 0.105469 0.369271 0.105469 0.395833 0.081641 0.395833
0 0.076953 0.417708 0.1 0.417708 0.1 0.436979 0.076953 0.436979
0 0.049219 0.385938 0.069922 0.385938 0.069922 0.415625 0.049219 0.415625
0 0.018359 0.398438 0.041797 0.398438 0.041797 0.421354 0.018359 0.421354
0 0.000781 0.354688 0.025 0.354688 0.025 0.379167 0.000781 0.379167
0 0.038672 0.347917 0.063281 0.347917 0.063281 0.374479 0.038672 0.374479
0 0.010547 0.314583 0.034375 0.314583 0.034375 0.339583 0.010547 0.339583
0 0.064844 0.315625 0.091406 0.315625 0.091406 0.335938 0.064844 0.335938
0 0.171484 0.306771 0.199609 0.306771 0.199609 0.331771 0.171484 0.331771
0 0.202344 0.290625 0.225 0.290625 0.225 0.322917 0.202344 0.322917
0 0.233594 0.322396 0.260156 0.322396 0.260156 0.342708 0.233594 0.342708
0 0.244141 0.346875 0.266016 0.346875 0.266016 0.371354 0.244141 0.371354
0 0.281641 0.367188 0.305859 0.367188 0.305859 0.388021 0.281641 0.388021
0 0.286719 0.316667 0.310156 0.316667 0.310156 0.346354 0.286719 0.346354
0 0.308203 0.293229 0.328125 0.293229 0.328125 0.318229 0.308203 0.318229
0 0.403906 0.334896 0.429688 0.334896 0.429688 0.361458 0.403906 0.361458
0 0.398047 0.303125 0.417578 0.303125 0.417578 0.324479 0.398047 0.324479
0 0.426562 0.298438 0.451562 0.298438 0.451562 0.326042 0.426562 0.326042
0 0.0 0.022396 0.017969 0.022396 0.017969 0.047917 0.0 0.047917
0 0.027734 0.021354 0.048828 0.021354 0.048828 0.055729 0.027734 0.055729
0 0.053516 0.020833 0.069922 0.020833 0.069922 0.052083 0.053516 0.052083
0 0.077734 0.001042 0.096875 0.001042 0.096875 0.028646 0.077734 0.028646
0 0.025391 0.072396 0.048828 0.072396 0.048828 0.101562 0.025391 0.101562
0 0.057031 0.105208 0.077734 0.105208 0.077734 0.134896 0.057031 0.134896
0 0.019141 0.184375 0.050391 0.184375 0.050391 0.204167 0.019141 0.204167
0 0.000391 0.21875 0.026172 0.21875 0.026172 0.241146 0.000391 0.241146
0 0.0 0.265104 0.017578 0.265104 0.017578 0.290104 0.0 0.290104
0 0.032031 0.257292 0.055078 0.257292 0.055078 0.280729 0.032031 0.280729
0 0.087891 0.293229 0.120312 0.293229 0.120312 0.317188 0.087891 0.317188
0 0.086328 0.253646 0.112891 0.253646 0.112891 0.272917 0.086328 0.272917
0 0.063281 0.223958 0.0875 0.223958 0.0875 0.250521 0.063281 0.250521
0 0.042188 0.208333 0.064453 0.208333 0.064453 0.226562 0.042188 0.226562
0 0.101562 0.210938 0.119141 0.210938 0.119141 0.233333 0.101562 0.233333
0 0.153516 0.179167 0.178516 0.179167 0.178516 0.213542 0.153516 0.213542
0 0.185938 0.186979 0.20625 0.186979 0.20625 0.215625 0.185938 0.215625
0 0.116406 0.075521 0.136719 0.075521 0.136719 0.105208 0.116406 0.105208
0 0.085938 0.088021 0.112109 0.088021 0.112109 0.117708 0.085938 0.117708
0 0.089062 0.053125 0.114453 0.053125 0.114453 0.071875 0.089062 0.071875
0 0.126172 0.019271 0.149609 0.019271 0.149609 0.046354 0.126172 0.046354
0 0.132422 0.055208 0.155859 0.055208 0.155859 0.085938 0.132422 0.085938
0 0.203906 0.241667 0.226953 0.241667 0.226953 0.265104 0.203906 0.265104
0 0.23125 0.265104 0.250781 0.265104 0.250781 0.29375 0.23125 0.29375
0 0.244531 0.23125 0.269531 0.23125 0.269531 0.257292 0.244531 0.257292
0 0.271484 0.231771 0.289062 0.231771 0.289062 0.265625 0.271484 0.265625
0 0.296484 0.247917 0.316016 0.247917 0.316016 0.278125 0.296484 0.278125
0 0.313281 0.239583 0.339453 0.239583 0.339453 0.269271 0.313281 0.269271
0 0.317188 0.206771 0.341797 0.206771 0.341797 0.234375 0.317188 0.234375
0 0.297656 0.161458 0.319141 0.161458 0.319141 0.197917 0.297656 0.197917
0 0.235156 0.195833 0.268359 0.195833 0.268359 0.217188 0.235156 0.217188
0 0.219922 0.145833 0.246484 0.145833 0.246484 0.174479 0.219922 0.174479
0 0.187109 0.138021 0.209766 0.138021 0.209766 0.163542 0.187109 0.163542
0 0.208984 0.117188 0.238281 0.117188 0.238281 0.138021 0.208984 0.138021
0 0.214844 0.008854 0.239844 0.008854 0.239844 0.032292 0.214844 0.032292
0 0.288281 0.032812 0.309766 0.032812 0.309766 0.06875 0.288281 0.06875
0 0.302344 0.010417 0.325 0.010417 0.325 0.033854 0.302344 0.033854
0 0.310938 0.083333 0.330859 0.083333 0.330859 0.122917 0.310938 0.122917
0 0.3375 0.073438 0.360547 0.073438 0.360547 0.109375 0.3375 0.109375
0 0.344922 0.121875 0.373047 0.121875 0.373047 0.151042 0.344922 0.151042
0 0.376562 0.155208 0.405469 0.155208 0.405469 0.180729 0.376562 0.180729
0 0.398047 0.127604 0.418359 0.127604 0.418359 0.153646 0.398047 0.153646
0 0.421875 0.135417 0.448047 0.135417 0.448047 0.169792 0.421875 0.169792
0 0.418359 0.088021 0.442188 0.088021 0.442188 0.11875 0.418359 0.11875
0 0.385156 0.080208 0.407812 0.080208 0.407812 0.1 0.385156 0.1
0 0.363672 0.057812 0.382812 0.057812 0.382812 0.084375 0.363672 0.084375
0 0.384375 0.018229 0.415234 0.018229 0.415234 0.044792 0.384375 0.044792
0 0.446875 0.0 0.482031 0.0 0.482031 0.025 0.446875 0.025
0 0.444141 0.052083 0.472266 0.052083 0.472266 0.076562 0.444141 0.076562
0 0.585547 0.274479 0.615234 0.274479 0.615234 0.304167 0.585547 0.304167
0 0.534375 0.26875 0.560938 0.26875 0.560938 0.290625 0.534375 0.290625
0 0.496484 0.305208 0.519141 0.305208 0.519141 0.326042 0.496484 0.326042
0 0.483203 0.243229 0.504297 0.243229 0.504297 0.270312 0.483203 0.270312
0 0.442188 0.248438 0.467188 0.248438 0.467188 0.273438 0.442188 0.273438
0 0.395703 0.271875 0.425781 0.271875 0.425781 0.293229 0.395703 0.293229
0 0.4625 0.283854 0.482031 0.283854 0.482031 0.309375 0.4625 0.309375
0 0.470312 0.179688 0.490625 0.179688 0.490625 0.214062 0.470312 0.214062
0 0.507812 0.184375 0.53125 0.184375 0.53125 0.211458 0.507812 0.211458
0 0.529688 0.228125 0.552344 0.228125 0.552344 0.250521 0.529688 0.250521
0 0.569922 0.219792 0.591016 0.219792 0.591016 0.253646 0.569922 0.253646
0 0.602344 0.2375 0.628125 0.2375 0.628125 0.266146 0.602344 0.266146
0 0.627734 0.223438 0.647656 0.223438 0.647656 0.25625 0.627734 0.25625
0 0.69375 0.364062 0.7125 0.364062 0.7125 0.396875 0.69375 0.396875
0 0.730859 0.423958 0.755859 0.423958 0.755859 0.446354 0.730859 0.446354
0 0.733984 0.369792 0.762891 0.369792 0.762891 0.393229 0.733984 0.393229
0 0.724609 0.334896 0.748047 0.334896 0.748047 0.3625 0.724609 0.3625
0 0.690625 0.290104 0.710547 0.290104 0.710547 0.325 0.690625 0.325
0 0.711719 0.273958 0.728906 0.273958 0.728906 0.305729 0.711719 0.305729
0 0.729297 0.25625 0.753906 0.25625 0.753906 0.281771 0.729297 0.281771
0 0.740625 0.291667 0.762109 0.291667 0.762109 0.31875 0.740625 0.31875
0 0.769141 0.320833 0.786719 0.320833 0.786719 0.35 0.769141 0.35
0 0.958594 0.683333 0.979688 0.683333 0.979688 0.708333 0.958594 0.708333
0 0.978125 0.714062 0.997656 0.714062 0.997656 0.733854 0.978125 0.733854
0 0.972656 0.572396 0.99375 0.572396 0.99375 0.595312 0.972656 0.595312
0 0.970703 0.498438 0.992578 0.498438 0.992578 0.524479 0.970703 0.524479
0 0.980469 0.460417 0.999609 0.460417 0.999609 0.485417 0.980469 0.485417
0 0.849219 0.463021 0.872266 0.463021 0.872266 0.489062 0.849219 0.489062
0 0.835938 0.440104 0.855078 0.440104 0.855078 0.467708 0.835938 0.467708
0 0.811719 0.427604 0.827734 0.427604 0.827734 0.447917 0.811719 0.447917
0 0.787891 0.396354 0.810547 0.396354 0.810547 0.424479 0.787891 0.424479
0 0.8125 0.378125 0.840625 0.378125 0.840625 0.405208 0.8125 0.405208
0 0.873438 0.398958 0.900391 0.398958 0.900391 0.428646 0.873438 0.428646
0 0.854297 0.354688 0.876953 0.354688 0.876953 0.392708 0.854297 0.392708
0 0.898438 0.338542 0.918359 0.338542 0.918359 0.365625 0.898438 0.365625
0 0.860156 0.314062 0.883203 0.314062 0.883203 0.342708 0.860156 0.342708
0 0.828516 0.3 0.846094 0.3 0.846094 0.329167 0.828516 0.329167
0 0.799609 0.322396 0.822656 0.322396 0.822656 0.351562 0.799609 0.351562
0 0.903516 0.063021 0.93125 0.063021 0.93125 0.088021 0.903516 0.088021
0 0.867578 0.030729 0.894922 0.030729 0.894922 0.053646 0.867578 0.053646
0 0.876562 0.079167 0.902344 0.079167 0.902344 0.106771 0.876562 0.106771
0 0.883984 0.116146 0.906641 0.116146 0.906641 0.141146 0.883984 0.141146
0 0.905469 0.133333 0.925781 0.133333 0.925781 0.159375 0.905469 0.159375
0 0.914062 0.173958 0.933594 0.173958 0.933594 0.205208 0.914062 0.205208
0 0.892188 0.185417 0.911719 0.185417 0.911719 0.216667 0.892188 0.216667
0 0.906641 0.274479 0.926953 0.274479 0.926953 0.303125 0.906641 0.303125
0 0.870703 0.282292 0.897656 0.282292 0.897656 0.307292 0.870703 0.307292
0 0.853906 0.252604 0.875 0.252604 0.875 0.277083 0.853906 0.277083
0 0.867578 0.221354 0.896875 0.221354 0.896875 0.249479 0.867578 0.249479
0 0.853516 0.179688 0.876562 0.179688 0.876562 0.207812 0.853516 0.207812
0 0.848438 0.146354 0.871875 0.146354 0.871875 0.169792 0.848438 0.169792
0 0.845312 0.109375 0.867969 0.109375 0.867969 0.129688 0.845312 0.129688
0 0.8375 0.053646 0.858203 0.053646 0.858203 0.089583 0.8375 0.089583
0 0.812109 0.081771 0.838672 0.081771 0.838672 0.10625 0.812109 0.10625
0 0.810547 0.1125 0.836328 0.1125 0.836328 0.139062 0.810547 0.139062
0 0.811719 0.175521 0.839844 0.175521 0.839844 0.203646 0.811719 0.203646
0 0.820703 0.207812 0.84375 0.207812 0.84375 0.238542 0.820703 0.238542
0 0.786328 0.260938 0.807812 0.260938 0.807812 0.291146 0.786328 0.291146
0 0.774219 0.207812 0.789453 0.207812 0.789453 0.232812 0.774219 0.232812
0 0.752734 0.205208 0.773047 0.205208 0.773047 0.234375 0.752734 0.234375
0 0.733594 0.190625 0.757031 0.190625 0.757031 0.221354 0.733594 0.221354
0 0.778516 0.150521 0.808594 0.150521 0.808594 0.177083 0.778516 0.177083
0 0.773047 0.093229 0.800781 0.093229 0.800781 0.11875 0.773047 0.11875
0 0.758594 0.096875 0.777344 0.096875 0.777344 0.13125 0.758594 0.13125
0 0.798438 0.042708 0.820703 0.042708 0.820703 0.077083 0.798438 0.077083
0 0.767578 0.039583 0.787891 0.039583 0.787891 0.072396 0.767578 0.072396
0 0.745703 0.049479 0.766016 0.049479 0.766016 0.077604 0.745703 0.077604
0 0.728516 0.090625 0.754297 0.090625 0.754297 0.125521 0.728516 0.125521
0 0.719531 0.134375 0.741406 0.134375 0.741406 0.166146 0.719531 0.166146
0 0.692969 0.113542 0.716016 0.113542 0.716016 0.145833 0.692969 0.145833
0 0.699609 0.153125 0.719531 0.153125 0.719531 0.178125 0.699609 0.178125
0 0.664062 0.159896 0.686719 0.159896 0.686719 0.191146 0.664062 0.191146
0 0.640234 0.166667 0.666406 0.166667 0.666406 0.200521 0.640234 0.200521
0 0.530469 0.153646 0.557812 0.153646 0.557812 0.190625 0.530469 0.190625
0 0.576562 0.158854 0.595312 0.158854 0.595312 0.185417 0.576562 0.185417
0 0.598438 0.184896 0.627344 0.184896 0.627344 0.215625 0.598438 0.215625
0 0.557812 0.121875 0.581641 0.121875 0.581641 0.154688 0.557812 0.154688
0 0.528516 0.070312 0.549219 0.070312 0.549219 0.104688 0.528516 0.104688
0 0.555078 0.041146 0.571875 0.041146 0.571875 0.073958 0.555078 0.073958
0 0.571484 0.050521 0.597266 0.050521 0.597266 0.083333 0.571484 0.083333
0 0.588672 0.094271 0.620312 0.094271 0.620312 0.116667 0.588672 0.116667
0 0.632812 0.121354 0.652734 0.121354 0.652734 0.153646 0.632812 0.153646
0 0.660938 0.076562 0.683594 0.076562 0.683594 0.108854 0.660938 0.108854
0 0.691406 0.070312 0.712891 0.070312 0.712891 0.101042 0.691406 0.101042
0 0.678516 0.036458 0.703125 0.036458 0.703125 0.064062 0.678516 0.064062
0 0.640234 0.026562 0.666797 0.026562 0.666797 0.046875 0.640234 0.046875
0 0.617969 0.054167 0.642188 0.054167 0.642188 0.083333 0.617969 0.083333
0 0.591406 0.021354 0.614453 0.021354 0.614453 0.044271 0.591406 0.044271
0 0.628125 0.000521 0.654688 0.000521 0.654688 0.016667 0.628125 0.016667