0 0.015625 0.001042 0.032422 0.001042 0.032422 0.020312 0.015625 0.020312
0 0.279688 0.007812 0.301953 0.007812 0.301953 0.032292 0.279688 0.032292
0 0.323438 0.002604 0.345703 0.002604 0.345703 0.028125 0.323438 0.028125
0 0.119922 0.173438 0.137891 0.173438 0.137891 0.202083 0.119922 0.202083
0 0.137891 0.209375 0.155859 0.209375 0.155859 0.240104 0.137891 0.240104
0 0.160156 0.193229 0.177734 0.193229 0.177734 0.221875 0.160156 0.221875
0 0.183594 0.205729 0.202344 0.205729 0.202344 0.228646 0.183594 0.228646
0 0.1875 0.150521 0.207422 0.150521 0.207422 0.178125 0.1875 0.178125
0 0.187891 0.122396 0.209766 0.122396 0.209766 0.147917 0.187891 0.147917
0 0.216016 0.147396 0.237109 0.147396 0.237109 0.170312 0.216016 0.170312
0 0.226562 0.210938 0.246875 0.210938 0.246875 0.232812 0.226562 0.232812
0 0.261328 0.183333 0.279688 0.183333 0.279688 0.210417 0.261328 0.210417
0 0.100391 0.214062 0.117969 0.214062 0.117969 0.242188 0.100391 0.242188
0 0.180469 0.244271 0.203906 0.244271 0.203906 0.26875 0.180469 0.26875
0 0.219922 0.268229 0.239453 0.268229 0.239453 0.290625 0.219922 0.290625
0 0.191797 0.290104 0.207031 0.290104 0.207031 0.31875 0.191797 0.31875
0 0.146094 0.280208 0.16875 0.280208 0.16875 0.309375 0.146094 0.309375
0 0.085547 0.286458 0.105859 0.286458 0.105859 0.310938 0.085547 0.310938
0 0.061719 0.260938 0.079688 0.260938 0.079688 0.290625 0.061719 0.290625
0 0.054297 0.299479 0.076172 0.299479 0.076172 0.324479 0.054297 0.324479
0 0.102734 0.326562 0.125781 0.326562 0.125781 0.350521 0.102734 0.350521
0 0.255078 0.236458 0.283203 0.236458 0.283203 0.264062 0.255078 0.264062
0 0.296875 0.215625 0.321094 0.215625 0.321094 0.238021 0.296875 0.238021
0 0.271484 0.305208 0.289453 0.305208 0.289453 0.333333 0.271484 0.333333
0 0.239453 0.306771 0.257812 0.306771 0.257812 0.336458 0.239453 0.336458
0 0.064062 0.348438 0.083594 0.348438 0.083594 0.375 0.064062 0.375
0 0.084375 0.382292 0.103516 0.382292 0.103516 0.408333 0.084375 0.408333
0 0.113281 0.40625 0.134375 0.40625 0.134375 0.429167 0.113281 0.429167
0 0.132031 0.358854 0.151172 0.358854 0.151172 0.383333 0.132031 0.383333
0 0.148047 0.382292 0.170312 0.382292 0.170312 0.408854 0.148047 0.408854
0 0.017578 0.430729 0.033984 0.430729 0.033984 0.457812 0.017578 0.457812
0 0.118359 0.452083 0.141797 0.452083 0.141797 0.479167 0.118359 0.479167
0 0.185547 0.358854 0.211328 0.358854 0.211328 0.38125 0.185547 0.38125
0 0.239453 0.386979 0.258984 0.386979 0.258984 0.405729 0.239453 0.405729
0 0.227734 0.403125 0.246484 0.403125 0.246484 0.426562 0.227734 0.426562
0 0.194141 0.410938 0.212891 0.410938 0.212891 0.440104 0.194141 0.440104
0 0.176172 0.442188 0.195312 0.442188 0.195312 0.46875 0.176172 0.46875
0 0.192188 0.502083 0.216797 0.502083 0.216797 0.529167 0.192188 0.529167
0 0.152734 0.477083 0.171875 0.477083 0.171875 0.500521 0.152734 0.500521
0 0.248438 0.438542 0.267578 0.438542 0.267578 0.459896 0.248438 0.459896
0 0.257812 0.465625 0.276953 0.465625 0.276953 0.493229 0.257812 0.493229
0 0.285156 0.419271 0.307031 0.419271 0.307031 0.441146 0.285156 0.441146
0 0.001172 0.485417 0.019922 0.485417 0.019922 0.513021 0.001172 0.513021
0 0.006641 0.5375 0.024609 0.5375 0.024609 0.564062 0.006641 0.564062
0 0.039844 0.527604 0.057812 0.527604 0.057812 0.555208 0.039844 0.555208
0 0.073828 0.542708 0.092188 0.542708 0.092188 0.566146 0.073828 0.566146
0 0.108203 0.533333 0.123047 0.533333 0.123047 0.558854 0.108203 0.558854
0 0.132422 0.517708 0.155469 0.517708 0.155469 0.546875 0.132422 0.546875
0 0.035938 0.580208 0.054688 0.580208 0.054688 0.603125 0.035938 0.603125
0 0.082422 0.584375 0.101562 0.584375 0.101562 0.608333 0.082422 0.608333
0 0.107812 0.611979 0.128125 0.611979 0.128125 0.632292 0.107812 0.632292
0 0.126953 0.564583 0.146484 0.564583 0.146484 0.591667 0.126953 0.591667
0 0.053906 0.644792 0.070312 0.644792 0.070312 0.674479 0.053906 0.674479
0 0.030469 0.679167 0.053906 0.679167 0.053906 0.7 0.030469 0.7
0 0.016406 0.711458 0.0375 0.711458 0.0375 0.73125 0.016406 0.73125
0 0.073047 0.708854 0.099219 0.708854 0.099219 0.733854 0.073047 0.733854
0 0.112891 0.720833 0.1375 0.720833 0.1375 0.743229 0.112891 0.743229
0 0.0125 0.778125 0.038281 0.778125 0.038281 0.796875 0.0125 0.796875
0 0.054688 0.783333 0.072656 0.783333 0.072656 0.808854 0.054688 0.808854
0 0.0 0.81875 0.023047 0.81875 0.023047 0.848438 0.0 0.848438
0 0.034766 0.826042 0.050781 0.826042 0.050781 0.853125 0.034766 0.853125
0 0.096094 0.80625 0.113672 0.80625 0.113672 0.838542 0.096094 0.838542
0 0.1125 0.788021 0.133594 0.788021 0.133594 0.810938 0.1125 0.810938
0 0.121875 0.826562 0.139062 0.826562 0.139062 0.858854 0.121875 0.858854
0 0.151172 0.803646 0.166797 0.803646 0.166797 0.834375 0.151172 0.834375
0 0.164844 0.75 0.182812 0.75 0.182812 0.779167 0.164844 0.779167
0 0.191406 0.741667 0.209375 0.741667 0.209375 0.773438 0.191406 0.773438
0 0.176953 0.5625 0.196875 0.5625 0.196875 0.584896 0.176953 0.584896
0 0.208203 0.579167 0.226953 0.579167 0.226953 0.610938 0.208203 0.610938
0 0.25 0.588542 0.272656 0.588542 0.272656 0.6125 0.25 0.6125
0 0.25625 0.542708 0.274609 0.542708 0.274609 0.569792 0.25625 0.569792
0 0.280078 0.526042 0.294531 0.526042 0.294531 0.558854 0.280078 0.558854
0 0.191016 0.673958 0.208594 0.673958 0.208594 0.70625 0.191016 0.70625
0 0.160547 0.633333 0.1875 0.633333 0.1875 0.6625 0.160547 0.6625
0 0.223047 0.640104 0.239844 0.640104 0.239844 0.666667 0.223047 0.666667
0 0.234766 0.686979 0.257422 0.686979 0.257422 0.711458 0.234766 0.711458
0 0.259766 0.650521 0.280078 0.650521 0.280078 0.675521 0.259766 0.675521
0 0.23125 0.818229 0.250781 0.818229 0.250781 0.847917 0.23125 0.847917
0 0.289062 0.861458 0.310156 0.861458 0.310156 0.894792 0.289062 0.894792
0 0.264453 0.771354 0.282422 0.771354 0.282422 0.798438 0.264453 0.798438
0 0.29375 0.779688 0.311719 0.779688 0.311719 0.80625 0.29375 0.80625
0 0.33125 0.785938 0.348828 0.785938 0.348828 0.815625 0.33125 0.815625
0 0.314844 0.827083 0.339062 0.827083 0.339062 0.845312 0.314844 0.845312
0 0.335938 0.876562 0.358984 0.876562 0.358984 0.898958 0.335938 0.898958
0 0.282812 0.905729 0.3 0.905729 0.3 0.935417 0.282812 0.935417
0 0.311328 0.909375 0.33125 0.909375 0.33125 0.940104 0.311328 0.940104
0 0.342188 0.925521 0.3625 0.925521 0.3625 0.946875 0.342188 0.946875
0 0.360156 0.959896 0.374219 0.959896 0.374219 0.991146 0.360156 0.991146
0 0.385938 0.945312 0.403516 0.945312 0.403516 0.967188 0.385938 0.967188
0 0.326562 0.953125 0.345312 0.953125 0.345312 0.976042 0.326562 0.976042
0 0.486328 0.0 0.505859 0.0 0.505859 0.027083 0.486328 0.027083
0 0.532031 0.0 0.55 0.0 0.55 0.021354 0.532031 0.021354
0 0.567188 0.0 0.590625 0.0 0.590625 0.0125 0.567188 0.0125
0 0.552734 0.060938 0.587109 0.060938 0.587109 0.0875 0.552734 0.0875
0 0.310156 0.293229 0.330859 0.293229 0.330859 0.323438 0.310156 0.323438
0 0.367188 0.259375 0.383594 0.259375 0.383594 0.290104 0.367188 0.290104
0 0.365234 0.208854 0.380078 0.208854 0.380078 0.242188 0.365234 0.242188
0 0.423828 0.252083 0.441406 0.252083 0.441406 0.280208 0.423828 0.280208
0 0.429297 0.308854 0.447266 0.308854 0.447266 0.342708 0.429297 0.342708
0 0.4 0.341667 0.419141 0.341667 0.419141 0.375 0.4 0.375
0 0.415625 0.164062 0.440234 0.164062 0.440234 0.191146 0.415625 0.191146
0 0.429688 0.198438 0.449219 0.198438 0.449219 0.228646 0.429688 0.228646
0 0.471875 0.239583 0.492578 0.239583 0.492578 0.26875 0.471875 0.26875
0 0.49375 0.209375 0.509766 0.209375 0.509766 0.235938 0.49375 0.235938
0 0.521875 0.214583 0.539453 0.214583 0.539453 0.241667 0.521875 0.241667
0 0.546484 0.191667 0.564844 0.191667 0.564844 0.220312 0.546484 0.220312
0 0.503125 0.260417 0.529297 0.260417 0.529297 0.284896 0.503125 0.284896
0 0.444531 0.375521 0.469141 0.375521 0.469141 0.404688 0.444531 0.404688
0 0.467969 0.313021 0.488281 0.313021 0.488281 0.341667 0.467969 0.341667
0 0.50625 0.332812 0.530859 0.332812 0.530859 0.35625 0.50625 0.35625
0 0.544922 0.322917 0.564453 0.322917 0.564453 0.35 0.544922 0.35
0 0.502344 0.360938 0.521094 0.360938 0.521094 0.388021 0.502344 0.388021
0 0.529297 0.364583 0.546094 0.364583 0.546094 0.395833 0.529297 0.395833
0 0.562109 0.271354 0.583984 0.271354 0.583984 0.294271 0.562109 0.294271
0 0.398047 0.457292 0.417578 0.457292 0.417578 0.4875 0.398047 0.4875
0 0.441797 0.476562 0.460547 0.476562 0.460547 0.501042 0.441797 0.501042
0 0.412109 0.513021 0.430859 0.513021 0.430859 0.545312 0.412109 0.545312
0 0.374609 0.516667 0.39375 0.516667 0.39375 0.545833 0.374609 0.545833
0 0.376172 0.563542 0.396094 0.563542 0.396094 0.589062 0.376172 0.589062
0 0.439062 0.558333 0.452734 0.558333 0.452734 0.590104 0.439062 0.590104
0 0.455859 0.528125 0.471094 0.528125 0.471094 0.560417 0.455859 0.560417
0 0.491016 0.543229 0.514844 0.543229 0.514844 0.571354 0.491016 0.571354
0 0.375781 0.614583 0.394922 0.614583 0.394922 0.635417 0.375781 0.635417
0 0.339844 0.627604 0.361328 0.627604 0.361328 0.645833 0.339844 0.645833
0 0.356641 0.663542 0.379688 0.663542 0.379688 0.685938 0.356641 0.685938
0 0.396484 0.646875 0.41875 0.646875 0.41875 0.671354 0.396484 0.671354
0 0.453906 0.658854 0.479688 0.658854 0.479688 0.690104 0.453906 0.690104
0 0.345703 0.716146 0.366016 0.716146 0.366016 0.74375 0.345703 0.74375
0 0.375 0.720312 0.392969 0.720312 0.392969 0.757292 0.375 0.757292
0 0.427344 0.740625 0.449219 0.740625 0.449219 0.764062 0.427344 0.764062
0 0.412109 0.697396 0.43125 0.697396 0.43125 0.721354 0.412109 0.721354
0 0.411719 0.807812 0.430859 0.807812 0.430859 0.83125 0.411719 0.83125
0 0.420312 0.848438 0.441797 0.848438 0.441797 0.867188 0.420312 0.867188
0 0.457812 0.830208 0.483984 0.830208 0.483984 0.850521 0.457812 0.850521
0 0.403516 0.771354 0.424609 0.771354 0.424609 0.792188 0.403516 0.792188
0 0.464062 0.743229 0.478125 0.743229 0.478125 0.776042 0.464062 0.776042
0 0.449219 0.898438 0.467578 0.898438 0.467578 0.926042 0.449219 0.926042
0 0.475391 0.921875 0.492969 0.921875 0.492969 0.95625 0.475391 0.95625
0 0.496875 0.927604 0.514453 0.927604 0.514453 0.959896 0.496875 0.959896
0 0.525 0.924479 0.542188 0.924479 0.542188 0.955208 0.525 0.955208
0 0.497656 0.872396 0.51875 0.872396 0.51875 0.904688 0.497656 0.904688
0 0.524609 0.88125 0.545312 0.88125 0.545312 0.907812 0.524609 0.907812
0 0.532031 0.826042 0.548828 0.826042 0.548828 0.854688 0.532031 0.854688
0 0.5625 0.8125 0.584375 0.8125 0.584375 0.834375 0.5625 0.834375
0 0.505859 0.782292 0.526172 0.782292 0.526172 0.809896 0.505859 0.809896
0 0.535547 0.746875 0.552344 0.746875 0.552344 0.780729 0.535547 0.780729
0 0.568359 0.782292 0.585547 0.782292 0.585547 0.804688 0.568359 0.804688
0 0.499219 0.723958 0.516016 0.723958 0.516016 0.75625 0.499219 0.75625
0 0.553906 0.702083 0.575391 0.702083 0.575391 0.722917 0.553906 0.722917
0 0.575 0.731771 0.596094 0.731771 0.596094 0.752083 0.575 0.752083
0 0.521484 0.682812 0.540234 0.682812 0.540234 0.703125 0.521484 0.703125
0 0.510156 0.649479 0.53125 0.649479 0.53125 0.669792 0.510156 0.669792
0 0.564062 0.648438 0.580859 0.648438 0.580859 0.677083 0.564062 0.677083
0 0.591406 0.669271 0.613281 0.669271 0.613281 0.690104 0.591406 0.690104
0 0.592969 0.700521 0.614844 0.700521 0.614844 0.725 0.592969 0.725
0 0.475 0.58125 0.497266 0.58125 0.497266 0.604167 0.475 0.604167
0 0.492969 0.610938 0.510547 0.610938 0.510547 0.639062 0.492969 0.639062
0 0.520703 0.610938 0.542969 0.610938 0.542969 0.635938 0.520703 0.635938
0 0.572656 0.58125 0.593359 0.58125 0.593359 0.609375 0.572656 0.609375
0 0.547266 0.538542 0.569141 0.538542 0.569141 0.566146 0.547266 0.566146
0 0.585156 0.526562 0.606641 0.526562 0.606641 0.547396 0.585156 0.547396
0 0.603516 0.553646 0.621484 0.553646 0.621484 0.590104 0.603516 0.590104
0 0.633594 0.60625 0.657031 0.60625 0.657031 0.630208 0.633594 0.630208
0 0.629688 0.634375 0.651562 0.634375 0.651562 0.661458 0.629688 0.661458
0 0.592969 0.624479 0.616406 0.624479 0.616406 0.64375 0.592969 0.64375
0 0.644922 0.547917 0.663281 0.547917 0.663281 0.576562 0.644922 0.576562
0 0.5125 0.125 0.530469 0.125 0.530469 0.157292 0.5125 0.157292
0 0.535938 0.129167 0.551562 0.129167 0.551562 0.161458 0.535938 0.161458
0 0.489844 0.109896 0.504687 0.109896 0.504687 0.140104 0.489844 0.140104
0 0.552734 0.146875 0.56875 0.146875 0.56875 0.173438 0.552734 0.173438
0 0.571094 0.158333 0.590625 0.158333 0.590625 0.188021 0.571094 0.188021
0 0.599609 0.146875 0.616406 0.146875 0.616406 0.176562 0.599609 0.176562
0 0.616406 0.11875 0.633984 0.11875 0.633984 0.147917 0.616406 0.147917
0 0.641406 0.1 0.659375 0.1 0.659375 0.133333 0.641406 0.133333
0 0.673438 0.091146 0.694922 0.091146 0.694922 0.115104 0.673438 0.115104
0 0.599219 0.198958 0.617188 0.198958 0.617188 0.223438 0.599219 0.223438
0 0.610156 0.230729 0.634766 0.230729 0.634766 0.254167 0.610156 0.254167
0 0.619141 0.261979 0.639062 0.261979 0.639062 0.285417 0.619141 0.285417
0 0.667188 0.236979 0.691406 0.236979 0.691406 0.266146 0.667188 0.266146
0 0.628516 0.172396 0.648047 0.172396 0.648047 0.198958 0.628516 0.198958
0 0.658203 0.15 0.680859 0.15 0.680859 0.176042 0.658203 0.176042
0 0.692188 0.139583 0.712891 0.139583 0.712891 0.164062 0.692188 0.164062
0 0.720312 0.138542 0.739062 0.138542 0.739062 0.164062 0.720312 0.164062
0 0.707812 0.169271 0.725 0.169271 0.725 0.192708 0.707812 0.192708
0 0.726172 0.201562 0.74375 0.201562 0.74375 0.229167 0.726172 0.229167
0 0.691016 0.191146 0.710547 0.191146 0.710547 0.219792 0.691016 0.219792
0 0.773828 0.157292 0.793359 0.157292 0.793359 0.182292 0.773828 0.182292
0 0.777344 0.190104 0.797656 0.190104 0.797656 0.215625 0.777344 0.215625
0 0.783594 0.240104 0.809375 0.240104 0.809375 0.266146 0.783594 0.266146
0 0.746484 0.254688 0.769141 0.254688 0.769141 0.28125 0.746484 0.28125
0 0.698828 0.283333 0.717969 0.283333 0.717969 0.308333 0.698828 0.308333
0 0.773828 0.304167 0.792969 0.304167 0.792969 0.33125 0.773828 0.33125
0 0.744531 0.339583 0.763672 0.339583 0.763672 0.366146 0.744531 0.366146
0 0.778906 0.348438 0.802344 0.348438 0.802344 0.372917 0.778906 0.372917
0 0.668359 0.347396 0.693359 0.347396 0.693359 0.369792 0.668359 0.369792
0 0.634766 0.313021 0.655859 0.313021 0.655859 0.344271 0.634766 0.344271
0 0.597656 0.346875 0.617578 0.346875 0.617578 0.376042 0.597656 0.376042
0 0.593359 0.395833 0.6125 0.395833 0.6125 0.420833 0.593359 0.420833
0 0.747656 0.399479 0.769141 0.399479 0.769141 0.422396 0.747656 0.422396
0 0.763281 0.427604 0.790234 0.427604 0.790234 0.451562 0.763281 0.451562
0 0.678906 0.401562 0.698438 0.401562 0.698438 0.425 0.678906 0.425
0 0.710156 0.400521 0.728906 0.400521 0.728906 0.431771 0.710156 0.431771
0 0.607031 0.440104 0.633594 0.440104 0.633594 0.465104 0.607031 0.465104
0 0.65 0.482812 0.667578 0.482812 0.667578 0.509896 0.65 0.509896
0 0.675781 0.482292 0.692969 0.482292 0.692969 0.5125 0.675781 0.5125
0 0.712109 0.49375 0.733594 0.49375 0.733594 0.515625 0.712109 0.515625
0 0.742188 0.472917 0.765234 0.472917 0.765234 0.493229 0.742188 0.493229
0 0.702344 0.53125 0.721484 0.53125 0.721484 0.555208 0.702344 0.555208
0 0.732422 0.529688 0.746484 0.529688 0.746484 0.558854 0.732422 0.558854
0 0.683984 0.546354 0.700391 0.546354 0.700391 0.577604 0.683984 0.577604
0 0.717578 0.582292 0.733203 0.582292 0.733203 0.607292 0.717578 0.607292
0 0.733984 0.0 0.758203 0.0 0.758203 0.021354 0.733984 0.021354
0 0.780078 0.0 0.801953 0.0 0.801953 0.023958 0.780078 0.023958
0 0.820312 0.026562 0.840234 0.026562 0.840234 0.052604 0.820312 0.052604
0 0.832812 0.061458 0.853516 0.061458 0.853516 0.085938 0.832812 0.085938
0 0.864844 0.078646 0.886719 0.078646 0.886719 0.113021 0.864844 0.113021
0 0.888672 0.046354 0.907031 0.046354 0.907031 0.079688 0.888672 0.079688
0 0.909375 0.023438 0.93125 0.023438 0.93125 0.048958 0.909375 0.048958
0 0.933594 0.049479 0.950781 0.049479 0.950781 0.082812 0.933594 0.082812
0 0.960547 0.049479 0.979297 0.049479 0.979297 0.080729 0.960547 0.080729
0 0.9375 0.088542 0.961719 0.088542 0.961719 0.1125 0.9375 0.1125
0 0.980078 0.410417 0.994922 0.410417 0.994922 0.429688 0.980078 0.429688
0 0.979688 0.433333 0.999609 0.433333 0.999609 0.45625 0.979688 0.45625
0 0.964844 0.522396 0.982812 0.522396 0.982812 0.546875 0.964844 0.546875
0 0.977734 0.551042 0.994141 0.551042 0.994141 0.573438 0.977734 0.573438
0 0.955078 0.588542 0.972266 0.588542 0.972266 0.613542 0.955078 0.613542
0 0.917969 0.619792 0.937891 0.619792 0.937891 0.647917 0.917969 0.647917
0 0.894141 0.625 0.908984 0.625 0.908984 0.658333 0.894141 0.658333
0 0.847656 0.638021 0.867969 0.638021 0.867969 0.661458 0.847656 0.661458
0 0.887109 0.578125 0.903906 0.578125 0.903906 0.611979 0.887109 0.611979
0 0.946484 0.647917 0.964844 0.647917 0.964844 0.677083 0.946484 0.677083
0 0.849219 0.670312 0.868359 0.670312 0.868359 0.695833 0.849219 0.695833
0 0.815234 0.672917 0.838281 0.672917 0.838281 0.702083 0.815234 0.702083
0 0.795312 0.680729 0.815234 0.680729 0.815234 0.710417 0.795312 0.710417
0 0.937891 0.694792 0.952734 0.694792 0.952734 0.724479 0.937891 0.724479
0 0.971094 0.697396 0.9875 0.697396 0.9875 0.728125 0.971094 0.728125
0 0.90625 0.698958 0.920703 0.698958 0.920703 0.732292 0.90625 0.732292
0 0.85625 0.719271 0.876953 0.719271 0.876953 0.738021 0.85625 0.738021
0 0.885156 0.736458 0.903516 0.736458 0.903516 0.759375 0.885156 0.759375
0 0.814453 0.740625 0.829688 0.740625 0.829688 0.766146 0.814453 0.766146
0 0.844141 0.772396 0.861328 0.772396 0.861328 0.799479 0.844141 0.799479
0 0.871875 0.764062 0.892188 0.764062 0.892188 0.791667 0.871875 0.791667
0 0.895312 0.779688 0.915625 0.779688 0.915625 0.801042 0.895312 0.801042
0 0.930078 0.747917 0.948438 0.747917 0.948438 0.774479 0.930078 0.774479
0 0.816406 0.838542 0.832031 0.838542 0.832031 0.866667 0.816406 0.866667
0 0.848828 0.810938 0.867188 0.810938 0.867188 0.839062 0.848828 0.839062
0 0.878906 0.8375 0.891016 0.8375 0.891016 0.858854 0.878906 0.858854
0 0.901172 0.839062 0.921484 0.839062 0.921484 0.863542 0.901172 0.863542
0 0.869141 0.864062 0.885938 0.864062 0.885938 0.890104 0.869141 0.890104
0 0.800781 0.793229 0.820312 0.793229 0.820312 0.817188 0.800781 0.817188
0 0.7875 0.889062 0.80625 0.889062 0.80625 0.9125 0.7875 0.9125
0 0.745703 0.878646 0.7625 0.878646 0.7625 0.910417 0.745703 0.910417
0 0.712109 0.904167 0.730859 0.904167 0.730859 0.926562 0.712109 0.926562
0 0.760547 0.939583 0.7875 0.939583 0.7875 0.964062 0.760547 0.964062
0 0.745312 0.984375 0.770312 0.984375 0.770312 0.999479 0.745312 0.999479
0 0.798047 0.969271 0.821484 0.969271 0.821484 0.995312 0.798047 0.995312
0 0.826172 0.945312 0.842969 0.945312 0.842969 0.970312 0.826172 0.970312
0 0.849219 0.963021 0.871094 0.963021 0.871094 0.985417 0.849219 0.985417
0 0.840625 0.916146 0.858203 0.916146 0.858203 0.934896 0.840625 0.934896
0 0.974609 0.747917 0.990625 0.747917 0.990625 0.772917 0.974609 0.772917
0 0.941406 0.782812 0.957812 0.782812 0.957812 0.810417 0.941406 0.810417
0 0.962891 0.860417 0.976562 0.860417 0.976562 0.88125 0.962891 0.88125
0 0.984766 0.880729 0.999609 0.880729 0.999609 0.90625 0.984766 0.90625
0 0.896875 0.890104 0.910938 0.890104 0.910938 0.917188 0.896875 0.917188
0 0.923438 0.890625 0.939062 0.890625 0.939062 0.921354 0.923438 0.921354
0 0.945312 0.903125 0.960547 0.903125 0.960547 0.929167 0.945312 0.929167
0 0.950391 0.965104 0.970312 0.965104 0.970312 0.999479 0.950391 0.999479