0 0.048828 0.0 0.067188 0.0 0.067188 0.013021 0.048828 0.013021
0 0.084766 0.0 0.108203 0.0 0.108203 0.019792 0.084766 0.019792
0 0.065234 0.033854 0.081641 0.033854 0.081641 0.063542 0.065234 0.063542
0 0.042578 0.066667 0.060156 0.066667 0.060156 0.090104 0.042578 0.090104
0 0.158203 0.057292 0.174219 0.057292 0.174219 0.088021 0.158203 0.088021
0 0.183594 0.072917 0.201172 0.072917 0.201172 0.102604 0.183594 0.102604
0 0.1625 0.102604 0.180078 0.102604 0.180078 0.128125 0.1625 0.128125
0 0.130078 0.120833 0.148438 0.120833 0.148438 0.14375 0.130078 0.14375
0 0.140234 0.154688 0.156641 0.154688 0.156641 0.178125 0.140234 0.178125
0 0.168359 0.148438 0.18125 0.148438 0.18125 0.179688 0.168359 0.179688
0 0.198438 0.139062 0.216406 0.139062 0.216406 0.16875 0.198438 0.16875
0 0.223438 0.0 0.240625 0.0 0.240625 0.026042 0.223438 0.026042
0 0.248047 0.010417 0.264062 0.010417 0.264062 0.032812 0.248047 0.032812
0 0.271094 0.008333 0.285547 0.008333 0.285547 0.035417 0.271094 0.035417
0 0.286328 0.041667 0.305469 0.041667 0.305469 0.060938 0.286328 0.060938
0 0.241016 0.055208 0.255859 0.055208 0.255859 0.083333 0.241016 0.083333
0 0.294922 0.074479 0.311328 0.074479 0.311328 0.1 0.294922 0.1
0 0.2625 0.10625 0.279297 0.10625 0.279297 0.132292 0.2625 0.132292
0 0.289453 0.121875 0.307422 0.121875 0.307422 0.152083 0.289453 0.152083
0 0.230078 0.136458 0.244531 0.136458 0.244531 0.16875 0.230078 0.16875
0 0.312891 0.009375 0.327344 0.009375 0.327344 0.032292 0.312891 0.032292
0 0.333594 0.038021 0.352344 0.038021 0.352344 0.055208 0.333594 0.055208
0 0.351172 0.066146 0.370703 0.066146 0.370703 0.085417 0.351172 0.085417
0 0.342188 0.1 0.358594 0.1 0.358594 0.123438 0.342188 0.123438
0 0.316797 0.120833 0.334375 0.120833 0.334375 0.138542 0.316797 0.138542
0 0.354297 0.0 0.369531 0.0 0.369531 0.014062 0.354297 0.014062
0 0.347266 0.141667 0.360938 0.141667 0.360938 0.1625 0.347266 0.1625
0 0.406641 0.140104 0.423438 0.140104 0.423438 0.173438 0.406641 0.173438
0 0.020703 0.240625 0.039453 0.240625 0.039453 0.258854 0.020703 0.258854
0 0.060938 0.25 0.081641 0.25 0.081641 0.270312 0.060938 0.270312
0 0.076562 0.288021 0.094141 0.288021 0.094141 0.309896 0.076562 0.309896
0 0.046875 0.2875 0.064453 0.2875 0.064453 0.304688 0.046875 0.304688
0 0.008203 0.280208 0.024219 0.280208 0.024219 0.302604 0.008203 0.302604
0 0.016406 0.316667 0.030859 0.316667 0.030859 0.339583 0.016406 0.339583
0 0.019531 0.361458 0.035938 0.361458 0.035938 0.381771 0.019531 0.381771
0 0.041016 0.349479 0.052344 0.349479 0.052344 0.373958 0.041016 0.373958
0 0.075391 0.350521 0.095312 0.350521 0.095312 0.375 0.075391 0.375
0 0.05625 0.391146 0.076562 0.391146 0.076562 0.413542 0.05625 0.413542
0 0.005859 0.404167 0.021094 0.404167 0.021094 0.428646 0.005859 0.428646
0 0.008594 0.476042 0.022266 0.476042 0.022266 0.500521 0.008594 0.500521
0 0.035156 0.485938 0.051172 0.485938 0.051172 0.510938 0.035156 0.510938
0 0.060156 0.440625 0.075781 0.440625 0.075781 0.474479 0.060156 0.474479
0 0.088281 0.416146 0.101562 0.416146 0.101562 0.446875 0.088281 0.446875
0 0.099609 0.376042 0.114062 0.376042 0.114062 0.401042 0.099609 0.401042
0 0.021484 0.542188 0.033984 0.542188 0.033984 0.566667 0.021484 0.566667
0 0.178125 0.190625 0.19375 0.190625 0.19375 0.207812 0.178125 0.207812
0 0.203516 0.180208 0.216406 0.180208 0.216406 0.201042 0.203516 0.201042
0 0.198438 0.215625 0.217578 0.215625 0.217578 0.238542 0.198438 0.238542
0 0.236328 0.202604 0.248828 0.202604 0.248828 0.23125 0.236328 0.23125
0 0.246484 0.243229 0.261328 0.243229 0.261328 0.267708 0.246484 0.267708
0 0.202734 0.249479 0.222656 0.249479 0.222656 0.270312 0.202734 0.270312
0 0.259766 0.163021 0.271875 0.163021 0.271875 0.184896 0.259766 0.184896
0 0.289844 0.171354 0.305078 0.171354 0.305078 0.198958 0.289844 0.198958
0 0.317578 0.194271 0.331641 0.194271 0.331641 0.218229 0.317578 0.218229
0 0.350391 0.185417 0.365234 0.185417 0.365234 0.209375 0.350391 0.209375
0 0.373828 0.186458 0.390625 0.186458 0.390625 0.207812 0.373828 0.207812
0 0.301953 0.233333 0.316406 0.233333 0.316406 0.257812 0.301953 0.257812
0 0.334766 0.249479 0.349219 0.249479 0.349219 0.270833 0.334766 0.270833
0 0.355078 0.261458 0.370312 0.261458 0.370312 0.289583 0.355078 0.289583
0 0.314844 0.279167 0.332422 0.279167 0.332422 0.298958 0.314844 0.298958
0 0.434375 0.058333 0.452734 0.058333 0.452734 0.089583 0.434375 0.089583
0 0.492188 0.034375 0.5125 0.034375 0.5125 0.055729 0.492188 0.055729
0 0.519531 0.0 0.536328 0.0 0.536328 0.024479 0.519531 0.024479
0 0.533594 0.03125 0.550391 0.03125 0.550391 0.055208 0.533594 0.055208
0 0.561719 0.0 0.576562 0.0 0.576562 0.021875 0.561719 0.021875
0 0.577734 0.036458 0.599609 0.036458 0.599609 0.055729 0.577734 0.055729
0 0.591406 0.0 0.606641 0.0 0.606641 0.019792 0.591406 0.019792
0 0.558984 0.054167 0.572266 0.054167 0.572266 0.076042 0.558984 0.076042
0 0.520703 0.070833 0.533594 0.070833 0.533594 0.096354 0.520703 0.096354
0 0.573438 0.082292 0.587109 0.082292 0.587109 0.104167 0.573438 0.104167
0 0.623828 0.0 0.642969 0.0 0.642969 0.009896 0.623828 0.009896
0 0.638281 0.039583 0.653516 0.039583 0.653516 0.061458 0.638281 0.061458
0 0.605078 0.080208 0.623828 0.080208 0.623828 0.097917 0.605078 0.097917
0 0.636328 0.077604 0.652344 0.077604 0.652344 0.104688 0.636328 0.104688
0 0.380078 0.226042 0.396094 0.226042 0.396094 0.25 0.380078 0.25
0 0.415234 0.204688 0.429688 0.204688 0.429688 0.235417 0.415234 0.235417
0 0.442969 0.192188 0.458984 0.192188 0.458984 0.221354 0.442969 0.221354
0 0.458203 0.160938 0.480078 0.160938 0.480078 0.18125 0.458203 0.18125
0 0.455078 0.129167 0.469531 0.129167 0.469531 0.155208 0.455078 0.155208
0 0.476953 0.116667 0.493359 0.116667 0.493359 0.142708 0.476953 0.142708
0 0.50625 0.1125 0.51875 0.1125 0.51875 0.138542 0.50625 0.138542
0 0.499219 0.195833 0.512891 0.195833 0.512891 0.230729 0.499219 0.230729
0 0.516406 0.156771 0.530859 0.156771 0.530859 0.189062 0.516406 0.189062
0 0.544531 0.157812 0.565234 0.157812 0.565234 0.178125 0.544531 0.178125
0 0.55 0.122917 0.569531 0.122917 0.569531 0.144271 0.55 0.144271
0 0.592969 0.141667 0.609766 0.141667 0.609766 0.161979 0.592969 0.161979
0 0.585547 0.185417 0.603125 0.185417 0.603125 0.207812 0.585547 0.207812
0 0.548438 0.197917 0.564062 0.197917 0.564062 0.221875 0.548438 0.221875
0 0.572266 0.228646 0.591406 0.228646 0.591406 0.253125 0.572266 0.253125
0 0.541016 0.242708 0.562109 0.242708 0.562109 0.265104 0.541016 0.265104
0 0.439453 0.266667 0.452344 0.266667 0.452344 0.292708 0.439453 0.292708
0 0.456641 0.243229 0.46875 0.243229 0.46875 0.263021 0.456641 0.263021
0 0.493359 0.259896 0.505078 0.259896 0.505078 0.286979 0.493359 0.286979
0 0.476562 0.288021 0.491406 0.288021 0.491406 0.3125 0.476562 0.3125
0 0.503906 0.302083 0.518359 0.302083 0.518359 0.33125 0.503906 0.33125
0 0.526953 0.275521 0.542578 0.275521 0.542578 0.306771 0.526953 0.306771
0 0.614062 0.126042 0.632422 0.126042 0.632422 0.141667 0.614062 0.141667
0 0.629688 0.151562 0.648438 0.151562 0.648438 0.171354 0.629688 0.171354
0 0.658594 0.105208 0.673047 0.105208 0.673047 0.130208 0.658594 0.130208
0 0.686328 0.109375 0.701172 0.109375 0.701172 0.135938 0.686328 0.135938
0 0.686719 0.164583 0.701562 0.164583 0.701562 0.184375 0.686719 0.184375
0 0.650781 0.196875 0.666406 0.196875 0.666406 0.224479 0.650781 0.224479
0 0.596875 0.2625 0.610938 0.2625 0.610938 0.293229 0.596875 0.293229
0 0.619531 0.233854 0.635547 0.233854 0.635547 0.260417 0.619531 0.260417
0 0.646875 0.244271 0.660938 0.244271 0.660938 0.267708 0.646875 0.267708
0 0.665625 0.265104 0.682812 0.265104 0.682812 0.284375 0.665625 0.284375
0 0.644141 0.281771 0.659766 0.281771 0.659766 0.300521 0.644141 0.300521
0 0.690234 0.231771 0.702734 0.231771 0.702734 0.258854 0.690234 0.258854
0 0.710156 0.183333 0.725 0.183333 0.725 0.205208 0.710156 0.205208
0 0.194141 0.405208 0.210938 0.405208 0.210938 0.440104 0.194141 0.440104
0 0.216797 0.421875 0.234375 0.421875 0.234375 0.443229 0.216797 0.443229
0 0.216406 0.384896 0.232812 0.384896 0.232812 0.403125 0.216406 0.403125
0 0.240625 0.366667 0.259766 0.366667 0.259766 0.384375 0.240625 0.384375
0 0.162891 0.427083 0.177734 0.427083 0.177734 0.453125 0.162891 0.453125
0 0.156641 0.471354 0.178125 0.471354 0.178125 0.4875 0.156641 0.4875
0 0.190234 0.481771 0.208984 0.481771 0.208984 0.499479 0.190234 0.499479
0 0.220703 0.466667 0.232812 0.466667 0.232812 0.491667 0.220703 0.491667
0 0.253906 0.489062 0.277734 0.489062 0.277734 0.511458 0.253906 0.511458
0 0.255859 0.444792 0.275 0.444792 0.275 0.467708 0.255859 0.467708
0 0.280859 0.40625 0.296094 0.40625 0.296094 0.433854 0.280859 0.433854
0 0.308984 0.419792 0.326172 0.419792 0.326172 0.440625 0.308984 0.440625
0 0.333203 0.414062 0.346875 0.414062 0.346875 0.441667 0.333203 0.441667
0 0.305078 0.459896 0.323828 0.459896 0.323828 0.482292 0.305078 0.482292
0 0.295312 0.496354 0.312109 0.496354 0.312109 0.523958 0.295312 0.523958
0 0.226172 0.539062 0.240625 0.539062 0.240625 0.564583 0.226172 0.564583
0 0.249609 0.558333 0.260547 0.558333 0.260547 0.583333 0.249609 0.583333
0 0.103516 0.566146 0.119141 0.566146 0.119141 0.598958 0.103516 0.598958
0 0.128125 0.568229 0.141406 0.568229 0.141406 0.603125 0.128125 0.603125
0 0.138281 0.618229 0.159766 0.618229 0.159766 0.642188 0.138281 0.642188
0 0.169922 0.639062 0.187109 0.639062 0.187109 0.669792 0.169922 0.669792
0 0.190625 0.556771 0.203906 0.556771 0.203906 0.581771 0.190625 0.581771
0 0.161719 0.517188 0.176172 0.517188 0.176172 0.535938 0.161719 0.535938
0 0.135938 0.501562 0.152734 0.501562 0.152734 0.526562 0.135938 0.526562
0 0.198438 0.589062 0.215234 0.589062 0.215234 0.610417 0.198438 0.610417
0 0.240234 0.597917 0.257812 0.597917 0.257812 0.621354 0.240234 0.621354
0 0.288281 0.584375 0.304688 0.584375 0.304688 0.611979 0.288281 0.611979
0 0.330469 0.572396 0.342578 0.572396 0.342578 0.597917 0.330469 0.597917
0 0.306641 0.621354 0.321484 0.621354 0.321484 0.647396 0.306641 0.647396
0 0.321875 0.655208 0.340234 0.655208 0.340234 0.6875 0.321875 0.6875
0 0.238672 0.644792 0.257031 0.644792 0.257031 0.66875 0.238672 0.66875
0 0.285547 0.672396 0.299609 0.672396 0.299609 0.70625 0.285547 0.70625
0 0.077344 0.632812 0.092969 0.632812 0.092969 0.658854 0.077344 0.658854
0 0.098047 0.641667 0.1125 0.641667 0.1125 0.667708 0.098047 0.667708
0 0.053516 0.645833 0.069922 0.645833 0.069922 0.666667 0.053516 0.666667
0 0.046094 0.677083 0.0625 0.677083 0.0625 0.705729 0.046094 0.705729
0 0.087891 0.698438 0.098047 0.698438 0.098047 0.730208 0.087891 0.730208
0 0.120312 0.680208 0.133203 0.680208 0.133203 0.7125 0.120312 0.7125
0 0.142578 0.666146 0.158203 0.666146 0.158203 0.691146 0.142578 0.691146
0 0.158594 0.704167 0.175 0.704167 0.175 0.722396 0.158594 0.722396
0 0.166016 0.740104 0.180078 0.740104 0.180078 0.770312 0.166016 0.770312
0 0.198438 0.740104 0.213281 0.740104 0.213281 0.764583 0.198438 0.764583
0 0.226562 0.747396 0.239844 0.747396 0.239844 0.772917 0.226562 0.772917
0 0.242578 0.757292 0.259766 0.757292 0.259766 0.783854 0.242578 0.783854
0 0.026562 0.734896 0.039844 0.734896 0.039844 0.764583 0.026562 0.764583
0 0.060547 0.753646 0.073047 0.753646 0.073047 0.786458 0.060547 0.786458
0 0.107812 0.807812 0.121484 0.807812 0.121484 0.836458 0.107812 0.836458
0 0.121484 0.780208 0.134766 0.780208 0.134766 0.801562 0.121484 0.801562
0 0.142578 0.788021 0.155859 0.788021 0.155859 0.813542 0.142578 0.813542
0 0.155859 0.817188 0.171484 0.817188 0.171484 0.842708 0.155859 0.842708
0 0.178125 0.838021 0.195312 0.838021 0.195312 0.859896 0.178125 0.859896
0 0.187109 0.802083 0.205469 0.802083 0.205469 0.827083 0.187109 0.827083
0 0.134375 0.857292 0.150391 0.857292 0.150391 0.883854 0.134375 0.883854
0 0.025391 0.927083 0.041406 0.927083 0.041406 0.951042 0.025391 0.951042
0 0.035156 0.878646 0.049609 0.878646 0.049609 0.902083 0.035156 0.902083
0 0.090625 0.905729 0.112109 0.905729 0.112109 0.928125 0.090625 0.928125
0 0.077734 0.9625 0.092578 0.9625 0.092578 0.988542 0.077734 0.988542
0 0.105859 0.972396 0.121484 0.972396 0.121484 0.998958 0.105859 0.998958
0 0.129297 0.978125 0.141797 0.978125 0.141797 0.999479 0.129297 0.999479
0 0.161328 0.946875 0.182812 0.946875 0.182812 0.971354 0.161328 0.971354
0 0.171484 0.899479 0.188672 0.899479 0.188672 0.924479 0.171484 0.924479
0 0.254297 0.828646 0.268359 0.828646 0.268359 0.852083 0.254297 0.852083
0 0.282422 0.832812 0.295312 0.832812 0.295312 0.85625 0.282422 0.85625
0 0.314453 0.861458 0.33125 0.861458 0.33125 0.881771 0.314453 0.881771
0 0.300391 0.897917 0.317969 0.897917 0.317969 0.917708 0.300391 0.917708
0 0.260938 0.870312 0.281641 0.870312 0.281641 0.890104 0.260938 0.890104
0 0.24375 0.897917 0.257422 0.897917 0.257422 0.917708 0.24375 0.917708
0 0.258984 0.95625 0.276172 0.95625 0.276172 0.976562 0.258984 0.976562
0 0.255469 0.914583 0.273047 0.914583 0.273047 0.938021 0.255469 0.938021
0 0.287109 0.940104 0.304688 0.940104 0.304688 0.955208 0.287109 0.955208
0 0.303516 0.972396 0.323828 0.972396 0.323828 0.999479 0.303516 0.999479
0 0.336328 0.971354 0.353125 0.971354 0.353125 0.989062 0.336328 0.989062
0 0.332031 0.911458 0.342578 0.911458 0.342578 0.928125 0.332031 0.928125
0 0.352344 0.924479 0.366797 0.924479 0.366797 0.948958 0.352344 0.948958
0 0.326172 0.695312 0.343359 0.695312 0.343359 0.720312 0.326172 0.720312
0 0.350391 0.692188 0.369531 0.692188 0.369531 0.714062 0.350391 0.714062
0 0.379688 0.720833 0.397266 0.720833 0.397266 0.757292 0.379688 0.757292
0 0.347656 0.732812 0.362891 0.732812 0.362891 0.760417 0.347656 0.760417
0 0.319531 0.747396 0.332031 0.747396 0.332031 0.771354 0.319531 0.771354
0 0.347656 0.785417 0.359766 0.785417 0.359766 0.809375 0.347656 0.809375
0 0.373828 0.778646 0.387109 0.778646 0.387109 0.799479 0.373828 0.799479
0 0.414453 0.761458 0.428516 0.761458 0.428516 0.789062 0.414453 0.789062
0 0.447266 0.782292 0.461328 0.782292 0.461328 0.8125 0.447266 0.8125
0 0.454297 0.741667 0.466797 0.741667 0.466797 0.769271 0.454297 0.769271
0 0.447266 0.701562 0.462109 0.701562 0.462109 0.720312 0.447266 0.720312
0 0.507422 0.904688 0.524609 0.904688 0.524609 0.925 0.507422 0.925
0 0.361328 0.513542 0.375781 0.513542 0.375781 0.541667 0.361328 0.541667
0 0.374609 0.553646 0.392578 0.553646 0.392578 0.574479 0.374609 0.574479
0 0.361719 0.617188 0.376172 0.617188 0.376172 0.643229 0.361719 0.643229
0 0.399219 0.585938 0.411328 0.585938 0.411328 0.617188 0.399219 0.617188
0 0.409375 0.538021 0.423047 0.538021 0.423047 0.5625 0.409375 0.5625
0 0.428125 0.543229 0.439453 0.543229 0.439453 0.574479 0.428125 0.574479
0 0.448438 0.584896 0.459375 0.584896 0.459375 0.610417 0.448438 0.610417
0 0.381641 0.65 0.395312 0.65 0.395312 0.66875 0.381641 0.66875
0 0.41875 0.640625 0.430859 0.640625 0.430859 0.671354 0.41875 0.671354
0 0.455078 0.657292 0.471484 0.657292 0.471484 0.678125 0.455078 0.678125
0 0.4625 0.622917 0.48125 0.622917 0.48125 0.639583 0.4625 0.639583
0 0.469141 0.575 0.487109 0.575 0.487109 0.597396 0.469141 0.597396
0 0.450391 0.534375 0.467188 0.534375 0.467188 0.558854 0.450391 0.558854
0 0.375391 0.476042 0.389453 0.476042 0.389453 0.497917 0.375391 0.497917
0 0.391797 0.448438 0.415625 0.448438 0.415625 0.468229 0.391797 0.468229
0 0.535156 0.422917 0.553516 0.422917 0.553516 0.444271 0.535156 0.444271
0 0.569141 0.464583 0.582031 0.464583 0.582031 0.491667 0.569141 0.491667
0 0.587109 0.433333 0.601562 0.433333 0.601562 0.458333 0.587109 0.458333
0 0.547266 0.471875 0.560156 0.471875 0.560156 0.494271 0.547266 0.494271
0 0.550391 0.510417 0.563672 0.510417 0.563672 0.536979 0.550391 0.536979
0 0.525391 0.489583 0.541797 0.489583 0.541797 0.519792 0.525391 0.519792
0 0.509375 0.49375 0.521094 0.49375 0.521094 0.521875 0.509375 0.521875
0 0.465625 0.510938 0.478906 0.510938 0.478906 0.534375 0.465625 0.534375
0 0.519531 0.540625 0.533984 0.540625 0.533984 0.563542 0.519531 0.563542
0 0.575391 0.513542 0.591016 0.513542 0.591016 0.545312 0.575391 0.545312
0 0.600391 0.509896 0.614844 0.509896 0.614844 0.533854 0.600391 0.533854
0 0.633984 0.526042 0.644922 0.526042 0.644922 0.548958 0.633984 0.548958
0 0.658594 0.510938 0.669141 0.510938 0.669141 0.534896 0.658594 0.534896
0 0.678906 0.51875 0.692578 0.51875 0.692578 0.542188 0.678906 0.542188
0 0.542188 0.640625 0.555859 0.640625 0.555859 0.666146 0.542188 0.666146
0 0.553906 0.666667 0.570312 0.666667 0.570312 0.689583 0.553906 0.689583
0 0.557031 0.721875 0.567578 0.721875 0.567578 0.744792 0.557031 0.744792
0 0.597656 0.722917 0.614844 0.722917 0.614844 0.741146 0.597656 0.741146
0 0.625 0.705729 0.639062 0.705729 0.639062 0.721354 0.625 0.721354
0 0.585938 0.633854 0.599219 0.633854 0.599219 0.653646 0.585938 0.653646
0 0.545703 0.5875 0.559375 0.5875 0.559375 0.608333 0.545703 0.608333
0 0.592188 0.569792 0.606641 0.569792 0.606641 0.590625 0.592188 0.590625
0 0.64375 0.575521 0.658203 0.575521 0.658203 0.596354 0.64375 0.596354
0 0.614844 0.618229 0.625 0.618229 0.625 0.635417 0.614844 0.635417
0 0.629297 0.647396 0.647266 0.647396 0.647266 0.670312 0.629297 0.670312
0 0.671484 0.682812 0.685547 0.682812 0.685547 0.704167 0.671484 0.704167
0 0.709766 0.679688 0.721094 0.679688 0.721094 0.701042 0.709766 0.701042
0 0.677734 0.723438 0.691406 0.723438 0.691406 0.74375 0.677734 0.74375
0 0.651953 0.740104 0.661719 0.740104 0.661719 0.7625 0.651953 0.7625
0 0.520312 0.843229 0.544141 0.843229 0.544141 0.863542 0.520312 0.863542
0 0.592188 0.849479 0.610156 0.849479 0.610156 0.870833 0.592188 0.870833
0 0.58125 0.926562 0.600781 0.926562 0.600781 0.945833 0.58125 0.945833
0 0.584766 0.967188 0.604297 0.967188 0.604297 0.982812 0.584766 0.982812
0 0.800391 0.0 0.818359 0.0 0.818359 0.024479 0.800391 0.024479
0 0.888672 0.005208 0.905859 0.005208 0.905859 0.028125 0.888672 0.028125
0 0.924609 0.00625 0.946094 0.00625 0.946094 0.035417 0.924609 0.035417
0 0.961328 0.011458 0.975781 0.011458 0.975781 0.036458 0.961328 0.036458
0 0.971875 0.053646 0.986719 0.053646 0.986719 0.078125 0.971875 0.078125
0 0.948438 0.061458 0.965234 0.061458 0.965234 0.086979 0.948438 0.086979
0 0.903516 0.071875 0.917578 0.071875 0.917578 0.103646 0.903516 0.103646
0 0.869922 0.093229 0.887891 0.093229 0.887891 0.120312 0.869922 0.120312
0 0.938672 0.108854 0.952344 0.108854 0.952344 0.131771 0.938672 0.131771
0 0.975 0.151042 0.992188 0.151042 0.992188 0.180208 0.975 0.180208
0 0.933594 0.163021 0.949219 0.163021 0.949219 0.185417 0.933594 0.185417
0 0.977344 0.193229 0.988281 0.193229 0.988281 0.214062 0.977344 0.214062
0 0.554297 0.298958 0.569531 0.298958 0.569531 0.320312 0.554297 0.320312
0 0.626953 0.427083 0.642188 0.427083 0.642188 0.449479 0.626953 0.449479
0 0.671875 0.392188 0.687891 0.392188 0.687891 0.419792 0.671875 0.419792
0 0.668359 0.456771 0.683594 0.456771 0.683594 0.482292 0.668359 0.482292
0 0.617969 0.465104 0.629688 0.465104 0.629688 0.485417 0.617969 0.485417
0 0.704297 0.414583 0.717969 0.414583 0.717969 0.442188 0.704297 0.442188
0 0.726953 0.410938 0.74375 0.410938 0.74375 0.439062 0.726953 0.439062
0 0.717188 0.465104 0.731641 0.465104 0.731641 0.489583 0.717188 0.489583
0 0.74375 0.461458 0.755078 0.461458 0.755078 0.483333 0.74375 0.483333
0 0.705469 0.497917 0.722656 0.497917 0.722656 0.51875 0.705469 0.51875
0 0.700391 0.551042 0.716016 0.551042 0.716016 0.578646 0.700391 0.578646
0 0.726953 0.548958 0.741016 0.548958 0.741016 0.576562 0.726953 0.576562
0 0.764062 0.544792 0.786719 0.544792 0.786719 0.580208 0.764062 0.580208
0 0.764453 0.415104 0.776562 0.415104 0.776562 0.4375 0.764453 0.4375
0 0.780469 0.430208 0.798047 0.430208 0.798047 0.448438 0.780469 0.448438
0 0.807031 0.394792 0.826562 0.394792 0.826562 0.416146 0.807031 0.416146
0 0.816797 0.359896 0.833984 0.359896 0.833984 0.380729 0.816797 0.380729
0 0.772656 0.382292 0.788672 0.382292 0.788672 0.398958 0.772656 0.398958
0 0.840625 0.392188 0.855078 0.392188 0.855078 0.414062 0.840625 0.414062
0 0.821875 0.43125 0.834375 0.43125 0.834375 0.453646 0.821875 0.453646
0 0.796484 0.473958 0.812109 0.473958 0.812109 0.494271 0.796484 0.494271
0 0.839844 0.463542 0.854297 0.463542 0.854297 0.479167 0.839844 0.479167
0 0.859375 0.429688 0.876953 0.429688 0.876953 0.450521 0.859375 0.450521
0 0.876562 0.456771 0.894531 0.456771 0.894531 0.479688 0.876562 0.479688
0 0.903125 0.432812 0.920312 0.432812 0.920312 0.45625 0.903125 0.45625
0 0.933594 0.414583 0.948828 0.414583 0.948828 0.434375 0.933594 0.434375
0 0.910156 0.394792 0.93125 0.394792 0.93125 0.411979 0.910156 0.411979
0 0.689062 0.610417 0.706641 0.610417 0.706641 0.641146 0.689062 0.641146
0 0.758594 0.676562 0.775781 0.676562 0.775781 0.699479 0.758594 0.699479
0 0.788672 0.704688 0.801562 0.704688 0.801562 0.728646 0.788672 0.728646
0 0.812891 0.693229 0.831641 0.693229 0.831641 0.717708 0.812891 0.717708
0 0.855859 0.711458 0.871875 0.711458 0.871875 0.7375 0.855859 0.7375
0 0.555859 0.861458 0.580078 0.861458 0.580078 0.885417 0.555859 0.885417
0 0.551172 0.821875 0.572656 0.821875 0.572656 0.836979 0.551172 0.836979
0 0.839844 0.503646 0.855469 0.503646 0.855469 0.530208 0.839844 0.530208
0 0.866797 0.558333 0.880078 0.558333 0.880078 0.580208 0.866797 0.580208
0 0.829297 0.578125 0.845703 0.578125 0.845703 0.597917 0.829297 0.597917
0 0.8625 0.623438 0.875 0.623438 0.875 0.644792 0.8625 0.644792
0 0.955469 0.529167 0.969531 0.529167 0.969531 0.551562 0.955469 0.551562
0 0.966406 0.496354 0.985547 0.496354 0.985547 0.514062 0.966406 0.514062
0 0.982031 0.523958 0.999609 0.523958 0.999609 0.546354 0.982031 0.546354
0 0.960938 0.590104 0.971094 0.590104 0.971094 0.609896 0.960938 0.609896
0 0.869922 0.661458 0.885156 0.661458 0.885156 0.686979 0.869922 0.686979
0 0.923047 0.64375 0.935938 0.64375 0.935938 0.670833 0.923047 0.670833
0 0.804688 0.874479 0.818359 0.874479 0.818359 0.897396 0.804688 0.897396
0 0.829688 0.911979 0.853516 0.911979 0.853516 0.939062 0.829688 0.939062
0 0.832812 0.967188 0.847656 0.967188 0.847656 0.986458 0.832812 0.986458
0 0.760156 0.801042 0.775 0.801042 0.775 0.825 0.760156 0.825
0 0.812891 0.739583 0.826172 0.739583 0.826172 0.761458 0.812891 0.761458
0 0.939453 0.771354 0.955078 0.771354 0.955078 0.788542 0.939453 0.788542
0 0.908984 0.803646 0.921094 0.803646 0.921094 0.818229 0.908984 0.818229
0 0.927344 0.810938 0.939844 0.810938 0.939844 0.830729 0.927344 0.830729
0 0.953906 0.818229 0.966016 0.818229 0.966016 0.841146 0.953906 0.841146
0 0.978516 0.860938 0.994531 0.860938 0.994531 0.889062 0.978516 0.889062
0 0.933594 0.867188 0.951953 0.867188 0.951953 0.889062 0.933594 0.889062
0 0.827734 0.854167 0.844141 0.854167 0.844141 0.868229 0.827734 0.868229
0 0.877734 0.857292 0.892969 0.857292 0.892969 0.875521 0.877734 0.875521
0 0.898438 0.83125 0.916797 0.83125 0.916797 0.85 0.898438 0.85
0 0.930078 0.845312 0.946875 0.845312 0.946875 0.860938 0.930078 0.860938
0 0.90625 0.88125 0.920312 0.88125 0.920312 0.904167 0.90625 0.904167
0 0.877734 0.889062 0.891406 0.889062 0.891406 0.909896 0.877734 0.909896
0 0.907031 0.914583 0.923438 0.914583 0.923438 0.934375 0.907031 0.934375
0 0.881641 0.957292 0.899609 0.957292 0.899609 0.973958 0.881641 0.973958
0 0.917188 0.982812 0.935938 0.982812 0.935938 0.998958 0.917188 0.998958
0 0.943359 0.949479 0.958984 0.949479 0.958984 0.970833 0.943359 0.970833
0 0.962891 0.923438 0.978906 0.923438 0.978906 0.944271 0.962891 0.944271
0 0.984766 0.948438 0.998438 0.948438 0.998438 0.971875 0.984766 0.971875
0 0.955859 0.640104 0.974219 0.640104 0.974219 0.660417 0.955859 0.660417