0 0.026562 0.0 0.040625 0.0 0.040625 0.022396 0.026562 0.022396
0 0.058984 0.016146 0.073438 0.016146 0.073438 0.0375 0.058984 0.0375
0 0.002344 0.065625 0.016016 0.065625 0.016016 0.095312 0.002344 0.095312
0 0.003125 0.003125 0.014844 0.003125 0.014844 0.022396 0.003125 0.022396
0 0.207422 0.000521 0.226172 0.000521 0.226172 0.018229 0.207422 0.018229
0 0.246094 0.005729 0.261328 0.005729 0.261328 0.0375 0.246094 0.0375
0 0.269922 0.0 0.283594 0.0 0.283594 0.014062 0.269922 0.014062
0 0.308203 0.0 0.323047 0.0 0.323047 0.016667 0.308203 0.016667
0 0.328906 0.028646 0.346484 0.028646 0.346484 0.055208 0.328906 0.055208
0 0.298828 0.047396 0.321875 0.047396 0.321875 0.069792 0.298828 0.069792
0 0.2 0.038021 0.214844 0.038021 0.214844 0.059896 0.2 0.059896
0 0.164453 0.094792 0.187891 0.094792 0.187891 0.111979 0.164453 0.111979
0 0.203125 0.085417 0.217969 0.085417 0.217969 0.111458 0.203125 0.111458
0 0.226953 0.069271 0.246484 0.069271 0.246484 0.085417 0.226953 0.085417
0 0.261328 0.08125 0.280859 0.08125 0.280859 0.102083 0.261328 0.102083
0 0.294141 0.104167 0.310156 0.104167 0.310156 0.121875 0.294141 0.121875
0 0.310547 0.133333 0.326953 0.133333 0.326953 0.154167 0.310547 0.154167
0 0.312109 0.185938 0.327734 0.185938 0.327734 0.205729 0.312109 0.205729
0 0.261328 0.157812 0.284766 0.157812 0.284766 0.179167 0.261328 0.179167
0 0.222266 0.120833 0.244531 0.120833 0.244531 0.139583 0.222266 0.139583
0 0.199609 0.151562 0.210547 0.151562 0.210547 0.171354 0.199609 0.171354
0 0.160156 0.158854 0.173438 0.158854 0.173438 0.178646 0.160156 0.178646
0 0.071094 0.245312 0.087109 0.245312 0.087109 0.263021 0.071094 0.263021
0 0.105078 0.247917 0.117188 0.247917 0.117188 0.266667 0.105078 0.266667
0 0.096484 0.201042 0.121875 0.201042 0.121875 0.219271 0.096484 0.219271
0 0.136328 0.204688 0.152734 0.204688 0.152734 0.223958 0.136328 0.223958
0 0.156641 0.233854 0.174609 0.233854 0.174609 0.2625 0.156641 0.2625
0 0.191797 0.218229 0.205078 0.218229 0.205078 0.242708 0.191797 0.242708
0 0.214062 0.188021 0.228516 0.188021 0.228516 0.208333 0.214062 0.208333
0 0.240234 0.234375 0.252344 0.234375 0.252344 0.257292 0.240234 0.257292
0 0.199219 0.2625 0.210156 0.2625 0.210156 0.289583 0.199219 0.289583
0 0.232031 0.280729 0.242188 0.280729 0.242188 0.304167 0.232031 0.304167
0 0.14375 0.285938 0.164062 0.285938 0.164062 0.30625 0.14375 0.30625
0 0.184766 0.304688 0.200781 0.304688 0.200781 0.324479 0.184766 0.324479
0 0.108984 0.306771 0.127344 0.306771 0.127344 0.327083 0.108984 0.327083
0 0.090234 0.354167 0.107031 0.354167 0.107031 0.372396 0.090234 0.372396
0 0.110547 0.377083 0.130469 0.377083 0.130469 0.394271 0.110547 0.394271
0 0.138672 0.40625 0.161328 0.40625 0.161328 0.424479 0.138672 0.424479
0 0.1375 0.340625 0.160156 0.340625 0.160156 0.35625 0.1375 0.35625
0 0.172266 0.353125 0.187109 0.353125 0.187109 0.370312 0.172266 0.370312
0 0.060938 0.448438 0.078516 0.448438 0.078516 0.465625 0.060938 0.465625
0 0.075781 0.489583 0.089844 0.489583 0.089844 0.514062 0.075781 0.514062
0 0.048438 0.529688 0.062109 0.529688 0.062109 0.550521 0.048438 0.550521
0 0.029297 0.497917 0.048828 0.497917 0.048828 0.524479 0.029297 0.524479
0 0.284766 0.213021 0.299609 0.213021 0.299609 0.239583 0.284766 0.239583
0 0.223047 0.378646 0.242578 0.378646 0.242578 0.411458 0.223047 0.411458
0 0.252734 0.283854 0.269141 0.283854 0.269141 0.3125 0.252734 0.3125
0 0.094141 0.520312 0.109375 0.520312 0.109375 0.535938 0.094141 0.535938
0 0.121484 0.523958 0.135156 0.523958 0.135156 0.546875 0.121484 0.546875
0 0.147656 0.504167 0.1625 0.504167 0.1625 0.525521 0.147656 0.525521
0 0.143359 0.463542 0.158984 0.463542 0.158984 0.478646 0.143359 0.478646
0 0.173047 0.433333 0.191406 0.433333 0.191406 0.447917 0.173047 0.447917
0 0.173047 0.484896 0.185156 0.484896 0.185156 0.505208 0.173047 0.505208
0 0.201562 0.46875 0.214062 0.46875 0.214062 0.498438 0.201562 0.498438
0 0.225391 0.460417 0.238672 0.460417 0.238672 0.477604 0.225391 0.477604
0 0.234375 0.494792 0.248438 0.494792 0.248438 0.522396 0.234375 0.522396
0 0.071484 0.552604 0.089844 0.552604 0.089844 0.572396 0.071484 0.572396
0 0.101562 0.585417 0.117969 0.585417 0.117969 0.602083 0.101562 0.602083
0 0.109375 0.614062 0.124219 0.614062 0.124219 0.634896 0.109375 0.634896
0 0.136328 0.630208 0.152734 0.630208 0.152734 0.657812 0.136328 0.657812
0 0.052734 0.613021 0.071484 0.613021 0.071484 0.627604 0.052734 0.627604
0 0.054297 0.634896 0.078906 0.634896 0.078906 0.661458 0.054297 0.661458
0 0.066406 0.730208 0.087891 0.730208 0.087891 0.747917 0.066406 0.747917
0 0.111719 0.682812 0.124219 0.682812 0.124219 0.710938 0.111719 0.710938
0 0.135547 0.685938 0.152344 0.685938 0.152344 0.710417 0.135547 0.710417
0 0.162891 0.655729 0.177734 0.655729 0.177734 0.680208 0.162891 0.680208
0 0.197266 0.678125 0.210547 0.678125 0.210547 0.695833 0.197266 0.695833
0 0.199609 0.725521 0.214062 0.725521 0.214062 0.742188 0.199609 0.742188
0 0.162109 0.751562 0.180859 0.751562 0.180859 0.770833 0.162109 0.770833
0 0.037891 0.906771 0.051562 0.906771 0.051562 0.926562 0.037891 0.926562
0 0.085547 0.9125 0.103516 0.9125 0.103516 0.936458 0.085547 0.936458
0 0.061719 0.876042 0.082031 0.876042 0.082031 0.894271 0.061719 0.894271
0 0.100391 0.86875 0.113672 0.86875 0.113672 0.885938 0.100391 0.885938
0 0.125 0.882292 0.142969 0.882292 0.142969 0.896875 0.125 0.896875
0 0.069922 0.817188 0.089453 0.817188 0.089453 0.840104 0.069922 0.840104
0 0.105859 0.811458 0.129688 0.811458 0.129688 0.830729 0.105859 0.830729
0 0.134375 0.836979 0.149219 0.836979 0.149219 0.857812 0.134375 0.857812
0 0.15625 0.820312 0.177734 0.820312 0.177734 0.838021 0.15625 0.838021
0 0.165234 0.867188 0.1875 0.867188 0.1875 0.888021 0.165234 0.888021
0 0.062109 0.948438 0.083203 0.948438 0.083203 0.968229 0.062109 0.968229
0 0.132031 0.940625 0.154297 0.940625 0.154297 0.957812 0.132031 0.957812
0 0.133203 0.904167 0.155859 0.904167 0.155859 0.919271 0.133203 0.919271
0 0.173047 0.938542 0.189844 0.938542 0.189844 0.9625 0.173047 0.9625
0 0.199219 0.932812 0.214062 0.932812 0.214062 0.965104 0.199219 0.965104
0 0.210547 0.886979 0.233594 0.886979 0.233594 0.907812 0.210547 0.907812
0 0.238281 0.925521 0.260156 0.925521 0.260156 0.948958 0.238281 0.948958
0 0.25 0.982292 0.269141 0.982292 0.269141 0.997917 0.25 0.997917
0 0.352734 0.079167 0.370312 0.079167 0.370312 0.100521 0.352734 0.100521
0 0.4 0.076042 0.421484 0.076042 0.421484 0.105729 0.4 0.105729
0 0.394531 0.152604 0.411328 0.152604 0.411328 0.177083 0.394531 0.177083
0 0.425391 0.144271 0.445703 0.144271 0.445703 0.164062 0.425391 0.164062
0 0.4625 0.150521 0.479688 0.150521 0.479688 0.167188 0.4625 0.167188
0 0.385547 0.228125 0.407812 0.228125 0.407812 0.249479 0.385547 0.249479
0 0.442188 0.241667 0.457031 0.241667 0.457031 0.261458 0.442188 0.261458
0 0.471875 0.228125 0.490625 0.228125 0.490625 0.252083 0.471875 0.252083
0 0.500781 0.257292 0.523438 0.257292 0.523438 0.281771 0.500781 0.281771
0 0.516016 0.204167 0.534375 0.204167 0.534375 0.230208 0.516016 0.230208
0 0.452734 0.288021 0.474609 0.288021 0.474609 0.31875 0.452734 0.31875
0 0.378906 0.308854 0.398047 0.308854 0.398047 0.329167 0.378906 0.329167
0 0.351953 0.341667 0.373047 0.341667 0.373047 0.358854 0.351953 0.358854
0 0.419141 0.341667 0.436719 0.341667 0.436719 0.368229 0.419141 0.368229
0 0.387891 0.375 0.4125 0.375 0.4125 0.396354 0.387891 0.396354
0 0.487891 0.326042 0.511328 0.326042 0.511328 0.350521 0.487891 0.350521
0 0.54375 0.285417 0.567578 0.285417 0.567578 0.309375 0.54375 0.309375
0 0.155859 0.563021 0.180078 0.563021 0.180078 0.582812 0.155859 0.582812
0 0.192578 0.570312 0.216016 0.570312 0.216016 0.593229 0.192578 0.593229
0 0.25 0.549479 0.272266 0.549479 0.272266 0.577083 0.25 0.577083
0 0.260547 0.480208 0.285547 0.480208 0.285547 0.504687 0.260547 0.504687
0 0.284766 0.440104 0.302734 0.440104 0.302734 0.458333 0.284766 0.458333
0 0.30625 0.475 0.330469 0.475 0.330469 0.492708 0.30625 0.492708
0 0.346484 0.479167 0.366016 0.479167 0.366016 0.503125 0.346484 0.503125
0 0.302734 0.529167 0.330469 0.529167 0.330469 0.551562 0.302734 0.551562
0 0.282812 0.559375 0.299609 0.559375 0.299609 0.586979 0.282812 0.586979
0 0.323828 0.564583 0.339453 0.564583 0.339453 0.590104 0.323828 0.590104
0 0.350391 0.543229 0.369531 0.543229 0.369531 0.570312 0.350391 0.570312
0 0.296094 0.605208 0.314062 0.605208 0.314062 0.624479 0.296094 0.624479
0 0.233594 0.609896 0.250781 0.609896 0.250781 0.64375 0.233594 0.64375
0 0.195312 0.616667 0.208594 0.616667 0.208594 0.647396 0.195312 0.647396
0 0.228125 0.666667 0.24375 0.666667 0.24375 0.690104 0.228125 0.690104
0 0.271094 0.650521 0.285156 0.650521 0.285156 0.675 0.271094 0.675
0 0.253906 0.697917 0.269531 0.697917 0.269531 0.720833 0.253906 0.720833
0 0.244141 0.745312 0.259375 0.745312 0.259375 0.764062 0.244141 0.764062
0 0.285938 0.729167 0.303516 0.729167 0.303516 0.751042 0.285938 0.751042
0 0.306641 0.695833 0.330469 0.695833 0.330469 0.726042 0.306641 0.726042
0 0.34375 0.664583 0.362891 0.664583 0.362891 0.688542 0.34375 0.688542
0 0.354688 0.694271 0.375 0.694271 0.375 0.719271 0.354688 0.719271
0 0.341406 0.751042 0.357422 0.751042 0.357422 0.773958 0.341406 0.773958
0 0.300391 0.758854 0.317188 0.758854 0.317188 0.789062 0.300391 0.789062
0 0.319141 0.804167 0.341797 0.804167 0.341797 0.828646 0.319141 0.828646
0 0.331641 0.840104 0.354688 0.840104 0.354688 0.861458 0.331641 0.861458
0 0.373828 0.804688 0.389844 0.804688 0.389844 0.830208 0.373828 0.830208
0 0.387109 0.752083 0.408984 0.752083 0.408984 0.775 0.387109 0.775
0 0.424219 0.785938 0.442969 0.785938 0.442969 0.809896 0.424219 0.809896
0 0.391797 0.830208 0.407031 0.830208 0.407031 0.852083 0.391797 0.852083
0 0.432031 0.843229 0.45 0.843229 0.45 0.865625 0.432031 0.865625
0 0.410156 0.878125 0.433984 0.878125 0.433984 0.901042 0.410156 0.901042
0 0.53125 0.131771 0.557812 0.131771 0.557812 0.154167 0.53125 0.154167
0 0.583203 0.143229 0.602344 0.143229 0.602344 0.177083 0.583203 0.177083
0 0.619922 0.141667 0.641016 0.141667 0.641016 0.160938 0.619922 0.160938
0 0.659766 0.093229 0.6875 0.093229 0.6875 0.121875 0.659766 0.121875
0 0.703125 0.015625 0.721875 0.015625 0.721875 0.041146 0.703125 0.041146
0 0.740234 0.0 0.754297 0.0 0.754297 0.021354 0.740234 0.021354
0 0.684766 0.003646 0.703125 0.003646 0.703125 0.023958 0.684766 0.023958
0 0.768359 0.0 0.791797 0.0 0.791797 0.0125 0.768359 0.0125
0 0.794922 0.019792 0.806641 0.019792 0.806641 0.042188 0.794922 0.042188
0 0.814844 0.025521 0.835547 0.025521 0.835547 0.045312 0.814844 0.045312
0 0.842578 0.046354 0.857422 0.046354 0.857422 0.074479 0.842578 0.074479
0 0.875391 0.043229 0.894922 0.043229 0.894922 0.073438 0.875391 0.073438
0 0.870312 0.0 0.886328 0.0 0.886328 0.016146 0.870312 0.016146
0 0.949609 0.0 0.971484 0.0 0.971484 0.014583 0.949609 0.014583
0 0.930078 0.026562 0.953516 0.026562 0.953516 0.056771 0.930078 0.056771
0 0.624219 0.191667 0.645703 0.191667 0.645703 0.221354 0.624219 0.221354
0 0.670312 0.18125 0.690625 0.18125 0.690625 0.202083 0.670312 0.202083
0 0.574609 0.233333 0.588281 0.233333 0.588281 0.260938 0.574609 0.260938
0 0.551953 0.18125 0.569531 0.18125 0.569531 0.196875 0.551953 0.196875
0 0.610547 0.267708 0.622266 0.267708 0.622266 0.290625 0.610547 0.290625
0 0.638672 0.255729 0.653516 0.255729 0.653516 0.272396 0.638672 0.272396
0 0.679688 0.267188 0.696875 0.267188 0.696875 0.283854 0.679688 0.283854
0 0.392969 0.419271 0.412109 0.419271 0.412109 0.441146 0.392969 0.441146
0 0.442188 0.419271 0.456641 0.419271 0.456641 0.440625 0.442188 0.440625
0 0.466406 0.400521 0.484375 0.400521 0.484375 0.420833 0.466406 0.420833
0 0.505078 0.380208 0.522266 0.380208 0.522266 0.395833 0.505078 0.395833
0 0.521484 0.352604 0.535156 0.352604 0.535156 0.367708 0.521484 0.367708
0 0.55 0.338021 0.563672 0.338021 0.563672 0.360938 0.55 0.360938
0 0.423438 0.472396 0.439844 0.472396 0.439844 0.498958 0.423438 0.498958
0 0.458203 0.480729 0.472656 0.480729 0.472656 0.50625 0.458203 0.50625
0 0.462891 0.520833 0.489844 0.520833 0.489844 0.541667 0.462891 0.541667
0 0.496484 0.457292 0.508984 0.457292 0.508984 0.48125 0.496484 0.48125
0 0.525781 0.467708 0.542969 0.467708 0.542969 0.483854 0.525781 0.483854
0 0.34375 0.608333 0.361719 0.608333 0.361719 0.630729 0.34375 0.630729
0 0.375781 0.597917 0.389062 0.597917 0.389062 0.619271 0.375781 0.619271
0 0.405469 0.594792 0.421875 0.594792 0.421875 0.632292 0.405469 0.632292
0 0.392188 0.652604 0.410938 0.652604 0.410938 0.677083 0.392188 0.677083
0 0.446094 0.641667 0.469141 0.641667 0.469141 0.667188 0.446094 0.667188
0 0.461328 0.584896 0.478906 0.584896 0.478906 0.607812 0.461328 0.607812
0 0.397266 0.70625 0.417188 0.70625 0.417188 0.734375 0.397266 0.734375
0 0.441016 0.715625 0.462109 0.715625 0.462109 0.745833 0.441016 0.745833
0 0.511328 0.523438 0.528125 0.523438 0.528125 0.547396 0.511328 0.547396
0 0.567188 0.505729 0.578516 0.505729 0.578516 0.529688 0.567188 0.529688
0 0.510938 0.60625 0.533594 0.60625 0.533594 0.627083 0.510938 0.627083
0 0.554297 0.602083 0.572266 0.602083 0.572266 0.623438 0.554297 0.623438
0 0.500391 0.65 0.525781 0.65 0.525781 0.670833 0.500391 0.670833
0 0.513672 0.684375 0.530078 0.684375 0.530078 0.705208 0.513672 0.705208
0 0.548438 0.691146 0.566406 0.691146 0.566406 0.708854 0.548438 0.708854
0 0.573438 0.639062 0.592578 0.639062 0.592578 0.666667 0.573438 0.666667
0 0.617578 0.632812 0.632422 0.632812 0.632422 0.660938 0.617578 0.660938
0 0.637891 0.664062 0.654297 0.664062 0.654297 0.688542 0.637891 0.688542
0 0.544922 0.724479 0.564844 0.724479 0.564844 0.748438 0.544922 0.748438
0 0.500781 0.720833 0.520312 0.720833 0.520312 0.74375 0.500781 0.74375
0 0.486328 0.7625 0.505859 0.7625 0.505859 0.784375 0.486328 0.784375
0 0.456641 0.798958 0.480078 0.798958 0.480078 0.821875 0.456641 0.821875
0 0.472656 0.833333 0.491406 0.833333 0.491406 0.857292 0.472656 0.857292
0 0.470703 0.879688 0.489844 0.879688 0.489844 0.898438 0.470703 0.898438
0 0.514453 0.843229 0.530078 0.843229 0.530078 0.861979 0.514453 0.861979
0 0.35625 0.990625 0.373438 0.990625 0.373438 0.999479 0.35625 0.999479
0 0.422266 0.970312 0.444141 0.970312 0.444141 0.991146 0.422266 0.991146
0 0.458984 0.955729 0.471484 0.955729 0.471484 0.977604 0.458984 0.977604
0 0.4875 0.95 0.508594 0.95 0.508594 0.968229 0.4875 0.968229
0 0.398047 0.982292 0.417188 0.982292 0.417188 0.999479 0.398047 0.999479
0 0.538281 0.777604 0.556641 0.777604 0.556641 0.806771 0.538281 0.806771
0 0.564062 0.841146 0.578516 0.841146 0.578516 0.871875 0.564062 0.871875
0 0.583594 0.820833 0.605469 0.820833 0.605469 0.845833 0.583594 0.845833
0 0.522266 0.876562 0.540625 0.876562 0.540625 0.905208 0.522266 0.905208
0 0.615625 0.779688 0.633594 0.779688 0.633594 0.805208 0.615625 0.805208
0 0.609766 0.751562 0.630078 0.751562 0.630078 0.773438 0.609766 0.773438
0 0.583203 0.728646 0.606641 0.728646 0.606641 0.758333 0.583203 0.758333
0 0.732422 0.155729 0.745703 0.155729 0.745703 0.182292 0.732422 0.182292
0 0.760938 0.188542 0.782031 0.188542 0.782031 0.214583 0.760938 0.214583
0 0.812109 0.1875 0.836719 0.1875 0.836719 0.213021 0.812109 0.213021
0 0.758984 0.222396 0.777734 0.222396 0.777734 0.246354 0.758984 0.246354
0 0.734766 0.234896 0.75 0.234896 0.75 0.261979 0.734766 0.261979
0 0.787109 0.25 0.809766 0.25 0.809766 0.277083 0.787109 0.277083
0 0.834375 0.257292 0.857812 0.257292 0.857812 0.286979 0.834375 0.286979
0 0.8375 0.317188 0.855078 0.317188 0.855078 0.338542 0.8375 0.338542
0 0.742969 0.305208 0.762109 0.305208 0.762109 0.33125 0.742969 0.33125
0 0.764844 0.335417 0.783203 0.335417 0.783203 0.356771 0.764844 0.356771
0 0.811328 0.355208 0.830078 0.355208 0.830078 0.374479 0.811328 0.374479
0 0.792188 0.376562 0.805859 0.376562 0.805859 0.403125 0.792188 0.403125
0 0.753125 0.370833 0.769141 0.370833 0.769141 0.405208 0.753125 0.405208
0 0.728516 0.340625 0.748047 0.340625 0.748047 0.359896 0.728516 0.359896
0 0.678906 0.339062 0.703906 0.339062 0.703906 0.35625 0.678906 0.35625
0 0.696094 0.367708 0.712109 0.367708 0.712109 0.390104 0.696094 0.390104
0 0.651562 0.305729 0.669141 0.305729 0.669141 0.3375 0.651562 0.3375
0 0.595312 0.317188 0.614844 0.317188 0.614844 0.346875 0.595312 0.346875
0 0.626172 0.351562 0.642578 0.351562 0.642578 0.369271 0.626172 0.369271
0 0.575391 0.415625 0.592578 0.415625 0.592578 0.443229 0.575391 0.443229
0 0.611719 0.398958 0.634766 0.398958 0.634766 0.425 0.611719 0.425
0 0.672656 0.425 0.691016 0.425 0.691016 0.452604 0.672656 0.452604
0 0.614453 0.450521 0.635547 0.450521 0.635547 0.480208 0.614453 0.480208
0 0.648047 0.460417 0.669141 0.460417 0.669141 0.488542 0.648047 0.488542
0 0.601953 0.505208 0.616406 0.505208 0.616406 0.532812 0.601953 0.532812
0 0.610547 0.548958 0.626172 0.548958 0.626172 0.569271 0.610547 0.569271
0 0.641406 0.536979 0.655078 0.536979 0.655078 0.560938 0.641406 0.560938
0 0.675391 0.500521 0.689844 0.500521 0.689844 0.525521 0.675391 0.525521
0 0.712109 0.51875 0.733984 0.51875 0.733984 0.545833 0.712109 0.545833
0 0.705078 0.480208 0.725781 0.480208 0.725781 0.502083 0.705078 0.502083
0 0.741406 0.422917 0.760156 0.422917 0.760156 0.439583 0.741406 0.439583
0 0.773438 0.433854 0.792188 0.433854 0.792188 0.454688 0.773438 0.454688
0 0.747266 0.466667 0.766797 0.466667 0.766797 0.484375 0.747266 0.484375
0 0.960156 0.329167 0.986719 0.329167 0.986719 0.348958 0.960156 0.348958
0 0.987891 0.367708 0.999219 0.367708 0.999219 0.391667 0.987891 0.391667
0 0.968359 0.414583 0.989062 0.414583 0.989062 0.430729 0.968359 0.430729
0 0.919922 0.46875 0.939453 0.46875 0.939453 0.484375 0.919922 0.484375
0 0.952344 0.468229 0.969141 0.468229 0.969141 0.492188 0.952344 0.492188
0 0.992188 0.449479 0.999609 0.449479 0.999609 0.476042 0.992188 0.476042
0 0.935938 0.50625 0.959766 0.50625 0.959766 0.522396 0.935938 0.522396
0 0.821094 0.663542 0.849219 0.663542 0.849219 0.688021 0.821094 0.688021
0 0.867969 0.630729 0.884766 0.630729 0.884766 0.6625 0.867969 0.6625
0 0.919531 0.677083 0.942188 0.677083 0.942188 0.701042 0.919531 0.701042
0 0.942969 0.652604 0.958594 0.652604 0.958594 0.682812 0.942969 0.682812
0 0.9375 0.620833 0.960156 0.620833 0.960156 0.642708 0.9375 0.642708
0 0.979297 0.669271 0.998438 0.669271 0.998438 0.7 0.979297 0.7
0 0.857031 0.709375 0.88125 0.709375 0.88125 0.733333 0.857031 0.733333
0 0.900781 0.725 0.924219 0.725 0.924219 0.747396 0.900781 0.747396
0 0.896094 0.649479 0.910938 0.649479 0.910938 0.680208 0.896094 0.680208
0 0.791406 0.747396 0.808203 0.747396 0.808203 0.768229 0.791406 0.768229
0 0.816406 0.769271 0.841016 0.769271 0.841016 0.793229 0.816406 0.793229
0 0.843359 0.743229 0.859766 0.743229 0.859766 0.769271 0.843359 0.769271
0 0.873828 0.776562 0.896094 0.776562 0.896094 0.802083 0.873828 0.802083
0 0.784375 0.792708 0.805859 0.792708 0.805859 0.820833 0.784375 0.820833
0 0.815625 0.802083 0.835938 0.802083 0.835938 0.834896 0.815625 0.834896
0 0.860156 0.828125 0.879688 0.828125 0.879688 0.851042 0.860156 0.851042
0 0.901953 0.802083 0.921484 0.802083 0.921484 0.822917 0.901953 0.822917
0 0.992188 0.797396 0.999609 0.797396 0.999609 0.81875 0.992188 0.81875
0 0.959375 0.808854 0.977344 0.808854 0.977344 0.833333 0.959375 0.833333
0 0.741406 0.839583 0.765625 0.839583 0.765625 0.861458 0.741406 0.861458
0 0.787891 0.842188 0.816797 0.842188 0.816797 0.863021 0.787891 0.863021
0 0.837891 0.864062 0.864844 0.864062 0.864844 0.889583 0.837891 0.889583
0 0.886719 0.860938 0.914453 0.860938 0.914453 0.890625 0.886719 0.890625
0 0.921875 0.888021 0.949219 0.888021 0.949219 0.916146 0.921875 0.916146
0 0.954297 0.871875 0.973438 0.871875 0.973438 0.894271 0.954297 0.894271
0 0.689453 0.961979 0.707031 0.961979 0.707031 0.985938 0.689453 0.985938
0 0.717969 0.942708 0.744922 0.942708 0.744922 0.964062 0.717969 0.964062
0 0.752734 0.941146 0.769531 0.941146 0.769531 0.964062 0.752734 0.964062
0 0.764844 0.984896 0.785938 0.984896 0.785938 0.999479 0.764844 0.999479
0 0.711719 0.907812 0.732812 0.907812 0.732812 0.928125 0.711719 0.928125
0 0.735547 0.880729 0.757031 0.880729 0.757031 0.906771 0.735547 0.906771
0 0.780078 0.9 0.797656 0.9 0.797656 0.923958 0.780078 0.923958
0 0.793359 0.946354 0.816406 0.946354 0.816406 0.963542 0.793359 0.963542
0 0.828516 0.905729 0.842578 0.905729 0.842578 0.929688 0.828516 0.929688
0 0.860156 0.905729 0.883203 0.905729 0.883203 0.927604 0.860156 0.927604
0 0.847656 0.944271 0.874609 0.944271 0.874609 0.960938 0.847656 0.960938
0 0.902344 0.927083 0.930469 0.927083 0.930469 0.954167 0.902344 0.954167
0 0.896875 0.978646 0.919531 0.978646 0.919531 0.999479 0.896875 0.999479