0 0.102344 0.051042 0.125391 0.051042 0.125391 0.077604 0.102344 0.077604
0 0.121875 0.163021 0.139062 0.163021 0.139062 0.18125 0.121875 0.18125
0 0.097266 0.167188 0.110938 0.167188 0.110938 0.189583 0.097266 0.189583
0 0.1375 0.211979 0.1625 0.211979 0.1625 0.226562 0.1375 0.226562
0 0.132031 0.258333 0.159766 0.258333 0.159766 0.277604 0.132031 0.277604
0 0.184766 0.257812 0.206641 0.257812 0.206641 0.275521 0.184766 0.275521
0 0.189062 0.204688 0.213281 0.204688 0.213281 0.228646 0.189062 0.228646
0 0.171484 0.163542 0.195703 0.163542 0.195703 0.189062 0.171484 0.189062
0 0.214844 0.180729 0.236719 0.180729 0.236719 0.203646 0.214844 0.203646
0 0.230078 0.141146 0.255469 0.141146 0.255469 0.163542 0.230078 0.163542
0 0.218359 0.105208 0.244531 0.105208 0.244531 0.123958 0.218359 0.123958
0 0.188672 0.060417 0.207812 0.060417 0.207812 0.078125 0.188672 0.078125
0 0.213672 0.034375 0.234375 0.034375 0.234375 0.054688 0.213672 0.054688
0 0.220312 0.063021 0.242188 0.063021 0.242188 0.084896 0.220312 0.084896
0 0.25 0.042708 0.267188 0.042708 0.267188 0.06875 0.25 0.06875
0 0.2625 0.079688 0.279297 0.079688 0.279297 0.103646 0.2625 0.103646
0 0.286328 0.109375 0.307422 0.109375 0.307422 0.126042 0.286328 0.126042
0 0.281641 0.050521 0.302734 0.050521 0.302734 0.072917 0.281641 0.072917
0 0.305859 0.073958 0.322656 0.073958 0.322656 0.104167 0.305859 0.104167
0 0.329297 0.077604 0.348828 0.077604 0.348828 0.104688 0.329297 0.104688
0 0.309766 0.030208 0.33125 0.030208 0.33125 0.048958 0.309766 0.048958
0 0.431641 0.098958 0.448828 0.098958 0.448828 0.122917 0.431641 0.122917
0 0.380859 0.083854 0.399609 0.083854 0.399609 0.101562 0.380859 0.101562
0 0.357812 0.109375 0.374609 0.109375 0.374609 0.135938 0.357812 0.135938
0 0.400391 0.126562 0.417188 0.126562 0.417188 0.150521 0.400391 0.150521
0 0.447656 0.160938 0.464844 0.160938 0.464844 0.183854 0.447656 0.183854
0 0.428906 0.205208 0.452344 0.205208 0.452344 0.230729 0.428906 0.230729
0 0.399609 0.185417 0.421875 0.185417 0.421875 0.209896 0.399609 0.209896
0 0.375 0.150521 0.400781 0.150521 0.400781 0.171354 0.375 0.171354
0 0.289062 0.140625 0.313672 0.140625 0.313672 0.160938 0.289062 0.160938
0 0.345703 0.176042 0.36875 0.176042 0.36875 0.207292 0.345703 0.207292
0 0.387109 0.247917 0.407812 0.247917 0.407812 0.276562 0.387109 0.276562
0 0.350391 0.232292 0.366406 0.232292 0.366406 0.257292 0.350391 0.257292
0 0.316406 0.213542 0.336719 0.213542 0.336719 0.234375 0.316406 0.234375
0 0.267188 0.1875 0.291406 0.1875 0.291406 0.207812 0.267188 0.207812
0 0.272656 0.232292 0.298438 0.232292 0.298438 0.254167 0.272656 0.254167
0 0.323047 0.252604 0.347656 0.252604 0.347656 0.278125 0.323047 0.278125
0 0.225781 0.233333 0.250391 0.233333 0.250391 0.25625 0.225781 0.25625
0 0.230078 0.279688 0.252344 0.279688 0.252344 0.306771 0.230078 0.306771
0 0.348438 0.296875 0.371094 0.296875 0.371094 0.323438 0.348438 0.323438
0 0.316797 0.292188 0.333594 0.292188 0.333594 0.314583 0.316797 0.314583
0 0.291016 0.304167 0.312109 0.304167 0.312109 0.323438 0.291016 0.323438
0 0.382422 0.344792 0.400781 0.344792 0.400781 0.369792 0.382422 0.369792
0 0.352344 0.352604 0.369141 0.352604 0.369141 0.373958 0.352344 0.373958
0 0.312109 0.336979 0.335938 0.336979 0.335938 0.357292 0.312109 0.357292
0 0.260938 0.322917 0.283594 0.322917 0.283594 0.345833 0.260938 0.345833
0 0.226562 0.355729 0.251563 0.355729 0.251563 0.378125 0.226562 0.378125
0 0.198828 0.310938 0.221875 0.310938 0.221875 0.339583 0.198828 0.339583
0 0.146094 0.331771 0.170703 0.331771 0.170703 0.351562 0.146094 0.351562
0 0.141406 0.403125 0.160547 0.403125 0.160547 0.420833 0.141406 0.420833
0 0.288281 0.368229 0.311719 0.368229 0.311719 0.389062 0.288281 0.389062
0 0.316406 0.389583 0.337891 0.389583 0.337891 0.4125 0.316406 0.4125
0 0.282422 0.407292 0.303125 0.407292 0.303125 0.428125 0.282422 0.428125
0 0.279297 0.419792 0.292188 0.419792 0.292188 0.440625 0.279297 0.440625
0 0.301562 0.454688 0.324219 0.454688 0.324219 0.478125 0.301562 0.478125
0 0.248047 0.382812 0.264844 0.382812 0.264844 0.399479 0.248047 0.399479
0 0.236328 0.411979 0.265625 0.411979 0.265625 0.440625 0.236328 0.440625
0 0.1875 0.393229 0.222266 0.393229 0.222266 0.411979 0.1875 0.411979
0 0.192969 0.420833 0.219922 0.420833 0.219922 0.445833 0.192969 0.445833
0 0.330078 0.525521 0.35625 0.525521 0.35625 0.558854 0.330078 0.558854
0 0.377344 0.506771 0.407031 0.506771 0.407031 0.530208 0.377344 0.530208
0 0.408203 0.478125 0.431641 0.478125 0.431641 0.504167 0.408203 0.504167
0 0.391797 0.539583 0.418359 0.539583 0.418359 0.572917 0.391797 0.572917
0 0.173438 0.482812 0.203125 0.482812 0.203125 0.511979 0.173438 0.511979
0 0.216016 0.505729 0.234766 0.505729 0.234766 0.525521 0.216016 0.525521
0 0.237891 0.519271 0.257031 0.519271 0.257031 0.532292 0.237891 0.532292
0 0.266016 0.517708 0.284375 0.517708 0.284375 0.541667 0.266016 0.541667
0 0.205078 0.543229 0.220312 0.543229 0.220312 0.569271 0.205078 0.569271
0 0.2375 0.55 0.25625 0.55 0.25625 0.567188 0.2375 0.567188
0 0.267188 0.569271 0.283984 0.569271 0.283984 0.586979 0.267188 0.586979
0 0.178516 0.568229 0.199609 0.568229 0.199609 0.598958 0.178516 0.598958
0 0.220703 0.584375 0.247266 0.584375 0.247266 0.60625 0.220703 0.60625
0 0.185938 0.614062 0.205078 0.614062 0.205078 0.641667 0.185938 0.641667
0 0.218359 0.641667 0.239844 0.641667 0.239844 0.665104 0.218359 0.665104
0 0.254688 0.639062 0.279688 0.639062 0.279688 0.658854 0.254688 0.658854
0 0.289062 0.617188 0.307422 0.617188 0.307422 0.639583 0.289062 0.639583
0 0.327734 0.614062 0.347266 0.614062 0.347266 0.641667 0.327734 0.641667
0 0.357031 0.614062 0.374219 0.614062 0.374219 0.643229 0.357031 0.643229
0 0.391406 0.585417 0.414062 0.585417 0.414062 0.607812 0.391406 0.607812
0 0.394141 0.632812 0.408984 0.632812 0.408984 0.65625 0.394141 0.65625
0 0.095703 0.938021 0.114453 0.938021 0.114453 0.960938 0.095703 0.960938
0 0.070312 0.922396 0.085938 0.922396 0.085938 0.94375 0.070312 0.94375
0 0.032422 0.949479 0.053906 0.949479 0.053906 0.971354 0.032422 0.971354
0 0.094531 0.895833 0.110938 0.895833 0.110938 0.914583 0.094531 0.914583
0 0.042969 0.891667 0.057812 0.891667 0.057812 0.916667 0.042969 0.916667
0 0.012109 0.890104 0.033594 0.890104 0.033594 0.914062 0.012109 0.914062
0 0.0 0.854167 0.008594 0.854167 0.008594 0.877604 0.0 0.877604
0 0.012109 0.766667 0.030469 0.766667 0.030469 0.783854 0.012109 0.783854
0 0.098047 0.761458 0.119141 0.761458 0.119141 0.782812 0.098047 0.782812
0 0.068359 0.55 0.084766 0.55 0.084766 0.574479 0.068359 0.574479
0 0.034375 0.505208 0.053906 0.505208 0.053906 0.535417 0.034375 0.535417
0 0.011328 0.561979 0.027734 0.561979 0.027734 0.585938 0.011328 0.585938
0 0.003906 0.608854 0.026953 0.608854 0.026953 0.640104 0.003906 0.640104
0 0.050391 0.613542 0.069922 0.613542 0.069922 0.641146 0.050391 0.641146
0 0.078516 0.593229 0.096484 0.593229 0.096484 0.618229 0.078516 0.618229
0 0.074219 0.665625 0.089844 0.665625 0.089844 0.694792 0.074219 0.694792
0 0.041406 0.655729 0.059375 0.655729 0.059375 0.683854 0.041406 0.683854
0 0.032031 0.700521 0.051562 0.700521 0.051562 0.724479 0.032031 0.724479
0 0.016406 0.398958 0.037891 0.398958 0.037891 0.426562 0.016406 0.426562
0 0.0 0.302083 0.012109 0.302083 0.012109 0.340104 0.0 0.340104
0 0.324609 0.964062 0.345312 0.964062 0.345312 0.984896 0.324609 0.984896
0 0.300391 0.911979 0.317578 0.911979 0.317578 0.933854 0.300391 0.933854
0 0.269922 0.884375 0.298438 0.884375 0.298438 0.910938 0.269922 0.910938
0 0.289062 0.832812 0.308594 0.832812 0.308594 0.859896 0.289062 0.859896
0 0.319922 0.846354 0.339453 0.846354 0.339453 0.873958 0.319922 0.873958
0 0.364453 0.830729 0.386328 0.830729 0.386328 0.857292 0.364453 0.857292
0 0.230469 0.807292 0.247656 0.807292 0.247656 0.834375 0.230469 0.834375
0 0.208594 0.794271 0.222656 0.794271 0.222656 0.815104 0.208594 0.815104
0 0.221484 0.761458 0.244922 0.761458 0.244922 0.780208 0.221484 0.780208
0 0.252344 0.735417 0.275 0.735417 0.275 0.772917 0.252344 0.772917
0 0.228906 0.691667 0.249609 0.691667 0.249609 0.71875 0.228906 0.71875
0 0.269531 0.678125 0.289844 0.678125 0.289844 0.711458 0.269531 0.711458
0 0.312109 0.690104 0.338672 0.690104 0.338672 0.715104 0.312109 0.715104
0 0.278906 0.722396 0.310938 0.722396 0.310938 0.748958 0.278906 0.748958
0 0.314844 0.755729 0.332422 0.755729 0.332422 0.790625 0.314844 0.790625
0 0.280859 0.784375 0.302344 0.784375 0.302344 0.806771 0.280859 0.806771
0 0.342969 0.736458 0.362891 0.736458 0.362891 0.757292 0.342969 0.757292
0 0.371094 0.751562 0.389844 0.751562 0.389844 0.780208 0.371094 0.780208
0 0.346875 0.784375 0.372656 0.784375 0.372656 0.805729 0.346875 0.805729
0 0.391406 0.796875 0.412891 0.796875 0.412891 0.825 0.391406 0.825
0 0.345312 0.876562 0.371094 0.876562 0.371094 0.897917 0.345312 0.897917
0 0.384375 0.920833 0.403906 0.920833 0.403906 0.950521 0.384375 0.950521
0 0.341406 0.927604 0.369141 0.927604 0.369141 0.946875 0.341406 0.946875
0 0.427344 0.922917 0.442578 0.922917 0.442578 0.951562 0.427344 0.951562
0 0.450391 0.923438 0.464453 0.923438 0.464453 0.946875 0.450391 0.946875
0 0.475391 0.930729 0.491016 0.930729 0.491016 0.952083 0.475391 0.952083
0 0.421484 0.884375 0.441406 0.884375 0.441406 0.908854 0.421484 0.908854
0 0.461328 0.876042 0.480859 0.876042 0.480859 0.90625 0.461328 0.90625
0 0.407812 0.836979 0.429297 0.836979 0.429297 0.868229 0.407812 0.868229
0 0.433594 0.826042 0.458594 0.826042 0.458594 0.857292 0.433594 0.857292
0 0.416797 0.725 0.433984 0.725 0.433984 0.75 0.416797 0.75
0 0.464844 0.760938 0.482812 0.760938 0.482812 0.785938 0.464844 0.785938
0 0.519922 0.801042 0.541797 0.801042 0.541797 0.830208 0.519922 0.830208
0 0.526562 0.858854 0.552344 0.858854 0.552344 0.886979 0.526562 0.886979
0 0.55 0.898958 0.570312 0.898958 0.570312 0.920312 0.55 0.920312
0 0.566797 0.823438 0.591797 0.823438 0.591797 0.851042 0.566797 0.851042
0 0.664062 0.721875 0.689453 0.721875 0.689453 0.748438 0.664062 0.748438
0 0.649609 0.751562 0.678516 0.751562 0.678516 0.781771 0.649609 0.781771
0 0.614062 0.743229 0.630078 0.743229 0.630078 0.764062 0.614062 0.764062
0 0.591016 0.739062 0.607031 0.739062 0.607031 0.760417 0.591016 0.760417
0 0.553906 0.759375 0.578906 0.759375 0.578906 0.792708 0.553906 0.792708
0 0.523828 0.757292 0.544922 0.757292 0.544922 0.781771 0.523828 0.781771
0 0.470312 0.698438 0.487891 0.698438 0.487891 0.728646 0.470312 0.728646
0 0.502734 0.696875 0.53125 0.696875 0.53125 0.726562 0.502734 0.726562
0 0.533984 0.677604 0.555469 0.677604 0.555469 0.709375 0.533984 0.709375
0 0.560938 0.7 0.582031 0.7 0.582031 0.726562 0.560938 0.726562
0 0.603516 0.703646 0.635938 0.703646 0.635938 0.732292 0.603516 0.732292
0 0.632812 0.677604 0.658594 0.677604 0.658594 0.715104 0.632812 0.715104
0 0.646094 0.64375 0.668359 0.64375 0.668359 0.676042 0.646094 0.676042
0 0.675 0.636979 0.701562 0.636979 0.701562 0.66875 0.675 0.66875
0 0.712891 0.640104 0.741016 0.640104 0.741016 0.668229 0.712891 0.668229
0 0.703906 0.607292 0.724219 0.607292 0.724219 0.636979 0.703906 0.636979
0 0.730469 0.601042 0.751562 0.601042 0.751562 0.633854 0.730469 0.633854
0 0.687891 0.559375 0.708203 0.559375 0.708203 0.589583 0.687891 0.589583
0 0.722266 0.546354 0.742578 0.546354 0.742578 0.576042 0.722266 0.576042
0 0.645312 0.606771 0.663281 0.606771 0.663281 0.627604 0.645312 0.627604
0 0.610156 0.591146 0.638672 0.591146 0.638672 0.615104 0.610156 0.615104
0 0.594922 0.650521 0.614844 0.650521 0.614844 0.680729 0.594922 0.680729
0 0.5625 0.65625 0.585938 0.65625 0.585938 0.68125 0.5625 0.68125
0 0.543359 0.620833 0.569141 0.620833 0.569141 0.640625 0.543359 0.640625
0 0.491797 0.602604 0.515625 0.602604 0.515625 0.627604 0.491797 0.627604
0 0.470312 0.645312 0.494141 0.645312 0.494141 0.676042 0.470312 0.676042
0 0.472266 0.429167 0.494922 0.429167 0.494922 0.456771 0.472266 0.456771
0 0.529688 0.442188 0.548828 0.442188 0.548828 0.469792 0.529688 0.469792
0 0.557031 0.41875 0.579297 0.41875 0.579297 0.448958 0.557031 0.448958
0 0.550781 0.465104 0.574219 0.465104 0.574219 0.490625 0.550781 0.490625
0 0.528125 0.483854 0.547656 0.483854 0.547656 0.513021 0.528125 0.513021
0 0.496484 0.472917 0.516797 0.472917 0.516797 0.502083 0.496484 0.502083
0 0.46875 0.499479 0.490234 0.499479 0.490234 0.528646 0.46875 0.528646
0 0.503516 0.515625 0.51875 0.515625 0.51875 0.548958 0.503516 0.548958
0 0.466797 0.545833 0.489062 0.545833 0.489062 0.571354 0.466797 0.571354
0 0.505469 0.574479 0.526562 0.574479 0.526562 0.595312 0.505469 0.595312
0 0.564062 0.544792 0.589453 0.544792 0.589453 0.575521 0.564062 0.575521
0 0.597266 0.539062 0.614062 0.539062 0.614062 0.568229 0.597266 0.568229
0 0.591406 0.490104 0.617188 0.490104 0.617188 0.51875 0.591406 0.51875
0 0.625781 0.513021 0.648828 0.513021 0.648828 0.54375 0.625781 0.54375
0 0.650391 0.533854 0.673828 0.533854 0.673828 0.565104 0.650391 0.565104
0 0.603516 0.440625 0.630469 0.440625 0.630469 0.474479 0.603516 0.474479
0 0.641406 0.418229 0.666797 0.418229 0.666797 0.445833 0.641406 0.445833
0 0.65 0.452604 0.677344 0.452604 0.677344 0.480208 0.65 0.480208
0 0.708594 0.465625 0.733594 0.465625 0.733594 0.497396 0.708594 0.497396
0 0.748828 0.479167 0.769922 0.479167 0.769922 0.508333 0.748828 0.508333
0 0.779297 0.486979 0.796875 0.486979 0.796875 0.516667 0.779297 0.516667
0 0.815234 0.490625 0.832812 0.490625 0.832812 0.510938 0.815234 0.510938
0 0.796875 0.527083 0.81875 0.527083 0.81875 0.551042 0.796875 0.551042
0 0.786328 0.568229 0.814062 0.568229 0.814062 0.591667 0.786328 0.591667
0 0.750391 0.54375 0.782422 0.54375 0.782422 0.568229 0.750391 0.568229
0 0.741797 0.507812 0.765625 0.507812 0.765625 0.530729 0.741797 0.530729
0 0.771484 0.610417 0.795312 0.610417 0.795312 0.636458 0.771484 0.636458
0 0.93125 0.940625 0.957031 0.940625 0.957031 0.970833 0.93125 0.970833
0 0.966406 0.919792 0.986719 0.919792 0.986719 0.949479 0.966406 0.949479
0 0.955859 0.894792 0.972266 0.894792 0.972266 0.916146 0.955859 0.916146
0 0.933984 0.878125 0.955469 0.878125 0.955469 0.902604 0.933984 0.902604
0 0.898828 0.902604 0.923828 0.902604 0.923828 0.932812 0.898828 0.932812
0 0.896484 0.973438 0.926953 0.973438 0.926953 0.999479 0.896484 0.999479
0 0.844922 0.942708 0.8625 0.942708 0.8625 0.977083 0.844922 0.977083
0 0.819141 0.958854 0.841406 0.958854 0.841406 0.985938 0.819141 0.985938
0 0.769531 0.953125 0.808594 0.953125 0.808594 0.977083 0.769531 0.977083
0 0.728906 0.971354 0.758203 0.971354 0.758203 0.999479 0.728906 0.999479
0 0.7625 0.985417 0.787109 0.985417 0.787109 0.999479 0.7625 0.999479
0 0.666406 0.956771 0.700391 0.956771 0.700391 0.982812 0.666406 0.982812
0 0.694141 0.8875 0.716016 0.8875 0.716016 0.910417 0.694141 0.910417
0 0.722656 0.847396 0.754688 0.847396 0.754688 0.875521 0.722656 0.875521
0 0.733594 0.808854 0.759375 0.808854 0.759375 0.832292 0.733594 0.832292
0 0.769922 0.792708 0.792188 0.792708 0.792188 0.819271 0.769922 0.819271
0 0.759375 0.742188 0.778125 0.742188 0.778125 0.766667 0.759375 0.766667
0 0.776562 0.709375 0.805078 0.709375 0.805078 0.73125 0.776562 0.73125
0 0.777344 0.758854 0.798047 0.758854 0.798047 0.780208 0.777344 0.780208
0 0.802344 0.778125 0.819922 0.778125 0.819922 0.815625 0.802344 0.815625
0 0.842188 0.8 0.864062 0.8 0.864062 0.830208 0.842188 0.830208
0 0.782031 0.834896 0.809375 0.834896 0.809375 0.861979 0.782031 0.861979
0 0.749609 0.88125 0.779688 0.88125 0.779688 0.907292 0.749609 0.907292
0 0.787109 0.876042 0.808984 0.876042 0.808984 0.902083 0.787109 0.902083
0 0.817578 0.858854 0.844141 0.858854 0.844141 0.878646 0.817578 0.878646
0 0.814062 0.896875 0.839844 0.896875 0.839844 0.923958 0.814062 0.923958
0 0.803516 0.930208 0.833984 0.930208 0.833984 0.957292 0.803516 0.957292
0 0.866406 0.834896 0.891797 0.834896 0.891797 0.866146 0.866406 0.866146
0 0.907031 0.852083 0.929297 0.852083 0.929297 0.883854 0.907031 0.883854
0 0.962891 0.817188 0.989062 0.817188 0.989062 0.843229 0.962891 0.843229
0 0.937891 0.795312 0.964062 0.795312 0.964062 0.821354 0.937891 0.821354
0 0.908984 0.814062 0.928125 0.814062 0.928125 0.833333 0.908984 0.833333
0 0.885547 0.789583 0.908984 0.789583 0.908984 0.813542 0.885547 0.813542
0 0.864453 0.734896 0.885938 0.734896 0.885938 0.7625 0.864453 0.7625
0 0.903906 0.740104 0.925391 0.740104 0.925391 0.764062 0.903906 0.764062
0 0.941797 0.742708 0.970312 0.742708 0.970312 0.764062 0.941797 0.764062
0 0.982422 0.78125 0.999609 0.78125 0.999609 0.802083 0.982422 0.802083
0 0.959766 0.707292 0.983594 0.707292 0.983594 0.735938 0.959766 0.735938
0 0.829688 0.704688 0.857031 0.704688 0.857031 0.742708 0.829688 0.742708
0 0.864062 0.691667 0.887109 0.691667 0.887109 0.721875 0.864062 0.721875
0 0.894922 0.671354 0.915625 0.671354 0.915625 0.711458 0.894922 0.711458
0 0.928125 0.694271 0.947656 0.694271 0.947656 0.720312 0.928125 0.720312
0 0.969141 0.663542 0.994531 0.663542 0.994531 0.693229 0.969141 0.693229
0 0.912891 0.617188 0.938672 0.617188 0.938672 0.647917 0.912891 0.647917
0 0.888281 0.577604 0.905078 0.577604 0.905078 0.607292 0.888281 0.607292
0 0.952734 0.59375 0.976562 0.59375 0.976562 0.617708 0.952734 0.617708
0 0.923438 0.372396 0.949609 0.372396 0.949609 0.404167 0.923438 0.404167
0 0.965234 0.545833 0.988281 0.545833 0.988281 0.582812 0.965234 0.582812
0 0.932031 0.520312 0.962109 0.520312 0.962109 0.544792 0.932031 0.544792
0 0.93125 0.5625 0.953516 0.5625 0.953516 0.589062 0.93125 0.589062
0 0.846484 0.352083 0.872656 0.352083 0.872656 0.377604 0.846484 0.377604
0 0.905859 0.265625 0.938281 0.265625 0.938281 0.308854 0.905859 0.308854
0 0.983594 0.298438 0.998828 0.298438 0.998828 0.334375 0.983594 0.334375
0 0.947266 0.240104 0.966797 0.240104 0.966797 0.26875 0.947266 0.26875
0 0.948438 0.000521 0.969531 0.000521 0.969531 0.027083 0.948438 0.027083
0 0.940234 0.040104 0.966797 0.040104 0.966797 0.063542 0.940234 0.063542
0 0.950781 0.094792 0.975781 0.094792 0.975781 0.118229 0.950781 0.118229
0 0.984766 0.110938 0.999609 0.110938 0.999609 0.134375 0.984766 0.134375
0 0.939453 0.121875 0.969141 0.121875 0.969141 0.149479 0.939453 0.149479
0 0.956641 0.167708 0.977734 0.167708 0.977734 0.201562 0.956641 0.201562
0 0.965234 0.208333 0.98125 0.208333 0.98125 0.235938 0.965234 0.235938
0 0.930078 0.186458 0.948438 0.186458 0.948438 0.213021 0.930078 0.213021
0 0.76875 0.373438 0.790625 0.373438 0.790625 0.394792 0.76875 0.394792
0 0.781641 0.333333 0.8 0.333333 0.8 0.356771 0.781641 0.356771
0 0.796094 0.303125 0.818359 0.303125 0.818359 0.335938 0.796094 0.335938
0 0.749609 0.319792 0.776172 0.319792 0.776172 0.342708 0.749609 0.342708
0 0.708984 0.354167 0.730859 0.354167 0.730859 0.377604 0.708984 0.377604
0 0.658594 0.349479 0.685156 0.349479 0.685156 0.373958 0.658594 0.373958
0 0.639844 0.310417 0.661719 0.310417 0.661719 0.333333 0.639844 0.333333
0 0.689062 0.31875 0.711719 0.31875 0.711719 0.342188 0.689062 0.342188
0 0.700391 0.278646 0.724219 0.278646 0.724219 0.298438 0.700391 0.298438
0 0.728516 0.284896 0.751562 0.284896 0.751562 0.3125 0.728516 0.3125
0 0.740234 0.222396 0.759766 0.222396 0.759766 0.245312 0.740234 0.245312
0 0.798438 0.229688 0.820703 0.229688 0.820703 0.256771 0.798438 0.256771
0 0.844922 0.205208 0.869922 0.205208 0.869922 0.241146 0.844922 0.241146
0 0.853516 0.166146 0.875 0.166146 0.875 0.196354 0.853516 0.196354
0 0.819141 0.161979 0.839844 0.161979 0.839844 0.19375 0.819141 0.19375
0 0.559375 0.175521 0.583984 0.175521 0.583984 0.199479 0.559375 0.199479
0 0.532422 0.2 0.554297 0.2 0.554297 0.222917 0.532422 0.222917
0 0.573047 0.239583 0.598828 0.239583 0.598828 0.260417 0.573047 0.260417
0 0.534375 0.261979 0.555469 0.261979 0.555469 0.285417 0.534375 0.285417
0 0.567969 0.283854 0.588281 0.283854 0.588281 0.307292 0.567969 0.307292
0 0.6125 0.275521 0.630469 0.275521 0.630469 0.302604 0.6125 0.302604
0 0.642969 0.236979 0.662891 0.236979 0.662891 0.259375 0.642969 0.259375
0 0.686328 0.231771 0.707812 0.231771 0.707812 0.250521 0.686328 0.250521
0 0.704297 0.200521 0.722266 0.200521 0.722266 0.224479 0.704297 0.224479
0 0.735547 0.185417 0.756641 0.185417 0.756641 0.202604 0.735547 0.202604
0 0.666016 0.166667 0.690625 0.166667 0.690625 0.189583 0.666016 0.189583
0 0.627734 0.158854 0.646094 0.158854 0.646094 0.1875 0.627734 0.1875
0 0.611328 0.191667 0.639062 0.191667 0.639062 0.217708 0.611328 0.217708
0 0.590625 0.127083 0.617578 0.127083 0.617578 0.151562 0.590625 0.151562
0 0.523047 0.135417 0.540625 0.135417 0.540625 0.157812 0.523047 0.157812
0 0.492578 0.125 0.513281 0.125 0.513281 0.146354 0.492578 0.146354
0 0.617578 0.080729 0.642578 0.080729 0.642578 0.104167 0.617578 0.104167
0 0.586328 0.080208 0.602344 0.080208 0.602344 0.097917 0.586328 0.097917
0 0.601953 0.054167 0.620703 0.054167 0.620703 0.074479 0.601953 0.074479
0 0.667188 0.023958 0.694531 0.023958 0.694531 0.050521 0.667188 0.050521
0 0.557031 0.041667 0.582031 0.041667 0.582031 0.069792 0.557031 0.069792
0 0.555469 0.092708 0.575781 0.092708 0.575781 0.115625 0.555469 0.115625
0 0.511719 0.072396 0.532422 0.072396 0.532422 0.096875 0.511719 0.096875
0 0.517578 0.016667 0.538281 0.016667 0.538281 0.041667 0.517578 0.041667
0 0.486328 0.018229 0.507812 0.018229 0.507812 0.044792 0.486328 0.044792
0 0.45625 0.017708 0.472266 0.017708 0.472266 0.047396 0.45625 0.047396
0 0.467578 0.082812 0.494531 0.082812 0.494531 0.116667 0.467578 0.116667
0 0.616016 0.0 0.644531 0.0 0.644531 0.026562 0.616016 0.026562
0 0.658203 0.099479 0.680469 0.099479 0.680469 0.128125 0.658203 0.128125
0 0.685156 0.080729 0.706641 0.080729 0.706641 0.107292 0.685156 0.107292
0 0.694141 0.058854 0.7125 0.058854 0.7125 0.075521 0.694141 0.075521
0 0.730469 0.014062 0.757812 0.014062 0.757812 0.034896 0.730469 0.034896
0 0.745703 0.059375 0.773047 0.059375 0.773047 0.08125 0.745703 0.08125
0 0.791797 0.070833 0.814844 0.070833 0.814844 0.093229 0.791797 0.093229
0 0.807422 0.114062 0.830859 0.114062 0.830859 0.142708 0.807422 0.142708
0 0.782812 0.166667 0.798047 0.166667 0.798047 0.194792 0.782812 0.194792
0 0.755469 0.144271 0.773828 0.144271 0.773828 0.172917 0.755469 0.172917
0 0.727344 0.138021 0.743359 0.138021 0.743359 0.164583 0.727344 0.164583
0 0.701953 0.138542 0.717578 0.138542 0.717578 0.164583 0.701953 0.164583
0 0.714844 0.102604 0.736328 0.102604 0.736328 0.123438 0.714844 0.123438
0 0.744922 0.115625 0.774609 0.115625 0.774609 0.1375 0.744922 0.1375