0 0.001953 0.0 0.023047 0.0 0.023047 0.020312 0.001953 0.020312
0 0.008203 0.029688 0.034375 0.029688 0.034375 0.066667 0.008203 0.066667
0 0.039062 0.046875 0.059766 0.046875 0.059766 0.080729 0.039062 0.080729
0 0.076953 0.006771 0.099609 0.006771 0.099609 0.031771 0.076953 0.031771
0 0.108594 0.051562 0.127734 0.051562 0.127734 0.089062 0.108594 0.089062
0 0.157812 0.025521 0.178125 0.025521 0.178125 0.054688 0.157812 0.054688
0 0.191406 0.033854 0.214062 0.033854 0.214062 0.058333 0.191406 0.058333
0 0.190234 0.004688 0.211719 0.004688 0.211719 0.027604 0.190234 0.027604
0 0.064062 0.079688 0.083594 0.079688 0.083594 0.113021 0.064062 0.113021
0 0.007031 0.09375 0.026953 0.09375 0.026953 0.121354 0.007031 0.121354
0 0.275781 0.004688 0.301562 0.004688 0.301562 0.033854 0.275781 0.033854
0 0.145703 0.1375 0.165234 0.1375 0.165234 0.157812 0.145703 0.157812
0 0.190625 0.138542 0.210547 0.138542 0.210547 0.164583 0.190625 0.164583
0 0.142188 0.167188 0.160156 0.167188 0.160156 0.191667 0.142188 0.191667
0 0.104688 0.16875 0.122266 0.16875 0.122266 0.190104 0.104688 0.190104
0 0.070312 0.220833 0.09375 0.220833 0.09375 0.246354 0.070312 0.246354
0 0.118359 0.234896 0.142969 0.234896 0.142969 0.260417 0.118359 0.260417
0 0.149219 0.25 0.167188 0.25 0.167188 0.275521 0.149219 0.275521
0 0.166016 0.2125 0.189062 0.2125 0.189062 0.2375 0.166016 0.2375
0 0.282812 0.070833 0.300781 0.070833 0.300781 0.09375 0.282812 0.09375
0 0.295703 0.1 0.313281 0.1 0.313281 0.127604 0.295703 0.127604
0 0.202734 0.178646 0.219922 0.178646 0.219922 0.202083 0.202734 0.202083
0 0.263672 0.176562 0.292969 0.176562 0.292969 0.203646 0.263672 0.203646
0 0.217188 0.199479 0.237109 0.199479 0.237109 0.225521 0.217188 0.225521
0 0.243359 0.2375 0.260547 0.2375 0.260547 0.268229 0.243359 0.268229
0 0.304688 0.195312 0.322266 0.195312 0.322266 0.217708 0.304688 0.217708
0 0.199219 0.239583 0.220312 0.239583 0.220312 0.264062 0.199219 0.264062
0 0.157812 0.2875 0.179688 0.2875 0.179688 0.311458 0.157812 0.311458
0 0.133984 0.325 0.151562 0.325 0.151562 0.344792 0.133984 0.344792
0 0.204297 0.284896 0.226562 0.284896 0.226562 0.310938 0.204297 0.310938
0 0.212891 0.322917 0.234375 0.322917 0.234375 0.347396 0.212891 0.347396
0 0.0 0.424479 0.021875 0.424479 0.021875 0.454688 0.0 0.454688
0 0.0375 0.433854 0.055078 0.433854 0.055078 0.459896 0.0375 0.459896
0 0.064844 0.403646 0.083984 0.403646 0.083984 0.432292 0.064844 0.432292
0 0.029688 0.370312 0.051562 0.370312 0.051562 0.393229 0.029688 0.393229
0 0.061719 0.353646 0.079297 0.353646 0.079297 0.380208 0.061719 0.380208
0 0.060938 0.465625 0.079297 0.465625 0.079297 0.5 0.060938 0.5
0 0.085938 0.45625 0.101562 0.45625 0.101562 0.491146 0.085938 0.491146
0 0.119531 0.464062 0.133984 0.464062 0.133984 0.496875 0.119531 0.496875
0 0.144922 0.485938 0.157031 0.485938 0.157031 0.515104 0.144922 0.515104
0 0.185156 0.4875 0.199219 0.4875 0.199219 0.509375 0.185156 0.509375
0 0.204688 0.457292 0.219922 0.457292 0.219922 0.483333 0.204688 0.483333
0 0.220312 0.496875 0.241797 0.496875 0.241797 0.519271 0.220312 0.519271
0 0.182812 0.51875 0.203906 0.51875 0.203906 0.548958 0.182812 0.548958
0 0.221875 0.536458 0.245312 0.536458 0.245312 0.559375 0.221875 0.559375
0 0.199219 0.557292 0.228125 0.557292 0.228125 0.580208 0.199219 0.580208
0 0.142188 0.560417 0.167188 0.560417 0.167188 0.586979 0.142188 0.586979
0 0.118359 0.523438 0.134766 0.523438 0.134766 0.55625 0.118359 0.55625
0 0.088281 0.527604 0.107812 0.527604 0.107812 0.552083 0.088281 0.552083
0 0.024219 0.514583 0.042969 0.514583 0.042969 0.545833 0.024219 0.545833
0 0.023047 0.579688 0.042578 0.579688 0.042578 0.604167 0.023047 0.604167
0 0.051953 0.6 0.071484 0.6 0.071484 0.625 0.051953 0.625
0 0.086328 0.615625 0.107422 0.615625 0.107422 0.634896 0.086328 0.634896
0 0.096875 0.575 0.110938 0.575 0.110938 0.598438 0.096875 0.598438
0 0.010156 0.670833 0.035938 0.670833 0.035938 0.696875 0.010156 0.696875
0 0.0 0.635417 0.009766 0.635417 0.009766 0.660417 0.0 0.660417
0 0.109375 0.673958 0.136719 0.673958 0.136719 0.705208 0.109375 0.705208
0 0.154688 0.592188 0.174219 0.592188 0.174219 0.617708 0.154688 0.617708
0 0.164844 0.627604 0.185156 0.627604 0.185156 0.652083 0.164844 0.652083
0 0.203125 0.652604 0.223047 0.652604 0.223047 0.673958 0.203125 0.673958
0 0.210938 0.597396 0.235156 0.597396 0.235156 0.618229 0.210938 0.618229
0 0.033984 0.7375 0.055859 0.7375 0.055859 0.760417 0.033984 0.760417
0 0.052344 0.781771 0.071875 0.781771 0.071875 0.807812 0.052344 0.807812
0 0.0875 0.740104 0.107031 0.740104 0.107031 0.772917 0.0875 0.772917
0 0.003906 0.781771 0.027344 0.781771 0.027344 0.804167 0.003906 0.804167
0 0.10625 0.781771 0.119531 0.781771 0.119531 0.803125 0.10625 0.803125
0 0.001172 0.821354 0.020312 0.821354 0.020312 0.835938 0.001172 0.835938
0 0.008594 0.839062 0.030469 0.839062 0.030469 0.865104 0.008594 0.865104
0 0.050391 0.832292 0.072266 0.832292 0.072266 0.853646 0.050391 0.853646
0 0.0375 0.866667 0.057031 0.866667 0.057031 0.896354 0.0375 0.896354
0 0.019141 0.891667 0.033594 0.891667 0.033594 0.914062 0.019141 0.914062
0 0.040234 0.917708 0.053516 0.917708 0.053516 0.941146 0.040234 0.941146
0 0.055859 0.947917 0.071094 0.947917 0.071094 0.972396 0.055859 0.972396
0 0.088281 0.949479 0.104688 0.949479 0.104688 0.982292 0.088281 0.982292
0 0.065625 0.905208 0.084375 0.905208 0.084375 0.927083 0.065625 0.927083
0 0.115625 0.877604 0.134766 0.877604 0.134766 0.915104 0.115625 0.915104
0 0.152344 0.891146 0.169922 0.891146 0.169922 0.923958 0.152344 0.923958
0 0.128125 0.959896 0.14375 0.959896 0.14375 0.990104 0.128125 0.990104
0 0.137109 0.818229 0.161328 0.818229 0.161328 0.844271 0.137109 0.844271
0 0.184766 0.827083 0.202734 0.827083 0.202734 0.865625 0.184766 0.865625
0 0.181641 0.791146 0.205078 0.791146 0.205078 0.811458 0.181641 0.811458
0 0.210156 0.807812 0.230078 0.807812 0.230078 0.830729 0.210156 0.830729
0 0.230078 0.844792 0.248828 0.844792 0.248828 0.877083 0.230078 0.877083
0 0.178125 0.714583 0.196094 0.714583 0.196094 0.739583 0.178125 0.739583
0 0.158984 0.744271 0.176953 0.744271 0.176953 0.773958 0.158984 0.773958
0 0.204688 0.753125 0.221875 0.753125 0.221875 0.779167 0.204688 0.779167
0 0.233203 0.742708 0.246484 0.742708 0.246484 0.765104 0.233203 0.765104
0 0.261719 0.708333 0.280859 0.708333 0.280859 0.742188 0.261719 0.742188
0 0.384766 0.0 0.40625 0.0 0.40625 0.021875 0.384766 0.021875
0 0.437109 0.021354 0.458594 0.021354 0.458594 0.045833 0.437109 0.045833
0 0.421875 0.054167 0.437109 0.054167 0.437109 0.077604 0.421875 0.077604
0 0.384375 0.052604 0.408594 0.052604 0.408594 0.073438 0.384375 0.073438
0 0.360547 0.098438 0.378125 0.098438 0.378125 0.119792 0.360547 0.119792
0 0.392969 0.091146 0.415234 0.091146 0.415234 0.113021 0.392969 0.113021
0 0.394922 0.141146 0.414062 0.141146 0.414062 0.172396 0.394922 0.172396
0 0.425391 0.129688 0.44375 0.129688 0.44375 0.160417 0.425391 0.160417
0 0.448438 0.115104 0.464453 0.115104 0.464453 0.138021 0.448438 0.138021
0 0.252734 0.353125 0.26875 0.353125 0.26875 0.378646 0.252734 0.378646
0 0.284375 0.365625 0.301172 0.365625 0.301172 0.390625 0.284375 0.390625
0 0.298828 0.397917 0.321875 0.397917 0.321875 0.421354 0.298828 0.421354
0 0.312891 0.324479 0.334766 0.324479 0.334766 0.353646 0.312891 0.353646
0 0.312109 0.288542 0.328516 0.288542 0.328516 0.311979 0.312109 0.311979
0 0.307812 0.254688 0.324219 0.254688 0.324219 0.274479 0.307812 0.274479
0 0.364453 0.220833 0.378516 0.220833 0.378516 0.244271 0.364453 0.244271
0 0.394141 0.202083 0.410547 0.202083 0.410547 0.223438 0.394141 0.223438
0 0.413281 0.243229 0.429688 0.243229 0.429688 0.271354 0.413281 0.271354
0 0.371484 0.284896 0.390625 0.284896 0.390625 0.313542 0.371484 0.313542
0 0.336328 0.25625 0.354688 0.25625 0.354688 0.289062 0.336328 0.289062
0 0.519531 0.003646 0.542188 0.003646 0.542188 0.03125 0.519531 0.03125
0 0.494141 0.038542 0.512891 0.038542 0.512891 0.066146 0.494141 0.066146
0 0.524219 0.0625 0.542969 0.0625 0.542969 0.083333 0.524219 0.083333
0 0.547656 0.038542 0.574609 0.038542 0.574609 0.05625 0.547656 0.05625
0 0.485156 0.086458 0.507031 0.086458 0.507031 0.109896 0.485156 0.109896
0 0.512891 0.095833 0.530859 0.095833 0.530859 0.121875 0.512891 0.121875
0 0.546484 0.0875 0.566797 0.0875 0.566797 0.1125 0.546484 0.1125
0 0.585938 0.083333 0.606641 0.083333 0.606641 0.1125 0.585938 0.1125
0 0.614062 0.107292 0.630469 0.107292 0.630469 0.130208 0.614062 0.130208
0 0.614453 0.154688 0.636328 0.154688 0.636328 0.172917 0.614453 0.172917
0 0.561328 0.146875 0.580469 0.146875 0.580469 0.170312 0.561328 0.170312
0 0.503125 0.1375 0.528906 0.1375 0.528906 0.156771 0.503125 0.156771
0 0.459375 0.168229 0.477734 0.168229 0.477734 0.195312 0.459375 0.195312
0 0.462891 0.222396 0.482031 0.222396 0.482031 0.253125 0.462891 0.253125
0 0.509375 0.199479 0.535547 0.199479 0.535547 0.227083 0.509375 0.227083
0 0.557422 0.194792 0.58125 0.194792 0.58125 0.218229 0.557422 0.218229
0 0.459766 0.282292 0.475781 0.282292 0.475781 0.315104 0.459766 0.315104
0 0.485156 0.289583 0.50625 0.289583 0.50625 0.316146 0.485156 0.316146
0 0.524219 0.248958 0.542969 0.248958 0.542969 0.282812 0.524219 0.282812
0 0.5375 0.292708 0.558594 0.292708 0.558594 0.311979 0.5375 0.311979
0 0.569922 0.256771 0.585938 0.256771 0.585938 0.288542 0.569922 0.288542
0 0.377734 0.351042 0.394922 0.351042 0.394922 0.38125 0.377734 0.38125
0 0.429688 0.339583 0.445703 0.339583 0.445703 0.370833 0.429688 0.370833
0 0.466016 0.348958 0.483203 0.348958 0.483203 0.384896 0.466016 0.384896
0 0.402734 0.400521 0.427344 0.400521 0.427344 0.430208 0.402734 0.430208
0 0.455469 0.45 0.479297 0.45 0.479297 0.479688 0.455469 0.479688
0 0.630469 0.190625 0.656641 0.190625 0.656641 0.2125 0.630469 0.2125
0 0.603906 0.207292 0.623438 0.207292 0.623438 0.232292 0.603906 0.232292
0 0.592188 0.244271 0.613672 0.244271 0.613672 0.268229 0.592188 0.268229
0 0.596875 0.283333 0.617188 0.283333 0.617188 0.311979 0.596875 0.311979
0 0.627734 0.293229 0.648828 0.293229 0.648828 0.320833 0.627734 0.320833
0 0.656641 0.303646 0.676953 0.303646 0.676953 0.333854 0.656641 0.333854
0 0.672656 0.261458 0.693359 0.261458 0.693359 0.292188 0.672656 0.292188
0 0.700781 0.280208 0.723828 0.280208 0.723828 0.310417 0.700781 0.310417
0 0.508594 0.336458 0.526562 0.336458 0.526562 0.369792 0.508594 0.369792
0 0.551172 0.351562 0.573438 0.351562 0.573438 0.373958 0.551172 0.373958
0 0.56875 0.388542 0.591797 0.388542 0.591797 0.416667 0.56875 0.416667
0 0.590234 0.41875 0.6125 0.41875 0.6125 0.449479 0.590234 0.449479
0 0.623828 0.367188 0.644531 0.367188 0.644531 0.405729 0.623828 0.405729
0 0.516016 0.430729 0.539844 0.430729 0.539844 0.459375 0.516016 0.459375
0 0.533984 0.476042 0.549609 0.476042 0.549609 0.511458 0.533984 0.511458
0 0.505078 0.476562 0.524219 0.476562 0.524219 0.505729 0.505078 0.505729
0 0.382422 0.492708 0.396875 0.492708 0.396875 0.514062 0.382422 0.514062
0 0.400781 0.506771 0.414453 0.506771 0.414453 0.528646 0.400781 0.528646
0 0.445312 0.483854 0.462891 0.483854 0.462891 0.518229 0.445312 0.518229
0 0.477734 0.501562 0.494922 0.501562 0.494922 0.530208 0.477734 0.530208
0 0.521484 0.53125 0.542969 0.53125 0.542969 0.564062 0.521484 0.564062
0 0.414453 0.545833 0.437891 0.545833 0.437891 0.573438 0.414453 0.573438
0 0.476172 0.59375 0.499609 0.59375 0.499609 0.619271 0.476172 0.619271
0 0.284766 0.664583 0.307422 0.664583 0.307422 0.689062 0.284766 0.689062
0 0.298438 0.695833 0.319531 0.695833 0.319531 0.729688 0.298438 0.729688
0 0.344922 0.700521 0.366406 0.700521 0.366406 0.726562 0.344922 0.726562
0 0.380078 0.716667 0.401562 0.716667 0.401562 0.744271 0.380078 0.744271
0 0.373438 0.755729 0.398438 0.755729 0.398438 0.784375 0.373438 0.784375
0 0.332422 0.735417 0.358984 0.735417 0.358984 0.764062 0.332422 0.764062
0 0.305859 0.772396 0.326953 0.772396 0.326953 0.794792 0.305859 0.794792
0 0.369141 0.796875 0.391797 0.796875 0.391797 0.824479 0.369141 0.824479
0 0.191016 0.896875 0.209375 0.896875 0.209375 0.926562 0.191016 0.926562
0 0.26875 0.913542 0.294141 0.913542 0.294141 0.935417 0.26875 0.935417
0 0.303125 0.926042 0.322656 0.926042 0.322656 0.957812 0.303125 0.957812
0 0.198047 0.972396 0.220703 0.972396 0.220703 0.997917 0.198047 0.997917
0 0.305078 0.972917 0.329688 0.972917 0.329688 0.997917 0.305078 0.997917
0 0.350391 0.957812 0.366016 0.957812 0.366016 0.98125 0.350391 0.98125
0 0.383984 0.958854 0.401953 0.958854 0.401953 0.99375 0.383984 0.99375
0 0.310938 0.832812 0.330859 0.832812 0.330859 0.857812 0.310938 0.857812
0 0.344922 0.853646 0.371875 0.853646 0.371875 0.878125 0.344922 0.878125
0 0.396875 0.902083 0.417188 0.902083 0.417188 0.924479 0.396875 0.924479
0 0.413672 0.878646 0.428906 0.878646 0.428906 0.902083 0.413672 0.902083
0 0.735938 0.323958 0.757422 0.323958 0.757422 0.346354 0.735938 0.346354
0 0.703516 0.358854 0.721875 0.358854 0.721875 0.379167 0.703516 0.379167
0 0.674609 0.372917 0.691797 0.372917 0.691797 0.397396 0.674609 0.397396
0 0.641016 0.43125 0.660547 0.43125 0.660547 0.459375 0.641016 0.459375
0 0.704688 0.432812 0.726172 0.432812 0.726172 0.459375 0.704688 0.459375
0 0.726172 0.468229 0.748047 0.468229 0.748047 0.489583 0.726172 0.489583
0 0.777344 0.406771 0.792969 0.406771 0.792969 0.432812 0.777344 0.432812
0 0.787109 0.443229 0.813281 0.443229 0.813281 0.469792 0.787109 0.469792
0 0.660938 0.509375 0.682812 0.509375 0.682812 0.535938 0.660938 0.535938
0 0.728125 0.515625 0.750781 0.515625 0.750781 0.538542 0.728125 0.538542
0 0.790234 0.496354 0.815625 0.496354 0.815625 0.51875 0.790234 0.51875
0 0.831641 0.476562 0.846094 0.476562 0.846094 0.497917 0.831641 0.497917
0 0.846094 0.520833 0.871094 0.520833 0.871094 0.544792 0.846094 0.544792
0 0.841797 0.557292 0.865234 0.557292 0.865234 0.583854 0.841797 0.583854
0 0.848438 0.594792 0.872656 0.594792 0.872656 0.621875 0.848438 0.621875
0 0.824609 0.622396 0.850391 0.622396 0.850391 0.647396 0.824609 0.647396
0 0.744531 0.55 0.765234 0.55 0.765234 0.573438 0.744531 0.573438
0 0.775 0.572396 0.791797 0.572396 0.791797 0.598958 0.775 0.598958
0 0.775781 0.619271 0.799219 0.619271 0.799219 0.644792 0.775781 0.644792
0 0.732031 0.583333 0.751953 0.583333 0.751953 0.607812 0.732031 0.607812
0 0.479688 0.643229 0.497266 0.643229 0.497266 0.661979 0.479688 0.661979
0 0.51875 0.608333 0.534375 0.608333 0.534375 0.633854 0.51875 0.633854
0 0.542578 0.617708 0.558203 0.617708 0.558203 0.649479 0.542578 0.649479
0 0.565625 0.604688 0.582422 0.604688 0.582422 0.635938 0.565625 0.635938
0 0.510547 0.736458 0.540625 0.736458 0.540625 0.76875 0.510547 0.76875
0 0.565625 0.782812 0.586719 0.782812 0.586719 0.8125 0.565625 0.8125
0 0.603125 0.7875 0.625 0.7875 0.625 0.815625 0.603125 0.815625
0 0.647656 0.795312 0.666016 0.795312 0.666016 0.826042 0.647656 0.826042
0 0.510156 0.827604 0.532031 0.827604 0.532031 0.865625 0.510156 0.865625
0 0.538281 0.819792 0.555859 0.819792 0.555859 0.847917 0.538281 0.847917
0 0.558203 0.858333 0.579297 0.858333 0.579297 0.884375 0.558203 0.884375
0 0.619922 0.822396 0.641016 0.822396 0.641016 0.851042 0.619922 0.851042
0 0.634766 0.872917 0.658984 0.872917 0.658984 0.897396 0.634766 0.897396
0 0.613672 0.898958 0.633594 0.898958 0.633594 0.925 0.613672 0.925
0 0.535156 0.898958 0.559375 0.898958 0.559375 0.923438 0.535156 0.923438
0 0.526172 0.936458 0.544922 0.936458 0.544922 0.973958 0.526172 0.973958
0 0.572266 0.954688 0.592188 0.954688 0.592188 0.985938 0.572266 0.985938
0 0.59375 0.936458 0.617969 0.936458 0.617969 0.960417 0.59375 0.960417
0 0.673438 0.948438 0.696484 0.948438 0.696484 0.979167 0.673438 0.979167
0 0.711328 0.927083 0.733984 0.927083 0.733984 0.949479 0.711328 0.949479
0 0.735156 0.967708 0.753906 0.967708 0.753906 0.997396 0.735156 0.997396
0 0.66875 0.871875 0.687109 0.871875 0.687109 0.902083 0.66875 0.902083
0 0.693359 0.890104 0.7125 0.890104 0.7125 0.914583 0.693359 0.914583
0 0.738281 0.891667 0.760547 0.891667 0.760547 0.915104 0.738281 0.915104
0 0.767969 0.905208 0.786719 0.905208 0.786719 0.933333 0.767969 0.933333
0 0.800781 0.869271 0.821094 0.869271 0.821094 0.903646 0.800781 0.903646
0 0.754297 0.848438 0.772266 0.848438 0.772266 0.873438 0.754297 0.873438
0 0.7125 0.828646 0.731641 0.828646 0.731641 0.855729 0.7125 0.855729
0 0.561719 0.5625 0.584375 0.5625 0.584375 0.589062 0.561719 0.589062
0 0.588281 0.577083 0.607031 0.577083 0.607031 0.607812 0.588281 0.607812
0 0.625391 0.555208 0.648047 0.555208 0.648047 0.589062 0.625391 0.589062
0 0.60625 0.600521 0.623438 0.600521 0.623438 0.633333 0.60625 0.633333
0 0.661328 0.584375 0.678125 0.584375 0.678125 0.614062 0.661328 0.614062
0 0.68125 0.55 0.702734 0.55 0.702734 0.571875 0.68125 0.571875
0 0.691406 0.578125 0.715234 0.578125 0.715234 0.603646 0.691406 0.603646
0 0.699609 0.621354 0.723438 0.621354 0.723438 0.645312 0.699609 0.645312
0 0.728906 0.651562 0.751953 0.651562 0.751953 0.673958 0.728906 0.673958
0 0.698438 0.659896 0.719531 0.659896 0.719531 0.683333 0.698438 0.683333
0 0.744141 0.623438 0.7625 0.623438 0.7625 0.646875 0.744141 0.646875
0 0.687891 0.716146 0.717578 0.716146 0.717578 0.745833 0.687891 0.745833
0 0.792969 0.671875 0.813672 0.671875 0.813672 0.692708 0.792969 0.692708
0 0.778906 0.0 0.807812 0.0 0.807812 0.027083 0.778906 0.027083
0 0.825 0.063021 0.849609 0.063021 0.849609 0.089583 0.825 0.089583
0 0.757422 0.068229 0.780078 0.068229 0.780078 0.089062 0.757422 0.089062
0 0.887109 0.046875 0.908203 0.046875 0.908203 0.077083 0.887109 0.077083
0 0.857031 0.059896 0.875391 0.059896 0.875391 0.084375 0.857031 0.084375
0 0.739062 0.108854 0.760156 0.108854 0.760156 0.142188 0.739062 0.142188
0 0.769922 0.158854 0.789844 0.158854 0.789844 0.1875 0.769922 0.1875
0 0.797266 0.13125 0.817578 0.13125 0.817578 0.164062 0.797266 0.164062
0 0.759375 0.189062 0.782422 0.189062 0.782422 0.209896 0.759375 0.209896
0 0.770312 0.222396 0.789844 0.222396 0.789844 0.244792 0.770312 0.244792
0 0.815625 0.213021 0.834375 0.213021 0.834375 0.245312 0.815625 0.245312
0 0.941797 0.0 0.966406 0.0 0.966406 0.014062 0.941797 0.014062
0 0.976172 0.030208 0.991406 0.030208 0.991406 0.063542 0.976172 0.063542
0 0.917578 0.034375 0.9375 0.034375 0.9375 0.059896 0.917578 0.059896
0 0.842578 0.138021 0.865625 0.138021 0.865625 0.170312 0.842578 0.170312
0 0.877734 0.098438 0.899219 0.098438 0.899219 0.127083 0.877734 0.127083
0 0.907422 0.132812 0.930859 0.132812 0.930859 0.158854 0.907422 0.158854
0 0.947266 0.104167 0.969141 0.104167 0.969141 0.132812 0.947266 0.132812
0 0.985547 0.094792 0.999609 0.094792 0.999609 0.121875 0.985547 0.121875
0 0.804688 0.264062 0.822656 0.264062 0.822656 0.291667 0.804688 0.291667
0 0.820312 0.302604 0.835156 0.302604 0.835156 0.332812 0.820312 0.332812
0 0.849609 0.292708 0.870312 0.292708 0.870312 0.319271 0.849609 0.319271
0 0.880078 0.283333 0.896094 0.283333 0.896094 0.309375 0.880078 0.309375
0 0.847656 0.255208 0.869141 0.255208 0.869141 0.277083 0.847656 0.277083
0 0.864062 0.210938 0.885938 0.210938 0.885938 0.239583 0.864062 0.239583
0 0.895312 0.184896 0.916016 0.184896 0.916016 0.215625 0.895312 0.215625
0 0.949219 0.203646 0.971484 0.203646 0.971484 0.230729 0.949219 0.230729
0 0.904688 0.246875 0.929297 0.246875 0.929297 0.270312 0.904688 0.270312
0 0.95625 0.159375 0.980859 0.159375 0.980859 0.189062 0.95625 0.189062
0 0.979297 0.220833 0.994531 0.220833 0.994531 0.245833 0.979297 0.245833
0 0.954297 0.286458 0.976953 0.286458 0.976953 0.313542 0.954297 0.313542
0 0.980859 0.314583 0.997656 0.314583 0.997656 0.344271 0.980859 0.344271
0 0.926172 0.320312 0.947656 0.320312 0.947656 0.35 0.926172 0.35
0 0.974219 0.372396 0.996094 0.372396 0.996094 0.401042 0.974219 0.401042
0 0.966016 0.415104 0.992969 0.415104 0.992969 0.445833 0.966016 0.445833
0 0.921484 0.398958 0.945703 0.398958 0.945703 0.422396 0.921484 0.422396
0 0.934766 0.464062 0.954297 0.464062 0.954297 0.4875 0.934766 0.4875
0 0.957422 0.488542 0.976562 0.488542 0.976562 0.514062 0.957422 0.514062
0 0.954688 0.547396 0.984375 0.547396 0.984375 0.571875 0.954688 0.571875
0 0.909766 0.6375 0.935938 0.6375 0.935938 0.663542 0.909766 0.663542
0 0.863672 0.649479 0.888281 0.649479 0.888281 0.683333 0.863672 0.683333
0 0.919141 0.679167 0.939453 0.679167 0.939453 0.705208 0.919141 0.705208
0 0.948047 0.682292 0.968359 0.682292 0.968359 0.709375 0.948047 0.709375
0 0.893359 0.704167 0.911328 0.704167 0.911328 0.725 0.893359 0.725
0 0.917969 0.719271 0.939453 0.719271 0.939453 0.740625 0.917969 0.740625
0 0.835938 0.707292 0.860156 0.707292 0.860156 0.733333 0.835938 0.733333
0 0.846875 0.746875 0.866797 0.746875 0.866797 0.771354 0.846875 0.771354
0 0.883984 0.75 0.907812 0.75 0.907812 0.779167 0.883984 0.779167
0 0.937109 0.751562 0.969922 0.751562 0.969922 0.779167 0.937109 0.779167
0 0.750781 0.807812 0.767578 0.807812 0.767578 0.835417 0.750781 0.835417
0 0.776172 0.795312 0.798828 0.795312 0.798828 0.821875 0.776172 0.821875
0 0.83125 0.783333 0.853906 0.783333 0.853906 0.804688 0.83125 0.804688
0 0.849609 0.831771 0.869922 0.831771 0.869922 0.856771 0.849609 0.856771
0 0.889453 0.857812 0.909766 0.857812 0.909766 0.883854 0.889453 0.883854
0 0.883203 0.808854 0.905078 0.808854 0.905078 0.833854 0.883203 0.833854
0 0.820312 0.845312 0.840234 0.845312 0.840234 0.867708 0.820312 0.867708
0 0.946875 0.811979 0.975391 0.811979 0.975391 0.836458 0.946875 0.836458
0 0.945312 0.8625 0.967969 0.8625 0.967969 0.8875 0.945312 0.8875
0 0.965625 0.897396 0.990625 0.897396 0.990625 0.920833 0.965625 0.920833
0 0.920312 0.901562 0.950781 0.901562 0.950781 0.927083 0.920312 0.927083
0 0.860547 0.979688 0.875781 0.979688 0.875781 0.999479 0.860547 0.999479
0 0.893359 0.944271 0.909766 0.944271 0.909766 0.974479 0.893359 0.974479
0 0.944922 0.946875 0.958984 0.946875 0.958984 0.978646 0.944922 0.978646
0 0.971094 0.979688 0.991016 0.979688 0.991016 0.999479 0.971094 0.999479
0 0.917578 0.983854 0.935547 0.983854 0.935547 0.999479 0.917578 0.999479