0 0.028125 0.029167 0.038281 0.029167 0.038281 0.048438 0.028125 0.048438
0 0.057031 0.005729 0.071875 0.005729 0.071875 0.030729 0.057031 0.030729
0 0.045703 0.05625 0.060156 0.05625 0.060156 0.084896 0.045703 0.084896
0 0.077344 0.044792 0.091797 0.044792 0.091797 0.077604 0.077344 0.077604
0 0.104688 0.022396 0.124609 0.022396 0.124609 0.042708 0.104688 0.042708
0 0.115625 0.067188 0.132422 0.067188 0.132422 0.088542 0.115625 0.088542
0 0.117578 0.0 0.133984 0.0 0.133984 0.011458 0.117578 0.011458
0 0.148047 0.069271 0.164453 0.069271 0.164453 0.090625 0.148047 0.090625
0 0.085547 0.103125 0.100781 0.103125 0.100781 0.126042 0.085547 0.126042
0 0.122266 0.129167 0.139844 0.129167 0.139844 0.154688 0.122266 0.154688
0 0.144531 0.344271 0.156641 0.344271 0.156641 0.367188 0.144531 0.367188
0 0.169141 0.350521 0.179297 0.350521 0.179297 0.372396 0.169141 0.372396
0 0.197266 0.359896 0.209766 0.359896 0.209766 0.384375 0.197266 0.384375
0 0.233594 0.365104 0.245703 0.365104 0.245703 0.391667 0.233594 0.391667
0 0.161328 0.376562 0.172266 0.376562 0.172266 0.4 0.161328 0.4
0 0.348047 0.008854 0.363672 0.008854 0.363672 0.030729 0.348047 0.030729
0 0.375781 0.002604 0.397656 0.002604 0.397656 0.027604 0.375781 0.027604
0 0.415625 0.013021 0.437109 0.013021 0.437109 0.036979 0.415625 0.036979
0 0.360938 0.044271 0.375781 0.044271 0.375781 0.073958 0.360938 0.073958
0 0.399609 0.069792 0.416797 0.069792 0.416797 0.100521 0.399609 0.100521
0 0.445312 0.057292 0.460156 0.057292 0.460156 0.090625 0.445312 0.090625
0 0.483203 0.059896 0.501562 0.059896 0.501562 0.090104 0.483203 0.090104
0 0.332422 0.069792 0.348438 0.069792 0.348438 0.1 0.332422 0.1
0 0.264062 0.083333 0.281641 0.083333 0.281641 0.104167 0.264062 0.104167
0 0.241406 0.128125 0.262109 0.128125 0.262109 0.150521 0.241406 0.150521
0 0.200781 0.166146 0.213281 0.166146 0.213281 0.191667 0.200781 0.191667
0 0.241797 0.173438 0.260938 0.173438 0.260938 0.193229 0.241797 0.193229
0 0.298047 0.155208 0.314844 0.155208 0.314844 0.190625 0.298047 0.190625
0 0.340625 0.145312 0.358984 0.145312 0.358984 0.172917 0.340625 0.172917
0 0.359375 0.180729 0.379688 0.180729 0.379688 0.198438 0.359375 0.198438
0 0.282812 0.209896 0.302344 0.209896 0.302344 0.233854 0.282812 0.233854
0 0.239453 0.2125 0.263672 0.2125 0.263672 0.235417 0.239453 0.235417
0 0.219141 0.196875 0.234766 0.196875 0.234766 0.21875 0.219141 0.21875
0 0.186328 0.215104 0.204297 0.215104 0.204297 0.233854 0.186328 0.233854
0 0.176172 0.248958 0.195703 0.248958 0.195703 0.267188 0.176172 0.267188
0 0.185938 0.298438 0.201562 0.298438 0.201562 0.31875 0.185938 0.31875
0 0.224609 0.299479 0.242578 0.299479 0.242578 0.328125 0.224609 0.328125
0 0.241016 0.261979 0.259375 0.261979 0.259375 0.285417 0.241016 0.285417
0 0.283594 0.266667 0.296484 0.266667 0.296484 0.288542 0.283594 0.288542
0 0.312891 0.253125 0.330078 0.253125 0.330078 0.280729 0.312891 0.280729
0 0.340234 0.236458 0.357422 0.236458 0.357422 0.260938 0.340234 0.260938
0 0.38125 0.261458 0.396484 0.261458 0.396484 0.289583 0.38125 0.289583
0 0.394922 0.216667 0.415234 0.216667 0.415234 0.24375 0.394922 0.24375
0 0.416797 0.278125 0.432422 0.278125 0.432422 0.308333 0.416797 0.308333
0 0.398047 0.317188 0.414844 0.317188 0.414844 0.336458 0.398047 0.336458
0 0.340234 0.30625 0.359766 0.30625 0.359766 0.332292 0.340234 0.332292
0 0.3 0.315625 0.316797 0.315625 0.316797 0.340625 0.3 0.340625
0 0.264844 0.357292 0.277734 0.357292 0.277734 0.382812 0.264844 0.382812
0 0.322266 0.361458 0.338281 0.361458 0.338281 0.386458 0.322266 0.386458
0 0.234766 0.452083 0.251953 0.452083 0.251953 0.473438 0.234766 0.473438
0 0.250391 0.425 0.266406 0.425 0.266406 0.452083 0.250391 0.452083
0 0.289844 0.415625 0.303906 0.415625 0.303906 0.442188 0.289844 0.442188
0 0.317188 0.427083 0.332422 0.427083 0.332422 0.454688 0.317188 0.454688
0 0.337109 0.399479 0.351562 0.399479 0.351562 0.41875 0.337109 0.41875
0 0.348438 0.441667 0.365625 0.441667 0.365625 0.475 0.348438 0.475
0 0.317969 0.466667 0.336719 0.466667 0.336719 0.500521 0.317969 0.500521
0 0.280859 0.476042 0.300391 0.476042 0.300391 0.494792 0.280859 0.494792
0 0.257031 0.503125 0.270312 0.503125 0.270312 0.528125 0.257031 0.528125
0 0.230859 0.499479 0.245703 0.499479 0.245703 0.525 0.230859 0.525
0 0.023438 0.538021 0.043359 0.538021 0.043359 0.570833 0.023438 0.570833
0 0.063672 0.554688 0.082422 0.554688 0.082422 0.574479 0.063672 0.574479
0 0.076562 0.596875 0.094531 0.596875 0.094531 0.611979 0.076562 0.611979
0 0.079688 0.630729 0.091016 0.630729 0.091016 0.653646 0.079688 0.653646
0 0.105469 0.645312 0.120312 0.645312 0.120312 0.669792 0.105469 0.669792
0 0.139453 0.654688 0.160547 0.654688 0.160547 0.678125 0.139453 0.678125
0 0.102734 0.688542 0.121875 0.688542 0.121875 0.716667 0.102734 0.716667
0 0.059766 0.672396 0.073828 0.672396 0.073828 0.689062 0.059766 0.689062
0 0.029297 0.606771 0.04375 0.606771 0.04375 0.635938 0.029297 0.635938
0 0.0 0.606771 0.012109 0.606771 0.012109 0.634375 0.0 0.634375
0 0.023828 0.682292 0.039844 0.682292 0.039844 0.704167 0.023828 0.704167
0 0.000391 0.747396 0.009375 0.747396 0.009375 0.765625 0.000391 0.765625
0 0.028125 0.759375 0.042188 0.759375 0.042188 0.789062 0.028125 0.789062
0 0.059766 0.7625 0.080078 0.7625 0.080078 0.788542 0.059766 0.788542
0 0.051562 0.715625 0.065625 0.715625 0.065625 0.734896 0.051562 0.734896
0 0.117578 0.747396 0.134766 0.747396 0.134766 0.770312 0.117578 0.770312
0 0.185938 0.742708 0.204688 0.742708 0.204688 0.756771 0.185938 0.756771
0 0.178516 0.780729 0.198828 0.780729 0.198828 0.799479 0.178516 0.799479
0 0.170703 0.811979 0.192188 0.811979 0.192188 0.832292 0.170703 0.832292
0 0.195312 0.858854 0.215234 0.858854 0.215234 0.873958 0.195312 0.873958
0 0.2375 0.811458 0.253516 0.811458 0.253516 0.844271 0.2375 0.844271
0 0.126953 0.822396 0.140234 0.822396 0.140234 0.844271 0.126953 0.844271
0 0.146094 0.782812 0.162891 0.782812 0.162891 0.808333 0.146094 0.808333
0 0.032812 0.833854 0.053516 0.833854 0.053516 0.852604 0.032812 0.852604
0 0.012109 0.877083 0.036328 0.877083 0.036328 0.899479 0.012109 0.899479
0 0.015234 0.922396 0.033984 0.922396 0.033984 0.948958 0.015234 0.948958
0 0.053125 0.934896 0.067969 0.934896 0.067969 0.964062 0.053125 0.964062
0 0.092188 0.967188 0.107422 0.967188 0.107422 0.991146 0.092188 0.991146
0 0.086328 0.897917 0.100781 0.897917 0.100781 0.921354 0.086328 0.921354
0 0.116797 0.876562 0.135156 0.876562 0.135156 0.902604 0.116797 0.902604
0 0.14375 0.866146 0.166797 0.866146 0.166797 0.888021 0.14375 0.888021
0 0.114844 0.921875 0.132812 0.921875 0.132812 0.942708 0.114844 0.942708
0 0.154297 0.922396 0.171875 0.922396 0.171875 0.948958 0.154297 0.948958
0 0.243359 0.963542 0.258203 0.963542 0.258203 0.996354 0.243359 0.996354
0 0.203906 0.928646 0.229688 0.928646 0.229688 0.946875 0.203906 0.946875
0 0.192188 0.953646 0.208203 0.953646 0.208203 0.977604 0.192188 0.977604
0 0.174609 0.967188 0.192969 0.967188 0.192969 0.994271 0.174609 0.994271
0 0.186719 0.890104 0.203516 0.890104 0.203516 0.911979 0.186719 0.911979
0 0.216016 0.891146 0.239062 0.891146 0.239062 0.911458 0.216016 0.911458
0 0.208203 0.840625 0.230078 0.840625 0.230078 0.853646 0.208203 0.853646
0 0.263281 0.807812 0.276172 0.807812 0.276172 0.830208 0.263281 0.830208
0 0.282422 0.825521 0.295703 0.825521 0.295703 0.853125 0.282422 0.853125
0 0.299609 0.874479 0.314453 0.874479 0.314453 0.9 0.299609 0.9
0 0.2625 0.879167 0.284766 0.879167 0.284766 0.907292 0.2625 0.907292
0 0.282031 0.942708 0.299219 0.942708 0.299219 0.966146 0.282031 0.966146
0 0.305469 0.959375 0.316797 0.959375 0.316797 0.979688 0.305469 0.979688
0 0.327734 0.985938 0.344922 0.985938 0.344922 0.999479 0.327734 0.999479
0 0.456641 0.000521 0.473438 0.000521 0.473438 0.016667 0.456641 0.016667
0 0.380078 0.108333 0.397656 0.108333 0.397656 0.135938 0.380078 0.135938
0 0.430859 0.121354 0.446094 0.121354 0.446094 0.15 0.430859 0.15
0 0.466797 0.148438 0.484766 0.148438 0.484766 0.182292 0.466797 0.182292
0 0.399219 0.151562 0.417969 0.151562 0.417969 0.173958 0.399219 0.173958
0 0.510547 0.113542 0.523438 0.113542 0.523438 0.140625 0.510547 0.140625
0 0.540625 0.117188 0.55625 0.117188 0.55625 0.14375 0.540625 0.14375
0 0.529688 0.0 0.546094 0.0 0.546094 0.015625 0.529688 0.015625
0 0.560547 0.002604 0.578906 0.002604 0.578906 0.033854 0.560547 0.033854
0 0.542578 0.035938 0.560547 0.035938 0.560547 0.058854 0.542578 0.058854
0 0.585156 0.042188 0.608594 0.042188 0.608594 0.06875 0.585156 0.06875
0 0.573828 0.084896 0.593359 0.084896 0.593359 0.097396 0.573828 0.097396
0 0.608203 0.122396 0.635156 0.122396 0.635156 0.146354 0.608203 0.146354
0 0.567188 0.15625 0.59375 0.15625 0.59375 0.182812 0.567188 0.182812
0 0.607812 0.161979 0.63125 0.161979 0.63125 0.185938 0.607812 0.185938
0 0.526172 0.175521 0.547656 0.175521 0.547656 0.201562 0.526172 0.201562
0 0.553906 0.211979 0.571094 0.211979 0.571094 0.236458 0.553906 0.236458
0 0.601953 0.220833 0.624609 0.220833 0.624609 0.247396 0.601953 0.247396
0 0.454297 0.227083 0.478516 0.227083 0.478516 0.246875 0.454297 0.246875
0 0.488281 0.242708 0.503516 0.242708 0.503516 0.270833 0.488281 0.270833
0 0.521484 0.241667 0.539453 0.241667 0.539453 0.259896 0.521484 0.259896
0 0.468359 0.276562 0.488281 0.276562 0.488281 0.3 0.468359 0.3
0 0.522656 0.294271 0.544922 0.294271 0.544922 0.315625 0.522656 0.315625
0 0.560938 0.325 0.578125 0.325 0.578125 0.354688 0.560938 0.354688
0 0.498047 0.3375 0.512891 0.3375 0.512891 0.361979 0.498047 0.361979
0 0.537109 0.359896 0.55625 0.359896 0.55625 0.383333 0.537109 0.383333
0 0.469141 0.352083 0.487891 0.352083 0.487891 0.380729 0.469141 0.380729
0 0.466406 0.400521 0.485938 0.400521 0.485938 0.423438 0.466406 0.423438
0 0.506641 0.391146 0.527344 0.391146 0.527344 0.417708 0.506641 0.417708
0 0.55625 0.394792 0.576562 0.394792 0.576562 0.419792 0.55625 0.419792
0 0.372656 0.39375 0.400391 0.39375 0.400391 0.414062 0.372656 0.414062
0 0.404297 0.423438 0.420703 0.423438 0.420703 0.449479 0.404297 0.449479
0 0.444531 0.45 0.462891 0.45 0.462891 0.486458 0.444531 0.486458
0 0.503516 0.477083 0.519922 0.477083 0.519922 0.505208 0.503516 0.505208
0 0.549219 0.466146 0.565234 0.466146 0.565234 0.494792 0.549219 0.494792
0 0.383984 0.470833 0.401562 0.470833 0.401562 0.500521 0.383984 0.500521
0 0.361328 0.499479 0.380469 0.499479 0.380469 0.51875 0.361328 0.51875
0 0.419141 0.521354 0.433203 0.521354 0.433203 0.54375 0.419141 0.54375
0 0.471875 0.533333 0.491797 0.533333 0.491797 0.560938 0.471875 0.560938
0 0.501953 0.521354 0.523438 0.521354 0.523438 0.547917 0.501953 0.547917
0 0.550391 0.514583 0.567969 0.514583 0.567969 0.543229 0.550391 0.543229
0 0.264844 0.557292 0.282812 0.557292 0.282812 0.579688 0.264844 0.579688
0 0.315625 0.520833 0.334766 0.520833 0.334766 0.557292 0.315625 0.557292
0 0.367188 0.539583 0.384766 0.539583 0.384766 0.561979 0.367188 0.561979
0 0.3875 0.563542 0.408203 0.563542 0.408203 0.584896 0.3875 0.584896
0 0.389453 0.614062 0.403125 0.614062 0.403125 0.640104 0.389453 0.640104
0 0.443359 0.595312 0.459375 0.595312 0.459375 0.622917 0.443359 0.622917
0 0.514453 0.559896 0.528906 0.559896 0.528906 0.590625 0.514453 0.590625
0 0.555078 0.570312 0.572656 0.570312 0.572656 0.594792 0.555078 0.594792
0 0.513672 0.604688 0.529688 0.604688 0.529688 0.63125 0.513672 0.63125
0 0.477734 0.590625 0.491797 0.590625 0.491797 0.618229 0.477734 0.618229
0 0.475781 0.648438 0.491016 0.648438 0.491016 0.675 0.475781 0.675
0 0.514453 0.653646 0.532031 0.653646 0.532031 0.66875 0.514453 0.66875
0 0.543359 0.65 0.559766 0.65 0.559766 0.66875 0.543359 0.66875
0 0.450391 0.665104 0.467969 0.665104 0.467969 0.685417 0.450391 0.685417
0 0.465625 0.705729 0.483984 0.705729 0.483984 0.728646 0.465625 0.728646
0 0.5 0.695833 0.518359 0.695833 0.518359 0.714062 0.5 0.714062
0 0.541797 0.686458 0.558594 0.686458 0.558594 0.710938 0.541797 0.710938
0 0.580469 0.691667 0.595312 0.691667 0.595312 0.721354 0.580469 0.721354
0 0.605078 0.711979 0.623047 0.711979 0.623047 0.741667 0.605078 0.741667
0 0.456641 0.757292 0.477344 0.757292 0.477344 0.776042 0.456641 0.776042
0 0.5 0.746354 0.513672 0.746354 0.513672 0.771875 0.5 0.771875
0 0.466797 0.797396 0.478906 0.797396 0.478906 0.814062 0.466797 0.814062
0 0.523047 0.744792 0.540625 0.744792 0.540625 0.773958 0.523047 0.773958
0 0.557812 0.735938 0.575781 0.735938 0.575781 0.758333 0.557812 0.758333
0 0.569531 0.782292 0.586328 0.782292 0.586328 0.802083 0.569531 0.802083
0 0.535938 0.785938 0.555078 0.785938 0.555078 0.804688 0.535938 0.804688
0 0.599609 0.760417 0.617188 0.760417 0.617188 0.784375 0.599609 0.784375
0 0.574219 0.626042 0.592578 0.626042 0.592578 0.646354 0.574219 0.646354
0 0.616016 0.653646 0.633984 0.653646 0.633984 0.679688 0.616016 0.679688
0 0.507422 0.858333 0.523828 0.858333 0.523828 0.885938 0.507422 0.885938
0 0.537109 0.896875 0.554297 0.896875 0.554297 0.921354 0.537109 0.921354
0 0.571094 0.892188 0.587109 0.892188 0.587109 0.911979 0.571094 0.911979
0 0.572656 0.930208 0.586719 0.930208 0.586719 0.95 0.572656 0.95
0 0.542188 0.844792 0.5625 0.844792 0.5625 0.863021 0.542188 0.863021
0 0.587109 0.83125 0.598438 0.83125 0.598438 0.847917 0.587109 0.847917
0 0.619531 0.825521 0.635156 0.825521 0.635156 0.847396 0.619531 0.847396
0 0.616406 0.876562 0.633984 0.876562 0.633984 0.906771 0.616406 0.906771
0 0.653125 0.915104 0.669141 0.915104 0.669141 0.94375 0.653125 0.94375
0 0.580469 0.982292 0.592188 0.982292 0.592188 0.995312 0.580469 0.995312
0 0.633203 0.981771 0.65 0.981771 0.65 0.999479 0.633203 0.999479
0 0.677734 0.939062 0.694531 0.939062 0.694531 0.95625 0.677734 0.95625
0 0.688672 0.904167 0.705859 0.904167 0.705859 0.929167 0.688672 0.929167
0 0.705859 0.850521 0.719141 0.850521 0.719141 0.877083 0.705859 0.877083
0 0.677734 0.848958 0.694922 0.848958 0.694922 0.871875 0.677734 0.871875
0 0.725391 0.895833 0.738672 0.895833 0.738672 0.916146 0.725391 0.916146
0 0.757031 0.909375 0.767578 0.909375 0.767578 0.928646 0.757031 0.928646
0 0.787109 0.909375 0.804297 0.909375 0.804297 0.93125 0.787109 0.93125
0 0.753906 0.944792 0.766406 0.944792 0.766406 0.959896 0.753906 0.959896
0 0.770703 0.973958 0.782422 0.973958 0.782422 0.992708 0.770703 0.992708
0 0.802344 0.955729 0.818359 0.955729 0.818359 0.972917 0.802344 0.972917
0 0.852734 0.939062 0.869141 0.939062 0.869141 0.964583 0.852734 0.964583
0 0.821094 0.910417 0.835938 0.910417 0.835938 0.930729 0.821094 0.930729
0 0.85 0.877604 0.8625 0.877604 0.8625 0.897396 0.85 0.897396
0 0.873438 0.873958 0.889062 0.873958 0.889062 0.890625 0.873438 0.890625
0 0.883203 0.914583 0.9 0.914583 0.9 0.933854 0.883203 0.933854
0 0.908984 0.936979 0.93125 0.936979 0.93125 0.957812 0.908984 0.957812
0 0.890625 0.961458 0.90625 0.961458 0.90625 0.984896 0.890625 0.984896
0 0.949609 0.921875 0.971094 0.921875 0.971094 0.948958 0.949609 0.948958
0 0.970312 0.958854 0.985938 0.958854 0.985938 0.986458 0.970312 0.986458
0 0.890234 0.843229 0.914844 0.843229 0.914844 0.863021 0.890234 0.863021
0 0.929688 0.869271 0.947656 0.869271 0.947656 0.89375 0.929688 0.89375
0 0.947266 0.825 0.964844 0.825 0.964844 0.849479 0.947266 0.849479
0 0.982031 0.818229 0.998047 0.818229 0.998047 0.844792 0.982031 0.844792
0 0.952344 0.761979 0.972266 0.761979 0.972266 0.790625 0.952344 0.790625
0 0.974609 0.719271 0.988281 0.719271 0.988281 0.746354 0.974609 0.746354
0 0.705859 0.004688 0.723438 0.004688 0.723438 0.025521 0.705859 0.025521
0 0.674219 0.0 0.694531 0.0 0.694531 0.007292 0.674219 0.007292
0 0.767188 0.055208 0.789453 0.055208 0.789453 0.084896 0.767188 0.084896
0 0.815234 0.079167 0.838672 0.079167 0.838672 0.101042 0.815234 0.101042
0 0.832422 0.025521 0.853906 0.025521 0.853906 0.046354 0.832422 0.046354
0 0.876953 0.067188 0.894922 0.067188 0.894922 0.088021 0.876953 0.088021
0 0.820703 0.144271 0.839062 0.144271 0.839062 0.166667 0.820703 0.166667
0 0.863672 0.116146 0.883594 0.116146 0.883594 0.141667 0.863672 0.141667
0 0.887109 0.003646 0.903125 0.003646 0.903125 0.027083 0.887109 0.027083
0 0.765625 0.182292 0.784766 0.182292 0.784766 0.206771 0.765625 0.206771
0 0.801172 0.188542 0.818359 0.188542 0.818359 0.213021 0.801172 0.213021
0 0.777344 0.234375 0.800391 0.234375 0.800391 0.254688 0.777344 0.254688
0 0.903906 0.041667 0.924219 0.041667 0.924219 0.058333 0.903906 0.058333
0 0.950391 0.065625 0.969922 0.065625 0.969922 0.084896 0.950391 0.084896
0 0.989453 0.075 0.999609 0.075 0.999609 0.094271 0.989453 0.094271
0 0.957422 0.013021 0.978906 0.013021 0.978906 0.031771 0.957422 0.031771
0 0.985938 0.0 0.999609 0.0 0.999609 0.016146 0.985938 0.016146
0 0.927734 0.110417 0.945703 0.110417 0.945703 0.129167 0.927734 0.129167
0 0.926172 0.157292 0.940625 0.157292 0.940625 0.173958 0.926172 0.173958
0 0.9625 0.142708 0.978516 0.142708 0.978516 0.159896 0.9625 0.159896
0 0.927734 0.19375 0.948828 0.19375 0.948828 0.213542 0.927734 0.213542
0 0.970312 0.238542 0.985156 0.238542 0.985156 0.261979 0.970312 0.261979
0 0.807422 0.26875 0.825781 0.26875 0.825781 0.294271 0.807422 0.294271
0 0.845312 0.235417 0.860156 0.235417 0.860156 0.266146 0.845312 0.266146
0 0.878516 0.179167 0.896094 0.179167 0.896094 0.205208 0.878516 0.205208
0 0.944141 0.263021 0.959766 0.263021 0.959766 0.284896 0.944141 0.284896
0 0.884766 0.297917 0.905078 0.297917 0.905078 0.331771 0.884766 0.331771
0 0.924219 0.31875 0.946484 0.31875 0.946484 0.345833 0.924219 0.345833
0 0.710938 0.340104 0.728516 0.340104 0.728516 0.366667 0.710938 0.366667
0 0.741016 0.341146 0.758984 0.341146 0.758984 0.373438 0.741016 0.373438
0 0.844922 0.313021 0.861328 0.313021 0.861328 0.332292 0.844922 0.332292
0 0.973047 0.291667 0.990234 0.291667 0.990234 0.318229 0.973047 0.318229
0 0.977734 0.377083 0.989453 0.377083 0.989453 0.398438 0.977734 0.398438
0 0.633594 0.392708 0.645312 0.392708 0.645312 0.409896 0.633594 0.409896
0 0.649609 0.419792 0.663672 0.419792 0.663672 0.441667 0.649609 0.441667
0 0.682812 0.418229 0.698438 0.418229 0.698438 0.445833 0.682812 0.445833
0 0.713281 0.385417 0.733594 0.385417 0.733594 0.405729 0.713281 0.405729
0 0.726562 0.4375 0.744531 0.4375 0.744531 0.460417 0.726562 0.460417
0 0.646875 0.473438 0.666406 0.473438 0.666406 0.493229 0.646875 0.493229
0 0.685547 0.486458 0.703906 0.486458 0.703906 0.506771 0.685547 0.506771
0 0.645703 0.505729 0.666406 0.505729 0.666406 0.527083 0.645703 0.527083
0 0.654297 0.553125 0.670312 0.553125 0.670312 0.582292 0.654297 0.582292
0 0.688672 0.569271 0.705469 0.569271 0.705469 0.599479 0.688672 0.599479
0 0.716797 0.546875 0.735547 0.546875 0.735547 0.576562 0.716797 0.576562
0 0.732812 0.507812 0.750391 0.507812 0.750391 0.534896 0.732812 0.534896
0 0.744922 0.46875 0.7625 0.46875 0.7625 0.491146 0.744922 0.491146
0 0.770312 0.475521 0.787109 0.475521 0.787109 0.504167 0.770312 0.504167
0 0.805469 0.461458 0.821875 0.461458 0.821875 0.484375 0.805469 0.484375
0 0.793359 0.418229 0.819141 0.418229 0.819141 0.442188 0.793359 0.442188
0 0.826172 0.501042 0.850391 0.501042 0.850391 0.530729 0.826172 0.530729
0 0.869922 0.522917 0.886328 0.522917 0.886328 0.55 0.869922 0.55
0 0.842578 0.557812 0.867188 0.557812 0.867188 0.58125 0.842578 0.58125
0 0.785547 0.569271 0.805859 0.569271 0.805859 0.599479 0.785547 0.599479
0 0.877344 0.601042 0.901953 0.601042 0.901953 0.624479 0.877344 0.624479
0 0.963281 0.529688 0.980078 0.529688 0.980078 0.554167 0.963281 0.554167
0 0.898438 0.649479 0.915625 0.649479 0.915625 0.672917 0.898438 0.672917
0 0.828906 0.619271 0.844922 0.619271 0.844922 0.651562 0.828906 0.651562
0 0.783203 0.625521 0.800391 0.625521 0.800391 0.656771 0.783203 0.656771
0 0.758594 0.629688 0.775781 0.629688 0.775781 0.656771 0.758594 0.656771
0 0.673047 0.657292 0.690625 0.657292 0.690625 0.684375 0.673047 0.684375
0 0.682812 0.620833 0.697656 0.620833 0.697656 0.64375 0.682812 0.64375
0 0.706641 0.646875 0.722266 0.646875 0.722266 0.66875 0.706641 0.66875
0 0.734766 0.625521 0.749219 0.625521 0.749219 0.652083 0.734766 0.652083
0 0.70625 0.677604 0.727734 0.677604 0.727734 0.704167 0.70625 0.704167
0 0.632422 0.753646 0.654688 0.753646 0.654688 0.775521 0.632422 0.775521
0 0.642188 0.70625 0.658594 0.70625 0.658594 0.738542 0.642188 0.738542
0 0.717578 0.723958 0.733984 0.723958 0.733984 0.750521 0.717578 0.750521
0 0.757422 0.711979 0.773047 0.711979 0.773047 0.740104 0.757422 0.740104
0 0.790234 0.682812 0.807422 0.682812 0.807422 0.715104 0.790234 0.715104
0 0.828906 0.697396 0.84375 0.697396 0.84375 0.730729 0.828906 0.730729
0 0.875 0.6875 0.889844 0.6875 0.889844 0.715625 0.875 0.715625
0 0.925 0.681771 0.9375 0.681771 0.9375 0.710417 0.925 0.710417
0 0.869531 0.738542 0.888672 0.738542 0.888672 0.767708 0.869531 0.767708
0 0.766797 0.780208 0.780859 0.780208 0.780859 0.804167 0.766797 0.804167
0 0.794141 0.778125 0.807812 0.778125 0.807812 0.803646 0.794141 0.803646
0 0.814453 0.788542 0.831641 0.788542 0.831641 0.814062 0.814453 0.814062
0 0.808203 0.748958 0.823828 0.748958 0.823828 0.770833 0.808203 0.770833
0 0.842578 0.778125 0.860156 0.778125 0.860156 0.809896 0.842578 0.809896
0 0.882031 0.794792 0.895703 0.794792 0.895703 0.811979 0.882031 0.811979
0 0.916406 0.779688 0.932422 0.779688 0.932422 0.804688 0.916406 0.804688
0 0.892578 0.724479 0.90625 0.724479 0.90625 0.742708 0.892578 0.742708
0 0.952344 0.708854 0.969531 0.708854 0.969531 0.734375 0.952344 0.734375