0 0.087891 0.749479 0.101953 0.749479 0.101953 0.779167 0.087891 0.779167
0 0.094922 0.803646 0.110938 0.803646 0.110938 0.833333 0.094922 0.833333
0 0.125 0.922917 0.139062 0.922917 0.139062 0.952083 0.125 0.952083
0 0.08125 0.856771 0.098828 0.856771 0.098828 0.8875 0.08125 0.8875
0 0.162891 0.923958 0.183203 0.923958 0.183203 0.948438 0.162891 0.948438
0 0.011328 0.641667 0.040625 0.641667 0.040625 0.669271 0.011328 0.669271
0 0.034766 0.159375 0.057031 0.159375 0.057031 0.181771 0.034766 0.181771
0 0.03125 0.2 0.049609 0.2 0.049609 0.215625 0.03125 0.215625
0 0.034766 0.241146 0.051562 0.241146 0.051562 0.260938 0.034766 0.260938
0 0.078906 0.229167 0.1 0.229167 0.1 0.25625 0.078906 0.25625
0 0.061328 0.263542 0.080859 0.263542 0.080859 0.2875 0.061328 0.2875
0 0.089062 0.318229 0.110156 0.318229 0.110156 0.341667 0.089062 0.341667
0 0.109375 0.347396 0.130078 0.347396 0.130078 0.365625 0.109375 0.365625
0 0.150391 0.319271 0.170703 0.319271 0.170703 0.341146 0.150391 0.341146
0 0.159375 0.221875 0.178906 0.221875 0.178906 0.246354 0.159375 0.246354
0 0.030859 0.101042 0.052344 0.101042 0.052344 0.125 0.030859 0.125
0 0.033203 0.038542 0.057031 0.038542 0.057031 0.067188 0.033203 0.067188
0 0.071484 0.06875 0.087109 0.06875 0.087109 0.092708 0.071484 0.092708
0 0.090625 0.115104 0.107422 0.115104 0.107422 0.139062 0.090625 0.139062
0 0.124219 0.145833 0.139844 0.145833 0.139844 0.169792 0.124219 0.169792
0 0.062109 0.139062 0.077344 0.139062 0.077344 0.169792 0.062109 0.169792
0 0.094141 0.176042 0.112109 0.176042 0.112109 0.203125 0.094141 0.203125
0 0.192578 0.278125 0.208594 0.278125 0.208594 0.298958 0.192578 0.298958
0 0.169531 0.173958 0.192578 0.173958 0.192578 0.196354 0.169531 0.196354
0 0.234766 0.283333 0.251953 0.283333 0.251953 0.302083 0.234766 0.302083
0 0.228125 0.324479 0.243359 0.324479 0.243359 0.345833 0.228125 0.345833
0 0.199609 0.35625 0.220312 0.35625 0.220312 0.374479 0.199609 0.374479
0 0.171094 0.382812 0.188672 0.382812 0.188672 0.407292 0.171094 0.407292
0 0.198047 0.388021 0.214844 0.388021 0.214844 0.4125 0.198047 0.4125
0 0.160938 0.419792 0.175781 0.419792 0.175781 0.455729 0.160938 0.455729
0 0.141016 0.441146 0.156641 0.441146 0.156641 0.464583 0.141016 0.464583
0 0.197266 0.470833 0.215625 0.470833 0.215625 0.494271 0.197266 0.494271
0 0.207812 0.438021 0.227344 0.438021 0.227344 0.457812 0.207812 0.457812
0 0.237891 0.46875 0.254688 0.46875 0.254688 0.4875 0.237891 0.4875
0 0.253516 0.441146 0.271094 0.441146 0.271094 0.466667 0.253516 0.466667
0 0.301172 0.427083 0.321094 0.427083 0.321094 0.453646 0.301172 0.453646
0 0.26875 0.369271 0.284766 0.369271 0.284766 0.396354 0.26875 0.396354
0 0.242578 0.396354 0.2625 0.396354 0.2625 0.417708 0.242578 0.417708
0 0.301953 0.495312 0.321094 0.495312 0.321094 0.517188 0.301953 0.517188
0 0.261719 0.540625 0.277344 0.540625 0.277344 0.571354 0.261719 0.571354
0 0.225781 0.566146 0.247266 0.566146 0.247266 0.588542 0.225781 0.588542
0 0.283984 0.553646 0.304688 0.553646 0.304688 0.573438 0.283984 0.573438
0 0.272656 0.595833 0.294922 0.595833 0.294922 0.611979 0.272656 0.611979
0 0.360156 0.517188 0.374219 0.517188 0.374219 0.548958 0.360156 0.548958
0 0.337109 0.603125 0.3625 0.603125 0.3625 0.629688 0.337109 0.629688
0 0.062109 0.002604 0.075781 0.002604 0.075781 0.025521 0.062109 0.025521
0 0.202734 0.154688 0.218359 0.154688 0.218359 0.184375 0.202734 0.184375
0 0.224609 0.133854 0.245703 0.133854 0.245703 0.159896 0.224609 0.159896
0 0.233203 0.098438 0.248438 0.098438 0.248438 0.115625 0.233203 0.115625
0 0.121484 0.019271 0.139453 0.019271 0.139453 0.034375 0.121484 0.034375
0 0.137891 0.197917 0.152344 0.197917 0.152344 0.219792 0.137891 0.219792
0 0.002344 0.138542 0.022266 0.138542 0.022266 0.156771 0.002344 0.156771
0 0.119141 0.096354 0.141797 0.096354 0.141797 0.11875 0.119141 0.11875
0 0.301562 0.103646 0.321094 0.103646 0.321094 0.128646 0.301562 0.128646
0 0.346094 0.052083 0.364844 0.052083 0.364844 0.078125 0.346094 0.078125
0 0.312891 0.182812 0.331641 0.182812 0.331641 0.208854 0.312891 0.208854
0 0.291016 0.263542 0.312109 0.263542 0.312109 0.292708 0.291016 0.292708
0 0.333984 0.317708 0.347656 0.317708 0.347656 0.339062 0.333984 0.339062
0 0.361328 0.257292 0.383984 0.257292 0.383984 0.281771 0.361328 0.281771
0 0.351562 0.205208 0.36875 0.205208 0.36875 0.235417 0.351562 0.235417
0 0.367969 0.138542 0.385938 0.138542 0.385938 0.160938 0.367969 0.160938
0 0.347656 0.100521 0.365625 0.100521 0.365625 0.124479 0.347656 0.124479
0 0.399609 0.105208 0.420703 0.105208 0.420703 0.126562 0.399609 0.126562
0 0.402734 0.160938 0.419141 0.160938 0.419141 0.184896 0.402734 0.184896
0 0.433594 0.207292 0.451562 0.207292 0.451562 0.225 0.433594 0.225
0 0.380078 0.226042 0.399609 0.226042 0.399609 0.245312 0.380078 0.245312
0 0.3875 0.301562 0.407031 0.301562 0.407031 0.323958 0.3875 0.323958
0 0.379297 0.343229 0.399609 0.343229 0.399609 0.366146 0.379297 0.366146
0 0.411719 0.334896 0.429688 0.334896 0.429688 0.361979 0.411719 0.361979
0 0.433594 0.310938 0.454688 0.310938 0.454688 0.330729 0.433594 0.330729
0 0.466016 0.315625 0.483984 0.315625 0.483984 0.340104 0.466016 0.340104
0 0.448047 0.351042 0.467578 0.351042 0.467578 0.371354 0.448047 0.371354
0 0.433594 0.125521 0.454688 0.125521 0.454688 0.150521 0.433594 0.150521
0 0.461719 0.110417 0.482812 0.110417 0.482812 0.135417 0.461719 0.135417
0 0.413672 0.498438 0.430469 0.498438 0.430469 0.519271 0.413672 0.519271
0 0.476953 0.483333 0.498438 0.483333 0.498438 0.504687 0.476953 0.504687
0 0.464062 0.519271 0.484375 0.519271 0.484375 0.536458 0.464062 0.536458
0 0.426562 0.529688 0.45 0.529688 0.45 0.553125 0.426562 0.553125
0 0.537891 0.458854 0.558594 0.458854 0.558594 0.491667 0.537891 0.491667
0 0.513281 0.541146 0.530859 0.541146 0.530859 0.570312 0.513281 0.570312
0 0.497656 0.218229 0.526953 0.218229 0.526953 0.241667 0.497656 0.241667
0 0.380078 0.184375 0.403516 0.184375 0.403516 0.203646 0.380078 0.203646
0 0.496484 0.163021 0.510156 0.163021 0.510156 0.185938 0.496484 0.185938
0 0.419922 0.272917 0.438281 0.272917 0.438281 0.293229 0.419922 0.293229
0 0.398047 0.028125 0.418359 0.028125 0.418359 0.049479 0.398047 0.049479
0 0.505469 0.26875 0.523047 0.26875 0.523047 0.285938 0.505469 0.285938
0 0.557031 0.233333 0.577734 0.233333 0.577734 0.253125 0.557031 0.253125
0 0.565234 0.304167 0.583203 0.304167 0.583203 0.327604 0.565234 0.327604
0 0.512109 0.017188 0.528516 0.017188 0.528516 0.043229 0.512109 0.043229
0 0.508984 0.0625 0.530078 0.0625 0.530078 0.085938 0.508984 0.085938
0 0.672656 0.197396 0.694922 0.197396 0.694922 0.225 0.672656 0.225
0 0.712891 0.239583 0.733594 0.239583 0.733594 0.264062 0.712891 0.264062
0 0.7375 0.261458 0.753906 0.261458 0.753906 0.282292 0.7375 0.282292
0 0.811328 0.244792 0.833984 0.244792 0.833984 0.276042 0.811328 0.276042
0 0.815234 0.1875 0.838672 0.1875 0.838672 0.211979 0.815234 0.211979
0 0.667969 0.076562 0.690625 0.076562 0.690625 0.101562 0.667969 0.101562
0 0.630078 0.039062 0.647656 0.039062 0.647656 0.067708 0.630078 0.067708
0 0.744922 0.076042 0.7625 0.076042 0.7625 0.099479 0.744922 0.099479
0 0.901953 0.221875 0.920312 0.221875 0.920312 0.246875 0.901953 0.246875
0 0.858984 0.26875 0.878516 0.26875 0.878516 0.285938 0.858984 0.285938
0 0.817188 0.130729 0.832812 0.130729 0.832812 0.158333 0.817188 0.158333
0 0.7875 0.370312 0.807031 0.370312 0.807031 0.391146 0.7875 0.391146
0 0.824219 0.393229 0.842969 0.393229 0.842969 0.414583 0.824219 0.414583
0 0.912109 0.281771 0.927734 0.281771 0.927734 0.309375 0.912109 0.309375
0 0.319141 0.65625 0.339453 0.65625 0.339453 0.684375 0.319141 0.684375
0 0.344531 0.645312 0.370312 0.645312 0.370312 0.668229 0.344531 0.668229
0 0.406641 0.60625 0.423828 0.60625 0.423828 0.625 0.406641 0.625
0 0.486719 0.608854 0.50625 0.608854 0.50625 0.633333 0.486719 0.633333
0 0.54375 0.616146 0.560547 0.616146 0.560547 0.640104 0.54375 0.640104
0 0.567969 0.527604 0.583203 0.527604 0.583203 0.553646 0.567969 0.553646
0 0.646484 0.576042 0.664453 0.576042 0.664453 0.60625 0.646484 0.60625
0 0.664453 0.549479 0.679688 0.549479 0.679688 0.576042 0.664453 0.576042
0 0.691797 0.545833 0.708203 0.545833 0.708203 0.571875 0.691797 0.571875
0 0.698438 0.505208 0.715234 0.505208 0.715234 0.535417 0.698438 0.535417
0 0.725 0.505208 0.741406 0.505208 0.741406 0.536458 0.725 0.536458
0 0.714453 0.555729 0.732422 0.555729 0.732422 0.586979 0.714453 0.586979
0 0.487891 0.657292 0.503125 0.657292 0.503125 0.686458 0.487891 0.686458
0 0.519141 0.664583 0.535547 0.664583 0.535547 0.691667 0.519141 0.691667
0 0.400391 0.677604 0.424609 0.677604 0.424609 0.698438 0.400391 0.698438
0 0.310156 0.696875 0.328906 0.696875 0.328906 0.716667 0.310156 0.716667
0 0.345312 0.707812 0.362109 0.707812 0.362109 0.732812 0.345312 0.732812
0 0.364453 0.789062 0.380859 0.789062 0.380859 0.807292 0.364453 0.807292
0 0.387109 0.773438 0.407422 0.773438 0.407422 0.794271 0.387109 0.794271
0 0.414062 0.728646 0.430078 0.728646 0.430078 0.754167 0.414062 0.754167
0 0.454688 0.734896 0.477344 0.734896 0.477344 0.75625 0.454688 0.75625
0 0.492578 0.782292 0.513672 0.782292 0.513672 0.805208 0.492578 0.805208
0 0.435156 0.782292 0.450391 0.782292 0.450391 0.804167 0.435156 0.804167
0 0.402734 0.807292 0.422266 0.807292 0.422266 0.825521 0.402734 0.825521
0 0.457812 0.834375 0.478906 0.834375 0.478906 0.855729 0.457812 0.855729
0 0.4375 0.871875 0.453516 0.871875 0.453516 0.894271 0.4375 0.894271
0 0.523438 0.836458 0.542188 0.836458 0.542188 0.865625 0.523438 0.865625
0 0.383984 0.848958 0.400781 0.848958 0.400781 0.871354 0.383984 0.871354
0 0.417578 0.836458 0.43125 0.836458 0.43125 0.858854 0.417578 0.858854
0 0.573438 0.901042 0.592188 0.901042 0.592188 0.933333 0.573438 0.933333
0 0.489062 0.946354 0.504687 0.946354 0.504687 0.970312 0.489062 0.970312
0 0.546875 0.944792 0.567969 0.944792 0.567969 0.975521 0.546875 0.975521
0 0.580859 0.961458 0.6 0.961458 0.6 0.989583 0.580859 0.989583
0 0.621484 0.932812 0.639844 0.932812 0.639844 0.964062 0.621484 0.964062
0 0.569531 0.840104 0.582812 0.840104 0.582812 0.871354 0.569531 0.871354
0 0.608984 0.857812 0.63125 0.857812 0.63125 0.873958 0.608984 0.873958
0 0.633594 0.876562 0.649219 0.876562 0.649219 0.909375 0.633594 0.909375
0 0.663672 0.891667 0.68125 0.891667 0.68125 0.920312 0.663672 0.920312
0 0.645703 0.961458 0.667578 0.961458 0.667578 0.990104 0.645703 0.990104
0 0.378516 0.704688 0.393359 0.704688 0.393359 0.729167 0.378516 0.729167
0 0.657031 0.801042 0.670703 0.801042 0.670703 0.832292 0.657031 0.832292
0 0.49375 0.728125 0.511328 0.728125 0.511328 0.744792 0.49375 0.744792
0 0.569141 0.74375 0.584375 0.74375 0.584375 0.769792 0.569141 0.769792
0 0.59375 0.769792 0.6125 0.769792 0.6125 0.793229 0.59375 0.793229
0 0.612891 0.805729 0.632812 0.805729 0.632812 0.825 0.612891 0.825
0 0.614453 0.636979 0.629297 0.636979 0.629297 0.661458 0.614453 0.661458
0 0.623047 0.604688 0.640625 0.604688 0.640625 0.629167 0.623047 0.629167
0 0.664453 0.621875 0.683203 0.621875 0.683203 0.654167 0.664453 0.654167
0 0.63125 0.6875 0.646094 0.6875 0.646094 0.710938 0.63125 0.710938
0 0.658984 0.672396 0.673828 0.672396 0.673828 0.696354 0.658984 0.696354
0 0.785156 0.524479 0.798047 0.524479 0.798047 0.554167 0.785156 0.554167
0 0.775 0.584896 0.794141 0.584896 0.794141 0.613542 0.775 0.613542
0 0.702734 0.636979 0.716406 0.636979 0.716406 0.657812 0.702734 0.657812
0 0.721094 0.703646 0.735938 0.703646 0.735938 0.735938 0.721094 0.735938
0 0.760938 0.744271 0.780469 0.744271 0.780469 0.769271 0.760938 0.769271
0 0.730469 0.777604 0.748828 0.777604 0.748828 0.803646 0.730469 0.803646
0 0.696875 0.828646 0.717578 0.828646 0.717578 0.850521 0.696875 0.850521
0 0.696094 0.796354 0.708984 0.796354 0.708984 0.817188 0.696094 0.817188
0 0.768359 0.798958 0.783203 0.798958 0.783203 0.828646 0.768359 0.828646
0 0.753516 0.854167 0.769141 0.854167 0.769141 0.879167 0.753516 0.879167
0 0.779297 0.866667 0.796875 0.866667 0.796875 0.896354 0.779297 0.896354
0 0.798047 0.91875 0.816406 0.91875 0.816406 0.943229 0.798047 0.943229
0 0.871094 0.829688 0.890625 0.829688 0.890625 0.846875 0.871094 0.846875
0 0.88125 0.557812 0.903516 0.557812 0.903516 0.582292 0.88125 0.582292
0 0.918359 0.585938 0.940625 0.585938 0.940625 0.609375 0.918359 0.609375
0 0.958984 0.636979 0.973047 0.636979 0.973047 0.656771 0.958984 0.656771
0 0.972266 0.676562 0.991406 0.676562 0.991406 0.7 0.972266 0.7
0 0.916406 0.777604 0.93125 0.777604 0.93125 0.804688 0.916406 0.804688
0 0.972266 0.93125 0.988672 0.93125 0.988672 0.948438 0.972266 0.948438
0 0.885156 0.856771 0.903516 0.856771 0.903516 0.880208 0.885156 0.880208
0 0.820312 0.611979 0.836719 0.611979 0.836719 0.636979 0.820312 0.636979
0 0.75 0.547917 0.764453 0.547917 0.764453 0.578646 0.75 0.578646
0 0.836719 0.870312 0.85625 0.870312 0.85625 0.889062 0.836719 0.889062
0 0.886719 0.692188 0.9 0.692188 0.9 0.714583 0.886719 0.714583
0 0.920312 0.645312 0.938672 0.645312 0.938672 0.66875 0.920312 0.66875
0 0.855859 0.350521 0.872266 0.350521 0.872266 0.36875 0.855859 0.36875
0 0.667578 0.126562 0.683984 0.126562 0.683984 0.159896 0.667578 0.159896
0 0.7 0.171875 0.717578 0.171875 0.717578 0.191146 0.7 0.191146
0 0.726562 0.191146 0.745703 0.191146 0.745703 0.220833 0.726562 0.220833
0 0.814062 0.069792 0.836719 0.069792 0.836719 0.090104 0.814062 0.090104
0 0.804297 0.574479 0.820312 0.574479 0.820312 0.6 0.804297 0.6