0 0.508594 0.317708 0.530859 0.317708 0.530859 0.335417 0.508594 0.335417
0 0.538672 0.309375 0.557422 0.309375 0.557422 0.332812 0.538672 0.332812
0 0.576172 0.294271 0.596484 0.294271 0.596484 0.322396 0.576172 0.322396
0 0.608203 0.269792 0.627344 0.269792 0.627344 0.290625 0.608203 0.290625
0 0.508984 0.349479 0.534375 0.349479 0.534375 0.372917 0.508984 0.372917
0 0.55625 0.348958 0.576953 0.348958 0.576953 0.373958 0.55625 0.373958
0 0.580078 0.334896 0.596875 0.334896 0.596875 0.359896 0.580078 0.359896
0 0.604297 0.311979 0.623047 0.311979 0.623047 0.340104 0.604297 0.340104
0 0.630078 0.291146 0.657031 0.291146 0.657031 0.313542 0.630078 0.313542
0 0.630469 0.260938 0.650781 0.260938 0.650781 0.278646 0.630469 0.278646
0 0.653906 0.235417 0.674609 0.235417 0.674609 0.254688 0.653906 0.254688
0 0.675391 0.259896 0.697656 0.259896 0.697656 0.28125 0.675391 0.28125
0 0.691406 0.297396 0.711719 0.297396 0.711719 0.316667 0.691406 0.316667
0 0.69375 0.327604 0.711328 0.327604 0.711328 0.357292 0.69375 0.357292
0 0.646094 0.327083 0.670312 0.327083 0.670312 0.350521 0.646094 0.350521
0 0.624609 0.351042 0.641016 0.351042 0.641016 0.379167 0.624609 0.379167
0 0.655078 0.367188 0.676562 0.367188 0.676562 0.385417 0.655078 0.385417
0 0.672656 0.388542 0.691406 0.388542 0.691406 0.406771 0.672656 0.406771
0 0.682422 0.411979 0.701562 0.411979 0.701562 0.4375 0.682422 0.4375
0 0.596484 0.370833 0.617969 0.370833 0.617969 0.402083 0.596484 0.402083
0 0.629297 0.395833 0.645312 0.395833 0.645312 0.422917 0.629297 0.422917
0 0.648438 0.41875 0.672266 0.41875 0.672266 0.439583 0.648438 0.439583
0 0.689453 0.451562 0.710938 0.451562 0.710938 0.473438 0.689453 0.473438
0 0.697656 0.494271 0.714062 0.494271 0.714062 0.520833 0.697656 0.520833
0 0.663281 0.470833 0.684766 0.470833 0.684766 0.494792 0.663281 0.494792
0 0.626953 0.463542 0.644922 0.463542 0.644922 0.495833 0.626953 0.495833
0 0.583203 0.426042 0.610156 0.426042 0.610156 0.451042 0.583203 0.451042
0 0.558984 0.396875 0.577344 0.396875 0.577344 0.424479 0.558984 0.424479
0 0.533203 0.379688 0.553906 0.379688 0.553906 0.40625 0.533203 0.40625
0 0.511719 0.390104 0.529688 0.390104 0.529688 0.416667 0.511719 0.416667
0 0.494531 0.405729 0.515234 0.405729 0.515234 0.430729 0.494531 0.430729
0 0.485938 0.442708 0.508594 0.442708 0.508594 0.471875 0.485938 0.471875
0 0.542578 0.4375 0.562891 0.4375 0.562891 0.465625 0.542578 0.465625
0 0.564062 0.482812 0.587109 0.482812 0.587109 0.504687 0.564062 0.504687
0 0.516406 0.470312 0.537109 0.470312 0.537109 0.491146 0.516406 0.491146
0 0.717578 0.4375 0.735938 0.4375 0.735938 0.467188 0.717578 0.467188
0 0.713281 0.310938 0.739453 0.310938 0.739453 0.335938 0.713281 0.335938
0 0.723438 0.353646 0.744531 0.353646 0.744531 0.376562 0.723438 0.376562
0 0.710547 0.361458 0.728125 0.361458 0.728125 0.385938 0.710547 0.385938
0 0.680469 0.367708 0.701172 0.367708 0.701172 0.386458 0.680469 0.386458
0 0.593359 0.748438 0.612109 0.748438 0.612109 0.771875 0.593359 0.771875
0 0.621484 0.734896 0.644141 0.734896 0.644141 0.760938 0.621484 0.760938
0 0.641797 0.718229 0.664844 0.718229 0.664844 0.747917 0.641797 0.747917
0 0.615234 0.6875 0.640234 0.6875 0.640234 0.713542 0.615234 0.713542
0 0.633203 0.639062 0.655469 0.639062 0.655469 0.665625 0.633203 0.665625
0 0.661719 0.658333 0.679297 0.658333 0.679297 0.681771 0.661719 0.681771
0 0.675781 0.647396 0.693359 0.647396 0.693359 0.666146 0.675781 0.666146
0 0.676172 0.614062 0.697656 0.614062 0.697656 0.635417 0.676172 0.635417
0 0.696875 0.559896 0.714453 0.559896 0.714453 0.584896 0.696875 0.584896
0 0.679297 0.509375 0.697266 0.509375 0.697266 0.534896 0.679297 0.534896
0 0.651953 0.527083 0.669531 0.527083 0.669531 0.553125 0.651953 0.553125
0 0.635938 0.547917 0.660938 0.547917 0.660938 0.575521 0.635938 0.575521
0 0.614844 0.578125 0.636328 0.578125 0.636328 0.604688 0.614844 0.604688
0 0.595703 0.560417 0.6125 0.560417 0.6125 0.590104 0.595703 0.590104
0 0.610547 0.543229 0.630078 0.543229 0.630078 0.567188 0.610547 0.567188
0 0.582031 0.535417 0.598828 0.535417 0.598828 0.557812 0.582031 0.557812
0 0.558203 0.556771 0.571484 0.556771 0.571484 0.575 0.558203 0.575
0 0.574609 0.60625 0.598047 0.60625 0.598047 0.639583 0.574609 0.639583
0 0.601562 0.650521 0.623047 0.650521 0.623047 0.671875 0.601562 0.671875
0 0.440234 0.398958 0.459766 0.398958 0.459766 0.417708 0.440234 0.417708
0 0.459766 0.427083 0.477734 0.427083 0.477734 0.442708 0.459766 0.442708
0 0.443359 0.434375 0.460547 0.434375 0.460547 0.456771 0.443359 0.456771
0 0.457422 0.466146 0.477734 0.466146 0.477734 0.491667 0.457422 0.491667
0 0.430078 0.482812 0.452344 0.482812 0.452344 0.502604 0.430078 0.502604
0 0.426953 0.509375 0.445312 0.509375 0.445312 0.527604 0.426953 0.527604
0 0.485938 0.529688 0.504297 0.529688 0.504297 0.548438 0.485938 0.548438
0 0.50625 0.498958 0.523438 0.498958 0.523438 0.523438 0.50625 0.523438
0 0.532422 0.516667 0.553906 0.516667 0.553906 0.540625 0.532422 0.540625
0 0.513281 0.570833 0.535156 0.570833 0.535156 0.595312 0.513281 0.595312
0 0.456641 0.536458 0.475 0.536458 0.475 0.561979 0.456641 0.561979
0 0.470703 0.571875 0.489062 0.571875 0.489062 0.596875 0.470703 0.596875
0 0.486328 0.592188 0.507031 0.592188 0.507031 0.61875 0.486328 0.61875
0 0.511328 0.607812 0.532031 0.607812 0.532031 0.632812 0.511328 0.632812
0 0.541406 0.627604 0.558203 0.627604 0.558203 0.653125 0.541406 0.653125
0 0.401953 0.522396 0.420312 0.522396 0.420312 0.550521 0.401953 0.550521
0 0.425781 0.54375 0.450391 0.54375 0.450391 0.560938 0.425781 0.560938
0 0.369531 0.519271 0.385547 0.519271 0.385547 0.540625 0.369531 0.540625
0 0.392188 0.563021 0.414062 0.563021 0.414062 0.596875 0.392188 0.596875
0 0.427344 0.571354 0.446094 0.571354 0.446094 0.594271 0.427344 0.594271
0 0.451953 0.599479 0.467578 0.599479 0.467578 0.627083 0.451953 0.627083
0 0.543359 0.683854 0.562109 0.683854 0.562109 0.707292 0.543359 0.707292
0 0.521484 0.689062 0.539844 0.689062 0.539844 0.711979 0.521484 0.711979
0 0.489844 0.701562 0.510547 0.701562 0.510547 0.723438 0.489844 0.723438
0 0.487891 0.633854 0.509375 0.633854 0.509375 0.651562 0.487891 0.651562
0 0.502734 0.654167 0.520703 0.654167 0.520703 0.672396 0.502734 0.672396
0 0.48125 0.6625 0.496094 0.6625 0.496094 0.682812 0.48125 0.682812
0 0.445703 0.666667 0.467188 0.666667 0.467188 0.689583 0.445703 0.689583
0 0.409766 0.622917 0.438672 0.622917 0.438672 0.646354 0.409766 0.646354
0 0.376172 0.65 0.400781 0.65 0.400781 0.676042 0.376172 0.676042
0 0.719922 0.485417 0.736719 0.485417 0.736719 0.5125 0.719922 0.5125
0 0.534766 0.738542 0.558203 0.738542 0.558203 0.765625 0.534766 0.765625
0 0.556641 0.773438 0.583984 0.773438 0.583984 0.804167 0.556641 0.804167
0 0.472266 0.715104 0.491797 0.715104 0.491797 0.736979 0.472266 0.736979
0 0.44375 0.708854 0.464844 0.708854 0.464844 0.733854 0.44375 0.733854
0 0.420703 0.675 0.441797 0.675 0.441797 0.703646 0.420703 0.703646
0 0.491797 0.743229 0.508984 0.743229 0.508984 0.765625 0.491797 0.765625
0 0.476953 0.776042 0.494141 0.776042 0.494141 0.794792 0.476953 0.794792
0 0.465625 0.752083 0.485938 0.752083 0.485938 0.774479 0.465625 0.774479
0 0.442578 0.746354 0.456641 0.746354 0.456641 0.765625 0.442578 0.765625
0 0.420703 0.745312 0.443359 0.745312 0.443359 0.772917 0.420703 0.772917
0 0.395703 0.715104 0.415625 0.715104 0.415625 0.738021 0.395703 0.738021
0 0.371875 0.6875 0.394922 0.6875 0.394922 0.708854 0.371875 0.708854
0 0.335938 0.7 0.358594 0.7 0.358594 0.723438 0.335938 0.723438
0 0.355859 0.732812 0.374609 0.732812 0.374609 0.753125 0.355859 0.753125
0 0.378516 0.75 0.400781 0.75 0.400781 0.770833 0.378516 0.770833
0 0.373438 0.777083 0.389844 0.777083 0.389844 0.8 0.373438 0.8
0 0.353516 0.792708 0.372266 0.792708 0.372266 0.810938 0.353516 0.810938
0 0.3375 0.802604 0.358984 0.802604 0.358984 0.823438 0.3375 0.823438
0 0.344922 0.759896 0.365625 0.759896 0.365625 0.78125 0.344922 0.78125
0 0.3125 0.753125 0.333203 0.753125 0.333203 0.782812 0.3125 0.782812
0 0.287109 0.734896 0.309375 0.734896 0.309375 0.757812 0.287109 0.757812
0 0.303906 0.705208 0.328125 0.705208 0.328125 0.730208 0.303906 0.730208
0 0.350391 0.542708 0.36875 0.542708 0.36875 0.565625 0.350391 0.565625
0 0.353516 0.577604 0.375 0.577604 0.375 0.60625 0.353516 0.60625
0 0.329688 0.581771 0.352344 0.581771 0.352344 0.609375 0.329688 0.609375
0 0.303125 0.570312 0.320703 0.570312 0.320703 0.596354 0.303125 0.596354
0 0.320703 0.615104 0.346875 0.615104 0.346875 0.636979 0.320703 0.636979
0 0.3375 0.6375 0.358984 0.6375 0.358984 0.659375 0.3375 0.659375
0 0.3125 0.661458 0.335547 0.661458 0.335547 0.680208 0.3125 0.680208
0 0.267969 0.670833 0.286328 0.670833 0.286328 0.696354 0.267969 0.696354
0 0.261328 0.714583 0.28125 0.714583 0.28125 0.735417 0.261328 0.735417
0 0.240625 0.702604 0.260938 0.702604 0.260938 0.725 0.240625 0.725
0 0.222656 0.7375 0.245312 0.7375 0.245312 0.759375 0.222656 0.759375
0 0.253125 0.747396 0.275391 0.747396 0.275391 0.766667 0.253125 0.766667
0 0.498047 0.154688 0.517188 0.154688 0.517188 0.186979 0.498047 0.186979
0 0.528516 0.169271 0.549219 0.169271 0.549219 0.19375 0.528516 0.19375
0 0.558984 0.188021 0.585156 0.188021 0.585156 0.202604 0.558984 0.202604
0 0.643359 0.163542 0.662109 0.163542 0.662109 0.18125 0.643359 0.18125
0 0.697656 0.106771 0.717969 0.106771 0.717969 0.133333 0.697656 0.133333
0 0.729688 0.063021 0.756641 0.063021 0.756641 0.088021 0.729688 0.088021
0 0.721875 0.020312 0.745703 0.020312 0.745703 0.05 0.721875 0.05
0 0.698047 0.019271 0.720703 0.019271 0.720703 0.05 0.698047 0.05
0 0.673828 0.044792 0.696484 0.044792 0.696484 0.077604 0.673828 0.077604
0 0.670312 0.0875 0.694141 0.0875 0.694141 0.1125 0.670312 0.1125
0 0.631641 0.108333 0.662109 0.108333 0.662109 0.13125 0.631641 0.13125
0 0.619531 0.138542 0.635938 0.138542 0.635938 0.165625 0.619531 0.165625
0 0.570703 0.118229 0.590625 0.118229 0.590625 0.148958 0.570703 0.148958
0 0.598438 0.094792 0.622656 0.094792 0.622656 0.119792 0.598438 0.119792
0 0.641406 0.06875 0.663281 0.06875 0.663281 0.092708 0.641406 0.092708
0 0.550391 0.156771 0.574219 0.156771 0.574219 0.181771 0.550391 0.181771
0 0.533594 0.131771 0.554297 0.131771 0.554297 0.155208 0.533594 0.155208
0 0.503906 0.122917 0.528125 0.122917 0.528125 0.145833 0.503906 0.145833
0 0.510547 0.090625 0.528516 0.090625 0.528516 0.114583 0.510547 0.114583
0 0.489453 0.080208 0.505859 0.080208 0.505859 0.111979 0.489453 0.111979
0 0.468359 0.070312 0.483984 0.070312 0.483984 0.094271 0.468359 0.094271
0 0.451172 0.057292 0.467578 0.057292 0.467578 0.084375 0.451172 0.084375
0 0.544531 0.089062 0.569141 0.089062 0.569141 0.111979 0.544531 0.111979
0 0.582812 0.068229 0.6 0.068229 0.6 0.089583 0.582812 0.089583
0 0.614453 0.053646 0.632812 0.053646 0.632812 0.076562 0.614453 0.076562
0 0.6875 0.0 0.708203 0.0 0.708203 0.016667 0.6875 0.016667
0 0.657812 0.013542 0.674219 0.013542 0.674219 0.047396 0.657812 0.047396
0 0.633984 0.022396 0.654297 0.022396 0.654297 0.046875 0.633984 0.046875
0 0.60625 0.024479 0.623828 0.024479 0.623828 0.04375 0.60625 0.04375
0 0.574609 0.005729 0.597266 0.005729 0.597266 0.025521 0.574609 0.025521
0 0.586328 0.036458 0.602344 0.036458 0.602344 0.064062 0.586328 0.064062
0 0.55625 0.050521 0.575 0.050521 0.575 0.073958 0.55625 0.073958
0 0.545312 0.020312 0.565625 0.020312 0.565625 0.045312 0.545312 0.045312
0 0.521875 0.014583 0.541016 0.014583 0.541016 0.041146 0.521875 0.041146
0 0.493359 0.019271 0.513672 0.019271 0.513672 0.04375 0.493359 0.04375
0 0.984766 0.015625 0.998828 0.015625 0.998828 0.036979 0.984766 0.036979
0 0.939453 0.002604 0.958203 0.002604 0.958203 0.033854 0.939453 0.033854
0 0.898438 0.018229 0.916406 0.018229 0.916406 0.051042 0.898438 0.051042
0 0.858203 0.001562 0.882422 0.001562 0.882422 0.027083 0.858203 0.027083
0 0.853125 0.045833 0.876172 0.045833 0.876172 0.071354 0.853125 0.071354
0 0.845703 0.083854 0.874219 0.083854 0.874219 0.103646 0.845703 0.103646
0 0.912109 0.067188 0.939062 0.067188 0.939062 0.091667 0.912109 0.091667
0 0.926172 0.033333 0.947656 0.033333 0.947656 0.058854 0.926172 0.058854
0 0.963281 0.046875 0.980469 0.046875 0.980469 0.073438 0.963281 0.073438
0 0.947656 0.077083 0.960938 0.077083 0.960938 0.093229 0.947656 0.093229
0 0.969531 0.100521 0.984766 0.100521 0.984766 0.120312 0.969531 0.120312
0 0.988281 0.115625 0.999609 0.115625 0.999609 0.132812 0.988281 0.132812
0 0.987109 0.147396 0.999609 0.147396 0.999609 0.167708 0.987109 0.167708
0 0.980859 0.176042 0.999609 0.176042 0.999609 0.201042 0.980859 0.201042
0 0.939062 0.117708 0.957031 0.117708 0.957031 0.143229 0.939062 0.143229
0 0.9125 0.126042 0.930078 0.126042 0.930078 0.144792 0.9125 0.144792
0 0.891406 0.142188 0.910156 0.142188 0.910156 0.172396 0.891406 0.172396
0 0.869141 0.14375 0.884375 0.14375 0.884375 0.164583 0.869141 0.164583
0 0.841797 0.170312 0.862891 0.170312 0.862891 0.198958 0.841797 0.198958
0 0.908984 0.166667 0.930469 0.166667 0.930469 0.186458 0.908984 0.186458
0 0.9375 0.160417 0.958984 0.160417 0.958984 0.18125 0.9375 0.18125
0 0.950391 0.186979 0.973828 0.186979 0.973828 0.2125 0.950391 0.2125
0 0.910938 0.215104 0.938281 0.215104 0.938281 0.240625 0.910938 0.240625
0 0.88125 0.191146 0.900781 0.191146 0.900781 0.215625 0.88125 0.215625
0 0.835547 0.2125 0.855859 0.2125 0.855859 0.236979 0.835547 0.236979
0 0.795312 0.216667 0.821094 0.216667 0.821094 0.247917 0.795312 0.247917
0 0.853906 0.229688 0.875 0.229688 0.875 0.251563 0.853906 0.251563
0 0.808203 0.245833 0.830078 0.245833 0.830078 0.268229 0.808203 0.268229
0 0.878516 0.251563 0.898438 0.251563 0.898438 0.272396 0.878516 0.272396
0 0.850781 0.269271 0.873047 0.269271 0.873047 0.295312 0.850781 0.295312
0 0.812109 0.274479 0.839453 0.274479 0.839453 0.29375 0.812109 0.29375
0 0.83125 0.308854 0.854688 0.308854 0.854688 0.327083 0.83125 0.327083
0 0.814453 0.324479 0.831641 0.324479 0.831641 0.342188 0.814453 0.342188
0 0.880469 0.290625 0.900781 0.290625 0.900781 0.308333 0.880469 0.308333
0 0.917578 0.259896 0.933203 0.259896 0.933203 0.288021 0.917578 0.288021
0 0.934766 0.239583 0.952734 0.239583 0.952734 0.261458 0.934766 0.261458
0 0.948438 0.260938 0.969141 0.260938 0.969141 0.286458 0.948438 0.286458
0 0.977344 0.267708 0.996875 0.267708 0.996875 0.284375 0.977344 0.284375
0 0.871875 0.325521 0.894141 0.325521 0.894141 0.344792 0.871875 0.344792
0 0.842578 0.352604 0.860938 0.352604 0.860938 0.370833 0.842578 0.370833
0 0.867188 0.364062 0.885547 0.364062 0.885547 0.380729 0.867188 0.380729
0 0.81875 0.36875 0.835547 0.36875 0.835547 0.391146 0.81875 0.391146
0 0.835547 0.388021 0.856641 0.388021 0.856641 0.416667 0.835547 0.416667
0 0.969141 0.354688 0.987109 0.354688 0.987109 0.380208 0.969141 0.380208
0 0.976172 0.390625 0.996875 0.390625 0.996875 0.415625 0.976172 0.415625
0 0.952734 0.384896 0.969531 0.384896 0.969531 0.409896 0.952734 0.409896
0 0.941406 0.422917 0.964453 0.422917 0.964453 0.451042 0.941406 0.451042
0 0.966797 0.470312 0.985938 0.470312 0.985938 0.497396 0.966797 0.497396
0 0.940234 0.465104 0.962109 0.465104 0.962109 0.488542 0.940234 0.488542
0 0.913281 0.4625 0.934766 0.4625 0.934766 0.482292 0.913281 0.482292
0 0.886719 0.433854 0.910547 0.433854 0.910547 0.455208 0.886719 0.455208
0 0.879688 0.469792 0.904688 0.469792 0.904688 0.490104 0.879688 0.490104
0 0.910156 0.494792 0.923438 0.494792 0.923438 0.514062 0.910156 0.514062
0 0.940234 0.519792 0.959375 0.519792 0.959375 0.539583 0.940234 0.539583
0 0.966016 0.514583 0.985547 0.514583 0.985547 0.532292 0.966016 0.532292
0 0.909766 0.533854 0.926172 0.533854 0.926172 0.553125 0.909766 0.553125
0 0.860156 0.536458 0.878516 0.536458 0.878516 0.559896 0.860156 0.559896
0 0.876562 0.515104 0.896094 0.515104 0.896094 0.536979 0.876562 0.536979
0 0.940234 0.554688 0.960938 0.554688 0.960938 0.569271 0.940234 0.569271
0 0.893359 0.569271 0.911719 0.569271 0.911719 0.585417 0.893359 0.585417
0 0.909766 0.586458 0.928125 0.586458 0.928125 0.602083 0.909766 0.602083
0 0.941406 0.584896 0.959766 0.584896 0.959766 0.602604 0.941406 0.602604
0 0.976953 0.586458 0.993359 0.586458 0.993359 0.604167 0.976953 0.604167
0 0.980469 0.554688 0.999219 0.554688 0.999219 0.573958 0.980469 0.573958
0 0.967188 0.613542 0.988281 0.613542 0.988281 0.638021 0.967188 0.638021
0 0.967969 0.647917 0.987891 0.647917 0.987891 0.670833 0.967969 0.670833
0 0.942188 0.653646 0.961719 0.653646 0.961719 0.681771 0.942188 0.681771
0 0.816797 0.536979 0.835156 0.536979 0.835156 0.569792 0.816797 0.569792
0 0.795312 0.545833 0.815625 0.545833 0.815625 0.570833 0.795312 0.570833
0 0.785547 0.579688 0.808594 0.579688 0.808594 0.60625 0.785547 0.60625
0 0.775781 0.609896 0.800781 0.609896 0.800781 0.630208 0.775781 0.630208
0 0.820703 0.5875 0.839453 0.5875 0.839453 0.614583 0.820703 0.614583
0 0.841797 0.577083 0.860156 0.577083 0.860156 0.601042 0.841797 0.601042
0 0.871094 0.603125 0.892969 0.603125 0.892969 0.630208 0.871094 0.630208
0 0.839453 0.618229 0.860938 0.618229 0.860938 0.643229 0.839453 0.643229
0 0.797266 0.639583 0.816016 0.639583 0.816016 0.6625 0.797266 0.6625
0 0.778906 0.654167 0.800391 0.654167 0.800391 0.678125 0.778906 0.678125
0 0.805469 0.685938 0.823828 0.685938 0.823828 0.707812 0.805469 0.707812
0 0.84375 0.673958 0.869141 0.673958 0.869141 0.698438 0.84375 0.698438
0 0.89375 0.64375 0.915234 0.64375 0.915234 0.668229 0.89375 0.668229
0 0.874609 0.667708 0.889844 0.667708 0.889844 0.691667 0.874609 0.691667
0 0.891406 0.685938 0.907812 0.685938 0.907812 0.70625 0.891406 0.70625
0 0.91875 0.701562 0.941016 0.701562 0.941016 0.732292 0.91875 0.732292
0 0.937891 0.744271 0.967188 0.744271 0.967188 0.776562 0.937891 0.776562
0 0.939453 0.798438 0.961328 0.798438 0.961328 0.822917 0.939453 0.822917
0 0.903125 0.829688 0.927734 0.829688 0.927734 0.851562 0.903125 0.851562
0 0.9125 0.793229 0.932031 0.793229 0.932031 0.820833 0.9125 0.820833
0 0.887109 0.780729 0.907812 0.780729 0.907812 0.807292 0.887109 0.807292
0 0.864844 0.810938 0.882422 0.810938 0.882422 0.836458 0.864844 0.836458
0 0.859375 0.774479 0.876172 0.774479 0.876172 0.794271 0.859375 0.794271
0 0.852344 0.739062 0.872656 0.739062 0.872656 0.761979 0.852344 0.761979
0 0.853125 0.710938 0.875391 0.710938 0.875391 0.727083 0.853125 0.727083
0 0.830859 0.730208 0.844922 0.730208 0.844922 0.754167 0.830859 0.754167
0 0.798047 0.721875 0.820703 0.721875 0.820703 0.744792 0.798047 0.744792
0 0.807031 0.754167 0.828516 0.754167 0.828516 0.777604 0.807031 0.777604
0 0.808594 0.804167 0.829297 0.804167 0.829297 0.83125 0.808594 0.83125
0 0.829688 0.813021 0.854297 0.813021 0.854297 0.840625 0.829688 0.840625
0 0.862891 0.854688 0.884375 0.854688 0.884375 0.879688 0.862891 0.879688
0 0.768359 0.719271 0.785938 0.719271 0.785938 0.738542 0.768359 0.738542
0 0.773828 0.75625 0.789453 0.75625 0.789453 0.776562 0.773828 0.776562
0 0.744531 0.761979 0.764844 0.761979 0.764844 0.785938 0.744531 0.785938
0 0.753906 0.789583 0.775781 0.789583 0.775781 0.814062 0.753906 0.814062
0 0.780469 0.796875 0.797266 0.796875 0.797266 0.825521 0.780469 0.825521
0 0.805859 0.865625 0.825781 0.865625 0.825781 0.898958 0.805859 0.898958
0 0.88125 0.884896 0.898047 0.884896 0.898047 0.908854 0.88125 0.908854
0 0.776562 0.858333 0.798828 0.858333 0.798828 0.884375 0.776562 0.884375
0 0.745312 0.840625 0.762891 0.840625 0.762891 0.865104 0.745312 0.865104
0 0.685547 0.818229 0.708203 0.818229 0.708203 0.857292 0.685547 0.857292
0 0.006641 0.981771 0.024219 0.981771 0.024219 0.999479 0.006641 0.999479
0 0.165625 0.952604 0.183594 0.952604 0.183594 0.975521 0.165625 0.975521
0 0.187891 0.976562 0.207812 0.976562 0.207812 0.998958 0.187891 0.998958
0 0.245312 0.970833 0.266406 0.970833 0.266406 0.999479 0.245312 0.999479
0 0.229688 0.931771 0.252734 0.931771 0.252734 0.957292 0.229688 0.957292
0 0.224219 0.884896 0.248438 0.884896 0.248438 0.913542 0.224219 0.913542
0 0.255469 0.910938 0.272656 0.910938 0.272656 0.939583 0.255469 0.939583
0 0.275391 0.906771 0.294922 0.906771 0.294922 0.929688 0.275391 0.929688
0 0.252734 0.874479 0.273438 0.874479 0.273438 0.896875 0.252734 0.896875
0 0.289062 0.875521 0.316016 0.875521 0.316016 0.9 0.289062 0.9
0 0.328516 0.883854 0.352344 0.883854 0.352344 0.907292 0.328516 0.907292
0 0.314453 0.921354 0.335938 0.921354 0.335938 0.944792 0.314453 0.944792
0 0.290234 0.944271 0.314062 0.944271 0.314062 0.96875 0.290234 0.96875
0 0.301562 0.977083 0.326172 0.977083 0.326172 0.997917 0.301562 0.997917
0 0.357422 0.959896 0.373828 0.959896 0.373828 0.979688 0.357422 0.979688
0 0.35625 0.921354 0.376172 0.921354 0.376172 0.952604 0.35625 0.952604
0 0.391797 0.953125 0.411719 0.953125 0.411719 0.980729 0.391797 0.980729
0 0.427734 0.948438 0.453125 0.948438 0.453125 0.969792 0.427734 0.969792
0 0.427734 0.903646 0.454297 0.903646 0.454297 0.93125 0.427734 0.93125
0 0.391406 0.903125 0.409375 0.903125 0.409375 0.930729 0.391406 0.930729
0 0.7375 0.880729 0.757422 0.880729 0.757422 0.899479 0.7375 0.899479
0 0.682812 0.957812 0.707422 0.957812 0.707422 0.986979 0.682812 0.986979
0 0.646484 0.944271 0.671094 0.944271 0.671094 0.970312 0.646484 0.970312
0 0.610156 0.969792 0.637891 0.969792 0.637891 0.996354 0.610156 0.996354
0 0.626562 0.880208 0.649609 0.880208 0.649609 0.905208 0.626562 0.905208
0 0.592188 0.943229 0.612109 0.943229 0.612109 0.964062 0.592188 0.964062
0 0.533203 0.948958 0.560156 0.948958 0.560156 0.973958 0.533203 0.973958
0 0.493359 0.980729 0.515234 0.980729 0.515234 0.998438 0.493359 0.998438
0 0.478906 0.91875 0.507031 0.91875 0.507031 0.945312 0.478906 0.945312
0 0.577344 0.919271 0.594531 0.919271 0.594531 0.946875 0.577344 0.946875
0 0.552734 0.903125 0.570703 0.903125 0.570703 0.93125 0.552734 0.93125
0 0.548828 0.865104 0.570312 0.865104 0.570312 0.8875 0.548828 0.8875
0 0.523438 0.894792 0.541797 0.894792 0.541797 0.922396 0.523438 0.922396
0 0.512891 0.871875 0.533984 0.871875 0.533984 0.892708 0.512891 0.892708
0 0.477344 0.873958 0.5 0.873958 0.5 0.898438 0.477344 0.898438
0 0.976953 0.970312 0.998828 0.970312 0.998828 0.996354 0.976953 0.996354
0 0.939453 0.983333 0.966406 0.983333 0.966406 0.998958 0.939453 0.998958
0 0.978125 0.939062 0.998438 0.939062 0.998438 0.9625 0.978125 0.9625
0 0.016797 0.253646 0.036328 0.253646 0.036328 0.277083 0.016797 0.277083
0 0.027344 0.283333 0.045312 0.283333 0.045312 0.303125 0.027344 0.303125
0 0.0 0.280729 0.014844 0.280729 0.014844 0.304688 0.0 0.304688
0 0.0 0.241146 0.008984 0.241146 0.008984 0.259896 0.0 0.259896
0 0.05 0.239583 0.064844 0.239583 0.064844 0.257292 0.05 0.257292
0 0.03125 0.239583 0.048828 0.239583 0.048828 0.255729 0.03125 0.255729
0 0.042578 0.213021 0.057812 0.213021 0.057812 0.235417 0.042578 0.235417
0 0.051172 0.188542 0.069922 0.188542 0.069922 0.20625 0.051172 0.20625
0 0.071094 0.236979 0.087891 0.236979 0.087891 0.264062 0.071094 0.264062
0 0.094141 0.225521 0.113672 0.225521 0.113672 0.251042 0.094141 0.251042
0 0.097656 0.261979 0.124609 0.261979 0.124609 0.286979 0.097656 0.286979
0 0.060156 0.275 0.082422 0.275 0.082422 0.294792 0.060156 0.294792
0 0.062891 0.30625 0.08125 0.30625 0.08125 0.329167 0.062891 0.329167
0 0.020312 0.322396 0.047656 0.322396 0.047656 0.352083 0.020312 0.352083
0 0.098047 0.330208 0.122656 0.330208 0.122656 0.355208 0.098047 0.355208
0 0.133984 0.267188 0.150781 0.267188 0.150781 0.290104 0.133984 0.290104
0 0.166016 0.263021 0.1875 0.263021 0.1875 0.289062 0.166016 0.289062
0 0.001172 0.019792 0.017969 0.019792 0.017969 0.034896 0.001172 0.034896
0 0.0 0.034375 0.016406 0.034375 0.016406 0.048958 0.0 0.048958
0 0.024219 0.008854 0.0375 0.008854 0.0375 0.032292 0.024219 0.032292
0 0.016797 0.053125 0.0375 0.053125 0.0375 0.072396 0.016797 0.072396
0 0.051953 0.034375 0.071094 0.034375 0.071094 0.061458 0.051953 0.061458
0 0.046094 0.080729 0.065625 0.080729 0.065625 0.101562 0.046094 0.101562
0 0.015234 0.085417 0.035547 0.085417 0.035547 0.106771 0.015234 0.106771
0 0.0 0.117188 0.017578 0.117188 0.017578 0.138021 0.0 0.138021
0 0.025391 0.133333 0.044141 0.133333 0.044141 0.151042 0.025391 0.151042
0 0.0 0.152604 0.014844 0.152604 0.014844 0.173438 0.0 0.173438
0 0.077344 0.107812 0.094531 0.107812 0.094531 0.132812 0.077344 0.132812
0 0.08125 0.058333 0.1 0.058333 0.1 0.084896 0.08125 0.084896
0 0.073438 0.022396 0.0875 0.022396 0.0875 0.045833 0.073438 0.045833
0 0.09375 0.014583 0.116406 0.014583 0.116406 0.042188 0.09375 0.042188
0 0.124219 0.005208 0.149219 0.005208 0.149219 0.028646 0.124219 0.028646
0 0.160547 0.0 0.188672 0.0 0.188672 0.019792 0.160547 0.019792
0 0.18125 0.018229 0.203516 0.018229 0.203516 0.042708 0.18125 0.042708
0 0.145312 0.04375 0.169531 0.04375 0.169531 0.069792 0.145312 0.069792
0 0.1125 0.0625 0.133594 0.0625 0.133594 0.082812 0.1125 0.082812
0 0.1 0.084896 0.124219 0.084896 0.124219 0.102083 0.1 0.102083
0 0.114844 0.094792 0.134375 0.094792 0.134375 0.119792 0.114844 0.119792
0 0.110938 0.130729 0.129297 0.130729 0.129297 0.153125 0.110938 0.153125
0 0.135156 0.152083 0.160938 0.152083 0.160938 0.175 0.135156 0.175
0 0.134375 0.126042 0.152344 0.126042 0.152344 0.145312 0.134375 0.145312
0 0.157031 0.1125 0.176172 0.1125 0.176172 0.141146 0.157031 0.141146
0 0.171875 0.075 0.19375 0.075 0.19375 0.102604 0.171875 0.102604
0 0.198828 0.057292 0.219141 0.057292 0.219141 0.083854 0.198828 0.083854
0 0.212891 0.08125 0.234375 0.08125 0.234375 0.111979 0.212891 0.111979
0 0.188672 0.109375 0.208984 0.109375 0.208984 0.134896 0.188672 0.134896
0 0.200781 0.14375 0.219531 0.14375 0.219531 0.173438 0.200781 0.173438
0 0.226953 0.127604 0.248438 0.127604 0.248438 0.151042 0.226953 0.151042
0 0.203516 0.179688 0.220703 0.179688 0.220703 0.208333 0.203516 0.208333
0 0.23125 0.173958 0.253125 0.173958 0.253125 0.202083 0.23125 0.202083
0 0.235938 0.056771 0.255469 0.056771 0.255469 0.090104 0.235938 0.090104
0 0.260156 0.045833 0.276562 0.045833 0.276562 0.069792 0.260156 0.069792
0 0.289062 0.021875 0.311719 0.021875 0.311719 0.051562 0.289062 0.051562
0 0.322656 0.019271 0.34375 0.019271 0.34375 0.045833 0.322656 0.045833
0 0.357031 0.056771 0.375391 0.056771 0.375391 0.080208 0.357031 0.080208
0 0.372656 0.082812 0.389844 0.082812 0.389844 0.10625 0.372656 0.10625
0 0.341406 0.091667 0.361328 0.091667 0.361328 0.114062 0.341406 0.114062
0 0.325 0.065625 0.340625 0.065625 0.340625 0.086979 0.325 0.086979
0 0.303125 0.073438 0.321094 0.073438 0.321094 0.101042 0.303125 0.101042
0 0.275 0.071354 0.292969 0.071354 0.292969 0.097396 0.275 0.097396
0 0.251953 0.097396 0.271094 0.097396 0.271094 0.117708 0.251953 0.117708
0 0.311719 0.115104 0.336328 0.115104 0.336328 0.135938 0.311719 0.135938
0 0.357031 0.113542 0.378516 0.113542 0.378516 0.14375 0.357031 0.14375
0 0.336719 0.15 0.361719 0.15 0.361719 0.176562 0.336719 0.176562
0 0.265625 0.129167 0.287109 0.129167 0.287109 0.159375 0.265625 0.159375
0 0.273828 0.186979 0.291797 0.186979 0.291797 0.216146 0.273828 0.216146
0 0.373828 0.169792 0.397266 0.169792 0.397266 0.195312 0.373828 0.195312
0 0.386328 0.198438 0.406641 0.198438 0.406641 0.226562 0.386328 0.226562
0 0.389062 0.240104 0.411719 0.240104 0.411719 0.267708 0.389062 0.267708
0 0.420312 0.263542 0.437891 0.263542 0.437891 0.286458 0.420312 0.286458
0 0.336719 0.184375 0.357812 0.184375 0.357812 0.203125 0.336719 0.203125
0 0.348047 0.215104 0.373047 0.215104 0.373047 0.239583 0.348047 0.239583
0 0.357031 0.255208 0.377344 0.255208 0.377344 0.275 0.357031 0.275
0 0.371094 0.296875 0.396484 0.296875 0.396484 0.323958 0.371094 0.323958
0 0.346875 0.314583 0.366797 0.314583 0.366797 0.338542 0.346875 0.338542
0 0.326562 0.303125 0.340625 0.303125 0.340625 0.323958 0.326562 0.323958
0 0.336328 0.282812 0.358594 0.282812 0.358594 0.308333 0.336328 0.308333
0 0.318359 0.241667 0.341016 0.241667 0.341016 0.271354 0.318359 0.271354
0 0.30625 0.20625 0.333594 0.20625 0.333594 0.230208 0.30625 0.230208
0 0.230859 0.206771 0.253906 0.206771 0.253906 0.230729 0.230859 0.230729
0 0.261719 0.221875 0.285156 0.221875 0.285156 0.245312 0.261719 0.245312
0 0.255859 0.251563 0.273828 0.251563 0.273828 0.271875 0.255859 0.271875
0 0.228125 0.248438 0.248828 0.248438 0.248828 0.269792 0.228125 0.269792
0 0.279297 0.260417 0.299609 0.260417 0.299609 0.279167 0.279297 0.279167
0 0.29375 0.286979 0.313281 0.286979 0.313281 0.311458 0.29375 0.311458
0 0.229297 0.313021 0.242969 0.313021 0.242969 0.339583 0.229297 0.339583
0 0.204297 0.320312 0.217578 0.320312 0.217578 0.342708 0.204297 0.342708
0 0.188281 0.317188 0.201172 0.317188 0.201172 0.339583 0.188281 0.339583
0 0.166406 0.331771 0.183594 0.331771 0.183594 0.35625 0.166406 0.35625
0 0.228906 0.364062 0.250781 0.364062 0.250781 0.386979 0.228906 0.386979
0 0.259766 0.346875 0.274609 0.346875 0.274609 0.376042 0.259766 0.376042
0 0.284766 0.355208 0.304688 0.355208 0.304688 0.381771 0.284766 0.381771
0 0.282031 0.405729 0.304297 0.405729 0.304297 0.426042 0.282031 0.426042
0 0.298047 0.448438 0.318359 0.448438 0.318359 0.470833 0.298047 0.470833
0 0.244531 0.399479 0.264062 0.399479 0.264062 0.422396 0.244531 0.422396
0 0.254688 0.442708 0.278125 0.442708 0.278125 0.461979 0.254688 0.461979
0 0.276562 0.474479 0.301172 0.474479 0.301172 0.494792 0.276562 0.494792
0 0.243359 0.491667 0.267578 0.491667 0.267578 0.514583 0.243359 0.514583
0 0.271875 0.511979 0.291406 0.511979 0.291406 0.531771 0.271875 0.531771
0 0.228906 0.455729 0.249609 0.455729 0.249609 0.482292 0.228906 0.482292
0 0.209375 0.433854 0.224609 0.433854 0.224609 0.461979 0.209375 0.461979
0 0.188281 0.389583 0.209375 0.389583 0.209375 0.423958 0.188281 0.423958
0 0.161719 0.391667 0.178516 0.391667 0.178516 0.416146 0.161719 0.416146
0 0.134766 0.366146 0.154688 0.366146 0.154688 0.386979 0.134766 0.386979
0 0.134766 0.395312 0.152734 0.395312 0.152734 0.415625 0.134766 0.415625
0 0.107031 0.395833 0.124609 0.395833 0.124609 0.418229 0.107031 0.418229
0 0.135547 0.423438 0.152734 0.423438 0.152734 0.442708 0.135547 0.442708
0 0.157422 0.435938 0.176562 0.435938 0.176562 0.461979 0.157422 0.461979
0 0.109766 0.747396 0.125391 0.747396 0.125391 0.772917 0.109766 0.772917
0 0.081641 0.715625 0.096484 0.715625 0.096484 0.742188 0.081641 0.742188
0 0.099219 0.705729 0.116016 0.705729 0.116016 0.728646 0.099219 0.728646
0 0.13125 0.681771 0.148438 0.681771 0.148438 0.70625 0.13125 0.70625
0 0.149609 0.666146 0.167578 0.666146 0.167578 0.691146 0.149609 0.691146
0 0.189453 0.661979 0.207031 0.661979 0.207031 0.680208 0.189453 0.680208
0 0.171094 0.636458 0.189844 0.636458 0.189844 0.663021 0.171094 0.663021
0 0.167578 0.601042 0.187891 0.601042 0.187891 0.619271 0.167578 0.619271
0 0.195703 0.602604 0.214062 0.602604 0.214062 0.627083 0.195703 0.627083
0 0.225391 0.584375 0.246875 0.584375 0.246875 0.607812 0.225391 0.607812
0 0.260547 0.534896 0.281641 0.534896 0.281641 0.5625 0.260547 0.5625
0 0.228516 0.546875 0.248438 0.546875 0.248438 0.571354 0.228516 0.571354
0 0.187109 0.555208 0.201953 0.555208 0.201953 0.583854 0.187109 0.583854
0 0.183203 0.518229 0.205859 0.518229 0.205859 0.536458 0.183203 0.536458
0 0.162891 0.532292 0.18125 0.532292 0.18125 0.558333 0.162891 0.558333
0 0.132031 0.535938 0.146094 0.535938 0.146094 0.558854 0.132031 0.558854
0 0.143359 0.578125 0.157422 0.578125 0.157422 0.603125 0.143359 0.603125
0 0.124609 0.571354 0.142188 0.571354 0.142188 0.592708 0.124609 0.592708
0 0.107031 0.585938 0.124609 0.585938 0.124609 0.622396 0.107031 0.622396
0 0.120312 0.631771 0.137891 0.631771 0.137891 0.65625 0.120312 0.65625
0 0.083984 0.657292 0.105469 0.657292 0.105469 0.678125 0.083984 0.678125
0 0.055469 0.669271 0.077734 0.669271 0.077734 0.690104 0.055469 0.690104
0 0.080859 0.616667 0.1 0.616667 0.1 0.635938 0.080859 0.635938
0 0.037109 0.627604 0.055859 0.627604 0.055859 0.653646 0.037109 0.653646
0 0.050781 0.607812 0.071094 0.607812 0.071094 0.629167 0.050781 0.629167
0 0.022656 0.364062 0.039062 0.364062 0.039062 0.388021 0.022656 0.388021
0 0.04375 0.375 0.058203 0.375 0.058203 0.393229 0.04375 0.393229
0 0.026172 0.401042 0.04375 0.401042 0.04375 0.424479 0.026172 0.424479
0 0.0 0.348958 0.010938 0.348958 0.010938 0.378646 0.0 0.378646
0 0.0 0.413542 0.014453 0.413542 0.014453 0.442188 0.0 0.442188
0 0.027344 0.436458 0.046094 0.436458 0.046094 0.461979 0.027344 0.461979
0 0.064453 0.410938 0.085156 0.410938 0.085156 0.440104 0.064453 0.440104
0 0.083984 0.459375 0.105078 0.459375 0.105078 0.494271 0.083984 0.494271
0 0.126172 0.469792 0.146484 0.469792 0.146484 0.495833 0.126172 0.495833
0 0.158984 0.482292 0.179688 0.482292 0.179688 0.511458 0.158984 0.511458
0 0.110156 0.508854 0.127734 0.508854 0.127734 0.534896 0.110156 0.534896
0 0.097266 0.54375 0.114062 0.54375 0.114062 0.570312 0.097266 0.570312
0 0.064062 0.561979 0.085938 0.561979 0.085938 0.585417 0.064062 0.585417
0 0.026562 0.576042 0.048047 0.576042 0.048047 0.6 0.026562 0.6
0 0.077734 0.522396 0.091797 0.522396 0.091797 0.548958 0.077734 0.548958
0 0.05625 0.495833 0.075 0.495833 0.075 0.51875 0.05625 0.51875
0 0.035156 0.475 0.049609 0.475 0.049609 0.500521 0.035156 0.500521
0 0.053516 0.460938 0.071094 0.460938 0.071094 0.484896 0.053516 0.484896
0 0.03125 0.532292 0.055078 0.532292 0.055078 0.558333 0.03125 0.558333
0 0.009766 0.502083 0.028906 0.502083 0.028906 0.528125 0.009766 0.528125