0 0.104297 0.0625 0.120703 0.0625 0.120703 0.089583 0.104297 0.089583
0 0.082812 0.083854 0.101953 0.083854 0.101953 0.114062 0.082812 0.114062
0 0.1625 0.042708 0.175781 0.042708 0.175781 0.071354 0.1625 0.071354
0 0.185547 0.042708 0.2 0.042708 0.2 0.069271 0.185547 0.069271
0 0.210938 0.0625 0.225 0.0625 0.225 0.086458 0.210938 0.086458
0 0.235938 0.061458 0.251953 0.061458 0.251953 0.085417 0.235938 0.085417
0 0.221484 0.001042 0.237891 0.001042 0.237891 0.025 0.221484 0.025
0 0.250781 0.003125 0.265625 0.003125 0.265625 0.029167 0.250781 0.029167
0 0.271875 0.0 0.291016 0.0 0.291016 0.026562 0.271875 0.026562
0 0.237891 0.028125 0.255469 0.028125 0.255469 0.050521 0.237891 0.050521
0 0.259766 0.046875 0.276953 0.046875 0.276953 0.074479 0.259766 0.074479
0 0.293359 0.046875 0.307812 0.046875 0.307812 0.073438 0.293359 0.073438
0 0.326172 0.022396 0.341016 0.022396 0.341016 0.053125 0.326172 0.053125
0 0.353906 0.046875 0.369531 0.046875 0.369531 0.068229 0.353906 0.068229
0 0.196484 0.094792 0.212891 0.094792 0.212891 0.119271 0.196484 0.119271
0 0.147656 0.090625 0.164453 0.090625 0.164453 0.111979 0.147656 0.111979
0 0.13125 0.102083 0.148438 0.102083 0.148438 0.132292 0.13125 0.132292
0 0.161719 0.142708 0.179297 0.142708 0.179297 0.176042 0.161719 0.176042
0 0.182812 0.136979 0.201562 0.136979 0.201562 0.161458 0.182812 0.161458
0 0.225 0.121875 0.242578 0.121875 0.242578 0.146354 0.225 0.146354
0 0.263281 0.134896 0.278906 0.134896 0.278906 0.166667 0.263281 0.166667
0 0.290625 0.121354 0.307422 0.121354 0.307422 0.147917 0.290625 0.147917
0 0.327344 0.102604 0.344141 0.102604 0.344141 0.13125 0.327344 0.13125
0 0.364062 0.015625 0.382031 0.015625 0.382031 0.040104 0.364062 0.040104
0 0.430469 0.039583 0.446094 0.039583 0.446094 0.06875 0.430469 0.06875
0 0.460547 0.01875 0.475781 0.01875 0.475781 0.046875 0.460547 0.046875
0 0.466016 0.080208 0.482422 0.080208 0.482422 0.105208 0.466016 0.105208
0 0.501953 0.072917 0.521484 0.072917 0.521484 0.097917 0.501953 0.097917
0 0.498047 0.119792 0.516406 0.119792 0.516406 0.146354 0.498047 0.146354
0 0.534375 0.0875 0.552344 0.0875 0.552344 0.115625 0.534375 0.115625
0 0.451953 0.108333 0.467188 0.108333 0.467188 0.131771 0.451953 0.131771
0 0.435156 0.103646 0.448438 0.103646 0.448438 0.134375 0.435156 0.134375
0 0.501562 0.014062 0.517969 0.014062 0.517969 0.041667 0.501562 0.041667
0 0.544922 0.047396 0.557422 0.047396 0.557422 0.070833 0.544922 0.070833
0 0.6 0.0375 0.615234 0.0375 0.615234 0.063021 0.6 0.063021
0 0.609375 0.064583 0.625 0.064583 0.625 0.088542 0.609375 0.088542
0 0.579297 0.005729 0.594922 0.005729 0.594922 0.035938 0.579297 0.035938
0 0.564453 0.026562 0.579297 0.026562 0.579297 0.051042 0.564453 0.051042
0 0.564453 0.082812 0.581641 0.082812 0.581641 0.110417 0.564453 0.110417
0 0.597266 0.097396 0.614062 0.097396 0.614062 0.127083 0.597266 0.127083
0 0.623828 0.076562 0.642188 0.076562 0.642188 0.098958 0.623828 0.098958
0 0.615625 0.013021 0.630469 0.013021 0.630469 0.034896 0.615625 0.034896
0 0.635938 0.034896 0.650781 0.034896 0.650781 0.060938 0.635938 0.060938
0 0.812891 0.108333 0.830859 0.108333 0.830859 0.130729 0.812891 0.130729
0 0.808594 0.147396 0.826953 0.147396 0.826953 0.170833 0.808594 0.170833
0 0.73125 0.144271 0.745312 0.144271 0.745312 0.169792 0.73125 0.169792
0 0.707812 0.128125 0.725781 0.128125 0.725781 0.154688 0.707812 0.154688
0 0.683203 0.135417 0.700391 0.135417 0.700391 0.163021 0.683203 0.163021
0 0.691797 0.092188 0.710547 0.092188 0.710547 0.115104 0.691797 0.115104
0 0.657422 0.099479 0.673828 0.099479 0.673828 0.117708 0.657422 0.117708
0 0.623828 0.118229 0.642188 0.118229 0.642188 0.14375 0.623828 0.14375
0 0.623828 0.151042 0.640234 0.151042 0.640234 0.172917 0.623828 0.172917
0 0.592188 0.14375 0.609375 0.14375 0.609375 0.167708 0.592188 0.167708
0 0.658984 0.170833 0.671875 0.170833 0.671875 0.190625 0.658984 0.190625
0 0.682031 0.189062 0.701562 0.189062 0.701562 0.21875 0.682031 0.21875
0 0.732422 0.18125 0.75 0.18125 0.75 0.20625 0.732422 0.20625
0 0.723828 0.226562 0.739844 0.226562 0.739844 0.25625 0.723828 0.25625
0 0.688672 0.066146 0.707031 0.066146 0.707031 0.083854 0.688672 0.083854
0 0.655469 0.059375 0.672656 0.059375 0.672656 0.085938 0.655469 0.085938
0 0.644141 0.207292 0.664062 0.207292 0.664062 0.234896 0.644141 0.234896
0 0.612891 0.204688 0.632031 0.204688 0.632031 0.232812 0.612891 0.232812
0 0.662891 0.241146 0.677344 0.241146 0.677344 0.261458 0.662891 0.261458
0 0.700781 0.254167 0.719141 0.254167 0.719141 0.277604 0.700781 0.277604
0 0.737109 0.280208 0.752344 0.280208 0.752344 0.304688 0.737109 0.304688
0 0.632422 0.255208 0.65 0.255208 0.65 0.278125 0.632422 0.278125
0 0.641406 0.289583 0.659766 0.289583 0.659766 0.311458 0.641406 0.311458
0 0.616797 0.284896 0.632422 0.284896 0.632422 0.303125 0.616797 0.303125
0 0.835156 0.047917 0.855469 0.047917 0.855469 0.06875 0.835156 0.06875
0 0.8625 0.069792 0.880469 0.069792 0.880469 0.095312 0.8625 0.095312
0 0.882031 0.072396 0.898438 0.072396 0.898438 0.093229 0.882031 0.093229
0 0.896484 0.095833 0.920703 0.095833 0.920703 0.116146 0.896484 0.116146
0 0.841016 0.111979 0.860156 0.111979 0.860156 0.134375 0.841016 0.134375
0 0.831641 0.159375 0.851562 0.159375 0.851562 0.184896 0.831641 0.184896
0 0.860547 0.161979 0.880469 0.161979 0.880469 0.186979 0.860547 0.186979
0 0.896484 0.153125 0.919141 0.153125 0.919141 0.179167 0.896484 0.179167
0 0.94375 0.127604 0.964453 0.127604 0.964453 0.151562 0.94375 0.151562
0 0.947656 0.166667 0.96875 0.166667 0.96875 0.1875 0.947656 0.1875
0 0.982422 0.16875 0.999609 0.16875 0.999609 0.197396 0.982422 0.197396
0 0.932031 0.100521 0.955859 0.100521 0.955859 0.121875 0.932031 0.121875
0 0.947266 0.054167 0.965234 0.054167 0.965234 0.078125 0.947266 0.078125
0 0.911328 0.064583 0.929297 0.064583 0.929297 0.084896 0.911328 0.084896
0 0.966797 0.093229 0.986719 0.093229 0.986719 0.117188 0.966797 0.117188
0 0.981641 0.073438 0.999609 0.073438 0.999609 0.097917 0.981641 0.097917
0 0.819141 0.202083 0.839062 0.202083 0.839062 0.227083 0.819141 0.227083
0 0.849609 0.203646 0.868359 0.203646 0.868359 0.231771 0.849609 0.231771
0 0.891406 0.19375 0.913281 0.19375 0.913281 0.220312 0.891406 0.220312
0 0.953906 0.208854 0.976562 0.208854 0.976562 0.235417 0.953906 0.235417
0 0.845703 0.021354 0.865625 0.021354 0.865625 0.040625 0.845703 0.040625
0 0.928516 0.008333 0.946484 0.008333 0.946484 0.034375 0.928516 0.034375
0 0.966797 0.013021 0.985156 0.013021 0.985156 0.036458 0.966797 0.036458
0 0.806641 0.003646 0.823047 0.003646 0.823047 0.025521 0.806641 0.025521
0 0.813281 0.248438 0.83125 0.248438 0.83125 0.275 0.813281 0.275
0 0.841406 0.251042 0.860938 0.251042 0.860938 0.276042 0.841406 0.276042
0 0.867969 0.236458 0.889062 0.236458 0.889062 0.257292 0.867969 0.257292
0 0.801172 0.272396 0.818359 0.272396 0.818359 0.300521 0.801172 0.300521
0 0.832031 0.300521 0.852344 0.300521 0.852344 0.322396 0.832031 0.322396
0 0.862891 0.296354 0.880859 0.296354 0.880859 0.321875 0.862891 0.321875
0 0.898828 0.285417 0.916797 0.285417 0.916797 0.305208 0.898828 0.305208
0 0.910547 0.230729 0.925 0.230729 0.925 0.259896 0.910547 0.259896
0 0.929297 0.230208 0.948828 0.230208 0.948828 0.253125 0.929297 0.253125
0 0.968359 0.267708 0.987891 0.267708 0.987891 0.290104 0.968359 0.290104
0 0.901562 0.328646 0.917188 0.328646 0.917188 0.353125 0.901562 0.353125
0 0.864453 0.338021 0.882031 0.338021 0.882031 0.363542 0.864453 0.363542
0 0.812109 0.332292 0.833594 0.332292 0.833594 0.360938 0.812109 0.360938
0 0.797656 0.375 0.816016 0.375 0.816016 0.405729 0.797656 0.405729
0 0.835156 0.371875 0.853516 0.371875 0.853516 0.400521 0.835156 0.400521
0 0.830078 0.415104 0.85 0.415104 0.85 0.441146 0.830078 0.441146
0 0.878906 0.390104 0.901172 0.390104 0.901172 0.414583 0.878906 0.414583
0 0.910156 0.384896 0.933203 0.384896 0.933203 0.410938 0.910156 0.410938
0 0.923438 0.343229 0.941797 0.343229 0.941797 0.366146 0.923438 0.366146
0 0.951172 0.319271 0.969141 0.319271 0.969141 0.345312 0.951172 0.345312
0 0.979688 0.308333 0.999219 0.308333 0.999219 0.330208 0.979688 0.330208
0 0.976562 0.386979 0.998828 0.386979 0.998828 0.410938 0.976562 0.410938
0 0.944141 0.396354 0.964844 0.396354 0.964844 0.421354 0.944141 0.421354
0 0.91875 0.423438 0.938672 0.423438 0.938672 0.449479 0.91875 0.449479
0 0.969141 0.426562 0.990625 0.426562 0.990625 0.451562 0.969141 0.451562
0 0.803906 0.442708 0.823438 0.442708 0.823438 0.474479 0.803906 0.474479
0 0.805469 0.48125 0.825391 0.48125 0.825391 0.505729 0.805469 0.505729
0 0.836328 0.46875 0.854688 0.46875 0.854688 0.497917 0.836328 0.497917
0 0.871094 0.483333 0.891797 0.483333 0.891797 0.509896 0.871094 0.509896
0 0.907422 0.469792 0.928516 0.469792 0.928516 0.495312 0.907422 0.495312
0 0.808594 0.517188 0.828516 0.517188 0.828516 0.539583 0.808594 0.539583
0 0.976172 0.541146 0.996094 0.541146 0.996094 0.575 0.976172 0.575
0 0.942969 0.55625 0.963672 0.55625 0.963672 0.58125 0.942969 0.58125
0 0.94375 0.590104 0.961719 0.590104 0.961719 0.608854 0.94375 0.608854
0 0.916797 0.580729 0.9375 0.580729 0.9375 0.605729 0.916797 0.605729
0 0.912891 0.617188 0.933984 0.617188 0.933984 0.638542 0.912891 0.638542
0 0.948828 0.623958 0.96875 0.623958 0.96875 0.649479 0.948828 0.649479
0 0.974609 0.60625 0.992969 0.60625 0.992969 0.631771 0.974609 0.631771
0 0.887891 0.584375 0.905859 0.584375 0.905859 0.611458 0.887891 0.611458
0 0.903516 0.65 0.924609 0.65 0.924609 0.676562 0.903516 0.676562
0 0.933594 0.667188 0.953125 0.667188 0.953125 0.691667 0.933594 0.691667
0 0.973828 0.654688 0.994531 0.654688 0.994531 0.68125 0.973828 0.68125
0 0.855859 0.644271 0.876172 0.644271 0.876172 0.675 0.855859 0.675
0 0.823828 0.640104 0.842188 0.640104 0.842188 0.670833 0.823828 0.670833
0 0.816406 0.689583 0.838672 0.689583 0.838672 0.711458 0.816406 0.711458
0 0.865625 0.694792 0.882812 0.694792 0.882812 0.727604 0.865625 0.727604
0 0.825781 0.723438 0.848438 0.723438 0.848438 0.747396 0.825781 0.747396
0 0.870703 0.729688 0.890234 0.729688 0.890234 0.759375 0.870703 0.759375
0 0.900781 0.703646 0.923438 0.703646 0.923438 0.730208 0.900781 0.730208
0 0.962109 0.758854 0.9875 0.758854 0.9875 0.780208 0.962109 0.780208
0 0.93125 0.772917 0.947656 0.772917 0.947656 0.795312 0.93125 0.795312
0 0.867188 0.78125 0.890234 0.78125 0.890234 0.805208 0.867188 0.805208
0 0.792578 0.723438 0.808203 0.723438 0.808203 0.753125 0.792578 0.753125
0 0.774609 0.763542 0.796094 0.763542 0.796094 0.795833 0.774609 0.795833
0 0.803906 0.772917 0.81875 0.772917 0.81875 0.797917 0.803906 0.797917
0 0.825391 0.7875 0.847656 0.7875 0.847656 0.809375 0.825391 0.809375
0 0.793359 0.864583 0.810938 0.864583 0.810938 0.890104 0.793359 0.890104
0 0.822266 0.865625 0.84375 0.865625 0.84375 0.888021 0.822266 0.888021
0 0.817578 0.827604 0.836719 0.827604 0.836719 0.846354 0.817578 0.846354
0 0.865625 0.848438 0.885938 0.848438 0.885938 0.870312 0.865625 0.870312
0 0.892188 0.880729 0.912891 0.880729 0.912891 0.908854 0.892188 0.908854
0 0.926172 0.855729 0.942969 0.855729 0.942969 0.880729 0.926172 0.880729
0 0.911719 0.818229 0.93125 0.818229 0.93125 0.842708 0.911719 0.842708
0 0.955859 0.825 0.976953 0.825 0.976953 0.85 0.955859 0.85
0 0.949609 0.881771 0.967969 0.881771 0.967969 0.911458 0.949609 0.911458
0 0.925781 0.915104 0.942969 0.915104 0.942969 0.942188 0.925781 0.942188
0 0.964062 0.930208 0.983984 0.930208 0.983984 0.955208 0.964062 0.955208
0 0.869531 0.911458 0.889844 0.911458 0.889844 0.930729 0.869531 0.930729
0 0.892969 0.921875 0.912891 0.921875 0.912891 0.945833 0.892969 0.945833
0 0.908203 0.95 0.925781 0.95 0.925781 0.968229 0.908203 0.968229
0 0.835938 0.917708 0.853516 0.917708 0.853516 0.939583 0.835938 0.939583
0 0.751562 0.779167 0.769141 0.779167 0.769141 0.801562 0.751562 0.801562
0 0.759766 0.807292 0.782031 0.807292 0.782031 0.829688 0.759766 0.829688
0 0.769141 0.85625 0.786328 0.85625 0.786328 0.883854 0.769141 0.883854
0 0.779297 0.65625 0.798438 0.65625 0.798438 0.679167 0.779297 0.679167
0 0.655078 0.739583 0.671484 0.739583 0.671484 0.759896 0.655078 0.759896
0 0.653906 0.78125 0.670703 0.78125 0.670703 0.804167 0.653906 0.804167
0 0.648828 0.828646 0.665234 0.828646 0.665234 0.853125 0.648828 0.853125
0 0.670703 0.835938 0.687891 0.835938 0.687891 0.856771 0.670703 0.856771
0 0.663672 0.921354 0.682812 0.921354 0.682812 0.94375 0.663672 0.94375
0 0.652734 0.949479 0.672266 0.949479 0.672266 0.970312 0.652734 0.970312
0 0.623438 0.883333 0.646094 0.883333 0.646094 0.903646 0.623438 0.903646
0 0.630469 0.933854 0.645703 0.933854 0.645703 0.969792 0.630469 0.969792
0 0.597656 0.932292 0.616016 0.932292 0.616016 0.956771 0.597656 0.956771
0 0.608203 0.965625 0.626953 0.965625 0.626953 0.989062 0.608203 0.989062
0 0.598438 0.792188 0.617969 0.792188 0.617969 0.821875 0.598438 0.821875
0 0.622656 0.816146 0.640625 0.816146 0.640625 0.840104 0.622656 0.840104
0 0.611719 0.85 0.629688 0.85 0.629688 0.872917 0.611719 0.872917
0 0.6125 0.747396 0.63125 0.747396 0.63125 0.771875 0.6125 0.771875
0 0.585938 0.753646 0.603906 0.753646 0.603906 0.780729 0.585938 0.780729
0 0.599609 0.711979 0.622656 0.711979 0.622656 0.732292 0.599609 0.732292
0 0.563672 0.695312 0.582422 0.695312 0.582422 0.723958 0.563672 0.723958
0 0.549219 0.747396 0.566797 0.747396 0.566797 0.777604 0.549219 0.777604
0 0.562109 0.798438 0.578125 0.798438 0.578125 0.828125 0.562109 0.828125
0 0.539062 0.823438 0.557031 0.823438 0.557031 0.846354 0.539062 0.846354
0 0.516016 0.769792 0.534766 0.769792 0.534766 0.789062 0.516016 0.789062
0 0.522656 0.719271 0.54375 0.719271 0.54375 0.741146 0.522656 0.741146
0 0.542188 0.6875 0.558594 0.6875 0.558594 0.717708 0.542188 0.717708
0 0.494922 0.691667 0.511719 0.691667 0.511719 0.724479 0.494922 0.724479
0 0.552344 0.870312 0.573828 0.870312 0.573828 0.893229 0.552344 0.893229
0 0.571484 0.909896 0.591797 0.909896 0.591797 0.931771 0.571484 0.931771
0 0.558203 0.943229 0.583594 0.943229 0.583594 0.964062 0.558203 0.964062
0 0.575781 0.976042 0.594141 0.976042 0.594141 0.998958 0.575781 0.998958
0 0.503125 0.957292 0.527734 0.957292 0.527734 0.983854 0.503125 0.983854
0 0.514453 0.886979 0.529688 0.886979 0.529688 0.908333 0.514453 0.908333
0 0.494141 0.851562 0.511328 0.851562 0.511328 0.878125 0.494141 0.878125
0 0.513281 0.800521 0.529297 0.800521 0.529297 0.827604 0.513281 0.827604
0 0.487891 0.788542 0.506641 0.788542 0.506641 0.815104 0.487891 0.815104
0 0.329688 0.678646 0.345703 0.678646 0.345703 0.704688 0.329688 0.704688
0 0.330859 0.738021 0.348047 0.738021 0.348047 0.767188 0.330859 0.767188
0 0.341016 0.79375 0.356641 0.79375 0.356641 0.819271 0.341016 0.819271
0 0.367578 0.816146 0.385547 0.816146 0.385547 0.842188 0.367578 0.842188
0 0.4 0.801042 0.417969 0.801042 0.417969 0.832812 0.4 0.832812
0 0.413281 0.777604 0.429297 0.777604 0.429297 0.803646 0.413281 0.803646
0 0.439453 0.773958 0.457812 0.773958 0.457812 0.803125 0.439453 0.803125
0 0.404688 0.731771 0.424219 0.731771 0.424219 0.760938 0.404688 0.760938
0 0.392188 0.678125 0.408984 0.678125 0.408984 0.713021 0.392188 0.713021
0 0.364844 0.69375 0.38125 0.69375 0.38125 0.722396 0.364844 0.722396
0 0.455469 0.84375 0.474609 0.84375 0.474609 0.872917 0.455469 0.872917
0 0.454688 0.746875 0.476953 0.746875 0.476953 0.771875 0.454688 0.771875
0 0.438672 0.688542 0.455078 0.688542 0.455078 0.717708 0.438672 0.717708
0 0.469531 0.69375 0.490234 0.69375 0.490234 0.727604 0.469531 0.727604
0 0.460938 0.661979 0.48125 0.661979 0.48125 0.6875 0.460938 0.6875
0 0.427344 0.964583 0.448438 0.964583 0.448438 0.990104 0.427344 0.990104
0 0.455859 0.921875 0.476953 0.921875 0.476953 0.947917 0.455859 0.947917
0 0.393359 0.961979 0.411328 0.961979 0.411328 0.989062 0.393359 0.989062
0 0.365625 0.971354 0.382422 0.971354 0.382422 0.995833 0.365625 0.995833
0 0.413281 0.890625 0.430469 0.890625 0.430469 0.915104 0.413281 0.915104
0 0.392188 0.914062 0.410547 0.914062 0.410547 0.9375 0.392188 0.9375
0 0.339453 0.921875 0.360547 0.921875 0.360547 0.942708 0.339453 0.942708
0 0.016406 0.825521 0.034766 0.825521 0.034766 0.852604 0.016406 0.852604
0 0.036719 0.826562 0.054688 0.826562 0.054688 0.854167 0.036719 0.854167
0 0.074219 0.836979 0.092578 0.836979 0.092578 0.863542 0.074219 0.863542
0 0.101172 0.859375 0.117188 0.859375 0.117188 0.8875 0.101172 0.8875
0 0.130078 0.863542 0.145703 0.863542 0.145703 0.892188 0.130078 0.892188
0 0.159375 0.873958 0.182031 0.873958 0.182031 0.904688 0.159375 0.904688
0 0.186719 0.861979 0.205859 0.861979 0.205859 0.889583 0.186719 0.889583
0 0.197266 0.935417 0.220312 0.935417 0.220312 0.958333 0.197266 0.958333
0 0.190234 0.963021 0.211328 0.963021 0.211328 0.986458 0.190234 0.986458
0 0.210156 0.823438 0.225781 0.823438 0.225781 0.851042 0.210156 0.851042
0 0.243359 0.816667 0.261328 0.816667 0.261328 0.844792 0.243359 0.844792
0 0.234766 0.8625 0.253906 0.8625 0.253906 0.884896 0.234766 0.884896
0 0.248047 0.772917 0.265625 0.772917 0.265625 0.802604 0.248047 0.802604
0 0.273047 0.811979 0.2875 0.811979 0.2875 0.841667 0.273047 0.841667
0 0.267578 0.744792 0.282031 0.744792 0.282031 0.775 0.267578 0.775
0 0.2125 0.768229 0.234375 0.768229 0.234375 0.798958 0.2125 0.798958
0 0.169922 0.764583 0.192578 0.764583 0.192578 0.800521 0.169922 0.800521
0 0.169531 0.701562 0.186719 0.701562 0.186719 0.732812 0.169531 0.732812
0 0.208203 0.7125 0.226562 0.7125 0.226562 0.741146 0.208203 0.741146
0 0.2375 0.727083 0.257031 0.727083 0.257031 0.752604 0.2375 0.752604
0 0.039844 0.965625 0.056641 0.965625 0.056641 0.988021 0.039844 0.988021
0 0.349219 0.845312 0.367188 0.845312 0.367188 0.869271 0.349219 0.869271
0 0.138281 0.807292 0.157031 0.807292 0.157031 0.840625 0.138281 0.840625
0 0.113281 0.776562 0.130859 0.776562 0.130859 0.807812 0.113281 0.807812
0 0.123438 0.698438 0.141406 0.698438 0.141406 0.727083 0.123438 0.727083
0 0.080078 0.691146 0.1 0.691146 0.1 0.713542 0.080078 0.713542
0 0.102734 0.657812 0.120312 0.657812 0.120312 0.688021 0.102734 0.688021
0 0.148828 0.664583 0.169531 0.664583 0.169531 0.691146 0.148828 0.691146
0 0.225 0.664583 0.24375 0.664583 0.24375 0.688542 0.225 0.688542
0 0.259375 0.691146 0.277734 0.691146 0.277734 0.723438 0.259375 0.723438
0 0.191016 0.652604 0.209375 0.652604 0.209375 0.678646 0.191016 0.678646
0 0.258594 0.592188 0.277344 0.592188 0.277344 0.620312 0.258594 0.620312
0 0.237109 0.608854 0.254688 0.608854 0.254688 0.638021 0.237109 0.638021
0 0.205078 0.620312 0.223438 0.620312 0.223438 0.649479 0.205078 0.649479
0 0.172656 0.616667 0.189062 0.616667 0.189062 0.647396 0.172656 0.647396
0 0.210156 0.570833 0.232422 0.570833 0.232422 0.59375 0.210156 0.59375
0 0.239062 0.542708 0.256641 0.542708 0.256641 0.573438 0.239062 0.573438
0 0.157812 0.576042 0.176953 0.576042 0.176953 0.601042 0.157812 0.601042
0 0.13125 0.583333 0.152344 0.583333 0.152344 0.605729 0.13125 0.605729
0 0.079297 0.574479 0.092578 0.574479 0.092578 0.601042 0.079297 0.601042
0 0.122266 0.547917 0.139844 0.547917 0.139844 0.574479 0.122266 0.574479
0 0.149609 0.508333 0.170703 0.508333 0.170703 0.530208 0.149609 0.530208
0 0.190234 0.513542 0.207812 0.513542 0.207812 0.541667 0.190234 0.541667
0 0.125 0.463021 0.142188 0.463021 0.142188 0.490104 0.125 0.490104
0 0.148828 0.454688 0.169922 0.454688 0.169922 0.478125 0.148828 0.478125
0 0.060547 0.429167 0.075391 0.429167 0.075391 0.453125 0.060547 0.453125
0 0.089062 0.444792 0.108203 0.444792 0.108203 0.469792 0.089062 0.469792
0 0.094141 0.484896 0.113281 0.484896 0.113281 0.507292 0.094141 0.507292
0 0.097266 0.55625 0.114062 0.55625 0.114062 0.580208 0.097266 0.580208
0 0.015625 0.528646 0.032031 0.528646 0.032031 0.552083 0.015625 0.552083
0 0.025 0.575 0.044141 0.575 0.044141 0.598438 0.025 0.598438
0 0.045312 0.642188 0.064062 0.642188 0.064062 0.671354 0.045312 0.671354
0 0.024219 0.494792 0.037891 0.494792 0.037891 0.5125 0.024219 0.5125
0 0.157031 0.3375 0.176953 0.3375 0.176953 0.3625 0.157031 0.3625
0 0.186719 0.347396 0.203516 0.347396 0.203516 0.371354 0.186719 0.371354
0 0.216406 0.373958 0.237109 0.373958 0.237109 0.396875 0.216406 0.396875
0 0.094141 0.411979 0.108984 0.411979 0.108984 0.428646 0.094141 0.428646
0 0.737109 0.516667 0.751172 0.516667 0.751172 0.549479 0.737109 0.549479
0 0.707422 0.530729 0.729297 0.530729 0.729297 0.55625 0.707422 0.55625
0 0.691016 0.560417 0.712109 0.560417 0.712109 0.588542 0.691016 0.588542
0 0.658594 0.549479 0.678516 0.549479 0.678516 0.579167 0.658594 0.579167
0 0.626953 0.574479 0.646094 0.574479 0.646094 0.599479 0.626953 0.599479
0 0.628516 0.527604 0.646875 0.527604 0.646875 0.560417 0.628516 0.560417
0 0.649219 0.491667 0.671484 0.491667 0.671484 0.515104 0.649219 0.515104
0 0.6875 0.501042 0.708594 0.501042 0.708594 0.529167 0.6875 0.529167
0 0.729688 0.488542 0.744141 0.488542 0.744141 0.515104 0.729688 0.515104
0 0.704688 0.480729 0.722656 0.480729 0.722656 0.503646 0.704688 0.503646
0 0.705859 0.43125 0.724609 0.43125 0.724609 0.458333 0.705859 0.458333
0 0.716797 0.4125 0.737109 0.4125 0.737109 0.439583 0.716797 0.439583
0 0.460156 0.259375 0.478125 0.259375 0.478125 0.286458 0.460156 0.286458
0 0.498438 0.264583 0.518359 0.264583 0.518359 0.292188 0.498438 0.292188
0 0.544531 0.293229 0.564062 0.293229 0.564062 0.325 0.544531 0.325
0 0.532422 0.338542 0.549609 0.338542 0.549609 0.372917 0.532422 0.372917
0 0.589062 0.328125 0.607812 0.328125 0.607812 0.355208 0.589062 0.355208
0 0.617188 0.357812 0.635156 0.357812 0.635156 0.386979 0.617188 0.386979
0 0.578906 0.380208 0.596094 0.380208 0.596094 0.404167 0.578906 0.404167
0 0.557031 0.373958 0.574219 0.373958 0.574219 0.402083 0.557031 0.402083
0 0.529297 0.571875 0.548047 0.571875 0.548047 0.598958 0.529297 0.598958
0 0.557422 0.55 0.574219 0.55 0.574219 0.576042 0.557422 0.576042
0 0.497656 0.494271 0.519922 0.494271 0.519922 0.51875 0.497656 0.51875
0 0.494531 0.539583 0.515234 0.539583 0.515234 0.568229 0.494531 0.568229
0 0.527734 0.543229 0.548438 0.543229 0.548438 0.564583 0.527734 0.564583
0 0.471875 0.558333 0.492188 0.558333 0.492188 0.578646 0.471875 0.578646
0 0.453906 0.508333 0.472656 0.508333 0.472656 0.534375 0.453906 0.534375
0 0.554688 0.461458 0.572266 0.461458 0.572266 0.489583 0.554688 0.489583
0 0.540234 0.495833 0.559375 0.495833 0.559375 0.519792 0.540234 0.519792
0 0.605469 0.506771 0.623828 0.506771 0.623828 0.534896 0.605469 0.534896
0 0.630469 0.451042 0.648828 0.451042 0.648828 0.480729 0.630469 0.480729
0 0.589062 0.472917 0.605859 0.472917 0.605859 0.495833 0.589062 0.495833
0 0.582812 0.440104 0.603906 0.440104 0.603906 0.461979 0.582812 0.461979
0 0.662109 0.457812 0.681641 0.457812 0.681641 0.482292 0.662109 0.482292
0 0.635156 0.420833 0.658594 0.420833 0.658594 0.440104 0.635156 0.440104
0 0.65 0.376562 0.671094 0.376562 0.671094 0.401042 0.65 0.401042
0 0.681641 0.419271 0.699219 0.419271 0.699219 0.448438 0.681641 0.448438
0 0.663281 0.335938 0.682812 0.335938 0.682812 0.366667 0.663281 0.366667
0 0.535547 0.408854 0.552734 0.408854 0.552734 0.436458 0.535547 0.436458
0 0.524609 0.457292 0.542188 0.457292 0.542188 0.482812 0.524609 0.482812
0 0.499609 0.426562 0.516797 0.426562 0.516797 0.457292 0.499609 0.457292
0 0.471094 0.424479 0.494922 0.424479 0.494922 0.457292 0.471094 0.457292
0 0.447656 0.4125 0.466016 0.4125 0.466016 0.438542 0.447656 0.438542
0 0.504687 0.371354 0.523828 0.371354 0.523828 0.400521 0.504687 0.400521
0 0.452734 0.368229 0.474219 0.368229 0.474219 0.386979 0.452734 0.386979
0 0.476953 0.332812 0.494531 0.332812 0.494531 0.359375 0.476953 0.359375
0 0.410938 0.341146 0.430078 0.341146 0.430078 0.370312 0.410938 0.370312
0 0.398438 0.395833 0.416406 0.395833 0.416406 0.419792 0.398438 0.419792
0 0.390625 0.455729 0.409375 0.455729 0.409375 0.484896 0.390625 0.484896
0 0.415625 0.470312 0.435156 0.470312 0.435156 0.492188 0.415625 0.492188
0 0.349219 0.451562 0.36875 0.451562 0.36875 0.490104 0.349219 0.490104
0 0.344531 0.367708 0.361328 0.367708 0.361328 0.398958 0.344531 0.398958
0 0.365625 0.347917 0.382031 0.347917 0.382031 0.377083 0.365625 0.377083
0 0.257812 0.375 0.279688 0.375 0.279688 0.403125 0.257812 0.403125
0 0.271484 0.351562 0.289453 0.351562 0.289453 0.380208 0.271484 0.380208
0 0.247656 0.411979 0.268359 0.411979 0.268359 0.435938 0.247656 0.435938
0 0.705469 0.297396 0.724609 0.297396 0.724609 0.321354 0.705469 0.321354
0 0.676172 0.298958 0.692969 0.298958 0.692969 0.324479 0.676172 0.324479
0 0.598828 0.254688 0.616406 0.254688 0.616406 0.278125 0.598828 0.278125
0 0.745312 0.231771 0.760938 0.231771 0.760938 0.258333 0.745312 0.258333
0 0.539453 0.127083 0.558203 0.127083 0.558203 0.153646 0.539453 0.153646
0 0.569922 0.198958 0.585156 0.198958 0.585156 0.222396 0.569922 0.222396
0 0.575781 0.236458 0.591406 0.236458 0.591406 0.255208 0.575781 0.255208
0 0.526172 0.217708 0.546094 0.217708 0.546094 0.245833 0.526172 0.245833
0 0.508203 0.164583 0.528125 0.164583 0.528125 0.192708 0.508203 0.192708
0 0.442578 0.189583 0.463672 0.189583 0.463672 0.217708 0.442578 0.217708
0 0.484766 0.222396 0.501172 0.222396 0.501172 0.246354 0.484766 0.246354
0 0.434375 0.148958 0.454297 0.148958 0.454297 0.175 0.434375 0.175
0 0.404688 0.101042 0.424219 0.101042 0.424219 0.128125 0.404688 0.128125
0 0.402344 0.134896 0.423438 0.134896 0.423438 0.158333 0.402344 0.158333
0 0.442969 0.322396 0.462109 0.322396 0.462109 0.344792 0.442969 0.344792
0 0.440625 0.283854 0.455859 0.283854 0.455859 0.308333 0.440625 0.308333
0 0.414062 0.294792 0.431641 0.294792 0.431641 0.319792 0.414062 0.319792
0 0.402344 0.258854 0.416797 0.258854 0.416797 0.282292 0.402344 0.282292
0 0.367188 0.268229 0.385156 0.268229 0.385156 0.299479 0.367188 0.299479
0 0.346875 0.295312 0.364453 0.295312 0.364453 0.325 0.346875 0.325
0 0.432812 0.233333 0.447656 0.233333 0.447656 0.255208 0.432812 0.255208
0 0.369141 0.082292 0.385156 0.082292 0.385156 0.10625 0.369141 0.10625
0 0.370312 0.126562 0.390625 0.126562 0.390625 0.154688 0.370312 0.154688
0 0.316406 0.153125 0.333984 0.153125 0.333984 0.183854 0.316406 0.183854
0 0.334375 0.184375 0.353906 0.184375 0.353906 0.210938 0.334375 0.210938
0 0.339453 0.249479 0.356641 0.249479 0.356641 0.275521 0.339453 0.275521
0 0.282422 0.195312 0.299609 0.195312 0.299609 0.221875 0.282422 0.221875
0 0.275391 0.239062 0.294922 0.239062 0.294922 0.268229 0.275391 0.268229
0 0.246094 0.264062 0.267188 0.264062 0.267188 0.296875 0.246094 0.296875
0 0.247656 0.186979 0.267578 0.186979 0.267578 0.218229 0.247656 0.218229
0 0.229297 0.30625 0.251563 0.30625 0.251563 0.332812 0.229297 0.332812
0 0.302734 0.320833 0.321094 0.320833 0.321094 0.347396 0.302734 0.347396
0 0.199219 0.325 0.217578 0.325 0.217578 0.347396 0.199219 0.347396
0 0.163281 0.308854 0.184766 0.308854 0.184766 0.330208 0.163281 0.330208
0 0.172656 0.263021 0.193359 0.263021 0.193359 0.290104 0.172656 0.290104
0 0.205078 0.254167 0.224609 0.254167 0.224609 0.278125 0.205078 0.278125
0 0.122656 0.297396 0.141797 0.297396 0.141797 0.322396 0.122656 0.322396
0 0.092578 0.308854 0.112891 0.308854 0.112891 0.330208 0.092578 0.330208
0 0.091406 0.270312 0.1125 0.270312 0.1125 0.290104 0.091406 0.290104
0 0.114062 0.249479 0.135938 0.249479 0.135938 0.272396 0.114062 0.272396
0 0.137109 0.216667 0.157422 0.216667 0.157422 0.245312 0.137109 0.245312
0 0.182031 0.221354 0.203906 0.221354 0.203906 0.25 0.182031 0.25
0 0.209766 0.209375 0.23125 0.209375 0.23125 0.238021 0.209766 0.238021
0 0.180469 0.182812 0.201172 0.182812 0.201172 0.209375 0.180469 0.209375
0 0.220703 0.169271 0.238281 0.169271 0.238281 0.191667 0.220703 0.191667
0 0.110938 0.186458 0.132422 0.186458 0.132422 0.20625 0.110938 0.20625
0 0.092969 0.147396 0.110156 0.147396 0.110156 0.170833 0.092969 0.170833
0 0.066406 0.176042 0.086328 0.176042 0.086328 0.198438 0.066406 0.198438
0 0.069141 0.209896 0.091797 0.209896 0.091797 0.229688 0.069141 0.229688
0 0.345703 0.895833 0.362891 0.895833 0.362891 0.916146 0.345703 0.916146
0 0.396094 0.846354 0.413672 0.846354 0.413672 0.869271 0.396094 0.869271