0 0.916797 0.903125 0.932812 0.903125 0.932812 0.922396 0.916797 0.922396
0 0.913281 0.875 0.932422 0.875 0.932422 0.895312 0.913281 0.895312
0 0.940234 0.845312 0.960547 0.845312 0.960547 0.868229 0.940234 0.868229
0 0.972266 0.860938 0.991797 0.860938 0.991797 0.888021 0.972266 0.888021
0 0.96875 0.825 0.985938 0.825 0.985938 0.852083 0.96875 0.852083
0 0.954297 0.800521 0.971094 0.800521 0.971094 0.823438 0.954297 0.823438
0 0.904297 0.830729 0.928516 0.830729 0.928516 0.853125 0.904297 0.853125
0 0.882422 0.845312 0.904688 0.845312 0.904688 0.869792 0.882422 0.869792
0 0.878516 0.881771 0.896094 0.881771 0.896094 0.908854 0.878516 0.908854
0 0.864062 0.929688 0.885938 0.929688 0.885938 0.953646 0.864062 0.953646
0 0.862891 0.981771 0.881641 0.981771 0.881641 0.998438 0.862891 0.998438
0 0.835156 0.919271 0.854688 0.919271 0.854688 0.944792 0.835156 0.944792
0 0.848828 0.89375 0.868359 0.89375 0.868359 0.913021 0.848828 0.913021
0 0.829297 0.860417 0.845703 0.860417 0.845703 0.889583 0.829297 0.889583
0 0.857031 0.854167 0.876562 0.854167 0.876562 0.876042 0.857031 0.876042
0 0.858203 0.814062 0.876562 0.814062 0.876562 0.838021 0.858203 0.838021
0 0.834375 0.83125 0.855859 0.83125 0.855859 0.852083 0.834375 0.852083
0 0.791797 0.891667 0.812891 0.891667 0.812891 0.917188 0.791797 0.917188
0 0.79375 0.930729 0.814844 0.930729 0.814844 0.952083 0.79375 0.952083
0 0.801953 0.961458 0.81875 0.961458 0.81875 0.984896 0.801953 0.984896
0 0.75625 0.880208 0.774219 0.880208 0.774219 0.910417 0.75625 0.910417
0 0.73125 0.910938 0.75 0.910938 0.75 0.934896 0.73125 0.934896
0 0.748047 0.931771 0.76875 0.931771 0.76875 0.955729 0.748047 0.955729
0 0.695703 0.934896 0.715234 0.934896 0.715234 0.9625 0.695703 0.9625
0 0.664062 0.946354 0.687109 0.946354 0.687109 0.970833 0.664062 0.970833
0 0.726172 0.970833 0.742969 0.970833 0.742969 0.992188 0.726172 0.992188
0 0.75 0.970312 0.767969 0.970312 0.767969 0.991667 0.75 0.991667
0 0.772656 0.980208 0.789453 0.980208 0.789453 0.999479 0.772656 0.999479
0 0.690625 0.979167 0.707031 0.979167 0.707031 0.999479 0.690625 0.999479
0 0.65625 0.9875 0.676953 0.9875 0.676953 0.999479 0.65625 0.999479
0 0.685547 0.83125 0.705078 0.83125 0.705078 0.858854 0.685547 0.858854
0 0.704688 0.808333 0.725 0.808333 0.725 0.834375 0.704688 0.834375
0 0.981641 0.734896 0.997266 0.734896 0.997266 0.759896 0.981641 0.759896
0 0.988281 0.777604 0.999609 0.777604 0.999609 0.801042 0.988281 0.801042
0 0.958203 0.765104 0.980469 0.765104 0.980469 0.791667 0.958203 0.791667
0 0.925781 0.775 0.946094 0.775 0.946094 0.801562 0.925781 0.801562
0 0.9 0.759896 0.923438 0.759896 0.923438 0.7875 0.9 0.7875
0 0.871484 0.769792 0.893359 0.769792 0.893359 0.796875 0.871484 0.796875
0 0.913281 0.727083 0.934375 0.727083 0.934375 0.748958 0.913281 0.748958
0 0.952734 0.7125 0.970312 0.7125 0.970312 0.733854 0.952734 0.733854
0 0.958203 0.726562 0.974609 0.726562 0.974609 0.750521 0.958203 0.750521
0 0.962109 0.682292 0.978906 0.682292 0.978906 0.70625 0.962109 0.70625
0 0.964453 0.642188 0.981641 0.642188 0.981641 0.666667 0.964453 0.666667
0 0.941406 0.643229 0.959375 0.643229 0.959375 0.674479 0.941406 0.674479
0 0.9 0.630729 0.919531 0.630729 0.919531 0.663021 0.9 0.663021
0 0.876172 0.641146 0.892188 0.641146 0.892188 0.660938 0.876172 0.660938
0 0.810156 0.764583 0.828516 0.764583 0.828516 0.79375 0.810156 0.79375
0 0.834375 0.749479 0.854688 0.749479 0.854688 0.772396 0.834375 0.772396
0 0.850391 0.702083 0.867578 0.702083 0.867578 0.726042 0.850391 0.726042
0 0.860938 0.730729 0.877734 0.730729 0.877734 0.754167 0.860938 0.754167
0 0.875781 0.704167 0.894141 0.704167 0.894141 0.733333 0.875781 0.733333
0 0.899609 0.695833 0.919922 0.695833 0.919922 0.723438 0.899609 0.723438
0 0.885938 0.673438 0.904297 0.673438 0.904297 0.699479 0.885938 0.699479
0 0.88125 0.602083 0.900781 0.602083 0.900781 0.625 0.88125 0.625
0 0.902344 0.573958 0.923438 0.573958 0.923438 0.603125 0.902344 0.603125
0 0.847266 0.533854 0.873047 0.533854 0.873047 0.563542 0.847266 0.563542
0 0.839844 0.567188 0.856641 0.567188 0.856641 0.595833 0.839844 0.595833
0 0.816406 0.571875 0.835938 0.571875 0.835938 0.600521 0.816406 0.600521
0 0.814062 0.53125 0.836328 0.53125 0.836328 0.558854 0.814062 0.558854
0 0.819531 0.609896 0.839844 0.609896 0.839844 0.633854 0.819531 0.633854
0 0.8 0.640104 0.81875 0.640104 0.81875 0.664062 0.8 0.664062
0 0.776953 0.610938 0.797266 0.610938 0.797266 0.639583 0.776953 0.639583
0 0.772266 0.563021 0.79375 0.563021 0.79375 0.591667 0.772266 0.591667
0 0.776953 0.657292 0.795312 0.657292 0.795312 0.678646 0.776953 0.678646
0 0.764844 0.673958 0.786328 0.673958 0.786328 0.695312 0.764844 0.695312
0 0.783203 0.694271 0.798828 0.694271 0.798828 0.721875 0.783203 0.721875
0 0.759766 0.698958 0.778125 0.698958 0.778125 0.722917 0.759766 0.722917
0 0.7625 0.734375 0.780469 0.734375 0.780469 0.757812 0.7625 0.757812
0 0.754297 0.764583 0.767188 0.764583 0.767188 0.788021 0.754297 0.788021
0 0.742969 0.704167 0.758594 0.704167 0.758594 0.730208 0.742969 0.730208
0 0.720312 0.710417 0.736719 0.710417 0.736719 0.734375 0.720312 0.734375
0 0.738672 0.742188 0.751172 0.742188 0.751172 0.765104 0.738672 0.765104
0 0.713281 0.747396 0.737109 0.747396 0.737109 0.772396 0.713281 0.772396
0 0.685938 0.755729 0.705078 0.755729 0.705078 0.786458 0.685938 0.786458
0 0.66875 0.754167 0.684766 0.754167 0.684766 0.778125 0.66875 0.778125
0 0.6375 0.800521 0.655078 0.800521 0.655078 0.828125 0.6375 0.828125
0 0.657812 0.797917 0.680469 0.797917 0.680469 0.817188 0.657812 0.817188
0 0.647656 0.741146 0.664453 0.741146 0.664453 0.767708 0.647656 0.767708
0 0.623828 0.746354 0.640625 0.746354 0.640625 0.770312 0.623828 0.770312
0 0.716016 0.657292 0.742969 0.657292 0.742969 0.689583 0.716016 0.689583
0 0.742969 0.595312 0.765234 0.595312 0.765234 0.625521 0.742969 0.625521
0 0.782422 0.473958 0.802734 0.473958 0.802734 0.502083 0.782422 0.502083
0 0.758203 0.449479 0.778906 0.449479 0.778906 0.472396 0.758203 0.472396
0 0.725 0.443229 0.744922 0.443229 0.744922 0.465104 0.725 0.465104
0 0.733984 0.467708 0.753906 0.467708 0.753906 0.493229 0.733984 0.493229
0 0.750781 0.489062 0.773047 0.489062 0.773047 0.516146 0.750781 0.516146
0 0.753906 0.533854 0.777734 0.533854 0.777734 0.559896 0.753906 0.559896
0 0.717188 0.558333 0.740625 0.558333 0.740625 0.584375 0.717188 0.584375
0 0.716797 0.595312 0.735547 0.595312 0.735547 0.617708 0.716797 0.617708
0 0.690234 0.588021 0.712891 0.588021 0.712891 0.615104 0.690234 0.615104
0 0.690234 0.642188 0.709766 0.642188 0.709766 0.673958 0.690234 0.673958
0 0.651562 0.659375 0.674219 0.659375 0.674219 0.686458 0.651562 0.686458
0 0.666406 0.604688 0.685938 0.604688 0.685938 0.634375 0.666406 0.634375
0 0.616406 0.605729 0.637109 0.605729 0.637109 0.635938 0.616406 0.635938
0 0.650391 0.58125 0.674609 0.58125 0.674609 0.607292 0.650391 0.607292
0 0.648438 0.551042 0.669141 0.551042 0.669141 0.575521 0.648438 0.575521
0 0.670312 0.516667 0.690234 0.516667 0.690234 0.546354 0.670312 0.546354
0 0.705859 0.5125 0.725781 0.5125 0.725781 0.534375 0.705859 0.534375
0 0.682422 0.477604 0.702734 0.477604 0.702734 0.506771 0.682422 0.506771
0 0.658594 0.451562 0.675781 0.451562 0.675781 0.474479 0.658594 0.474479
0 0.640625 0.479167 0.657031 0.479167 0.657031 0.502604 0.640625 0.502604
0 0.639844 0.516667 0.6625 0.516667 0.6625 0.544271 0.639844 0.544271
0 0.610156 0.515104 0.631641 0.515104 0.631641 0.541146 0.610156 0.541146
0 0.601172 0.561979 0.625 0.561979 0.625 0.5875 0.601172 0.5875
0 0.548047 0.620833 0.568359 0.620833 0.568359 0.646354 0.548047 0.646354
0 0.583594 0.522917 0.601562 0.522917 0.601562 0.55 0.583594 0.55
0 0.552344 0.515625 0.569141 0.515625 0.569141 0.539583 0.552344 0.539583
0 0.572266 0.469271 0.592188 0.469271 0.592188 0.495312 0.572266 0.495312
0 0.563672 0.434375 0.580859 0.434375 0.580859 0.456771 0.563672 0.456771
0 0.598438 0.466146 0.614062 0.466146 0.614062 0.496354 0.598438 0.496354
0 0.619141 0.478125 0.637891 0.478125 0.637891 0.505729 0.619141 0.505729
0 0.616016 0.440104 0.633984 0.440104 0.633984 0.467188 0.616016 0.467188
0 0.612891 0.833854 0.633594 0.833854 0.633594 0.858854 0.612891 0.858854
0 0.585547 0.822917 0.603906 0.822917 0.603906 0.845312 0.585547 0.845312
0 0.560938 0.811458 0.580078 0.811458 0.580078 0.829688 0.560938 0.829688
0 0.571094 0.853125 0.588672 0.853125 0.588672 0.883333 0.571094 0.883333
0 0.551172 0.897396 0.572656 0.897396 0.572656 0.917708 0.551172 0.917708
0 0.524219 0.951562 0.544531 0.951562 0.544531 0.971875 0.524219 0.971875
0 0.55 0.938542 0.563672 0.938542 0.563672 0.960417 0.55 0.960417
0 0.549609 0.969271 0.575 0.969271 0.575 0.991146 0.549609 0.991146
0 0.520312 0.827604 0.542188 0.827604 0.542188 0.847917 0.520312 0.847917
0 0.511719 0.8625 0.533984 0.8625 0.533984 0.884896 0.511719 0.884896
0 0.535938 0.760938 0.560547 0.760938 0.560547 0.784896 0.535938 0.784896
0 0.602734 0.676562 0.625 0.676562 0.625 0.701042 0.602734 0.701042
0 0.565234 0.652083 0.584375 0.652083 0.584375 0.682812 0.565234 0.682812
0 0.535547 0.668229 0.55625 0.668229 0.55625 0.685417 0.535547 0.685417
0 0.5125 0.720312 0.534375 0.720312 0.534375 0.742188 0.5125 0.742188
0 0.501562 0.738021 0.516016 0.738021 0.516016 0.760417 0.501562 0.760417
0 0.504297 0.778646 0.521875 0.778646 0.521875 0.797917 0.504297 0.797917
0 0.481641 0.790625 0.500391 0.790625 0.500391 0.811979 0.481641 0.811979
0 0.475391 0.743229 0.492969 0.743229 0.492969 0.766146 0.475391 0.766146
0 0.455469 0.773438 0.473047 0.773438 0.473047 0.79375 0.455469 0.79375
0 0.479688 0.877604 0.503906 0.877604 0.503906 0.897396 0.479688 0.897396
0 0.478125 0.908333 0.496094 0.908333 0.496094 0.925521 0.478125 0.925521
0 0.505078 0.982292 0.524219 0.982292 0.524219 0.998438 0.505078 0.998438
0 0.458594 0.975 0.473047 0.975 0.473047 0.998958 0.458594 0.998958
0 0.422656 0.969271 0.45 0.969271 0.45 0.996354 0.422656 0.996354
0 0.459375 0.9375 0.480859 0.9375 0.480859 0.960938 0.459375 0.960938
0 0.413672 0.924479 0.432812 0.924479 0.432812 0.947917 0.413672 0.947917
0 0.394531 0.91875 0.4125 0.91875 0.4125 0.939583 0.394531 0.939583
0 0.391016 0.891667 0.408594 0.891667 0.408594 0.910938 0.391016 0.910938
0 0.428516 0.890104 0.445312 0.890104 0.445312 0.920312 0.428516 0.920312
0 0.428125 0.844271 0.445703 0.844271 0.445703 0.870312 0.428125 0.870312
0 0.459766 0.829167 0.48125 0.829167 0.48125 0.848958 0.459766 0.848958
0 0.431641 0.7875 0.450391 0.7875 0.450391 0.807292 0.431641 0.807292
0 0.430078 0.745312 0.444531 0.745312 0.444531 0.766667 0.430078 0.766667
0 0.394531 0.790104 0.410547 0.790104 0.410547 0.815104 0.394531 0.815104
0 0.405859 0.827083 0.423047 0.827083 0.423047 0.854167 0.405859 0.854167
0 0.380078 0.815104 0.396484 0.815104 0.396484 0.840104 0.380078 0.840104
0 0.357422 0.80625 0.376562 0.80625 0.376562 0.827083 0.357422 0.827083
0 0.348438 0.852604 0.367188 0.852604 0.367188 0.878646 0.348438 0.878646
0 0.347656 0.911458 0.365625 0.911458 0.365625 0.939583 0.347656 0.939583
0 0.322656 0.902083 0.341797 0.902083 0.341797 0.930208 0.322656 0.930208
0 0.315234 0.864583 0.333984 0.864583 0.333984 0.888542 0.315234 0.888542
0 0.323828 0.820312 0.343359 0.820312 0.343359 0.848958 0.323828 0.848958
0 0.530078 0.476562 0.551953 0.476562 0.551953 0.507292 0.530078 0.507292
0 0.527344 0.520833 0.550391 0.520833 0.550391 0.552604 0.527344 0.552604
0 0.532031 0.557292 0.554688 0.557292 0.554688 0.585417 0.532031 0.585417
0 0.522656 0.629167 0.549219 0.629167 0.549219 0.657812 0.522656 0.657812
0 0.516016 0.590625 0.54375 0.590625 0.54375 0.619792 0.516016 0.619792
0 0.475781 0.559896 0.493359 0.559896 0.493359 0.586458 0.475781 0.586458
0 0.431641 0.560938 0.461328 0.560938 0.461328 0.6 0.431641 0.6
0 0.462891 0.696875 0.482031 0.696875 0.482031 0.730208 0.462891 0.730208
0 0.434766 0.673438 0.455469 0.673438 0.455469 0.699479 0.434766 0.699479
0 0.414453 0.700521 0.431641 0.700521 0.431641 0.726562 0.414453 0.726562
0 0.399219 0.658854 0.417969 0.658854 0.417969 0.68125 0.399219 0.68125
0 0.390234 0.694271 0.404297 0.694271 0.404297 0.718229 0.390234 0.718229
0 0.387891 0.738542 0.412891 0.738542 0.412891 0.767188 0.387891 0.767188
0 0.366406 0.725 0.383594 0.725 0.383594 0.746875 0.366406 0.746875
0 0.35 0.759896 0.371094 0.759896 0.371094 0.7875 0.35 0.7875
0 0.321875 0.766146 0.341406 0.766146 0.341406 0.798438 0.321875 0.798438
0 0.424609 0.365625 0.440234 0.365625 0.440234 0.391667 0.424609 0.391667
0 0.397656 0.378646 0.415234 0.378646 0.415234 0.404688 0.397656 0.404688
0 0.363281 0.413021 0.385547 0.413021 0.385547 0.441667 0.363281 0.441667
0 0.349609 0.440104 0.371094 0.440104 0.371094 0.471354 0.349609 0.471354
0 0.371094 0.476042 0.388672 0.476042 0.388672 0.501562 0.371094 0.501562
0 0.399609 0.507812 0.419141 0.507812 0.419141 0.532812 0.399609 0.532812
0 0.423828 0.520833 0.442969 0.520833 0.442969 0.544271 0.423828 0.544271
0 0.465625 0.528125 0.489453 0.528125 0.489453 0.55 0.465625 0.55
0 0.499219 0.49375 0.517578 0.49375 0.517578 0.517188 0.499219 0.517188
0 0.514453 0.429688 0.534375 0.429688 0.534375 0.45625 0.514453 0.45625
0 0.485156 0.442708 0.50625 0.442708 0.50625 0.469792 0.485156 0.469792
0 0.455469 0.472917 0.473828 0.472917 0.473828 0.498438 0.455469 0.498438
0 0.416797 0.465625 0.437891 0.465625 0.437891 0.490104 0.416797 0.490104
0 0.421094 0.417708 0.440625 0.417708 0.440625 0.445833 0.421094 0.445833
0 0.44375 0.395833 0.461719 0.395833 0.461719 0.421354 0.44375 0.421354
0 0.465625 0.388542 0.490234 0.388542 0.490234 0.4125 0.465625 0.4125
0 0.465625 0.415625 0.484766 0.415625 0.484766 0.440104 0.465625 0.440104
0 0.01875 0.971354 0.036328 0.971354 0.036328 0.992188 0.01875 0.992188
0 0.06875 0.979688 0.089844 0.979688 0.089844 0.999479 0.06875 0.999479
0 0.064453 0.940104 0.08125 0.940104 0.08125 0.961458 0.064453 0.961458
0 0.092969 0.942188 0.115234 0.942188 0.115234 0.964062 0.092969 0.964062
0 0.068359 0.907292 0.089062 0.907292 0.089062 0.922396 0.068359 0.922396
0 0.049219 0.91875 0.067188 0.91875 0.067188 0.942188 0.049219 0.942188
0 0.046484 0.873438 0.064844 0.873438 0.064844 0.896354 0.046484 0.896354
0 0.06875 0.871875 0.087109 0.871875 0.087109 0.890625 0.06875 0.890625
0 0.051172 0.844271 0.067188 0.844271 0.067188 0.864062 0.051172 0.864062
0 0.01875 0.861458 0.034766 0.861458 0.034766 0.885938 0.01875 0.885938
0 0.010547 0.923958 0.032812 0.923958 0.032812 0.950521 0.010547 0.950521
0 0.3 0.83125 0.316797 0.83125 0.316797 0.854167 0.3 0.854167
0 0.269922 0.842188 0.289062 0.842188 0.289062 0.866146 0.269922 0.866146
0 0.25 0.825521 0.26875 0.825521 0.26875 0.853646 0.25 0.853646
0 0.274609 0.803646 0.299609 0.803646 0.299609 0.825521 0.274609 0.825521
0 0.250781 0.776562 0.273047 0.776562 0.273047 0.801562 0.250781 0.801562
0 0.2125 0.802083 0.228516 0.802083 0.228516 0.830729 0.2125 0.830729
0 0.191406 0.829167 0.209375 0.829167 0.209375 0.853646 0.191406 0.853646
0 0.1875 0.784375 0.205078 0.784375 0.205078 0.805729 0.1875 0.805729
0 0.214453 0.746354 0.232422 0.746354 0.232422 0.772396 0.214453 0.772396
0 0.256641 0.739062 0.275781 0.739062 0.275781 0.758333 0.256641 0.758333
0 0.282812 0.749479 0.298828 0.749479 0.298828 0.775 0.282812 0.775
0 0.308984 0.717708 0.33125 0.717708 0.33125 0.740625 0.308984 0.740625
0 0.278516 0.70625 0.304297 0.70625 0.304297 0.73125 0.278516 0.73125
0 0.242578 0.701562 0.267188 0.701562 0.267188 0.722917 0.242578 0.722917
0 0.251563 0.666146 0.275391 0.666146 0.275391 0.691146 0.251563 0.691146
0 0.278516 0.665625 0.301172 0.665625 0.301172 0.6875 0.278516 0.6875
0 0.237109 0.680208 0.251953 0.680208 0.251953 0.695833 0.237109 0.695833
0 0.217578 0.678125 0.234766 0.678125 0.234766 0.707812 0.217578 0.707812
0 0.190234 0.665104 0.210547 0.665104 0.210547 0.693229 0.190234 0.693229
0 0.185547 0.730729 0.210938 0.730729 0.210938 0.755208 0.185547 0.755208
0 0.165625 0.755208 0.182812 0.755208 0.182812 0.773958 0.165625 0.773958
0 0.147266 0.770312 0.171484 0.770312 0.171484 0.798958 0.147266 0.798958
0 0.092188 0.753125 0.109375 0.753125 0.109375 0.776562 0.092188 0.776562
0 0.119922 0.743229 0.138281 0.743229 0.138281 0.764583 0.119922 0.764583
0 0.077344 0.720312 0.104297 0.720312 0.104297 0.746354 0.077344 0.746354
0 0.141406 0.693229 0.161328 0.693229 0.161328 0.726042 0.141406 0.726042
0 0.089453 0.688021 0.112891 0.688021 0.112891 0.716667 0.089453 0.716667
0 0.087109 0.65 0.110547 0.65 0.110547 0.675521 0.087109 0.675521
0 0.124219 0.633854 0.139844 0.633854 0.139844 0.657292 0.124219 0.657292
0 0.146875 0.622396 0.169922 0.622396 0.169922 0.645833 0.146875 0.645833
0 0.165625 0.578125 0.188672 0.578125 0.188672 0.607292 0.165625 0.607292
0 0.185547 0.608333 0.20625 0.608333 0.20625 0.635938 0.185547 0.635938
0 0.231641 0.636458 0.253125 0.636458 0.253125 0.661979 0.231641 0.661979
0 0.284375 0.634896 0.309766 0.634896 0.309766 0.659375 0.284375 0.659375
0 0.335547 0.6 0.360938 0.6 0.360938 0.623438 0.335547 0.623438
0 0.314844 0.581771 0.332812 0.581771 0.332812 0.610417 0.314844 0.610417
0 0.328906 0.566667 0.348047 0.566667 0.348047 0.592188 0.328906 0.592188
0 0.351172 0.552604 0.375391 0.552604 0.375391 0.582812 0.351172 0.582812
0 0.328906 0.530208 0.347656 0.530208 0.347656 0.554688 0.328906 0.554688
0 0.274219 0.596354 0.289844 0.596354 0.289844 0.619271 0.274219 0.619271
0 0.247656 0.591667 0.266797 0.591667 0.266797 0.616146 0.247656 0.616146
0 0.215234 0.586979 0.237109 0.586979 0.237109 0.615104 0.215234 0.615104
0 0.158594 0.548438 0.178125 0.548438 0.178125 0.572396 0.158594 0.572396
0 0.207812 0.555729 0.233984 0.555729 0.233984 0.581771 0.207812 0.581771
0 0.235938 0.532292 0.257812 0.532292 0.257812 0.55625 0.235938 0.55625
0 0.250781 0.554688 0.271875 0.554688 0.271875 0.575 0.250781 0.575
0 0.320312 0.490625 0.344922 0.490625 0.344922 0.518229 0.320312 0.518229
0 0.275781 0.497917 0.297656 0.497917 0.297656 0.521354 0.275781 0.521354
0 0.279688 0.465625 0.300391 0.465625 0.300391 0.491146 0.279688 0.491146
0 0.287891 0.438021 0.305078 0.438021 0.305078 0.463542 0.287891 0.463542
0 0.308984 0.452083 0.326953 0.452083 0.326953 0.479167 0.308984 0.479167
0 0.255078 0.402083 0.278516 0.402083 0.278516 0.422917 0.255078 0.422917
0 0.273828 0.336458 0.289062 0.336458 0.289062 0.357292 0.273828 0.357292
0 0.252344 0.325 0.270312 0.325 0.270312 0.35 0.252344 0.35
0 0.219531 0.335938 0.241797 0.335938 0.241797 0.360417 0.219531 0.360417
0 0.205469 0.284896 0.229688 0.284896 0.229688 0.307292 0.205469 0.307292
0 0.189453 0.320312 0.208203 0.320312 0.208203 0.35 0.189453 0.35
0 0.158594 0.308333 0.182031 0.308333 0.182031 0.330729 0.158594 0.330729
0 0.166797 0.346354 0.186719 0.346354 0.186719 0.371354 0.166797 0.371354
0 0.189844 0.374479 0.213281 0.374479 0.213281 0.395312 0.189844 0.395312
0 0.240234 0.498438 0.261328 0.498438 0.261328 0.521875 0.240234 0.521875
0 0.218359 0.471875 0.236719 0.471875 0.236719 0.493229 0.218359 0.493229
0 0.190234 0.475 0.210547 0.475 0.210547 0.499479 0.190234 0.499479
0 0.190625 0.513021 0.211328 0.513021 0.211328 0.535417 0.190625 0.535417
0 0.226172 0.422396 0.246094 0.422396 0.246094 0.45 0.226172 0.45
0 0.207422 0.404688 0.228125 0.404688 0.228125 0.423438 0.207422 0.423438
0 0.165234 0.393229 0.191406 0.393229 0.191406 0.417708 0.165234 0.417708
0 0.179688 0.434896 0.196094 0.434896 0.196094 0.454167 0.179688 0.454167
0 0.154297 0.425521 0.176953 0.425521 0.176953 0.448958 0.154297 0.448958
0 0.155859 0.464583 0.179297 0.464583 0.179297 0.490104 0.155859 0.490104
0 0.140625 0.507812 0.161719 0.507812 0.161719 0.532812 0.140625 0.532812
0 0.112109 0.502083 0.134766 0.502083 0.134766 0.525 0.112109 0.525
0 0.120703 0.545833 0.141797 0.545833 0.141797 0.567188 0.120703 0.567188
0 0.130469 0.575521 0.151562 0.575521 0.151562 0.601562 0.130469 0.601562
0 0.112109 0.605208 0.135156 0.605208 0.135156 0.628646 0.112109 0.628646
0 0.074609 0.608333 0.098047 0.608333 0.098047 0.636979 0.074609 0.636979
0 0.099219 0.564583 0.122656 0.564583 0.122656 0.592708 0.099219 0.592708
0 0.060156 0.652083 0.079688 0.652083 0.079688 0.675521 0.060156 0.675521
0 0.028125 0.638542 0.044922 0.638542 0.044922 0.661458 0.028125 0.661458
0 0.001953 0.64375 0.021875 0.64375 0.021875 0.665104 0.001953 0.665104
0 0.028125 0.60625 0.048047 0.60625 0.048047 0.626562 0.028125 0.626562
0 0.00625 0.588542 0.028906 0.588542 0.028906 0.6125 0.00625 0.6125
0 0.013672 0.556771 0.035938 0.556771 0.035938 0.581771 0.013672 0.581771
0 0.047656 0.565625 0.072656 0.565625 0.072656 0.59375 0.047656 0.59375
0 0.037891 0.516146 0.057812 0.516146 0.057812 0.54375 0.037891 0.54375
0 0.036328 0.479167 0.058594 0.479167 0.058594 0.508333 0.036328 0.508333
0 0.014844 0.495833 0.031641 0.495833 0.031641 0.516667 0.014844 0.516667
0 0.000391 0.466667 0.025781 0.466667 0.025781 0.492708 0.000391 0.492708
0 0.089062 0.46875 0.113281 0.46875 0.113281 0.497917 0.089062 0.497917
0 0.115625 0.430208 0.135156 0.430208 0.135156 0.454167 0.115625 0.454167
0 0.100391 0.395833 0.13125 0.395833 0.13125 0.420312 0.100391 0.420312
0 0.137891 0.373438 0.158984 0.373438 0.158984 0.397396 0.137891 0.397396
0 0.125781 0.341146 0.146875 0.341146 0.146875 0.363542 0.125781 0.363542
0 0.097656 0.352604 0.115234 0.352604 0.115234 0.375521 0.097656 0.375521
0 0.068359 0.339583 0.085156 0.339583 0.085156 0.365625 0.068359 0.365625
0 0.041797 0.365625 0.061719 0.365625 0.061719 0.390625 0.041797 0.390625
0 0.051562 0.410417 0.069922 0.410417 0.069922 0.438542 0.051562 0.438542
0 0.000391 0.419792 0.023828 0.419792 0.023828 0.443229 0.000391 0.443229
0 0.016406 0.364062 0.0375 0.364062 0.0375 0.391146 0.016406 0.391146
0 0.0 0.202083 0.014062 0.202083 0.014062 0.228646 0.0 0.228646
0 0.019531 0.209375 0.0375 0.209375 0.0375 0.2375 0.019531 0.2375
0 0.00625 0.270312 0.032812 0.270312 0.032812 0.301042 0.00625 0.301042
0 0.0 0.316667 0.021094 0.316667 0.021094 0.342708 0.0 0.342708
0 0.035938 0.309375 0.055078 0.309375 0.055078 0.333854 0.035938 0.333854
0 0.063281 0.289062 0.086328 0.289062 0.086328 0.316146 0.063281 0.316146
0 0.100781 0.297396 0.121094 0.297396 0.121094 0.324479 0.100781 0.324479
0 0.137109 0.272917 0.158984 0.272917 0.158984 0.303646 0.137109 0.303646
0 0.086328 0.260938 0.111719 0.260938 0.111719 0.288021 0.086328 0.288021
0 0.0625 0.239062 0.085156 0.239062 0.085156 0.264583 0.0625 0.264583
0 0.082031 0.219271 0.106641 0.219271 0.106641 0.250521 0.082031 0.250521
0 0.977734 0.223958 0.999609 0.223958 0.999609 0.251563 0.977734 0.251563
0 0.965625 0.352604 0.990234 0.352604 0.990234 0.377604 0.965625 0.377604
0 0.9625 0.384375 0.98125 0.384375 0.98125 0.411979 0.9625 0.411979
0 0.932422 0.015104 0.953516 0.015104 0.953516 0.034375 0.932422 0.034375
0 0.889844 0.003646 0.912891 0.003646 0.912891 0.028646 0.889844 0.028646
0 0.900391 0.035417 0.921094 0.035417 0.921094 0.057812 0.900391 0.057812
0 0.920312 0.061979 0.942188 0.061979 0.942188 0.082812 0.920312 0.082812
0 0.907422 0.117708 0.927344 0.117708 0.927344 0.136979 0.907422 0.136979
0 0.882422 0.063021 0.903906 0.063021 0.903906 0.088542 0.882422 0.088542
0 0.872656 0.030729 0.89375 0.030729 0.89375 0.057292 0.872656 0.057292
0 0.857812 0.004167 0.879297 0.004167 0.879297 0.024479 0.857812 0.024479
0 0.841016 0.044271 0.863281 0.044271 0.863281 0.06875 0.841016 0.06875
0 0.838281 0.089062 0.858984 0.089062 0.858984 0.110938 0.838281 0.110938
0 0.873828 0.107292 0.895703 0.107292 0.895703 0.128646 0.873828 0.128646
0 0.866406 0.138542 0.885547 0.138542 0.885547 0.161458 0.866406 0.161458
0 0.861328 0.18125 0.883984 0.18125 0.883984 0.210417 0.861328 0.210417
0 0.835156 0.161979 0.85625 0.161979 0.85625 0.1875 0.835156 0.1875
0 0.835938 0.121354 0.855078 0.121354 0.855078 0.142708 0.835938 0.142708
0 0.809375 0.114583 0.827344 0.114583 0.827344 0.14375 0.809375 0.14375
0 0.807812 0.18125 0.831641 0.18125 0.831641 0.208854 0.807812 0.208854
0 0.805859 0.289583 0.824609 0.289583 0.824609 0.315104 0.805859 0.315104
0 0.843359 0.288021 0.862109 0.288021 0.862109 0.309896 0.843359 0.309896
0 0.850781 0.248438 0.867188 0.248438 0.867188 0.274479 0.850781 0.274479
0 0.815234 0.251042 0.834375 0.251042 0.834375 0.276042 0.815234 0.276042
0 0.788281 0.252083 0.808203 0.252083 0.808203 0.279688 0.788281 0.279688
0 0.743359 0.293229 0.766406 0.293229 0.766406 0.317188 0.743359 0.317188
0 0.741797 0.320312 0.765234 0.320312 0.765234 0.339062 0.741797 0.339062
0 0.714844 0.307812 0.739062 0.307812 0.739062 0.336458 0.714844 0.336458
0 0.679297 0.295312 0.703906 0.295312 0.703906 0.329167 0.679297 0.329167
0 0.703516 0.271354 0.723828 0.271354 0.723828 0.298438 0.703516 0.298438
0 0.717969 0.234375 0.741406 0.234375 0.741406 0.268229 0.717969 0.268229
0 0.751953 0.224479 0.775391 0.224479 0.775391 0.255729 0.751953 0.255729
0 0.780469 0.164583 0.796094 0.164583 0.796094 0.188542 0.780469 0.188542
0 0.755078 0.155729 0.773047 0.155729 0.773047 0.184375 0.755078 0.184375
0 0.726953 0.181771 0.753516 0.181771 0.753516 0.208333 0.726953 0.208333
0 0.700781 0.177083 0.724609 0.177083 0.724609 0.202083 0.700781 0.202083
0 0.687109 0.215625 0.710547 0.215625 0.710547 0.24375 0.687109 0.24375
0 0.644922 0.165104 0.664062 0.165104 0.664062 0.19375 0.644922 0.19375
0 0.667578 0.18125 0.687109 0.18125 0.687109 0.20625 0.667578 0.20625
0 0.689844 0.140625 0.709375 0.140625 0.709375 0.166667 0.689844 0.166667
0 0.73125 0.122396 0.752734 0.122396 0.752734 0.148958 0.73125 0.148958
0 0.757812 0.097917 0.780859 0.097917 0.780859 0.124479 0.757812 0.124479
0 0.782422 0.083854 0.803906 0.083854 0.803906 0.108333 0.782422 0.108333
0 0.817578 0.024479 0.835547 0.024479 0.835547 0.052083 0.817578 0.052083
0 0.793359 0.000521 0.812891 0.000521 0.812891 0.028125 0.793359 0.028125
0 0.7625 0.002083 0.780469 0.002083 0.780469 0.026042 0.7625 0.026042
0 0.74375 0.057292 0.764062 0.057292 0.764062 0.08125 0.74375 0.08125
0 0.708984 0.027083 0.732031 0.027083 0.732031 0.053125 0.708984 0.053125
0 0.698828 0.078125 0.717969 0.078125 0.717969 0.106771 0.698828 0.106771
0 0.665625 0.047917 0.683594 0.047917 0.683594 0.069792 0.665625 0.069792
0 0.645312 0.079167 0.665625 0.079167 0.665625 0.105729 0.645312 0.105729
0 0.656641 0.121875 0.675 0.121875 0.675 0.141667 0.656641 0.141667
0 0.701562 0.0 0.723828 0.0 0.723828 0.016146 0.701562 0.016146
0 0.617188 0.017708 0.637891 0.017708 0.637891 0.042708 0.617188 0.042708
0 0.589062 0.016667 0.606641 0.016667 0.606641 0.044792 0.589062 0.044792
0 0.619531 0.052083 0.638672 0.052083 0.638672 0.070833 0.619531 0.070833
0 0.617188 0.085417 0.635156 0.085417 0.635156 0.111458 0.617188 0.111458
0 0.579688 0.109375 0.598047 0.109375 0.598047 0.13125 0.579688 0.13125
0 0.587109 0.140625 0.613672 0.140625 0.613672 0.161979 0.587109 0.161979
0 0.571875 0.177083 0.592578 0.177083 0.592578 0.203125 0.571875 0.203125
0 0.617188 0.2 0.633594 0.2 0.633594 0.226562 0.617188 0.226562
0 0.6375 0.225 0.656641 0.225 0.656641 0.248438 0.6375 0.248438
0 0.632812 0.257812 0.657422 0.257812 0.657422 0.282292 0.632812 0.282292
0 0.591016 0.247917 0.610938 0.247917 0.610938 0.271875 0.591016 0.271875
0 0.585547 0.209375 0.603516 0.209375 0.603516 0.238021 0.585547 0.238021
0 0.564453 0.222917 0.585938 0.222917 0.585938 0.247917 0.564453 0.247917
0 0.517188 0.261458 0.535547 0.261458 0.535547 0.286979 0.517188 0.286979
0 0.546094 0.256771 0.566406 0.256771 0.566406 0.278646 0.546094 0.278646
0 0.520312 0.226042 0.5375 0.226042 0.5375 0.252083 0.520312 0.252083
0 0.545703 0.194271 0.567578 0.194271 0.567578 0.214062 0.545703 0.214062
0 0.547656 0.164062 0.566797 0.164062 0.566797 0.189062 0.547656 0.189062
0 0.5125 0.174479 0.530469 0.174479 0.530469 0.203646 0.5125 0.203646
0 0.483203 0.195312 0.505469 0.195312 0.505469 0.226562 0.483203 0.226562
0 0.460156 0.223438 0.479688 0.223438 0.479688 0.251563 0.460156 0.251563
0 0.433203 0.217188 0.454688 0.217188 0.454688 0.245833 0.433203 0.245833
0 0.450781 0.180208 0.469141 0.180208 0.469141 0.204688 0.450781 0.204688
0 0.423047 0.176562 0.443359 0.176562 0.443359 0.201562 0.423047 0.201562
0 0.45 0.136458 0.472266 0.136458 0.472266 0.163021 0.45 0.163021
0 0.496484 0.152083 0.517969 0.152083 0.517969 0.178125 0.496484 0.178125
0 0.492578 0.126562 0.511719 0.126562 0.511719 0.152083 0.492578 0.152083
0 0.564453 0.058854 0.583594 0.058854 0.583594 0.081771 0.564453 0.081771
0 0.554297 0.109375 0.573047 0.109375 0.573047 0.135417 0.554297 0.135417
0 0.519531 0.102604 0.542578 0.102604 0.542578 0.130729 0.519531 0.130729
0 0.536719 0.082292 0.555078 0.082292 0.555078 0.105729 0.536719 0.105729
0 0.51875 0.051042 0.536328 0.051042 0.536328 0.080208 0.51875 0.080208
0 0.541016 0.041146 0.5625 0.041146 0.5625 0.060417 0.541016 0.060417
0 0.534766 0.011458 0.558594 0.011458 0.558594 0.036458 0.534766 0.036458
0 0.464453 0.085417 0.485547 0.085417 0.485547 0.115104 0.464453 0.115104
0 0.424609 0.058333 0.45 0.058333 0.45 0.091146 0.424609 0.091146
0 0.335938 0.184896 0.350391 0.184896 0.350391 0.2125 0.335938 0.2125
0 0.351562 0.165104 0.367578 0.165104 0.367578 0.196354 0.351562 0.196354
0 0.374219 0.126042 0.390234 0.126042 0.390234 0.153125 0.374219 0.153125
0 0.348047 0.127604 0.368359 0.127604 0.368359 0.148958 0.348047 0.148958
0 0.334375 0.098958 0.355078 0.098958 0.355078 0.129688 0.334375 0.129688
0 0.323047 0.147917 0.340234 0.147917 0.340234 0.176562 0.323047 0.176562
0 0.30625 0.173438 0.328906 0.173438 0.328906 0.203125 0.30625 0.203125
0 0.261719 0.18125 0.282031 0.18125 0.282031 0.208333 0.261719 0.208333
0 0.288672 0.119271 0.310156 0.119271 0.310156 0.144271 0.288672 0.144271
0 0.357031 0.091667 0.376953 0.091667 0.376953 0.118229 0.357031 0.118229
0 0.382422 0.076562 0.402344 0.076562 0.402344 0.102083 0.382422 0.102083
0 0.444531 0.013542 0.471484 0.013542 0.471484 0.0375 0.444531 0.0375
0 0.410156 0.019271 0.437891 0.019271 0.437891 0.048958 0.410156 0.048958
0 0.369141 0.0 0.392188 0.0 0.392188 0.030208 0.369141 0.030208
0 0.359375 0.047917 0.383203 0.047917 0.383203 0.079688 0.359375 0.079688
0 0.317188 0.059896 0.340234 0.059896 0.340234 0.0875 0.317188 0.0875
0 0.298438 0.047396 0.318359 0.047396 0.318359 0.070312 0.298438 0.070312
0 0.310547 0.00625 0.330859 0.00625 0.330859 0.038021 0.310547 0.038021
0 0.277734 0.014583 0.303125 0.014583 0.303125 0.048438 0.277734 0.048438
0 0.273828 0.064062 0.296094 0.064062 0.296094 0.094792 0.273828 0.094792
0 0.253906 0.121354 0.275391 0.121354 0.275391 0.149479 0.253906 0.149479
0 0.237891 0.156771 0.264062 0.156771 0.264062 0.184375 0.237891 0.184375
0 0.219531 0.114062 0.242969 0.114062 0.242969 0.147917 0.219531 0.147917
0 0.198047 0.161458 0.224219 0.161458 0.224219 0.188542 0.198047 0.188542
0 0.19375 0.113542 0.210938 0.113542 0.210938 0.141146 0.19375 0.141146
0 0.16875 0.113542 0.187891 0.113542 0.187891 0.138542 0.16875 0.138542
0 0.169141 0.069271 0.194141 0.069271 0.194141 0.096354 0.169141 0.096354
0 0.236328 0.089062 0.265625 0.089062 0.265625 0.116146 0.236328 0.116146
0 0.242188 0.048958 0.264453 0.048958 0.264453 0.073958 0.242188 0.073958
0 0.225 0.015104 0.249609 0.015104 0.249609 0.039583 0.225 0.039583
0 0.189062 0.0 0.2125 0.0 0.2125 0.027604 0.189062 0.027604
0 0.197656 0.025 0.219141 0.025 0.219141 0.052083 0.197656 0.052083
0 0.199219 0.059375 0.218359 0.059375 0.218359 0.083854 0.199219 0.083854
0 0.2125 0.075 0.235156 0.075 0.235156 0.101042 0.2125 0.101042
0 0.169141 0.025 0.187891 0.025 0.187891 0.055208 0.169141 0.055208
0 0.139453 0.007812 0.161328 0.007812 0.161328 0.040104 0.139453 0.040104
0 0.138281 0.059375 0.166016 0.059375 0.166016 0.084375 0.138281 0.084375
0 0.105078 0.048438 0.126953 0.048438 0.126953 0.077083 0.105078 0.077083
0 0.093359 0.008333 0.112109 0.008333 0.112109 0.034375 0.093359 0.034375
0 0.056641 0.006771 0.082422 0.006771 0.082422 0.029167 0.056641 0.029167
0 0.063281 0.041667 0.092188 0.041667 0.092188 0.073958 0.063281 0.073958
0 0.082422 0.080729 0.107031 0.080729 0.107031 0.108333 0.082422 0.108333
0 0.955078 0.588021 0.976953 0.588021 0.976953 0.614062 0.955078 0.614062
0 0.508984 0.551562 0.527344 0.551562 0.527344 0.573958 0.508984 0.573958