0 0.839062 0.957812 0.861328 0.957812 0.861328 0.981771 0.839062 0.981771
0 0.810547 0.972917 0.833984 0.972917 0.833984 0.998438 0.810547 0.998438
0 0.769141 0.945833 0.788281 0.945833 0.788281 0.970833 0.769141 0.970833
0 0.739062 0.911979 0.760547 0.911979 0.760547 0.936979 0.739062 0.936979
0 0.666406 0.957812 0.682031 0.957812 0.682031 0.983333 0.666406 0.983333
0 0.642969 0.947917 0.660156 0.947917 0.660156 0.970312 0.642969 0.970312
0 0.623047 0.961458 0.635938 0.961458 0.635938 0.985417 0.623047 0.985417
0 0.635547 0.906771 0.653516 0.906771 0.653516 0.93125 0.635547 0.93125
0 0.662891 0.9 0.680859 0.9 0.680859 0.926562 0.662891 0.926562
0 0.559766 0.974479 0.578516 0.974479 0.578516 0.995833 0.559766 0.995833
0 0.580859 0.929167 0.596484 0.929167 0.596484 0.954167 0.580859 0.954167
0 0.544922 0.895312 0.567188 0.895312 0.567188 0.925 0.544922 0.925
0 0.576562 0.874479 0.596875 0.874479 0.596875 0.899479 0.576562 0.899479
0 0.605469 0.848958 0.63125 0.848958 0.63125 0.876042 0.605469 0.876042
0 0.598438 0.806771 0.619141 0.806771 0.619141 0.825521 0.598438 0.825521
0 0.559766 0.795312 0.582422 0.795312 0.582422 0.815625 0.559766 0.815625
0 0.547656 0.755208 0.567188 0.755208 0.567188 0.775 0.547656 0.775
0 0.508203 0.776562 0.525781 0.776562 0.525781 0.798958 0.508203 0.798958
0 0.549609 0.840104 0.567578 0.840104 0.567578 0.867708 0.549609 0.867708
0 0.501953 0.919271 0.522266 0.919271 0.522266 0.947396 0.501953 0.947396
0 0.462109 0.93125 0.487109 0.93125 0.487109 0.95625 0.462109 0.95625
0 0.446875 0.973438 0.469531 0.973438 0.469531 0.998958 0.446875 0.998958
0 0.411328 0.943229 0.435156 0.943229 0.435156 0.972396 0.411328 0.972396
0 0.423047 0.898438 0.447656 0.898438 0.447656 0.923958 0.423047 0.923958
0 0.4125 0.861979 0.436328 0.861979 0.436328 0.884375 0.4125 0.884375
0 0.448828 0.849479 0.478125 0.849479 0.478125 0.877083 0.448828 0.877083
0 0.494531 0.829688 0.515625 0.829688 0.515625 0.859896 0.494531 0.859896
0 0.469141 0.80625 0.492578 0.80625 0.492578 0.828125 0.469141 0.828125
0 0.428125 0.779167 0.447656 0.779167 0.447656 0.802604 0.428125 0.802604
0 0.416016 0.819271 0.439844 0.819271 0.439844 0.841146 0.416016 0.841146
0 0.478906 0.75 0.496484 0.75 0.496484 0.779688 0.478906 0.779688
0 0.446094 0.704167 0.469141 0.704167 0.469141 0.727083 0.446094 0.727083
0 0.413281 0.740625 0.439453 0.740625 0.439453 0.764062 0.413281 0.764062
0 0.983594 0.946354 0.998828 0.946354 0.998828 0.965625 0.983594 0.965625
0 0.969922 0.890625 0.990625 0.890625 0.990625 0.920312 0.969922 0.920312
0 0.948828 0.913021 0.96875 0.913021 0.96875 0.933854 0.948828 0.933854
0 0.887891 0.881771 0.916406 0.881771 0.916406 0.906771 0.887891 0.906771
0 0.925391 0.847396 0.942969 0.847396 0.942969 0.870312 0.925391 0.870312
0 0.969922 0.844271 0.993359 0.844271 0.993359 0.863021 0.969922 0.863021
0 0.953906 0.795833 0.968359 0.795833 0.968359 0.819792 0.953906 0.819792
0 0.975781 0.76875 0.998047 0.76875 0.998047 0.792188 0.975781 0.792188
0 0.910156 0.779167 0.933594 0.779167 0.933594 0.803125 0.910156 0.803125
0 0.894141 0.833854 0.913281 0.833854 0.913281 0.851562 0.894141 0.851562
0 0.879688 0.806771 0.896484 0.806771 0.896484 0.830729 0.879688 0.830729
0 0.846484 0.833854 0.86875 0.833854 0.86875 0.854688 0.846484 0.854688
0 0.808984 0.814583 0.827344 0.814583 0.827344 0.833854 0.808984 0.833854
0 0.8375 0.777083 0.855469 0.777083 0.855469 0.797396 0.8375 0.797396
0 0.861328 0.746875 0.885938 0.746875 0.885938 0.769792 0.861328 0.769792
0 0.911719 0.730729 0.938672 0.730729 0.938672 0.756771 0.911719 0.756771
0 0.966797 0.709896 0.99375 0.709896 0.99375 0.736458 0.966797 0.736458
0 0.985547 0.546354 0.999609 0.546354 0.999609 0.570312 0.985547 0.570312
0 0.958594 0.5625 0.976562 0.5625 0.976562 0.593229 0.958594 0.593229
0 0.939062 0.611458 0.958594 0.611458 0.958594 0.638021 0.939062 0.638021
0 0.942188 0.658854 0.966797 0.658854 0.966797 0.684896 0.942188 0.684896
0 0.902734 0.683854 0.923438 0.683854 0.923438 0.70625 0.902734 0.70625
0 0.873047 0.674479 0.89375 0.674479 0.89375 0.695312 0.873047 0.695312
0 0.896484 0.609896 0.917578 0.609896 0.917578 0.640104 0.896484 0.640104
0 0.915234 0.558333 0.936328 0.558333 0.936328 0.591667 0.915234 0.591667
0 0.871094 0.545312 0.891406 0.545312 0.891406 0.571875 0.871094 0.571875
0 0.860156 0.594271 0.881641 0.594271 0.881641 0.622917 0.860156 0.622917
0 0.847266 0.636458 0.866797 0.636458 0.866797 0.661458 0.847266 0.661458
0 0.826562 0.695833 0.850391 0.695833 0.850391 0.716667 0.826562 0.716667
0 0.820703 0.653646 0.8375 0.653646 0.8375 0.68125 0.820703 0.68125
0 0.794531 0.643229 0.8125 0.643229 0.8125 0.663021 0.794531 0.663021
0 0.758203 0.710417 0.782812 0.710417 0.782812 0.736458 0.758203 0.736458
0 0.789062 0.757292 0.807422 0.757292 0.807422 0.783854 0.789062 0.783854
0 0.759375 0.786458 0.778906 0.786458 0.778906 0.810417 0.759375 0.810417
0 0.700781 0.753646 0.725391 0.753646 0.725391 0.774479 0.700781 0.774479
0 0.696875 0.702083 0.7125 0.702083 0.7125 0.73125 0.696875 0.73125
0 0.666016 0.707292 0.687109 0.707292 0.687109 0.732292 0.666016 0.732292
0 0.654297 0.736458 0.679297 0.736458 0.679297 0.763021 0.654297 0.763021
0 0.632422 0.684896 0.648438 0.684896 0.648438 0.708854 0.632422 0.708854
0 0.602734 0.707292 0.627734 0.707292 0.627734 0.725 0.602734 0.725
0 0.570312 0.679688 0.591016 0.679688 0.591016 0.704688 0.570312 0.704688
0 0.543359 0.674479 0.563281 0.674479 0.563281 0.692708 0.543359 0.692708
0 0.565625 0.653646 0.586328 0.653646 0.586328 0.671875 0.565625 0.671875
0 0.624609 0.626042 0.645312 0.626042 0.645312 0.643229 0.624609 0.643229
0 0.715625 0.622917 0.738672 0.622917 0.738672 0.654688 0.715625 0.654688
0 0.761328 0.588542 0.783984 0.588542 0.783984 0.613542 0.761328 0.613542
0 0.794922 0.58125 0.820703 0.58125 0.820703 0.60625 0.794922 0.60625
0 0.500781 0.608333 0.529297 0.608333 0.529297 0.630729 0.500781 0.630729
0 0.541797 0.608333 0.562891 0.608333 0.562891 0.630208 0.541797 0.630208
0 0.578906 0.619271 0.605469 0.619271 0.605469 0.6375 0.578906 0.6375
0 0.580078 0.572917 0.605859 0.572917 0.605859 0.608854 0.580078 0.608854
0 0.646094 0.595833 0.670312 0.595833 0.670312 0.619271 0.646094 0.619271
0 0.633203 0.561458 0.651953 0.561458 0.651953 0.585938 0.633203 0.585938
0 0.680469 0.572917 0.704688 0.572917 0.704688 0.600521 0.680469 0.600521
0 0.596484 0.510417 0.620312 0.510417 0.620312 0.532812 0.596484 0.532812
0 0.566016 0.540104 0.585938 0.540104 0.585938 0.561458 0.566016 0.561458
0 0.548438 0.523438 0.569531 0.523438 0.569531 0.54375 0.548438 0.54375
0 0.560547 0.493229 0.578125 0.493229 0.578125 0.515104 0.560547 0.515104
0 0.533984 0.470312 0.554688 0.470312 0.554688 0.494271 0.533984 0.494271
0 0.576953 0.469271 0.601562 0.469271 0.601562 0.491146 0.576953 0.491146
0 0.567969 0.424479 0.587891 0.424479 0.587891 0.451562 0.567969 0.451562
0 0.529688 0.5625 0.547266 0.5625 0.547266 0.579167 0.529688 0.579167
0 0.485938 0.510417 0.505859 0.510417 0.505859 0.533854 0.485938 0.533854
0 0.441406 0.510417 0.457422 0.510417 0.457422 0.532292 0.441406 0.532292
0 0.482812 0.447917 0.503516 0.447917 0.503516 0.472917 0.482812 0.472917
0 0.480859 0.409896 0.500781 0.409896 0.500781 0.434375 0.480859 0.434375
0 0.439453 0.438542 0.464453 0.438542 0.464453 0.459896 0.439453 0.459896
0 0.445703 0.378125 0.471094 0.378125 0.471094 0.409896 0.445703 0.409896
0 0.868359 0.482812 0.888672 0.482812 0.888672 0.514583 0.868359 0.514583
0 0.825391 0.503125 0.849219 0.503125 0.849219 0.526562 0.825391 0.526562
0 0.795312 0.507812 0.8125 0.507812 0.8125 0.536458 0.795312 0.536458
0 0.758203 0.526562 0.781641 0.526562 0.781641 0.548438 0.758203 0.548438
0 0.748438 0.497917 0.767969 0.497917 0.767969 0.519792 0.748438 0.519792
0 0.771875 0.485938 0.790625 0.485938 0.790625 0.513021 0.771875 0.513021
0 0.830859 0.470833 0.852734 0.470833 0.852734 0.496875 0.830859 0.496875
0 0.813672 0.441146 0.833594 0.441146 0.833594 0.467188 0.813672 0.467188
0 0.762109 0.435417 0.782422 0.435417 0.782422 0.465625 0.762109 0.465625
0 0.939453 0.421875 0.967578 0.421875 0.967578 0.449479 0.939453 0.449479
0 0.974609 0.430729 0.998047 0.430729 0.998047 0.454688 0.974609 0.454688
0 0.982031 0.350521 0.999609 0.350521 0.999609 0.38125 0.982031 0.38125
0 0.957031 0.339583 0.976562 0.339583 0.976562 0.371875 0.957031 0.371875
0 0.926172 0.340625 0.948828 0.340625 0.948828 0.370833 0.926172 0.370833
0 0.89375 0.334896 0.913281 0.334896 0.913281 0.363021 0.89375 0.363021
0 0.844141 0.344271 0.866406 0.344271 0.866406 0.370833 0.844141 0.370833
0 0.814453 0.327083 0.838281 0.327083 0.838281 0.354688 0.814453 0.354688
0 0.795312 0.310417 0.814453 0.310417 0.814453 0.334375 0.795312 0.334375
0 0.884375 0.275521 0.908594 0.275521 0.908594 0.301562 0.884375 0.301562
0 0.955469 0.282292 0.974219 0.282292 0.974219 0.30625 0.955469 0.30625
0 0.974609 0.250521 0.99375 0.250521 0.99375 0.278125 0.974609 0.278125
0 0.925391 0.220312 0.947266 0.220312 0.947266 0.255208 0.925391 0.255208
0 0.932031 0.136979 0.961719 0.136979 0.961719 0.161458 0.932031 0.161458
0 0.877344 0.138542 0.9 0.138542 0.9 0.158854 0.877344 0.158854
0 0.880078 0.090104 0.898828 0.090104 0.898828 0.114062 0.880078 0.114062
0 0.853516 0.190625 0.882422 0.190625 0.882422 0.214583 0.853516 0.214583
0 0.841406 0.254688 0.8625 0.254688 0.8625 0.284896 0.841406 0.284896
0 0.782812 0.284375 0.814062 0.284375 0.814062 0.305729 0.782812 0.305729
0 0.779688 0.253125 0.806641 0.253125 0.806641 0.275 0.779688 0.275
0 0.810938 0.184896 0.828125 0.184896 0.828125 0.209375 0.810938 0.209375
0 0.833203 0.148958 0.855078 0.148958 0.855078 0.172917 0.833203 0.172917
0 0.831641 0.095833 0.858984 0.095833 0.858984 0.119792 0.831641 0.119792
0 0.835938 0.061979 0.858203 0.061979 0.858203 0.082292 0.835938 0.082292
0 0.802734 0.111458 0.825 0.111458 0.825 0.141146 0.802734 0.141146
0 0.789453 0.145833 0.809375 0.145833 0.809375 0.177083 0.789453 0.177083
0 0.746875 0.196354 0.772266 0.196354 0.772266 0.227083 0.746875 0.227083
0 0.732422 0.161979 0.753906 0.161979 0.753906 0.189583 0.732422 0.189583
0 0.725781 0.117708 0.743359 0.117708 0.743359 0.15 0.725781 0.15
0 0.767188 0.110938 0.789453 0.110938 0.789453 0.134896 0.767188 0.134896
0 0.753516 0.0625 0.775781 0.0625 0.775781 0.085417 0.753516 0.085417
0 0.698047 0.141146 0.717969 0.141146 0.717969 0.172396 0.698047 0.172396
0 0.671094 0.15 0.690625 0.15 0.690625 0.181771 0.671094 0.181771
0 0.655078 0.186979 0.678906 0.186979 0.678906 0.210938 0.655078 0.210938
0 0.640234 0.202604 0.665234 0.202604 0.665234 0.228125 0.640234 0.228125
0 0.675391 0.290625 0.698828 0.290625 0.698828 0.319271 0.675391 0.319271
0 0.696094 0.319271 0.715234 0.319271 0.715234 0.341667 0.696094 0.341667
0 0.667578 0.34375 0.696094 0.34375 0.696094 0.369271 0.667578 0.369271
0 0.708594 0.410417 0.727734 0.410417 0.727734 0.445312 0.708594 0.445312
0 0.676562 0.466146 0.703906 0.466146 0.703906 0.490625 0.676562 0.490625
0 0.627344 0.459896 0.648828 0.459896 0.648828 0.481771 0.627344 0.481771
0 0.674609 0.431771 0.694922 0.431771 0.694922 0.453646 0.674609 0.453646
0 0.675 0.388021 0.696875 0.388021 0.696875 0.407812 0.675 0.407812
0 0.641406 0.399479 0.658984 0.399479 0.658984 0.427083 0.641406 0.427083
0 0.610156 0.400521 0.63125 0.400521 0.63125 0.423438 0.610156 0.423438
0 0.630078 0.357812 0.653125 0.357812 0.653125 0.38125 0.630078 0.38125
0 0.606641 0.336979 0.628906 0.336979 0.628906 0.366146 0.606641 0.366146
0 0.624609 0.310938 0.646484 0.310938 0.646484 0.332292 0.624609 0.332292
0 0.584375 0.353125 0.603516 0.353125 0.603516 0.378125 0.584375 0.378125
0 0.555078 0.378646 0.574219 0.378646 0.574219 0.407292 0.555078 0.407292
0 0.38125 0.357292 0.403516 0.357292 0.403516 0.3875 0.38125 0.3875
0 0.408984 0.372396 0.428906 0.372396 0.428906 0.398438 0.408984 0.398438
0 0.402344 0.31875 0.420703 0.31875 0.420703 0.349479 0.402344 0.349479
0 0.438281 0.326042 0.462891 0.326042 0.462891 0.346875 0.438281 0.346875
0 0.374609 0.286979 0.399219 0.286979 0.399219 0.310417 0.374609 0.310417
0 0.367969 0.301562 0.388672 0.301562 0.388672 0.323958 0.367969 0.323958
0 0.472266 0.298958 0.498047 0.298958 0.498047 0.319271 0.472266 0.319271
0 0.535156 0.292188 0.557031 0.292188 0.557031 0.324479 0.535156 0.324479
0 0.559766 0.255208 0.577344 0.255208 0.577344 0.285417 0.559766 0.285417
0 0.534766 0.226562 0.553906 0.226562 0.553906 0.260417 0.534766 0.260417
0 0.489844 0.252083 0.507422 0.252083 0.507422 0.277604 0.489844 0.277604
0 0.453516 0.25 0.476562 0.25 0.476562 0.275 0.453516 0.275
0 0.434375 0.228125 0.455469 0.228125 0.455469 0.255729 0.434375 0.255729
0 0.386328 0.239062 0.4125 0.239062 0.4125 0.264062 0.386328 0.264062
0 0.357422 0.2125 0.378516 0.2125 0.378516 0.239062 0.357422 0.239062
0 0.373047 0.170833 0.395703 0.170833 0.395703 0.195312 0.373047 0.195312
0 0.366797 0.120833 0.388672 0.120833 0.388672 0.152083 0.366797 0.152083
0 0.394141 0.113542 0.4125 0.113542 0.4125 0.14375 0.394141 0.14375
0 0.597266 0.211458 0.61875 0.211458 0.61875 0.239583 0.597266 0.239583
0 0.566797 0.173438 0.589062 0.173438 0.589062 0.203646 0.566797 0.203646
0 0.607812 0.169792 0.63125 0.169792 0.63125 0.188542 0.607812 0.188542
0 0.602734 0.124479 0.623828 0.124479 0.623828 0.152604 0.602734 0.152604
0 0.641406 0.115625 0.6625 0.115625 0.6625 0.141667 0.641406 0.141667
0 0.533203 0.166667 0.558594 0.166667 0.558594 0.193229 0.533203 0.193229
0 0.548047 0.106771 0.564453 0.106771 0.564453 0.132812 0.548047 0.132812
0 0.512109 0.130208 0.530859 0.130208 0.530859 0.15625 0.512109 0.15625
0 0.462891 0.130208 0.481641 0.130208 0.481641 0.154167 0.462891 0.154167
0 0.491016 0.086979 0.511328 0.086979 0.511328 0.115104 0.491016 0.115104
0 0.446094 0.072917 0.466016 0.072917 0.466016 0.092188 0.446094 0.092188
0 0.378516 0.039583 0.405078 0.039583 0.405078 0.069271 0.378516 0.069271
0 0.403516 0.071354 0.426172 0.071354 0.426172 0.089583 0.403516 0.089583
0 0.434375 0.110417 0.453906 0.110417 0.453906 0.139062 0.434375 0.139062
0 0.361719 0.015625 0.382812 0.015625 0.382812 0.039583 0.361719 0.039583
0 0.470312 0.009375 0.497266 0.009375 0.497266 0.036458 0.470312 0.036458
0 0.523438 0.021875 0.541797 0.021875 0.541797 0.044271 0.523438 0.044271
0 0.555469 0.046354 0.582422 0.046354 0.582422 0.075521 0.555469 0.075521
0 0.596875 0.0625 0.616406 0.0625 0.616406 0.091146 0.596875 0.091146
0 0.550781 0.0 0.572266 0.0 0.572266 0.021875 0.550781 0.021875
0 0.582812 0.002083 0.602344 0.002083 0.602344 0.027083 0.582812 0.027083
0 0.622656 0.028125 0.643359 0.028125 0.643359 0.058333 0.622656 0.058333
0 0.643359 0.052604 0.664453 0.052604 0.664453 0.084375 0.643359 0.084375
0 0.698047 0.092188 0.721875 0.092188 0.721875 0.117188 0.698047 0.117188
0 0.680469 0.058333 0.703125 0.058333 0.703125 0.083854 0.680469 0.083854
0 0.663672 0.023958 0.686328 0.023958 0.686328 0.052604 0.663672 0.052604
0 0.718359 0.035417 0.740234 0.035417 0.740234 0.061458 0.718359 0.061458
0 0.760156 0.017708 0.782812 0.017708 0.782812 0.041146 0.760156 0.041146
0 0.715234 0.002083 0.735547 0.002083 0.735547 0.027083 0.715234 0.027083
0 0.369531 0.905208 0.389453 0.905208 0.389453 0.932812 0.369531 0.932812
0 0.35 0.935417 0.369531 0.935417 0.369531 0.958333 0.35 0.958333
0 0.344531 0.970312 0.362891 0.970312 0.362891 0.994271 0.344531 0.994271
0 0.278906 0.892708 0.297266 0.892708 0.297266 0.920833 0.278906 0.920833
0 0.240234 0.885417 0.261719 0.885417 0.261719 0.903646 0.240234 0.903646
0 0.233984 0.932812 0.2625 0.932812 0.2625 0.96875 0.233984 0.96875
0 0.196094 0.914062 0.21875 0.914062 0.21875 0.940104 0.196094 0.940104
0 0.196094 0.974479 0.211328 0.974479 0.211328 0.999479 0.196094 0.999479
0 0.159766 0.936458 0.177734 0.936458 0.177734 0.964583 0.159766 0.964583
0 0.119922 0.925521 0.144531 0.925521 0.144531 0.95 0.119922 0.95
0 0.086328 0.921354 0.107031 0.921354 0.107031 0.951562 0.086328 0.951562
0 0.180859 0.852604 0.206641 0.852604 0.206641 0.883854 0.180859 0.883854
0 0.151172 0.849479 0.169141 0.849479 0.169141 0.875521 0.151172 0.875521
0 0.112109 0.870833 0.135156 0.870833 0.135156 0.898438 0.112109 0.898438
0 0.117578 0.819271 0.141016 0.819271 0.141016 0.846875 0.117578 0.846875
0 0.071094 0.819792 0.098047 0.819792 0.098047 0.841146 0.071094 0.841146
0 0.060938 0.851042 0.078906 0.851042 0.078906 0.878125 0.060938 0.878125
0 0.035156 0.791667 0.060547 0.791667 0.060547 0.817708 0.035156 0.817708
0 0.239453 0.836458 0.269141 0.836458 0.269141 0.864062 0.239453 0.864062
0 0.276562 0.795312 0.298438 0.795312 0.298438 0.821875 0.276562 0.821875
0 0.313281 0.783333 0.330859 0.783333 0.330859 0.805208 0.313281 0.805208
0 0.2875 0.760417 0.309375 0.760417 0.309375 0.784375 0.2875 0.784375
0 0.296094 0.723438 0.317578 0.723438 0.317578 0.747396 0.296094 0.747396
0 0.307422 0.691146 0.326172 0.691146 0.326172 0.710417 0.307422 0.710417
0 0.33125 0.679688 0.351172 0.679688 0.351172 0.701562 0.33125 0.701562
0 0.246875 0.715625 0.271875 0.715625 0.271875 0.740625 0.246875 0.740625
0 0.239453 0.784896 0.258984 0.784896 0.258984 0.810417 0.239453 0.810417
0 0.185156 0.767188 0.205859 0.767188 0.205859 0.795833 0.185156 0.795833
0 0.149609 0.744792 0.174609 0.744792 0.174609 0.76875 0.149609 0.76875
0 0.138672 0.782812 0.163672 0.782812 0.163672 0.810417 0.138672 0.810417
0 0.094922 0.766146 0.123047 0.766146 0.123047 0.794271 0.094922 0.794271
0 0.055078 0.7375 0.082031 0.7375 0.082031 0.766146 0.055078 0.766146
0 0.034766 0.713021 0.057031 0.713021 0.057031 0.742708 0.034766 0.742708
0 0.090234 0.719792 0.114453 0.719792 0.114453 0.740104 0.090234 0.740104
0 0.075391 0.675521 0.103516 0.675521 0.103516 0.701042 0.075391 0.701042
0 0.100391 0.661458 0.123828 0.661458 0.123828 0.685938 0.100391 0.685938
0 0.094531 0.623958 0.114062 0.623958 0.114062 0.648438 0.094531 0.648438
0 0.126172 0.622917 0.148828 0.622917 0.148828 0.646875 0.126172 0.646875
0 0.176562 0.621354 0.201953 0.621354 0.201953 0.64375 0.176562 0.64375
0 0.128125 0.683854 0.148438 0.683854 0.148438 0.7125 0.128125 0.7125
0 0.167969 0.677083 0.191406 0.677083 0.191406 0.7 0.167969 0.7
0 0.2 0.691667 0.227344 0.691667 0.227344 0.718229 0.2 0.718229
0 0.202344 0.653125 0.224609 0.653125 0.224609 0.680208 0.202344 0.680208
0 0.228906 0.649479 0.251563 0.649479 0.251563 0.677083 0.228906 0.677083
0 0.265625 0.642188 0.290234 0.642188 0.290234 0.665625 0.265625 0.665625
0 0.346094 0.607812 0.36875 0.607812 0.36875 0.625521 0.346094 0.625521
0 0.3375 0.573958 0.358203 0.573958 0.358203 0.600521 0.3375 0.600521
0 0.309375 0.590104 0.326953 0.590104 0.326953 0.607292 0.309375 0.607292
0 0.292188 0.627604 0.311719 0.627604 0.311719 0.653125 0.292188 0.653125
0 0.263672 0.611458 0.286719 0.611458 0.286719 0.628125 0.263672 0.628125
0 0.278906 0.584896 0.298828 0.584896 0.298828 0.604167 0.278906 0.604167
0 0.264844 0.553646 0.286719 0.553646 0.286719 0.573438 0.264844 0.573438
0 0.296094 0.533333 0.31875 0.533333 0.31875 0.552604 0.296094 0.552604
0 0.300391 0.476562 0.326953 0.476562 0.326953 0.5 0.300391 0.5
0 0.333594 0.468229 0.354297 0.468229 0.354297 0.486979 0.333594 0.486979
0 0.245703 0.496875 0.26875 0.496875 0.26875 0.520833 0.245703 0.520833
0 0.220703 0.522917 0.241406 0.522917 0.241406 0.554688 0.220703 0.554688
0 0.316016 0.425 0.338281 0.425 0.338281 0.445312 0.316016 0.445312
0 0.289453 0.398438 0.309375 0.398438 0.309375 0.423958 0.289453 0.423958
0 0.266016 0.430208 0.286328 0.430208 0.286328 0.452604 0.266016 0.452604
0 0.214844 0.475521 0.2375 0.475521 0.2375 0.495312 0.214844 0.495312
0 0.213672 0.436979 0.231641 0.436979 0.231641 0.460417 0.213672 0.460417
0 0.205859 0.388542 0.230078 0.388542 0.230078 0.411458 0.205859 0.411458
0 0.236719 0.361979 0.261328 0.361979 0.261328 0.384896 0.236719 0.384896
0 0.271094 0.366667 0.2875 0.366667 0.2875 0.39375 0.271094 0.39375
0 0.178906 0.439583 0.199609 0.439583 0.199609 0.46875 0.178906 0.46875
0 0.19375 0.496354 0.215234 0.496354 0.215234 0.51875 0.19375 0.51875
0 0.150781 0.583333 0.178516 0.583333 0.178516 0.605729 0.150781 0.605729
0 0.1125 0.580208 0.139844 0.580208 0.139844 0.604167 0.1125 0.604167
0 0.160156 0.536458 0.182812 0.536458 0.182812 0.563542 0.160156 0.563542
0 0.190625 0.547917 0.212891 0.547917 0.212891 0.569792 0.190625 0.569792
0 0.151562 0.482292 0.169922 0.482292 0.169922 0.508333 0.151562 0.508333
0 0.112891 0.532812 0.13125 0.532812 0.13125 0.55625 0.112891 0.55625
0 0.016797 0.628646 0.036719 0.628646 0.036719 0.656771 0.016797 0.656771
0 0.009766 0.576562 0.027344 0.576562 0.027344 0.602604 0.009766 0.602604
0 0.010156 0.502083 0.022266 0.502083 0.022266 0.521875 0.010156 0.521875
0 0.027344 0.481771 0.050781 0.481771 0.050781 0.504167 0.027344 0.504167
0 0.0 0.540625 0.011328 0.540625 0.011328 0.563542 0.0 0.563542
0 0.010156 0.442708 0.032031 0.442708 0.032031 0.468229 0.010156 0.468229
0 0.046484 0.423958 0.065234 0.423958 0.065234 0.443229 0.046484 0.443229
0 0.016406 0.404167 0.038281 0.404167 0.038281 0.429688 0.016406 0.429688
0 0.144531 0.401562 0.166406 0.401562 0.166406 0.421354 0.144531 0.421354
0 0.169531 0.409896 0.184375 0.409896 0.184375 0.432812 0.169531 0.432812
0 0.117969 0.367188 0.137891 0.367188 0.137891 0.390104 0.117969 0.390104
0 0.110547 0.326562 0.131641 0.326562 0.131641 0.356771 0.110547 0.356771
0 0.160547 0.359896 0.182031 0.359896 0.182031 0.38125 0.160547 0.38125
0 0.319922 0.336458 0.340234 0.336458 0.340234 0.367188 0.319922 0.367188
0 0.311328 0.309375 0.330859 0.309375 0.330859 0.33125 0.311328 0.33125
0 0.292188 0.318229 0.308984 0.318229 0.308984 0.347917 0.292188 0.347917
0 0.247656 0.319792 0.269531 0.319792 0.269531 0.345833 0.247656 0.345833
0 0.219141 0.302604 0.242578 0.302604 0.242578 0.328125 0.219141 0.328125
0 0.194922 0.329688 0.21875 0.329688 0.21875 0.360938 0.194922 0.360938
0 0.160938 0.295312 0.189844 0.295312 0.189844 0.323958 0.160938 0.323958
0 0.167188 0.251042 0.186328 0.251042 0.186328 0.273958 0.167188 0.273958
0 0.200781 0.251042 0.221875 0.251042 0.221875 0.275 0.200781 0.275
0 0.238281 0.254688 0.262109 0.254688 0.262109 0.279688 0.238281 0.279688
0 0.220703 0.223958 0.242969 0.223958 0.242969 0.244792 0.220703 0.244792
0 0.073047 0.230729 0.091016 0.230729 0.091016 0.252083 0.073047 0.252083
0 0.064844 0.258333 0.084766 0.258333 0.084766 0.278125 0.064844 0.278125
0 0.045703 0.303646 0.063281 0.303646 0.063281 0.329688 0.045703 0.329688
0 0.009766 0.2875 0.025391 0.2875 0.025391 0.309896 0.009766 0.309896
0 0.025391 0.220833 0.038672 0.220833 0.038672 0.243229 0.025391 0.243229
0 0.005859 0.166146 0.022656 0.166146 0.022656 0.195833 0.005859 0.195833
0 0.032812 0.044271 0.055859 0.044271 0.055859 0.079688 0.032812 0.079688
0 0.071875 0.0625 0.104297 0.0625 0.104297 0.092708 0.071875 0.092708
0 0.117969 0.094792 0.139062 0.094792 0.139062 0.128646 0.117969 0.128646
0 0.103516 0.154167 0.128516 0.154167 0.128516 0.184896 0.103516 0.184896
0 0.092969 0.239583 0.111719 0.239583 0.111719 0.268229 0.092969 0.268229
0 0.151562 0.147917 0.177734 0.147917 0.177734 0.172917 0.151562 0.172917
0 0.189453 0.130208 0.222656 0.130208 0.222656 0.1625 0.189453 0.1625
0 0.225391 0.102604 0.245312 0.102604 0.245312 0.130208 0.225391 0.130208
0 0.250781 0.092188 0.271484 0.092188 0.271484 0.119271 0.250781 0.119271
0 0.016406 0.0 0.034766 0.0 0.034766 0.025521 0.016406 0.025521
0 0.041797 0.0 0.059375 0.0 0.059375 0.015104 0.041797 0.015104
0 0.101953 0.020833 0.123828 0.020833 0.123828 0.044271 0.101953 0.044271
0 0.116016 0.046875 0.139844 0.046875 0.139844 0.070312 0.116016 0.070312
0 0.153125 0.084375 0.174609 0.084375 0.174609 0.116146 0.153125 0.116146
0 0.182031 0.078646 0.20625 0.078646 0.20625 0.104688 0.182031 0.104688
0 0.198047 0.045312 0.21875 0.045312 0.21875 0.074479 0.198047 0.074479
0 0.223047 0.035938 0.248047 0.035938 0.248047 0.0625 0.223047 0.0625
0 0.25625 0.026562 0.278906 0.026562 0.278906 0.057812 0.25625 0.057812
0 0.277344 0.014583 0.296484 0.014583 0.296484 0.043229 0.277344 0.043229
0 0.148438 0.0 0.171484 0.0 0.171484 0.0125 0.148438 0.0125
0 0.188672 0.0 0.209766 0.0 0.209766 0.015104 0.188672 0.015104