0 0.029297 0.003125 0.057422 0.003125 0.057422 0.029688 0.029297 0.029688
0 0.073047 0.011458 0.098047 0.011458 0.098047 0.05 0.073047 0.05
0 0.244531 0.058854 0.264453 0.058854 0.264453 0.088021 0.244531 0.088021
0 0.273828 0.045312 0.296094 0.045312 0.296094 0.075 0.273828 0.075
0 0.263281 0.091146 0.289062 0.091146 0.289062 0.118229 0.263281 0.118229
0 0.294922 0.110938 0.316016 0.110938 0.316016 0.141667 0.294922 0.141667
0 0.313672 0.080729 0.339844 0.080729 0.339844 0.115625 0.313672 0.115625
0 0.344922 0.055208 0.363281 0.055208 0.363281 0.0875 0.344922 0.0875
0 0.359375 0.094271 0.383203 0.094271 0.383203 0.117708 0.359375 0.117708
0 0.339844 0.133854 0.361328 0.133854 0.361328 0.154688 0.339844 0.154688
0 0.319141 0.150521 0.3375 0.150521 0.3375 0.175521 0.319141 0.175521
0 0.351172 0.173438 0.380078 0.173438 0.380078 0.196354 0.351172 0.196354
0 0.264062 0.139583 0.289062 0.139583 0.289062 0.170833 0.264062 0.170833
0 0.227734 0.114583 0.251953 0.114583 0.251953 0.152604 0.227734 0.152604
0 0.217578 0.172396 0.24375 0.172396 0.24375 0.200521 0.217578 0.200521
0 0.194141 0.190104 0.214844 0.190104 0.214844 0.216146 0.194141 0.216146
0 0.380859 0.002604 0.403906 0.002604 0.403906 0.022917 0.380859 0.022917
0 0.433203 0.022396 0.460156 0.022396 0.460156 0.056771 0.433203 0.056771
0 0.422266 0.075 0.440234 0.075 0.440234 0.105729 0.422266 0.105729
0 0.002344 0.029167 0.025391 0.029167 0.025391 0.059375 0.002344 0.059375
0 0.000391 0.122396 0.025781 0.122396 0.025781 0.152083 0.000391 0.152083
0 0.522656 0.006771 0.541406 0.006771 0.541406 0.032292 0.522656 0.032292
0 0.485156 0.028125 0.517188 0.028125 0.517188 0.05625 0.485156 0.05625
0 0.471875 0.048958 0.493359 0.048958 0.493359 0.081771 0.471875 0.081771
0 0.528906 0.077604 0.544922 0.077604 0.544922 0.108333 0.528906 0.108333
0 0.550781 0.05625 0.573047 0.05625 0.573047 0.085417 0.550781 0.085417
0 0.553125 0.019792 0.581641 0.019792 0.581641 0.048958 0.553125 0.048958
0 0.579688 0.0 0.603125 0.0 0.603125 0.025 0.579688 0.025
0 0.585938 0.047396 0.611328 0.047396 0.611328 0.069271 0.585938 0.069271
0 0.626172 0.027083 0.648438 0.027083 0.648438 0.0625 0.626172 0.0625
0 0.606641 0.089062 0.625 0.089062 0.625 0.11875 0.606641 0.11875
0 0.587891 0.090104 0.605859 0.090104 0.605859 0.113021 0.587891 0.113021
0 0.567188 0.122396 0.587891 0.122396 0.587891 0.153125 0.567188 0.153125
0 0.508203 0.117708 0.537109 0.117708 0.537109 0.143229 0.508203 0.143229
0 0.471484 0.13125 0.494141 0.13125 0.494141 0.160938 0.471484 0.160938
0 0.502734 0.157292 0.527734 0.157292 0.527734 0.188021 0.502734 0.188021
0 0.385938 0.175 0.403125 0.175 0.403125 0.203646 0.385938 0.203646
0 0.2625 0.191146 0.289062 0.191146 0.289062 0.211979 0.2625 0.211979
0 0.225781 0.211979 0.249219 0.211979 0.249219 0.232292 0.225781 0.232292
0 0.228906 0.236979 0.25 0.236979 0.25 0.265625 0.228906 0.265625
0 0.258594 0.221875 0.275781 0.221875 0.275781 0.259375 0.258594 0.259375
0 0.287891 0.222396 0.30625 0.222396 0.30625 0.254167 0.287891 0.254167
0 0.319531 0.207292 0.34375 0.207292 0.34375 0.236458 0.319531 0.236458
0 0.354297 0.204688 0.378906 0.204688 0.378906 0.222917 0.354297 0.222917
0 0.424609 0.213021 0.45 0.213021 0.45 0.240625 0.424609 0.240625
0 0.352734 0.24375 0.372656 0.24375 0.372656 0.272396 0.352734 0.272396
0 0.305859 0.249479 0.331641 0.249479 0.331641 0.274479 0.305859 0.274479
0 0.406641 0.244792 0.434375 0.244792 0.434375 0.270833 0.406641 0.270833
0 0.378906 0.265625 0.398047 0.265625 0.398047 0.295833 0.378906 0.295833
0 0.34375 0.311458 0.370312 0.311458 0.370312 0.342708 0.34375 0.342708
0 0.296875 0.285938 0.323828 0.285938 0.323828 0.313021 0.296875 0.313021
0 0.25625 0.288542 0.273828 0.288542 0.273828 0.304167 0.25625 0.304167
0 0.377734 0.304167 0.400781 0.304167 0.400781 0.350521 0.377734 0.350521
0 0.422656 0.270312 0.444922 0.270312 0.444922 0.298438 0.422656 0.298438
0 0.446484 0.285938 0.471094 0.285938 0.471094 0.309375 0.446484 0.309375
0 0.446094 0.311458 0.472656 0.311458 0.472656 0.334896 0.446094 0.334896
0 0.441406 0.339583 0.461328 0.339583 0.461328 0.36875 0.441406 0.36875
0 0.408594 0.347917 0.427734 0.347917 0.427734 0.379167 0.408594 0.379167
0 0.480859 0.311979 0.499219 0.311979 0.499219 0.340625 0.480859 0.340625
0 0.472656 0.356771 0.494141 0.356771 0.494141 0.384375 0.472656 0.384375
0 0.281641 0.3375 0.310156 0.3375 0.310156 0.365104 0.281641 0.365104
0 0.25625 0.311458 0.278125 0.311458 0.278125 0.335417 0.25625 0.335417
0 0.207812 0.299479 0.234375 0.299479 0.234375 0.321354 0.207812 0.321354
0 0.210547 0.332292 0.232422 0.332292 0.232422 0.370312 0.210547 0.370312
0 0.159375 0.2875 0.184375 0.2875 0.184375 0.316667 0.159375 0.316667
0 0.169922 0.327604 0.188281 0.327604 0.188281 0.351562 0.169922 0.351562
0 0.164844 0.357812 0.185156 0.357812 0.185156 0.390625 0.164844 0.390625
0 0.192578 0.365104 0.207812 0.365104 0.207812 0.392188 0.192578 0.392188
0 0.261719 0.383333 0.294141 0.383333 0.294141 0.413021 0.261719 0.413021
0 0.308594 0.373438 0.328125 0.373438 0.328125 0.407812 0.308594 0.407812
0 0.089844 0.398958 0.107812 0.398958 0.107812 0.426042 0.089844 0.426042
0 0.119922 0.394271 0.142188 0.394271 0.142188 0.420312 0.119922 0.420312
0 0.160547 0.40625 0.184766 0.40625 0.184766 0.432812 0.160547 0.432812
0 0.143359 0.445312 0.1625 0.445312 0.1625 0.471875 0.143359 0.471875
0 0.171484 0.463021 0.190234 0.463021 0.190234 0.493229 0.171484 0.493229
0 0.103516 0.432812 0.128125 0.432812 0.128125 0.461458 0.103516 0.461458
0 0.076172 0.431771 0.098828 0.431771 0.098828 0.452604 0.076172 0.452604
0 0.084375 0.463021 0.106641 0.463021 0.106641 0.483854 0.084375 0.483854
0 0.228125 0.408333 0.250781 0.408333 0.250781 0.4375 0.228125 0.4375
0 0.285547 0.423958 0.307812 0.423958 0.307812 0.452604 0.285547 0.452604
0 0.246484 0.451562 0.269141 0.451562 0.269141 0.472917 0.246484 0.472917
0 0.220312 0.467708 0.241406 0.467708 0.241406 0.496875 0.220312 0.496875
0 0.349219 0.393229 0.373047 0.393229 0.373047 0.424479 0.349219 0.424479
0 0.411328 0.394271 0.435938 0.394271 0.435938 0.428646 0.411328 0.428646
0 0.057031 0.45 0.073828 0.45 0.073828 0.491146 0.057031 0.491146
0 0.089844 0.509375 0.117188 0.509375 0.117188 0.529167 0.089844 0.529167
0 0.067578 0.490625 0.091797 0.490625 0.091797 0.513542 0.067578 0.513542
0 0.122656 0.518229 0.139062 0.518229 0.139062 0.548958 0.122656 0.548958
0 0.152344 0.522396 0.182031 0.522396 0.182031 0.548958 0.152344 0.548958
0 0.088672 0.536458 0.119141 0.536458 0.119141 0.5625 0.088672 0.5625
0 0.106641 0.579167 0.137891 0.579167 0.137891 0.605729 0.106641 0.605729
0 0.185938 0.561979 0.209766 0.561979 0.209766 0.6 0.185938 0.6
0 0.205078 0.541667 0.232031 0.541667 0.232031 0.572396 0.205078 0.572396
0 0.206641 0.494792 0.229297 0.494792 0.229297 0.536458 0.206641 0.536458
0 0.251172 0.516667 0.272266 0.516667 0.272266 0.54375 0.251172 0.54375
0 0.248047 0.471354 0.279688 0.471354 0.279688 0.503646 0.248047 0.503646
0 0.282031 0.473438 0.301562 0.473438 0.301562 0.5125 0.282031 0.5125
0 0.279688 0.53125 0.298828 0.53125 0.298828 0.570312 0.279688 0.570312
0 0.315234 0.533854 0.333203 0.533854 0.333203 0.571875 0.315234 0.571875
0 0.340234 0.530729 0.359766 0.530729 0.359766 0.567708 0.340234 0.567708
0 0.358203 0.48125 0.382031 0.48125 0.382031 0.508333 0.358203 0.508333
0 0.362109 0.449479 0.385938 0.449479 0.385938 0.475 0.362109 0.475
0 0.374219 0.431771 0.395312 0.431771 0.395312 0.458333 0.374219 0.458333
0 0.394531 0.41875 0.409375 0.41875 0.409375 0.449479 0.394531 0.449479
0 0.416016 0.4375 0.438281 0.4375 0.438281 0.469271 0.416016 0.469271
0 0.389062 0.482812 0.409375 0.482812 0.409375 0.508333 0.389062 0.508333
0 0.373047 0.542188 0.394531 0.542188 0.394531 0.576042 0.373047 0.576042
0 0.366406 0.589583 0.388672 0.589583 0.388672 0.622917 0.366406 0.622917
0 0.338672 0.579167 0.359375 0.579167 0.359375 0.613542 0.338672 0.613542
0 0.312109 0.591667 0.333203 0.591667 0.333203 0.623438 0.312109 0.623438
0 0.280859 0.591146 0.300391 0.591146 0.300391 0.626562 0.280859 0.626562
0 0.224219 0.588021 0.252344 0.588021 0.252344 0.615104 0.224219 0.615104
0 0.129297 0.627604 0.15 0.627604 0.15 0.660417 0.129297 0.660417
0 0.179688 0.602604 0.205078 0.602604 0.205078 0.629688 0.179688 0.629688
0 0.183203 0.638021 0.210156 0.638021 0.210156 0.669792 0.183203 0.669792
0 0.169531 0.66875 0.197656 0.66875 0.197656 0.685417 0.169531 0.685417
0 0.169531 0.691146 0.201172 0.691146 0.201172 0.711458 0.169531 0.711458
0 0.026562 0.673958 0.047656 0.673958 0.047656 0.705729 0.026562 0.705729
0 0.054688 0.689062 0.075 0.689062 0.075 0.710417 0.054688 0.710417
0 0.061328 0.721875 0.087109 0.721875 0.087109 0.746875 0.061328 0.746875
0 0.024219 0.720833 0.047656 0.720833 0.047656 0.751042 0.024219 0.751042
0 0.014453 0.7875 0.048047 0.7875 0.048047 0.816667 0.014453 0.816667
0 0.0 0.835938 0.016406 0.835938 0.016406 0.868229 0.0 0.868229
0 0.023047 0.863542 0.039453 0.863542 0.039453 0.897396 0.023047 0.897396
0 0.057812 0.854167 0.083203 0.854167 0.083203 0.895833 0.057812 0.895833
0 0.091016 0.810417 0.108984 0.810417 0.108984 0.847396 0.091016 0.847396
0 0.126562 0.806771 0.152734 0.806771 0.152734 0.828646 0.126562 0.828646
0 0.119922 0.836979 0.148047 0.836979 0.148047 0.863542 0.119922 0.863542
0 0.122656 0.866667 0.147266 0.866667 0.147266 0.89375 0.122656 0.89375
0 0.148828 0.86875 0.167969 0.86875 0.167969 0.904688 0.148828 0.904688
0 0.176953 0.897917 0.194141 0.897917 0.194141 0.929167 0.176953 0.929167
0 0.070703 0.894271 0.092969 0.894271 0.092969 0.929688 0.070703 0.929688
0 0.045703 0.908333 0.066797 0.908333 0.066797 0.940625 0.045703 0.940625
0 0.008203 0.928646 0.033594 0.928646 0.033594 0.963021 0.008203 0.963021
0 0.104297 0.902604 0.125391 0.902604 0.125391 0.933854 0.104297 0.933854
0 0.072266 0.944792 0.098438 0.944792 0.098438 0.976042 0.072266 0.976042
0 0.15625 0.931771 0.171875 0.931771 0.171875 0.961979 0.15625 0.961979
0 0.140234 0.964583 0.159375 0.964583 0.159375 0.988021 0.140234 0.988021
0 0.166406 0.980208 0.185547 0.980208 0.185547 0.997396 0.166406 0.997396
0 0.121875 0.988021 0.144922 0.988021 0.144922 0.999479 0.121875 0.999479
0 0.197266 0.919271 0.216406 0.919271 0.216406 0.955208 0.197266 0.955208
0 0.221094 0.906771 0.239062 0.906771 0.239062 0.944792 0.221094 0.944792
0 0.253516 0.916146 0.271094 0.916146 0.271094 0.950521 0.253516 0.950521
0 0.240625 0.961458 0.2625 0.961458 0.2625 0.991146 0.240625 0.991146
0 0.270703 0.947917 0.288672 0.947917 0.288672 0.983333 0.270703 0.983333
0 0.294922 0.942708 0.317188 0.942708 0.317188 0.980208 0.294922 0.980208
0 0.121875 0.3375 0.145312 0.3375 0.145312 0.369792 0.121875 0.369792
0 0.442578 0.396875 0.467188 0.396875 0.467188 0.426562 0.442578 0.426562
0 0.470312 0.383854 0.499219 0.383854 0.499219 0.415104 0.470312 0.415104
0 0.223828 0.626042 0.259375 0.626042 0.259375 0.659375 0.223828 0.659375
0 0.215234 0.666146 0.238281 0.666146 0.238281 0.701562 0.215234 0.701562
0 0.203516 0.714583 0.232031 0.714583 0.232031 0.740625 0.203516 0.740625
0 0.239844 0.661458 0.261328 0.661458 0.261328 0.704167 0.239844 0.704167
0 0.264844 0.629688 0.292969 0.629688 0.292969 0.660417 0.264844 0.660417
0 0.281641 0.667188 0.303516 0.667188 0.303516 0.701562 0.281641 0.701562
0 0.307422 0.633333 0.336328 0.633333 0.336328 0.664062 0.307422 0.664062
0 0.3125 0.675521 0.334766 0.675521 0.334766 0.70625 0.3125 0.70625
0 0.278906 0.713542 0.310938 0.713542 0.310938 0.734896 0.278906 0.734896
0 0.3 0.750521 0.326562 0.750521 0.326562 0.779688 0.3 0.779688
0 0.278125 0.786979 0.298438 0.786979 0.298438 0.822396 0.278125 0.822396
0 0.322266 0.720833 0.344531 0.720833 0.344531 0.757292 0.322266 0.757292
0 0.351562 0.683854 0.369141 0.683854 0.369141 0.717188 0.351562 0.717188
0 0.365625 0.761979 0.393359 0.761979 0.393359 0.784375 0.365625 0.784375
0 0.376562 0.790625 0.395703 0.790625 0.395703 0.81875 0.376562 0.81875
0 0.394141 0.724479 0.416406 0.724479 0.416406 0.758333 0.394141 0.758333
0 0.429688 0.716146 0.45625 0.716146 0.45625 0.744271 0.429688 0.744271
0 0.428516 0.753646 0.450781 0.753646 0.450781 0.784375 0.428516 0.784375
0 0.407422 0.784375 0.429688 0.784375 0.429688 0.815104 0.407422 0.815104
0 0.450781 0.821354 0.471094 0.821354 0.471094 0.854167 0.450781 0.854167
0 0.427734 0.857812 0.454297 0.857812 0.454297 0.8875 0.427734 0.8875
0 0.404688 0.888542 0.430469 0.888542 0.430469 0.913542 0.404688 0.913542
0 0.396875 0.857812 0.419922 0.857812 0.419922 0.883854 0.396875 0.883854
0 0.389844 0.919271 0.41875 0.919271 0.41875 0.951562 0.389844 0.951562
0 0.424219 0.920833 0.44375 0.920833 0.44375 0.952604 0.424219 0.952604
0 0.4375 0.958333 0.464062 0.958333 0.464062 0.983333 0.4375 0.983333
0 0.598047 0.370833 0.623828 0.370833 0.623828 0.401042 0.598047 0.401042
0 0.60625 0.406771 0.632422 0.406771 0.632422 0.438021 0.60625 0.438021
0 0.571094 0.425521 0.611328 0.425521 0.611328 0.461458 0.571094 0.461458
0 0.541406 0.424479 0.567578 0.424479 0.567578 0.45625 0.541406 0.45625
0 0.539062 0.469271 0.564062 0.469271 0.564062 0.508854 0.539062 0.508854
0 0.509375 0.478646 0.525391 0.478646 0.525391 0.516667 0.509375 0.516667
0 0.494141 0.522396 0.515234 0.522396 0.515234 0.548438 0.494141 0.548438
0 0.478516 0.550521 0.507031 0.550521 0.507031 0.577604 0.478516 0.577604
0 0.480078 0.597396 0.505469 0.597396 0.505469 0.625521 0.480078 0.625521
0 0.499219 0.627083 0.522266 0.627083 0.522266 0.657292 0.499219 0.657292
0 0.475 0.646875 0.496875 0.646875 0.496875 0.683333 0.475 0.683333
0 0.453125 0.684375 0.477344 0.684375 0.477344 0.710938 0.453125 0.710938
0 0.4875 0.703125 0.514453 0.703125 0.514453 0.730208 0.4875 0.730208
0 0.508594 0.675 0.526172 0.675 0.526172 0.705729 0.508594 0.705729
0 0.480078 0.748438 0.502734 0.748438 0.502734 0.788542 0.480078 0.788542
0 0.449609 0.775521 0.473438 0.775521 0.473438 0.803125 0.449609 0.803125
0 0.516406 0.750521 0.539844 0.750521 0.539844 0.783333 0.516406 0.783333
0 0.501953 0.792188 0.520312 0.792188 0.520312 0.8125 0.501953 0.8125
0 0.544922 0.76875 0.564062 0.76875 0.564062 0.796875 0.544922 0.796875
0 0.560156 0.729167 0.584375 0.729167 0.584375 0.759375 0.560156 0.759375
0 0.575 0.770833 0.592969 0.770833 0.592969 0.802083 0.575 0.802083
0 0.588672 0.745833 0.609766 0.745833 0.609766 0.777604 0.588672 0.777604
0 0.603906 0.693229 0.633203 0.693229 0.633203 0.726042 0.603906 0.726042
0 0.579297 0.668229 0.607031 0.668229 0.607031 0.698958 0.579297 0.698958
0 0.549219 0.633854 0.571875 0.633854 0.571875 0.669792 0.549219 0.669792
0 0.535547 0.588542 0.554297 0.588542 0.554297 0.619271 0.535547 0.619271
0 0.549219 0.557292 0.573438 0.557292 0.573438 0.6 0.549219 0.6
0 0.560938 0.513542 0.584375 0.513542 0.584375 0.546875 0.560938 0.546875
0 0.582031 0.472917 0.610547 0.472917 0.610547 0.501042 0.582031 0.501042
0 0.625 0.459375 0.644141 0.459375 0.644141 0.498958 0.625 0.498958
0 0.659375 0.457292 0.673828 0.457292 0.673828 0.496354 0.659375 0.496354
0 0.617969 0.534896 0.646094 0.534896 0.646094 0.563021 0.617969 0.563021
0 0.584375 0.571875 0.619141 0.571875 0.619141 0.602083 0.584375 0.602083
0 0.601172 0.616667 0.623047 0.616667 0.623047 0.652604 0.601172 0.652604
0 0.631641 0.603125 0.657031 0.603125 0.657031 0.633854 0.631641 0.633854
0 0.654297 0.586458 0.679688 0.586458 0.679688 0.621354 0.654297 0.621354
0 0.661719 0.551562 0.692188 0.551562 0.692188 0.581771 0.661719 0.581771
0 0.657812 0.503125 0.676953 0.503125 0.676953 0.534896 0.657812 0.534896
0 0.7125 0.566146 0.734375 0.566146 0.734375 0.6 0.7125 0.6
0 0.501562 0.808854 0.521875 0.808854 0.521875 0.836458 0.501562 0.836458
0 0.541016 0.810938 0.563281 0.810938 0.563281 0.84375 0.541016 0.84375
0 0.571094 0.840625 0.596094 0.840625 0.596094 0.863021 0.571094 0.863021
0 0.480469 0.845312 0.508984 0.845312 0.508984 0.875 0.480469 0.875
0 0.479688 0.891667 0.503125 0.891667 0.503125 0.917188 0.479688 0.917188
0 0.464844 0.929167 0.484766 0.929167 0.484766 0.964583 0.464844 0.964583
0 0.489062 0.938542 0.510156 0.938542 0.510156 0.968229 0.489062 0.968229
0 0.524609 0.940104 0.548438 0.940104 0.548438 0.964583 0.524609 0.964583
0 0.494141 0.971354 0.517578 0.971354 0.517578 0.998958 0.494141 0.998958
0 0.589062 0.898438 0.614453 0.898438 0.614453 0.929688 0.589062 0.929688
0 0.620703 0.8125 0.638672 0.8125 0.638672 0.840625 0.620703 0.840625
0 0.625 0.785938 0.649219 0.785938 0.649219 0.811458 0.625 0.811458
0 0.648438 0.826042 0.666797 0.826042 0.666797 0.855729 0.648438 0.855729
0 0.650781 0.757292 0.673438 0.757292 0.673438 0.790625 0.650781 0.790625
0 0.650391 0.708333 0.673438 0.708333 0.673438 0.742708 0.650391 0.742708
0 0.676172 0.747396 0.696094 0.747396 0.696094 0.78125 0.676172 0.78125
0 0.68125 0.702604 0.703906 0.702604 0.703906 0.7375 0.68125 0.7375
0 0.705078 0.723438 0.725 0.723438 0.725 0.755729 0.705078 0.755729
0 0.738672 0.78125 0.759375 0.78125 0.759375 0.814062 0.738672 0.814062
0 0.762891 0.783333 0.778516 0.783333 0.778516 0.816146 0.762891 0.816146
0 0.720312 0.81875 0.741406 0.81875 0.741406 0.853646 0.720312 0.853646
0 0.727734 0.861979 0.754297 0.861979 0.754297 0.888542 0.727734 0.888542
0 0.682422 0.875 0.715234 0.875 0.715234 0.906771 0.682422 0.906771
0 0.689453 0.916667 0.714844 0.916667 0.714844 0.943229 0.689453 0.943229
0 0.691406 0.95 0.719531 0.95 0.719531 0.973438 0.691406 0.973438
0 0.719531 0.902083 0.740234 0.902083 0.740234 0.939583 0.719531 0.939583
0 0.736719 0.892188 0.753906 0.892188 0.753906 0.929688 0.736719 0.929688
0 0.759766 0.852604 0.776953 0.852604 0.776953 0.8875 0.759766 0.8875
0 0.774219 0.905208 0.79375 0.905208 0.79375 0.938021 0.774219 0.938021
0 0.761328 0.955208 0.7875 0.955208 0.7875 0.9875 0.761328 0.9875
0 0.849219 0.010938 0.872266 0.010938 0.872266 0.043229 0.849219 0.043229
0 0.819141 0.0 0.84375 0.0 0.84375 0.015104 0.819141 0.015104
0 0.882812 0.005208 0.903125 0.005208 0.903125 0.034896 0.882812 0.034896
0 0.940234 0.019271 0.962109 0.019271 0.962109 0.049479 0.940234 0.049479
0 0.917969 0.051042 0.939844 0.051042 0.939844 0.077604 0.917969 0.077604
0 0.821484 0.029688 0.841797 0.029688 0.841797 0.054688 0.821484 0.054688
0 0.870312 0.060938 0.889062 0.060938 0.889062 0.0875 0.870312 0.0875
0 0.894531 0.083333 0.915625 0.083333 0.915625 0.103125 0.894531 0.103125
0 0.935547 0.074479 0.958203 0.074479 0.958203 0.107292 0.935547 0.107292
0 0.959375 0.06875 0.975781 0.06875 0.975781 0.101042 0.959375 0.101042
0 0.958203 0.108333 0.979297 0.108333 0.979297 0.138021 0.958203 0.138021
0 0.9875 0.109375 0.999609 0.109375 0.999609 0.139583 0.9875 0.139583
0 0.921875 0.122396 0.941016 0.122396 0.941016 0.146354 0.921875 0.146354
0 0.896484 0.119792 0.916016 0.119792 0.916016 0.146354 0.896484 0.146354
0 0.916016 0.158854 0.948438 0.158854 0.948438 0.186979 0.916016 0.186979
0 0.896484 0.176042 0.913672 0.176042 0.913672 0.197396 0.896484 0.197396
0 0.856641 0.15625 0.882812 0.15625 0.882812 0.180208 0.856641 0.180208
0 0.877734 0.188542 0.898828 0.188542 0.898828 0.216667 0.877734 0.216667
0 0.864062 0.225521 0.892188 0.225521 0.892188 0.259375 0.864062 0.259375
0 0.835547 0.105208 0.851953 0.105208 0.851953 0.134896 0.835547 0.134896
0 0.806641 0.098958 0.833984 0.098958 0.833984 0.140625 0.806641 0.140625
0 0.784375 0.095312 0.802344 0.095312 0.802344 0.13125 0.784375 0.13125
0 0.750781 0.08125 0.78125 0.08125 0.78125 0.109896 0.750781 0.109896
0 0.753516 0.128125 0.775781 0.128125 0.775781 0.160417 0.753516 0.160417
0 0.732812 0.141146 0.750391 0.141146 0.750391 0.170312 0.732812 0.170312
0 0.792578 0.166146 0.817578 0.166146 0.817578 0.186979 0.792578 0.186979
0 0.832031 0.190104 0.851953 0.190104 0.851953 0.218229 0.832031 0.218229
0 0.903125 0.221354 0.927344 0.221354 0.927344 0.251042 0.903125 0.251042
0 0.601953 0.193229 0.631641 0.193229 0.631641 0.230729 0.601953 0.230729
0 0.709766 0.18125 0.739844 0.18125 0.739844 0.205729 0.709766 0.205729
0 0.767188 0.200521 0.789453 0.200521 0.789453 0.228125 0.767188 0.228125
0 0.798047 0.204167 0.820703 0.204167 0.820703 0.233333 0.798047 0.233333
0 0.785156 0.239062 0.807031 0.239062 0.807031 0.271875 0.785156 0.271875
0 0.816016 0.266146 0.839453 0.266146 0.839453 0.288542 0.816016 0.288542
0 0.844922 0.295833 0.864844 0.295833 0.864844 0.332292 0.844922 0.332292
0 0.919531 0.311979 0.946875 0.311979 0.946875 0.335938 0.919531 0.335938
0 0.694141 0.215104 0.715234 0.215104 0.715234 0.235938 0.694141 0.235938
0 0.660938 0.231771 0.683594 0.231771 0.683594 0.253646 0.660938 0.253646
0 0.679688 0.257292 0.698828 0.257292 0.698828 0.277083 0.679688 0.277083
0 0.709766 0.269792 0.731641 0.269792 0.731641 0.291146 0.709766 0.291146
0 0.737891 0.239583 0.766797 0.239583 0.766797 0.266146 0.737891 0.266146
0 0.758984 0.273438 0.781641 0.273438 0.781641 0.304688 0.758984 0.304688
0 0.728906 0.288542 0.748047 0.288542 0.748047 0.317708 0.728906 0.317708
0 0.796094 0.310417 0.815234 0.310417 0.815234 0.338021 0.796094 0.338021
0 0.771484 0.345312 0.793359 0.345312 0.793359 0.372396 0.771484 0.372396
0 0.726172 0.328646 0.753516 0.328646 0.753516 0.363542 0.726172 0.363542
0 0.696094 0.321354 0.725 0.321354 0.725 0.35625 0.696094 0.35625
0 0.672656 0.322396 0.696094 0.322396 0.696094 0.352604 0.672656 0.352604
0 0.8125 0.349479 0.838672 0.349479 0.838672 0.379688 0.8125 0.379688
0 0.786719 0.36875 0.812109 0.36875 0.812109 0.392708 0.786719 0.392708
0 0.960156 0.321354 0.975781 0.321354 0.975781 0.355729 0.960156 0.355729
0 0.980078 0.346875 0.999219 0.346875 0.999219 0.379167 0.980078 0.379167
0 0.920703 0.356771 0.941406 0.356771 0.941406 0.396354 0.920703 0.396354
0 0.942188 0.414583 0.96875 0.414583 0.96875 0.446354 0.942188 0.446354
0 0.883984 0.406771 0.909375 0.406771 0.909375 0.436979 0.883984 0.436979
0 0.883203 0.449479 0.9 0.449479 0.9 0.479688 0.883203 0.479688
0 0.807812 0.398438 0.833594 0.398438 0.833594 0.423958 0.807812 0.423958
0 0.7625 0.407812 0.791016 0.407812 0.791016 0.434896 0.7625 0.434896
0 0.766406 0.441146 0.795312 0.441146 0.795312 0.471875 0.766406 0.471875
0 0.796094 0.445312 0.819922 0.445312 0.819922 0.483854 0.796094 0.483854
0 0.827344 0.419792 0.850391 0.419792 0.850391 0.447396 0.827344 0.447396
0 0.855078 0.455208 0.878516 0.455208 0.878516 0.493229 0.855078 0.493229
0 0.845703 0.490104 0.877734 0.490104 0.877734 0.518229 0.845703 0.518229
0 0.914453 0.454167 0.938281 0.454167 0.938281 0.488542 0.914453 0.488542
0 0.871875 0.565625 0.891797 0.565625 0.891797 0.601562 0.871875 0.601562
0 0.9625 0.515104 0.979297 0.515104 0.979297 0.548438 0.9625 0.548438
0 0.975 0.489583 0.996875 0.489583 0.996875 0.518229 0.975 0.518229
0 0.947266 0.452083 0.975 0.452083 0.975 0.476562 0.947266 0.476562
0 0.942969 0.596354 0.971094 0.596354 0.971094 0.627604 0.942969 0.627604
0 0.921484 0.635938 0.955859 0.635938 0.955859 0.660417 0.921484 0.660417
0 0.980859 0.585938 0.995312 0.585938 0.995312 0.615625 0.980859 0.615625
0 0.739062 0.598438 0.76875 0.598438 0.76875 0.630729 0.739062 0.630729
0 0.688281 0.627083 0.708203 0.627083 0.708203 0.658333 0.688281 0.658333
0 0.6625 0.621354 0.682812 0.621354 0.682812 0.651042 0.6625 0.651042
0 0.708203 0.622396 0.728906 0.622396 0.728906 0.657292 0.708203 0.657292
0 0.708203 0.669271 0.731641 0.669271 0.731641 0.693229 0.708203 0.693229
0 0.745312 0.651562 0.775 0.651562 0.775 0.675521 0.745312 0.675521
0 0.730078 0.68125 0.758203 0.68125 0.758203 0.705729 0.730078 0.705729
0 0.826172 0.723438 0.851172 0.723438 0.851172 0.746875 0.826172 0.746875
0 0.785938 0.7625 0.814062 0.7625 0.814062 0.792708 0.785938 0.792708
0 0.828516 0.761458 0.839453 0.761458 0.839453 0.791146 0.828516 0.791146
0 0.857812 0.740625 0.873438 0.740625 0.873438 0.769792 0.857812 0.769792
0 0.779688 0.805729 0.803125 0.805729 0.803125 0.828125 0.779688 0.828125
0 0.812891 0.829688 0.829688 0.829688 0.829688 0.855208 0.812891 0.855208
0 0.844141 0.801042 0.870312 0.801042 0.870312 0.824479 0.844141 0.824479
0 0.876953 0.765104 0.898438 0.765104 0.898438 0.8 0.876953 0.8
0 0.886328 0.823438 0.898438 0.823438 0.898438 0.855208 0.886328 0.855208
0 0.842578 0.853125 0.863281 0.853125 0.863281 0.878646 0.842578 0.878646
0 0.796094 0.869271 0.813281 0.869271 0.813281 0.897917 0.796094 0.897917
0 0.806641 0.909375 0.831641 0.909375 0.831641 0.935417 0.806641 0.935417
0 0.835547 0.891667 0.860156 0.891667 0.860156 0.911458 0.835547 0.911458
0 0.855469 0.918229 0.878516 0.918229 0.878516 0.949479 0.855469 0.949479
0 0.847656 0.960417 0.866016 0.960417 0.866016 0.986979 0.847656 0.986979
0 0.877734 0.936458 0.902344 0.936458 0.902344 0.967708 0.877734 0.967708
0 0.902344 0.788542 0.921875 0.788542 0.921875 0.811458 0.902344 0.811458
0 0.975391 0.813542 0.997656 0.813542 0.997656 0.842188 0.975391 0.842188
0 0.96875 0.855208 0.987891 0.855208 0.987891 0.880729 0.96875 0.880729
0 0.961719 0.911979 0.98125 0.911979 0.98125 0.938021 0.961719 0.938021