0 0.017578 0.005208 0.051562 0.005208 0.051562 0.038021 0.017578 0.038021
0 0.062109 0.019271 0.083594 0.019271 0.083594 0.054688 0.062109 0.054688
0 0.102734 0.002083 0.126172 0.002083 0.126172 0.040625 0.102734 0.040625
0 0.092969 0.048438 0.113672 0.048438 0.113672 0.086458 0.092969 0.086458
0 0.1375 0.044271 0.157812 0.044271 0.157812 0.075 0.1375 0.075
0 0.123438 0.081771 0.147266 0.081771 0.147266 0.114062 0.123438 0.114062
0 0.047266 0.088021 0.077734 0.088021 0.077734 0.119271 0.047266 0.119271
0 0.014453 0.091667 0.040234 0.091667 0.040234 0.11875 0.014453 0.11875
0 0.021875 0.132292 0.047656 0.132292 0.047656 0.163542 0.021875 0.163542
0 0.05 0.13125 0.074219 0.13125 0.074219 0.169792 0.05 0.169792
0 0.087891 0.122396 0.111719 0.122396 0.111719 0.157812 0.087891 0.157812
0 0.105469 0.166146 0.130078 0.166146 0.130078 0.205208 0.105469 0.205208
0 0.071484 0.160938 0.101562 0.160938 0.101562 0.191667 0.071484 0.191667
0 0.060156 0.190104 0.086719 0.190104 0.086719 0.222396 0.060156 0.222396
0 0.019922 0.178125 0.050781 0.178125 0.050781 0.209375 0.019922 0.209375
0 0.033594 0.231771 0.057031 0.231771 0.057031 0.259375 0.033594 0.259375
0 0.211328 0.066146 0.246484 0.066146 0.246484 0.106771 0.211328 0.106771
0 0.235547 0.132292 0.265234 0.132292 0.265234 0.164062 0.235547 0.164062
0 0.258594 0.027604 0.276953 0.027604 0.276953 0.070312 0.258594 0.070312
0 0.278516 0.008854 0.298828 0.008854 0.298828 0.041146 0.278516 0.041146
0 0.296484 0.054688 0.310547 0.054688 0.310547 0.080729 0.296484 0.080729
0 0.302344 0.002083 0.319141 0.002083 0.319141 0.014583 0.302344 0.014583
0 0.325781 0.013021 0.346094 0.013021 0.346094 0.047917 0.325781 0.047917
0 0.320703 0.045833 0.347656 0.045833 0.347656 0.083854 0.320703 0.083854
0 0.352734 0.04375 0.379688 0.04375 0.379688 0.075 0.352734 0.075
0 0.358594 0.071875 0.379688 0.071875 0.379688 0.1 0.358594 0.1
0 0.358594 0.108854 0.393359 0.108854 0.393359 0.138021 0.358594 0.138021
0 0.329297 0.135938 0.347656 0.135938 0.347656 0.165104 0.329297 0.165104
0 0.307422 0.124479 0.327344 0.124479 0.327344 0.150521 0.307422 0.150521
0 0.280469 0.104167 0.307422 0.104167 0.307422 0.140104 0.280469 0.140104
0 0.361328 0.154688 0.396484 0.154688 0.396484 0.182812 0.361328 0.182812
0 0.346094 0.0 0.366406 0.0 0.366406 0.024479 0.346094 0.024479
0 0.371094 0.007812 0.388281 0.007812 0.388281 0.026562 0.371094 0.026562
0 0.409375 0.045833 0.428516 0.045833 0.428516 0.079688 0.409375 0.079688
0 0.395312 0.0 0.419141 0.0 0.419141 0.016146 0.395312 0.016146
0 0.443359 0.011979 0.471484 0.011979 0.471484 0.039583 0.443359 0.039583
0 0.418359 0.0 0.439453 0.0 0.439453 0.032812 0.418359 0.032812
0 0.382031 0.045833 0.400391 0.045833 0.400391 0.066667 0.382031 0.066667
0 0.484375 0.030208 0.507812 0.030208 0.507812 0.061979 0.484375 0.061979
0 0.460938 0.067708 0.491797 0.067708 0.491797 0.105729 0.460938 0.105729
0 0.425391 0.111458 0.453906 0.111458 0.453906 0.151562 0.425391 0.151562
0 0.40625 0.1 0.430469 0.1 0.430469 0.121354 0.40625 0.121354
0 0.49375 0.119271 0.507812 0.119271 0.507812 0.155208 0.49375 0.155208
0 0.51875 0.0875 0.540625 0.0875 0.540625 0.119271 0.51875 0.119271
0 0.528125 0.117188 0.557812 0.117188 0.557812 0.155208 0.528125 0.155208
0 0.732031 0.000521 0.761719 0.000521 0.761719 0.034375 0.732031 0.034375
0 0.835938 0.008333 0.855859 0.008333 0.855859 0.038021 0.835938 0.038021
0 0.795703 0.015625 0.817578 0.015625 0.817578 0.060417 0.795703 0.060417
0 0.961719 0.066667 0.989844 0.066667 0.989844 0.123438 0.961719 0.123438
0 0.988672 0.044792 0.999609 0.044792 0.999609 0.100521 0.988672 0.100521
0 0.977734 0.105729 0.999219 0.105729 0.999219 0.159375 0.977734 0.159375
0 0.617188 0.113021 0.646484 0.113021 0.646484 0.152083 0.617188 0.152083
0 0.0 0.226562 0.014062 0.226562 0.014062 0.2625 0.0 0.2625
0 0.022266 0.273438 0.048828 0.273438 0.048828 0.3 0.022266 0.3
0 0.058594 0.270312 0.082812 0.270312 0.082812 0.294792 0.058594 0.294792
0 0.072266 0.290104 0.115234 0.290104 0.115234 0.318229 0.072266 0.318229
0 0.089062 0.321354 0.117578 0.321354 0.117578 0.346354 0.089062 0.346354
0 0.057031 0.322917 0.075391 0.322917 0.075391 0.3625 0.057031 0.3625
0 0.009766 0.306771 0.038281 0.306771 0.038281 0.347917 0.009766 0.347917
0 0.007422 0.370833 0.026562 0.370833 0.026562 0.417188 0.007422 0.417188
0 0.091016 0.354688 0.123828 0.354688 0.123828 0.384896 0.091016 0.384896
0 0.070703 0.378646 0.094531 0.378646 0.094531 0.410417 0.070703 0.410417
0 0.029688 0.390625 0.055859 0.390625 0.055859 0.430729 0.029688 0.430729
0 0.060547 0.407292 0.092969 0.407292 0.092969 0.435417 0.060547 0.435417
0 0.009375 0.436979 0.039453 0.436979 0.039453 0.471875 0.009375 0.471875
0 0.048438 0.450521 0.074219 0.450521 0.074219 0.477604 0.048438 0.477604
0 0.023438 0.476562 0.046875 0.476562 0.046875 0.498958 0.023438 0.498958
0 0.05625 0.478646 0.071875 0.478646 0.071875 0.495833 0.05625 0.495833
0 0.214844 0.224479 0.241797 0.224479 0.241797 0.263021 0.214844 0.263021
0 0.225391 0.177083 0.257031 0.177083 0.257031 0.214062 0.225391 0.214062
0 0.299609 0.161458 0.326953 0.161458 0.326953 0.186979 0.299609 0.186979
0 0.314844 0.196875 0.341797 0.196875 0.341797 0.230729 0.314844 0.230729
0 0.351953 0.216667 0.373047 0.216667 0.373047 0.236979 0.351953 0.236979
0 0.399609 0.148438 0.423047 0.148438 0.423047 0.1875 0.399609 0.1875
0 0.213672 0.276042 0.252344 0.276042 0.252344 0.304688 0.213672 0.304688
0 0.184375 0.31875 0.204688 0.31875 0.204688 0.361979 0.184375 0.361979
0 0.215234 0.310417 0.251953 0.310417 0.251953 0.346875 0.215234 0.346875
0 0.260547 0.302604 0.283984 0.302604 0.283984 0.340625 0.260547 0.340625
0 0.287891 0.284375 0.317969 0.284375 0.317969 0.328125 0.287891 0.328125
0 0.338672 0.2875 0.358203 0.2875 0.358203 0.325521 0.338672 0.325521
0 0.291016 0.335417 0.322266 0.335417 0.322266 0.374479 0.291016 0.374479
0 0.253516 0.356771 0.275391 0.356771 0.275391 0.380208 0.253516 0.380208
0 0.212109 0.348438 0.240625 0.348438 0.240625 0.376562 0.212109 0.376562
0 0.2 0.376562 0.220703 0.376562 0.220703 0.417188 0.2 0.417188
0 0.246094 0.381771 0.277734 0.381771 0.277734 0.417188 0.246094 0.417188
0 0.29375 0.377604 0.313281 0.377604 0.313281 0.413021 0.29375 0.413021
0 0.360938 0.336979 0.387891 0.336979 0.387891 0.370833 0.360938 0.370833
0 0.360938 0.376562 0.394922 0.376562 0.394922 0.408333 0.360938 0.408333
0 0.390625 0.361979 0.414453 0.361979 0.414453 0.398438 0.390625 0.398438
0 0.417578 0.374479 0.436719 0.374479 0.436719 0.416667 0.417578 0.416667
0 0.425781 0.338542 0.451953 0.338542 0.451953 0.369271 0.425781 0.369271
0 0.447266 0.374479 0.465234 0.374479 0.465234 0.407292 0.447266 0.407292
0 0.325 0.395833 0.349609 0.395833 0.349609 0.434375 0.325 0.434375
0 0.219531 0.418229 0.241797 0.418229 0.241797 0.442708 0.219531 0.442708
0 0.183203 0.454688 0.205469 0.454688 0.205469 0.492708 0.183203 0.492708
0 0.209766 0.446354 0.234375 0.446354 0.234375 0.484375 0.209766 0.484375
0 0.247656 0.432812 0.273438 0.432812 0.273438 0.465104 0.247656 0.465104
0 0.244531 0.470833 0.271484 0.470833 0.271484 0.504167 0.244531 0.504167
0 0.277734 0.435417 0.3 0.435417 0.3 0.480208 0.277734 0.480208
0 0.317969 0.446354 0.332812 0.446354 0.332812 0.477604 0.317969 0.477604
0 0.304297 0.492708 0.327344 0.492708 0.327344 0.520312 0.304297 0.520312
0 0.349609 0.413021 0.373047 0.413021 0.373047 0.447917 0.349609 0.447917
0 0.349609 0.452604 0.371484 0.452604 0.371484 0.485938 0.349609 0.485938
0 0.384375 0.466146 0.408984 0.466146 0.408984 0.493229 0.384375 0.493229
0 0.402734 0.426562 0.422656 0.426562 0.422656 0.4625 0.402734 0.4625
0 0.428125 0.448438 0.448828 0.448438 0.448828 0.4875 0.428125 0.4875
0 0.454297 0.422917 0.474609 0.422917 0.474609 0.467708 0.454297 0.467708
0 0.562891 0.073958 0.594922 0.073958 0.594922 0.107812 0.562891 0.107812
0 0.573438 0.136458 0.590234 0.136458 0.590234 0.179167 0.573438 0.179167
0 0.538672 0.163542 0.564062 0.163542 0.564062 0.190625 0.538672 0.190625
0 0.553906 0.194271 0.579297 0.194271 0.579297 0.222917 0.553906 0.222917
0 0.452734 0.157292 0.483594 0.157292 0.483594 0.185417 0.452734 0.185417
0 0.421484 0.190625 0.448047 0.190625 0.448047 0.223438 0.421484 0.223438
0 0.463672 0.198438 0.490625 0.198438 0.490625 0.235938 0.463672 0.235938
0 0.499609 0.180729 0.525781 0.180729 0.525781 0.218229 0.499609 0.218229
0 0.436328 0.216667 0.457422 0.216667 0.457422 0.258333 0.436328 0.258333
0 0.461328 0.247917 0.477734 0.247917 0.477734 0.281771 0.461328 0.281771
0 0.519922 0.228646 0.539453 0.228646 0.539453 0.270833 0.519922 0.270833
0 0.476953 0.258333 0.508203 0.258333 0.508203 0.298438 0.476953 0.298438
0 0.459766 0.302604 0.482031 0.302604 0.482031 0.330729 0.459766 0.330729
0 0.427344 0.293229 0.457422 0.293229 0.457422 0.320833 0.427344 0.320833
0 0.496484 0.307812 0.525 0.307812 0.525 0.338542 0.496484 0.338542
0 0.551172 0.28125 0.579297 0.28125 0.579297 0.313021 0.551172 0.313021
0 0.544141 0.222917 0.560156 0.222917 0.560156 0.255729 0.544141 0.255729
0 0.577344 0.227083 0.605078 0.227083 0.605078 0.267708 0.577344 0.267708
0 0.591016 0.179167 0.612891 0.179167 0.612891 0.215625 0.591016 0.215625
0 0.620312 0.180729 0.642578 0.180729 0.642578 0.216667 0.620312 0.216667
0 0.6125 0.220312 0.638672 0.220312 0.638672 0.249479 0.6125 0.249479
0 0.705078 0.202604 0.722656 0.202604 0.722656 0.242708 0.705078 0.242708
0 0.702344 0.257292 0.736719 0.257292 0.736719 0.273958 0.702344 0.273958
0 0.669922 0.261979 0.689844 0.261979 0.689844 0.290625 0.669922 0.290625
0 0.221484 0.488542 0.258594 0.488542 0.258594 0.525521 0.221484 0.525521
0 0.214844 0.530208 0.246094 0.530208 0.246094 0.5625 0.214844 0.5625
0 0.262891 0.538021 0.286328 0.538021 0.286328 0.569271 0.262891 0.569271
0 0.294922 0.535938 0.3125 0.535938 0.3125 0.576042 0.294922 0.576042
0 0.336328 0.533333 0.370703 0.533333 0.370703 0.558333 0.336328 0.558333
0 0.226562 0.576042 0.247656 0.576042 0.247656 0.607812 0.226562 0.607812
0 0.143359 0.669271 0.185547 0.669271 0.185547 0.704167 0.143359 0.704167
0 0.058203 0.701042 0.075 0.701042 0.075 0.721354 0.058203 0.721354
0 0.071875 0.722396 0.107812 0.722396 0.107812 0.742708 0.071875 0.742708
0 0.049219 0.728125 0.073438 0.728125 0.073438 0.7625 0.049219 0.7625
0 0.1375 0.776042 0.166016 0.776042 0.166016 0.814583 0.1375 0.814583
0 0.085156 0.839062 0.103906 0.839062 0.103906 0.872917 0.085156 0.872917
0 0.048047 0.807812 0.0625 0.807812 0.0625 0.84375 0.048047 0.84375
0 0.0625 0.864062 0.082031 0.864062 0.082031 0.897396 0.0625 0.897396
0 0.092969 0.893229 0.112109 0.893229 0.112109 0.920312 0.092969 0.920312
0 0.083594 0.929167 0.112891 0.929167 0.112891 0.963021 0.083594 0.963021
0 0.0625 0.939062 0.083594 0.939062 0.083594 0.966146 0.0625 0.966146
0 0.051562 0.9 0.076953 0.9 0.076953 0.929167 0.051562 0.929167
0 0.159375 0.709896 0.182812 0.709896 0.182812 0.751562 0.159375 0.751562
0 0.187891 0.710938 0.219141 0.710938 0.219141 0.740104 0.187891 0.740104
0 0.191406 0.751562 0.214062 0.751562 0.214062 0.782812 0.191406 0.782812
0 0.177734 0.7875 0.199609 0.7875 0.199609 0.809896 0.177734 0.809896
0 0.167969 0.814583 0.196484 0.814583 0.196484 0.84375 0.167969 0.84375
0 0.201562 0.786458 0.235156 0.786458 0.235156 0.822396 0.201562 0.822396
0 0.242578 0.773958 0.267188 0.773958 0.267188 0.803125 0.242578 0.803125
0 0.239453 0.815625 0.258594 0.815625 0.258594 0.853646 0.239453 0.853646
0 0.150781 0.869792 0.176172 0.869792 0.176172 0.903125 0.150781 0.903125
0 0.18125 0.904167 0.201562 0.904167 0.201562 0.924479 0.18125 0.924479
0 0.178906 0.933854 0.202344 0.933854 0.202344 0.967188 0.178906 0.967188
0 0.251953 0.892188 0.272266 0.892188 0.272266 0.929167 0.251953 0.929167
0 0.216797 0.906771 0.242578 0.906771 0.242578 0.939062 0.216797 0.939062
0 0.225 0.949479 0.250391 0.949479 0.250391 0.972917 0.225 0.972917
0 0.25625 0.944792 0.285547 0.944792 0.285547 0.970833 0.25625 0.970833
0 0.204688 0.864062 0.221484 0.864062 0.221484 0.894271 0.204688 0.894271
0 0.262891 0.804167 0.2875 0.804167 0.2875 0.849479 0.262891 0.849479
0 0.293359 0.830208 0.307422 0.830208 0.307422 0.870833 0.293359 0.870833
0 0.318359 0.811979 0.342969 0.811979 0.342969 0.84375 0.318359 0.84375
0 0.317578 0.85625 0.341406 0.85625 0.341406 0.895312 0.317578 0.895312
0 0.298438 0.904167 0.3125 0.904167 0.3125 0.951562 0.298438 0.951562
0 0.316797 0.940104 0.336328 0.940104 0.336328 0.971875 0.316797 0.971875
0 0.338672 0.916667 0.367188 0.916667 0.367188 0.953646 0.338672 0.953646
0 0.373438 0.941667 0.407031 0.941667 0.407031 0.972917 0.373438 0.972917
0 0.365625 0.868229 0.395312 0.868229 0.395312 0.920312 0.365625 0.920312
0 0.369141 0.767188 0.390234 0.767188 0.390234 0.807812 0.369141 0.807812
0 0.014453 0.603646 0.033594 0.603646 0.033594 0.631771 0.014453 0.631771
0 0.029297 0.625521 0.052734 0.625521 0.052734 0.654688 0.029297 0.654688
0 0.005859 0.648438 0.018359 0.648438 0.018359 0.704167 0.005859 0.704167
0 0.026562 0.669792 0.048438 0.669792 0.048438 0.703646 0.026562 0.703646
0 0.058203 0.618229 0.091016 0.618229 0.091016 0.635938 0.058203 0.635938
0 0.053906 0.582812 0.079297 0.582812 0.079297 0.611979 0.053906 0.611979
0 0.008984 0.742708 0.031641 0.742708 0.031641 0.773438 0.008984 0.773438
0 0.029688 0.851562 0.05625 0.851562 0.05625 0.884375 0.029688 0.884375
0 0.012891 0.793229 0.0375 0.793229 0.0375 0.822917 0.012891 0.822917
0 0.008594 0.89375 0.025781 0.89375 0.025781 0.922396 0.008594 0.922396
0 0.020703 0.907812 0.046484 0.907812 0.046484 0.948438 0.020703 0.948438
0 0.041406 0.958854 0.069922 0.958854 0.069922 0.998958 0.041406 0.998958
0 0.460938 0.830729 0.482422 0.830729 0.482422 0.870312 0.460938 0.870312
0 0.1625 0.018229 0.198828 0.018229 0.198828 0.078646 0.1625 0.078646
0 0.50625 0.369271 0.530859 0.369271 0.530859 0.392188 0.50625 0.392188
0 0.486328 0.389583 0.513672 0.389583 0.513672 0.419271 0.486328 0.419271
0 0.532422 0.367188 0.553906 0.367188 0.553906 0.398958 0.532422 0.398958
0 0.592969 0.403646 0.615234 0.403646 0.615234 0.4375 0.592969 0.4375
0 0.632031 0.344271 0.653516 0.344271 0.653516 0.382812 0.632031 0.382812
0 0.655078 0.318229 0.68125 0.318229 0.68125 0.370312 0.655078 0.370312
0 0.678906 0.294792 0.696875 0.294792 0.696875 0.333333 0.678906 0.333333
0 0.701953 0.303646 0.715625 0.303646 0.715625 0.336458 0.701953 0.336458
0 0.725781 0.320833 0.741016 0.320833 0.741016 0.345833 0.725781 0.345833
0 0.764062 0.208333 0.796484 0.208333 0.796484 0.242708 0.764062 0.242708
0 0.749609 0.250521 0.775 0.250521 0.775 0.286458 0.749609 0.286458
0 0.732422 0.288021 0.747656 0.288021 0.747656 0.3125 0.732422 0.3125
0 0.788672 0.235938 0.809766 0.235938 0.809766 0.26875 0.788672 0.26875
0 0.830469 0.240104 0.852734 0.240104 0.852734 0.285417 0.830469 0.285417
0 0.791016 0.286458 0.8125 0.286458 0.8125 0.313021 0.791016 0.313021
0 0.819531 0.290104 0.839844 0.290104 0.839844 0.330729 0.819531 0.330729
0 0.854297 0.280208 0.86875 0.280208 0.86875 0.320833 0.854297 0.320833
0 0.845703 0.35 0.869531 0.35 0.869531 0.381771 0.845703 0.381771
0 0.819531 0.365104 0.833984 0.365104 0.833984 0.402083 0.819531 0.402083
0 0.828516 0.393229 0.863672 0.393229 0.863672 0.438542 0.828516 0.438542
0 0.783594 0.3125 0.808984 0.3125 0.808984 0.355729 0.783594 0.355729
0 0.757031 0.317188 0.776562 0.317188 0.776562 0.352604 0.757031 0.352604
0 0.785938 0.357812 0.809766 0.357812 0.809766 0.393229 0.785938 0.393229
0 0.758203 0.372917 0.78125 0.372917 0.78125 0.422396 0.758203 0.422396
0 0.726562 0.353646 0.750391 0.353646 0.750391 0.388542 0.726562 0.388542
0 0.707031 0.377604 0.722266 0.377604 0.722266 0.409375 0.707031 0.409375
0 0.717188 0.396875 0.743359 0.396875 0.743359 0.430729 0.717188 0.430729
0 0.717969 0.442188 0.747656 0.442188 0.747656 0.475 0.717969 0.475
0 0.782812 0.395312 0.801562 0.395312 0.801562 0.431771 0.782812 0.431771
0 0.802344 0.419271 0.816797 0.419271 0.816797 0.453125 0.802344 0.453125
0 0.771875 0.465625 0.805859 0.465625 0.805859 0.501042 0.771875 0.501042
0 0.630469 0.396354 0.660938 0.396354 0.660938 0.417188 0.630469 0.417188
0 0.6125 0.447917 0.639062 0.447917 0.639062 0.473958 0.6125 0.473958
0 0.644922 0.438542 0.669531 0.438542 0.669531 0.482812 0.644922 0.482812
0 0.628906 0.481771 0.649219 0.481771 0.649219 0.513542 0.628906 0.513542
0 0.590234 0.475 0.621094 0.475 0.621094 0.502083 0.590234 0.502083
0 0.574219 0.509896 0.604688 0.509896 0.604688 0.538542 0.574219 0.538542
0 0.672266 0.50625 0.697656 0.50625 0.697656 0.547396 0.672266 0.547396
0 0.730859 0.482812 0.754688 0.482812 0.754688 0.508854 0.730859 0.508854
0 0.701953 0.157292 0.735938 0.157292 0.735938 0.197396 0.701953 0.197396
0 0.353516 0.667708 0.379297 0.667708 0.379297 0.688542 0.353516 0.688542
0 0.401562 0.675 0.417578 0.675 0.417578 0.716667 0.401562 0.716667
0 0.355469 0.699479 0.385156 0.699479 0.385156 0.726042 0.355469 0.726042
0 0.378125 0.721875 0.406641 0.721875 0.406641 0.748958 0.378125 0.748958
0 0.403906 0.745833 0.4375 0.745833 0.4375 0.769271 0.403906 0.769271
0 0.423438 0.777083 0.455859 0.777083 0.455859 0.798438 0.423438 0.798438
0 0.395703 0.769792 0.421875 0.769792 0.421875 0.814583 0.395703 0.814583
0 0.451172 0.693229 0.474609 0.693229 0.474609 0.736458 0.451172 0.736458
0 0.482422 0.733854 0.502734 0.733854 0.502734 0.763542 0.482422 0.763542
0 0.507422 0.708854 0.524219 0.708854 0.524219 0.741667 0.507422 0.741667
0 0.541797 0.720312 0.564453 0.720312 0.564453 0.754167 0.541797 0.754167
0 0.46875 0.809375 0.496875 0.809375 0.496875 0.83125 0.46875 0.83125
0 0.513672 0.830208 0.542969 0.830208 0.542969 0.859375 0.513672 0.859375
0 0.393359 0.639583 0.414844 0.639583 0.414844 0.673958 0.393359 0.673958
0 0.405469 0.608854 0.430078 0.608854 0.430078 0.63125 0.405469 0.63125
0 0.416016 0.65 0.441016 0.65 0.441016 0.675521 0.416016 0.675521
0 0.448828 0.580208 0.467578 0.580208 0.467578 0.619271 0.448828 0.619271
0 0.449219 0.551562 0.476953 0.551562 0.476953 0.573958 0.449219 0.573958
0 0.478125 0.570833 0.499219 0.570833 0.499219 0.608854 0.478125 0.608854
0 0.514844 0.5375 0.541797 0.5375 0.541797 0.572917 0.514844 0.572917
0 0.517188 0.591146 0.539453 0.591146 0.539453 0.627083 0.517188 0.627083
0 0.480469 0.616146 0.50625 0.616146 0.50625 0.648438 0.480469 0.648438
0 0.438281 0.627083 0.454688 0.627083 0.454688 0.648958 0.438281 0.648958
0 0.458203 0.6625 0.4875 0.6625 0.4875 0.6875 0.458203 0.6875
0 0.490625 0.647396 0.516016 0.647396 0.516016 0.693229 0.490625 0.693229
0 0.524609 0.666146 0.553516 0.666146 0.553516 0.705729 0.524609 0.705729
0 0.517578 0.617708 0.548047 0.617708 0.548047 0.656771 0.517578 0.656771
0 0.557031 0.651562 0.574219 0.651562 0.574219 0.68125 0.557031 0.68125
0 0.568359 0.593229 0.584766 0.593229 0.584766 0.617708 0.568359 0.617708
0 0.564062 0.545312 0.582812 0.545312 0.582812 0.570833 0.564062 0.570833
0 0.608594 0.540625 0.633594 0.540625 0.633594 0.570833 0.608594 0.570833
0 0.614062 0.620833 0.634766 0.620833 0.634766 0.652083 0.614062 0.652083
0 0.601172 0.664062 0.621875 0.664062 0.621875 0.701042 0.601172 0.701042
0 0.632422 0.65625 0.661719 0.65625 0.661719 0.702604 0.632422 0.702604
0 0.653125 0.590625 0.670312 0.590625 0.670312 0.628125 0.653125 0.628125
0 0.683203 0.622396 0.707031 0.622396 0.707031 0.651042 0.683203 0.651042
0 0.718359 0.627604 0.739453 0.627604 0.739453 0.658854 0.718359 0.658854
0 0.748438 0.657292 0.763281 0.657292 0.763281 0.685417 0.748438 0.685417
0 0.707031 0.678125 0.727734 0.678125 0.727734 0.706771 0.707031 0.706771
0 0.740625 0.701042 0.767188 0.701042 0.767188 0.735938 0.740625 0.735938
0 0.659766 0.705729 0.685156 0.705729 0.685156 0.731771 0.659766 0.731771
0 0.656641 0.754167 0.68125 0.754167 0.68125 0.782812 0.656641 0.782812
0 0.685156 0.735417 0.704297 0.735417 0.704297 0.767708 0.685156 0.767708
0 0.696875 0.772917 0.721484 0.772917 0.721484 0.789583 0.696875 0.789583
0 0.722656 0.528646 0.748047 0.528646 0.748047 0.554167 0.722656 0.554167
0 0.668359 0.572917 0.699219 0.572917 0.699219 0.610938 0.668359 0.610938
0 0.757812 0.5375 0.786719 0.5375 0.786719 0.558333 0.757812 0.558333
0 0.791797 0.538542 0.812891 0.538542 0.812891 0.578125 0.791797 0.578125
0 0.897656 0.529688 0.913281 0.529688 0.913281 0.557812 0.897656 0.557812
0 0.923438 0.519271 0.939062 0.519271 0.939062 0.55625 0.923438 0.55625
0 0.958594 0.493229 0.982422 0.493229 0.982422 0.520833 0.958594 0.520833
0 0.930859 0.45 0.95 0.45 0.95 0.483854 0.930859 0.483854
0 0.983594 0.5125 0.997266 0.5125 0.997266 0.545833 0.983594 0.545833
0 0.983203 0.551042 0.998828 0.551042 0.998828 0.580208 0.983203 0.580208
0 0.941797 0.555208 0.971875 0.555208 0.971875 0.585417 0.941797 0.585417
0 0.960938 0.592708 0.992188 0.592708 0.992188 0.620833 0.960938 0.620833
0 0.903125 0.56875 0.934766 0.56875 0.934766 0.597917 0.903125 0.597917
0 0.914844 0.6 0.95 0.6 0.95 0.641146 0.914844 0.641146
0 0.906641 0.654688 0.935938 0.654688 0.935938 0.680208 0.906641 0.680208
0 0.880078 0.597396 0.905078 0.597396 0.905078 0.641667 0.880078 0.641667
0 0.859375 0.617188 0.878516 0.617188 0.878516 0.647396 0.859375 0.647396
0 0.825 0.615104 0.849609 0.615104 0.849609 0.650521 0.825 0.650521
0 0.864453 0.646354 0.896484 0.646354 0.896484 0.689062 0.864453 0.689062
0 0.494922 0.857812 0.521484 0.857812 0.521484 0.890625 0.494922 0.890625
0 0.475 0.893229 0.507031 0.893229 0.507031 0.935417 0.475 0.935417
0 0.569531 0.888021 0.604688 0.888021 0.604688 0.924479 0.569531 0.924479
0 0.601172 0.847396 0.614062 0.847396 0.614062 0.88125 0.601172 0.88125
0 0.605859 0.8 0.630078 0.8 0.630078 0.829167 0.605859 0.829167
0 0.624609 0.829167 0.660938 0.829167 0.660938 0.866667 0.624609 0.866667
0 0.666406 0.84375 0.696484 0.84375 0.696484 0.895312 0.666406 0.895312
0 0.623828 0.88125 0.647266 0.88125 0.647266 0.90625 0.623828 0.90625
0 0.608594 0.91875 0.63125 0.91875 0.63125 0.94375 0.608594 0.94375
0 0.591016 0.946354 0.619531 0.946354 0.619531 0.973958 0.591016 0.973958
0 0.553906 0.969271 0.582031 0.969271 0.582031 0.997917 0.553906 0.997917
0 0.627344 0.952604 0.647266 0.952604 0.647266 0.977604 0.627344 0.977604
0 0.632031 0.982812 0.671094 0.982812 0.671094 0.997917 0.632031 0.997917
0 0.651172 0.9125 0.690234 0.9125 0.690234 0.948438 0.651172 0.948438
0 0.694141 0.813021 0.719922 0.813021 0.719922 0.836979 0.694141 0.836979
0 0.722266 0.773438 0.751953 0.773438 0.751953 0.819792 0.722266 0.819792
0 0.949219 0.686979 0.967188 0.686979 0.967188 0.71875 0.949219 0.71875
0 0.908203 0.708333 0.928125 0.708333 0.928125 0.729688 0.908203 0.729688
0 0.946875 0.726562 0.962891 0.726562 0.962891 0.760938 0.946875 0.760938
0 0.985156 0.706771 0.998047 0.706771 0.998047 0.738021 0.985156 0.738021
0 0.972656 0.761979 0.987109 0.761979 0.987109 0.795833 0.972656 0.795833
0 0.984375 0.804167 0.998828 0.804167 0.998828 0.834375 0.984375 0.834375
0 0.928125 0.816667 0.956641 0.816667 0.956641 0.851042 0.928125 0.851042
0 0.875 0.747917 0.897266 0.747917 0.897266 0.780729 0.875 0.780729
0 0.900781 0.738542 0.921875 0.738542 0.921875 0.772917 0.900781 0.772917
0 0.924609 0.769271 0.952344 0.769271 0.952344 0.807292 0.924609 0.807292
0 0.877344 0.785938 0.902344 0.785938 0.902344 0.8125 0.877344 0.8125
0 0.819922 0.771875 0.854688 0.771875 0.854688 0.801562 0.819922 0.801562
0 0.810156 0.797396 0.827344 0.797396 0.827344 0.830729 0.810156 0.830729
0 0.777734 0.818229 0.804297 0.818229 0.804297 0.856771 0.777734 0.856771
0 0.80625 0.834375 0.847656 0.834375 0.847656 0.866146 0.80625 0.866146
0 0.839062 0.802604 0.872656 0.802604 0.872656 0.829688 0.839062 0.829688
0 0.850781 0.836979 0.8875 0.836979 0.8875 0.864583 0.850781 0.864583
0 0.869922 0.890104 0.907812 0.890104 0.907812 0.916667 0.869922 0.916667
0 0.839844 0.876042 0.859375 0.876042 0.859375 0.909896 0.839844 0.909896
0 0.809375 0.877604 0.833984 0.877604 0.833984 0.908854 0.809375 0.908854
0 0.774219 0.919792 0.798047 0.919792 0.798047 0.953646 0.774219 0.953646
0 0.799609 0.934375 0.829297 0.934375 0.829297 0.983333 0.799609 0.983333
0 0.821094 0.915625 0.846484 0.915625 0.846484 0.945312 0.821094 0.945312
0 0.85625 0.941146 0.881641 0.941146 0.881641 0.967708 0.85625 0.967708
0 0.897266 0.971875 0.917188 0.971875 0.917188 0.998438 0.897266 0.998438
0 0.941797 0.938021 0.961719 0.938021 0.961719 0.977604 0.941797 0.977604
0 0.971484 0.903125 0.995703 0.903125 0.995703 0.946354 0.971484 0.946354
0 0.966406 0.849479 0.992578 0.849479 0.992578 0.894271 0.966406 0.894271
0 0.972266 0.955208 0.990234 0.955208 0.990234 0.997396 0.972266 0.997396