0 0.075781 0.001562 0.097656 0.001562 0.097656 0.025 0.075781 0.025
0 0.086328 0.036458 0.105078 0.036458 0.105078 0.068229 0.086328 0.068229
0 0.052734 0.021354 0.075 0.021354 0.075 0.040625 0.052734 0.040625
0 0.050391 0.048438 0.070312 0.048438 0.070312 0.072917 0.050391 0.072917
0 0.019531 0.044792 0.037109 0.044792 0.037109 0.070833 0.019531 0.070833
0 0.030859 0.088021 0.053906 0.088021 0.053906 0.108333 0.030859 0.108333
0 0.024609 0.123438 0.044141 0.123438 0.044141 0.157292 0.024609 0.157292
0 0.0 0.177083 0.022266 0.177083 0.022266 0.199479 0.0 0.199479
0 0.228516 0.177083 0.248047 0.177083 0.248047 0.203125 0.228516 0.203125
0 0.282422 0.110417 0.304297 0.110417 0.304297 0.130729 0.282422 0.130729
0 0.275 0.205208 0.291797 0.205208 0.291797 0.235417 0.275 0.235417
0 0.228906 0.222396 0.24375 0.222396 0.24375 0.253125 0.228906 0.253125
0 0.430469 0.002604 0.448047 0.002604 0.448047 0.026562 0.430469 0.026562
0 0.348047 0.011979 0.369141 0.011979 0.369141 0.031771 0.348047 0.031771
0 0.36875 0.040104 0.388281 0.040104 0.388281 0.061458 0.36875 0.061458
0 0.430469 0.048438 0.453906 0.048438 0.453906 0.067188 0.430469 0.067188
0 0.46875 0.026042 0.492188 0.026042 0.492188 0.053646 0.46875 0.053646
0 0.509766 0.027604 0.523828 0.027604 0.523828 0.054688 0.509766 0.054688
0 0.532031 0.034896 0.546875 0.034896 0.546875 0.065625 0.532031 0.065625
0 0.461328 0.067708 0.485547 0.067708 0.485547 0.089062 0.461328 0.089062
0 0.433594 0.082812 0.455078 0.082812 0.455078 0.099479 0.433594 0.099479
0 0.458203 0.099479 0.480469 0.099479 0.480469 0.117188 0.458203 0.117188
0 0.505859 0.082812 0.532031 0.082812 0.532031 0.108854 0.505859 0.108854
0 0.496094 0.11875 0.517578 0.11875 0.517578 0.142708 0.496094 0.142708
0 0.392969 0.125521 0.407812 0.125521 0.407812 0.156771 0.392969 0.156771
0 0.566016 0.055729 0.580859 0.055729 0.580859 0.086979 0.566016 0.086979
0 0.594141 0.053646 0.609375 0.053646 0.609375 0.078125 0.594141 0.078125
0 0.543359 0.163021 0.564844 0.163021 0.564844 0.196354 0.543359 0.196354
0 0.605078 0.0125 0.624219 0.0125 0.624219 0.040625 0.605078 0.040625
0 0.649609 0.021875 0.670312 0.021875 0.670312 0.046354 0.649609 0.046354
0 0.637891 0.059896 0.658203 0.059896 0.658203 0.08125 0.637891 0.08125
0 0.642969 0.104167 0.664453 0.104167 0.664453 0.121875 0.642969 0.121875
0 0.609375 0.167708 0.633203 0.167708 0.633203 0.189583 0.609375 0.189583
0 0.649609 0.152083 0.669922 0.152083 0.669922 0.172917 0.649609 0.172917
0 0.678906 0.027604 0.704688 0.027604 0.704688 0.05 0.678906 0.05
0 0.717578 0.036458 0.734375 0.036458 0.734375 0.063021 0.717578 0.063021
0 0.685547 0.063542 0.702734 0.063542 0.702734 0.089583 0.685547 0.089583
0 0.737891 0.067708 0.761719 0.067708 0.761719 0.090104 0.737891 0.090104
0 0.825 0.038021 0.848438 0.038021 0.848438 0.060417 0.825 0.060417
0 0.770312 0.057292 0.788672 0.057292 0.788672 0.083854 0.770312 0.083854
0 0.872266 0.041146 0.896875 0.041146 0.896875 0.067188 0.872266 0.067188
0 0.85 0.075521 0.867969 0.075521 0.867969 0.101562 0.85 0.101562
0 0.763672 0.008854 0.789844 0.008854 0.789844 0.029688 0.763672 0.029688
0 0.710547 0.098958 0.734766 0.098958 0.734766 0.124479 0.710547 0.124479
0 0.699609 0.134896 0.722266 0.134896 0.722266 0.159896 0.699609 0.159896
0 0.745703 0.164062 0.764844 0.164062 0.764844 0.184375 0.745703 0.184375
0 0.764062 0.113542 0.783594 0.113542 0.783594 0.136979 0.764062 0.136979
0 0.675781 0.169271 0.699219 0.169271 0.699219 0.190625 0.675781 0.190625
0 0.850391 0.180208 0.869141 0.180208 0.869141 0.202083 0.850391 0.202083
0 0.880469 0.177083 0.899609 0.177083 0.899609 0.201562 0.880469 0.201562
0 0.905078 0.167188 0.921094 0.167188 0.921094 0.190104 0.905078 0.190104
0 0.927734 0.143229 0.948828 0.143229 0.948828 0.166667 0.927734 0.166667
0 0.976953 0.094792 0.992969 0.094792 0.992969 0.123958 0.976953 0.123958
0 0.961328 0.177604 0.986328 0.177604 0.986328 0.202083 0.961328 0.202083
0 0.892969 0.210417 0.915234 0.210417 0.915234 0.244271 0.892969 0.244271
0 0.961328 0.230208 0.983594 0.230208 0.983594 0.260417 0.961328 0.260417
0 0.823047 0.23125 0.844922 0.23125 0.844922 0.258854 0.823047 0.258854
0 0.771875 0.203125 0.794531 0.203125 0.794531 0.2375 0.771875 0.2375
0 0.700391 0.201042 0.723438 0.201042 0.723438 0.222917 0.700391 0.222917
0 0.638281 0.198438 0.6625 0.198438 0.6625 0.219792 0.638281 0.219792
0 0.649219 0.239062 0.66875 0.239062 0.66875 0.257812 0.649219 0.257812
0 0.632812 0.259375 0.656641 0.259375 0.656641 0.276042 0.632812 0.276042
0 0.678906 0.254688 0.701172 0.254688 0.701172 0.278125 0.678906 0.278125
0 0.726172 0.2875 0.752344 0.2875 0.752344 0.307292 0.726172 0.307292
0 0.690234 0.314062 0.716016 0.314062 0.716016 0.331771 0.690234 0.331771
0 0.792578 0.257812 0.814453 0.257812 0.814453 0.281771 0.792578 0.281771
0 0.808594 0.313542 0.830859 0.313542 0.830859 0.331771 0.808594 0.331771
0 0.84375 0.257292 0.869922 0.257292 0.869922 0.283333 0.84375 0.283333
0 0.907031 0.265625 0.93125 0.265625 0.93125 0.290625 0.907031 0.290625
0 0.944141 0.283854 0.966406 0.283854 0.966406 0.310417 0.944141 0.310417
0 0.967578 0.3125 0.991797 0.3125 0.991797 0.339062 0.967578 0.339062
0 0.932031 0.320833 0.957031 0.320833 0.957031 0.345833 0.932031 0.345833
0 0.895312 0.301562 0.916797 0.301562 0.916797 0.323438 0.895312 0.323438
0 0.857422 0.291667 0.876953 0.291667 0.876953 0.322396 0.857422 0.322396
0 0.666016 0.346875 0.690234 0.346875 0.690234 0.367188 0.666016 0.367188
0 0.682031 0.371875 0.701172 0.371875 0.701172 0.393229 0.682031 0.393229
0 0.691016 0.402083 0.714453 0.402083 0.714453 0.422917 0.691016 0.422917
0 0.722266 0.372917 0.745312 0.372917 0.745312 0.401562 0.722266 0.401562
0 0.732422 0.422917 0.753906 0.422917 0.753906 0.441667 0.732422 0.441667
0 0.763281 0.401562 0.783594 0.401562 0.783594 0.425521 0.763281 0.425521
0 0.761719 0.334375 0.78125 0.334375 0.78125 0.366146 0.761719 0.366146
0 0.810547 0.346354 0.827734 0.346354 0.827734 0.378125 0.810547 0.378125
0 0.862109 0.344271 0.887109 0.344271 0.887109 0.365625 0.862109 0.365625
0 0.900391 0.349479 0.916797 0.349479 0.916797 0.378646 0.900391 0.378646
0 0.9125 0.396354 0.938281 0.396354 0.938281 0.417708 0.9125 0.417708
0 0.873438 0.372396 0.890625 0.372396 0.890625 0.404167 0.873438 0.404167
0 0.848047 0.400521 0.866016 0.400521 0.866016 0.430208 0.848047 0.430208
0 0.810156 0.416146 0.835938 0.416146 0.835938 0.444792 0.810156 0.444792
0 0.757812 0.457812 0.780859 0.457812 0.780859 0.474479 0.757812 0.474479
0 0.707031 0.443229 0.734766 0.443229 0.734766 0.460938 0.707031 0.460938
0 0.732812 0.496875 0.755469 0.496875 0.755469 0.520833 0.732812 0.520833
0 0.885938 0.445312 0.909766 0.445312 0.909766 0.466146 0.885938 0.466146
0 0.856641 0.476562 0.875391 0.476562 0.875391 0.503125 0.856641 0.503125
0 0.819531 0.492708 0.839844 0.492708 0.839844 0.526042 0.819531 0.526042
0 0.953906 0.455729 0.980469 0.455729 0.980469 0.486458 0.953906 0.486458
0 0.905469 0.477604 0.927734 0.477604 0.927734 0.494792 0.905469 0.494792
0 0.917969 0.509375 0.941797 0.509375 0.941797 0.53125 0.917969 0.53125
0 0.944531 0.532812 0.966016 0.532812 0.966016 0.554167 0.944531 0.554167
0 0.905859 0.55 0.928906 0.55 0.928906 0.571354 0.905859 0.571354
0 0.941797 0.566146 0.964062 0.566146 0.964062 0.585938 0.941797 0.585938
0 0.982422 0.538021 0.998828 0.538021 0.998828 0.566146 0.982422 0.566146
0 0.676172 0.5125 0.698438 0.5125 0.698438 0.536979 0.676172 0.536979
0 0.742969 0.533854 0.764062 0.533854 0.764062 0.555208 0.742969 0.555208
0 0.741797 0.569271 0.760938 0.569271 0.760938 0.591667 0.741797 0.591667
0 0.702344 0.564583 0.719141 0.564583 0.719141 0.598958 0.702344 0.598958
0 0.667969 0.573958 0.682031 0.573958 0.682031 0.608854 0.667969 0.608854
0 0.64375 0.585938 0.660156 0.585938 0.660156 0.610938 0.64375 0.610938
0 0.625781 0.622917 0.64375 0.622917 0.64375 0.646875 0.625781 0.646875
0 0.608594 0.651562 0.631641 0.651562 0.631641 0.669271 0.608594 0.669271
0 0.610547 0.685938 0.634375 0.685938 0.634375 0.704688 0.610547 0.704688
0 0.683594 0.608333 0.701172 0.608333 0.701172 0.6375 0.683594 0.6375
0 0.704688 0.620312 0.721875 0.620312 0.721875 0.647917 0.704688 0.647917
0 0.725781 0.648438 0.742578 0.648438 0.742578 0.677083 0.725781 0.677083
0 0.742578 0.663542 0.760547 0.663542 0.760547 0.688542 0.742578 0.688542
0 0.762109 0.626562 0.778125 0.626562 0.778125 0.651042 0.762109 0.651042
0 0.769531 0.594271 0.789062 0.594271 0.789062 0.614583 0.769531 0.614583
0 0.813672 0.6 0.828125 0.6 0.828125 0.628125 0.813672 0.628125
0 0.775 0.655208 0.793359 0.655208 0.793359 0.676562 0.775 0.676562
0 0.815234 0.665625 0.83125 0.665625 0.83125 0.695312 0.815234 0.695312
0 0.878125 0.636979 0.896094 0.636979 0.896094 0.665625 0.878125 0.665625
0 0.905859 0.601042 0.926562 0.601042 0.926562 0.626042 0.905859 0.626042
0 0.967969 0.622396 0.985547 0.622396 0.985547 0.644792 0.967969 0.644792
0 0.9125 0.658854 0.937891 0.658854 0.937891 0.678646 0.9125 0.678646
0 0.866016 0.68125 0.888281 0.68125 0.888281 0.699479 0.866016 0.699479
0 0.894531 0.707812 0.910156 0.707812 0.910156 0.735938 0.894531 0.735938
0 0.861719 0.713542 0.882422 0.713542 0.882422 0.739583 0.861719 0.739583
0 0.860938 0.746875 0.880078 0.746875 0.880078 0.763021 0.860938 0.763021
0 0.826953 0.744271 0.848047 0.744271 0.848047 0.765104 0.826953 0.765104
0 0.757812 0.778646 0.774609 0.778646 0.774609 0.805208 0.757812 0.805208
0 0.815625 0.795312 0.836719 0.795312 0.836719 0.816667 0.815625 0.816667
0 0.922266 0.716146 0.940625 0.716146 0.940625 0.738021 0.922266 0.738021
0 0.973438 0.724479 0.992969 0.724479 0.992969 0.753125 0.973438 0.753125
0 0.949219 0.75625 0.973047 0.75625 0.973047 0.778125 0.949219 0.778125
0 0.921875 0.786979 0.946484 0.786979 0.946484 0.805729 0.921875 0.805729
0 0.904297 0.809375 0.920703 0.809375 0.920703 0.839583 0.904297 0.839583
0 0.848438 0.803646 0.874219 0.803646 0.874219 0.826042 0.848438 0.826042
0 0.797266 0.813542 0.818359 0.813542 0.818359 0.841667 0.797266 0.841667
0 0.780078 0.850521 0.797266 0.850521 0.797266 0.875521 0.780078 0.875521
0 0.803125 0.886458 0.823047 0.886458 0.823047 0.913542 0.803125 0.913542
0 0.8375 0.891667 0.859375 0.891667 0.859375 0.909896 0.8375 0.909896
0 0.862109 0.861458 0.880859 0.861458 0.880859 0.879167 0.862109 0.879167
0 0.929688 0.830208 0.950391 0.830208 0.950391 0.855729 0.929688 0.855729
0 0.884766 0.840625 0.901172 0.840625 0.901172 0.867188 0.884766 0.867188
0 0.947266 0.88125 0.969531 0.88125 0.969531 0.900521 0.947266 0.900521
0 0.899609 0.888542 0.923047 0.888542 0.923047 0.90625 0.899609 0.90625
0 0.939453 0.915625 0.959766 0.915625 0.959766 0.936979 0.939453 0.936979
0 0.974609 0.944271 0.991406 0.944271 0.991406 0.971875 0.974609 0.971875
0 0.942188 0.983854 0.964844 0.983854 0.964844 0.998958 0.942188 0.998958
0 0.914844 0.941667 0.936719 0.941667 0.936719 0.965104 0.914844 0.965104
0 0.821094 0.958854 0.844141 0.958854 0.844141 0.984896 0.821094 0.984896
0 0.85625 0.938021 0.878516 0.938021 0.878516 0.9625 0.85625 0.9625
0 0.816016 0.927604 0.837891 0.927604 0.837891 0.945833 0.816016 0.945833
0 0.794922 0.948438 0.810547 0.948438 0.810547 0.978646 0.794922 0.978646
0 0.770312 0.927083 0.786719 0.927083 0.786719 0.953125 0.770312 0.953125
0 0.763672 0.968229 0.786328 0.968229 0.786328 0.9875 0.763672 0.9875
0 0.740234 0.930729 0.754688 0.930729 0.754688 0.960417 0.740234 0.960417
0 0.741406 0.874479 0.757422 0.874479 0.757422 0.903646 0.741406 0.903646
0 0.721094 0.895833 0.738281 0.895833 0.738281 0.925521 0.721094 0.925521
0 0.719922 0.828646 0.736719 0.828646 0.736719 0.854688 0.719922 0.854688
0 0.692578 0.854688 0.709766 0.854688 0.709766 0.884375 0.692578 0.884375
0 0.682422 0.685417 0.699609 0.685417 0.699609 0.720833 0.682422 0.720833
0 0.685156 0.744271 0.699609 0.744271 0.699609 0.774479 0.685156 0.774479
0 0.651172 0.770833 0.671484 0.770833 0.671484 0.796354 0.651172 0.796354
0 0.683984 0.811979 0.701562 0.811979 0.701562 0.838021 0.683984 0.838021
0 0.64375 0.830208 0.662891 0.830208 0.662891 0.853125 0.64375 0.853125
0 0.649219 0.870833 0.665625 0.870833 0.665625 0.897917 0.649219 0.897917
0 0.677734 0.910938 0.694141 0.910938 0.694141 0.939583 0.677734 0.939583
0 0.691016 0.943229 0.710156 0.943229 0.710156 0.967188 0.691016 0.967188
0 0.657422 0.940104 0.678125 0.940104 0.678125 0.964062 0.657422 0.964062
0 0.629688 0.950521 0.648047 0.950521 0.648047 0.979167 0.629688 0.979167
0 0.586328 0.9625 0.608594 0.9625 0.608594 0.986979 0.586328 0.986979
0 0.533594 0.956771 0.555078 0.956771 0.555078 0.975521 0.533594 0.975521
0 0.574609 0.889583 0.600781 0.889583 0.600781 0.911458 0.574609 0.911458
0 0.606641 0.857292 0.628906 0.857292 0.628906 0.88125 0.606641 0.88125
0 0.610938 0.904167 0.629688 0.904167 0.629688 0.923958 0.610938 0.923958
0 0.569141 0.836458 0.590625 0.836458 0.590625 0.857812 0.569141 0.857812
0 0.609375 0.778646 0.624609 0.778646 0.624609 0.807812 0.609375 0.807812
0 0.574609 0.753646 0.593359 0.753646 0.593359 0.779167 0.574609 0.779167
0 0.559766 0.733333 0.576562 0.733333 0.576562 0.760417 0.559766 0.760417
0 0.599219 0.7125 0.619531 0.7125 0.619531 0.740104 0.599219 0.740104
0 0.291016 0.152083 0.3125 0.152083 0.3125 0.173958 0.291016 0.173958
0 0.325391 0.159375 0.346094 0.159375 0.346094 0.189062 0.325391 0.189062
0 0.310547 0.203125 0.330859 0.203125 0.330859 0.232812 0.310547 0.232812
0 0.275 0.166667 0.291016 0.166667 0.291016 0.193229 0.275 0.193229
0 0.258984 0.234375 0.273047 0.234375 0.273047 0.260417 0.258984 0.260417
0 0.273828 0.270833 0.300781 0.270833 0.300781 0.297396 0.273828 0.297396
0 0.337109 0.239062 0.35625 0.239062 0.35625 0.26875 0.337109 0.26875
0 0.384766 0.203125 0.404688 0.203125 0.404688 0.227604 0.384766 0.227604
0 0.377344 0.239062 0.402344 0.239062 0.402344 0.259375 0.377344 0.259375
0 0.4125 0.259375 0.428906 0.259375 0.428906 0.289062 0.4125 0.289062
0 0.464844 0.249479 0.489453 0.249479 0.489453 0.271354 0.464844 0.271354
0 0.465234 0.283333 0.481641 0.283333 0.481641 0.310938 0.465234 0.310938
0 0.386719 0.295312 0.403906 0.295312 0.403906 0.322396 0.386719 0.322396
0 0.357422 0.285417 0.373828 0.285417 0.373828 0.319271 0.357422 0.319271
0 0.370703 0.335417 0.385156 0.335417 0.385156 0.365104 0.370703 0.365104
0 0.353906 0.346875 0.369141 0.346875 0.369141 0.370833 0.353906 0.370833
0 0.408203 0.35 0.425781 0.35 0.425781 0.380729 0.408203 0.380729
0 0.437109 0.341667 0.457031 0.341667 0.457031 0.368229 0.437109 0.368229
0 0.471484 0.356771 0.488281 0.356771 0.488281 0.388542 0.471484 0.388542
0 0.493359 0.340625 0.510547 0.340625 0.510547 0.371875 0.493359 0.371875
0 0.500781 0.398958 0.519922 0.398958 0.519922 0.426562 0.500781 0.426562
0 0.439844 0.400521 0.462109 0.400521 0.462109 0.417188 0.439844 0.417188
0 0.396484 0.402083 0.414844 0.402083 0.414844 0.435938 0.396484 0.435938
0 0.460156 0.448958 0.479688 0.448958 0.479688 0.484896 0.460156 0.484896
0 0.432031 0.46875 0.451953 0.46875 0.451953 0.494271 0.432031 0.494271
0 0.541016 0.370312 0.560156 0.370312 0.560156 0.403646 0.541016 0.403646
0 0.522266 0.43125 0.538672 0.43125 0.538672 0.452083 0.522266 0.452083
0 0.527734 0.470833 0.547266 0.470833 0.547266 0.498958 0.527734 0.498958
0 0.501953 0.494271 0.519922 0.494271 0.519922 0.523958 0.501953 0.523958
0 0.514844 0.531771 0.533203 0.531771 0.533203 0.551042 0.514844 0.551042
0 0.541406 0.515104 0.563281 0.515104 0.563281 0.534896 0.541406 0.534896
0 0.558984 0.479167 0.575 0.479167 0.575 0.505729 0.558984 0.505729
0 0.538281 0.555208 0.557422 0.555208 0.557422 0.582292 0.538281 0.582292
0 0.514062 0.572917 0.532031 0.572917 0.532031 0.605729 0.514062 0.605729
0 0.489844 0.578125 0.505469 0.578125 0.505469 0.607812 0.489844 0.607812
0 0.463672 0.569792 0.475391 0.569792 0.475391 0.601042 0.463672 0.601042
0 0.434375 0.590104 0.452344 0.590104 0.452344 0.618229 0.434375 0.618229
0 0.4125 0.496875 0.428125 0.496875 0.428125 0.526042 0.4125 0.526042
0 0.398438 0.536979 0.420703 0.536979 0.420703 0.556771 0.398438 0.556771
0 0.387891 0.480729 0.401562 0.480729 0.401562 0.508854 0.387891 0.508854
0 0.364844 0.495312 0.382812 0.495312 0.382812 0.523438 0.364844 0.523438
0 0.330859 0.467188 0.346484 0.467188 0.346484 0.49375 0.330859 0.49375
0 0.303125 0.495833 0.316016 0.495833 0.316016 0.527604 0.303125 0.527604
0 0.316016 0.559375 0.332812 0.559375 0.332812 0.580208 0.316016 0.580208
0 0.337109 0.547917 0.353906 0.547917 0.353906 0.579688 0.337109 0.579688
0 0.396484 0.608854 0.413672 0.608854 0.413672 0.6375 0.396484 0.6375
0 0.188672 0.235417 0.205859 0.235417 0.205859 0.261458 0.188672 0.261458
0 0.152734 0.265625 0.170312 0.265625 0.170312 0.294792 0.152734 0.294792
0 0.215234 0.281771 0.231641 0.281771 0.231641 0.3125 0.215234 0.3125
0 0.170703 0.302083 0.185547 0.302083 0.185547 0.329688 0.170703 0.329688
0 0.185547 0.288021 0.205859 0.288021 0.205859 0.308854 0.185547 0.308854
0 0.190234 0.317188 0.210547 0.317188 0.210547 0.333854 0.190234 0.333854
0 0.236719 0.344792 0.255078 0.344792 0.255078 0.371354 0.236719 0.371354
0 0.259375 0.329688 0.282031 0.329688 0.282031 0.358333 0.259375 0.358333
0 0.294141 0.342708 0.314453 0.342708 0.314453 0.367708 0.294141 0.367708
0 0.334375 0.378125 0.349609 0.378125 0.349609 0.402083 0.334375 0.402083
0 0.280469 0.40625 0.295312 0.40625 0.295312 0.432292 0.280469 0.432292
0 0.303125 0.438542 0.319922 0.438542 0.319922 0.45625 0.303125 0.45625
0 0.248047 0.395312 0.260938 0.395312 0.260938 0.422917 0.248047 0.422917
0 0.221875 0.385938 0.238672 0.385938 0.238672 0.402083 0.221875 0.402083
0 0.185156 0.3625 0.203516 0.3625 0.203516 0.384375 0.185156 0.384375
0 0.126562 0.403646 0.144141 0.403646 0.144141 0.428646 0.126562 0.428646
0 0.153125 0.421875 0.170312 0.421875 0.170312 0.451042 0.153125 0.451042
0 0.184766 0.410417 0.199219 0.410417 0.199219 0.434896 0.184766 0.434896
0 0.213281 0.420833 0.228906 0.420833 0.228906 0.451562 0.213281 0.451562
0 0.233203 0.470833 0.251172 0.470833 0.251172 0.495312 0.233203 0.495312
0 0.263281 0.429167 0.280469 0.429167 0.280469 0.453125 0.263281 0.453125
0 0.264844 0.465104 0.28125 0.465104 0.28125 0.491667 0.264844 0.491667
0 0.189844 0.472396 0.207812 0.472396 0.207812 0.5 0.189844 0.5
0 0.116016 0.447917 0.130469 0.447917 0.130469 0.478125 0.116016 0.478125
0 0.126953 0.500521 0.139062 0.500521 0.139062 0.525521 0.126953 0.525521
0 0.191406 0.516667 0.206641 0.516667 0.206641 0.542188 0.191406 0.542188
0 0.221484 0.538021 0.238281 0.538021 0.238281 0.555208 0.221484 0.555208
0 0.097266 0.516146 0.110156 0.516146 0.110156 0.543229 0.097266 0.543229
0 0.175391 0.553125 0.189062 0.553125 0.189062 0.579688 0.175391 0.579688
0 0.150781 0.546354 0.164062 0.546354 0.164062 0.575 0.150781 0.575
0 0.122266 0.564583 0.138281 0.564583 0.138281 0.59375 0.122266 0.59375
0 0.093359 0.569792 0.107812 0.569792 0.107812 0.598958 0.093359 0.598958
0 0.041016 0.564062 0.054688 0.564062 0.054688 0.594271 0.041016 0.594271
0 0.063672 0.59375 0.081641 0.59375 0.081641 0.622396 0.063672 0.622396
0 0.054688 0.648438 0.074219 0.648438 0.074219 0.675 0.054688 0.675
0 0.103516 0.655208 0.117969 0.655208 0.117969 0.681771 0.103516 0.681771
0 0.135156 0.628646 0.150781 0.628646 0.150781 0.658333 0.135156 0.658333
0 0.157812 0.651042 0.170703 0.651042 0.170703 0.675521 0.157812 0.675521
0 0.175 0.595312 0.190625 0.595312 0.190625 0.61875 0.175 0.61875
0 0.195703 0.631771 0.216016 0.631771 0.216016 0.656771 0.195703 0.656771
0 0.227344 0.591667 0.247656 0.591667 0.247656 0.615104 0.227344 0.615104
0 0.258984 0.559896 0.275 0.559896 0.275 0.592708 0.258984 0.592708
0 0.298438 0.614583 0.31875 0.614583 0.31875 0.638542 0.298438 0.638542
0 0.362891 0.589062 0.379688 0.589062 0.379688 0.613021 0.362891 0.613021
0 0.2375 0.64375 0.262109 0.64375 0.262109 0.670312 0.2375 0.670312
0 0.279297 0.645312 0.299609 0.645312 0.299609 0.669271 0.279297 0.669271
0 0.303125 0.683333 0.321094 0.683333 0.321094 0.718229 0.303125 0.718229
0 0.352344 0.708854 0.367969 0.708854 0.367969 0.735938 0.352344 0.735938
0 0.386719 0.703125 0.404688 0.703125 0.404688 0.733854 0.386719 0.733854
0 0.402734 0.650521 0.421875 0.650521 0.421875 0.668229 0.402734 0.668229
0 0.432031 0.668229 0.45 0.668229 0.45 0.698438 0.432031 0.698438
0 0.4375 0.723958 0.453516 0.723958 0.453516 0.754688 0.4375 0.754688
0 0.270312 0.703646 0.289844 0.703646 0.289844 0.732292 0.270312 0.732292
0 0.237891 0.683854 0.253516 0.683854 0.253516 0.705729 0.237891 0.705729
0 0.208203 0.671875 0.227734 0.671875 0.227734 0.697396 0.208203 0.697396
0 0.173047 0.698958 0.192188 0.698958 0.192188 0.723958 0.173047 0.723958
0 0.210156 0.715625 0.226953 0.715625 0.226953 0.740104 0.210156 0.740104
0 0.248438 0.727604 0.266406 0.727604 0.266406 0.751562 0.248438 0.751562
0 0.461719 0.623958 0.480859 0.623958 0.480859 0.656771 0.461719 0.656771
0 0.502734 0.692708 0.519531 0.692708 0.519531 0.721354 0.502734 0.721354
0 0.471094 0.708333 0.489844 0.708333 0.489844 0.733333 0.471094 0.733333
0 0.480859 0.760938 0.497656 0.760938 0.497656 0.788021 0.480859 0.788021
0 0.458984 0.785938 0.476562 0.785938 0.476562 0.811979 0.458984 0.811979
0 0.410547 0.767188 0.436719 0.767188 0.436719 0.786458 0.410547 0.786458
0 0.378516 0.749479 0.397266 0.749479 0.397266 0.768229 0.378516 0.768229
0 0.332812 0.747396 0.348438 0.747396 0.348438 0.772396 0.332812 0.772396
0 0.283984 0.766667 0.300391 0.766667 0.300391 0.795312 0.283984 0.795312
0 0.236719 0.76875 0.258594 0.76875 0.258594 0.790104 0.236719 0.790104
0 0.189453 0.759375 0.204297 0.759375 0.204297 0.774479 0.189453 0.774479
0 0.119141 0.739583 0.138672 0.739583 0.138672 0.778125 0.119141 0.778125
0 0.083984 0.882812 0.104297 0.882812 0.104297 0.917708 0.083984 0.917708
0 0.133984 0.902083 0.153516 0.902083 0.153516 0.919792 0.133984 0.919792
0 0.126562 0.924479 0.149219 0.924479 0.149219 0.945833 0.126562 0.945833
0 0.174219 0.94375 0.194922 0.94375 0.194922 0.967188 0.174219 0.967188
0 0.140625 0.960417 0.155859 0.960417 0.155859 0.984896 0.140625 0.984896
0 0.178906 0.978125 0.200391 0.978125 0.200391 0.998958 0.178906 0.998958
0 0.210156 0.945312 0.229297 0.945312 0.229297 0.973958 0.210156 0.973958
0 0.233984 0.93125 0.256641 0.93125 0.256641 0.954167 0.233984 0.954167
0 0.094141 0.942188 0.107812 0.942188 0.107812 0.969271 0.094141 0.969271
0 0.064062 0.928125 0.082422 0.928125 0.082422 0.9625 0.064062 0.9625
0 0.055469 0.888021 0.073438 0.888021 0.073438 0.915625 0.055469 0.915625
0 0.001172 0.885417 0.015234 0.885417 0.015234 0.908854 0.001172 0.908854
0 0.020703 0.936979 0.038672 0.936979 0.038672 0.967708 0.020703 0.967708
0 0.0 0.956771 0.01875 0.956771 0.01875 0.983333 0.0 0.983333
0 0.176562 0.814583 0.196094 0.814583 0.196094 0.835417 0.176562 0.835417
0 0.210156 0.818229 0.230859 0.818229 0.230859 0.835417 0.210156 0.835417
0 0.244141 0.817708 0.263281 0.817708 0.263281 0.838021 0.244141 0.838021
0 0.272656 0.836458 0.286719 0.836458 0.286719 0.863021 0.272656 0.863021
0 0.225391 0.850521 0.246094 0.850521 0.246094 0.869792 0.225391 0.869792
0 0.213281 0.865625 0.233203 0.865625 0.233203 0.884896 0.213281 0.884896
0 0.35625 0.919271 0.374219 0.919271 0.374219 0.950521 0.35625 0.950521
0 0.384375 0.894792 0.407031 0.894792 0.407031 0.919792 0.384375 0.919792
0 0.393359 0.861979 0.413281 0.861979 0.413281 0.884896 0.393359 0.884896
0 0.366406 0.840625 0.385156 0.840625 0.385156 0.861979 0.366406 0.861979
0 0.374609 0.802083 0.392578 0.802083 0.392578 0.832812 0.374609 0.832812
0 0.403906 0.819271 0.424609 0.819271 0.424609 0.85 0.403906 0.85
0 0.427344 0.816146 0.44375 0.816146 0.44375 0.845833 0.427344 0.845833
0 0.448047 0.846875 0.467188 0.846875 0.467188 0.866146 0.448047 0.866146
0 0.481641 0.838021 0.498828 0.838021 0.498828 0.869271 0.481641 0.869271
0 0.451562 0.896875 0.473438 0.896875 0.473438 0.920833 0.451562 0.920833
0 0.427734 0.930208 0.450391 0.930208 0.450391 0.952083 0.427734 0.952083
0 0.343359 0.848438 0.359375 0.848438 0.359375 0.875521 0.343359 0.875521