0 0.43125 0.419792 0.462109 0.419792 0.462109 0.458333 0.43125 0.458333
0 0.476953 0.435417 0.500781 0.435417 0.500781 0.460938 0.476953 0.460938
0 0.524609 0.423438 0.542188 0.423438 0.542188 0.448438 0.524609 0.448438
0 0.524609 0.463542 0.544531 0.463542 0.544531 0.493229 0.524609 0.493229
0 0.554688 0.440625 0.585156 0.440625 0.585156 0.459896 0.554688 0.459896
0 0.588672 0.472396 0.6125 0.472396 0.6125 0.492188 0.588672 0.492188
0 0.560938 0.478125 0.579297 0.478125 0.579297 0.499479 0.560938 0.499479
0 0.525 0.525521 0.544922 0.525521 0.544922 0.548438 0.525 0.548438
0 0.467188 0.4875 0.485938 0.4875 0.485938 0.508854 0.467188 0.508854
0 0.451562 0.480208 0.469531 0.480208 0.469531 0.50625 0.451562 0.50625
0 0.439844 0.524479 0.456641 0.524479 0.456641 0.551042 0.439844 0.551042
0 0.556641 0.383333 0.583984 0.383333 0.583984 0.419792 0.556641 0.419792
0 0.600391 0.399479 0.617188 0.399479 0.617188 0.422917 0.600391 0.422917
0 0.614844 0.419271 0.632812 0.419271 0.632812 0.45 0.614844 0.45
0 0.636328 0.459896 0.655078 0.459896 0.655078 0.480208 0.636328 0.480208
0 0.619531 0.494792 0.638672 0.494792 0.638672 0.513542 0.619531 0.513542
0 0.596484 0.510938 0.616406 0.510938 0.616406 0.534375 0.596484 0.534375
0 0.598047 0.546875 0.617969 0.546875 0.617969 0.575521 0.598047 0.575521
0 0.587109 0.598438 0.608594 0.598438 0.608594 0.619271 0.587109 0.619271
0 0.577344 0.577083 0.598828 0.577083 0.598828 0.593229 0.577344 0.593229
0 0.566016 0.528646 0.590234 0.528646 0.590234 0.544271 0.566016 0.544271
0 0.567578 0.554167 0.592578 0.554167 0.592578 0.572917 0.567578 0.572917
0 0.637891 0.559375 0.659766 0.559375 0.659766 0.583854 0.637891 0.583854
0 0.629688 0.611458 0.653906 0.611458 0.653906 0.634896 0.629688 0.634896
0 0.650391 0.3875 0.667578 0.3875 0.667578 0.419792 0.650391 0.419792
0 0.658203 0.460417 0.676172 0.460417 0.676172 0.492708 0.658203 0.492708
0 0.601172 0.359896 0.625391 0.359896 0.625391 0.383854 0.601172 0.383854
0 0.572656 0.353646 0.597266 0.353646 0.597266 0.373958 0.572656 0.373958
0 0.575781 0.314062 0.600391 0.314062 0.600391 0.342708 0.575781 0.342708
0 0.545703 0.321354 0.562891 0.321354 0.562891 0.348438 0.545703 0.348438
0 0.521484 0.301042 0.541016 0.301042 0.541016 0.328125 0.521484 0.328125
0 0.507812 0.278125 0.528516 0.278125 0.528516 0.29375 0.507812 0.29375
0 0.476953 0.273438 0.498828 0.273438 0.498828 0.303646 0.476953 0.303646
0 0.459766 0.247917 0.477734 0.247917 0.477734 0.275521 0.459766 0.275521
0 0.478906 0.330208 0.497656 0.330208 0.497656 0.356771 0.478906 0.356771
0 0.504297 0.370312 0.530469 0.370312 0.530469 0.395833 0.504297 0.395833
0 0.469922 0.38125 0.491797 0.38125 0.491797 0.406771 0.469922 0.406771
0 0.474219 0.4125 0.494922 0.4125 0.494922 0.43125 0.474219 0.43125
0 0.44375 0.373438 0.465234 0.373438 0.465234 0.4 0.44375 0.4
0 0.435547 0.329167 0.457422 0.329167 0.457422 0.350521 0.435547 0.350521
0 0.422656 0.293229 0.442578 0.293229 0.442578 0.321875 0.422656 0.321875
0 0.395703 0.313021 0.419141 0.313021 0.419141 0.334896 0.395703 0.334896
0 0.378125 0.273438 0.398828 0.273438 0.398828 0.300521 0.378125 0.300521
0 0.354688 0.326562 0.374609 0.326562 0.374609 0.354688 0.354688 0.354688
0 0.4125 0.373438 0.428906 0.373438 0.428906 0.405729 0.4125 0.405729
0 0.360938 0.375521 0.384375 0.375521 0.384375 0.403125 0.360938 0.403125
0 0.34375 0.415625 0.365625 0.415625 0.365625 0.435417 0.34375 0.435417
0 0.357812 0.438021 0.378516 0.438021 0.378516 0.459375 0.357812 0.459375
0 0.386328 0.472917 0.412891 0.472917 0.412891 0.495833 0.386328 0.495833
0 0.388672 0.502083 0.404297 0.502083 0.404297 0.529688 0.388672 0.529688
0 0.397266 0.536458 0.419531 0.536458 0.419531 0.555729 0.397266 0.555729
0 0.361719 0.540625 0.378125 0.540625 0.378125 0.566146 0.361719 0.566146
0 0.311328 0.546875 0.332812 0.546875 0.332812 0.569271 0.311328 0.569271
0 0.301953 0.492708 0.325 0.492708 0.325 0.514583 0.301953 0.514583
0 0.327734 0.472917 0.347266 0.472917 0.347266 0.496875 0.327734 0.496875
0 0.313672 0.440104 0.334766 0.440104 0.334766 0.460417 0.313672 0.460417
0 0.294531 0.400521 0.315625 0.400521 0.315625 0.421875 0.294531 0.421875
0 0.24375 0.399479 0.270312 0.399479 0.270312 0.433854 0.24375 0.433854
0 0.264453 0.4375 0.285547 0.4375 0.285547 0.4625 0.264453 0.4625
0 0.269531 0.465625 0.299219 0.465625 0.299219 0.496354 0.269531 0.496354
0 0.257422 0.506771 0.278125 0.506771 0.278125 0.539583 0.257422 0.539583
0 0.21875 0.465625 0.241406 0.465625 0.241406 0.493229 0.21875 0.493229
0 0.2125 0.503646 0.236719 0.503646 0.236719 0.532292 0.2125 0.532292
0 0.209766 0.525521 0.232422 0.525521 0.232422 0.549479 0.209766 0.549479
0 0.178516 0.519792 0.200781 0.519792 0.200781 0.551562 0.178516 0.551562
0 0.205859 0.413542 0.226562 0.413542 0.226562 0.448438 0.205859 0.448438
0 0.202734 0.378125 0.222656 0.378125 0.222656 0.404688 0.202734 0.404688
0 0.152734 0.368229 0.178906 0.368229 0.178906 0.388542 0.152734 0.388542
0 0.146094 0.401562 0.171094 0.401562 0.171094 0.429688 0.146094 0.429688
0 0.171094 0.448438 0.198828 0.448438 0.198828 0.468229 0.171094 0.468229
0 0.155859 0.477604 0.183594 0.477604 0.183594 0.501042 0.155859 0.501042
0 0.153125 0.506771 0.169531 0.506771 0.169531 0.538542 0.153125 0.538542
0 0.113281 0.438542 0.139062 0.438542 0.139062 0.457292 0.113281 0.457292
0 0.119922 0.45625 0.137109 0.45625 0.137109 0.473438 0.119922 0.473438
0 0.113281 0.388542 0.133984 0.388542 0.133984 0.422917 0.113281 0.422917
0 0.087891 0.369792 0.116016 0.369792 0.116016 0.39375 0.087891 0.39375
0 0.091016 0.410938 0.116797 0.410938 0.116797 0.433854 0.091016 0.433854
0 0.111328 0.339583 0.139062 0.339583 0.139062 0.360938 0.111328 0.360938
0 0.1 0.35 0.127734 0.35 0.127734 0.371354 0.1 0.371354
0 0.152734 0.341667 0.184766 0.341667 0.184766 0.361979 0.152734 0.361979
0 0.241797 0.354167 0.278125 0.354167 0.278125 0.379167 0.241797 0.379167
0 0.307422 0.321875 0.332422 0.321875 0.332422 0.358854 0.307422 0.358854
0 0.076953 0.979167 0.096484 0.979167 0.096484 0.999479 0.076953 0.999479
0 0.131641 0.948958 0.150391 0.948958 0.150391 0.985938 0.131641 0.985938
0 0.158594 0.96875 0.178906 0.96875 0.178906 0.998438 0.158594 0.998438
0 0.100781 0.942708 0.116797 0.942708 0.116797 0.970312 0.100781 0.970312
0 0.076562 0.929167 0.09375 0.929167 0.09375 0.958854 0.076562 0.958854
0 0.035156 0.919792 0.059375 0.919792 0.059375 0.952604 0.035156 0.952604
0 0.009375 0.932292 0.03125 0.932292 0.03125 0.95625 0.009375 0.95625
0 0.009766 0.861458 0.028125 0.861458 0.028125 0.891667 0.009766 0.891667
0 0.032422 0.865104 0.052734 0.865104 0.052734 0.893229 0.032422 0.893229
0 0.057812 0.882292 0.077734 0.882292 0.077734 0.910417 0.057812 0.910417
0 0.108594 0.900521 0.123828 0.900521 0.123828 0.921354 0.108594 0.921354
0 0.073828 0.863021 0.101562 0.863021 0.101562 0.895312 0.073828 0.895312
0 0.050781 0.821354 0.070703 0.821354 0.070703 0.853125 0.050781 0.853125
0 0.033203 0.828646 0.053906 0.828646 0.053906 0.85 0.033203 0.85
0 0.01875 0.811979 0.044141 0.811979 0.044141 0.839583 0.01875 0.839583
0 0.0375 0.768229 0.05625 0.768229 0.05625 0.794792 0.0375 0.794792
0 0.017578 0.705208 0.035156 0.705208 0.035156 0.731771 0.017578 0.731771
0 0.000391 0.703646 0.022656 0.703646 0.022656 0.726562 0.000391 0.726562
0 0.046094 0.735938 0.072656 0.735938 0.072656 0.767708 0.046094 0.767708
0 0.053906 0.691146 0.082031 0.691146 0.082031 0.7125 0.053906 0.7125
0 0.043359 0.639583 0.060156 0.639583 0.060156 0.672917 0.043359 0.672917
0 0.017188 0.665104 0.026953 0.665104 0.026953 0.684896 0.017188 0.684896
0 0.0 0.658854 0.008594 0.658854 0.008594 0.686979 0.0 0.686979
0 0.13125 0.5375 0.157812 0.5375 0.157812 0.560938 0.13125 0.560938
0 0.151172 0.575 0.177344 0.575 0.177344 0.597917 0.151172 0.597917
0 0.182031 0.574479 0.201953 0.574479 0.201953 0.601562 0.182031 0.601562
0 0.207031 0.565625 0.220703 0.565625 0.220703 0.596875 0.207031 0.596875
0 0.230469 0.581771 0.25625 0.581771 0.25625 0.609375 0.230469 0.609375
0 0.266406 0.609896 0.289453 0.609896 0.289453 0.632812 0.266406 0.632812
0 0.291797 0.579688 0.316406 0.579688 0.316406 0.604688 0.291797 0.604688
0 0.339844 0.576562 0.355859 0.576562 0.355859 0.602083 0.339844 0.602083
0 0.262891 0.639583 0.282031 0.639583 0.282031 0.666146 0.262891 0.666146
0 0.224609 0.661458 0.250781 0.661458 0.250781 0.684896 0.224609 0.684896
0 0.180469 0.665104 0.204688 0.665104 0.204688 0.689583 0.180469 0.689583
0 0.217578 0.688542 0.241406 0.688542 0.241406 0.70625 0.217578 0.70625
0 0.221875 0.736979 0.244141 0.736979 0.244141 0.759896 0.221875 0.759896
0 0.192578 0.746354 0.214062 0.746354 0.214062 0.769271 0.192578 0.769271
0 0.259375 0.720833 0.284375 0.720833 0.284375 0.741667 0.259375 0.741667
0 0.308984 0.723958 0.328906 0.723958 0.328906 0.757812 0.308984 0.757812
0 0.447266 0.667188 0.470703 0.667188 0.470703 0.701562 0.447266 0.701562
0 0.469531 0.635938 0.494531 0.635938 0.494531 0.660417 0.469531 0.660417
0 0.4875 0.68125 0.502344 0.68125 0.502344 0.713021 0.4875 0.713021
0 0.511328 0.690104 0.532812 0.690104 0.532812 0.707812 0.511328 0.707812
0 0.538672 0.710938 0.563672 0.710938 0.563672 0.735938 0.538672 0.735938
0 0.522266 0.738542 0.544531 0.738542 0.544531 0.765104 0.522266 0.765104
0 0.480078 0.730208 0.501562 0.730208 0.501562 0.759896 0.480078 0.759896
0 0.448047 0.745312 0.470703 0.745312 0.470703 0.776562 0.448047 0.776562
0 0.483984 0.772396 0.498047 0.772396 0.498047 0.804167 0.483984 0.804167
0 0.343359 0.980729 0.367578 0.980729 0.367578 0.999479 0.343359 0.999479
0 0.365625 0.965104 0.382812 0.965104 0.382812 0.992708 0.365625 0.992708
0 0.3625 0.941667 0.385156 0.941667 0.385156 0.964583 0.3625 0.964583
0 0.355078 0.915625 0.378125 0.915625 0.378125 0.942188 0.355078 0.942188
0 0.355859 0.881771 0.381641 0.881771 0.381641 0.902083 0.355859 0.902083
0 0.321875 0.889062 0.340234 0.889062 0.340234 0.917708 0.321875 0.917708
0 0.317969 0.839583 0.343359 0.839583 0.343359 0.856771 0.317969 0.856771
0 0.29375 0.853125 0.308594 0.853125 0.308594 0.883333 0.29375 0.883333
0 0.271094 0.901042 0.296484 0.901042 0.296484 0.921875 0.271094 0.921875
0 0.303516 0.948958 0.323438 0.948958 0.323438 0.977083 0.303516 0.977083
0 0.323438 0.958333 0.339062 0.958333 0.339062 0.979688 0.323438 0.979688
0 0.314453 0.976562 0.338672 0.976562 0.338672 0.995312 0.314453 0.995312
0 0.280469 0.947396 0.299609 0.947396 0.299609 0.977604 0.280469 0.977604
0 0.252344 0.955729 0.272656 0.955729 0.272656 0.983333 0.252344 0.983333
0 0.238281 0.916146 0.264453 0.916146 0.264453 0.935417 0.238281 0.935417
0 0.212891 0.936979 0.236719 0.936979 0.236719 0.961979 0.212891 0.961979
0 0.287109 0.976562 0.316406 0.976562 0.316406 0.996875 0.287109 0.996875
0 0.264453 0.976042 0.277344 0.976042 0.277344 0.999479 0.264453 0.999479
0 0.230859 0.853646 0.254688 0.853646 0.254688 0.873958 0.230859 0.873958
0 0.200391 0.834375 0.222656 0.834375 0.222656 0.855729 0.200391 0.855729
0 0.183984 0.798438 0.205078 0.798438 0.205078 0.817708 0.183984 0.817708
0 0.233594 0.775521 0.260547 0.775521 0.260547 0.801042 0.233594 0.801042
0 0.267188 0.789062 0.285156 0.789062 0.285156 0.811979 0.267188 0.811979
0 0.292578 0.800521 0.313281 0.800521 0.313281 0.825521 0.292578 0.825521
0 0.245703 0.814583 0.266016 0.814583 0.266016 0.840625 0.245703 0.840625
0 0.271094 0.823438 0.289062 0.823438 0.289062 0.851562 0.271094 0.851562
0 0.249609 0.882812 0.267969 0.882812 0.267969 0.901562 0.249609 0.901562
0 0.321484 0.779688 0.342578 0.779688 0.342578 0.794271 0.321484 0.794271
0 0.339062 0.771875 0.352734 0.771875 0.352734 0.802604 0.339062 0.802604
0 0.354688 0.776562 0.373438 0.776562 0.373438 0.799479 0.354688 0.799479
0 0.298047 0.702604 0.336719 0.702604 0.336719 0.721875 0.298047 0.721875
0 0.265234 0.703646 0.2875 0.703646 0.2875 0.726042 0.265234 0.726042
0 0.345703 0.711979 0.369922 0.711979 0.369922 0.742188 0.345703 0.742188
0 0.3375 0.746354 0.357812 0.746354 0.357812 0.766146 0.3375 0.766146
0 0.405078 0.755729 0.421875 0.755729 0.421875 0.784375 0.405078 0.784375
0 0.419141 0.84375 0.438281 0.84375 0.438281 0.882812 0.419141 0.882812
0 0.460547 0.881771 0.483203 0.881771 0.483203 0.897917 0.460547 0.897917
0 0.378125 0.813021 0.404297 0.813021 0.404297 0.833854 0.378125 0.833854
0 0.462891 0.84375 0.491016 0.84375 0.491016 0.866667 0.462891 0.866667
0 0.520312 0.857812 0.560547 0.857812 0.560547 0.8875 0.520312 0.8875
0 0.544141 0.884375 0.575781 0.884375 0.575781 0.913542 0.544141 0.913542
0 0.502734 0.886979 0.532812 0.886979 0.532812 0.920312 0.502734 0.920312
0 0.467188 0.931771 0.505859 0.931771 0.505859 0.957812 0.467188 0.957812
0 0.494922 0.972396 0.522266 0.972396 0.522266 0.999479 0.494922 0.999479
0 0.473438 0.914062 0.492188 0.914062 0.492188 0.930729 0.473438 0.930729
0 0.414844 0.966667 0.428125 0.966667 0.428125 0.990104 0.414844 0.990104
0 0.501172 0.826042 0.527734 0.826042 0.527734 0.855208 0.501172 0.855208
0 0.496875 0.846875 0.519141 0.846875 0.519141 0.872917 0.496875 0.872917
0 0.447656 0.808854 0.4625 0.808854 0.4625 0.83125 0.447656 0.83125
0 0.541016 0.7875 0.565625 0.7875 0.565625 0.809896 0.541016 0.809896
0 0.569531 0.827083 0.591016 0.827083 0.591016 0.850521 0.569531 0.850521
0 0.60625 0.853125 0.630859 0.853125 0.630859 0.882292 0.60625 0.882292
0 0.575781 0.877083 0.596875 0.877083 0.596875 0.904688 0.575781 0.904688
0 0.568359 0.757292 0.597656 0.757292 0.597656 0.778646 0.568359 0.778646
0 0.581641 0.797917 0.600391 0.797917 0.600391 0.831771 0.581641 0.831771
0 0.596484 0.784896 0.611719 0.784896 0.611719 0.813542 0.596484 0.813542
0 0.676172 0.721875 0.698828 0.721875 0.698828 0.752604 0.676172 0.752604
0 0.662891 0.776042 0.68125 0.776042 0.68125 0.798438 0.662891 0.798438
0 0.635547 0.778125 0.651953 0.778125 0.651953 0.801042 0.635547 0.801042
0 0.626172 0.746875 0.637891 0.746875 0.637891 0.775521 0.626172 0.775521
0 0.641016 0.75 0.655859 0.75 0.655859 0.777083 0.641016 0.777083
0 0.6 0.720833 0.622656 0.720833 0.622656 0.748958 0.6 0.748958
0 0.586328 0.683333 0.609766 0.683333 0.609766 0.708333 0.586328 0.708333
0 0.626953 0.6875 0.650391 0.6875 0.650391 0.708854 0.626953 0.708854
0 0.674219 0.670312 0.702734 0.670312 0.702734 0.692188 0.674219 0.692188
0 0.672266 0.639583 0.694531 0.639583 0.694531 0.658333 0.672266 0.658333
0 0.709766 0.638542 0.734766 0.638542 0.734766 0.657812 0.709766 0.657812
0 0.582812 0.6375 0.608203 0.6375 0.608203 0.659896 0.582812 0.659896
0 0.969141 0.955208 0.991406 0.955208 0.991406 0.975 0.969141 0.975
0 0.958984 0.911458 0.976172 0.911458 0.976172 0.94375 0.958984 0.94375
0 0.899609 0.907292 0.926172 0.907292 0.926172 0.9375 0.899609 0.9375
0 0.921484 0.890625 0.944141 0.890625 0.944141 0.915104 0.921484 0.915104
0 0.93125 0.84375 0.952344 0.84375 0.952344 0.879688 0.93125 0.879688
0 0.957031 0.854167 0.971094 0.854167 0.971094 0.876562 0.957031 0.876562
0 0.970312 0.859896 0.983203 0.859896 0.983203 0.880208 0.970312 0.880208
0 0.746875 0.498438 0.771094 0.498438 0.771094 0.519792 0.746875 0.519792
0 0.775391 0.591667 0.795312 0.591667 0.795312 0.625 0.775391 0.625
0 0.751172 0.546875 0.769141 0.546875 0.769141 0.577604 0.751172 0.577604
0 0.734766 0.439062 0.755469 0.439062 0.755469 0.469271 0.734766 0.469271
0 0.761328 0.44375 0.792578 0.44375 0.792578 0.470312 0.761328 0.470312
0 0.824609 0.442708 0.851172 0.442708 0.851172 0.481771 0.824609 0.481771
0 0.834766 0.51875 0.863672 0.51875 0.863672 0.544271 0.834766 0.544271
0 0.865234 0.467188 0.8875 0.467188 0.8875 0.494792 0.865234 0.494792
0 0.804688 0.395312 0.831641 0.395312 0.831641 0.421875 0.804688 0.421875
0 0.786328 0.420833 0.813281 0.420833 0.813281 0.461458 0.786328 0.461458
0 0.758594 0.389583 0.785547 0.389583 0.785547 0.406771 0.758594 0.406771
0 0.707031 0.357292 0.736328 0.357292 0.736328 0.384896 0.707031 0.384896
0 0.730859 0.332292 0.755469 0.332292 0.755469 0.363021 0.730859 0.363021
0 0.767578 0.349479 0.789062 0.349479 0.789062 0.378125 0.767578 0.378125
0 0.788281 0.338021 0.808203 0.338021 0.808203 0.36875 0.788281 0.36875
0 0.829688 0.349479 0.863281 0.349479 0.863281 0.373438 0.829688 0.373438
0 0.866016 0.4 0.897266 0.4 0.897266 0.424479 0.866016 0.424479
0 0.910156 0.403646 0.933594 0.403646 0.933594 0.420833 0.910156 0.420833
0 0.847656 0.428646 0.869531 0.428646 0.869531 0.465625 0.847656 0.465625
0 0.866797 0.334375 0.89375 0.334375 0.89375 0.359896 0.866797 0.359896
0 0.891016 0.289062 0.919531 0.289062 0.919531 0.3125 0.891016 0.3125
0 0.952734 0.2625 0.975781 0.2625 0.975781 0.291667 0.952734 0.291667
0 0.927734 0.273438 0.951953 0.273438 0.951953 0.303125 0.927734 0.303125
0 0.888672 0.240625 0.916406 0.240625 0.916406 0.263021 0.888672 0.263021
0 0.822656 0.29375 0.852344 0.29375 0.852344 0.316146 0.822656 0.316146
0 0.750781 0.229167 0.777734 0.229167 0.777734 0.247917 0.750781 0.247917
0 0.799219 0.245312 0.819141 0.245312 0.819141 0.277083 0.799219 0.277083
0 0.813672 0.239062 0.833984 0.239062 0.833984 0.271354 0.813672 0.271354
0 0.730469 0.295833 0.748438 0.295833 0.748438 0.320833 0.730469 0.320833
0 0.755859 0.297396 0.775391 0.297396 0.775391 0.327604 0.755859 0.327604
0 0.696094 0.26875 0.724609 0.26875 0.724609 0.291667 0.696094 0.291667
0 0.696484 0.294792 0.725391 0.294792 0.725391 0.331771 0.696484 0.331771
0 0.702734 0.233333 0.733203 0.233333 0.733203 0.255208 0.702734 0.255208
0 0.759375 0.164062 0.784375 0.164062 0.784375 0.197917 0.759375 0.197917
0 0.742578 0.125521 0.771094 0.125521 0.771094 0.146875 0.742578 0.146875
0 0.723438 0.089062 0.746875 0.089062 0.746875 0.116146 0.723438 0.116146
0 0.694141 0.097917 0.717969 0.097917 0.717969 0.116667 0.694141 0.116667
0 0.977344 0.041667 0.999219 0.041667 0.999219 0.065104 0.977344 0.065104
0 0.95625 0.026042 0.975 0.026042 0.975 0.048438 0.95625 0.048438
0 0.945703 0.002604 0.965625 0.002604 0.965625 0.029688 0.945703 0.029688
0 0.969922 0.002083 0.992188 0.002083 0.992188 0.035938 0.969922 0.035938
0 0.968359 0.086979 0.9875 0.086979 0.9875 0.109896 0.968359 0.109896
0 0.958594 0.10625 0.983203 0.10625 0.983203 0.123438 0.958594 0.123438
0 0.944141 0.124479 0.969531 0.124479 0.969531 0.158333 0.944141 0.158333
0 0.986719 0.149479 0.999609 0.149479 0.999609 0.164062 0.986719 0.164062
0 0.935938 0.168229 0.960547 0.168229 0.960547 0.188542 0.935938 0.188542
0 0.935156 0.211979 0.955859 0.211979 0.955859 0.239062 0.935156 0.239062
0 0.967188 0.207812 0.989453 0.207812 0.989453 0.239062 0.967188 0.239062
0 0.8875 0.209375 0.908984 0.209375 0.908984 0.239062 0.8875 0.239062
0 0.840625 0.229167 0.866016 0.229167 0.866016 0.250521 0.840625 0.250521
0 0.860547 0.271354 0.879297 0.271354 0.879297 0.304688 0.860547 0.304688
0 0.831641 0.200521 0.856641 0.200521 0.856641 0.226562 0.831641 0.226562
0 0.843359 0.178125 0.860938 0.178125 0.860938 0.195833 0.843359 0.195833
0 0.879297 0.154167 0.899609 0.154167 0.899609 0.179167 0.879297 0.179167
0 0.917578 0.129688 0.94375 0.129688 0.94375 0.156771 0.917578 0.156771
0 0.929688 0.094271 0.954688 0.094271 0.954688 0.113542 0.929688 0.113542
0 0.902344 0.045833 0.925781 0.045833 0.925781 0.070312 0.902344 0.070312
0 0.893359 0.00625 0.916406 0.00625 0.916406 0.026042 0.893359 0.026042
0 0.836719 0.057812 0.860547 0.057812 0.860547 0.086458 0.836719 0.086458
0 0.797656 0.093229 0.819531 0.093229 0.819531 0.115104 0.797656 0.115104
0 0.807031 0.16875 0.830078 0.16875 0.830078 0.195312 0.807031 0.195312
0 0.761328 0.090104 0.780859 0.090104 0.780859 0.111458 0.761328 0.111458
0 0.737891 0.061979 0.768359 0.061979 0.768359 0.085938 0.737891 0.085938
0 0.772656 0.054688 0.796484 0.054688 0.796484 0.073958 0.772656 0.073958
0 0.814844 0.0 0.841016 0.0 0.841016 0.023958 0.814844 0.023958
0 0.778125 0.0 0.80625 0.0 0.80625 0.019792 0.778125 0.019792
0 0.004688 0.013542 0.032812 0.013542 0.032812 0.0375 0.004688 0.0375
0 0.033984 0.115104 0.057422 0.115104 0.057422 0.141667 0.033984 0.141667
0 0.021875 0.161458 0.041016 0.161458 0.041016 0.194271 0.021875 0.194271
0 0.0 0.194792 0.016016 0.194792 0.016016 0.227604 0.0 0.227604
0 0.062109 0.183333 0.084375 0.183333 0.084375 0.208854 0.062109 0.208854
0 0.061719 0.125521 0.086719 0.125521 0.086719 0.154688 0.061719 0.154688
0 0.1 0.119792 0.123438 0.119792 0.123438 0.154167 0.1 0.154167
0 0.069531 0.063542 0.091406 0.063542 0.091406 0.098958 0.069531 0.098958
0 0.080469 0.092188 0.112109 0.092188 0.112109 0.119271 0.080469 0.119271
0 0.019531 0.074479 0.041016 0.074479 0.041016 0.097396 0.019531 0.097396
0 0.107422 0.065625 0.132031 0.065625 0.132031 0.095312 0.107422 0.095312
0 0.083594 0.022917 0.101172 0.022917 0.101172 0.05 0.083594 0.05
0 0.132031 0.038542 0.151953 0.038542 0.151953 0.069271 0.132031 0.069271
0 0.154297 0.038542 0.173438 0.038542 0.173438 0.067708 0.154297 0.067708
0 0.054297 0.490104 0.076953 0.490104 0.076953 0.525 0.054297 0.525
0 0.039844 0.502083 0.060547 0.502083 0.060547 0.53125 0.039844 0.53125
0 0.010156 0.394271 0.032812 0.394271 0.032812 0.419792 0.010156 0.419792
0 0.017188 0.425 0.045703 0.425 0.045703 0.450521 0.017188 0.450521
0 0.189453 0.25 0.217188 0.25 0.217188 0.277083 0.189453 0.277083
0 0.216797 0.234375 0.246875 0.234375 0.246875 0.259896 0.216797 0.259896
0 0.258984 0.234375 0.290625 0.234375 0.290625 0.257812 0.258984 0.257812
0 0.290625 0.213542 0.309375 0.213542 0.309375 0.233333 0.290625 0.233333
0 0.261328 0.211979 0.285156 0.211979 0.285156 0.229688 0.261328 0.229688
0 0.2375 0.191667 0.266406 0.191667 0.266406 0.214062 0.2375 0.214062
0 0.209766 0.160417 0.235156 0.160417 0.235156 0.185417 0.209766 0.185417
0 0.248828 0.127083 0.26875 0.127083 0.26875 0.149479 0.248828 0.149479
0 0.25 0.091146 0.273438 0.091146 0.273438 0.114583 0.25 0.114583
0 0.276562 0.119792 0.297266 0.119792 0.297266 0.146354 0.276562 0.146354
0 0.300391 0.180729 0.326172 0.180729 0.326172 0.202083 0.300391 0.202083
0 0.321484 0.197396 0.343359 0.197396 0.343359 0.21875 0.321484 0.21875
0 0.352344 0.260417 0.375 0.260417 0.375 0.275521 0.352344 0.275521
0 0.348438 0.170833 0.373438 0.170833 0.373438 0.193229 0.348438 0.193229
0 0.3125 0.129167 0.33125 0.129167 0.33125 0.155729 0.3125 0.155729
0 0.335156 0.135938 0.357031 0.135938 0.357031 0.165625 0.335156 0.165625
0 0.322656 0.088021 0.348828 0.088021 0.348828 0.114583 0.322656 0.114583
0 0.280859 0.075521 0.297266 0.075521 0.297266 0.104688 0.280859 0.104688
0 0.248828 0.059375 0.277344 0.059375 0.277344 0.082292 0.248828 0.082292
0 0.280469 0.024479 0.300781 0.024479 0.300781 0.053646 0.280469 0.053646
0 0.308203 0.048958 0.333203 0.048958 0.333203 0.077604 0.308203 0.077604
0 0.353906 0.051562 0.373828 0.051562 0.373828 0.089583 0.353906 0.089583
0 0.344531 0.004688 0.361719 0.004688 0.361719 0.0375 0.344531 0.0375
0 0.396094 0.024479 0.415234 0.024479 0.415234 0.05625 0.396094 0.05625
0 0.419922 0.030208 0.445312 0.030208 0.445312 0.055729 0.419922 0.055729
0 0.421094 0.084896 0.445312 0.084896 0.445312 0.117708 0.421094 0.117708
0 0.450781 0.065625 0.471875 0.065625 0.471875 0.088021 0.450781 0.088021
0 0.460938 0.096875 0.486328 0.096875 0.486328 0.116667 0.460938 0.116667
0 0.424219 0.129167 0.452734 0.129167 0.452734 0.158854 0.424219 0.158854
0 0.370312 0.138542 0.389844 0.138542 0.389844 0.161458 0.370312 0.161458
0 0.464453 0.147917 0.490234 0.147917 0.490234 0.173438 0.464453 0.173438
0 0.5125 0.141667 0.539453 0.141667 0.539453 0.165625 0.5125 0.165625
0 0.493359 0.110417 0.512891 0.110417 0.512891 0.140625 0.493359 0.140625
0 0.517578 0.110417 0.539453 0.110417 0.539453 0.136979 0.517578 0.136979
0 0.516016 0.073958 0.546484 0.073958 0.546484 0.096875 0.516016 0.096875
0 0.508984 0.041146 0.536328 0.041146 0.536328 0.060938 0.508984 0.060938
0 0.474219 0.013542 0.497656 0.013542 0.497656 0.038542 0.474219 0.038542
0 0.609375 0.006771 0.630859 0.006771 0.630859 0.038542 0.609375 0.038542
0 0.690625 0.057292 0.717188 0.057292 0.717188 0.081771 0.690625 0.081771
0 0.567969 0.094271 0.589453 0.094271 0.589453 0.130729 0.567969 0.130729
0 0.618359 0.198958 0.644141 0.198958 0.644141 0.227083 0.618359 0.227083
0 0.558594 0.229167 0.586719 0.229167 0.586719 0.256771 0.558594 0.256771
0 0.582812 0.266667 0.610938 0.266667 0.610938 0.292188 0.582812 0.292188
0 0.605078 0.295312 0.630859 0.295312 0.630859 0.320833 0.605078 0.320833
0 0.479688 0.235938 0.507812 0.235938 0.507812 0.267708 0.479688 0.267708
0 0.701172 0.002083 0.735938 0.002083 0.735938 0.030208 0.701172 0.030208