0 0.114062 0.009375 0.128906 0.009375 0.128906 0.038021 0.114062 0.038021
0 0.162891 0.032292 0.175781 0.032292 0.175781 0.060938 0.162891 0.060938
0 0.188672 0.008854 0.211328 0.008854 0.211328 0.029167 0.188672 0.029167
0 0.179688 0.044792 0.201953 0.044792 0.201953 0.070312 0.179688 0.070312
0 0.151172 0.083333 0.172266 0.083333 0.172266 0.10625 0.151172 0.10625
0 0.101562 0.098958 0.120703 0.098958 0.120703 0.128646 0.101562 0.128646
0 0.071484 0.0875 0.083594 0.0875 0.083594 0.114583 0.071484 0.114583
0 0.014453 0.157292 0.035156 0.157292 0.035156 0.177604 0.014453 0.177604
0 0.048828 0.201562 0.061719 0.201562 0.061719 0.23125 0.048828 0.23125
0 0.064844 0.148958 0.077734 0.148958 0.077734 0.174479 0.064844 0.174479
0 0.108203 0.15625 0.121875 0.15625 0.121875 0.188021 0.108203 0.188021
0 0.124219 0.193229 0.141406 0.193229 0.141406 0.218229 0.124219 0.218229
0 0.017578 0.202604 0.033203 0.202604 0.033203 0.236458 0.017578 0.236458
0 0.143359 0.242708 0.160938 0.242708 0.160938 0.264583 0.143359 0.264583
0 0.165625 0.131771 0.185547 0.131771 0.185547 0.158333 0.165625 0.158333
0 0.225781 0.041146 0.24375 0.041146 0.24375 0.071354 0.225781 0.071354
0 0.273047 0.036979 0.299219 0.036979 0.299219 0.058333 0.273047 0.058333
0 0.217969 0.111458 0.233203 0.111458 0.233203 0.139583 0.217969 0.139583
0 0.213281 0.161458 0.230859 0.161458 0.230859 0.196354 0.213281 0.196354
0 0.202344 0.244792 0.225391 0.244792 0.225391 0.265625 0.202344 0.265625
0 0.245312 0.164583 0.262891 0.164583 0.262891 0.190104 0.245312 0.190104
0 0.272656 0.105729 0.289062 0.105729 0.289062 0.133333 0.272656 0.133333
0 0.298438 0.064583 0.323828 0.064583 0.323828 0.088021 0.298438 0.088021
0 0.308203 0.116146 0.333203 0.116146 0.333203 0.1375 0.308203 0.1375
0 0.314453 0.147917 0.336328 0.147917 0.336328 0.164583 0.314453 0.164583
0 0.294922 0.171354 0.311719 0.171354 0.311719 0.186979 0.294922 0.186979
0 0.306641 0.222396 0.321094 0.222396 0.321094 0.250521 0.306641 0.250521
0 0.253516 0.233854 0.267969 0.233854 0.267969 0.260938 0.253516 0.260938
0 0.274219 0.258854 0.287109 0.258854 0.287109 0.288021 0.274219 0.288021
0 0.291016 0.26875 0.308984 0.26875 0.308984 0.29375 0.291016 0.29375
0 0.202734 0.290625 0.219531 0.290625 0.219531 0.321354 0.202734 0.321354
0 0.078125 0.284896 0.092969 0.284896 0.092969 0.313542 0.078125 0.313542
0 0.031641 0.298958 0.052344 0.298958 0.052344 0.329167 0.031641 0.329167
0 0.103906 0.328646 0.119531 0.328646 0.119531 0.363021 0.103906 0.363021
0 0.126562 0.315104 0.139453 0.315104 0.139453 0.342188 0.126562 0.342188
0 0.183984 0.372396 0.196875 0.372396 0.196875 0.399479 0.183984 0.399479
0 0.126562 0.368229 0.14375 0.368229 0.14375 0.402083 0.126562 0.402083
0 0.051953 0.366667 0.065625 0.366667 0.065625 0.386979 0.051953 0.386979
0 0.284375 0.319271 0.308203 0.319271 0.308203 0.340625 0.284375 0.340625
0 0.226562 0.367708 0.240625 0.367708 0.240625 0.396875 0.226562 0.396875
0 0.274609 0.363021 0.291016 0.363021 0.291016 0.386979 0.274609 0.386979
0 0.295703 0.372396 0.311328 0.372396 0.311328 0.402083 0.295703 0.402083
0 0.404297 0.223438 0.425 0.223438 0.425 0.259896 0.404297 0.259896
0 0.392969 0.176562 0.407422 0.176562 0.407422 0.198958 0.392969 0.198958
0 0.429688 0.260938 0.446484 0.260938 0.446484 0.288021 0.429688 0.288021
0 0.459375 0.278646 0.475 0.278646 0.475 0.313021 0.459375 0.313021
0 0.387891 0.308333 0.407031 0.308333 0.407031 0.333854 0.387891 0.333854
0 0.369141 0.26875 0.385547 0.26875 0.385547 0.289583 0.369141 0.289583
0 0.537891 0.025521 0.559766 0.025521 0.559766 0.046875 0.537891 0.046875
0 0.545312 0.073958 0.572266 0.073958 0.572266 0.091146 0.545312 0.091146
0 0.518359 0.081771 0.537109 0.081771 0.537109 0.106771 0.518359 0.106771
0 0.582812 0.010938 0.596094 0.010938 0.596094 0.038542 0.582812 0.038542
0 0.614453 0.041146 0.6375 0.041146 0.6375 0.065625 0.614453 0.065625
0 0.658203 0.060938 0.676953 0.060938 0.676953 0.093229 0.658203 0.093229
0 0.585938 0.109375 0.603516 0.109375 0.603516 0.142708 0.585938 0.142708
0 0.552734 0.118229 0.570312 0.118229 0.570312 0.147396 0.552734 0.147396
0 0.491406 0.013542 0.511328 0.013542 0.511328 0.028646 0.491406 0.028646
0 0.486328 0.058854 0.511719 0.058854 0.511719 0.078125 0.486328 0.078125
0 0.428516 0.154688 0.444922 0.154688 0.444922 0.177604 0.428516 0.177604
0 0.435547 0.222917 0.455469 0.222917 0.455469 0.251042 0.435547 0.251042
0 0.471094 0.35625 0.484766 0.35625 0.484766 0.390625 0.471094 0.390625
0 0.510938 0.343229 0.524609 0.343229 0.524609 0.377083 0.510938 0.377083
0 0.416016 0.295312 0.435156 0.295312 0.435156 0.315104 0.416016 0.315104
0 0.423047 0.332292 0.436719 0.332292 0.436719 0.35625 0.423047 0.35625
0 0.415625 0.372396 0.433594 0.372396 0.433594 0.409896 0.415625 0.409896
0 0.387891 0.357292 0.404297 0.357292 0.404297 0.386979 0.387891 0.386979
0 0.439453 0.399479 0.4625 0.399479 0.4625 0.428646 0.439453 0.428646
0 0.514844 0.404167 0.5375 0.404167 0.5375 0.429167 0.514844 0.429167
0 0.580859 0.407812 0.596484 0.407812 0.596484 0.436979 0.580859 0.436979
0 0.550781 0.421875 0.567188 0.421875 0.567188 0.447396 0.550781 0.447396
0 0.596875 0.230208 0.613672 0.230208 0.613672 0.260938 0.596875 0.260938
0 0.632031 0.244792 0.657812 0.244792 0.657812 0.267708 0.632031 0.267708
0 0.611328 0.278125 0.626562 0.278125 0.626562 0.306771 0.611328 0.306771
0 0.633203 0.290104 0.652344 0.290104 0.652344 0.320312 0.633203 0.320312
0 0.65 0.194271 0.667969 0.194271 0.667969 0.217708 0.65 0.217708
0 0.669922 0.225521 0.691016 0.225521 0.691016 0.246875 0.669922 0.246875
0 0.719141 0.211979 0.743359 0.211979 0.743359 0.230208 0.719141 0.230208
0 0.726562 0.257812 0.740234 0.257812 0.740234 0.2875 0.726562 0.2875
0 0.742969 0.295833 0.760156 0.295833 0.760156 0.326042 0.742969 0.326042
0 0.688281 0.290104 0.701953 0.290104 0.701953 0.321875 0.688281 0.321875
0 0.664453 0.350521 0.686719 0.350521 0.686719 0.373438 0.664453 0.373438
0 0.771094 0.329688 0.785156 0.329688 0.785156 0.358854 0.771094 0.358854
0 0.726953 0.341146 0.745703 0.341146 0.745703 0.367708 0.726953 0.367708
0 0.709766 0.371354 0.729688 0.371354 0.729688 0.392708 0.709766 0.392708
0 0.771094 0.416146 0.796484 0.416146 0.796484 0.438021 0.771094 0.438021
0 0.811719 0.359375 0.826953 0.359375 0.826953 0.383333 0.811719 0.383333
0 0.673047 0.10625 0.695312 0.10625 0.695312 0.129167 0.673047 0.129167
0 0.641797 0.126562 0.659375 0.126562 0.659375 0.161458 0.641797 0.161458
0 0.735547 0.079167 0.750391 0.079167 0.750391 0.100521 0.735547 0.100521
0 0.709375 0.093229 0.719141 0.093229 0.719141 0.118229 0.709375 0.118229
0 0.730859 0.116146 0.749219 0.116146 0.749219 0.133333 0.730859 0.133333
0 0.677734 0.151042 0.697266 0.151042 0.697266 0.16875 0.677734 0.16875
0 0.677734 0.024479 0.696484 0.024479 0.696484 0.048958 0.677734 0.048958
0 0.775 0.031771 0.792969 0.031771 0.792969 0.054167 0.775 0.054167
0 0.785156 0.072917 0.798828 0.072917 0.798828 0.096875 0.785156 0.096875
0 0.817969 0.020833 0.832422 0.020833 0.832422 0.053125 0.817969 0.053125
0 0.7125 0.045833 0.7375 0.045833 0.7375 0.066667 0.7125 0.066667
0 0.829688 0.096354 0.847656 0.096354 0.847656 0.124479 0.829688 0.124479
0 0.814062 0.116667 0.828125 0.116667 0.828125 0.145312 0.814062 0.145312
0 0.855078 0.0375 0.874609 0.0375 0.874609 0.060417 0.855078 0.060417
0 0.933984 0.006771 0.959766 0.006771 0.959766 0.030208 0.933984 0.030208
0 0.883203 0.064062 0.898828 0.064062 0.898828 0.089583 0.883203 0.089583
0 0.877344 0.113542 0.899609 0.113542 0.899609 0.134896 0.877344 0.134896
0 0.894922 0.159896 0.915234 0.159896 0.915234 0.177604 0.894922 0.177604
0 0.852344 0.150521 0.871094 0.150521 0.871094 0.175 0.852344 0.175
0 0.940625 0.184896 0.961328 0.184896 0.961328 0.200521 0.940625 0.200521
0 0.947266 0.09375 0.958984 0.09375 0.958984 0.11875 0.947266 0.11875
0 0.831641 0.207812 0.852344 0.207812 0.852344 0.223958 0.831641 0.223958
0 0.872656 0.222396 0.891016 0.222396 0.891016 0.250521 0.872656 0.250521
0 0.897656 0.205208 0.912109 0.205208 0.912109 0.233854 0.897656 0.233854
0 0.844922 0.240104 0.865625 0.240104 0.865625 0.260417 0.844922 0.260417
0 0.836719 0.266667 0.853906 0.266667 0.853906 0.282812 0.836719 0.282812
0 0.8625 0.272917 0.877734 0.272917 0.877734 0.302083 0.8625 0.302083
0 0.903125 0.255729 0.918359 0.255729 0.918359 0.288021 0.903125 0.288021
0 0.930078 0.266146 0.944141 0.266146 0.944141 0.296875 0.930078 0.296875
0 0.882422 0.290625 0.896484 0.290625 0.896484 0.314583 0.882422 0.314583
0 0.908594 0.344271 0.93125 0.344271 0.93125 0.36875 0.908594 0.36875
0 0.918359 0.3125 0.936719 0.3125 0.936719 0.329688 0.918359 0.329688
0 0.974219 0.327604 0.986719 0.327604 0.986719 0.359375 0.974219 0.359375
0 0.973828 0.265104 0.987891 0.265104 0.987891 0.294792 0.973828 0.294792
0 0.955469 0.38125 0.973438 0.38125 0.973438 0.40625 0.955469 0.40625
0 0.983203 0.375521 0.999609 0.375521 0.999609 0.395312 0.983203 0.395312
0 0.859375 0.400521 0.873828 0.400521 0.873828 0.426042 0.859375 0.426042
0 0.83125 0.416667 0.854688 0.416667 0.854688 0.436979 0.83125 0.436979
0 0.849219 0.450521 0.870312 0.450521 0.870312 0.477083 0.849219 0.477083
0 0.830078 0.488021 0.849219 0.488021 0.849219 0.505208 0.830078 0.505208
0 0.869141 0.510938 0.882812 0.510938 0.882812 0.534375 0.869141 0.534375
0 0.955469 0.519792 0.970312 0.519792 0.970312 0.548958 0.955469 0.548958
0 0.73125 0.449479 0.753125 0.449479 0.753125 0.463021 0.73125 0.463021
0 0.766406 0.475 0.783984 0.475 0.783984 0.506771 0.766406 0.506771
0 0.733594 0.484896 0.754297 0.484896 0.754297 0.5125 0.733594 0.5125
0 0.700781 0.484375 0.716797 0.484375 0.716797 0.510938 0.700781 0.510938
0 0.718359 0.521354 0.733203 0.521354 0.733203 0.551562 0.718359 0.551562
0 0.74375 0.534375 0.765625 0.534375 0.765625 0.559375 0.74375 0.559375
0 0.754297 0.5875 0.768359 0.5875 0.768359 0.616146 0.754297 0.616146
0 0.781641 0.54375 0.798828 0.54375 0.798828 0.569271 0.781641 0.569271
0 0.797266 0.504167 0.813281 0.504167 0.813281 0.51875 0.797266 0.51875
0 0.830469 0.545833 0.852344 0.545833 0.852344 0.563021 0.830469 0.563021
0 0.802344 0.577604 0.821484 0.577604 0.821484 0.602604 0.802344 0.602604
0 0.864453 0.557292 0.884766 0.557292 0.884766 0.583854 0.864453 0.583854
0 0.851953 0.592188 0.867188 0.592188 0.867188 0.616667 0.851953 0.616667
0 0.908203 0.615104 0.926172 0.615104 0.926172 0.642708 0.908203 0.642708
0 0.835547 0.632812 0.854688 0.632812 0.854688 0.651042 0.835547 0.651042
0 0.794531 0.629167 0.812109 0.629167 0.812109 0.647396 0.794531 0.647396
0 0.797656 0.667708 0.820312 0.667708 0.820312 0.69375 0.797656 0.69375
0 0.754297 0.679688 0.771094 0.679688 0.771094 0.699479 0.754297 0.699479
0 0.7625 0.711979 0.785938 0.711979 0.785938 0.732812 0.7625 0.732812
0 0.858203 0.664583 0.874609 0.664583 0.874609 0.697917 0.858203 0.697917
0 0.820312 0.714583 0.840234 0.714583 0.840234 0.738542 0.820312 0.738542
0 0.916406 0.483854 0.942969 0.483854 0.942969 0.507812 0.916406 0.507812
0 0.955859 0.606771 0.971484 0.606771 0.971484 0.632812 0.955859 0.632812
0 0.950391 0.654688 0.966406 0.654688 0.966406 0.677604 0.950391 0.677604
0 0.920312 0.671354 0.934375 0.671354 0.934375 0.692188 0.920312 0.692188
0 0.888281 0.744271 0.9 0.744271 0.9 0.766146 0.888281 0.766146
0 0.884375 0.781771 0.898047 0.781771 0.898047 0.810417 0.884375 0.810417
0 0.832422 0.775521 0.846875 0.775521 0.846875 0.800521 0.832422 0.800521
0 0.771094 0.799479 0.786328 0.799479 0.786328 0.823958 0.771094 0.823958
0 0.860547 0.830208 0.875781 0.830208 0.875781 0.861979 0.860547 0.861979
0 0.921875 0.839583 0.934375 0.839583 0.934375 0.864062 0.921875 0.864062
0 0.971484 0.791667 0.989844 0.791667 0.989844 0.809896 0.971484 0.809896
0 0.972656 0.841146 0.991797 0.841146 0.991797 0.860938 0.972656 0.860938
0 0.486719 0.429167 0.504687 0.429167 0.504687 0.463021 0.486719 0.463021
0 0.522266 0.45 0.539844 0.45 0.539844 0.474479 0.522266 0.474479
0 0.505078 0.479688 0.518359 0.479688 0.518359 0.507292 0.505078 0.507292
0 0.412109 0.473958 0.428906 0.473958 0.428906 0.506771 0.412109 0.506771
0 0.447266 0.445312 0.471094 0.445312 0.471094 0.469792 0.447266 0.469792
0 0.478516 0.513542 0.498047 0.513542 0.498047 0.547396 0.478516 0.547396
0 0.514844 0.543229 0.530859 0.543229 0.530859 0.56875 0.514844 0.56875
0 0.54375 0.536458 0.558594 0.536458 0.558594 0.558333 0.54375 0.558333
0 0.593359 0.584896 0.610547 0.584896 0.610547 0.608854 0.593359 0.608854
0 0.624219 0.607812 0.648047 0.607812 0.648047 0.629167 0.624219 0.629167
0 0.564062 0.595312 0.58125 0.595312 0.58125 0.629688 0.564062 0.629688
0 0.642188 0.660417 0.663672 0.660417 0.663672 0.686979 0.642188 0.686979
0 0.514062 0.621875 0.534766 0.621875 0.534766 0.648958 0.514062 0.648958
0 0.445312 0.568229 0.459375 0.568229 0.459375 0.595312 0.445312 0.595312
0 0.460547 0.616146 0.482031 0.616146 0.482031 0.638542 0.460547 0.638542
0 0.486328 0.653125 0.502344 0.653125 0.502344 0.682812 0.486328 0.682812
0 0.444531 0.66875 0.462109 0.66875 0.462109 0.688021 0.444531 0.688021
0 0.451562 0.699479 0.469922 0.699479 0.469922 0.727083 0.451562 0.727083
0 0.517578 0.692188 0.533594 0.692188 0.533594 0.719792 0.517578 0.719792
0 0.512891 0.735938 0.536328 0.735938 0.536328 0.757292 0.512891 0.757292
0 0.544922 0.703646 0.565234 0.703646 0.565234 0.728125 0.544922 0.728125
0 0.907812 0.911458 0.928516 0.911458 0.928516 0.933333 0.907812 0.933333
0 0.625391 0.829688 0.648047 0.829688 0.648047 0.854167 0.625391 0.854167
0 0.622266 0.739062 0.644531 0.739062 0.644531 0.763542 0.622266 0.763542
0 0.969141 0.8875 0.991406 0.8875 0.991406 0.909896 0.969141 0.909896
0 0.653906 0.894271 0.673828 0.894271 0.673828 0.920833 0.653906 0.920833
0 0.606641 0.865625 0.621875 0.865625 0.621875 0.891667 0.606641 0.891667
0 0.582031 0.9 0.6 0.9 0.6 0.925521 0.582031 0.925521
0 0.569531 0.853125 0.584375 0.853125 0.584375 0.875521 0.569531 0.875521
0 0.558984 0.801042 0.576172 0.801042 0.576172 0.822396 0.558984 0.822396
0 0.539844 0.761979 0.560547 0.761979 0.560547 0.778646 0.539844 0.778646
0 0.515234 0.790104 0.532812 0.790104 0.532812 0.816667 0.515234 0.816667
0 0.475391 0.783333 0.494531 0.783333 0.494531 0.814062 0.475391 0.814062
0 0.483594 0.846354 0.506641 0.846354 0.506641 0.865625 0.483594 0.865625
0 0.53125 0.838542 0.549219 0.838542 0.549219 0.867708 0.53125 0.867708
0 0.549609 0.909375 0.571094 0.909375 0.571094 0.933333 0.549609 0.933333
0 0.486328 0.888542 0.50625 0.888542 0.50625 0.9125 0.486328 0.9125
0 0.450781 0.879167 0.466016 0.879167 0.466016 0.903646 0.450781 0.903646
0 0.519531 0.942708 0.531641 0.942708 0.531641 0.959896 0.519531 0.959896
0 0.595312 0.779688 0.617188 0.779688 0.617188 0.803646 0.595312 0.803646
0 0.615625 0.688021 0.628125 0.688021 0.628125 0.711979 0.615625 0.711979
0 0.002344 0.376562 0.019531 0.376562 0.019531 0.404167 0.002344 0.404167
0 0.045312 0.419792 0.064844 0.419792 0.064844 0.445833 0.045312 0.445833
0 0.0875 0.406771 0.105469 0.406771 0.105469 0.440104 0.0875 0.440104
0 0.132812 0.436458 0.146875 0.436458 0.146875 0.463542 0.132812 0.463542
0 0.171484 0.427604 0.187109 0.427604 0.187109 0.455208 0.171484 0.455208
0 0.212109 0.410417 0.232031 0.410417 0.232031 0.433333 0.212109 0.433333
0 0.21875 0.456771 0.235156 0.456771 0.235156 0.484896 0.21875 0.484896
0 0.258594 0.483854 0.273047 0.483854 0.273047 0.513021 0.258594 0.513021
0 0.316406 0.441146 0.328906 0.441146 0.328906 0.467188 0.316406 0.467188
0 0.267969 0.418229 0.2875 0.418229 0.2875 0.442708 0.267969 0.442708
0 0.243359 0.433333 0.25625 0.433333 0.25625 0.458333 0.243359 0.458333
0 0.311328 0.508854 0.325 0.508854 0.325 0.533854 0.311328 0.533854
0 0.247656 0.539062 0.267188 0.539062 0.267188 0.563542 0.247656 0.563542
0 0.208203 0.534375 0.224219 0.534375 0.224219 0.566146 0.208203 0.566146
0 0.191016 0.498438 0.207031 0.498438 0.207031 0.526562 0.191016 0.526562
0 0.148047 0.5125 0.160938 0.5125 0.160938 0.544792 0.148047 0.544792
0 0.057031 0.514062 0.071094 0.514062 0.071094 0.544792 0.057031 0.544792
0 0.021484 0.514583 0.041016 0.514583 0.041016 0.544271 0.021484 0.544271
0 0.012891 0.477604 0.027734 0.477604 0.027734 0.504167 0.012891 0.504167
0 0.168359 0.570833 0.186719 0.570833 0.186719 0.6 0.168359 0.6
0 0.207031 0.581771 0.225391 0.581771 0.225391 0.614583 0.207031 0.614583
0 0.232812 0.617708 0.246875 0.617708 0.246875 0.647917 0.232812 0.647917
0 0.111719 0.608854 0.132812 0.608854 0.132812 0.630208 0.111719 0.630208
0 0.083203 0.615104 0.103906 0.615104 0.103906 0.635938 0.083203 0.635938
0 0.087891 0.553646 0.108594 0.553646 0.108594 0.583854 0.087891 0.583854
0 0.048047 0.563542 0.060547 0.563542 0.060547 0.589583 0.048047 0.589583
0 0.080078 0.48125 0.097266 0.48125 0.097266 0.508333 0.080078 0.508333
0 0.289062 0.621354 0.305078 0.621354 0.305078 0.655729 0.289062 0.655729
0 0.259766 0.645312 0.272656 0.645312 0.272656 0.672917 0.259766 0.672917
0 0.209766 0.667188 0.225 0.667188 0.225 0.692188 0.209766 0.692188
0 0.290234 0.702604 0.30625 0.702604 0.30625 0.731771 0.290234 0.731771
0 0.332031 0.644271 0.343359 0.644271 0.343359 0.675 0.332031 0.675
0 0.348438 0.678125 0.367188 0.678125 0.367188 0.70625 0.348438 0.70625
0 0.364062 0.645312 0.380859 0.645312 0.380859 0.673438 0.364062 0.673438
0 0.40625 0.548438 0.419922 0.548438 0.419922 0.575 0.40625 0.575
0 0.419531 0.584896 0.433984 0.584896 0.433984 0.610938 0.419531 0.610938
0 0.353516 0.585417 0.364844 0.585417 0.364844 0.609375 0.353516 0.609375
0 0.257812 0.598438 0.273438 0.598438 0.273438 0.618229 0.257812 0.618229
0 0.255859 0.719792 0.273438 0.719792 0.273438 0.740625 0.255859 0.740625
0 0.083203 0.808854 0.099219 0.808854 0.099219 0.834896 0.083203 0.834896
0 0.103125 0.772917 0.128906 0.772917 0.128906 0.790104 0.103125 0.790104
0 0.150781 0.807812 0.165234 0.807812 0.165234 0.832812 0.150781 0.832812
0 0.116406 0.868229 0.137109 0.868229 0.137109 0.897396 0.116406 0.897396
0 0.146875 0.925521 0.164453 0.925521 0.164453 0.956771 0.146875 0.956771
0 0.190625 0.892188 0.212891 0.892188 0.212891 0.910938 0.190625 0.910938
0 0.171484 0.8625 0.182812 0.8625 0.182812 0.885417 0.171484 0.885417
0 0.204297 0.851042 0.219922 0.851042 0.219922 0.867708 0.204297 0.867708
0 0.214453 0.813021 0.23125 0.813021 0.23125 0.833854 0.214453 0.833854
0 0.240234 0.844792 0.257812 0.844792 0.257812 0.869792 0.240234 0.869792
0 0.267188 0.878646 0.284766 0.878646 0.284766 0.899479 0.267188 0.899479
0 0.328516 0.89375 0.341406 0.89375 0.341406 0.915625 0.328516 0.915625
0 0.298828 0.88125 0.316797 0.88125 0.316797 0.908333 0.298828 0.908333
0 0.333594 0.936979 0.358203 0.936979 0.358203 0.955208 0.333594 0.955208
0 0.300781 0.93125 0.322656 0.93125 0.322656 0.946875 0.300781 0.946875
0 0.345703 0.973958 0.366797 0.973958 0.366797 0.990104 0.345703 0.990104
0 0.301953 0.98125 0.329688 0.98125 0.329688 0.995833 0.301953 0.995833
0 0.198828 0.940104 0.223438 0.940104 0.223438 0.957812 0.198828 0.957812
0 0.103125 0.909375 0.115625 0.909375 0.115625 0.930208 0.103125 0.930208