0 0.005469 0.096875 0.030859 0.096875 0.030859 0.1375 0.005469 0.1375
0 0.075 0.142188 0.090625 0.142188 0.090625 0.177604 0.075 0.177604
0 0.099609 0.110938 0.128516 0.110938 0.128516 0.140625 0.099609 0.140625
0 0.122266 0.155729 0.140625 0.155729 0.140625 0.192188 0.122266 0.192188
0 0.151172 0.155729 0.172656 0.155729 0.172656 0.185417 0.151172 0.185417
0 0.114844 0.2125 0.138672 0.2125 0.138672 0.234896 0.114844 0.234896
0 0.068359 0.211979 0.091797 0.211979 0.091797 0.242708 0.068359 0.242708
0 0.025781 0.192708 0.055859 0.192708 0.055859 0.219792 0.025781 0.219792
0 0.028516 0.241667 0.049609 0.241667 0.049609 0.264062 0.028516 0.264062
0 0.06875 0.261979 0.090625 0.261979 0.090625 0.286979 0.06875 0.286979
0 0.053516 0.0 0.0875 0.0 0.0875 0.022917 0.053516 0.022917
0 0.034375 0.050521 0.053906 0.050521 0.053906 0.086979 0.034375 0.086979
0 0.060938 0.0375 0.089844 0.0375 0.089844 0.065104 0.060938 0.065104
0 0.104688 0.000521 0.135156 0.000521 0.135156 0.026042 0.104688 0.026042
0 0.14375 0.013542 0.172656 0.013542 0.172656 0.041667 0.14375 0.041667
0 0.297266 0.023958 0.322656 0.023958 0.322656 0.046875 0.297266 0.046875
0 0.328125 0.051042 0.344922 0.051042 0.344922 0.083333 0.328125 0.083333
0 0.346875 0.007812 0.378906 0.007812 0.378906 0.036979 0.346875 0.036979
0 0.375 0.0 0.398828 0.0 0.398828 0.014062 0.375 0.014062
0 0.399219 0.023958 0.427344 0.023958 0.427344 0.046875 0.399219 0.046875
0 0.398828 0.059896 0.424609 0.059896 0.424609 0.090104 0.398828 0.090104
0 0.45625 0.0 0.473438 0.0 0.473438 0.029167 0.45625 0.029167
0 0.265234 0.020833 0.289453 0.020833 0.289453 0.055729 0.265234 0.055729
0 0.295703 0.110938 0.319531 0.110938 0.319531 0.14375 0.295703 0.14375
0 0.274219 0.154688 0.301562 0.154688 0.301562 0.189062 0.274219 0.189062
0 0.332812 0.169271 0.351953 0.169271 0.351953 0.194792 0.332812 0.194792
0 0.360938 0.124479 0.378125 0.124479 0.378125 0.158854 0.360938 0.158854
0 0.296484 0.189583 0.324609 0.189583 0.324609 0.222396 0.296484 0.222396
0 0.383203 0.178646 0.399219 0.178646 0.399219 0.210938 0.383203 0.210938
0 0.402344 0.221875 0.423438 0.221875 0.423438 0.248958 0.402344 0.248958
0 0.420312 0.171875 0.434375 0.171875 0.434375 0.209896 0.420312 0.209896
0 0.447266 0.183333 0.46875 0.183333 0.46875 0.2125 0.447266 0.2125
0 0.440234 0.129688 0.467969 0.129688 0.467969 0.156771 0.440234 0.156771
0 0.421484 0.099479 0.452734 0.099479 0.452734 0.126562 0.421484 0.126562
0 0.478906 0.078125 0.496875 0.078125 0.496875 0.116667 0.478906 0.116667
0 0.480859 0.139583 0.498047 0.139583 0.498047 0.177604 0.480859 0.177604
0 0.508984 0.176042 0.532422 0.176042 0.532422 0.201562 0.508984 0.201562
0 0.496484 0.210417 0.515234 0.210417 0.515234 0.233854 0.496484 0.233854
0 0.523047 0.014583 0.542969 0.014583 0.542969 0.036458 0.523047 0.036458
0 0.561719 0.015625 0.587109 0.015625 0.587109 0.042708 0.561719 0.042708
0 0.594531 0.008333 0.61875 0.008333 0.61875 0.032812 0.594531 0.032812
0 0.610547 0.055729 0.638672 0.055729 0.638672 0.080208 0.610547 0.080208
0 0.542969 0.054688 0.565234 0.054688 0.565234 0.075 0.542969 0.075
0 0.514062 0.073958 0.542188 0.073958 0.542188 0.104167 0.514062 0.104167
0 0.551953 0.100521 0.580469 0.100521 0.580469 0.116667 0.551953 0.116667
0 0.567969 0.1375 0.596875 0.1375 0.596875 0.159896 0.567969 0.159896
0 0.564453 0.203125 0.593359 0.203125 0.593359 0.23125 0.564453 0.23125
0 0.510156 0.245833 0.533203 0.245833 0.533203 0.284375 0.510156 0.284375
0 0.470703 0.277604 0.498047 0.277604 0.498047 0.307812 0.470703 0.307812
0 0.426562 0.250521 0.444922 0.250521 0.444922 0.28125 0.426562 0.28125
0 0.588281 0.259896 0.610156 0.259896 0.610156 0.288542 0.588281 0.288542
0 0.621875 0.24375 0.637891 0.24375 0.637891 0.270833 0.621875 0.270833
0 0.665234 0.244792 0.68125 0.244792 0.68125 0.273958 0.665234 0.273958
0 0.6875 0.222396 0.7 0.222396 0.7 0.25625 0.6875 0.25625
0 0.705469 0.209375 0.729688 0.209375 0.729688 0.232292 0.705469 0.232292
0 0.683203 0.289583 0.712109 0.289583 0.712109 0.320833 0.683203 0.320833
0 0.805859 0.002083 0.827734 0.002083 0.827734 0.027604 0.805859 0.027604
0 0.859375 0.020312 0.883203 0.020312 0.883203 0.046875 0.859375 0.046875
0 0.898438 0.003125 0.919141 0.003125 0.919141 0.025521 0.898438 0.025521
0 0.900391 0.044271 0.920703 0.044271 0.920703 0.072396 0.900391 0.072396
0 0.883594 0.080729 0.902734 0.080729 0.902734 0.109375 0.883594 0.109375
0 0.921094 0.098958 0.94375 0.098958 0.94375 0.121875 0.921094 0.121875
0 0.942188 0.147396 0.965234 0.147396 0.965234 0.182292 0.942188 0.182292
0 0.855859 0.102083 0.879297 0.102083 0.879297 0.125521 0.855859 0.125521
0 0.791406 0.057812 0.816797 0.057812 0.816797 0.081771 0.791406 0.081771
0 0.738281 0.0625 0.769922 0.0625 0.769922 0.083854 0.738281 0.083854
0 0.767188 0.097396 0.790234 0.097396 0.790234 0.116667 0.767188 0.116667
0 0.794141 0.132812 0.808984 0.132812 0.808984 0.163542 0.794141 0.163542
0 0.826172 0.133854 0.840625 0.133854 0.840625 0.164062 0.826172 0.164062
0 0.869141 0.172396 0.895703 0.172396 0.895703 0.198958 0.869141 0.198958
0 0.81875 0.190104 0.835547 0.190104 0.835547 0.220833 0.81875 0.220833
0 0.772656 0.16875 0.795703 0.16875 0.795703 0.188542 0.772656 0.188542
0 0.778125 0.198438 0.8 0.198438 0.8 0.220312 0.778125 0.220312
0 0.744531 0.1875 0.761719 0.1875 0.761719 0.216667 0.744531 0.216667
0 0.769531 0.239062 0.804297 0.239062 0.804297 0.269271 0.769531 0.269271
0 0.748438 0.270833 0.774219 0.270833 0.774219 0.298958 0.748438 0.298958
0 0.897266 0.21875 0.919922 0.21875 0.919922 0.238021 0.897266 0.238021
0 0.897656 0.263542 0.922656 0.263542 0.922656 0.285417 0.897656 0.285417
0 0.856641 0.248958 0.880078 0.248958 0.880078 0.270833 0.856641 0.270833
0 0.880859 0.291146 0.903906 0.291146 0.903906 0.31875 0.880859 0.31875
0 0.666797 0.363542 0.692188 0.363542 0.692188 0.384896 0.666797 0.384896
0 0.699609 0.339583 0.728516 0.339583 0.728516 0.358333 0.699609 0.358333
0 0.721484 0.366667 0.734766 0.366667 0.734766 0.391667 0.721484 0.391667
0 0.680469 0.4 0.699609 0.4 0.699609 0.423438 0.680469 0.423438
0 0.743359 0.317188 0.763281 0.317188 0.763281 0.351042 0.743359 0.351042
0 0.780469 0.367188 0.805469 0.367188 0.805469 0.396354 0.780469 0.396354
0 0.807812 0.339062 0.833594 0.339062 0.833594 0.373958 0.807812 0.373958
0 0.810547 0.402083 0.832031 0.402083 0.832031 0.433854 0.810547 0.433854
0 0.779297 0.420312 0.795312 0.420312 0.795312 0.444792 0.779297 0.444792
0 0.842578 0.425521 0.860156 0.425521 0.860156 0.455729 0.842578 0.455729
0 0.875781 0.435938 0.892969 0.435938 0.892969 0.470833 0.875781 0.470833
0 0.907812 0.457292 0.922266 0.457292 0.922266 0.488542 0.907812 0.488542
0 0.912891 0.40625 0.932031 0.40625 0.932031 0.433333 0.912891 0.433333
0 0.849219 0.379167 0.866797 0.379167 0.866797 0.407812 0.849219 0.407812
0 0.860938 0.325521 0.88125 0.325521 0.88125 0.356771 0.860938 0.356771
0 0.938281 0.421875 0.954688 0.421875 0.954688 0.453125 0.938281 0.453125
0 0.054688 0.447917 0.085547 0.447917 0.085547 0.474479 0.054688 0.474479
0 0.099219 0.447917 0.124609 0.447917 0.124609 0.470833 0.099219 0.470833
0 0.146875 0.447917 0.176172 0.447917 0.176172 0.470833 0.146875 0.470833
0 0.149609 0.480729 0.175 0.480729 0.175 0.500521 0.149609 0.500521
0 0.191016 0.493229 0.211328 0.493229 0.211328 0.514062 0.191016 0.514062
0 0.225 0.469271 0.251563 0.469271 0.251563 0.495833 0.225 0.495833
0 0.194141 0.417188 0.216797 0.417188 0.216797 0.447917 0.194141 0.447917
0 0.222656 0.418229 0.255859 0.418229 0.255859 0.44375 0.222656 0.44375
0 0.165625 0.366667 0.189062 0.366667 0.189062 0.404167 0.165625 0.404167
0 0.234375 0.379167 0.267188 0.379167 0.267188 0.404688 0.234375 0.404688
0 0.285156 0.398438 0.310938 0.398438 0.310938 0.421354 0.285156 0.421354
0 0.294531 0.436979 0.323438 0.436979 0.323438 0.471875 0.294531 0.471875
0 0.332031 0.469271 0.351172 0.469271 0.351172 0.500521 0.332031 0.500521
0 0.076953 0.530729 0.092188 0.530729 0.092188 0.572917 0.076953 0.572917
0 0.101562 0.488542 0.125781 0.488542 0.125781 0.516667 0.101562 0.516667
0 0.117969 0.524479 0.140625 0.524479 0.140625 0.55 0.117969 0.55
0 0.11875 0.565625 0.136328 0.565625 0.136328 0.598438 0.11875 0.598438
0 0.166406 0.560417 0.185547 0.560417 0.185547 0.585417 0.166406 0.585417
0 0.205469 0.565104 0.219531 0.565104 0.219531 0.590104 0.205469 0.590104
0 0.248438 0.523438 0.266016 0.523438 0.266016 0.559375 0.248438 0.559375
0 0.257422 0.574479 0.284766 0.574479 0.284766 0.596875 0.257422 0.596875
0 0.268359 0.603125 0.288281 0.603125 0.288281 0.626042 0.268359 0.626042
0 0.205469 0.613021 0.230859 0.613021 0.230859 0.645833 0.205469 0.645833
0 0.168359 0.636979 0.1875 0.636979 0.1875 0.669792 0.168359 0.669792
0 0.117188 0.614583 0.147266 0.614583 0.147266 0.635938 0.117188 0.635938
0 0.087891 0.617188 0.102734 0.617188 0.102734 0.651562 0.087891 0.651562
0 0.046875 0.621354 0.071484 0.621354 0.071484 0.643229 0.046875 0.643229
0 0.091797 0.682812 0.110938 0.682812 0.110938 0.708854 0.091797 0.708854
0 0.128516 0.654688 0.148438 0.654688 0.148438 0.677083 0.128516 0.677083
0 0.165625 0.677604 0.195703 0.677604 0.195703 0.708854 0.165625 0.708854
0 0.142969 0.706771 0.162109 0.706771 0.162109 0.730729 0.142969 0.730729
0 0.124609 0.740104 0.146094 0.740104 0.146094 0.767188 0.124609 0.767188
0 0.188281 0.722396 0.207031 0.722396 0.207031 0.765104 0.188281 0.765104
0 0.222266 0.747917 0.240625 0.747917 0.240625 0.772396 0.222266 0.772396
0 0.184375 0.779167 0.217188 0.779167 0.217188 0.810938 0.184375 0.810938
0 0.105078 0.807812 0.134766 0.807812 0.134766 0.823958 0.105078 0.823958
0 0.062891 0.723438 0.081641 0.723438 0.081641 0.745833 0.062891 0.745833
0 0.136328 0.774479 0.163672 0.774479 0.163672 0.795312 0.136328 0.795312
0 0.158203 0.804688 0.180078 0.804688 0.180078 0.826562 0.158203 0.826562
0 0.196094 0.823438 0.2125 0.823438 0.2125 0.849479 0.196094 0.849479
0 0.089844 0.860938 0.114062 0.860938 0.114062 0.893229 0.089844 0.893229
0 0.125 0.838542 0.145312 0.838542 0.145312 0.868229 0.125 0.868229
0 0.226953 0.853646 0.262891 0.853646 0.262891 0.871354 0.226953 0.871354
0 0.212891 0.880208 0.240625 0.880208 0.240625 0.907812 0.212891 0.907812
0 0.133203 0.926562 0.171484 0.926562 0.171484 0.949479 0.133203 0.949479
0 0.183984 0.927083 0.217969 0.927083 0.217969 0.951042 0.183984 0.951042
0 0.157422 0.957812 0.182031 0.957812 0.182031 0.976562 0.157422 0.976562
0 0.199609 0.978646 0.230078 0.978646 0.230078 0.999479 0.199609 0.999479
0 0.295703 0.5125 0.315234 0.5125 0.315234 0.533854 0.295703 0.533854
0 0.369531 0.502604 0.386719 0.502604 0.386719 0.529167 0.369531 0.529167
0 0.411328 0.490625 0.432812 0.490625 0.432812 0.520312 0.411328 0.520312
0 0.361328 0.451042 0.382422 0.451042 0.382422 0.479688 0.361328 0.479688
0 0.43125 0.445312 0.449219 0.445312 0.449219 0.475521 0.43125 0.475521
0 0.449219 0.448438 0.469531 0.448438 0.469531 0.488542 0.449219 0.488542
0 0.446875 0.511458 0.464453 0.511458 0.464453 0.547396 0.446875 0.547396
0 0.395312 0.551562 0.417188 0.551562 0.417188 0.592188 0.395312 0.592188
0 0.432031 0.567708 0.453125 0.567708 0.453125 0.605729 0.432031 0.605729
0 0.463281 0.579167 0.489844 0.579167 0.489844 0.614583 0.463281 0.614583
0 0.326953 0.557812 0.348828 0.557812 0.348828 0.578125 0.326953 0.578125
0 0.324219 0.596875 0.346484 0.596875 0.346484 0.617708 0.324219 0.617708
0 0.360547 0.615104 0.389844 0.615104 0.389844 0.656771 0.360547 0.656771
0 0.245312 0.693229 0.276562 0.693229 0.276562 0.717708 0.245312 0.717708
0 0.259375 0.651562 0.280469 0.651562 0.280469 0.675 0.259375 0.675
0 0.289453 0.630729 0.317969 0.630729 0.317969 0.658333 0.289453 0.658333
0 0.282422 0.709896 0.314453 0.709896 0.314453 0.738021 0.282422 0.738021
0 0.405078 0.659375 0.432812 0.659375 0.432812 0.673438 0.405078 0.673438
0 0.447266 0.679688 0.463281 0.679688 0.463281 0.707812 0.447266 0.707812
0 0.408594 0.704167 0.431641 0.704167 0.431641 0.728125 0.408594 0.728125
0 0.448438 0.729688 0.468359 0.729688 0.468359 0.756771 0.448438 0.756771
0 0.4125 0.770833 0.44375 0.770833 0.44375 0.803125 0.4125 0.803125
0 0.478125 0.689583 0.503125 0.689583 0.503125 0.720312 0.478125 0.720312
0 0.494922 0.722917 0.515234 0.722917 0.515234 0.760938 0.494922 0.760938
0 0.530859 0.472917 0.550391 0.472917 0.550391 0.506771 0.530859 0.506771
0 0.489062 0.505208 0.508594 0.505208 0.508594 0.532292 0.489062 0.532292
0 0.473438 0.532812 0.4875 0.532812 0.4875 0.559896 0.473438 0.559896
0 0.507422 0.546875 0.528125 0.546875 0.528125 0.573958 0.507422 0.573958
0 0.558984 0.505208 0.576562 0.505208 0.576562 0.528125 0.558984 0.528125
0 0.588281 0.5375 0.608594 0.5375 0.608594 0.566667 0.588281 0.566667
0 0.520703 0.592188 0.550781 0.592188 0.550781 0.614583 0.520703 0.614583
0 0.570312 0.625 0.592188 0.625 0.592188 0.651042 0.570312 0.651042
0 0.517578 0.646875 0.547266 0.646875 0.547266 0.665625 0.517578 0.665625
0 0.595312 0.655729 0.623438 0.655729 0.623438 0.680208 0.595312 0.680208
0 0.526172 0.688542 0.553516 0.688542 0.553516 0.702083 0.526172 0.702083
0 0.547266 0.704688 0.572266 0.704688 0.572266 0.728646 0.547266 0.728646
0 0.688672 0.657812 0.709375 0.657812 0.709375 0.688021 0.688672 0.688021
0 0.696484 0.619792 0.708594 0.619792 0.708594 0.642188 0.696484 0.642188
0 0.732031 0.586458 0.751953 0.586458 0.751953 0.621875 0.732031 0.621875
0 0.763672 0.642708 0.780859 0.642708 0.780859 0.668229 0.763672 0.668229
0 0.732422 0.631771 0.749219 0.631771 0.749219 0.663021 0.732422 0.663021
0 0.749609 0.689062 0.763672 0.689062 0.763672 0.710938 0.749609 0.710938
0 0.778125 0.685417 0.797656 0.685417 0.797656 0.707292 0.778125 0.707292
0 0.731641 0.715625 0.747656 0.715625 0.747656 0.744271 0.731641 0.744271
0 0.701172 0.722396 0.721484 0.722396 0.721484 0.753646 0.701172 0.753646
0 0.857422 0.613021 0.879688 0.613021 0.879688 0.643229 0.857422 0.643229
0 0.819531 0.629167 0.840625 0.629167 0.840625 0.660417 0.819531 0.660417
0 0.821484 0.583333 0.843359 0.583333 0.843359 0.621354 0.821484 0.621354
0 0.864844 0.652604 0.887109 0.652604 0.887109 0.671875 0.864844 0.671875
0 0.853516 0.722917 0.869531 0.722917 0.869531 0.746354 0.853516 0.746354
0 0.895312 0.715104 0.914062 0.715104 0.914062 0.731771 0.895312 0.731771
0 0.916797 0.691667 0.936719 0.691667 0.936719 0.719271 0.916797 0.719271
0 0.965625 0.663542 0.992969 0.663542 0.992969 0.694792 0.965625 0.694792
0 0.972656 0.619792 0.998438 0.619792 0.998438 0.652604 0.972656 0.652604
0 0.925 0.747917 0.946094 0.747917 0.946094 0.776562 0.925 0.776562
0 0.969922 0.781771 0.983203 0.781771 0.983203 0.803125 0.969922 0.803125
0 0.973438 0.710938 0.995312 0.710938 0.995312 0.733854 0.973438 0.733854
0 0.916797 0.809896 0.933984 0.809896 0.933984 0.830729 0.916797 0.830729
0 0.964453 0.830729 0.990234 0.830729 0.990234 0.852083 0.964453 0.852083
0 0.872656 0.815104 0.894141 0.815104 0.894141 0.840104 0.872656 0.840104
0 0.720312 0.757812 0.741406 0.757812 0.741406 0.7875 0.720312 0.7875
0 0.785938 0.763542 0.806641 0.763542 0.806641 0.785417 0.785938 0.785417
0 0.824219 0.786458 0.844531 0.786458 0.844531 0.817708 0.824219 0.817708
0 0.799609 0.813021 0.818359 0.813021 0.818359 0.840625 0.799609 0.840625
0 0.755078 0.855729 0.779688 0.855729 0.779688 0.881771 0.755078 0.881771
0 0.803906 0.844792 0.839453 0.844792 0.839453 0.865625 0.803906 0.865625
0 0.839062 0.880208 0.855469 0.880208 0.855469 0.911979 0.839062 0.911979
0 0.864844 0.869271 0.888281 0.869271 0.888281 0.891667 0.864844 0.891667
0 0.894531 0.875521 0.912891 0.875521 0.912891 0.900521 0.894531 0.900521
0 0.891016 0.933854 0.910547 0.933854 0.910547 0.946875 0.891016 0.946875
0 0.830078 0.944792 0.854688 0.944792 0.854688 0.967708 0.830078 0.967708
0 0.787109 0.883333 0.805078 0.883333 0.805078 0.915104 0.787109 0.915104
0 0.744922 0.919792 0.760547 0.919792 0.760547 0.945312 0.744922 0.945312
0 0.775391 0.94375 0.795703 0.94375 0.795703 0.972917 0.775391 0.972917
0 0.723828 0.973958 0.743359 0.973958 0.743359 0.995833 0.723828 0.995833
0 0.587109 0.729167 0.611328 0.729167 0.611328 0.764583 0.587109 0.764583
0 0.547656 0.75 0.572266 0.75 0.572266 0.766146 0.547656 0.766146
0 0.536328 0.785938 0.566406 0.785938 0.566406 0.811979 0.536328 0.811979
0 0.501172 0.822396 0.526953 0.822396 0.526953 0.843229 0.501172 0.843229
0 0.539453 0.840625 0.561328 0.840625 0.561328 0.861458 0.539453 0.861458
0 0.600781 0.8375 0.613281 0.8375 0.613281 0.866146 0.600781 0.866146
0 0.620703 0.842188 0.6375 0.842188 0.6375 0.870833 0.620703 0.870833
0 0.256641 0.941146 0.279297 0.941146 0.279297 0.96875 0.256641 0.96875
0 0.275 0.810417 0.299219 0.810417 0.299219 0.834896 0.275 0.834896
0 0.355469 0.920312 0.372656 0.920312 0.372656 0.955208 0.355469 0.955208
0 0.376562 0.950521 0.405469 0.950521 0.405469 0.978125 0.376562 0.978125
0 0.448828 0.941146 0.46875 0.941146 0.46875 0.974479 0.448828 0.974479
0 0.473438 0.886458 0.493359 0.886458 0.493359 0.908333 0.473438 0.908333
0 0.498828 0.873438 0.529688 0.873438 0.529688 0.898958 0.498828 0.898958
0 0.51875 0.907292 0.542188 0.907292 0.542188 0.940625 0.51875 0.940625
0 0.503125 0.939583 0.526562 0.939583 0.526562 0.971875 0.503125 0.971875
0 0.555078 0.952083 0.581641 0.952083 0.581641 0.980729 0.555078 0.980729
0 0.538281 0.978125 0.559766 0.978125 0.559766 0.999479 0.538281 0.999479
0 0.446875 0.978646 0.470312 0.978646 0.470312 0.999479 0.446875 0.999479
0 0.575 0.908333 0.595703 0.908333 0.595703 0.934375 0.575 0.934375
0 0.606641 0.916146 0.623438 0.916146 0.623438 0.941667 0.606641 0.941667
0 0.641016 0.9125 0.6625 0.9125 0.6625 0.94375 0.641016 0.94375
0 0.634375 0.866667 0.663281 0.866667 0.663281 0.895312 0.634375 0.895312
0 0.569922 0.872917 0.594531 0.872917 0.594531 0.896875 0.569922 0.896875
0 0.636719 0.971354 0.660156 0.971354 0.660156 0.997396 0.636719 0.997396
0 0.760938 0.576562 0.79375 0.576562 0.79375 0.609896 0.760938 0.609896
0 0.597266 0.113021 0.626172 0.113021 0.626172 0.145833 0.597266 0.145833