0 0.001562 0.0 0.019531 0.0 0.019531 0.021875 0.001562 0.021875
0 0.000391 0.055208 0.014453 0.055208 0.014453 0.085938 0.000391 0.085938
0 0.033203 0.011979 0.057031 0.011979 0.057031 0.033333 0.033203 0.033333
0 0.001562 0.092708 0.016406 0.092708 0.016406 0.119792 0.001562 0.119792
0 0.028906 0.088542 0.046094 0.088542 0.046094 0.110417 0.028906 0.110417
0 0.065234 0.080208 0.08125 0.080208 0.08125 0.103125 0.065234 0.103125
0 0.094141 0.052083 0.114062 0.052083 0.114062 0.075521 0.094141 0.075521
0 0.078906 0.039062 0.094531 0.039062 0.094531 0.05625 0.078906 0.05625
0 0.119922 0.076562 0.136328 0.076562 0.136328 0.105729 0.119922 0.105729
0 0.159766 0.033333 0.176953 0.033333 0.176953 0.053125 0.159766 0.053125
0 0.187891 0.064062 0.201953 0.064062 0.201953 0.091146 0.187891 0.091146
0 0.155469 0.095312 0.175 0.095312 0.175 0.117708 0.155469 0.117708
0 0.121094 0.134375 0.137109 0.134375 0.137109 0.161979 0.121094 0.161979
0 0.148828 0.142188 0.16875 0.142188 0.16875 0.164062 0.148828 0.164062
0 0.073828 0.115104 0.095703 0.115104 0.095703 0.141667 0.073828 0.141667
0 0.091016 0.157292 0.110547 0.157292 0.110547 0.183854 0.091016 0.183854
0 0.141797 0.180729 0.162109 0.180729 0.162109 0.209375 0.141797 0.209375
0 0.005078 0.1625 0.025781 0.1625 0.025781 0.185417 0.005078 0.185417
0 0.038281 0.148438 0.061328 0.148438 0.061328 0.170312 0.038281 0.170312
0 0.041406 0.193229 0.058594 0.193229 0.058594 0.216146 0.041406 0.216146
0 0.068359 0.202604 0.089453 0.202604 0.089453 0.231771 0.068359 0.231771
0 0.106641 0.206771 0.131641 0.206771 0.131641 0.231771 0.106641 0.231771
0 0.027344 0.230729 0.055078 0.230729 0.055078 0.255729 0.027344 0.255729
0 0.087109 0.245312 0.110938 0.245312 0.110938 0.26875 0.087109 0.26875
0 0.0 0.203646 0.012891 0.203646 0.012891 0.227604 0.0 0.227604
0 0.0 0.247396 0.010547 0.247396 0.010547 0.270312 0.0 0.270312
0 0.0125 0.294792 0.033203 0.294792 0.033203 0.317188 0.0125 0.317188
0 0.044922 0.286458 0.065234 0.286458 0.065234 0.311458 0.044922 0.311458
0 0.078516 0.279167 0.097656 0.279167 0.097656 0.305729 0.078516 0.305729
0 0.016016 0.346354 0.037109 0.346354 0.037109 0.372917 0.016016 0.372917
0 0.0 0.440104 0.018359 0.440104 0.018359 0.461458 0.0 0.461458
0 0.384766 0.023438 0.403906 0.023438 0.403906 0.046875 0.384766 0.046875
0 0.418359 0.029167 0.438281 0.029167 0.438281 0.054688 0.418359 0.054688
0 0.438281 0.0 0.456641 0.0 0.456641 0.023438 0.438281 0.023438
0 0.405469 0.0 0.425 0.0 0.425 0.015104 0.405469 0.015104
0 0.443359 0.05625 0.458984 0.05625 0.458984 0.08125 0.443359 0.08125
0 0.469531 0.059896 0.487891 0.059896 0.487891 0.091146 0.469531 0.091146
0 0.489453 0.006771 0.506641 0.006771 0.506641 0.038542 0.489453 0.038542
0 0.535547 0.038021 0.553125 0.038021 0.553125 0.064583 0.535547 0.064583
0 0.536719 0.009896 0.555469 0.009896 0.555469 0.030729 0.536719 0.030729
0 0.296094 0.138021 0.311719 0.138021 0.311719 0.163021 0.296094 0.163021
0 0.330078 0.130208 0.350781 0.130208 0.350781 0.155208 0.330078 0.155208
0 0.366016 0.108333 0.385938 0.108333 0.385938 0.13125 0.366016 0.13125
0 0.394531 0.135417 0.409766 0.135417 0.409766 0.163021 0.394531 0.163021
0 0.372266 0.155729 0.391016 0.155729 0.391016 0.181771 0.372266 0.181771
0 0.353125 0.176562 0.369141 0.176562 0.369141 0.202604 0.353125 0.202604
0 0.373438 0.206771 0.395703 0.206771 0.395703 0.227604 0.373438 0.227604
0 0.315625 0.173958 0.330859 0.173958 0.330859 0.197917 0.315625 0.197917
0 0.297266 0.185417 0.314844 0.185417 0.314844 0.205208 0.297266 0.205208
0 0.285156 0.203125 0.304297 0.203125 0.304297 0.227083 0.285156 0.227083
0 0.25625 0.215625 0.273438 0.215625 0.273438 0.234896 0.25625 0.234896
0 0.313281 0.236458 0.333984 0.236458 0.333984 0.256771 0.313281 0.256771
0 0.239844 0.266146 0.258594 0.266146 0.258594 0.286979 0.239844 0.286979
0 0.273438 0.275 0.287891 0.275 0.287891 0.3 0.273438 0.3
0 0.294531 0.260938 0.313672 0.260938 0.313672 0.2875 0.294531 0.2875
0 0.338281 0.267188 0.352344 0.267188 0.352344 0.290104 0.338281 0.290104
0 0.339062 0.3125 0.351953 0.3125 0.351953 0.334896 0.339062 0.334896
0 0.320312 0.322917 0.334766 0.322917 0.334766 0.346875 0.320312 0.346875
0 0.256641 0.3125 0.275 0.3125 0.275 0.334375 0.256641 0.334375
0 0.233203 0.292188 0.251563 0.292188 0.251563 0.316146 0.233203 0.316146
0 0.223828 0.319792 0.241016 0.319792 0.241016 0.339583 0.223828 0.339583
0 0.229297 0.360938 0.25 0.360938 0.25 0.385417 0.229297 0.385417
0 0.272266 0.368229 0.290625 0.368229 0.290625 0.396875 0.272266 0.396875
0 0.163281 0.385938 0.184766 0.385938 0.184766 0.405208 0.163281 0.405208
0 0.194922 0.40625 0.214453 0.40625 0.214453 0.427604 0.194922 0.427604
0 0.228125 0.390104 0.248828 0.390104 0.248828 0.414583 0.228125 0.414583
0 0.207031 0.434896 0.223047 0.434896 0.223047 0.458333 0.207031 0.458333
0 0.235547 0.442188 0.251563 0.442188 0.251563 0.469792 0.235547 0.469792
0 0.267578 0.440104 0.286719 0.440104 0.286719 0.466667 0.267578 0.466667
0 0.282812 0.410417 0.301562 0.410417 0.301562 0.438542 0.282812 0.438542
0 0.164844 0.422917 0.184766 0.422917 0.184766 0.443229 0.164844 0.443229
0 0.173438 0.464062 0.190625 0.464062 0.190625 0.485938 0.173438 0.485938
0 0.25 0.491146 0.271484 0.491146 0.271484 0.510938 0.25 0.510938
0 0.247266 0.514062 0.267188 0.514062 0.267188 0.536458 0.247266 0.536458
0 0.148047 0.539583 0.169531 0.539583 0.169531 0.560938 0.148047 0.560938
0 0.180859 0.534896 0.204297 0.534896 0.204297 0.558333 0.180859 0.558333
0 0.217969 0.553646 0.235156 0.553646 0.235156 0.576562 0.217969 0.576562
0 0.242188 0.58125 0.261719 0.58125 0.261719 0.605729 0.242188 0.605729
0 0.208594 0.604688 0.230469 0.604688 0.230469 0.627083 0.208594 0.627083
0 0.161719 0.577604 0.182422 0.577604 0.182422 0.597917 0.161719 0.597917
0 0.148828 0.588542 0.162891 0.588542 0.162891 0.617188 0.148828 0.617188
0 0.119531 0.588542 0.139844 0.588542 0.139844 0.608854 0.119531 0.608854
0 0.083594 0.615625 0.105859 0.615625 0.105859 0.635417 0.083594 0.635417
0 0.091797 0.655208 0.111719 0.655208 0.111719 0.680208 0.091797 0.680208
0 0.063672 0.659375 0.08125 0.659375 0.08125 0.682812 0.063672 0.682812
0 0.136328 0.677604 0.152734 0.677604 0.152734 0.696875 0.136328 0.696875
0 0.180859 0.676562 0.203906 0.676562 0.203906 0.700521 0.180859 0.700521
0 0.151953 0.628125 0.177344 0.628125 0.177344 0.652604 0.151953 0.652604
0 0.201953 0.660417 0.219141 0.660417 0.219141 0.682812 0.201953 0.682812
0 0.247656 0.632292 0.264453 0.632292 0.264453 0.653125 0.247656 0.653125
0 0.242578 0.680729 0.261719 0.680729 0.261719 0.703646 0.242578 0.703646
0 0.0 0.973958 0.017969 0.973958 0.017969 0.999479 0.0 0.999479
0 0.046094 0.973958 0.067188 0.973958 0.067188 0.999479 0.046094 0.999479
0 0.080859 0.953125 0.098438 0.953125 0.098438 0.985938 0.080859 0.985938
0 0.119141 0.952604 0.140234 0.952604 0.140234 0.978646 0.119141 0.978646
0 0.038672 0.920833 0.055859 0.920833 0.055859 0.944792 0.038672 0.944792
0 0.026562 0.88125 0.044922 0.88125 0.044922 0.900521 0.026562 0.900521
0 0.053906 0.841146 0.074219 0.841146 0.074219 0.864062 0.053906 0.864062
0 0.025391 0.816146 0.042578 0.816146 0.042578 0.838542 0.025391 0.838542
0 0.0 0.851562 0.007031 0.851562 0.007031 0.883333 0.0 0.883333
0 0.122266 0.805208 0.142578 0.805208 0.142578 0.828646 0.122266 0.828646
0 0.166406 0.836979 0.185156 0.836979 0.185156 0.8625 0.166406 0.8625
0 0.150781 0.778646 0.16875 0.778646 0.16875 0.805729 0.150781 0.805729
0 0.113672 0.777083 0.131641 0.777083 0.131641 0.794271 0.113672 0.794271
0 0.192188 0.801562 0.213281 0.801562 0.213281 0.829688 0.192188 0.829688
0 0.15625 0.727604 0.167969 0.727604 0.167969 0.747917 0.15625 0.747917
0 0.174609 0.719271 0.196484 0.719271 0.196484 0.742188 0.174609 0.742188
0 0.209375 0.760938 0.227344 0.760938 0.227344 0.786979 0.209375 0.786979
0 0.239844 0.734896 0.261328 0.734896 0.261328 0.756771 0.239844 0.756771
0 0.269531 0.756771 0.287891 0.756771 0.287891 0.779688 0.269531 0.779688
0 0.297266 0.777083 0.3125 0.777083 0.3125 0.803125 0.297266 0.803125
0 0.230078 0.875521 0.244141 0.875521 0.244141 0.901562 0.230078 0.901562
0 0.246094 0.855208 0.260938 0.855208 0.260938 0.879167 0.246094 0.879167
0 0.26875 0.878125 0.285156 0.878125 0.285156 0.907292 0.26875 0.907292
0 0.266406 0.834896 0.282031 0.834896 0.282031 0.863542 0.266406 0.863542
0 0.294922 0.840625 0.310938 0.840625 0.310938 0.864583 0.294922 0.864583
0 0.228906 0.814062 0.245703 0.814062 0.245703 0.836979 0.228906 0.836979
0 0.567578 0.014583 0.590234 0.014583 0.590234 0.042708 0.567578 0.042708
0 0.574219 0.052083 0.592578 0.052083 0.592578 0.078125 0.574219 0.078125
0 0.605859 0.042708 0.621875 0.042708 0.621875 0.06875 0.605859 0.06875
0 0.639453 0.044792 0.664062 0.044792 0.664062 0.072917 0.639453 0.072917
0 0.507812 0.080729 0.526172 0.080729 0.526172 0.109896 0.507812 0.109896
0 0.538672 0.089583 0.555078 0.089583 0.555078 0.119792 0.538672 0.119792
0 0.583203 0.094792 0.602734 0.094792 0.602734 0.119792 0.583203 0.119792
0 0.492578 0.126562 0.513672 0.126562 0.513672 0.148438 0.492578 0.148438
0 0.555078 0.159896 0.569922 0.159896 0.569922 0.190104 0.555078 0.190104
0 0.580078 0.145312 0.601172 0.145312 0.601172 0.169792 0.580078 0.169792
0 0.605078 0.186979 0.623438 0.186979 0.623438 0.215625 0.605078 0.215625
0 0.646484 0.158854 0.668359 0.158854 0.668359 0.183854 0.646484 0.183854
0 0.653125 0.200521 0.672656 0.200521 0.672656 0.227083 0.653125 0.227083
0 0.630469 0.108854 0.644141 0.108854 0.644141 0.134896 0.630469 0.134896
0 0.646094 0.098438 0.664453 0.098438 0.664453 0.120312 0.646094 0.120312
0 0.667969 0.122917 0.686719 0.122917 0.686719 0.146875 0.667969 0.146875
0 0.704297 0.141667 0.71875 0.141667 0.71875 0.16875 0.704297 0.16875
0 0.689062 0.071354 0.716797 0.071354 0.716797 0.095833 0.689062 0.095833
0 0.728516 0.090104 0.745703 0.090104 0.745703 0.117708 0.728516 0.117708
0 0.680078 0.007812 0.696094 0.007812 0.696094 0.029688 0.680078 0.029688
0 0.708594 0.020833 0.725 0.020833 0.725 0.047396 0.708594 0.047396
0 0.75 0.009896 0.767188 0.009896 0.767188 0.044271 0.75 0.044271
0 0.781641 0.020833 0.799219 0.020833 0.799219 0.046875 0.781641 0.046875
0 0.8 0.047917 0.81875 0.047917 0.81875 0.077083 0.8 0.077083
0 0.753906 0.080729 0.772266 0.080729 0.772266 0.104688 0.753906 0.104688
0 0.843359 0.0625 0.864453 0.0625 0.864453 0.084375 0.843359 0.084375
0 0.840234 0.10625 0.857422 0.10625 0.857422 0.132292 0.840234 0.132292
0 0.857422 0.14375 0.876953 0.14375 0.876953 0.165104 0.857422 0.165104
0 0.871094 0.099479 0.887109 0.099479 0.887109 0.126042 0.871094 0.126042
0 0.687891 0.192708 0.712109 0.192708 0.712109 0.21875 0.687891 0.21875
0 0.723047 0.204167 0.745312 0.204167 0.745312 0.229167 0.723047 0.229167
0 0.733984 0.151562 0.751562 0.151562 0.751562 0.181771 0.733984 0.181771
0 0.764062 0.158854 0.779688 0.158854 0.779688 0.184896 0.764062 0.184896
0 0.767188 0.193229 0.787109 0.193229 0.787109 0.21875 0.767188 0.21875
0 0.797266 0.195833 0.814844 0.195833 0.814844 0.225 0.797266 0.225
0 0.818359 0.160417 0.837109 0.160417 0.837109 0.185417 0.818359 0.185417
0 0.536719 0.218229 0.551562 0.218229 0.551562 0.244271 0.536719 0.244271
0 0.576172 0.220833 0.592969 0.220833 0.592969 0.25 0.576172 0.25
0 0.626953 0.220833 0.643359 0.220833 0.643359 0.246875 0.626953 0.246875
0 0.625391 0.263021 0.64375 0.263021 0.64375 0.290104 0.625391 0.290104
0 0.664453 0.251042 0.68125 0.251042 0.68125 0.272917 0.664453 0.272917
0 0.694531 0.249479 0.712891 0.249479 0.712891 0.269792 0.694531 0.269792
0 0.741797 0.231771 0.760156 0.231771 0.760156 0.25625 0.741797 0.25625
0 0.374219 0.248438 0.391797 0.248438 0.391797 0.274479 0.374219 0.274479
0 0.376953 0.280208 0.400781 0.280208 0.400781 0.301562 0.376953 0.301562
0 0.428516 0.246354 0.451172 0.246354 0.451172 0.269792 0.428516 0.269792
0 0.427344 0.283854 0.448438 0.283854 0.448438 0.30625 0.427344 0.30625
0 0.325391 0.418229 0.342188 0.418229 0.342188 0.447917 0.325391 0.447917
0 0.347266 0.394792 0.370312 0.394792 0.370312 0.419792 0.347266 0.419792
0 0.392188 0.398438 0.4125 0.398438 0.4125 0.419271 0.392188 0.419271
0 0.423438 0.399479 0.443359 0.399479 0.443359 0.419271 0.423438 0.419271
0 0.394141 0.365625 0.416797 0.365625 0.416797 0.384375 0.394141 0.384375
0 0.367188 0.325521 0.382422 0.325521 0.382422 0.359896 0.367188 0.359896
0 0.332812 0.368229 0.347266 0.368229 0.347266 0.393229 0.332812 0.393229
0 0.407422 0.314062 0.423047 0.314062 0.423047 0.346354 0.407422 0.346354
0 0.439844 0.330729 0.454297 0.330729 0.454297 0.352604 0.439844 0.352604
0 0.301953 0.521875 0.319531 0.521875 0.319531 0.561979 0.301953 0.561979
0 0.34375 0.541146 0.358984 0.541146 0.358984 0.563021 0.34375 0.563021
0 0.383594 0.569271 0.402344 0.569271 0.402344 0.596354 0.383594 0.596354
0 0.403906 0.559896 0.417969 0.559896 0.417969 0.583333 0.403906 0.583333
0 0.425391 0.578125 0.442578 0.578125 0.442578 0.60625 0.425391 0.60625
0 0.329297 0.608854 0.35 0.608854 0.35 0.628646 0.329297 0.628646
0 0.3625 0.607812 0.380078 0.607812 0.380078 0.634896 0.3625 0.634896
0 0.392188 0.647396 0.405469 0.647396 0.405469 0.669271 0.392188 0.669271
0 0.423438 0.625 0.442188 0.625 0.442188 0.653125 0.423438 0.653125
0 0.301953 0.69375 0.318359 0.69375 0.318359 0.719271 0.301953 0.719271
0 0.325781 0.666667 0.342188 0.666667 0.342188 0.697396 0.325781 0.697396
0 0.355078 0.666667 0.373438 0.666667 0.373438 0.690104 0.355078 0.690104
0 0.366406 0.705729 0.389844 0.705729 0.389844 0.731771 0.366406 0.731771
0 0.384375 0.749479 0.403906 0.749479 0.403906 0.773958 0.384375 0.773958
0 0.288281 0.725 0.303906 0.725 0.303906 0.751042 0.288281 0.751042
0 0.333594 0.719271 0.350391 0.719271 0.350391 0.747396 0.333594 0.747396
0 0.359766 0.745312 0.376562 0.745312 0.376562 0.771875 0.359766 0.771875
0 0.380469 0.783854 0.400391 0.783854 0.400391 0.807812 0.380469 0.807812
0 0.339844 0.782812 0.355078 0.782812 0.355078 0.809896 0.339844 0.809896
0 0.321094 0.75625 0.341016 0.75625 0.341016 0.781771 0.321094 0.781771
0 0.462109 0.290104 0.476953 0.290104 0.476953 0.313021 0.462109 0.313021
0 0.484375 0.340104 0.50625 0.340104 0.50625 0.360938 0.484375 0.360938
0 0.509766 0.372917 0.525 0.372917 0.525 0.400521 0.509766 0.400521
0 0.472266 0.385938 0.491797 0.385938 0.491797 0.408854 0.472266 0.408854
0 0.396875 0.440104 0.415234 0.440104 0.415234 0.468229 0.396875 0.468229
0 0.441406 0.438021 0.4625 0.438021 0.4625 0.460417 0.441406 0.460417
0 0.470703 0.416146 0.490234 0.416146 0.490234 0.438542 0.470703 0.438542
0 0.463672 0.467708 0.483203 0.467708 0.483203 0.488542 0.463672 0.488542
0 0.448047 0.516146 0.467969 0.516146 0.467969 0.535417 0.448047 0.535417
0 0.490234 0.538021 0.505469 0.538021 0.505469 0.564583 0.490234 0.564583
0 0.447266 0.561979 0.466016 0.561979 0.466016 0.582292 0.447266 0.582292
0 0.453906 0.588021 0.473438 0.588021 0.473438 0.614062 0.453906 0.614062
0 0.990234 0.261979 0.999609 0.261979 0.999609 0.285938 0.990234 0.285938
0 0.989062 0.300521 0.999609 0.300521 0.999609 0.328646 0.989062 0.328646
0 0.976172 0.357292 0.990625 0.357292 0.990625 0.379167 0.976172 0.379167
0 0.810938 0.318229 0.829297 0.318229 0.829297 0.352083 0.810938 0.352083
0 0.786719 0.323438 0.805469 0.323438 0.805469 0.342708 0.786719 0.342708
0 0.820703 0.365104 0.837891 0.365104 0.837891 0.392708 0.820703 0.392708
0 0.845312 0.369271 0.865625 0.369271 0.865625 0.39375 0.845312 0.39375
0 0.843359 0.402083 0.860938 0.402083 0.860938 0.424479 0.843359 0.424479
0 0.703906 0.364062 0.726953 0.364062 0.726953 0.388021 0.703906 0.388021
0 0.758984 0.354167 0.777734 0.354167 0.777734 0.378125 0.758984 0.378125
0 0.778516 0.390625 0.796094 0.390625 0.796094 0.411458 0.778516 0.411458
0 0.74375 0.392708 0.764453 0.392708 0.764453 0.416667 0.74375 0.416667
0 0.749609 0.442708 0.764453 0.442708 0.764453 0.468229 0.749609 0.468229
0 0.780469 0.425521 0.799609 0.425521 0.799609 0.452083 0.780469 0.452083
0 0.705078 0.401042 0.726562 0.401042 0.726562 0.423958 0.705078 0.423958
0 0.641406 0.403125 0.657031 0.403125 0.657031 0.422917 0.641406 0.422917
0 0.675 0.41875 0.691797 0.41875 0.691797 0.445312 0.675 0.445312
0 0.707812 0.460417 0.726562 0.460417 0.726562 0.486458 0.707812 0.486458
0 0.601562 0.488542 0.619141 0.488542 0.619141 0.50625 0.601562 0.50625
0 0.649609 0.46875 0.668359 0.46875 0.668359 0.488021 0.649609 0.488021
0 0.643359 0.50625 0.663672 0.50625 0.663672 0.529167 0.643359 0.529167
0 0.612109 0.524479 0.630859 0.524479 0.630859 0.543229 0.612109 0.543229
0 0.647656 0.540104 0.667969 0.540104 0.667969 0.559896 0.647656 0.559896
0 0.851562 0.425 0.871875 0.425 0.871875 0.45 0.851562 0.45
0 0.868359 0.461458 0.890625 0.461458 0.890625 0.484896 0.868359 0.484896
0 0.867969 0.497917 0.885156 0.497917 0.885156 0.517708 0.867969 0.517708
0 0.835938 0.4875 0.85 0.4875 0.85 0.514583 0.835938 0.514583
0 0.807812 0.451562 0.825781 0.451562 0.825781 0.482292 0.807812 0.482292
0 0.76875 0.476042 0.792188 0.476042 0.792188 0.498958 0.76875 0.498958
0 0.788672 0.520312 0.814844 0.520312 0.814844 0.545833 0.788672 0.545833
0 0.845312 0.557292 0.866406 0.557292 0.866406 0.577083 0.845312 0.577083
0 0.876562 0.542188 0.891406 0.542188 0.891406 0.568229 0.876562 0.568229
0 0.746875 0.505208 0.771484 0.505208 0.771484 0.528646 0.746875 0.528646
0 0.704688 0.516667 0.730078 0.516667 0.730078 0.54375 0.704688 0.54375
0 0.710156 0.56875 0.727734 0.56875 0.727734 0.597917 0.710156 0.597917
0 0.739844 0.595312 0.754297 0.595312 0.754297 0.619271 0.739844 0.619271
0 0.677344 0.553125 0.696094 0.553125 0.696094 0.575 0.677344 0.575
0 0.779297 0.566146 0.804688 0.566146 0.804688 0.589062 0.779297 0.589062
0 0.580469 0.583854 0.601562 0.583854 0.601562 0.604688 0.580469 0.604688
0 0.619141 0.579688 0.642578 0.579688 0.642578 0.598958 0.619141 0.598958
0 0.641016 0.603646 0.660547 0.603646 0.660547 0.626042 0.641016 0.626042
0 0.666797 0.63125 0.689453 0.63125 0.689453 0.652604 0.666797 0.652604
0 0.611719 0.647917 0.632031 0.647917 0.632031 0.665625 0.611719 0.665625
0 0.546094 0.660417 0.571484 0.660417 0.571484 0.684375 0.546094 0.684375
0 0.573438 0.7125 0.594531 0.7125 0.594531 0.735417 0.573438 0.735417
0 0.6 0.688021 0.614844 0.688021 0.614844 0.7125 0.6 0.7125
0 0.642188 0.685417 0.669531 0.685417 0.669531 0.710938 0.642188 0.710938
0 0.680078 0.721875 0.699609 0.721875 0.699609 0.747917 0.680078 0.747917
0 0.526172 0.779688 0.545312 0.779688 0.545312 0.804167 0.526172 0.804167
0 0.543359 0.808854 0.560938 0.808854 0.560938 0.833854 0.543359 0.833854
0 0.584766 0.767708 0.605078 0.767708 0.605078 0.791146 0.584766 0.791146
0 0.612109 0.780729 0.633203 0.780729 0.633203 0.802083 0.612109 0.802083
0 0.599219 0.738542 0.621875 0.738542 0.621875 0.760417 0.599219 0.760417
0 0.630078 0.726042 0.650781 0.726042 0.650781 0.749479 0.630078 0.749479
0 0.572266 0.829688 0.592188 0.829688 0.592188 0.849479 0.572266 0.849479
0 0.614062 0.908854 0.632812 0.908854 0.632812 0.9375 0.614062 0.9375
0 0.642188 0.916667 0.660156 0.916667 0.660156 0.947396 0.642188 0.947396
0 0.662891 0.863021 0.683203 0.863021 0.683203 0.885417 0.662891 0.885417
0 0.699219 0.880208 0.720312 0.880208 0.720312 0.900521 0.699219 0.900521
0 0.705078 0.932812 0.726172 0.932812 0.726172 0.953646 0.705078 0.953646
0 0.680859 0.920312 0.702734 0.920312 0.702734 0.954167 0.680859 0.954167
0 0.704688 0.831771 0.726953 0.831771 0.726953 0.852083 0.704688 0.852083
0 0.746484 0.846875 0.769141 0.846875 0.769141 0.869792 0.746484 0.869792
0 0.769531 0.873958 0.791406 0.873958 0.791406 0.898958 0.769531 0.898958
0 0.764453 0.907812 0.784766 0.907812 0.784766 0.930729 0.764453 0.930729
0 0.735938 0.9 0.75625 0.9 0.75625 0.923958 0.735938 0.923958
0 0.759766 0.960938 0.777344 0.960938 0.777344 0.985417 0.759766 0.985417
0 0.668359 0.801562 0.686719 0.801562 0.686719 0.822917 0.668359 0.822917
0 0.707422 0.790104 0.726172 0.790104 0.726172 0.808854 0.707422 0.808854
0 0.665234 0.767708 0.686719 0.767708 0.686719 0.785417 0.665234 0.785417
0 0.714062 0.625521 0.732812 0.625521 0.732812 0.644792 0.714062 0.644792
0 0.696875 0.657812 0.716406 0.657812 0.716406 0.677083 0.696875 0.677083
0 0.732031 0.655208 0.755469 0.655208 0.755469 0.677604 0.732031 0.677604
0 0.768359 0.644271 0.783984 0.644271 0.783984 0.663021 0.768359 0.663021
0 0.773047 0.6875 0.793359 0.6875 0.793359 0.70625 0.773047 0.70625
0 0.719141 0.707812 0.739844 0.707812 0.739844 0.729167 0.719141 0.729167
0 0.71875 0.759896 0.736719 0.759896 0.736719 0.778125 0.71875 0.778125
0 0.745312 0.753125 0.759375 0.753125 0.759375 0.777083 0.745312 0.777083
0 0.759375 0.734896 0.777344 0.734896 0.777344 0.75625 0.759375 0.75625
0 0.803125 0.6625 0.822656 0.6625 0.822656 0.686979 0.803125 0.686979
0 0.832422 0.704688 0.855469 0.704688 0.855469 0.729688 0.832422 0.729688
0 0.853516 0.671875 0.872656 0.671875 0.872656 0.696875 0.853516 0.696875
0 0.825 0.615104 0.847266 0.615104 0.847266 0.636458 0.825 0.636458
0 0.858984 0.620312 0.873438 0.620312 0.873438 0.64375 0.858984 0.64375
0 0.894141 0.632812 0.910938 0.632812 0.910938 0.653125 0.894141 0.653125
0 0.859375 0.833854 0.876172 0.833854 0.876172 0.851562 0.859375 0.851562
0 0.835156 0.878646 0.854297 0.878646 0.854297 0.903125 0.835156 0.903125
0 0.8625 0.89375 0.880469 0.89375 0.880469 0.917188 0.8625 0.917188
0 0.809375 0.879688 0.823047 0.879688 0.823047 0.904167 0.809375 0.904167
0 0.796484 0.903646 0.816406 0.903646 0.816406 0.925521 0.796484 0.925521
0 0.816406 0.975521 0.842188 0.975521 0.842188 0.999479 0.816406 0.999479
0 0.848438 0.934375 0.872656 0.934375 0.872656 0.955729 0.848438 0.955729
0 0.963672 0.747396 0.983594 0.747396 0.983594 0.78125 0.963672 0.78125