0 0.028125 0.089583 0.045703 0.089583 0.045703 0.108854 0.028125 0.108854
0 0.064453 0.078125 0.082812 0.078125 0.082812 0.101562 0.064453 0.101562
0 0.032812 0.008854 0.057422 0.008854 0.057422 0.035417 0.032812 0.035417
0 0.092188 0.051562 0.114453 0.051562 0.114453 0.073958 0.092188 0.073958
0 0.117969 0.079167 0.136719 0.079167 0.136719 0.106771 0.117969 0.106771
0 0.153516 0.09375 0.174219 0.09375 0.174219 0.119271 0.153516 0.119271
0 0.186719 0.065104 0.201562 0.065104 0.201562 0.092708 0.186719 0.092708
0 0.159375 0.034375 0.177734 0.034375 0.177734 0.054167 0.159375 0.054167
0 0.000391 0.093229 0.017969 0.093229 0.017969 0.117708 0.000391 0.117708
0 0.037109 0.149479 0.060938 0.149479 0.060938 0.175 0.037109 0.175
0 0.073438 0.117188 0.093359 0.117188 0.093359 0.139062 0.073438 0.139062
0 0.119141 0.132812 0.137891 0.132812 0.137891 0.159896 0.119141 0.159896
0 0.069531 0.202083 0.0875 0.202083 0.0875 0.232812 0.069531 0.232812
0 0.105859 0.20625 0.13125 0.20625 0.13125 0.23125 0.105859 0.23125
0 0.003125 0.163021 0.025781 0.163021 0.025781 0.184896 0.003125 0.184896
0 0.039062 0.194271 0.058984 0.194271 0.058984 0.217188 0.039062 0.217188
0 0.092578 0.157292 0.110156 0.157292 0.110156 0.184375 0.092578 0.184375
0 0.148828 0.14375 0.169141 0.14375 0.169141 0.164062 0.148828 0.164062
0 0.142188 0.180208 0.161719 0.180208 0.161719 0.207812 0.142188 0.207812
0 0.026172 0.230729 0.053906 0.230729 0.053906 0.254688 0.026172 0.254688
0 0.085156 0.246354 0.110547 0.246354 0.110547 0.270312 0.085156 0.270312
0 0.010547 0.292188 0.032812 0.292188 0.032812 0.318229 0.010547 0.318229
0 0.045312 0.286458 0.064062 0.286458 0.064062 0.311458 0.045312 0.311458
0 0.076562 0.277604 0.094531 0.277604 0.094531 0.305729 0.076562 0.305729
0 0.016406 0.346354 0.0375 0.346354 0.0375 0.373958 0.016406 0.373958
0 0.330469 0.129167 0.350391 0.129167 0.350391 0.157812 0.330469 0.157812
0 0.367188 0.107812 0.386719 0.107812 0.386719 0.130729 0.367188 0.130729
0 0.371094 0.155208 0.391797 0.155208 0.391797 0.182812 0.371094 0.182812
0 0.392578 0.134375 0.410156 0.134375 0.410156 0.164583 0.392578 0.164583
0 0.294922 0.136979 0.310938 0.136979 0.310938 0.163021 0.294922 0.163021
0 0.285156 0.201042 0.303516 0.201042 0.303516 0.228646 0.285156 0.228646
0 0.295312 0.181771 0.313281 0.181771 0.313281 0.207292 0.295312 0.207292
0 0.316016 0.172396 0.330469 0.172396 0.330469 0.197396 0.316016 0.197396
0 0.25625 0.215104 0.274219 0.215104 0.274219 0.236458 0.25625 0.236458
0 0.237109 0.267188 0.257812 0.267188 0.257812 0.288021 0.237109 0.288021
0 0.233203 0.292188 0.251172 0.292188 0.251172 0.316667 0.233203 0.316667
0 0.222656 0.320312 0.241406 0.320312 0.241406 0.340104 0.222656 0.340104
0 0.227344 0.360938 0.250391 0.360938 0.250391 0.386458 0.227344 0.386458
0 0.256641 0.308854 0.276172 0.308854 0.276172 0.334375 0.256641 0.334375
0 0.273438 0.275521 0.288281 0.275521 0.288281 0.301562 0.273438 0.301562
0 0.29375 0.259375 0.313672 0.259375 0.313672 0.289583 0.29375 0.289583
0 0.313281 0.236458 0.336328 0.236458 0.336328 0.256771 0.313281 0.256771
0 0.336328 0.264583 0.352344 0.264583 0.352344 0.292708 0.336328 0.292708
0 0.352734 0.177083 0.368359 0.177083 0.368359 0.200521 0.352734 0.200521
0 0.372266 0.205729 0.39375 0.205729 0.39375 0.226042 0.372266 0.226042
0 0.373828 0.247396 0.391797 0.247396 0.391797 0.276042 0.373828 0.276042
0 0.376953 0.280729 0.401562 0.280729 0.401562 0.302604 0.376953 0.302604
0 0.429297 0.245312 0.451562 0.245312 0.451562 0.271354 0.429297 0.271354
0 0.488281 0.007292 0.507812 0.007292 0.507812 0.038021 0.488281 0.038021
0 0.383203 0.024479 0.405859 0.024479 0.405859 0.047396 0.383203 0.047396
0 0.419141 0.031771 0.441406 0.031771 0.441406 0.056771 0.419141 0.056771
0 0.441797 0.058333 0.460938 0.058333 0.460938 0.082292 0.441797 0.082292
0 0.467578 0.058854 0.488281 0.058854 0.488281 0.092188 0.467578 0.092188
0 0.4375 0.000521 0.456641 0.000521 0.456641 0.024479 0.4375 0.024479
0 0.534375 0.0375 0.551953 0.0375 0.551953 0.065104 0.534375 0.065104
0 0.507422 0.080208 0.525391 0.080208 0.525391 0.108333 0.507422 0.108333
0 0.534375 0.008854 0.555078 0.008854 0.555078 0.030729 0.534375 0.030729
0 0.565625 0.014062 0.589062 0.014062 0.589062 0.043229 0.565625 0.043229
0 0.605078 0.041146 0.623047 0.041146 0.623047 0.06875 0.605078 0.06875
0 0.573438 0.051562 0.592188 0.051562 0.592188 0.078646 0.573438 0.078646
0 0.535938 0.086979 0.555078 0.086979 0.555078 0.119792 0.535938 0.119792
0 0.491016 0.125 0.514062 0.125 0.514062 0.148438 0.491016 0.148438
0 0.554297 0.159375 0.570703 0.159375 0.570703 0.188542 0.554297 0.188542
0 0.534375 0.217708 0.552344 0.217708 0.552344 0.244792 0.534375 0.244792
0 0.574609 0.220312 0.59375 0.220312 0.59375 0.250521 0.574609 0.250521
0 0.639453 0.046875 0.665234 0.046875 0.665234 0.072396 0.639453 0.072396
0 0.583594 0.096875 0.602734 0.096875 0.602734 0.121354 0.583594 0.121354
0 0.580078 0.144271 0.601172 0.144271 0.601172 0.171354 0.580078 0.171354
0 0.644922 0.094792 0.6625 0.094792 0.6625 0.122396 0.644922 0.122396
0 0.628906 0.110417 0.644922 0.110417 0.644922 0.133854 0.628906 0.133854
0 0.688281 0.070312 0.715625 0.070312 0.715625 0.097917 0.688281 0.097917
0 0.726953 0.0875 0.747656 0.0875 0.747656 0.117708 0.726953 0.117708
0 0.749609 0.008854 0.767188 0.008854 0.767188 0.043229 0.749609 0.043229
0 0.707422 0.019792 0.724219 0.019792 0.724219 0.047917 0.707422 0.047917
0 0.678125 0.007812 0.696484 0.007812 0.696484 0.029688 0.678125 0.029688
0 0.753516 0.08125 0.773438 0.08125 0.773438 0.105729 0.753516 0.105729
0 0.780078 0.021354 0.798438 0.021354 0.798438 0.045833 0.780078 0.045833
0 0.666016 0.121354 0.685547 0.121354 0.685547 0.145833 0.666016 0.145833
0 0.702734 0.141146 0.720312 0.141146 0.720312 0.16875 0.702734 0.16875
0 0.733203 0.149479 0.750391 0.149479 0.750391 0.18125 0.733203 0.18125
0 0.764453 0.158854 0.779688 0.158854 0.779688 0.184896 0.764453 0.184896
0 0.605859 0.186458 0.624609 0.186458 0.624609 0.213542 0.605859 0.213542
0 0.644922 0.158854 0.667188 0.158854 0.667188 0.18125 0.644922 0.18125
0 0.652344 0.2 0.671875 0.2 0.671875 0.226042 0.652344 0.226042
0 0.625391 0.219271 0.642969 0.219271 0.642969 0.246875 0.625391 0.246875
0 0.687109 0.193229 0.711328 0.193229 0.711328 0.219792 0.687109 0.219792
0 0.796484 0.045312 0.820312 0.045312 0.820312 0.079688 0.796484 0.079688
0 0.844141 0.0625 0.863281 0.0625 0.863281 0.085417 0.844141 0.085417
0 0.817578 0.158854 0.835547 0.158854 0.835547 0.185417 0.817578 0.185417
0 0.798438 0.194271 0.816406 0.194271 0.816406 0.223438 0.798438 0.223438
0 0.766016 0.194792 0.787891 0.194792 0.787891 0.219271 0.766016 0.219271
0 0.723438 0.204688 0.747656 0.204688 0.747656 0.229688 0.723438 0.229688
0 0.742578 0.232292 0.758984 0.232292 0.758984 0.256771 0.742578 0.256771
0 0.693359 0.246354 0.714453 0.246354 0.714453 0.270833 0.693359 0.270833
0 0.838672 0.105208 0.857812 0.105208 0.857812 0.131771 0.838672 0.131771
0 0.858594 0.14375 0.874609 0.14375 0.874609 0.166667 0.858594 0.166667
0 0.871094 0.100521 0.8875 0.100521 0.8875 0.125 0.871094 0.125
0 0.623438 0.261979 0.644141 0.261979 0.644141 0.29375 0.623438 0.29375
0 0.662891 0.251042 0.680078 0.251042 0.680078 0.273958 0.662891 0.273958
0 0.757422 0.353646 0.778516 0.353646 0.778516 0.378646 0.757422 0.378646
0 0.785547 0.322396 0.805469 0.322396 0.805469 0.34375 0.785547 0.34375
0 0.811328 0.319792 0.829297 0.319792 0.829297 0.351042 0.811328 0.351042
0 0.819531 0.364062 0.838281 0.364062 0.838281 0.394792 0.819531 0.394792
0 0.845312 0.364583 0.865625 0.364583 0.865625 0.391146 0.845312 0.391146
0 0.843359 0.401562 0.862891 0.401562 0.862891 0.425521 0.843359 0.425521
0 0.705078 0.4 0.725781 0.4 0.725781 0.423438 0.705078 0.423438
0 0.743359 0.391146 0.763281 0.391146 0.763281 0.415104 0.743359 0.415104
0 0.780469 0.423958 0.800391 0.423958 0.800391 0.451042 0.780469 0.451042
0 0.747266 0.441146 0.766016 0.441146 0.766016 0.467708 0.747266 0.467708
0 0.70625 0.457812 0.728516 0.457812 0.728516 0.483854 0.70625 0.483854
0 0.672656 0.420833 0.691797 0.420833 0.691797 0.444271 0.672656 0.444271
0 0.777344 0.391146 0.798828 0.391146 0.798828 0.410417 0.777344 0.410417
0 0.703906 0.363021 0.727734 0.363021 0.727734 0.385938 0.703906 0.385938
0 0.639844 0.403125 0.658984 0.403125 0.658984 0.423958 0.639844 0.423958
0 0.647656 0.466667 0.668359 0.466667 0.668359 0.491146 0.647656 0.491146
0 0.786719 0.521875 0.816406 0.521875 0.816406 0.544792 0.786719 0.544792
0 0.767578 0.473958 0.794141 0.473958 0.794141 0.498438 0.767578 0.498438
0 0.808594 0.453125 0.827734 0.453125 0.827734 0.481771 0.808594 0.481771
0 0.850391 0.427083 0.870312 0.427083 0.870312 0.449479 0.850391 0.449479
0 0.867969 0.464062 0.890234 0.464062 0.890234 0.485417 0.867969 0.485417
0 0.836328 0.488542 0.851562 0.488542 0.851562 0.514583 0.836328 0.514583
0 0.864844 0.498438 0.885547 0.498438 0.885547 0.517188 0.864844 0.517188
0 0.745312 0.50625 0.771484 0.50625 0.771484 0.529688 0.745312 0.529688
0 0.778516 0.564062 0.804688 0.564062 0.804688 0.588021 0.778516 0.588021
0 0.875 0.542708 0.892969 0.542708 0.892969 0.569271 0.875 0.569271
0 0.163672 0.385417 0.187109 0.385417 0.187109 0.408333 0.163672 0.408333
0 0.163672 0.421875 0.185156 0.421875 0.185156 0.445312 0.163672 0.445312
0 0.172266 0.463542 0.192578 0.463542 0.192578 0.489583 0.172266 0.489583
0 0.194922 0.408333 0.215234 0.408333 0.215234 0.429167 0.194922 0.429167
0 0.205078 0.433854 0.222266 0.433854 0.222266 0.459375 0.205078 0.459375
0 0.235547 0.441146 0.251563 0.441146 0.251563 0.471875 0.235547 0.471875
0 0.225781 0.391146 0.250391 0.391146 0.250391 0.414062 0.225781 0.414062
0 0.271484 0.368229 0.291016 0.368229 0.291016 0.397917 0.271484 0.397917
0 0.28125 0.410938 0.301953 0.410938 0.301953 0.441146 0.28125 0.441146
0 0.266406 0.439062 0.285547 0.439062 0.285547 0.466667 0.266406 0.466667
0 0.324219 0.419271 0.342578 0.419271 0.342578 0.447917 0.324219 0.447917
0 0.346094 0.394792 0.371484 0.394792 0.371484 0.421875 0.346094 0.421875
0 0.331641 0.368229 0.348828 0.368229 0.348828 0.389583 0.331641 0.389583
0 0.320312 0.322396 0.335938 0.322396 0.335938 0.346875 0.320312 0.346875
0 0.335938 0.3125 0.352344 0.3125 0.352344 0.336458 0.335938 0.336458
0 0.364844 0.326562 0.383203 0.326562 0.383203 0.359375 0.364844 0.359375
0 0.392969 0.363542 0.416797 0.363542 0.416797 0.386458 0.392969 0.386458
0 0.386719 0.394792 0.413281 0.394792 0.413281 0.419271 0.386719 0.419271
0 0.421094 0.397917 0.444531 0.397917 0.444531 0.423438 0.421094 0.423438
0 0.394922 0.436979 0.416406 0.436979 0.416406 0.469271 0.394922 0.469271
0 0.441016 0.438021 0.461328 0.438021 0.461328 0.459375 0.441016 0.459375
0 0.467969 0.416146 0.489844 0.416146 0.489844 0.439062 0.467969 0.439062
0 0.461719 0.469271 0.483984 0.469271 0.483984 0.488021 0.461719 0.488021
0 0.251563 0.489583 0.26875 0.489583 0.26875 0.511979 0.251563 0.511979
0 0.246875 0.516146 0.267578 0.516146 0.267578 0.5375 0.246875 0.5375
0 0.301953 0.522396 0.319922 0.522396 0.319922 0.560938 0.301953 0.560938
0 0.343359 0.539583 0.359766 0.539583 0.359766 0.566667 0.343359 0.566667
0 0.179688 0.535417 0.203516 0.535417 0.203516 0.558333 0.179688 0.558333
0 0.217188 0.549479 0.235547 0.549479 0.235547 0.575 0.217188 0.575
0 0.241016 0.579688 0.259766 0.579688 0.259766 0.603646 0.241016 0.603646
0 0.206641 0.604688 0.230859 0.604688 0.230859 0.627604 0.206641 0.627604
0 0.244922 0.628125 0.268359 0.628125 0.268359 0.653646 0.244922 0.653646
0 0.330469 0.607812 0.35 0.607812 0.35 0.628125 0.330469 0.628125
0 0.082422 0.615625 0.10625 0.615625 0.10625 0.634375 0.082422 0.634375
0 0.062109 0.658333 0.082422 0.658333 0.082422 0.683333 0.062109 0.683333
0 0.092188 0.655208 0.114062 0.655208 0.114062 0.679688 0.092188 0.679688
0 0.119141 0.586979 0.139453 0.586979 0.139453 0.609896 0.119141 0.609896
0 0.146484 0.586979 0.163672 0.586979 0.163672 0.622917 0.146484 0.622917
0 0.146094 0.538021 0.171484 0.538021 0.171484 0.560938 0.146094 0.560938
0 0.1625 0.575521 0.182031 0.575521 0.182031 0.596354 0.1625 0.596354
0 0.149219 0.628646 0.175781 0.628646 0.175781 0.651042 0.149219 0.651042
0 0.025781 0.880729 0.045312 0.880729 0.045312 0.902083 0.025781 0.902083
0 0.036719 0.920312 0.057422 0.920312 0.057422 0.945312 0.036719 0.945312
0 0.054297 0.840104 0.074219 0.840104 0.074219 0.8625 0.054297 0.8625
0 0.026562 0.817188 0.04375 0.817188 0.04375 0.841667 0.026562 0.841667
0 0.080469 0.954688 0.101172 0.954688 0.101172 0.984896 0.080469 0.984896
0 0.116406 0.953125 0.140234 0.953125 0.140234 0.978125 0.116406 0.978125
0 0.046484 0.974479 0.066406 0.974479 0.066406 0.998958 0.046484 0.998958
0 0.151562 0.78125 0.169922 0.78125 0.169922 0.80625 0.151562 0.80625
0 0.120312 0.807292 0.14375 0.807292 0.14375 0.828646 0.120312 0.828646
0 0.153906 0.729167 0.166797 0.729167 0.166797 0.748438 0.153906 0.748438
0 0.172656 0.718229 0.197656 0.718229 0.197656 0.742188 0.172656 0.742188
0 0.163672 0.839062 0.184375 0.839062 0.184375 0.861979 0.163672 0.861979
0 0.190625 0.802083 0.2125 0.802083 0.2125 0.83125 0.190625 0.83125
0 0.209375 0.759375 0.228516 0.759375 0.228516 0.790625 0.209375 0.790625
0 0.230859 0.815104 0.246875 0.815104 0.246875 0.840104 0.230859 0.840104
0 0.240234 0.734896 0.262109 0.734896 0.262109 0.758333 0.240234 0.758333
0 0.269922 0.75625 0.290234 0.75625 0.290234 0.78125 0.269922 0.78125
0 0.285938 0.723958 0.305859 0.723958 0.305859 0.747917 0.285938 0.747917
0 0.178906 0.678125 0.204297 0.678125 0.204297 0.7 0.178906 0.7
0 0.200391 0.659375 0.220312 0.659375 0.220312 0.682812 0.200391 0.682812
0 0.135156 0.675521 0.153906 0.675521 0.153906 0.697917 0.135156 0.697917
0 0.238672 0.678125 0.2625 0.678125 0.2625 0.704167 0.238672 0.704167
0 0.3 0.692188 0.317188 0.692188 0.317188 0.719792 0.3 0.719792
0 0.325 0.668229 0.34375 0.668229 0.34375 0.698438 0.325 0.698438
0 0.331641 0.716146 0.351172 0.716146 0.351172 0.751042 0.331641 0.751042
0 0.297656 0.776562 0.312891 0.776562 0.312891 0.80625 0.297656 0.80625
0 0.322266 0.75625 0.339453 0.75625 0.339453 0.78125 0.322266 0.78125
0 0.265625 0.836458 0.282812 0.836458 0.282812 0.865625 0.265625 0.865625
0 0.246094 0.853125 0.263281 0.853125 0.263281 0.88125 0.246094 0.88125
0 0.228906 0.876562 0.246094 0.876562 0.246094 0.903646 0.228906 0.903646
0 0.269141 0.877083 0.285938 0.877083 0.285938 0.906771 0.269141 0.906771
0 0.294141 0.841146 0.310547 0.841146 0.310547 0.867188 0.294141 0.867188
0 0.339062 0.783854 0.35625 0.783854 0.35625 0.811979 0.339062 0.811979
0 0.378125 0.783333 0.401562 0.783333 0.401562 0.807812 0.378125 0.807812
0 0.360156 0.744792 0.377734 0.744792 0.377734 0.777083 0.360156 0.777083
0 0.385156 0.748438 0.403516 0.748438 0.403516 0.774479 0.385156 0.774479
0 0.364062 0.707292 0.389844 0.707292 0.389844 0.73125 0.364062 0.73125
0 0.356641 0.667188 0.373047 0.667188 0.373047 0.683333 0.356641 0.683333
0 0.391016 0.645833 0.408984 0.645833 0.408984 0.672396 0.391016 0.672396
0 0.423047 0.625521 0.440234 0.625521 0.440234 0.653646 0.423047 0.653646
0 0.360547 0.607812 0.380078 0.607812 0.380078 0.6375 0.360547 0.6375
0 0.382812 0.569792 0.401172 0.569792 0.401172 0.596354 0.382812 0.596354
0 0.545703 0.658854 0.572266 0.658854 0.572266 0.683854 0.545703 0.683854
0 0.570312 0.709375 0.595312 0.709375 0.595312 0.735938 0.570312 0.735938
0 0.526172 0.774479 0.544922 0.774479 0.544922 0.804167 0.526172 0.804167
0 0.543359 0.809896 0.560156 0.809896 0.560156 0.834896 0.543359 0.834896
0 0.583203 0.766146 0.603516 0.766146 0.603516 0.792188 0.583203 0.792188
0 0.570312 0.826562 0.593359 0.826562 0.593359 0.849479 0.570312 0.849479
0 0.6125 0.779167 0.634375 0.779167 0.634375 0.802083 0.6125 0.802083
0 0.597266 0.734375 0.623438 0.734375 0.623438 0.759375 0.597266 0.759375
0 0.627344 0.723958 0.652344 0.723958 0.652344 0.748438 0.627344 0.748438
0 0.598047 0.691146 0.616406 0.691146 0.616406 0.713021 0.598047 0.713021
0 0.640234 0.686458 0.668359 0.686458 0.668359 0.710417 0.640234 0.710417
0 0.446094 0.515625 0.46875 0.515625 0.46875 0.535417 0.446094 0.535417
0 0.444531 0.561458 0.466406 0.561458 0.466406 0.579167 0.444531 0.579167
0 0.453125 0.588542 0.472656 0.588542 0.472656 0.613542 0.453125 0.613542
0 0.488281 0.538542 0.507812 0.538542 0.507812 0.566146 0.488281 0.566146
0 0.425 0.577604 0.441406 0.577604 0.441406 0.605729 0.425 0.605729
0 0.402734 0.556771 0.420703 0.556771 0.420703 0.586458 0.402734 0.586458
0 0.507422 0.371875 0.524219 0.371875 0.524219 0.398958 0.507422 0.398958
0 0.471875 0.386458 0.49375 0.386458 0.49375 0.408854 0.471875 0.408854
0 0.483594 0.342188 0.507031 0.342188 0.507031 0.361458 0.483594 0.361458
0 0.438281 0.329167 0.455859 0.329167 0.455859 0.354167 0.438281 0.354167
0 0.405078 0.313542 0.425 0.313542 0.425 0.347396 0.405078 0.347396
0 0.648438 0.5375 0.66875 0.5375 0.66875 0.560417 0.648438 0.560417
0 0.677344 0.553125 0.697266 0.553125 0.697266 0.577083 0.677344 0.577083
0 0.708594 0.569271 0.728516 0.569271 0.728516 0.598438 0.708594 0.598438
0 0.70625 0.519271 0.729297 0.519271 0.729297 0.544271 0.70625 0.544271
0 0.642578 0.506771 0.662109 0.506771 0.662109 0.530729 0.642578 0.530729
0 0.6 0.486979 0.620312 0.486979 0.620312 0.506771 0.6 0.506771
0 0.612109 0.523438 0.633203 0.523438 0.633203 0.546354 0.612109 0.546354
0 0.617188 0.579688 0.642578 0.579688 0.642578 0.600521 0.617188 0.600521
0 0.580469 0.582812 0.601562 0.582812 0.601562 0.604688 0.580469 0.604688
0 0.639453 0.604688 0.660938 0.604688 0.660938 0.626562 0.639453 0.626562
0 0.610938 0.648958 0.633984 0.648958 0.633984 0.66875 0.610938 0.66875
0 0.664844 0.633333 0.690625 0.633333 0.690625 0.653125 0.664844 0.653125
0 0.678516 0.724479 0.701562 0.724479 0.701562 0.748438 0.678516 0.748438
0 0.663672 0.765104 0.687891 0.765104 0.687891 0.786979 0.663672 0.786979
0 0.717578 0.709896 0.741406 0.709896 0.741406 0.730208 0.717578 0.730208
0 0.730469 0.653646 0.752344 0.653646 0.752344 0.677083 0.730469 0.677083
0 0.766797 0.644271 0.785938 0.644271 0.785938 0.665625 0.766797 0.665625
0 0.770703 0.6875 0.794141 0.6875 0.794141 0.709375 0.770703 0.709375
0 0.757031 0.732812 0.778906 0.732812 0.778906 0.75625 0.757031 0.75625
0 0.667969 0.798438 0.686328 0.798438 0.686328 0.822917 0.667969 0.822917
0 0.739844 0.596354 0.751953 0.596354 0.751953 0.620312 0.739844 0.620312
0 0.823047 0.615104 0.846484 0.615104 0.846484 0.636979 0.823047 0.636979
0 0.805469 0.664583 0.817969 0.664583 0.817969 0.689062 0.805469 0.689062
0 0.832422 0.705208 0.855469 0.705208 0.855469 0.728125 0.832422 0.728125
0 0.853125 0.673438 0.869531 0.673438 0.869531 0.69375 0.853125 0.69375
0 0.858594 0.622917 0.873828 0.622917 0.873828 0.644271 0.858594 0.644271
0 0.892969 0.629688 0.9125 0.629688 0.9125 0.654167 0.892969 0.654167
0 0.703125 0.830729 0.726953 0.830729 0.726953 0.851562 0.703125 0.851562
0 0.717578 0.761458 0.735938 0.761458 0.735938 0.777604 0.717578 0.777604
0 0.612891 0.909896 0.632422 0.909896 0.632422 0.9375 0.612891 0.9375
0 0.641016 0.917708 0.660938 0.917708 0.660938 0.947396 0.641016 0.947396
0 0.659766 0.861979 0.682812 0.861979 0.682812 0.885417 0.659766 0.885417
0 0.695703 0.880208 0.717578 0.880208 0.717578 0.9 0.695703 0.9
0 0.744531 0.849479 0.769531 0.849479 0.769531 0.872917 0.744531 0.872917
0 0.735547 0.899479 0.75625 0.899479 0.75625 0.925 0.735547 0.925
0 0.76875 0.871875 0.792188 0.871875 0.792188 0.898438 0.76875 0.898438
0 0.763281 0.907292 0.783203 0.907292 0.783203 0.928646 0.763281 0.928646
0 0.793359 0.901562 0.817578 0.901562 0.817578 0.924479 0.793359 0.924479
0 0.804297 0.871875 0.826562 0.871875 0.826562 0.904688 0.804297 0.904688
0 0.704297 0.790625 0.727734 0.790625 0.727734 0.811458 0.704297 0.811458
0 0.74375 0.753646 0.763281 0.753646 0.763281 0.777083 0.74375 0.777083
0 0.757812 0.957812 0.778906 0.957812 0.778906 0.984896 0.757812 0.984896
0 0.859375 0.83125 0.877734 0.83125 0.877734 0.852604 0.859375 0.852604
0 0.834766 0.878646 0.857031 0.878646 0.857031 0.903125 0.834766 0.903125
0 0.861328 0.894271 0.881641 0.894271 0.881641 0.917188 0.861328 0.917188
0 0.849609 0.933333 0.871484 0.933333 0.871484 0.957292 0.849609 0.957292
0 0.963672 0.751042 0.983984 0.751042 0.983984 0.782292 0.963672 0.782292