0 0.526953 0.639062 0.546094 0.639062 0.546094 0.661979 0.526953 0.661979
0 0.544531 0.623438 0.565234 0.623438 0.565234 0.646354 0.544531 0.646354
0 0.566406 0.6125 0.584375 0.6125 0.584375 0.640625 0.566406 0.640625
0 0.589062 0.630208 0.609375 0.630208 0.609375 0.661458 0.589062 0.661458
0 0.617578 0.649479 0.643359 0.649479 0.643359 0.673958 0.617578 0.673958
0 0.549609 0.681771 0.571484 0.681771 0.571484 0.7 0.549609 0.7
0 0.586328 0.685938 0.6125 0.685938 0.6125 0.707812 0.586328 0.707812
0 0.589844 0.716146 0.611328 0.716146 0.611328 0.736458 0.589844 0.736458
0 0.627734 0.696354 0.649219 0.696354 0.649219 0.723958 0.627734 0.723958
0 0.630078 0.616667 0.655469 0.616667 0.655469 0.645833 0.630078 0.645833
0 0.545703 0.588021 0.566797 0.588021 0.566797 0.604688 0.545703 0.604688
0 0.55625 0.554688 0.579688 0.554688 0.579688 0.579688 0.55625 0.579688
0 0.499609 0.563021 0.51875 0.563021 0.51875 0.5875 0.499609 0.5875
0 0.477344 0.527083 0.494531 0.527083 0.494531 0.549479 0.477344 0.549479
0 0.520703 0.532812 0.551562 0.532812 0.551562 0.555729 0.520703 0.555729
0 0.503516 0.509896 0.525391 0.509896 0.525391 0.534375 0.503516 0.534375
0 0.489062 0.479688 0.510156 0.479688 0.510156 0.503125 0.489062 0.503125
0 0.523828 0.48125 0.551953 0.48125 0.551953 0.501042 0.523828 0.501042
0 0.554688 0.472396 0.575391 0.472396 0.575391 0.503646 0.554688 0.503646
0 0.575391 0.519792 0.596484 0.519792 0.596484 0.539583 0.575391 0.539583
0 0.420312 0.564583 0.445312 0.564583 0.445312 0.586458 0.420312 0.586458
0 0.437109 0.610938 0.453125 0.610938 0.453125 0.628646 0.437109 0.628646
0 0.407422 0.605729 0.428906 0.605729 0.428906 0.632292 0.407422 0.632292
0 0.423438 0.649479 0.447266 0.649479 0.447266 0.671354 0.423438 0.671354
0 0.422266 0.692708 0.445312 0.692708 0.445312 0.720312 0.422266 0.720312
0 0.474219 0.697917 0.492578 0.697917 0.492578 0.724479 0.474219 0.724479
0 0.438672 0.727604 0.462891 0.727604 0.462891 0.747396 0.438672 0.747396
0 0.477344 0.739583 0.501172 0.739583 0.501172 0.764062 0.477344 0.764062
0 0.516016 0.415104 0.544141 0.415104 0.544141 0.438021 0.516016 0.438021
0 0.554297 0.43125 0.570312 0.43125 0.570312 0.457812 0.554297 0.457812
0 0.582422 0.436458 0.603516 0.436458 0.603516 0.459896 0.582422 0.459896
0 0.608594 0.441667 0.632812 0.441667 0.632812 0.470312 0.608594 0.470312
0 0.584375 0.467188 0.613281 0.467188 0.613281 0.499479 0.584375 0.499479
0 0.514844 0.452083 0.539453 0.452083 0.539453 0.473958 0.514844 0.473958
0 0.4625 0.445833 0.483984 0.445833 0.483984 0.472917 0.4625 0.472917
0 0.622656 0.490625 0.641016 0.490625 0.641016 0.511979 0.622656 0.511979
0 0.653125 0.479688 0.673047 0.479688 0.673047 0.509896 0.653125 0.509896
0 0.622656 0.53125 0.646094 0.53125 0.646094 0.552604 0.622656 0.552604
0 0.669141 0.517188 0.686328 0.517188 0.686328 0.546875 0.669141 0.546875
0 0.701953 0.504167 0.723438 0.504167 0.723438 0.533333 0.701953 0.533333
0 0.686328 0.55625 0.708203 0.55625 0.708203 0.577604 0.686328 0.577604
0 0.665234 0.557812 0.68125 0.557812 0.68125 0.581771 0.665234 0.581771
0 0.64375 0.583854 0.662891 0.583854 0.662891 0.615104 0.64375 0.615104
0 0.669531 0.601562 0.685547 0.601562 0.685547 0.629688 0.669531 0.629688
0 0.691016 0.625 0.717969 0.625 0.717969 0.647396 0.691016 0.647396
0 0.708594 0.588021 0.724219 0.588021 0.724219 0.617708 0.708594 0.617708
0 0.749609 0.538542 0.767188 0.538542 0.767188 0.569271 0.749609 0.569271
0 0.756641 0.578125 0.780859 0.578125 0.780859 0.60625 0.756641 0.60625
0 0.785938 0.555208 0.807422 0.555208 0.807422 0.589062 0.785938 0.589062
0 0.769922 0.604688 0.794141 0.604688 0.794141 0.634896 0.769922 0.634896
0 0.805078 0.620312 0.830078 0.620312 0.830078 0.645833 0.805078 0.645833
0 0.817188 0.586458 0.8375 0.586458 0.8375 0.613542 0.817188 0.613542
0 0.834766 0.651562 0.851562 0.651562 0.851562 0.678125 0.834766 0.678125
0 0.801172 0.667188 0.823438 0.667188 0.823438 0.6875 0.801172 0.6875
0 0.822656 0.701042 0.841406 0.701042 0.841406 0.733333 0.822656 0.733333
0 0.833984 0.740104 0.850391 0.740104 0.850391 0.760417 0.833984 0.760417
0 0.746094 0.653646 0.76875 0.653646 0.76875 0.678125 0.746094 0.678125
0 0.766016 0.678646 0.794531 0.678646 0.794531 0.707292 0.766016 0.707292
0 0.764453 0.728125 0.785938 0.728125 0.785938 0.755208 0.764453 0.755208
0 0.794531 0.721354 0.813281 0.721354 0.813281 0.74375 0.794531 0.74375
0 0.798047 0.771354 0.821875 0.771354 0.821875 0.803646 0.798047 0.803646
0 0.811719 0.806771 0.834766 0.806771 0.834766 0.825 0.811719 0.825
0 0.796875 0.826562 0.820703 0.826562 0.820703 0.847917 0.796875 0.847917
0 0.753906 0.799479 0.784375 0.799479 0.784375 0.826042 0.753906 0.826042
0 0.743359 0.754688 0.763281 0.754688 0.763281 0.781771 0.743359 0.781771
0 0.7375 0.722396 0.755078 0.722396 0.755078 0.746354 0.7375 0.746354
0 0.715234 0.676042 0.740625 0.676042 0.740625 0.701562 0.715234 0.701562
0 0.670703 0.670312 0.692188 0.670312 0.692188 0.7 0.670703 0.7
0 0.686328 0.708333 0.714844 0.708333 0.714844 0.738542 0.686328 0.738542
0 0.708594 0.753646 0.727344 0.753646 0.727344 0.784896 0.708594 0.784896
0 0.676172 0.760938 0.694922 0.760938 0.694922 0.790625 0.676172 0.790625
0 0.627734 0.744271 0.655859 0.744271 0.655859 0.770833 0.627734 0.770833
0 0.710938 0.802083 0.732812 0.802083 0.732812 0.824479 0.710938 0.824479
0 0.732422 0.834375 0.748828 0.834375 0.748828 0.856771 0.732422 0.856771
0 0.682812 0.819792 0.704297 0.819792 0.704297 0.853125 0.682812 0.853125
0 0.65625 0.799479 0.68125 0.799479 0.68125 0.823438 0.65625 0.823438
0 0.689453 0.855208 0.719922 0.855208 0.719922 0.880208 0.689453 0.880208
0 0.646484 0.841146 0.669141 0.841146 0.669141 0.868229 0.646484 0.868229
0 0.611328 0.790625 0.632812 0.790625 0.632812 0.825 0.611328 0.825
0 0.688281 0.902083 0.717188 0.902083 0.717188 0.920312 0.688281 0.920312
0 0.636328 0.891667 0.664844 0.891667 0.664844 0.919792 0.636328 0.919792
0 0.605078 0.902083 0.629688 0.902083 0.629688 0.936979 0.605078 0.936979
0 0.579688 0.88125 0.602734 0.88125 0.602734 0.905729 0.579688 0.905729
0 0.637109 0.932812 0.658984 0.932812 0.658984 0.959375 0.637109 0.959375
0 0.592188 0.970833 0.613281 0.970833 0.613281 0.998438 0.592188 0.998438
0 0.666406 0.948438 0.689844 0.948438 0.689844 0.980729 0.666406 0.980729
0 0.687109 0.970312 0.710547 0.970312 0.710547 0.999479 0.687109 0.999479
0 0.717188 0.964583 0.733984 0.964583 0.733984 0.992708 0.717188 0.992708
0 0.736328 0.951562 0.754297 0.951562 0.754297 0.973438 0.736328 0.973438
0 0.742969 0.90625 0.765234 0.90625 0.765234 0.932812 0.742969 0.932812
0 0.803516 0.935417 0.821875 0.935417 0.821875 0.963021 0.803516 0.963021
0 0.814453 0.971354 0.836719 0.971354 0.836719 0.998438 0.814453 0.998438
0 0.821875 0.905208 0.844922 0.905208 0.844922 0.938542 0.821875 0.938542
0 0.851172 0.890625 0.867188 0.890625 0.867188 0.914583 0.851172 0.914583
0 0.882812 0.659375 0.901562 0.659375 0.901562 0.682292 0.882812 0.682292
0 0.891016 0.635417 0.913281 0.635417 0.913281 0.661979 0.891016 0.661979
0 0.934375 0.667188 0.950781 0.667188 0.950781 0.701042 0.934375 0.701042
0 0.941797 0.605729 0.958203 0.605729 0.958203 0.634375 0.941797 0.634375
0 0.953125 0.640625 0.96875 0.640625 0.96875 0.670833 0.953125 0.670833
0 0.954297 0.696875 0.974219 0.696875 0.974219 0.725521 0.954297 0.725521
0 0.951172 0.735938 0.975781 0.735938 0.975781 0.760938 0.951172 0.760938
0 0.925 0.769271 0.945703 0.769271 0.945703 0.798438 0.925 0.798438
0 0.950781 0.777083 0.971484 0.777083 0.971484 0.803646 0.950781 0.803646
0 0.950781 0.809896 0.979688 0.809896 0.979688 0.832292 0.950781 0.832292
0 0.968359 0.830208 0.987109 0.830208 0.987109 0.851562 0.968359 0.851562
0 0.941406 0.884375 0.959766 0.884375 0.959766 0.917708 0.941406 0.917708
0 0.548438 0.764062 0.569531 0.764062 0.569531 0.792188 0.548438 0.792188
0 0.512109 0.761458 0.533594 0.761458 0.533594 0.795312 0.512109 0.795312
0 0.542188 0.807812 0.559766 0.807812 0.559766 0.841146 0.542188 0.841146
0 0.516797 0.833333 0.535938 0.833333 0.535938 0.863542 0.516797 0.863542
0 0.544531 0.844271 0.560938 0.844271 0.560938 0.875 0.544531 0.875
0 0.507812 0.872396 0.530078 0.872396 0.530078 0.902604 0.507812 0.902604
0 0.48125 0.823958 0.505859 0.823958 0.505859 0.852604 0.48125 0.852604
0 0.479297 0.786979 0.505859 0.786979 0.505859 0.811979 0.479297 0.811979
0 0.441016 0.773438 0.466016 0.773438 0.466016 0.796875 0.441016 0.796875
0 0.453125 0.863021 0.471875 0.863021 0.471875 0.897917 0.453125 0.897917
0 0.467188 0.910417 0.489453 0.910417 0.489453 0.931771 0.467188 0.931771
0 0.429688 0.825 0.447266 0.825 0.447266 0.856771 0.429688 0.856771
0 0.416016 0.783854 0.437109 0.783854 0.437109 0.813021 0.416016 0.813021
0 0.379688 0.805208 0.409375 0.805208 0.409375 0.826562 0.379688 0.826562
0 0.405859 0.838542 0.424219 0.838542 0.424219 0.867188 0.405859 0.867188
0 0.416406 0.890625 0.440234 0.890625 0.440234 0.916667 0.416406 0.916667
0 0.373047 0.832812 0.391406 0.832812 0.391406 0.858333 0.373047 0.858333
0 0.342969 0.833333 0.366797 0.833333 0.366797 0.866667 0.342969 0.866667
0 0.375391 0.493229 0.392969 0.493229 0.392969 0.526562 0.375391 0.526562
0 0.408203 0.510417 0.426953 0.510417 0.426953 0.5375 0.408203 0.5375
0 0.395312 0.525 0.416797 0.525 0.416797 0.563542 0.395312 0.563542
0 0.380859 0.594271 0.399219 0.594271 0.399219 0.626042 0.380859 0.626042
0 0.38125 0.69375 0.40625 0.69375 0.40625 0.719271 0.38125 0.719271
0 0.364453 0.652604 0.385156 0.652604 0.385156 0.688542 0.364453 0.688542
0 0.377344 0.734375 0.413281 0.734375 0.413281 0.76875 0.377344 0.76875
0 0.377734 0.773438 0.407031 0.773438 0.407031 0.798438 0.377734 0.798438
0 0.345703 0.775521 0.364453 0.775521 0.364453 0.810417 0.345703 0.810417
0 0.349609 0.613542 0.374609 0.613542 0.374609 0.646875 0.349609 0.646875
0 0.322656 0.613542 0.346094 0.613542 0.346094 0.642188 0.322656 0.642188
0 0.346875 0.567188 0.368359 0.567188 0.368359 0.598438 0.346875 0.598438
0 0.321484 0.547396 0.345703 0.547396 0.345703 0.571875 0.321484 0.571875
0 0.329688 0.508333 0.352734 0.508333 0.352734 0.540625 0.329688 0.540625
0 0.311328 0.497917 0.329297 0.497917 0.329297 0.528125 0.311328 0.528125
0 0.290625 0.498958 0.311328 0.498958 0.311328 0.521875 0.290625 0.521875
0 0.287891 0.538542 0.308594 0.538542 0.308594 0.567188 0.287891 0.567188
0 0.264453 0.501042 0.289844 0.501042 0.289844 0.540625 0.264453 0.540625
0 0.305078 0.573958 0.326953 0.573958 0.326953 0.602604 0.305078 0.602604
0 0.298438 0.630729 0.319922 0.630729 0.319922 0.663021 0.298438 0.663021
0 0.300781 0.678125 0.323438 0.678125 0.323438 0.717188 0.300781 0.717188
0 0.26875 0.630729 0.295703 0.630729 0.295703 0.659375 0.26875 0.659375
0 0.275781 0.586458 0.302734 0.586458 0.302734 0.622396 0.275781 0.622396
0 0.225781 0.613021 0.246484 0.613021 0.246484 0.645833 0.225781 0.645833
0 0.229297 0.678125 0.250781 0.678125 0.250781 0.710417 0.229297 0.710417
0 0.260156 0.708854 0.286328 0.708854 0.286328 0.738021 0.260156 0.738021
0 0.241016 0.741146 0.260156 0.741146 0.260156 0.775 0.241016 0.775
0 0.261328 0.770312 0.286328 0.770312 0.286328 0.811458 0.261328 0.811458
0 0.295703 0.742708 0.320703 0.742708 0.320703 0.767708 0.295703 0.767708
0 0.311328 0.801562 0.329688 0.801562 0.329688 0.830208 0.311328 0.830208
0 0.205078 0.555729 0.235938 0.555729 0.235938 0.592708 0.205078 0.592708
0 0.194531 0.595833 0.217188 0.595833 0.217188 0.628125 0.194531 0.628125
0 0.166797 0.596875 0.191016 0.596875 0.191016 0.625 0.166797 0.625
0 0.141797 0.592708 0.164844 0.592708 0.164844 0.621354 0.141797 0.621354
0 0.148828 0.630729 0.170312 0.630729 0.170312 0.657292 0.148828 0.657292
0 0.164844 0.645312 0.188281 0.645312 0.188281 0.678125 0.164844 0.678125
0 0.194531 0.682292 0.223828 0.682292 0.223828 0.708854 0.194531 0.708854
0 0.180469 0.726562 0.201562 0.726562 0.201562 0.751562 0.180469 0.751562
0 0.207422 0.749479 0.233594 0.749479 0.233594 0.776042 0.207422 0.776042
0 0.210156 0.721875 0.232422 0.721875 0.232422 0.745833 0.210156 0.745833
0 0.201172 0.782812 0.235938 0.782812 0.235938 0.811458 0.201172 0.811458
0 0.164062 0.752604 0.192578 0.752604 0.192578 0.775 0.164062 0.775
0 0.217578 0.8125 0.238672 0.8125 0.238672 0.833854 0.217578 0.833854
0 0.208984 0.890104 0.228516 0.890104 0.228516 0.910417 0.208984 0.910417
0 0.285156 0.965104 0.304688 0.965104 0.304688 0.994271 0.285156 0.994271
0 0.223828 0.946354 0.242578 0.946354 0.242578 0.979167 0.223828 0.979167
0 0.199609 0.927083 0.219922 0.927083 0.219922 0.952604 0.199609 0.952604
0 0.170703 0.953125 0.192969 0.953125 0.192969 0.985417 0.170703 0.985417
0 0.143359 0.958333 0.163672 0.958333 0.163672 0.9875 0.143359 0.9875
0 0.070703 0.809896 0.09375 0.809896 0.09375 0.832292 0.070703 0.832292
0 0.041406 0.859896 0.062891 0.859896 0.062891 0.885938 0.041406 0.885938
0 0.0 0.811979 0.019141 0.811979 0.019141 0.849479 0.0 0.849479
0 0.0 0.857812 0.019922 0.857812 0.019922 0.893229 0.0 0.893229
0 0.063281 0.750521 0.083594 0.750521 0.083594 0.784896 0.063281 0.784896
0 0.04375 0.7375 0.065234 0.7375 0.065234 0.763542 0.04375 0.763542
0 0.002734 0.764062 0.020703 0.764062 0.020703 0.79375 0.002734 0.79375
0 0.031641 0.699479 0.050391 0.699479 0.050391 0.73125 0.031641 0.73125
0 0.057422 0.692188 0.078125 0.692188 0.078125 0.726042 0.057422 0.726042
0 0.024609 0.664062 0.042578 0.664062 0.042578 0.689062 0.024609 0.689062
0 0.007031 0.694271 0.026172 0.694271 0.026172 0.720833 0.007031 0.720833
0 0.046094 0.635417 0.064062 0.635417 0.064062 0.659896 0.046094 0.659896
0 0.006641 0.185417 0.028906 0.185417 0.028906 0.2125 0.006641 0.2125
0 0.053125 0.21875 0.071094 0.21875 0.071094 0.247917 0.053125 0.247917
0 0.023047 0.261979 0.053125 0.261979 0.053125 0.284375 0.023047 0.284375
0 0.008984 0.233333 0.03125 0.233333 0.03125 0.254167 0.008984 0.254167
0 0.089062 0.298438 0.111719 0.298438 0.111719 0.319271 0.089062 0.319271
0 0.106641 0.263021 0.129688 0.263021 0.129688 0.285417 0.106641 0.285417
0 0.140625 0.249479 0.160938 0.249479 0.160938 0.280729 0.140625 0.280729
0 0.099609 0.194792 0.125781 0.194792 0.125781 0.215104 0.099609 0.215104
0 0.120312 0.155208 0.141406 0.155208 0.141406 0.185417 0.120312 0.185417
0 0.063672 0.140104 0.085156 0.140104 0.085156 0.165625 0.063672 0.165625
0 0.078125 0.174479 0.096484 0.174479 0.096484 0.2 0.078125 0.2
0 0.098828 0.129688 0.121484 0.129688 0.121484 0.154688 0.098828 0.154688
0 0.023438 0.293229 0.049219 0.293229 0.049219 0.320312 0.023438 0.320312
0 0.009766 0.330729 0.036328 0.330729 0.036328 0.359375 0.009766 0.359375
0 0.053516 0.303125 0.073438 0.303125 0.073438 0.336458 0.053516 0.336458
0 0.079688 0.338021 0.105469 0.338021 0.105469 0.367188 0.079688 0.367188
0 0.11875 0.325521 0.138281 0.325521 0.138281 0.359375 0.11875 0.359375
0 0.090625 0.374479 0.114453 0.374479 0.114453 0.395833 0.090625 0.395833
0 0.086328 0.415104 0.108984 0.415104 0.108984 0.440625 0.086328 0.440625
0 0.126953 0.408333 0.15625 0.408333 0.15625 0.438542 0.126953 0.438542
0 0.147656 0.367188 0.170703 0.367188 0.170703 0.39375 0.147656 0.39375
0 0.189844 0.384896 0.216797 0.384896 0.216797 0.408854 0.189844 0.408854
0 0.183594 0.430729 0.208594 0.430729 0.208594 0.461458 0.183594 0.461458
0 0.235156 0.405208 0.260156 0.405208 0.260156 0.435417 0.235156 0.435417
0 0.203906 0.334896 0.225781 0.334896 0.225781 0.359375 0.203906 0.359375
0 0.176562 0.321875 0.198828 0.321875 0.198828 0.349479 0.176562 0.349479
0 0.140625 0.300521 0.164453 0.300521 0.164453 0.321875 0.140625 0.321875
0 0.112891 0.44375 0.137109 0.44375 0.137109 0.480208 0.112891 0.480208
0 0.078516 0.458333 0.108203 0.458333 0.108203 0.486979 0.078516 0.486979
0 0.264844 0.361979 0.286328 0.361979 0.286328 0.392708 0.264844 0.392708
0 0.233984 0.313021 0.251563 0.313021 0.251563 0.346354 0.233984 0.346354
0 0.253125 0.306771 0.275781 0.306771 0.275781 0.338542 0.253125 0.338542
0 0.206641 0.269792 0.232812 0.269792 0.232812 0.297917 0.206641 0.297917
0 0.221484 0.2375 0.239453 0.2375 0.239453 0.268229 0.221484 0.268229
0 0.240625 0.232812 0.261328 0.232812 0.261328 0.265104 0.240625 0.265104
0 0.274219 0.247917 0.301953 0.247917 0.301953 0.267708 0.274219 0.267708
0 0.293359 0.272917 0.311719 0.272917 0.311719 0.300521 0.293359 0.300521
0 0.271094 0.284375 0.290234 0.284375 0.290234 0.311458 0.271094 0.311458
0 0.279297 0.339583 0.303516 0.339583 0.303516 0.367188 0.279297 0.367188
0 0.3 0.3125 0.325 0.3125 0.325 0.328646 0.3 0.328646
0 0.224219 0.201042 0.244922 0.201042 0.244922 0.228646 0.224219 0.228646
0 0.232422 0.16875 0.256641 0.16875 0.256641 0.196354 0.232422 0.196354
0 0.269531 0.204688 0.289844 0.204688 0.289844 0.233333 0.269531 0.233333
0 0.320312 0.221875 0.344141 0.221875 0.344141 0.245833 0.320312 0.245833
0 0.352344 0.240625 0.377344 0.240625 0.377344 0.267708 0.352344 0.267708
0 0.329297 0.269792 0.350781 0.269792 0.350781 0.291667 0.329297 0.291667
0 0.359375 0.276042 0.376562 0.276042 0.376562 0.305208 0.359375 0.305208
0 0.380078 0.307812 0.407031 0.307812 0.407031 0.333333 0.380078 0.333333
0 0.382422 0.252604 0.410938 0.252604 0.410938 0.28125 0.382422 0.28125
0 0.416016 0.259896 0.439844 0.259896 0.439844 0.290104 0.416016 0.290104
0 0.355859 0.336458 0.380078 0.336458 0.380078 0.369792 0.355859 0.369792
0 0.319922 0.336979 0.342578 0.336979 0.342578 0.364062 0.319922 0.364062
0 0.314062 0.381771 0.333984 0.381771 0.333984 0.410417 0.314062 0.410417
0 0.35 0.386458 0.376172 0.386458 0.376172 0.407292 0.35 0.407292
0 0.378516 0.209375 0.401562 0.209375 0.401562 0.234896 0.378516 0.234896
0 0.409766 0.204688 0.436328 0.204688 0.436328 0.236458 0.409766 0.236458
0 0.430859 0.178646 0.453906 0.178646 0.453906 0.210938 0.430859 0.210938
0 0.433594 0.119792 0.453125 0.119792 0.453125 0.141667 0.433594 0.141667
0 0.408203 0.105208 0.425391 0.105208 0.425391 0.131771 0.408203 0.131771
0 0.398828 0.150521 0.417969 0.150521 0.417969 0.176562 0.398828 0.176562
0 0.369531 0.175521 0.390625 0.175521 0.390625 0.196354 0.369531 0.196354
0 0.353125 0.143229 0.373047 0.143229 0.373047 0.171875 0.353125 0.171875
0 0.328906 0.160938 0.345703 0.160938 0.345703 0.188542 0.328906 0.188542
0 0.285547 0.139062 0.308594 0.139062 0.308594 0.160417 0.285547 0.160417
0 0.255469 0.097917 0.280469 0.097917 0.280469 0.120312 0.255469 0.120312
0 0.305078 0.090625 0.330078 0.090625 0.330078 0.114583 0.305078 0.114583
0 0.335156 0.107292 0.357422 0.107292 0.357422 0.136979 0.335156 0.136979
0 0.315625 0.127604 0.334375 0.127604 0.334375 0.153646 0.315625 0.153646
0 0.364453 0.1 0.390625 0.1 0.390625 0.126042 0.364453 0.126042
0 0.416406 0.0625 0.435156 0.0625 0.435156 0.092708 0.416406 0.092708
0 0.440234 0.05 0.454688 0.05 0.454688 0.077083 0.440234 0.077083
0 0.380469 0.030729 0.4 0.030729 0.4 0.059375 0.380469 0.059375
0 0.355859 0.048958 0.375 0.048958 0.375 0.079688 0.355859 0.079688
0 0.307031 0.045833 0.339844 0.045833 0.339844 0.072917 0.307031 0.072917
0 0.297266 0.008854 0.324609 0.008854 0.324609 0.035417 0.297266 0.035417
0 0.259766 0.008333 0.283594 0.008333 0.283594 0.03125 0.259766 0.03125
0 0.265234 0.043229 0.289062 0.043229 0.289062 0.079688 0.265234 0.079688
0 0.232422 0.048958 0.254688 0.048958 0.254688 0.079688 0.232422 0.079688
0 0.3375 0.011458 0.355859 0.011458 0.355859 0.040104 0.3375 0.040104
0 0.361719 0.003646 0.385938 0.003646 0.385938 0.028125 0.361719 0.028125
0 0.116406 0.021354 0.133984 0.021354 0.133984 0.054167 0.116406 0.054167
0 0.094922 0.044792 0.118359 0.044792 0.118359 0.074479 0.094922 0.074479
0 0.083203 0.089583 0.108594 0.089583 0.108594 0.114062 0.083203 0.114062
0 0.049219 0.089062 0.072656 0.089062 0.072656 0.11875 0.049219 0.11875
0 0.023438 0.116146 0.041016 0.116146 0.041016 0.143229 0.023438 0.143229
0 0.000781 0.098438 0.020312 0.098438 0.020312 0.121354 0.000781 0.121354
0 0.0 0.133854 0.017188 0.133854 0.017188 0.154167 0.0 0.154167
0 0.008594 0.066667 0.03125 0.066667 0.03125 0.088021 0.008594 0.088021
0 0.044141 0.067708 0.071094 0.067708 0.071094 0.083854 0.044141 0.083854
0 0.038281 0.035417 0.063281 0.035417 0.063281 0.060938 0.038281 0.060938
0 0.0 0.041667 0.008594 0.041667 0.008594 0.066146 0.0 0.066146
0 0.062109 0.0 0.085547 0.0 0.085547 0.017708 0.062109 0.017708
0 0.095703 0.004167 0.114844 0.004167 0.114844 0.032292 0.095703 0.032292
0 0.139453 0.033854 0.162109 0.033854 0.162109 0.057292 0.139453 0.057292
0 0.150781 0.002083 0.170312 0.002083 0.170312 0.035417 0.150781 0.035417
0 0.133984 0.056771 0.150781 0.056771 0.150781 0.086458 0.133984 0.086458
0 0.642969 0.020312 0.661719 0.020312 0.661719 0.052083 0.642969 0.052083
0 0.614844 0.014583 0.633594 0.014583 0.633594 0.042188 0.614844 0.042188
0 0.573828 0.042708 0.598047 0.042708 0.598047 0.066146 0.573828 0.066146
0 0.55 0.067188 0.570312 0.067188 0.570312 0.094792 0.55 0.094792
0 0.521484 0.050521 0.54375 0.050521 0.54375 0.083854 0.521484 0.083854
0 0.528906 0.103125 0.554297 0.103125 0.554297 0.129167 0.528906 0.129167
0 0.577344 0.093229 0.598828 0.093229 0.598828 0.115625 0.577344 0.115625
0 0.591797 0.110417 0.614453 0.110417 0.614453 0.135938 0.591797 0.135938
0 0.5 0.105208 0.519531 0.105208 0.519531 0.128125 0.5 0.128125
0 0.532031 0.144792 0.55625 0.144792 0.55625 0.169792 0.532031 0.169792
0 0.489844 0.168229 0.507031 0.168229 0.507031 0.198958 0.489844 0.198958
0 0.510156 0.173438 0.532031 0.173438 0.532031 0.2 0.510156 0.2
0 0.521094 0.195312 0.542578 0.195312 0.542578 0.223958 0.521094 0.223958
0 0.553125 0.192188 0.569531 0.192188 0.569531 0.227604 0.553125 0.227604
0 0.532422 0.225521 0.559375 0.225521 0.559375 0.251563 0.532422 0.251563
0 0.58125 0.210938 0.601172 0.210938 0.601172 0.235938 0.58125 0.235938
0 0.574609 0.168229 0.595312 0.168229 0.595312 0.191146 0.574609 0.191146
0 0.584375 0.182812 0.606641 0.182812 0.606641 0.209896 0.584375 0.209896
0 0.605469 0.135938 0.624609 0.135938 0.624609 0.157292 0.605469 0.157292
0 0.612109 0.159375 0.630078 0.159375 0.630078 0.189583 0.612109 0.189583
0 0.651172 0.164062 0.667578 0.164062 0.667578 0.192188 0.651172 0.192188
0 0.524609 0.266146 0.551562 0.266146 0.551562 0.288542 0.524609 0.288542
0 0.546094 0.283854 0.567188 0.283854 0.567188 0.313021 0.546094 0.313021
0 0.597656 0.294271 0.616016 0.294271 0.616016 0.326042 0.597656 0.326042
0 0.594141 0.240625 0.611719 0.240625 0.611719 0.273438 0.594141 0.273438
0 0.612891 0.217188 0.632812 0.217188 0.632812 0.243229 0.612891 0.243229
0 0.622266 0.239062 0.639453 0.239062 0.639453 0.271875 0.622266 0.271875
0 0.653125 0.295312 0.675781 0.295312 0.675781 0.316667 0.653125 0.316667
0 0.684375 0.030729 0.705078 0.030729 0.705078 0.067188 0.684375 0.067188
0 0.715625 0.071354 0.736719 0.071354 0.736719 0.107812 0.715625 0.107812
0 0.630078 0.085938 0.652734 0.085938 0.652734 0.108854 0.630078 0.108854
0 0.650391 0.113542 0.669922 0.113542 0.669922 0.1375 0.650391 0.1375
0 0.676953 0.125521 0.695703 0.125521 0.695703 0.148438 0.676953 0.148438
0 0.678906 0.15625 0.701562 0.15625 0.701562 0.184375 0.678906 0.184375
0 0.686328 0.197396 0.707422 0.197396 0.707422 0.223438 0.686328 0.223438
0 0.732031 0.214583 0.748047 0.214583 0.748047 0.241667 0.732031 0.241667
0 0.653906 0.230729 0.671094 0.230729 0.671094 0.253125 0.653906 0.253125
0 0.667969 0.245833 0.686719 0.245833 0.686719 0.272917 0.667969 0.272917
0 0.75 0.254167 0.767188 0.254167 0.767188 0.290625 0.75 0.290625
0 0.715625 0.294271 0.741016 0.294271 0.741016 0.324479 0.715625 0.324479
0 0.742969 0.302083 0.760938 0.302083 0.760938 0.340625 0.742969 0.340625
0 0.778906 0.283333 0.798438 0.283333 0.798438 0.320833 0.778906 0.320833
0 0.796875 0.236979 0.821484 0.236979 0.821484 0.270312 0.796875 0.270312
0 0.748047 0.170312 0.765625 0.170312 0.765625 0.199479 0.748047 0.199479
0 0.751172 0.136979 0.771484 0.136979 0.771484 0.166146 0.751172 0.166146
0 0.766016 0.061458 0.788672 0.061458 0.788672 0.089062 0.766016 0.089062
0 0.788672 0.031771 0.810938 0.031771 0.810938 0.058854 0.788672 0.058854
0 0.819922 0.044271 0.842578 0.044271 0.842578 0.069792 0.819922 0.069792
0 0.817188 0.006771 0.8375 0.006771 0.8375 0.035417 0.817188 0.035417
0 0.798438 0.066667 0.823047 0.066667 0.823047 0.101562 0.798438 0.101562
0 0.792969 0.117188 0.815234 0.117188 0.815234 0.145312 0.792969 0.145312
0 0.802344 0.153125 0.824609 0.153125 0.824609 0.180208 0.802344 0.180208
0 0.841797 0.163021 0.860547 0.163021 0.860547 0.186979 0.841797 0.186979
0 0.866016 0.15 0.887109 0.15 0.887109 0.179688 0.866016 0.179688
0 0.778125 0.188542 0.799609 0.188542 0.799609 0.211979 0.778125 0.211979
0 0.806641 0.196875 0.828906 0.196875 0.828906 0.221354 0.806641 0.221354
0 0.848438 0.201042 0.877344 0.201042 0.877344 0.228125 0.848438 0.228125
0 0.822266 0.232812 0.841406 0.232812 0.841406 0.258333 0.822266 0.258333
0 0.835156 0.271875 0.861719 0.271875 0.861719 0.310417 0.835156 0.310417
0 0.877734 0.259896 0.877734 0.259896 0.877734 0.259896 0.877734 0.259896
0 0.875391 0.257812 0.893359 0.257812 0.893359 0.290104 0.875391 0.290104
0 0.879688 0.326562 0.896875 0.326562 0.896875 0.357812 0.879688 0.357812
0 0.858594 0.335417 0.878906 0.335417 0.878906 0.363542 0.858594 0.363542
0 0.830859 0.328646 0.851172 0.328646 0.851172 0.356771 0.830859 0.356771
0 0.810938 0.392708 0.833203 0.392708 0.833203 0.422917 0.810938 0.422917
0 0.78125 0.375521 0.804297 0.375521 0.804297 0.401562 0.78125 0.401562
0 0.753125 0.347396 0.774609 0.347396 0.774609 0.375 0.753125 0.375
0 0.711719 0.358333 0.734766 0.358333 0.734766 0.389583 0.711719 0.389583
0 0.667578 0.354688 0.69375 0.354688 0.69375 0.378125 0.667578 0.378125
0 0.738672 0.392708 0.757422 0.392708 0.757422 0.422396 0.738672 0.422396
0 0.760547 0.390104 0.78125 0.390104 0.78125 0.423958 0.760547 0.423958
0 0.775781 0.416146 0.795703 0.416146 0.795703 0.448438 0.775781 0.448438
0 0.798047 0.425 0.819531 0.425 0.819531 0.457292 0.798047 0.457292
0 0.839844 0.447396 0.861719 0.447396 0.861719 0.473438 0.839844 0.473438
0 0.848828 0.373958 0.869922 0.373958 0.869922 0.407292 0.848828 0.407292
0 0.876953 0.416667 0.896094 0.416667 0.896094 0.451042 0.876953 0.451042
0 0.954297 0.335417 0.98125 0.335417 0.98125 0.369271 0.954297 0.369271
0 0.896875 0.314583 0.91875 0.314583 0.91875 0.340625 0.896875 0.340625
0 0.904297 0.271875 0.926172 0.271875 0.926172 0.3 0.904297 0.3
0 0.923828 0.233854 0.946484 0.233854 0.946484 0.265104 0.923828 0.265104
0 0.913672 0.199479 0.934766 0.199479 0.934766 0.225521 0.913672 0.225521
0 0.927344 0.178125 0.947656 0.178125 0.947656 0.204688 0.927344 0.204688
0 0.946094 0.195312 0.969141 0.195312 0.969141 0.227604 0.946094 0.227604
0 0.957031 0.144792 0.981641 0.144792 0.981641 0.176562 0.957031 0.176562
0 0.894141 0.058854 0.915234 0.058854 0.915234 0.090625 0.894141 0.090625
0 0.908594 0.100521 0.927344 0.100521 0.927344 0.129167 0.908594 0.129167
0 0.93125 0.06875 0.947656 0.06875 0.947656 0.091667 0.93125 0.091667
0 0.952344 0.053125 0.967578 0.053125 0.967578 0.077604 0.952344 0.077604
0 0.934375 0.0125 0.955859 0.0125 0.955859 0.036458 0.934375 0.036458
0 0.925 0.971875 0.945703 0.971875 0.945703 0.995833 0.925 0.995833
0 0.9125 0.95625 0.932422 0.95625 0.932422 0.971875 0.9125 0.971875
0 0.921484 0.917708 0.939453 0.917708 0.939453 0.945833 0.921484 0.945833
0 0.898438 0.924479 0.914453 0.924479 0.914453 0.953646 0.898438 0.953646
0 0.873828 0.936979 0.886719 0.936979 0.886719 0.961979 0.873828 0.961979
0 0.855078 0.942188 0.872266 0.942188 0.872266 0.975521 0.855078 0.975521
0 0.839844 0.947396 0.860547 0.947396 0.860547 0.976562 0.839844 0.976562