0 0.139844 0.051042 0.163672 0.051042 0.163672 0.078125 0.139844 0.078125
0 0.083594 0.036979 0.101172 0.036979 0.101172 0.058333 0.083594 0.058333
0 0.086719 0.066146 0.10625 0.066146 0.10625 0.086979 0.086719 0.086979
0 0.109766 0.017188 0.130469 0.017188 0.130469 0.043229 0.109766 0.043229
0 0.1875 0.059896 0.205469 0.059896 0.205469 0.084375 0.1875 0.084375
0 0.174219 0.010417 0.196484 0.010417 0.196484 0.033854 0.174219 0.033854
0 0.232422 0.086979 0.250781 0.086979 0.250781 0.118229 0.232422 0.118229
0 0.257031 0.075521 0.274219 0.075521 0.274219 0.102604 0.257031 0.102604
0 0.282031 0.049479 0.297656 0.049479 0.297656 0.071875 0.282031 0.071875
0 0.30625 0.077083 0.31875 0.077083 0.31875 0.106771 0.30625 0.106771
0 0.347266 0.141667 0.366797 0.141667 0.366797 0.161458 0.347266 0.161458
0 0.345312 0.077604 0.364844 0.077604 0.364844 0.094271 0.345312 0.094271
0 0.395312 0.083333 0.410156 0.083333 0.410156 0.105729 0.395312 0.105729
0 0.386328 0.131771 0.402344 0.131771 0.402344 0.151042 0.386328 0.151042
0 0.410938 0.097917 0.425391 0.097917 0.425391 0.119271 0.410938 0.119271
0 0.320703 0.169792 0.340625 0.169792 0.340625 0.188021 0.320703 0.188021
0 0.291797 0.161458 0.307422 0.161458 0.307422 0.183333 0.291797 0.183333
0 0.270312 0.191667 0.284766 0.191667 0.284766 0.211979 0.270312 0.211979
0 0.289062 0.229167 0.307031 0.229167 0.307031 0.249479 0.289062 0.249479
0 0.342578 0.232812 0.360938 0.232812 0.360938 0.248958 0.342578 0.248958
0 0.327734 0.207812 0.340625 0.207812 0.340625 0.220833 0.327734 0.220833
0 0.234375 0.192708 0.250391 0.192708 0.250391 0.217188 0.234375 0.217188
0 0.441016 0.213021 0.455859 0.213021 0.455859 0.236458 0.441016 0.236458
0 0.463672 0.195833 0.476953 0.195833 0.476953 0.222396 0.463672 0.222396
0 0.468359 0.151042 0.486719 0.151042 0.486719 0.172396 0.468359 0.172396
0 0.469141 0.109896 0.484766 0.109896 0.484766 0.13125 0.469141 0.13125
0 0.497266 0.103125 0.516797 0.103125 0.516797 0.135417 0.497266 0.135417
0 0.496484 0.174479 0.515625 0.174479 0.515625 0.196875 0.496484 0.196875
0 0.500781 0.213542 0.521094 0.213542 0.521094 0.238021 0.500781 0.238021
0 0.342578 0.017708 0.362109 0.017708 0.362109 0.039062 0.342578 0.039062
0 0.365625 0.039062 0.383203 0.039062 0.383203 0.059896 0.365625 0.059896
0 0.174219 0.076042 0.187109 0.076042 0.187109 0.097396 0.174219 0.097396
0 0.136328 0.092708 0.158984 0.092708 0.158984 0.117188 0.136328 0.117188
0 0.184375 0.109375 0.202734 0.109375 0.202734 0.13125 0.184375 0.13125
0 0.144922 0.149479 0.158984 0.149479 0.158984 0.178125 0.144922 0.178125
0 0.176172 0.147396 0.192578 0.147396 0.192578 0.166146 0.176172 0.166146
0 0.186719 0.173958 0.202734 0.173958 0.202734 0.193229 0.186719 0.193229
0 0.331641 0.110417 0.346094 0.110417 0.346094 0.126562 0.331641 0.126562
0 0.621094 0.004167 0.640234 0.004167 0.640234 0.026562 0.621094 0.026562
0 0.543359 0.043229 0.560547 0.043229 0.560547 0.068229 0.543359 0.068229
0 0.559375 0.072917 0.581641 0.072917 0.581641 0.096354 0.559375 0.096354
0 0.603125 0.089583 0.621875 0.089583 0.621875 0.119271 0.603125 0.119271
0 0.572656 0.102604 0.591406 0.102604 0.591406 0.13125 0.572656 0.13125
0 0.543359 0.105208 0.5625 0.105208 0.5625 0.1375 0.543359 0.1375
0 0.562891 0.142188 0.582812 0.142188 0.582812 0.163021 0.562891 0.163021
0 0.592188 0.171875 0.608984 0.171875 0.608984 0.194792 0.592188 0.194792
0 0.55625 0.176562 0.574219 0.176562 0.574219 0.196354 0.55625 0.196354
0 0.546094 0.203646 0.565625 0.203646 0.565625 0.23125 0.546094 0.23125
0 0.579297 0.205729 0.594922 0.205729 0.594922 0.232812 0.579297 0.232812
0 0.608594 0.217708 0.626953 0.217708 0.626953 0.240104 0.608594 0.240104
0 0.665625 0.123958 0.679688 0.123958 0.679688 0.146875 0.665625 0.146875
0 0.687109 0.117708 0.707031 0.117708 0.707031 0.139583 0.687109 0.139583
0 0.717578 0.045312 0.73125 0.045312 0.73125 0.072396 0.717578 0.072396
0 0.738281 0.060417 0.754688 0.060417 0.754688 0.084375 0.738281 0.084375
0 0.726953 0.096354 0.744922 0.096354 0.744922 0.122917 0.726953 0.122917
0 0.693359 0.154167 0.7125 0.154167 0.7125 0.179167 0.693359 0.179167
0 0.708203 0.175 0.725 0.175 0.725 0.197396 0.708203 0.197396
0 0.728516 0.18125 0.742578 0.18125 0.742578 0.208854 0.728516 0.208854
0 0.759766 0.161979 0.777344 0.161979 0.777344 0.190104 0.759766 0.190104
0 0.761328 0.109896 0.780078 0.109896 0.780078 0.139062 0.761328 0.139062
0 0.648438 0.086979 0.665625 0.086979 0.665625 0.105208 0.648438 0.105208
0 0.788281 0.010417 0.805469 0.010417 0.805469 0.035938 0.788281 0.035938
0 0.812109 0.016146 0.826953 0.016146 0.826953 0.046875 0.812109 0.046875
0 0.844531 0.023438 0.860938 0.023438 0.860938 0.051042 0.844531 0.051042
0 0.770312 0.030729 0.783203 0.030729 0.783203 0.053125 0.770312 0.053125
0 0.789062 0.084896 0.804688 0.084896 0.804688 0.117708 0.789062 0.117708
0 0.807031 0.088021 0.824609 0.088021 0.824609 0.117188 0.807031 0.117188
0 0.689844 0.080208 0.708203 0.080208 0.708203 0.099479 0.689844 0.099479
0 0.882812 0.069792 0.898438 0.069792 0.898438 0.094792 0.882812 0.094792
0 0.908203 0.060417 0.925781 0.060417 0.925781 0.079688 0.908203 0.079688
0 0.879688 0.109375 0.897656 0.109375 0.897656 0.133854 0.879688 0.133854
0 0.907031 0.133854 0.928516 0.133854 0.928516 0.157292 0.907031 0.157292
0 0.917969 0.085938 0.935547 0.085938 0.935547 0.109375 0.917969 0.109375
0 0.899219 0.083333 0.916797 0.083333 0.916797 0.109896 0.899219 0.109896
0 0.833203 0.055208 0.848047 0.055208 0.848047 0.077083 0.833203 0.077083
0 0.837891 0.158854 0.855469 0.158854 0.855469 0.182292 0.837891 0.182292
0 0.88125 0.164062 0.9 0.164062 0.9 0.188021 0.88125 0.188021
0 0.91875 0.1625 0.939062 0.1625 0.939062 0.188542 0.91875 0.188542
0 0.969531 0.209896 0.988281 0.209896 0.988281 0.238021 0.969531 0.238021
0 0.925391 0.210938 0.945703 0.210938 0.945703 0.236979 0.925391 0.236979
0 0.896484 0.194792 0.919141 0.194792 0.919141 0.216146 0.896484 0.216146
0 0.847656 0.190104 0.866016 0.190104 0.866016 0.214062 0.847656 0.214062
0 0.878906 0.210938 0.892969 0.210938 0.892969 0.233854 0.878906 0.233854
0 0.892578 0.235417 0.917969 0.235417 0.917969 0.255208 0.892578 0.255208
0 0.804688 0.14375 0.820703 0.14375 0.820703 0.166146 0.804688 0.166146
0 0.794531 0.202083 0.814062 0.202083 0.814062 0.233854 0.794531 0.233854
0 0.85625 0.245312 0.874219 0.245312 0.874219 0.270312 0.85625 0.270312
0 0.91875 0.270312 0.934766 0.270312 0.934766 0.294792 0.91875 0.294792
0 0.960547 0.267708 0.976172 0.267708 0.976172 0.290625 0.960547 0.290625
0 0.922266 0.302604 0.939453 0.302604 0.939453 0.326562 0.922266 0.326562
0 0.942188 0.315104 0.963672 0.315104 0.963672 0.336458 0.942188 0.336458
0 0.887891 0.292188 0.910156 0.292188 0.910156 0.311979 0.887891 0.311979
0 0.879688 0.316146 0.898828 0.316146 0.898828 0.340104 0.879688 0.340104
0 0.903516 0.347396 0.923047 0.347396 0.923047 0.369792 0.903516 0.369792
0 0.846875 0.280729 0.863281 0.280729 0.863281 0.305729 0.846875 0.305729
0 0.847266 0.326562 0.864062 0.326562 0.864062 0.35 0.847266 0.35
0 0.705859 0.231771 0.71875 0.231771 0.71875 0.252083 0.705859 0.252083
0 0.680469 0.25625 0.696484 0.25625 0.696484 0.275521 0.680469 0.275521
0 0.751562 0.251042 0.769922 0.251042 0.769922 0.273958 0.751562 0.273958
0 0.771484 0.2875 0.790625 0.2875 0.790625 0.319792 0.771484 0.319792
0 0.796484 0.322396 0.812109 0.322396 0.812109 0.339583 0.796484 0.339583
0 0.725781 0.314583 0.744531 0.314583 0.744531 0.334896 0.725781 0.334896
0 0.687891 0.340104 0.709766 0.340104 0.709766 0.360417 0.687891 0.360417
0 0.742188 0.353125 0.762891 0.353125 0.762891 0.375521 0.742188 0.375521
0 0.784766 0.351562 0.802734 0.351562 0.802734 0.379167 0.784766 0.379167
0 0.613672 0.258854 0.635547 0.258854 0.635547 0.276042 0.613672 0.276042
0 0.542578 0.256771 0.563672 0.256771 0.563672 0.285938 0.542578 0.285938
0 0.505859 0.278646 0.524609 0.278646 0.524609 0.303125 0.505859 0.303125
0 0.564453 0.280729 0.587891 0.280729 0.587891 0.304167 0.564453 0.304167
0 0.592578 0.307292 0.609375 0.307292 0.609375 0.330208 0.592578 0.330208
0 0.629688 0.304167 0.644141 0.304167 0.644141 0.33125 0.629688 0.33125
0 0.56875 0.336458 0.587891 0.336458 0.587891 0.360938 0.56875 0.360938
0 0.542188 0.302083 0.558594 0.302083 0.558594 0.332292 0.542188 0.332292
0 0.51875 0.321354 0.533984 0.321354 0.533984 0.344271 0.51875 0.344271
0 0.491797 0.322396 0.515234 0.322396 0.515234 0.345833 0.491797 0.345833
0 0.484375 0.346354 0.503516 0.346354 0.503516 0.369792 0.484375 0.369792
0 0.536328 0.386458 0.558203 0.386458 0.558203 0.408333 0.536328 0.408333
0 0.469531 0.408333 0.4875 0.408333 0.4875 0.436979 0.469531 0.436979
0 0.623047 0.377604 0.64375 0.377604 0.64375 0.398438 0.623047 0.398438
0 0.588672 0.423438 0.607812 0.423438 0.607812 0.446354 0.588672 0.446354
0 0.564453 0.428646 0.582422 0.428646 0.582422 0.451562 0.564453 0.451562
0 0.523438 0.428125 0.546094 0.428125 0.546094 0.454688 0.523438 0.454688
0 0.494922 0.384896 0.516016 0.384896 0.516016 0.405729 0.494922 0.405729
0 0.694141 0.404688 0.710938 0.404688 0.710938 0.427083 0.694141 0.427083
0 0.744922 0.403125 0.761328 0.403125 0.761328 0.430729 0.744922 0.430729
0 0.803906 0.4 0.81875 0.4 0.81875 0.421875 0.803906 0.421875
0 0.783203 0.405208 0.801953 0.405208 0.801953 0.432812 0.783203 0.432812
0 0.769531 0.449479 0.789453 0.449479 0.789453 0.46875 0.769531 0.46875
0 0.714844 0.441667 0.734766 0.441667 0.734766 0.463542 0.714844 0.463542
0 0.914062 0.402604 0.939062 0.402604 0.939062 0.427604 0.914062 0.427604
0 0.907422 0.456771 0.922266 0.456771 0.922266 0.486458 0.907422 0.486458
0 0.869922 0.461458 0.887109 0.461458 0.887109 0.490104 0.869922 0.490104
0 0.755859 0.489062 0.774609 0.489062 0.774609 0.507812 0.755859 0.507812
0 0.713281 0.485417 0.732422 0.485417 0.732422 0.507812 0.713281 0.507812
0 0.712109 0.373438 0.728906 0.373438 0.728906 0.395312 0.712109 0.395312
0 0.050781 0.225521 0.06875 0.225521 0.06875 0.249479 0.050781 0.249479
0 0.029688 0.227083 0.045312 0.227083 0.045312 0.253646 0.029688 0.253646
0 0.041797 0.25625 0.057812 0.25625 0.057812 0.278646 0.041797 0.278646
0 0.078516 0.266667 0.092578 0.266667 0.092578 0.291146 0.078516 0.291146
0 0.10625 0.289062 0.120312 0.289062 0.120312 0.316146 0.10625 0.316146
0 0.066016 0.324479 0.083203 0.324479 0.083203 0.352083 0.066016 0.352083
0 0.022266 0.3125 0.041016 0.3125 0.041016 0.340104 0.022266 0.340104
0 0.183984 0.245312 0.201172 0.245312 0.201172 0.270312 0.183984 0.270312
0 0.045312 0.356771 0.063281 0.356771 0.063281 0.385417 0.045312 0.385417
0 0.092969 0.350521 0.108203 0.350521 0.108203 0.378646 0.092969 0.378646
0 0.101562 0.407292 0.124219 0.407292 0.124219 0.433854 0.101562 0.433854
0 0.066797 0.3875 0.085938 0.3875 0.085938 0.409375 0.066797 0.409375
0 0.025781 0.379167 0.040625 0.379167 0.040625 0.407292 0.025781 0.407292
0 0.055469 0.420833 0.073828 0.420833 0.073828 0.447396 0.055469 0.447396
0 0.008984 0.454688 0.027344 0.454688 0.027344 0.477604 0.008984 0.477604
0 0.007422 0.504167 0.030078 0.504167 0.030078 0.526042 0.007422 0.526042
0 0.045312 0.509375 0.058984 0.509375 0.058984 0.530208 0.045312 0.530208
0 0.076562 0.447917 0.099219 0.447917 0.099219 0.473958 0.076562 0.473958
0 0.089844 0.485417 0.10625 0.485417 0.10625 0.509896 0.089844 0.509896
0 0.332812 0.270833 0.353125 0.270833 0.353125 0.289583 0.332812 0.289583
0 0.273047 0.260417 0.289844 0.260417 0.289844 0.285938 0.273047 0.285938
0 0.297656 0.286458 0.314453 0.286458 0.314453 0.313542 0.297656 0.313542
0 0.227344 0.250521 0.245312 0.250521 0.245312 0.277604 0.227344 0.277604
0 0.258594 0.285938 0.273438 0.285938 0.273438 0.307812 0.258594 0.307812
0 0.224219 0.3125 0.239062 0.3125 0.239062 0.331771 0.224219 0.331771
0 0.247656 0.345312 0.264453 0.345312 0.264453 0.367188 0.247656 0.367188
0 0.214453 0.347917 0.229297 0.347917 0.229297 0.377083 0.214453 0.377083
0 0.257422 0.373958 0.280469 0.373958 0.280469 0.401042 0.257422 0.401042
0 0.225781 0.384375 0.243359 0.384375 0.243359 0.411979 0.225781 0.411979
0 0.242578 0.4375 0.264844 0.4375 0.264844 0.461458 0.242578 0.461458
0 0.277344 0.424479 0.295703 0.424479 0.295703 0.442188 0.277344 0.442188
0 0.292578 0.364062 0.310156 0.364062 0.310156 0.391667 0.292578 0.391667
0 0.335547 0.344271 0.357031 0.344271 0.357031 0.369271 0.335547 0.369271
0 0.321484 0.313542 0.342969 0.313542 0.342969 0.333854 0.321484 0.333854
0 0.352344 0.299479 0.370312 0.299479 0.370312 0.317188 0.352344 0.317188
0 0.338281 0.374479 0.363672 0.374479 0.363672 0.399479 0.338281 0.399479
0 0.311328 0.405208 0.330469 0.405208 0.330469 0.425 0.311328 0.425
0 0.305078 0.431771 0.328516 0.431771 0.328516 0.454688 0.305078 0.454688
0 0.300781 0.4625 0.320312 0.4625 0.320312 0.484375 0.300781 0.484375
0 0.271875 0.46875 0.292188 0.46875 0.292188 0.490104 0.271875 0.490104
0 0.324219 0.494792 0.340625 0.494792 0.340625 0.513021 0.324219 0.513021
0 0.436328 0.405208 0.454688 0.405208 0.454688 0.433854 0.436328 0.433854
0 0.41875 0.373438 0.441406 0.373438 0.441406 0.395833 0.41875 0.395833
0 0.567578 0.496354 0.588672 0.496354 0.588672 0.523958 0.567578 0.523958
0 0.598828 0.459896 0.6125 0.459896 0.6125 0.490104 0.598828 0.490104
0 0.541016 0.460417 0.560938 0.460417 0.560938 0.478646 0.541016 0.478646
0 0.453125 0.455729 0.471094 0.455729 0.471094 0.477083 0.453125 0.477083
0 0.423047 0.483333 0.437891 0.483333 0.437891 0.499479 0.423047 0.499479
0 0.450781 0.5 0.464062 0.5 0.464062 0.530208 0.450781 0.530208
0 0.478516 0.480729 0.498828 0.480729 0.498828 0.500521 0.478516 0.500521
0 0.498828 0.507292 0.514453 0.507292 0.514453 0.535938 0.498828 0.535938
0 0.520312 0.513021 0.536328 0.513021 0.536328 0.535938 0.520312 0.535938
0 0.518359 0.54375 0.537891 0.54375 0.537891 0.563021 0.518359 0.563021
0 0.419922 0.522396 0.434766 0.522396 0.434766 0.541667 0.419922 0.541667
0 0.667969 0.482812 0.687891 0.482812 0.687891 0.509375 0.667969 0.509375
0 0.696094 0.513542 0.713672 0.513542 0.713672 0.533333 0.696094 0.533333
0 0.669922 0.549479 0.691406 0.549479 0.691406 0.56875 0.669922 0.56875
0 0.709766 0.533854 0.729297 0.533854 0.729297 0.55625 0.709766 0.55625
0 0.779297 0.546354 0.797266 0.546354 0.797266 0.573438 0.779297 0.573438
0 0.748438 0.572396 0.765234 0.572396 0.765234 0.590625 0.748438 0.590625
0 0.901562 0.526562 0.916016 0.526562 0.916016 0.549479 0.901562 0.549479
0 0.873047 0.525521 0.887891 0.525521 0.887891 0.551562 0.873047 0.551562
0 0.844531 0.546354 0.861328 0.546354 0.861328 0.578646 0.844531 0.578646
0 0.899219 0.567188 0.915625 0.567188 0.915625 0.594792 0.899219 0.594792
0 0.873438 0.588021 0.892188 0.588021 0.892188 0.619271 0.873438 0.619271
0 0.844531 0.608333 0.860547 0.608333 0.860547 0.631771 0.844531 0.631771
0 0.752344 0.602604 0.772266 0.602604 0.772266 0.625521 0.752344 0.625521
0 0.774219 0.625521 0.790234 0.625521 0.790234 0.648958 0.774219 0.648958
0 0.734375 0.621875 0.750391 0.621875 0.750391 0.647396 0.734375 0.647396
0 0.900391 0.744792 0.919922 0.744792 0.919922 0.777604 0.900391 0.777604
0 0.030469 0.713021 0.052734 0.713021 0.052734 0.733333 0.030469 0.733333
0 0.013672 0.773438 0.031641 0.773438 0.031641 0.79375 0.013672 0.79375
0 0.046484 0.761458 0.064062 0.761458 0.064062 0.78125 0.046484 0.78125
0 0.077734 0.755208 0.09375 0.755208 0.09375 0.786458 0.077734 0.786458
0 0.008203 0.807812 0.035547 0.807812 0.035547 0.832292 0.008203 0.832292
0 0.044922 0.816146 0.064453 0.816146 0.064453 0.8375 0.044922 0.8375
0 0.103906 0.795833 0.119531 0.795833 0.119531 0.814583 0.103906 0.814583
0 0.109375 0.829167 0.126953 0.829167 0.126953 0.847396 0.109375 0.847396
0 0.073828 0.849479 0.089844 0.849479 0.089844 0.874479 0.073828 0.874479
0 0.180469 0.695833 0.199219 0.695833 0.199219 0.725 0.180469 0.725
0 0.183984 0.738021 0.198828 0.738021 0.198828 0.758333 0.183984 0.758333
0 0.207422 0.765104 0.227344 0.765104 0.227344 0.788021 0.207422 0.788021
0 0.248828 0.758854 0.269531 0.758854 0.269531 0.783333 0.248828 0.783333
0 0.245312 0.789583 0.262109 0.789583 0.262109 0.807812 0.245312 0.807812
0 0.216016 0.816667 0.236719 0.816667 0.236719 0.835417 0.216016 0.835417
0 0.189453 0.609375 0.205859 0.609375 0.205859 0.633333 0.189453 0.633333
0 0.211719 0.610417 0.229297 0.610417 0.229297 0.634375 0.211719 0.634375
0 0.311719 0.677083 0.330078 0.677083 0.330078 0.699479 0.311719 0.699479
0 0.28125 0.679167 0.299219 0.679167 0.299219 0.701562 0.28125 0.701562
0 0.300781 0.642188 0.319922 0.642188 0.319922 0.663542 0.300781 0.663542
0 0.332422 0.620312 0.346875 0.620312 0.346875 0.644792 0.332422 0.644792
0 0.254297 0.710417 0.270312 0.710417 0.270312 0.736458 0.254297 0.736458
0 0.287891 0.707292 0.305859 0.707292 0.305859 0.736458 0.287891 0.736458
0 0.314453 0.721875 0.331641 0.721875 0.331641 0.739583 0.314453 0.739583
0 0.342188 0.777604 0.358203 0.777604 0.358203 0.803125 0.342188 0.803125
0 0.313281 0.782812 0.330078 0.782812 0.330078 0.806771 0.313281 0.806771
0 0.073047 0.886979 0.092578 0.886979 0.092578 0.908854 0.073047 0.908854
0 0.045312 0.896875 0.064062 0.896875 0.064062 0.918229 0.045312 0.918229
0 0.03125 0.930208 0.046484 0.930208 0.046484 0.957292 0.03125 0.957292
0 0.054297 0.963542 0.075391 0.963542 0.075391 0.982812 0.054297 0.982812
0 0.075781 0.932292 0.092969 0.932292 0.092969 0.958333 0.075781 0.958333
0 0.103516 0.929167 0.121875 0.929167 0.121875 0.953125 0.103516 0.953125
0 0.140234 0.93125 0.159766 0.93125 0.159766 0.955208 0.140234 0.955208
0 0.317188 0.823958 0.331641 0.823958 0.331641 0.845833 0.317188 0.845833
0 0.363672 0.827083 0.382031 0.827083 0.382031 0.852604 0.363672 0.852604
0 0.325781 0.864583 0.347656 0.864583 0.347656 0.882292 0.325781 0.882292
0 0.335547 0.906771 0.350781 0.906771 0.350781 0.928646 0.335547 0.928646
0 0.278516 0.880729 0.297656 0.880729 0.297656 0.901562 0.278516 0.901562
0 0.274609 0.928646 0.289844 0.928646 0.289844 0.951562 0.274609 0.951562
0 0.305078 0.925521 0.323438 0.925521 0.323438 0.956771 0.305078 0.956771
0 0.353125 0.927604 0.370312 0.927604 0.370312 0.948958 0.353125 0.948958
0 0.353906 0.958854 0.371094 0.958854 0.371094 0.986458 0.353906 0.986458
0 0.317969 0.971875 0.334375 0.971875 0.334375 0.996875 0.317969 0.996875
0 0.382812 0.970312 0.400391 0.970312 0.400391 0.999479 0.382812 0.999479
0 0.148828 0.633854 0.164844 0.633854 0.164844 0.654688 0.148828 0.654688
0 0.160938 0.655729 0.176562 0.655729 0.176562 0.679688 0.160938 0.679688
0 0.399609 0.633333 0.416016 0.633333 0.416016 0.657292 0.399609 0.657292
0 0.411719 0.669271 0.430469 0.669271 0.430469 0.694792 0.411719 0.694792
0 0.420312 0.642708 0.441406 0.642708 0.441406 0.663542 0.420312 0.663542
0 0.396875 0.703646 0.414453 0.703646 0.414453 0.722917 0.396875 0.722917
0 0.387891 0.727083 0.40625 0.727083 0.40625 0.744271 0.387891 0.744271
0 0.485547 0.663021 0.508594 0.663021 0.508594 0.689583 0.485547 0.689583
0 0.455469 0.717188 0.476562 0.717188 0.476562 0.738542 0.455469 0.738542
0 0.420312 0.761458 0.437891 0.761458 0.437891 0.794271 0.420312 0.794271
0 0.389453 0.765625 0.408594 0.765625 0.408594 0.7875 0.389453 0.7875
0 0.529688 0.69375 0.544141 0.69375 0.544141 0.71875 0.529688 0.71875
0 0.568359 0.692188 0.585938 0.692188 0.585938 0.722917 0.568359 0.722917
0 0.500781 0.764062 0.521094 0.764062 0.521094 0.784375 0.500781 0.784375
0 0.483203 0.791146 0.501953 0.791146 0.501953 0.816667 0.483203 0.816667
0 0.280078 0.759896 0.295703 0.759896 0.295703 0.786458 0.280078 0.786458
0 0.398828 0.804167 0.422266 0.804167 0.422266 0.822917 0.398828 0.822917
0 0.450781 0.834896 0.471875 0.834896 0.471875 0.856771 0.450781 0.856771
0 0.390234 0.847396 0.412109 0.847396 0.412109 0.867708 0.390234 0.867708
0 0.38125 0.875521 0.398828 0.875521 0.398828 0.894792 0.38125 0.894792
0 0.416406 0.877083 0.432031 0.877083 0.432031 0.90625 0.416406 0.90625
0 0.461719 0.886458 0.478906 0.886458 0.478906 0.913542 0.461719 0.913542
0 0.483594 0.847917 0.496484 0.847917 0.496484 0.872396 0.483594 0.872396
0 0.387891 0.915625 0.407031 0.915625 0.407031 0.936458 0.387891 0.936458
0 0.417969 0.938542 0.433984 0.938542 0.433984 0.970312 0.417969 0.970312
0 0.465625 0.965104 0.4875 0.965104 0.4875 0.982292 0.465625 0.982292
0 0.459375 0.921354 0.476562 0.921354 0.476562 0.944792 0.459375 0.944792
0 0.485938 0.9375 0.503125 0.9375 0.503125 0.963021 0.485938 0.963021
0 0.489844 0.898438 0.507812 0.898438 0.507812 0.921354 0.489844 0.921354
0 0.517188 0.889062 0.531641 0.889062 0.531641 0.908333 0.517188 0.908333
0 0.510547 0.844792 0.532812 0.844792 0.532812 0.865104 0.510547 0.865104
0 0.516797 0.804688 0.536328 0.804688 0.536328 0.826042 0.516797 0.826042
0 0.544141 0.846875 0.560938 0.846875 0.560938 0.874479 0.544141 0.874479
0 0.552344 0.773958 0.569531 0.773958 0.569531 0.803646 0.552344 0.803646
0 0.585156 0.79375 0.607812 0.79375 0.607812 0.821354 0.585156 0.821354
0 0.588672 0.746875 0.608203 0.746875 0.608203 0.778646 0.588672 0.778646
0 0.582031 0.840104 0.595703 0.840104 0.595703 0.869792 0.582031 0.869792
0 0.612109 0.846354 0.626172 0.846354 0.626172 0.867188 0.612109 0.867188
0 0.591797 0.901042 0.608984 0.901042 0.608984 0.924479 0.591797 0.924479
0 0.576172 0.958854 0.592188 0.958854 0.592188 0.982812 0.576172 0.982812
0 0.623438 0.935938 0.641406 0.935938 0.641406 0.963021 0.623438 0.963021
0 0.606641 0.715625 0.632031 0.715625 0.632031 0.735417 0.606641 0.735417
0 0.629297 0.735938 0.647266 0.735938 0.647266 0.759896 0.629297 0.759896
0 0.638281 0.772396 0.657422 0.772396 0.657422 0.790104 0.638281 0.790104
0 0.663672 0.742708 0.680078 0.742708 0.680078 0.767708 0.663672 0.767708
0 0.680859 0.768229 0.697266 0.768229 0.697266 0.794792 0.680859 0.794792
0 0.701562 0.785938 0.719922 0.785938 0.719922 0.807292 0.701562 0.807292
0 0.628125 0.804167 0.647266 0.804167 0.647266 0.828125 0.628125 0.828125
0 0.630469 0.865625 0.646875 0.865625 0.646875 0.882812 0.630469 0.882812
0 0.635156 0.898958 0.654297 0.898958 0.654297 0.921875 0.635156 0.921875
0 0.656641 0.926042 0.674609 0.926042 0.674609 0.955208 0.656641 0.955208
0 0.678516 0.872396 0.697656 0.872396 0.697656 0.896875 0.678516 0.896875
0 0.689062 0.923438 0.703516 0.923438 0.703516 0.95 0.689062 0.95
0 0.714453 0.919792 0.730078 0.919792 0.730078 0.946354 0.714453 0.946354
0 0.766016 0.852604 0.783594 0.852604 0.783594 0.878646 0.766016 0.878646
0 0.789062 0.877604 0.812891 0.877604 0.812891 0.9 0.789062 0.9
0 0.782812 0.811979 0.801953 0.811979 0.801953 0.836458 0.782812 0.836458
0 0.812109 0.822917 0.834766 0.822917 0.834766 0.850521 0.812109 0.850521
0 0.762891 0.795312 0.778125 0.795312 0.778125 0.814583 0.762891 0.814583
0 0.883594 0.93125 0.90625 0.93125 0.90625 0.955208 0.883594 0.955208
0 0.869141 0.845833 0.886719 0.845833 0.886719 0.870312 0.869141 0.870312
0 0.839844 0.853125 0.860547 0.853125 0.860547 0.88125 0.839844 0.88125
0 0.845312 0.891146 0.866016 0.891146 0.866016 0.909896 0.845312 0.909896
0 0.794922 0.930729 0.819141 0.930729 0.819141 0.960938 0.794922 0.960938
0 0.767578 0.954688 0.787109 0.954688 0.787109 0.977604 0.767578 0.977604
0 0.708984 0.88125 0.727344 0.88125 0.727344 0.905208 0.708984 0.905208
0 0.941406 0.113021 0.959766 0.113021 0.959766 0.136458 0.941406 0.136458
0 0.946875 0.163021 0.964453 0.163021 0.964453 0.188542 0.946875 0.188542