0 0.533203 0.545312 0.550781 0.545312 0.550781 0.567708 0.533203 0.567708
0 0.513281 0.528125 0.530469 0.528125 0.530469 0.553646 0.513281 0.553646
0 0.547266 0.4875 0.569141 0.4875 0.569141 0.515104 0.547266 0.515104
0 0.502344 0.561458 0.523438 0.561458 0.523438 0.584896 0.502344 0.584896
0 0.528516 0.579167 0.549219 0.579167 0.549219 0.603646 0.528516 0.603646
0 0.548438 0.601562 0.564844 0.601562 0.564844 0.620833 0.548438 0.620833
0 0.578125 0.60625 0.601953 0.60625 0.601953 0.635938 0.578125 0.635938
0 0.625 0.60625 0.642578 0.60625 0.642578 0.633854 0.625 0.633854
0 0.599609 0.647917 0.614453 0.647917 0.614453 0.671354 0.599609 0.671354
0 0.565234 0.663021 0.585938 0.663021 0.585938 0.696354 0.565234 0.696354
0 0.529688 0.642188 0.549219 0.642188 0.549219 0.665104 0.529688 0.665104
0 0.484766 0.629167 0.507031 0.629167 0.507031 0.651562 0.484766 0.651562
0 0.474219 0.573438 0.491797 0.573438 0.491797 0.603646 0.474219 0.603646
0 0.444531 0.589583 0.466016 0.589583 0.466016 0.611979 0.444531 0.611979
0 0.435938 0.551042 0.453906 0.551042 0.453906 0.580729 0.435938 0.580729
0 0.456641 0.51875 0.472266 0.51875 0.472266 0.548958 0.456641 0.548958
0 0.408203 0.592188 0.423438 0.592188 0.423438 0.610938 0.408203 0.610938
0 0.439844 0.628646 0.458984 0.628646 0.458984 0.652083 0.439844 0.652083
0 0.464062 0.642188 0.479297 0.642188 0.479297 0.673438 0.464062 0.673438
0 0.434766 0.68125 0.450391 0.68125 0.450391 0.704167 0.434766 0.704167
0 0.405469 0.691667 0.425391 0.691667 0.425391 0.719792 0.405469 0.719792
0 0.395312 0.671875 0.415234 0.671875 0.415234 0.689583 0.395312 0.689583
0 0.414844 0.6375 0.430078 0.6375 0.430078 0.666667 0.414844 0.666667
0 0.5125 0.466146 0.531641 0.466146 0.531641 0.486979 0.5125 0.486979
0 0.492578 0.454688 0.50625 0.454688 0.50625 0.478646 0.492578 0.478646
0 0.474609 0.46875 0.490625 0.46875 0.490625 0.500521 0.474609 0.500521
0 0.616797 0.498438 0.630469 0.498438 0.630469 0.526562 0.616797 0.526562
0 0.648828 0.454688 0.665234 0.454688 0.665234 0.478646 0.648828 0.478646
0 0.671094 0.480208 0.688281 0.480208 0.688281 0.507292 0.671094 0.507292
0 0.691797 0.515104 0.710547 0.515104 0.710547 0.5375 0.691797 0.5375
0 0.688672 0.556771 0.705078 0.556771 0.705078 0.582292 0.688672 0.582292
0 0.659375 0.559896 0.675781 0.559896 0.675781 0.588021 0.659375 0.588021
0 0.653516 0.607812 0.671875 0.607812 0.671875 0.631771 0.653516 0.631771
0 0.703906 0.645833 0.719141 0.645833 0.719141 0.673438 0.703906 0.673438
0 0.664453 0.658333 0.679688 0.658333 0.679688 0.680208 0.664453 0.680208
0 0.639453 0.661458 0.656641 0.661458 0.656641 0.685417 0.639453 0.685417
0 0.656641 0.698958 0.676953 0.698958 0.676953 0.721875 0.656641 0.721875
0 0.610547 0.691667 0.628516 0.691667 0.628516 0.718229 0.610547 0.718229
0 0.574219 0.714062 0.594531 0.714062 0.594531 0.732292 0.574219 0.732292
0 0.599609 0.736458 0.620703 0.736458 0.620703 0.7625 0.599609 0.7625
0 0.559766 0.755729 0.577734 0.755729 0.577734 0.784375 0.559766 0.784375
0 0.530469 0.708333 0.550391 0.708333 0.550391 0.733854 0.530469 0.733854
0 0.499609 0.714583 0.519531 0.714583 0.519531 0.747396 0.499609 0.747396
0 0.521484 0.675521 0.538672 0.675521 0.538672 0.695312 0.521484 0.695312
0 0.54375 0.673438 0.560938 0.673438 0.560938 0.701562 0.54375 0.701562
0 0.587891 0.797396 0.606641 0.797396 0.606641 0.820312 0.587891 0.820312
0 0.536719 0.797396 0.552344 0.797396 0.552344 0.818229 0.536719 0.818229
0 0.514844 0.809896 0.529297 0.809896 0.529297 0.834896 0.514844 0.834896
0 0.494531 0.804167 0.510156 0.804167 0.510156 0.829688 0.494531 0.829688
0 0.469922 0.780208 0.486328 0.780208 0.486328 0.798438 0.469922 0.798438
0 0.449609 0.802604 0.467188 0.802604 0.467188 0.826042 0.449609 0.826042
0 0.44375 0.754688 0.461328 0.754688 0.461328 0.78125 0.44375 0.78125
0 0.46875 0.733333 0.485547 0.733333 0.485547 0.761458 0.46875 0.761458
0 0.451953 0.700521 0.473828 0.700521 0.473828 0.733854 0.451953 0.733854
0 0.889844 0.579688 0.9125 0.579688 0.9125 0.603646 0.889844 0.603646
0 0.733984 0.501042 0.755469 0.501042 0.755469 0.522396 0.733984 0.522396
0 0.767578 0.516667 0.794922 0.516667 0.794922 0.544792 0.767578 0.544792
0 0.799219 0.591146 0.821875 0.591146 0.821875 0.615625 0.799219 0.615625
0 0.820312 0.571875 0.836719 0.571875 0.836719 0.603125 0.820312 0.603125
0 0.793359 0.547917 0.814844 0.547917 0.814844 0.575521 0.793359 0.575521
0 0.735547 0.547917 0.750781 0.547917 0.750781 0.575 0.735547 0.575
0 0.754688 0.579167 0.775391 0.579167 0.775391 0.603125 0.754688 0.603125
0 0.715234 0.594792 0.733984 0.594792 0.733984 0.619271 0.715234 0.619271
0 0.729688 0.633333 0.749609 0.633333 0.749609 0.665625 0.729688 0.665625
0 0.758594 0.635938 0.778516 0.635938 0.778516 0.658854 0.758594 0.658854
0 0.788281 0.620312 0.807031 0.620312 0.807031 0.639583 0.788281 0.639583
0 0.804297 0.661979 0.828516 0.661979 0.828516 0.691146 0.804297 0.691146
0 0.857812 0.657292 0.883984 0.657292 0.883984 0.680208 0.857812 0.680208
0 0.878125 0.701042 0.900391 0.701042 0.900391 0.721354 0.878125 0.721354
0 0.829688 0.701562 0.848828 0.701562 0.848828 0.726042 0.829688 0.726042
0 0.841016 0.739062 0.861328 0.739062 0.861328 0.758333 0.841016 0.758333
0 0.801953 0.744792 0.820312 0.744792 0.820312 0.769792 0.801953 0.769792
0 0.773828 0.720312 0.794141 0.720312 0.794141 0.744271 0.773828 0.744271
0 0.770703 0.679167 0.79375 0.679167 0.79375 0.703125 0.770703 0.703125
0 0.725391 0.683333 0.743359 0.683333 0.743359 0.709375 0.725391 0.709375
0 0.751562 0.710938 0.772266 0.710938 0.772266 0.730208 0.751562 0.730208
0 0.723438 0.732812 0.745703 0.732812 0.745703 0.756771 0.723438 0.756771
0 0.7375 0.767188 0.753906 0.767188 0.753906 0.790104 0.7375 0.790104
0 0.847266 0.600521 0.869531 0.600521 0.869531 0.623438 0.847266 0.623438
0 0.866406 0.528125 0.885156 0.528125 0.885156 0.554688 0.866406 0.554688
0 0.8375 0.515625 0.854688 0.515625 0.854688 0.531771 0.8375 0.531771
0 0.8375 0.467188 0.863281 0.467188 0.863281 0.492188 0.8375 0.492188
0 0.8875 0.503646 0.910156 0.503646 0.910156 0.531771 0.8875 0.531771
0 0.914844 0.528646 0.938281 0.528646 0.938281 0.558333 0.914844 0.558333
0 0.920312 0.491146 0.941406 0.491146 0.941406 0.526042 0.920312 0.526042
0 0.682031 0.408333 0.705078 0.408333 0.705078 0.436979 0.682031 0.436979
0 0.7 0.445312 0.721875 0.445312 0.721875 0.473958 0.7 0.473958
0 0.741797 0.451042 0.761719 0.451042 0.761719 0.484896 0.741797 0.484896
0 0.771094 0.463542 0.787891 0.463542 0.787891 0.488021 0.771094 0.488021
0 0.778125 0.43125 0.796094 0.43125 0.796094 0.453646 0.778125 0.453646
0 0.807422 0.403646 0.828125 0.403646 0.828125 0.429688 0.807422 0.429688
0 0.844531 0.411458 0.861328 0.411458 0.861328 0.439062 0.844531 0.439062
0 0.860156 0.431771 0.883594 0.431771 0.883594 0.459896 0.860156 0.459896
0 0.890625 0.452604 0.909766 0.452604 0.909766 0.471875 0.890625 0.471875
0 0.897656 0.414583 0.915625 0.414583 0.915625 0.435938 0.897656 0.435938
0 0.858594 0.395312 0.885547 0.395312 0.885547 0.417188 0.858594 0.417188
0 0.853906 0.357292 0.880078 0.357292 0.880078 0.382292 0.853906 0.382292
0 0.814062 0.342708 0.835156 0.342708 0.835156 0.371354 0.814062 0.371354
0 0.861719 0.316146 0.888281 0.316146 0.888281 0.344271 0.861719 0.344271
0 0.889453 0.339062 0.908594 0.339062 0.908594 0.360938 0.889453 0.360938
0 0.901172 0.356771 0.920703 0.356771 0.920703 0.38125 0.901172 0.38125
0 0.919531 0.390104 0.944922 0.390104 0.944922 0.411458 0.919531 0.411458
0 0.951562 0.414583 0.971484 0.414583 0.971484 0.435417 0.951562 0.435417
0 0.921484 0.431771 0.946484 0.431771 0.946484 0.459896 0.921484 0.459896
0 0.953906 0.439583 0.980469 0.439583 0.980469 0.4625 0.953906 0.4625
0 0.938672 0.465104 0.960938 0.465104 0.960938 0.491146 0.938672 0.491146
0 0.957031 0.505208 0.972656 0.505208 0.972656 0.536458 0.957031 0.536458
0 0.966797 0.5375 0.985156 0.5375 0.985156 0.566146 0.966797 0.566146
0 0.961719 0.368229 0.983984 0.368229 0.983984 0.389062 0.961719 0.389062
0 0.962109 0.343229 0.980078 0.343229 0.980078 0.3625 0.962109 0.3625
0 0.951172 0.313542 0.96875 0.313542 0.96875 0.339062 0.951172 0.339062
0 0.926172 0.336979 0.946484 0.336979 0.946484 0.357812 0.926172 0.357812
0 0.895312 0.289583 0.917969 0.289583 0.917969 0.308854 0.895312 0.308854
0 0.851953 0.28125 0.866797 0.28125 0.866797 0.307812 0.851953 0.307812
0 0.932422 0.271354 0.955859 0.271354 0.955859 0.291667 0.932422 0.291667
0 0.969141 0.241146 0.990625 0.241146 0.990625 0.265104 0.969141 0.265104
0 0.957031 0.216667 0.979688 0.216667 0.979688 0.236979 0.957031 0.236979
0 0.971875 0.180729 0.992578 0.180729 0.992578 0.204688 0.971875 0.204688
0 0.938672 0.178125 0.961328 0.178125 0.961328 0.205729 0.938672 0.205729
0 0.903125 0.191146 0.924219 0.191146 0.924219 0.213542 0.903125 0.213542
0 0.923047 0.2375 0.94375 0.2375 0.94375 0.266146 0.923047 0.266146
0 0.9 0.258333 0.917578 0.258333 0.917578 0.278125 0.9 0.278125
0 0.872266 0.230729 0.898438 0.230729 0.898438 0.259375 0.872266 0.259375
0 0.846875 0.222917 0.864453 0.222917 0.864453 0.249479 0.846875 0.249479
0 0.867188 0.18125 0.887891 0.18125 0.887891 0.2 0.867188 0.2
0 0.892578 0.140625 0.908594 0.140625 0.908594 0.165625 0.892578 0.165625
0 0.920312 0.123958 0.936328 0.123958 0.936328 0.148958 0.920312 0.148958
0 0.940234 0.141146 0.959766 0.141146 0.959766 0.164583 0.940234 0.164583
0 0.932422 0.088021 0.95625 0.088021 0.95625 0.108333 0.932422 0.108333
0 0.920703 0.064583 0.941797 0.064583 0.941797 0.092188 0.920703 0.092188
0 0.889062 0.098438 0.912109 0.098438 0.912109 0.119792 0.889062 0.119792
0 0.861328 0.122396 0.883594 0.122396 0.883594 0.144792 0.861328 0.144792
0 0.839062 0.076042 0.860547 0.076042 0.860547 0.097917 0.839062 0.097917
0 0.829297 0.11875 0.850391 0.11875 0.850391 0.138021 0.829297 0.138021
0 0.8125 0.146875 0.832812 0.146875 0.832812 0.170833 0.8125 0.170833
0 0.815625 0.182812 0.844922 0.182812 0.844922 0.202604 0.815625 0.202604
0 0.808594 0.225521 0.832031 0.225521 0.832031 0.251042 0.808594 0.251042
0 0.8125 0.266146 0.832812 0.266146 0.832812 0.290625 0.8125 0.290625
0 0.783984 0.265104 0.80625 0.265104 0.80625 0.291667 0.783984 0.291667
0 0.740625 0.309896 0.762891 0.309896 0.762891 0.333333 0.740625 0.333333
0 0.739453 0.256771 0.757812 0.256771 0.757812 0.283333 0.739453 0.283333
0 0.701172 0.293229 0.727734 0.293229 0.727734 0.325521 0.701172 0.325521
0 0.667188 0.344792 0.688672 0.344792 0.688672 0.377083 0.667188 0.377083
0 0.810547 0.066667 0.829688 0.066667 0.829688 0.092708 0.810547 0.092708
0 0.796484 0.030729 0.814453 0.030729 0.814453 0.05625 0.796484 0.05625
0 0.778516 0.070833 0.802344 0.070833 0.802344 0.096354 0.778516 0.096354
0 0.782422 0.111458 0.80625 0.111458 0.80625 0.134896 0.782422 0.134896
0 0.771875 0.154167 0.795312 0.154167 0.795312 0.173958 0.771875 0.173958
0 0.735938 0.154688 0.75625 0.154688 0.75625 0.177604 0.735938 0.177604
0 0.738672 0.115625 0.754297 0.115625 0.754297 0.141146 0.738672 0.141146
0 0.741797 0.191667 0.7625 0.191667 0.7625 0.222396 0.741797 0.222396
0 0.700781 0.209375 0.723438 0.209375 0.723438 0.2375 0.700781 0.2375
0 0.708594 0.246875 0.729297 0.246875 0.729297 0.272396 0.708594 0.272396
0 0.667188 0.243229 0.683203 0.243229 0.683203 0.275521 0.667188 0.275521
0 0.654297 0.210938 0.669531 0.210938 0.669531 0.234896 0.654297 0.234896
0 0.642188 0.235938 0.657422 0.235938 0.657422 0.264062 0.642188 0.264062
0 0.700781 0.14375 0.720312 0.14375 0.720312 0.171354 0.700781 0.171354
0 0.719531 0.105208 0.733594 0.105208 0.733594 0.127604 0.719531 0.127604
0 0.692188 0.070833 0.712109 0.070833 0.712109 0.096354 0.692188 0.096354
0 0.711328 0.047917 0.732422 0.047917 0.732422 0.074479 0.711328 0.074479
0 0.740234 0.036979 0.757812 0.036979 0.757812 0.067708 0.740234 0.067708
0 0.678125 0.10625 0.695703 0.10625 0.695703 0.130729 0.678125 0.130729
0 0.649609 0.002604 0.665625 0.002604 0.665625 0.03125 0.649609 0.03125
0 0.626172 0.035938 0.647266 0.035938 0.647266 0.067188 0.626172 0.067188
0 0.605469 0.0375 0.623438 0.0375 0.623438 0.069792 0.605469 0.069792
0 0.582812 0.027604 0.604688 0.027604 0.604688 0.0625 0.582812 0.0625
0 0.627734 0.000521 0.643359 0.000521 0.643359 0.022396 0.627734 0.022396
0 0.601953 0.076562 0.625781 0.076562 0.625781 0.103125 0.601953 0.103125
0 0.590625 0.108333 0.608203 0.108333 0.608203 0.139583 0.590625 0.139583
0 0.565234 0.111979 0.587891 0.111979 0.587891 0.141667 0.565234 0.141667
0 0.536719 0.095312 0.559766 0.095312 0.559766 0.119271 0.536719 0.119271
0 0.528125 0.041146 0.549609 0.041146 0.549609 0.070312 0.528125 0.070312
0 0.498438 0.091667 0.51875 0.091667 0.51875 0.119271 0.498438 0.119271
0 0.574609 0.147917 0.591016 0.147917 0.591016 0.175 0.574609 0.175
0 0.586328 0.171875 0.60625 0.171875 0.60625 0.194792 0.586328 0.194792
0 0.577734 0.203646 0.599609 0.203646 0.599609 0.227083 0.577734 0.227083
0 0.542188 0.182812 0.565625 0.182812 0.565625 0.206771 0.542188 0.206771
0 0.532422 0.228125 0.555078 0.228125 0.555078 0.253646 0.532422 0.253646
0 0.587109 0.269271 0.610156 0.269271 0.610156 0.296875 0.587109 0.296875
0 0.557422 0.260417 0.578906 0.260417 0.578906 0.286458 0.557422 0.286458
0 0.532812 0.270833 0.55625 0.270833 0.55625 0.302083 0.532812 0.302083
0 0.567578 0.306771 0.593359 0.306771 0.593359 0.330208 0.567578 0.330208
0 0.54375 0.319271 0.5625 0.319271 0.5625 0.352083 0.54375 0.352083
0 0.520312 0.339583 0.539844 0.339583 0.539844 0.361979 0.520312 0.361979
0 0.490625 0.331771 0.5125 0.331771 0.5125 0.353646 0.490625 0.353646
0 0.501172 0.301562 0.527344 0.301562 0.527344 0.323438 0.501172 0.323438
0 0.501172 0.267188 0.523438 0.267188 0.523438 0.291667 0.501172 0.291667
0 0.488281 0.220312 0.509375 0.220312 0.509375 0.248438 0.488281 0.248438
0 0.508984 0.152604 0.526172 0.152604 0.526172 0.177604 0.508984 0.177604
0 0.472656 0.172396 0.496484 0.172396 0.496484 0.197917 0.472656 0.197917
0 0.455078 0.2 0.478516 0.2 0.478516 0.221354 0.455078 0.221354
0 0.457812 0.233854 0.480859 0.233854 0.480859 0.259896 0.457812 0.259896
0 0.432031 0.231771 0.453516 0.231771 0.453516 0.259375 0.432031 0.259375
0 0.421875 0.186458 0.446875 0.186458 0.446875 0.213542 0.421875 0.213542
0 0.386719 0.163542 0.411719 0.163542 0.411719 0.1875 0.386719 0.1875
0 0.391797 0.194792 0.414844 0.194792 0.414844 0.218229 0.391797 0.218229
0 0.441797 0.284896 0.462891 0.284896 0.462891 0.306771 0.441797 0.306771
0 0.440625 0.334375 0.464844 0.334375 0.464844 0.360938 0.440625 0.360938
0 0.419531 0.35625 0.438281 0.35625 0.438281 0.3875 0.419531 0.3875
0 0.453125 0.38125 0.474219 0.38125 0.474219 0.404167 0.453125 0.404167
0 0.388672 0.304688 0.411328 0.304688 0.411328 0.326562 0.388672 0.326562
0 0.387109 0.269792 0.408984 0.269792 0.408984 0.296875 0.387109 0.296875
0 0.505078 0.003125 0.524609 0.003125 0.524609 0.030729 0.505078 0.030729
0 0.480469 0.027604 0.499609 0.027604 0.499609 0.05 0.480469 0.05
0 0.46875 0.003646 0.485156 0.003646 0.485156 0.032292 0.46875 0.032292
0 0.423828 0.005208 0.444531 0.005208 0.444531 0.028125 0.423828 0.028125
0 0.445703 0.047396 0.469141 0.047396 0.469141 0.071354 0.445703 0.071354
0 0.407422 0.059375 0.430078 0.059375 0.430078 0.083854 0.407422 0.083854
0 0.394922 0.006771 0.414844 0.006771 0.414844 0.034896 0.394922 0.034896
0 0.366016 0.019792 0.385938 0.019792 0.385938 0.045833 0.366016 0.045833
0 0.379297 0.047396 0.397266 0.047396 0.397266 0.077083 0.379297 0.077083
0 0.339844 0.024479 0.3625 0.024479 0.3625 0.055208 0.339844 0.055208
0 0.238281 0.007812 0.260156 0.007812 0.260156 0.032812 0.238281 0.032812
0 0.219531 0.046875 0.241406 0.046875 0.241406 0.077083 0.219531 0.077083
0 0.256641 0.085938 0.280469 0.085938 0.280469 0.108854 0.256641 0.108854
0 0.243359 0.123438 0.263672 0.123438 0.263672 0.15 0.243359 0.15
0 0.264453 0.154167 0.285938 0.154167 0.285938 0.177083 0.264453 0.177083
0 0.216016 0.172917 0.2375 0.172917 0.2375 0.200521 0.216016 0.200521
0 0.240625 0.2125 0.266016 0.2125 0.266016 0.234375 0.240625 0.234375
0 0.201953 0.096354 0.228125 0.096354 0.228125 0.116146 0.201953 0.116146
0 0.188281 0.063542 0.207422 0.063542 0.207422 0.082812 0.188281 0.082812
0 0.155078 0.067188 0.176172 0.067188 0.176172 0.090625 0.155078 0.090625
0 0.121875 0.039062 0.1375 0.039062 0.1375 0.060938 0.121875 0.060938
0 0.192578 0.147396 0.210938 0.147396 0.210938 0.165104 0.192578 0.165104
0 0.157031 0.128646 0.181641 0.128646 0.181641 0.147917 0.157031 0.147917
0 0.166797 0.181771 0.190625 0.181771 0.190625 0.204688 0.166797 0.204688
0 0.186719 0.216667 0.214062 0.216667 0.214062 0.241667 0.186719 0.241667
0 0.176562 0.005208 0.195703 0.005208 0.195703 0.030729 0.176562 0.030729
0 0.120312 0.098958 0.141016 0.098958 0.141016 0.117188 0.120312 0.117188
0 0.115625 0.132812 0.136328 0.132812 0.136328 0.158333 0.115625 0.158333
0 0.091797 0.102083 0.113281 0.102083 0.113281 0.127604 0.091797 0.127604
0 0.101562 0.067188 0.116797 0.067188 0.116797 0.094792 0.101562 0.094792
0 0.067969 0.065104 0.086328 0.065104 0.086328 0.089583 0.067969 0.089583
0 0.04375 0.040625 0.065625 0.040625 0.065625 0.064062 0.04375 0.064062
0 0.025781 0.001042 0.04375 0.001042 0.04375 0.026042 0.025781 0.026042
0 0.0 0.021875 0.014062 0.021875 0.014062 0.04375 0.0 0.04375
0 0.004297 0.065625 0.025781 0.065625 0.025781 0.090104 0.004297 0.090104
0 0.023828 0.113021 0.044922 0.113021 0.044922 0.134896 0.023828 0.134896
0 0.051953 0.1 0.073438 0.1 0.073438 0.122396 0.051953 0.122396
0 0.085938 0.139583 0.101562 0.139583 0.101562 0.159896 0.085938 0.159896
0 0.04375 0.148438 0.064844 0.148438 0.064844 0.169792 0.04375 0.169792
0 0.004297 0.151042 0.025391 0.151042 0.025391 0.184896 0.004297 0.184896
0 0.026953 0.178125 0.050391 0.178125 0.050391 0.202604 0.026953 0.202604
0 0.318359 0.317188 0.335156 0.317188 0.335156 0.344271 0.318359 0.344271
0 0.284766 0.296875 0.305078 0.296875 0.305078 0.321875 0.284766 0.321875
0 0.254297 0.303646 0.273047 0.303646 0.273047 0.329167 0.254297 0.329167
0 0.230469 0.305208 0.248047 0.305208 0.248047 0.330729 0.230469 0.330729
0 0.285547 0.338542 0.307031 0.338542 0.307031 0.359375 0.285547 0.359375
0 0.261328 0.361979 0.284375 0.361979 0.284375 0.383333 0.261328 0.383333
0 0.236719 0.340625 0.260938 0.340625 0.260938 0.36875 0.236719 0.36875
0 0.207422 0.372917 0.234375 0.372917 0.234375 0.398958 0.207422 0.398958
0 0.266797 0.397917 0.291406 0.397917 0.291406 0.422396 0.266797 0.422396
0 0.303125 0.420833 0.328906 0.420833 0.328906 0.445833 0.303125 0.445833
0 0.342188 0.422917 0.364844 0.422917 0.364844 0.450521 0.342188 0.450521
0 0.338281 0.476042 0.359766 0.476042 0.359766 0.503646 0.338281 0.503646
0 0.29375 0.463021 0.321875 0.463021 0.321875 0.489583 0.29375 0.489583
0 0.269531 0.429167 0.295312 0.429167 0.295312 0.448958 0.269531 0.448958
0 0.258203 0.470312 0.279297 0.470312 0.279297 0.491667 0.258203 0.491667
0 0.215625 0.45 0.235156 0.45 0.235156 0.478646 0.215625 0.478646
0 0.304688 0.502083 0.327734 0.502083 0.327734 0.525 0.304688 0.525
0 0.267188 0.508333 0.294531 0.508333 0.294531 0.530729 0.267188 0.530729
0 0.262891 0.557292 0.285156 0.557292 0.285156 0.579167 0.262891 0.579167
0 0.30625 0.595312 0.328906 0.595312 0.328906 0.61875 0.30625 0.61875
0 0.278516 0.596354 0.300781 0.596354 0.300781 0.620833 0.278516 0.620833
0 0.346875 0.703646 0.364062 0.703646 0.364062 0.726562 0.346875 0.726562
0 0.322656 0.668229 0.341016 0.668229 0.341016 0.693229 0.322656 0.693229
0 0.308203 0.630208 0.336328 0.630208 0.336328 0.651562 0.308203 0.651562
0 0.281641 0.655208 0.303906 0.655208 0.303906 0.682812 0.281641 0.682812
0 0.257422 0.623438 0.282422 0.623438 0.282422 0.649479 0.257422 0.649479
0 0.303125 0.694271 0.326953 0.694271 0.326953 0.719271 0.303125 0.719271
0 0.336328 0.730208 0.358203 0.730208 0.358203 0.753646 0.336328 0.753646
0 0.314062 0.761979 0.337109 0.761979 0.337109 0.782812 0.314062 0.782812
0 0.288281 0.782292 0.310547 0.782292 0.310547 0.805729 0.288281 0.805729
0 0.124219 0.232292 0.147656 0.232292 0.147656 0.259375 0.124219 0.259375
0 0.178906 0.246354 0.195703 0.246354 0.195703 0.271354 0.178906 0.271354
0 0.201172 0.270312 0.221875 0.270312 0.221875 0.296354 0.201172 0.296354
0 0.15625 0.270833 0.18125 0.270833 0.18125 0.294271 0.15625 0.294271
0 0.098438 0.221354 0.118359 0.221354 0.118359 0.242188 0.098438 0.242188
0 0.055859 0.226042 0.080469 0.226042 0.080469 0.258333 0.055859 0.258333
0 0.027344 0.228125 0.044531 0.228125 0.044531 0.25 0.027344 0.25
0 0.005078 0.213542 0.026953 0.213542 0.026953 0.239062 0.005078 0.239062
0 0.0 0.259896 0.024219 0.259896 0.024219 0.284375 0.0 0.284375
0 0.005078 0.320312 0.024219 0.320312 0.024219 0.343229 0.005078 0.343229
0 0.029297 0.308333 0.052344 0.308333 0.052344 0.329167 0.029297 0.329167
0 0.158984 0.357292 0.182422 0.357292 0.182422 0.375 0.158984 0.375
0 0.133203 0.375 0.154297 0.375 0.154297 0.400521 0.133203 0.400521
0 0.100391 0.389062 0.123828 0.389062 0.123828 0.414583 0.100391 0.414583
0 0.070312 0.364062 0.09375 0.364062 0.09375 0.391667 0.070312 0.391667
0 0.036719 0.370312 0.062109 0.370312 0.062109 0.392708 0.036719 0.392708
0 0.035547 0.395833 0.058984 0.395833 0.058984 0.414062 0.035547 0.414062
0 0.055859 0.431771 0.082031 0.431771 0.082031 0.453125 0.055859 0.453125
0 0.078516 0.477083 0.098828 0.477083 0.098828 0.505208 0.078516 0.505208
0 0.134375 0.438542 0.164062 0.438542 0.164062 0.467708 0.134375 0.467708
0 0.16875 0.497396 0.186719 0.497396 0.186719 0.522917 0.16875 0.522917
0 0.136328 0.510938 0.157812 0.510938 0.157812 0.532292 0.136328 0.532292
0 0.205078 0.541667 0.225391 0.541667 0.225391 0.571354 0.205078 0.571354
0 0.230469 0.572917 0.254688 0.572917 0.254688 0.597917 0.230469 0.597917
0 0.181641 0.597917 0.202734 0.597917 0.202734 0.631771 0.181641 0.631771
0 0.158984 0.592188 0.176953 0.592188 0.176953 0.621875 0.158984 0.621875
0 0.122266 0.598958 0.141016 0.598958 0.141016 0.628646 0.122266 0.628646
0 0.128516 0.643229 0.145703 0.643229 0.145703 0.660938 0.128516 0.660938
0 0.200391 0.669271 0.223828 0.669271 0.223828 0.699479 0.200391 0.699479
0 0.232031 0.653125 0.25 0.653125 0.25 0.677083 0.232031 0.677083
0 0.244922 0.725 0.266406 0.725 0.266406 0.747917 0.244922 0.747917
0 0.221484 0.735938 0.242578 0.735938 0.242578 0.761979 0.221484 0.761979
0 0.241797 0.772917 0.262109 0.772917 0.262109 0.792188 0.241797 0.792188
0 0.264844 0.718229 0.281641 0.718229 0.281641 0.751562 0.264844 0.751562
0 0.268359 0.815104 0.281641 0.815104 0.281641 0.841146 0.268359 0.841146
0 0.225781 0.813542 0.237891 0.813542 0.237891 0.841146 0.225781 0.841146
0 0.210547 0.769792 0.233203 0.769792 0.233203 0.798438 0.210547 0.798438
0 0.185547 0.753646 0.201953 0.753646 0.201953 0.784896 0.185547 0.784896
0 0.194922 0.708333 0.216016 0.708333 0.216016 0.735938 0.194922 0.735938
0 0.139844 0.717708 0.165625 0.717708 0.165625 0.746354 0.139844 0.746354
0 0.149219 0.785417 0.166797 0.785417 0.166797 0.819792 0.149219 0.819792
0 0.201172 0.803125 0.21875 0.803125 0.21875 0.834896 0.201172 0.834896
0 0.071875 0.666146 0.093359 0.666146 0.093359 0.69375 0.071875 0.69375
0 0.077344 0.63125 0.100781 0.63125 0.100781 0.661979 0.077344 0.661979
0 0.102734 0.538021 0.128906 0.538021 0.128906 0.560417 0.102734 0.560417
0 0.071484 0.543229 0.088281 0.543229 0.088281 0.566146 0.071484 0.566146
0 0.112891 0.509896 0.127344 0.509896 0.127344 0.53125 0.112891 0.53125
0 0.05 0.482292 0.069531 0.482292 0.069531 0.502083 0.05 0.502083
0 0.022266 0.502083 0.041797 0.502083 0.041797 0.523958 0.022266 0.523958
0 0.0 0.447396 0.020312 0.447396 0.020312 0.467188 0.0 0.467188
0 0.012109 0.547396 0.034375 0.547396 0.034375 0.570312 0.012109 0.570312
0 0.040625 0.566667 0.055859 0.566667 0.055859 0.588542 0.040625 0.588542
0 0.028125 0.604688 0.049609 0.604688 0.049609 0.623438 0.028125 0.623438
0 0.090234 0.581771 0.105078 0.581771 0.105078 0.60625 0.090234 0.60625
0 0.0 0.715104 0.015625 0.715104 0.015625 0.744792 0.0 0.744792
0 0.0 0.768229 0.016016 0.768229 0.016016 0.789062 0.0 0.789062
0 0.017578 0.798958 0.0375 0.798958 0.0375 0.81875 0.017578 0.81875
0 0.032812 0.813542 0.050391 0.813542 0.050391 0.834375 0.032812 0.834375
0 0.015234 0.860938 0.034375 0.860938 0.034375 0.89375 0.015234 0.89375
0 0.04375 0.885417 0.068359 0.885417 0.068359 0.907812 0.04375 0.907812
0 0.049219 0.918229 0.070703 0.918229 0.070703 0.94375 0.049219 0.94375
0 0.020703 0.907292 0.043359 0.907292 0.043359 0.935417 0.020703 0.935417
0 0.0 0.935417 0.023828 0.935417 0.023828 0.971354 0.0 0.971354
0 0.032812 0.947917 0.057812 0.947917 0.057812 0.980729 0.032812 0.980729
0 0.489453 0.944271 0.510547 0.944271 0.510547 0.969271 0.489453 0.969271
0 0.447656 0.945833 0.473438 0.945833 0.473438 0.970833 0.447656 0.970833
0 0.415625 0.954688 0.432812 0.954688 0.432812 0.976562 0.415625 0.976562
0 0.392969 0.945833 0.412891 0.945833 0.412891 0.969792 0.392969 0.969792
0 0.316797 0.922396 0.338281 0.922396 0.338281 0.941667 0.316797 0.941667
0 0.319141 0.95 0.339844 0.95 0.339844 0.975 0.319141 0.975
0 0.339844 0.945833 0.358594 0.945833 0.358594 0.977083 0.339844 0.977083
0 0.284375 0.954167 0.312109 0.954167 0.312109 0.978125 0.284375 0.978125
0 0.227734 0.975 0.244531 0.975 0.244531 0.997917 0.227734 0.997917
0 0.883594 0.844792 0.909766 0.844792 0.909766 0.866667 0.883594 0.866667
0 0.924609 0.866667 0.947656 0.866667 0.947656 0.894271 0.924609 0.894271
0 0.939844 0.913021 0.959766 0.913021 0.959766 0.936458 0.939844 0.936458
0 0.913672 0.934896 0.934766 0.934896 0.934766 0.957812 0.913672 0.957812
0 0.902734 0.905729 0.921875 0.905729 0.921875 0.930729 0.902734 0.930729
0 0.887109 0.888021 0.911328 0.888021 0.911328 0.910417 0.887109 0.910417
0 0.880078 0.931771 0.901953 0.931771 0.901953 0.958333 0.880078 0.958333
0 0.852734 0.917188 0.880078 0.917188 0.880078 0.938542 0.852734 0.938542
0 0.856641 0.854688 0.876953 0.854688 0.876953 0.885417 0.856641 0.885417
0 0.789453 0.890104 0.8125 0.890104 0.8125 0.917708 0.789453 0.917708
0 0.814453 0.917188 0.837891 0.917188 0.837891 0.953125 0.814453 0.953125
0 0.822656 0.975521 0.843359 0.975521 0.843359 0.997917 0.822656 0.997917
0 0.778906 0.927604 0.8 0.927604 0.8 0.958854 0.778906 0.958854
0 0.723828 0.923958 0.751562 0.923958 0.751562 0.946354 0.723828 0.946354
0 0.722266 0.899479 0.748828 0.899479 0.748828 0.921354 0.722266 0.921354
0 0.723828 0.960938 0.749219 0.960938 0.749219 0.989062 0.723828 0.989062
0 0.698438 0.946354 0.718359 0.946354 0.718359 0.975521 0.698438 0.975521
0 0.640234 0.945833 0.664062 0.945833 0.664062 0.967708 0.640234 0.967708
0 0.663281 0.932292 0.686719 0.932292 0.686719 0.960417 0.663281 0.960417