0 0.017969 0.0 0.036328 0.0 0.036328 0.017708 0.017969 0.017708
0 0.048047 0.0 0.065234 0.0 0.065234 0.0125 0.048047 0.0125
0 0.074219 0.004688 0.087891 0.004688 0.087891 0.023958 0.074219 0.023958
0 0.092969 0.016146 0.110547 0.016146 0.110547 0.034375 0.092969 0.034375
0 0.033203 0.055208 0.044922 0.055208 0.044922 0.077083 0.033203 0.077083
0 0.053125 0.072396 0.066016 0.072396 0.066016 0.089583 0.053125 0.089583
0 0.078125 0.078646 0.092578 0.078646 0.092578 0.105729 0.078125 0.105729
0 0.070703 0.039062 0.089453 0.039062 0.089453 0.061979 0.070703 0.061979
0 0.002344 0.032292 0.014453 0.032292 0.014453 0.05625 0.002344 0.05625
0 0.135938 0.057812 0.149219 0.057812 0.149219 0.085417 0.135938 0.085417
0 0.105078 0.09375 0.121484 0.09375 0.121484 0.11875 0.105078 0.11875
0 0.137109 0.104167 0.156641 0.104167 0.156641 0.123438 0.137109 0.123438
0 0.001562 0.100521 0.013672 0.100521 0.013672 0.129167 0.001562 0.129167
0 0.029688 0.116667 0.042969 0.116667 0.042969 0.140104 0.029688 0.140104
0 0.066016 0.119792 0.080859 0.119792 0.080859 0.14375 0.066016 0.14375
0 0.113672 0.158333 0.133203 0.158333 0.133203 0.178646 0.113672 0.178646
0 0.137109 0.144271 0.158984 0.144271 0.158984 0.167708 0.137109 0.167708
0 0.011328 0.171354 0.029297 0.171354 0.029297 0.1875 0.011328 0.1875
0 0.069531 0.166667 0.090625 0.166667 0.090625 0.185417 0.069531 0.185417
0 0.101562 0.189583 0.120703 0.189583 0.120703 0.209896 0.101562 0.209896
0 0.057422 0.198438 0.071875 0.198438 0.071875 0.220833 0.057422 0.220833
0 0.083594 0.223438 0.104688 0.223438 0.104688 0.241667 0.083594 0.241667
0 0.047656 0.232812 0.06875 0.232812 0.06875 0.251042 0.047656 0.251042
0 0.031641 0.208333 0.047266 0.208333 0.047266 0.239062 0.031641 0.239062
0 0.006641 0.235938 0.023047 0.235938 0.023047 0.265625 0.006641 0.265625
0 0.050391 0.284896 0.073438 0.284896 0.073438 0.301562 0.050391 0.301562
0 0.077734 0.308333 0.098828 0.308333 0.098828 0.328125 0.077734 0.328125
0 0.050391 0.328646 0.064453 0.328646 0.064453 0.350521 0.050391 0.350521
0 0.021094 0.311979 0.036719 0.311979 0.036719 0.334375 0.021094 0.334375
0 0.043359 0.356771 0.057422 0.356771 0.057422 0.378125 0.043359 0.378125
0 0.0 0.388021 0.010547 0.388021 0.010547 0.413542 0.0 0.413542
0 0.019141 0.369271 0.033594 0.369271 0.033594 0.394271 0.019141 0.394271
0 0.086328 0.436458 0.101953 0.436458 0.101953 0.458854 0.086328 0.458854
0 0.142188 0.339062 0.154297 0.339062 0.154297 0.358333 0.142188 0.358333
0 0.145703 0.370833 0.163281 0.370833 0.163281 0.39375 0.145703 0.39375
0 0.125391 0.361979 0.139453 0.361979 0.139453 0.38125 0.125391 0.38125
0 0.191016 0.320833 0.208984 0.320833 0.208984 0.354688 0.191016 0.354688
0 0.173438 0.419271 0.189844 0.419271 0.189844 0.445312 0.173438 0.445312
0 0.192188 0.377604 0.207812 0.377604 0.207812 0.396875 0.192188 0.396875
0 0.200391 0.406771 0.223828 0.406771 0.223828 0.427604 0.200391 0.427604
0 0.192188 0.272396 0.205469 0.272396 0.205469 0.298438 0.192188 0.298438
0 0.209766 0.245833 0.227734 0.245833 0.227734 0.265625 0.209766 0.265625
0 0.050781 0.472917 0.072656 0.472917 0.072656 0.494792 0.050781 0.494792
0 0.103125 0.496875 0.123828 0.496875 0.123828 0.519271 0.103125 0.519271
0 0.084766 0.507812 0.096484 0.507812 0.096484 0.534896 0.084766 0.534896
0 0.058594 0.516146 0.078125 0.516146 0.078125 0.539583 0.058594 0.539583
0 0.107031 0.534896 0.123047 0.534896 0.123047 0.560417 0.107031 0.560417
0 0.134766 0.542188 0.156641 0.542188 0.156641 0.563542 0.134766 0.563542
0 0.165625 0.514583 0.185938 0.514583 0.185938 0.533854 0.165625 0.533854
0 0.157422 0.465625 0.178906 0.465625 0.178906 0.484375 0.157422 0.484375
0 0.189453 0.490104 0.206641 0.490104 0.206641 0.510938 0.189453 0.510938
0 0.196094 0.469271 0.213281 0.469271 0.213281 0.488021 0.196094 0.488021
0 0.217188 0.458333 0.233203 0.458333 0.233203 0.478125 0.217188 0.478125
0 0.136328 0.446354 0.148438 0.446354 0.148438 0.470312 0.136328 0.470312
0 0.141797 0.484896 0.155469 0.484896 0.155469 0.504687 0.141797 0.504687
0 0.076172 0.610938 0.09375 0.610938 0.09375 0.641146 0.076172 0.641146
0 0.095703 0.647396 0.115234 0.647396 0.115234 0.667188 0.095703 0.667188
0 0.118359 0.601562 0.133984 0.601562 0.133984 0.628646 0.118359 0.628646
0 0.089453 0.575 0.103906 0.575 0.103906 0.600521 0.089453 0.600521
0 0.156641 0.582292 0.174219 0.582292 0.174219 0.605729 0.156641 0.605729
0 0.147266 0.635938 0.164844 0.635938 0.164844 0.659896 0.147266 0.659896
0 0.178125 0.65 0.192188 0.65 0.192188 0.681771 0.178125 0.681771
0 0.203125 0.675521 0.219531 0.675521 0.219531 0.697917 0.203125 0.697917
0 0.224609 0.659896 0.241016 0.659896 0.241016 0.675521 0.224609 0.675521
0 0.148438 0.679688 0.166016 0.679688 0.166016 0.705729 0.148438 0.705729
0 0.063281 0.657292 0.084766 0.657292 0.084766 0.688542 0.063281 0.688542
0 0.121484 0.707812 0.139062 0.707812 0.139062 0.739062 0.121484 0.739062
0 0.1625 0.728646 0.180078 0.728646 0.180078 0.747917 0.1625 0.747917
0 0.102344 0.741667 0.119922 0.741667 0.119922 0.7625 0.102344 0.7625
0 0.041797 0.961458 0.060938 0.961458 0.060938 0.991667 0.041797 0.991667
0 0.082812 0.964062 0.094922 0.964062 0.094922 0.996875 0.082812 0.996875
0 0.050781 0.928125 0.069922 0.928125 0.069922 0.954688 0.050781 0.954688
0 0.107031 0.939062 0.121484 0.939062 0.121484 0.966667 0.107031 0.966667
0 0.148438 0.961979 0.164844 0.961979 0.164844 0.996875 0.148438 0.996875
0 0.084375 0.878646 0.098047 0.878646 0.098047 0.908333 0.084375 0.908333
0 0.059766 0.8875 0.073438 0.8875 0.073438 0.911979 0.059766 0.911979
0 0.144531 0.901042 0.157031 0.901042 0.157031 0.923438 0.144531 0.923438
0 0.098828 0.908333 0.111719 0.908333 0.111719 0.933854 0.098828 0.933854
0 0.124219 0.747917 0.138281 0.747917 0.138281 0.778125 0.124219 0.778125
0 0.194922 0.001042 0.20625 0.001042 0.20625 0.020312 0.194922 0.020312
0 0.216016 0.009375 0.230078 0.009375 0.230078 0.0375 0.216016 0.0375
0 0.236719 0.039583 0.254297 0.039583 0.254297 0.059375 0.236719 0.059375
0 0.196094 0.058854 0.210547 0.058854 0.210547 0.084375 0.196094 0.084375
0 0.223438 0.058854 0.238281 0.058854 0.238281 0.084375 0.223438 0.084375
0 0.264453 0.019271 0.278125 0.019271 0.278125 0.045833 0.264453 0.045833
0 0.274609 0.0 0.295312 0.0 0.295312 0.010938 0.274609 0.010938
0 0.308984 0.000521 0.328906 0.000521 0.328906 0.01875 0.308984 0.01875
0 0.433984 0.001042 0.448828 0.001042 0.448828 0.022396 0.433984 0.022396
0 0.414062 0.027083 0.434766 0.027083 0.434766 0.049479 0.414062 0.049479
0 0.442578 0.0375 0.460547 0.0375 0.460547 0.059896 0.442578 0.059896
0 0.383594 0.019792 0.398438 0.019792 0.398438 0.041667 0.383594 0.041667
0 0.403516 0.053125 0.419922 0.053125 0.419922 0.074479 0.403516 0.074479
0 0.461328 0.060938 0.481641 0.060938 0.481641 0.081771 0.461328 0.081771
0 0.445312 0.085938 0.464062 0.085938 0.464062 0.103125 0.445312 0.103125
0 0.433984 0.114583 0.454297 0.114583 0.454297 0.135938 0.433984 0.135938
0 0.3875 0.103125 0.404297 0.103125 0.404297 0.125 0.3875 0.125
0 0.353516 0.095312 0.372266 0.095312 0.372266 0.118229 0.353516 0.118229
0 0.367188 0.139062 0.381641 0.139062 0.381641 0.164583 0.367188 0.164583
0 0.4125 0.141146 0.429297 0.141146 0.429297 0.159896 0.4125 0.159896
0 0.442578 0.154688 0.458594 0.154688 0.458594 0.186458 0.442578 0.186458
0 0.408203 0.177083 0.426953 0.177083 0.426953 0.194792 0.408203 0.194792
0 0.435938 0.198958 0.456641 0.198958 0.456641 0.216667 0.435938 0.216667
0 0.290234 0.165625 0.304688 0.165625 0.304688 0.189583 0.290234 0.189583
0 0.288281 0.208854 0.311328 0.208854 0.311328 0.227083 0.288281 0.227083
0 0.251172 0.219271 0.269922 0.219271 0.269922 0.241667 0.251172 0.241667
0 0.339453 0.215104 0.353906 0.215104 0.353906 0.24375 0.339453 0.24375
0 0.361719 0.20625 0.377734 0.20625 0.377734 0.228125 0.361719 0.228125
0 0.241797 0.260938 0.257422 0.260938 0.257422 0.291146 0.241797 0.291146
0 0.270312 0.254167 0.291016 0.254167 0.291016 0.271875 0.270312 0.271875
0 0.296875 0.278646 0.313281 0.278646 0.313281 0.313542 0.296875 0.313542
0 0.246875 0.298438 0.260938 0.298438 0.260938 0.321354 0.246875 0.321354
0 0.216016 0.304167 0.230469 0.304167 0.230469 0.329688 0.216016 0.329688
0 0.170312 0.30625 0.182422 0.30625 0.182422 0.33125 0.170312 0.33125
0 0.275391 0.328125 0.296484 0.328125 0.296484 0.347917 0.275391 0.347917
0 0.328125 0.273958 0.346094 0.273958 0.346094 0.3 0.328125 0.3
0 0.175781 0.35 0.189062 0.35 0.189062 0.373958 0.175781 0.373958
0 0.249609 0.355208 0.264844 0.355208 0.264844 0.385417 0.249609 0.385417
0 0.271094 0.373438 0.286719 0.373438 0.286719 0.398958 0.271094 0.398958
0 0.226953 0.377604 0.242969 0.377604 0.242969 0.402604 0.226953 0.402604
0 0.377734 0.236458 0.395703 0.236458 0.395703 0.266146 0.377734 0.266146
0 0.3625 0.282292 0.383203 0.282292 0.383203 0.301562 0.3625 0.301562
0 0.408203 0.275 0.426562 0.275 0.426562 0.296354 0.408203 0.296354
0 0.4125 0.314062 0.43125 0.314062 0.43125 0.329688 0.4125 0.329688
0 0.364844 0.310417 0.383984 0.310417 0.383984 0.333333 0.364844 0.333333
0 0.399219 0.345833 0.420312 0.345833 0.420312 0.369792 0.399219 0.369792
0 0.349609 0.347917 0.368359 0.347917 0.368359 0.378125 0.349609 0.378125
0 0.325 0.365625 0.341406 0.365625 0.341406 0.391667 0.325 0.391667
0 0.295703 0.402083 0.308594 0.402083 0.308594 0.422917 0.295703 0.422917
0 0.317188 0.410938 0.335547 0.410938 0.335547 0.427083 0.317188 0.427083
0 0.325391 0.436458 0.341406 0.436458 0.341406 0.452604 0.325391 0.452604
0 0.345312 0.440625 0.362109 0.440625 0.362109 0.469792 0.345312 0.469792
0 0.369141 0.414062 0.386719 0.414062 0.386719 0.442708 0.369141 0.442708
0 0.395312 0.401562 0.417188 0.401562 0.417188 0.424479 0.395312 0.424479
0 0.404688 0.445833 0.422656 0.445833 0.422656 0.464062 0.404688 0.464062
0 0.381641 0.452083 0.401953 0.452083 0.401953 0.477604 0.381641 0.477604
0 0.373438 0.38125 0.390625 0.38125 0.390625 0.401042 0.373438 0.401042
0 0.395703 0.375521 0.415625 0.375521 0.415625 0.394792 0.395703 0.394792
0 0.237891 0.432812 0.255859 0.432812 0.255859 0.454167 0.237891 0.454167
0 0.273828 0.420833 0.2875 0.420833 0.2875 0.444271 0.273828 0.444271
0 0.302344 0.43125 0.317969 0.43125 0.317969 0.445312 0.302344 0.445312
0 0.326953 0.470833 0.346094 0.470833 0.346094 0.490104 0.326953 0.490104
0 0.291406 0.477604 0.305078 0.477604 0.305078 0.503125 0.291406 0.503125
0 0.254297 0.460417 0.269141 0.460417 0.269141 0.488542 0.254297 0.488542
0 0.19375 0.548438 0.2125 0.548438 0.2125 0.576562 0.19375 0.576562
0 0.221484 0.572396 0.244141 0.572396 0.244141 0.59375 0.221484 0.59375
0 0.232812 0.527083 0.251172 0.527083 0.251172 0.546875 0.232812 0.546875
0 0.224609 0.5 0.238281 0.5 0.238281 0.519271 0.224609 0.519271
0 0.260938 0.517188 0.28125 0.517188 0.28125 0.538542 0.260938 0.538542
0 0.271094 0.567708 0.291016 0.567708 0.291016 0.592188 0.271094 0.592188
0 0.309766 0.534375 0.327344 0.534375 0.327344 0.552604 0.309766 0.552604
0 0.210938 0.601042 0.225781 0.601042 0.225781 0.623438 0.210938 0.623438
0 0.241016 0.616146 0.257031 0.616146 0.257031 0.635938 0.241016 0.635938
0 0.257031 0.638021 0.272266 0.638021 0.272266 0.658333 0.257031 0.658333
0 0.309766 0.572396 0.324609 0.572396 0.324609 0.596875 0.309766 0.596875
0 0.350391 0.507292 0.365234 0.507292 0.365234 0.539583 0.350391 0.539583
0 0.375391 0.486979 0.387109 0.486979 0.387109 0.513021 0.375391 0.513021
0 0.398047 0.491146 0.418359 0.491146 0.418359 0.510417 0.398047 0.510417
0 0.430859 0.485417 0.445703 0.485417 0.445703 0.501042 0.430859 0.501042
0 0.428906 0.508333 0.45 0.508333 0.45 0.527604 0.428906 0.527604
0 0.489453 0.029688 0.503125 0.029688 0.503125 0.052083 0.489453 0.052083
0 0.501562 0.061458 0.516406 0.061458 0.516406 0.084375 0.501562 0.084375
0 0.527344 0.042188 0.541016 0.042188 0.541016 0.064583 0.527344 0.064583
0 0.541406 0.010938 0.555078 0.010938 0.555078 0.029167 0.541406 0.029167
0 0.575 0.014062 0.583984 0.014062 0.583984 0.039583 0.575 0.039583
0 0.521875 0.0 0.5375 0.0 0.5375 0.014583 0.521875 0.014583
0 0.476953 0.115625 0.498047 0.115625 0.498047 0.134896 0.476953 0.134896
0 0.492188 0.135417 0.514453 0.135417 0.514453 0.152083 0.492188 0.152083
0 0.513672 0.099479 0.535547 0.099479 0.535547 0.116667 0.513672 0.116667
0 0.663672 0.011979 0.682812 0.011979 0.682812 0.032292 0.663672 0.032292
0 0.692578 0.034375 0.710156 0.034375 0.710156 0.051562 0.692578 0.051562
0 0.715234 0.0 0.731641 0.0 0.731641 0.026042 0.715234 0.026042
0 0.746094 0.019792 0.768359 0.019792 0.768359 0.039583 0.746094 0.039583
0 0.794922 0.038542 0.813672 0.038542 0.813672 0.057292 0.794922 0.057292
0 0.746484 0.055208 0.764844 0.055208 0.764844 0.077083 0.746484 0.077083
0 0.722266 0.065625 0.738281 0.065625 0.738281 0.083854 0.722266 0.083854
0 0.755469 0.100521 0.775 0.100521 0.775 0.128125 0.755469 0.128125
0 0.781641 0.095312 0.798047 0.095312 0.798047 0.114583 0.781641 0.114583
0 0.692578 0.082812 0.710156 0.082812 0.710156 0.113021 0.692578 0.113021
0 0.678516 0.051562 0.690625 0.051562 0.690625 0.079167 0.678516 0.079167
0 0.660547 0.069792 0.673828 0.069792 0.673828 0.086979 0.660547 0.086979
0 0.648828 0.092188 0.668359 0.092188 0.668359 0.110938 0.648828 0.110938
0 0.671094 0.123958 0.692188 0.123958 0.692188 0.144271 0.671094 0.144271
0 0.707031 0.133854 0.724609 0.133854 0.724609 0.155729 0.707031 0.155729
0 0.732031 0.120312 0.75 0.120312 0.75 0.149479 0.732031 0.149479
0 0.773438 0.141146 0.790625 0.141146 0.790625 0.161458 0.773438 0.161458
0 0.751953 0.176562 0.770312 0.176562 0.770312 0.197917 0.751953 0.197917
0 0.732031 0.186458 0.745312 0.186458 0.745312 0.211458 0.732031 0.211458
0 0.703125 0.175 0.720703 0.175 0.720703 0.193229 0.703125 0.193229
0 0.711328 0.207292 0.730469 0.207292 0.730469 0.225521 0.711328 0.225521
0 0.493359 0.169271 0.509375 0.169271 0.509375 0.186979 0.493359 0.186979
0 0.503516 0.198438 0.519922 0.198438 0.519922 0.215104 0.503516 0.215104
0 0.533984 0.195312 0.548047 0.195312 0.548047 0.220833 0.533984 0.220833
0 0.567578 0.167188 0.583984 0.167188 0.583984 0.196354 0.567578 0.196354
0 0.620312 0.171875 0.632812 0.171875 0.632812 0.201562 0.620312 0.201562
0 0.625391 0.2125 0.639453 0.2125 0.639453 0.241146 0.625391 0.241146
0 0.590625 0.194271 0.60625 0.194271 0.60625 0.221354 0.590625 0.221354
0 0.652344 0.192188 0.668359 0.192188 0.668359 0.220312 0.652344 0.220312
0 0.664844 0.250521 0.678516 0.250521 0.678516 0.281771 0.664844 0.281771
0 0.700391 0.273958 0.716406 0.273958 0.716406 0.298958 0.700391 0.298958
0 0.678516 0.294271 0.691016 0.294271 0.691016 0.319792 0.678516 0.319792
0 0.633203 0.259375 0.648047 0.259375 0.648047 0.286458 0.633203 0.286458
0 0.504297 0.219792 0.523828 0.219792 0.523828 0.238542 0.504297 0.238542
0 0.519922 0.242188 0.539844 0.242188 0.539844 0.260938 0.519922 0.260938
0 0.510156 0.260938 0.526562 0.260938 0.526562 0.279688 0.510156 0.279688
0 0.542578 0.270312 0.565625 0.270312 0.565625 0.289583 0.542578 0.289583
0 0.494141 0.291667 0.515234 0.291667 0.515234 0.313021 0.494141 0.313021
0 0.583594 0.243229 0.602344 0.243229 0.602344 0.270833 0.583594 0.270833
0 0.592578 0.288021 0.607422 0.288021 0.607422 0.316146 0.592578 0.316146
0 0.575 0.289062 0.587109 0.289062 0.587109 0.321875 0.575 0.321875
0 0.539844 0.296354 0.55625 0.296354 0.55625 0.319792 0.539844 0.319792
0 0.520703 0.31875 0.540625 0.31875 0.540625 0.338542 0.520703 0.338542
0 0.541406 0.344271 0.55625 0.344271 0.55625 0.375 0.541406 0.375
0 0.566406 0.35 0.583594 0.35 0.583594 0.383854 0.566406 0.383854
0 0.508594 0.354167 0.521875 0.354167 0.521875 0.375521 0.508594 0.375521
0 0.523828 0.385417 0.542188 0.385417 0.542188 0.408333 0.523828 0.408333
0 0.553516 0.402604 0.572266 0.402604 0.572266 0.423958 0.553516 0.423958
0 0.596875 0.383854 0.612891 0.383854 0.612891 0.410938 0.596875 0.410938
0 0.621484 0.385417 0.632422 0.385417 0.632422 0.407812 0.621484 0.407812
0 0.624219 0.345833 0.638281 0.345833 0.638281 0.375521 0.624219 0.375521
0 0.622266 0.306771 0.638281 0.306771 0.638281 0.332812 0.622266 0.332812
0 0.648047 0.332812 0.664062 0.332812 0.664062 0.366146 0.648047 0.366146
0 0.652734 0.376562 0.666797 0.376562 0.666797 0.403125 0.652734 0.403125
0 0.487109 0.377604 0.503906 0.377604 0.503906 0.400521 0.487109 0.400521
0 0.491016 0.415625 0.508594 0.415625 0.508594 0.433333 0.491016 0.433333
0 0.521484 0.432292 0.541797 0.432292 0.541797 0.45 0.521484 0.45
0 0.55 0.432812 0.571875 0.432812 0.571875 0.453646 0.55 0.453646
0 0.452734 0.441667 0.464453 0.441667 0.464453 0.467188 0.452734 0.467188
0 0.5875 0.410417 0.600391 0.410417 0.600391 0.435938 0.5875 0.435938
0 0.664844 0.325 0.679297 0.325 0.679297 0.348438 0.664844 0.348438
0 0.671875 0.351562 0.685938 0.351562 0.685938 0.375521 0.671875 0.375521
0 0.185156 0.851042 0.203516 0.851042 0.203516 0.872396 0.185156 0.872396
0 0.221484 0.853125 0.242578 0.853125 0.242578 0.876562 0.221484 0.876562
0 0.257422 0.858854 0.271094 0.858854 0.271094 0.892188 0.257422 0.892188
0 0.277344 0.896875 0.301172 0.896875 0.301172 0.921875 0.277344 0.921875
0 0.277344 0.935938 0.294922 0.935938 0.294922 0.958854 0.277344 0.958854
0 0.300391 0.929688 0.316016 0.929688 0.316016 0.953125 0.300391 0.953125
0 0.221875 0.88125 0.240625 0.88125 0.240625 0.904688 0.221875 0.904688
0 0.197656 0.895312 0.217578 0.895312 0.217578 0.916146 0.197656 0.916146
0 0.207812 0.815625 0.231641 0.815625 0.231641 0.838021 0.207812 0.838021
0 0.215234 0.786979 0.236719 0.786979 0.236719 0.807812 0.215234 0.807812
0 0.254297 0.802083 0.269922 0.802083 0.269922 0.833854 0.254297 0.833854
0 0.241016 0.767188 0.263281 0.767188 0.263281 0.783854 0.241016 0.783854
0 0.269141 0.719792 0.283594 0.719792 0.283594 0.74375 0.269141 0.74375
0 0.296484 0.715104 0.3125 0.715104 0.3125 0.745833 0.296484 0.745833
0 0.329297 0.754167 0.348828 0.754167 0.348828 0.776042 0.329297 0.776042
0 0.341016 0.789583 0.358984 0.789583 0.358984 0.815625 0.341016 0.815625
0 0.282812 0.761979 0.306641 0.761979 0.306641 0.784375 0.282812 0.784375
0 0.278516 0.816146 0.293359 0.816146 0.293359 0.846875 0.278516 0.846875
0 0.289062 0.860417 0.307812 0.860417 0.307812 0.882292 0.289062 0.882292
0 0.321875 0.866146 0.346484 0.866146 0.346484 0.889583 0.321875 0.889583
0 0.338672 0.830208 0.360938 0.830208 0.360938 0.851562 0.338672 0.851562
0 0.364062 0.85625 0.389062 0.85625 0.389062 0.879688 0.364062 0.879688
0 0.308594 0.807812 0.321875 0.807812 0.321875 0.840625 0.308594 0.840625
0 0.380859 0.805208 0.398438 0.805208 0.398438 0.83125 0.380859 0.83125
0 0.417969 0.83125 0.437891 0.83125 0.437891 0.854167 0.417969 0.854167
0 0.405469 0.865625 0.419922 0.865625 0.419922 0.884896 0.405469 0.884896
0 0.359766 0.903125 0.377344 0.903125 0.377344 0.922917 0.359766 0.922917
0 0.424609 0.972917 0.447266 0.972917 0.447266 0.999479 0.424609 0.999479
0 0.387109 0.965625 0.402734 0.965625 0.402734 0.9875 0.387109 0.9875
0 0.514844 0.967188 0.536328 0.967188 0.536328 0.984896 0.514844 0.984896
0 0.570703 0.951562 0.5875 0.951562 0.5875 0.975521 0.570703 0.975521
0 0.539844 0.909375 0.559375 0.909375 0.559375 0.932812 0.539844 0.932812
0 0.509375 0.923958 0.528906 0.923958 0.528906 0.940625 0.509375 0.940625
0 0.513672 0.881771 0.535156 0.881771 0.535156 0.898438 0.513672 0.898438
0 0.545703 0.849479 0.564453 0.849479 0.564453 0.877083 0.545703 0.877083
0 0.580859 0.882812 0.608203 0.882812 0.608203 0.902083 0.580859 0.902083
0 0.616797 0.897396 0.641797 0.897396 0.641797 0.917188 0.616797 0.917188
0 0.590625 0.938542 0.6125 0.938542 0.6125 0.956771 0.590625 0.956771
0 0.603125 0.851562 0.627734 0.851562 0.627734 0.873438 0.603125 0.873438
0 0.608594 0.813021 0.630859 0.813021 0.630859 0.834375 0.608594 0.834375
0 0.477734 0.834896 0.494922 0.834896 0.494922 0.861458 0.477734 0.861458
0 0.508984 0.836979 0.529688 0.836979 0.529688 0.855208 0.508984 0.855208
0 0.38125 0.73125 0.398438 0.73125 0.398438 0.760417 0.38125 0.760417
0 0.416797 0.765625 0.438672 0.765625 0.438672 0.78125 0.416797 0.78125
0 0.423438 0.791667 0.438281 0.791667 0.438281 0.811979 0.423438 0.811979
0 0.386719 0.775521 0.402344 0.775521 0.402344 0.795312 0.386719 0.795312
0 0.477344 0.736458 0.491797 0.736458 0.491797 0.758333 0.477344 0.758333
0 0.510938 0.758333 0.532422 0.758333 0.532422 0.782812 0.510938 0.782812
0 0.526562 0.796354 0.544922 0.796354 0.544922 0.817708 0.526562 0.817708
0 0.554297 0.801562 0.571094 0.801562 0.571094 0.822396 0.554297 0.822396
0 0.588281 0.788021 0.602734 0.788021 0.602734 0.810417 0.588281 0.810417
0 0.351172 0.713021 0.362891 0.713021 0.362891 0.734896 0.351172 0.734896
0 0.471875 0.775521 0.487891 0.775521 0.487891 0.797396 0.471875 0.797396
0 0.474609 0.814583 0.4875 0.814583 0.4875 0.833333 0.474609 0.833333
0 0.3 0.680208 0.315234 0.680208 0.315234 0.702083 0.3 0.702083
0 0.330078 0.680729 0.344531 0.680729 0.344531 0.710417 0.330078 0.710417
0 0.367578 0.694792 0.381641 0.694792 0.381641 0.719792 0.367578 0.719792
0 0.411328 0.685417 0.426562 0.685417 0.426562 0.714062 0.411328 0.714062
0 0.443359 0.680208 0.462891 0.680208 0.462891 0.701042 0.443359 0.701042
0 0.471484 0.692708 0.4875 0.692708 0.4875 0.714062 0.471484 0.714062
0 0.455469 0.710417 0.469141 0.710417 0.469141 0.726562 0.455469 0.726562
0 0.435156 0.738021 0.447656 0.738021 0.447656 0.760938 0.435156 0.760938
0 0.406641 0.623958 0.419141 0.623958 0.419141 0.657292 0.406641 0.657292
0 0.446484 0.615104 0.466016 0.615104 0.466016 0.632292 0.446484 0.632292
0 0.467188 0.595312 0.485547 0.595312 0.485547 0.614062 0.467188 0.614062
0 0.489453 0.616667 0.505859 0.616667 0.505859 0.634375 0.489453 0.634375
0 0.459766 0.634896 0.478125 0.634896 0.478125 0.654167 0.459766 0.654167
0 0.465234 0.657292 0.480469 0.657292 0.480469 0.685938 0.465234 0.685938
0 0.491797 0.645833 0.505859 0.645833 0.505859 0.667188 0.491797 0.667188
0 0.441016 0.570312 0.454688 0.570312 0.454688 0.590104 0.441016 0.590104
0 0.489062 0.557812 0.501562 0.557812 0.501562 0.584896 0.489062 0.584896
0 0.487109 0.530729 0.507422 0.530729 0.507422 0.548438 0.487109 0.548438
0 0.512109 0.564062 0.528125 0.564062 0.528125 0.597917 0.512109 0.597917
0 0.521875 0.503125 0.541016 0.503125 0.541016 0.524479 0.521875 0.524479
0 0.535156 0.530208 0.556641 0.530208 0.556641 0.551562 0.535156 0.551562
0 0.570703 0.529167 0.592969 0.529167 0.592969 0.55 0.570703 0.55
0 0.60625 0.529167 0.618359 0.529167 0.618359 0.554688 0.60625 0.554688
0 0.558203 0.484375 0.583203 0.484375 0.583203 0.505729 0.558203 0.505729
0 0.560547 0.567188 0.577734 0.567188 0.577734 0.586979 0.560547 0.586979
0 0.598438 0.572917 0.620312 0.572917 0.620312 0.594792 0.598438 0.594792
0 0.538281 0.59375 0.561719 0.59375 0.561719 0.613542 0.538281 0.613542
0 0.571094 0.60625 0.592578 0.60625 0.592578 0.627604 0.571094 0.627604
0 0.599609 0.617188 0.621875 0.617188 0.621875 0.635417 0.599609 0.635417
0 0.520703 0.634896 0.536719 0.634896 0.536719 0.654688 0.520703 0.654688
0 0.542188 0.627083 0.555859 0.627083 0.555859 0.652083 0.542188 0.652083
0 0.571875 0.639583 0.587109 0.639583 0.587109 0.665104 0.571875 0.665104
0 0.591406 0.667708 0.607031 0.667708 0.607031 0.694792 0.591406 0.694792
0 0.617969 0.65625 0.632422 0.65625 0.632422 0.68125 0.617969 0.68125
0 0.521875 0.69375 0.544141 0.69375 0.544141 0.714583 0.521875 0.714583
0 0.557422 0.686458 0.570703 0.686458 0.570703 0.710417 0.557422 0.710417
0 0.507812 0.716667 0.523828 0.716667 0.523828 0.736979 0.507812 0.736979
0 0.543359 0.738021 0.557812 0.738021 0.557812 0.763542 0.543359 0.763542
0 0.571484 0.7375 0.588672 0.7375 0.588672 0.768229 0.571484 0.768229
0 0.598047 0.727604 0.613281 0.727604 0.613281 0.759896 0.598047 0.759896
0 0.616016 0.748438 0.630078 0.748438 0.630078 0.772396 0.616016 0.772396
0 0.625391 0.78125 0.639453 0.78125 0.639453 0.802083 0.625391 0.802083
0 0.490234 0.88125 0.504297 0.88125 0.504297 0.9 0.490234 0.9
0 0.939844 0.0 0.952344 0.0 0.952344 0.021875 0.939844 0.021875
0 0.957031 0.005729 0.969141 0.005729 0.969141 0.029688 0.957031 0.029688
0 0.975781 0.022396 0.988672 0.022396 0.988672 0.047917 0.975781 0.047917
0 0.898828 0.015625 0.912891 0.015625 0.912891 0.034896 0.898828 0.034896
0 0.854297 0.120833 0.870312 0.120833 0.870312 0.147396 0.854297 0.147396
0 0.880078 0.113542 0.893359 0.113542 0.893359 0.139062 0.880078 0.139062
0 0.903516 0.119792 0.917969 0.119792 0.917969 0.152604 0.903516 0.152604
0 0.930078 0.145833 0.946094 0.145833 0.946094 0.169792 0.930078 0.169792
0 0.951172 0.154688 0.966016 0.154688 0.966016 0.176042 0.951172 0.176042
0 0.834375 0.173958 0.851172 0.173958 0.851172 0.195312 0.834375 0.195312
0 0.868359 0.172396 0.8875 0.172396 0.8875 0.19375 0.868359 0.19375
0 0.9125 0.167188 0.925781 0.167188 0.925781 0.194271 0.9125 0.194271
0 0.786719 0.245833 0.804688 0.245833 0.804688 0.263542 0.786719 0.263542
0 0.830078 0.2375 0.85 0.2375 0.85 0.257292 0.830078 0.257292
0 0.881641 0.234375 0.901953 0.234375 0.901953 0.256771 0.881641 0.256771
0 0.977344 0.232812 0.994141 0.232812 0.994141 0.247396 0.977344 0.247396
0 0.956641 0.235417 0.967969 0.235417 0.967969 0.261458 0.956641 0.261458
0 0.974219 0.270312 0.992188 0.270312 0.992188 0.288542 0.974219 0.288542
0 0.908203 0.260938 0.925781 0.260938 0.925781 0.290104 0.908203 0.290104
0 0.947266 0.290104 0.971875 0.290104 0.971875 0.309896 0.947266 0.309896
0 0.974609 0.314583 0.992578 0.314583 0.992578 0.331771 0.974609 0.331771
0 0.81875 0.282292 0.83125 0.282292 0.83125 0.30625 0.81875 0.30625
0 0.835938 0.304688 0.854297 0.304688 0.854297 0.322917 0.835938 0.322917
0 0.857812 0.277083 0.876953 0.277083 0.876953 0.296354 0.857812 0.296354
0 0.792969 0.282812 0.810938 0.282812 0.810938 0.307812 0.792969 0.307812
0 0.741797 0.363542 0.75625 0.363542 0.75625 0.390104 0.741797 0.390104
0 0.769141 0.371875 0.783594 0.371875 0.783594 0.395312 0.769141 0.395312
0 0.789453 0.377083 0.807031 0.377083 0.807031 0.411458 0.789453 0.411458
0 0.757812 0.345312 0.780859 0.345312 0.780859 0.366667 0.757812 0.366667
0 0.799219 0.321354 0.817578 0.321354 0.817578 0.346354 0.799219 0.346354
0 0.826562 0.341667 0.848828 0.341667 0.848828 0.363021 0.826562 0.363021
0 0.834375 0.389062 0.853125 0.389062 0.853125 0.415104 0.834375 0.415104
0 0.76875 0.410417 0.788281 0.410417 0.788281 0.428646 0.76875 0.428646
0 0.889062 0.279688 0.902344 0.279688 0.902344 0.302604 0.889062 0.302604
0 0.902344 0.304688 0.921094 0.304688 0.921094 0.322917 0.902344 0.322917
0 0.930859 0.316146 0.942969 0.316146 0.942969 0.346354 0.930859 0.346354
0 0.869922 0.323438 0.889453 0.323438 0.889453 0.342188 0.869922 0.342188
0 0.886719 0.346875 0.905078 0.346875 0.905078 0.364583 0.886719 0.364583
0 0.917969 0.365625 0.935938 0.365625 0.935938 0.3875 0.917969 0.3875
0 0.865625 0.373438 0.881641 0.373438 0.881641 0.403125 0.865625 0.403125
0 0.901562 0.376042 0.913281 0.376042 0.913281 0.396875 0.901562 0.396875
0 0.960156 0.369792 0.981641 0.369792 0.981641 0.388021 0.960156 0.388021
0 0.984766 0.386979 0.999609 0.386979 0.999609 0.419792 0.984766 0.419792
0 0.95625 0.398958 0.971484 0.398958 0.971484 0.41875 0.95625 0.41875
0 0.935938 0.411979 0.948828 0.411979 0.948828 0.433854 0.935938 0.433854
0 0.957812 0.442708 0.981641 0.442708 0.981641 0.465625 0.957812 0.465625
0 0.901562 0.421354 0.922266 0.421354 0.922266 0.438021 0.901562 0.438021
0 0.866406 0.41875 0.885156 0.41875 0.885156 0.434896 0.866406 0.434896
0 0.883594 0.442188 0.898047 0.442188 0.898047 0.472917 0.883594 0.472917
0 0.919531 0.455729 0.936719 0.455729 0.936719 0.486458 0.919531 0.486458
0 0.952344 0.492708 0.966016 0.492708 0.966016 0.523438 0.952344 0.523438
0 0.989844 0.432292 0.999609 0.432292 0.999609 0.448958 0.989844 0.448958
0 0.982812 0.509375 0.999609 0.509375 0.999609 0.529167 0.982812 0.529167
0 0.754297 0.425521 0.771484 0.425521 0.771484 0.448438 0.754297 0.448438
0 0.773828 0.454688 0.790625 0.454688 0.790625 0.475 0.773828 0.475
0 0.798828 0.452604 0.817578 0.452604 0.817578 0.478646 0.798828 0.478646
0 0.817578 0.43125 0.836328 0.43125 0.836328 0.452604 0.817578 0.452604
0 0.841016 0.453125 0.858203 0.453125 0.858203 0.482292 0.841016 0.482292
0 0.709375 0.471354 0.728906 0.471354 0.728906 0.490104 0.709375 0.490104
0 0.746484 0.488021 0.766797 0.488021 0.766797 0.509375 0.746484 0.509375
0 0.771094 0.503125 0.788281 0.503125 0.788281 0.523958 0.771094 0.523958
0 0.783203 0.479688 0.803125 0.479688 0.803125 0.496875 0.783203 0.496875
0 0.811719 0.495312 0.833203 0.495312 0.833203 0.509896 0.811719 0.509896
0 0.720703 0.509896 0.740234 0.509896 0.740234 0.526562 0.720703 0.526562
0 0.746875 0.529688 0.761719 0.529688 0.761719 0.555208 0.746875 0.555208
0 0.767969 0.548438 0.790234 0.548438 0.790234 0.565625 0.767969 0.565625
0 0.777344 0.578125 0.794531 0.578125 0.794531 0.60625 0.777344 0.60625
0 0.742578 0.575 0.759375 0.575 0.759375 0.6 0.742578 0.6
0 0.717188 0.535417 0.735156 0.535417 0.735156 0.558333 0.717188 0.558333
0 0.817188 0.542708 0.832422 0.542708 0.832422 0.566146 0.817188 0.566146
0 0.844141 0.521875 0.864844 0.521875 0.864844 0.540104 0.844141 0.540104
0 0.878125 0.53125 0.892578 0.53125 0.892578 0.552083 0.878125 0.552083
0 0.880078 0.494271 0.898047 0.494271 0.898047 0.518229 0.880078 0.518229
0 0.911328 0.515625 0.928125 0.515625 0.928125 0.54375 0.911328 0.54375
0 0.858594 0.564062 0.872656 0.564062 0.872656 0.590104 0.858594 0.590104
0 0.818359 0.516667 0.835156 0.516667 0.835156 0.532292 0.818359 0.532292
0 0.687109 0.605729 0.701172 0.605729 0.701172 0.630208 0.687109 0.630208
0 0.712109 0.604167 0.728125 0.604167 0.728125 0.630208 0.712109 0.630208
0 0.696484 0.639583 0.711328 0.639583 0.711328 0.666667 0.696484 0.666667
0 0.745703 0.632292 0.758203 0.632292 0.758203 0.6625 0.745703 0.6625
0 0.760156 0.617188 0.780078 0.617188 0.780078 0.639062 0.760156 0.639062
0 0.792188 0.613021 0.812891 0.613021 0.812891 0.630729 0.792188 0.630729
0 0.822266 0.621875 0.842188 0.621875 0.842188 0.644792 0.822266 0.644792
0 0.826562 0.585938 0.844922 0.585938 0.844922 0.60625 0.826562 0.60625
0 0.851953 0.602604 0.866406 0.602604 0.866406 0.626042 0.851953 0.626042
0 0.878516 0.601562 0.894141 0.601562 0.894141 0.623958 0.878516 0.623958
0 0.934766 0.520312 0.95 0.520312 0.95 0.551042 0.934766 0.551042
0 0.965625 0.535938 0.979688 0.535938 0.979688 0.563542 0.965625 0.563542
0 0.898047 0.564062 0.917578 0.564062 0.917578 0.582812 0.898047 0.582812
0 0.943359 0.575521 0.966406 0.575521 0.966406 0.596354 0.943359 0.596354
0 0.988672 0.546875 0.999609 0.546875 0.999609 0.576562 0.988672 0.576562
0 0.968359 0.621354 0.980078 0.621354 0.980078 0.642188 0.968359 0.642188
0 0.941016 0.616146 0.953516 0.616146 0.953516 0.640104 0.941016 0.640104
0 0.91875 0.617188 0.928516 0.617188 0.928516 0.640104 0.91875 0.640104
0 0.866406 0.65625 0.887891 0.65625 0.887891 0.677604 0.866406 0.677604
0 0.838672 0.664583 0.857422 0.664583 0.857422 0.685417 0.838672 0.685417
0 0.797656 0.649479 0.810938 0.649479 0.810938 0.673438 0.797656 0.673438
0 0.773047 0.668229 0.790625 0.668229 0.790625 0.686458 0.773047 0.686458
0 0.719141 0.677604 0.735156 0.677604 0.735156 0.701562 0.719141 0.701562
0 0.751172 0.70625 0.766406 0.70625 0.766406 0.733333 0.751172 0.733333
0 0.69375 0.696875 0.710938 0.696875 0.710938 0.722396 0.69375 0.722396
0 0.721484 0.746875 0.739453 0.746875 0.739453 0.771354 0.721484 0.771354
0 0.755078 0.768229 0.776562 0.768229 0.776562 0.792188 0.755078 0.792188
0 0.728516 0.799479 0.745703 0.799479 0.745703 0.827604 0.728516 0.827604
0 0.761328 0.824479 0.777344 0.824479 0.777344 0.845833 0.761328 0.845833
0 0.787109 0.827604 0.798828 0.827604 0.798828 0.848438 0.787109 0.848438
0 0.744922 0.857812 0.761719 0.857812 0.761719 0.881771 0.744922 0.881771
0 0.695312 0.842188 0.711328 0.842188 0.711328 0.864062 0.695312 0.864062
0 0.690234 0.814583 0.711719 0.814583 0.711719 0.834896 0.690234 0.834896
0 0.678516 0.756771 0.695312 0.756771 0.695312 0.773958 0.678516 0.773958
0 0.796875 0.710938 0.819531 0.710938 0.819531 0.731771 0.796875 0.731771
0 0.833984 0.730208 0.855859 0.730208 0.855859 0.751562 0.833984 0.751562
0 0.862891 0.70625 0.879688 0.70625 0.879688 0.726562 0.862891 0.726562
0 0.863672 0.759896 0.879688 0.759896 0.879688 0.777083 0.863672 0.777083
0 0.834375 0.78125 0.851172 0.78125 0.851172 0.797917 0.834375 0.797917
0 0.897266 0.661979 0.911328 0.661979 0.911328 0.690625 0.897266 0.690625