0 0.066016 0.008333 0.086719 0.008333 0.086719 0.040625 0.066016 0.040625
0 0.15625 0.031771 0.175391 0.031771 0.175391 0.057812 0.15625 0.057812
0 0.236328 0.048438 0.251953 0.048438 0.251953 0.084375 0.236328 0.084375
0 0.252344 0.001042 0.274219 0.001042 0.274219 0.025 0.252344 0.025
0 0.296484 0.049479 0.31875 0.049479 0.31875 0.072396 0.296484 0.072396
0 0.337891 0.05625 0.355078 0.05625 0.355078 0.084375 0.337891 0.084375
0 0.305469 0.079167 0.324219 0.079167 0.324219 0.103646 0.305469 0.103646
0 0.214844 0.085417 0.23125 0.085417 0.23125 0.113021 0.214844 0.113021
0 0.257422 0.098958 0.274219 0.098958 0.274219 0.128125 0.257422 0.128125
0 0.288672 0.124479 0.309766 0.124479 0.309766 0.15 0.288672 0.15
0 0.211328 0.14375 0.23125 0.14375 0.23125 0.163542 0.211328 0.163542
0 0.185938 0.10625 0.200391 0.10625 0.200391 0.134375 0.185938 0.134375
0 0.165625 0.073958 0.183594 0.073958 0.183594 0.094792 0.165625 0.094792
0 0.187109 0.013542 0.209766 0.013542 0.209766 0.040104 0.187109 0.040104
0 0.210156 0.0 0.228125 0.0 0.228125 0.01875 0.210156 0.01875
0 0.205859 0.049479 0.225391 0.049479 0.225391 0.072917 0.205859 0.072917
0 0.060938 0.058333 0.076562 0.058333 0.076562 0.080208 0.060938 0.080208
0 0.039062 0.077604 0.058594 0.077604 0.058594 0.102083 0.039062 0.102083
0 0.0 0.085938 0.0125 0.085938 0.0125 0.108854 0.0 0.108854
0 0.012891 0.217708 0.032812 0.217708 0.032812 0.240104 0.012891 0.240104
0 0.047656 0.223438 0.066406 0.223438 0.066406 0.249479 0.047656 0.249479
0 0.077734 0.227083 0.096094 0.227083 0.096094 0.25 0.077734 0.25
0 0.108984 0.210938 0.127344 0.210938 0.127344 0.239583 0.108984 0.239583
0 0.14375 0.219271 0.163281 0.219271 0.163281 0.243229 0.14375 0.243229
0 0.178125 0.239583 0.198438 0.239583 0.198438 0.267708 0.178125 0.267708
0 0.16875 0.195833 0.181641 0.195833 0.181641 0.21875 0.16875 0.21875
0 0.143359 0.188542 0.165234 0.188542 0.165234 0.205208 0.143359 0.205208
0 0.005859 0.263542 0.022656 0.263542 0.022656 0.289062 0.005859 0.289062
0 0.033984 0.273958 0.049609 0.273958 0.049609 0.304688 0.033984 0.304688
0 0.061328 0.2875 0.084766 0.2875 0.084766 0.311979 0.061328 0.311979
0 0.103125 0.259375 0.119922 0.259375 0.119922 0.289062 0.103125 0.289062
0 0.139062 0.255208 0.157422 0.255208 0.157422 0.290104 0.139062 0.290104
0 0.205859 0.248438 0.221484 0.248438 0.221484 0.280208 0.205859 0.280208
0 0.19375 0.286979 0.2125 0.286979 0.2125 0.30625 0.19375 0.30625
0 0.165625 0.279167 0.185156 0.279167 0.185156 0.300521 0.165625 0.300521
0 0.034375 0.328646 0.056641 0.328646 0.056641 0.355729 0.034375 0.355729
0 0.003906 0.356771 0.023047 0.356771 0.023047 0.376562 0.003906 0.376562
0 0.032031 0.411458 0.047266 0.411458 0.047266 0.442188 0.032031 0.442188
0 0.092969 0.31875 0.111719 0.31875 0.111719 0.346354 0.092969 0.346354
0 0.142188 0.322396 0.157031 0.322396 0.157031 0.351042 0.142188 0.351042
0 0.174609 0.328646 0.195312 0.328646 0.195312 0.352604 0.174609 0.352604
0 0.20625 0.364583 0.223438 0.364583 0.223438 0.393229 0.20625 0.393229
0 0.215625 0.333854 0.236719 0.333854 0.236719 0.359375 0.215625 0.359375
0 0.079688 0.360938 0.098438 0.360938 0.098438 0.378646 0.079688 0.378646
0 0.1125 0.367188 0.130078 0.367188 0.130078 0.388021 0.1125 0.388021
0 0.076172 0.402083 0.096875 0.402083 0.096875 0.421354 0.076172 0.421354
0 0.112109 0.405729 0.133203 0.405729 0.133203 0.427604 0.112109 0.427604
0 0.150391 0.40625 0.172656 0.40625 0.172656 0.426562 0.150391 0.426562
0 0.176953 0.385417 0.196875 0.385417 0.196875 0.407292 0.176953 0.407292
0 0.186719 0.420833 0.206641 0.420833 0.206641 0.441146 0.186719 0.441146
0 0.134766 0.432812 0.153125 0.432812 0.153125 0.452604 0.134766 0.452604
0 0.089453 0.439583 0.116797 0.439583 0.116797 0.459375 0.089453 0.459375
0 0.036719 0.565104 0.057031 0.565104 0.057031 0.583333 0.036719 0.583333
0 0.032812 0.600521 0.054688 0.600521 0.054688 0.61875 0.032812 0.61875
0 0.007812 0.605729 0.023438 0.605729 0.023438 0.628646 0.007812 0.628646
0 0.066797 0.627083 0.088672 0.627083 0.088672 0.647917 0.066797 0.647917
0 0.015234 0.660417 0.035547 0.660417 0.035547 0.680208 0.015234 0.680208
0 0.0 0.710938 0.020312 0.710938 0.020312 0.73125 0.0 0.73125
0 0.039062 0.736979 0.060156 0.736979 0.060156 0.755729 0.039062 0.755729
0 0.0 0.809375 0.015625 0.809375 0.015625 0.829167 0.0 0.829167
0 0.026562 0.821354 0.045703 0.821354 0.045703 0.845833 0.026562 0.845833
0 0.052734 0.808333 0.069922 0.808333 0.069922 0.828125 0.052734 0.828125
0 0.060156 0.822917 0.075391 0.822917 0.075391 0.848438 0.060156 0.848438
0 0.006641 0.857812 0.023047 0.857812 0.023047 0.880208 0.006641 0.880208
0 0.062891 0.866667 0.083594 0.866667 0.083594 0.884375 0.062891 0.884375
0 0.06875 0.898958 0.087109 0.898958 0.087109 0.923958 0.06875 0.923958
0 0.101562 0.848438 0.116797 0.848438 0.116797 0.870833 0.101562 0.870833
0 0.151562 0.574479 0.171875 0.574479 0.171875 0.596354 0.151562 0.596354
0 0.183984 0.569792 0.2 0.569792 0.2 0.598958 0.183984 0.598958
0 0.211328 0.552083 0.229688 0.552083 0.229688 0.574479 0.211328 0.574479
0 0.225781 0.51875 0.25 0.51875 0.25 0.536458 0.225781 0.536458
0 0.090234 0.491146 0.108203 0.491146 0.108203 0.506771 0.090234 0.506771
0 0.300781 0.566146 0.321094 0.566146 0.321094 0.584375 0.300781 0.584375
0 0.286719 0.599479 0.303516 0.599479 0.303516 0.619792 0.286719 0.619792
0 0.259375 0.576562 0.275781 0.576562 0.275781 0.608333 0.259375 0.608333
0 0.238672 0.595833 0.256641 0.595833 0.256641 0.615104 0.238672 0.615104
0 0.209766 0.616146 0.223438 0.616146 0.223438 0.641667 0.209766 0.641667
0 0.221094 0.658333 0.242188 0.658333 0.242188 0.677083 0.221094 0.677083
0 0.257812 0.674479 0.275781 0.674479 0.275781 0.691146 0.257812 0.691146
0 0.260938 0.633854 0.274609 0.633854 0.274609 0.661458 0.260938 0.661458
0 0.178906 0.641667 0.201562 0.641667 0.201562 0.661979 0.178906 0.661979
0 0.141797 0.636458 0.163281 0.636458 0.163281 0.659896 0.141797 0.659896
0 0.140234 0.685417 0.157031 0.685417 0.157031 0.7125 0.140234 0.7125
0 0.173047 0.685417 0.198047 0.685417 0.198047 0.707812 0.173047 0.707812
0 0.314844 0.630729 0.3375 0.630729 0.3375 0.653125 0.314844 0.653125
0 0.365234 0.642708 0.383984 0.642708 0.383984 0.669792 0.365234 0.669792
0 0.319141 0.672917 0.341797 0.672917 0.341797 0.692708 0.319141 0.692708
0 0.354297 0.697396 0.370703 0.697396 0.370703 0.723958 0.354297 0.723958
0 0.323438 0.713021 0.346484 0.713021 0.346484 0.732812 0.323438 0.732812
0 0.285938 0.686979 0.308203 0.686979 0.308203 0.705729 0.285938 0.705729
0 0.076953 0.732812 0.098047 0.732812 0.098047 0.751562 0.076953 0.751562
0 0.127734 0.730208 0.151953 0.730208 0.151953 0.748438 0.127734 0.748438
0 0.132422 0.759896 0.151953 0.759896 0.151953 0.776562 0.132422 0.776562
0 0.046484 0.776042 0.072656 0.776042 0.072656 0.793229 0.046484 0.793229
0 0.183984 0.730208 0.202734 0.730208 0.202734 0.75625 0.183984 0.75625
0 0.217188 0.753125 0.241797 0.753125 0.241797 0.773438 0.217188 0.773438
0 0.224609 0.717188 0.248047 0.717188 0.248047 0.744271 0.224609 0.744271
0 0.127344 0.859375 0.145312 0.859375 0.145312 0.884896 0.127344 0.884896
0 0.165625 0.8625 0.182812 0.8625 0.182812 0.884896 0.165625 0.884896
0 0.153125 0.891667 0.16875 0.891667 0.16875 0.915104 0.153125 0.915104
0 0.122656 0.909896 0.145703 0.909896 0.145703 0.926562 0.122656 0.926562
0 0.149219 0.932292 0.167969 0.932292 0.167969 0.955729 0.149219 0.955729
0 0.18125 0.939583 0.202344 0.939583 0.202344 0.967188 0.18125 0.967188
0 0.193359 0.8875 0.214844 0.8875 0.214844 0.913542 0.193359 0.913542
0 0.226953 0.895312 0.248047 0.895312 0.248047 0.919271 0.226953 0.919271
0 0.187109 0.829167 0.207422 0.829167 0.207422 0.85 0.187109 0.85
0 0.207031 0.806771 0.226172 0.806771 0.226172 0.825521 0.207031 0.825521
0 0.257031 0.784896 0.274609 0.784896 0.274609 0.815104 0.257031 0.815104
0 0.287891 0.784896 0.309375 0.784896 0.309375 0.804688 0.287891 0.804688
0 0.23125 0.814583 0.245703 0.814583 0.245703 0.847396 0.23125 0.847396
0 0.271484 0.836979 0.290234 0.836979 0.290234 0.861979 0.271484 0.861979
0 0.303516 0.830729 0.321484 0.830729 0.321484 0.858333 0.303516 0.858333
0 0.248828 0.868229 0.265625 0.868229 0.265625 0.890625 0.248828 0.890625
0 0.277344 0.889062 0.296875 0.889062 0.296875 0.908333 0.277344 0.908333
0 0.313672 0.869271 0.326953 0.869271 0.326953 0.892708 0.313672 0.892708
0 0.340625 0.842188 0.357812 0.842188 0.357812 0.865104 0.340625 0.865104
0 0.288281 0.744271 0.308203 0.744271 0.308203 0.761458 0.288281 0.761458
0 0.326953 0.768229 0.349219 0.768229 0.349219 0.785938 0.326953 0.785938
0 0.247656 0.951042 0.264062 0.951042 0.264062 0.972917 0.247656 0.972917
0 0.15625 0.96875 0.180469 0.96875 0.180469 0.986458 0.15625 0.986458
0 0.271875 0.936458 0.290625 0.936458 0.290625 0.958854 0.271875 0.958854
0 0.296875 0.922917 0.311328 0.922917 0.311328 0.947396 0.296875 0.947396
0 0.292969 0.973958 0.310547 0.973958 0.310547 0.999479 0.292969 0.999479
0 0.354688 0.001042 0.375 0.001042 0.375 0.032812 0.354688 0.032812
0 0.400781 0.000521 0.4125 0.000521 0.4125 0.023438 0.400781 0.023438
0 0.417188 0.021875 0.435156 0.021875 0.435156 0.052604 0.417188 0.052604
0 0.433594 0.0 0.449609 0.0 0.449609 0.01875 0.433594 0.01875
0 0.44375 0.035417 0.464453 0.035417 0.464453 0.061458 0.44375 0.061458
0 0.476562 0.051042 0.498828 0.051042 0.498828 0.075521 0.476562 0.075521
0 0.390234 0.043229 0.412891 0.043229 0.412891 0.06875 0.390234 0.06875
0 0.369922 0.079688 0.390234 0.079688 0.390234 0.104167 0.369922 0.104167
0 0.450781 0.086979 0.467578 0.086979 0.467578 0.114062 0.450781 0.114062
0 0.416016 0.097396 0.436328 0.097396 0.436328 0.120312 0.416016 0.120312
0 0.391406 0.109375 0.408203 0.109375 0.408203 0.131771 0.391406 0.131771
0 0.41875 0.138021 0.434375 0.138021 0.434375 0.158333 0.41875 0.158333
0 0.447266 0.130729 0.467188 0.130729 0.467188 0.150521 0.447266 0.150521
0 0.474609 0.154688 0.488281 0.154688 0.488281 0.180729 0.474609 0.180729
0 0.492188 0.144271 0.509375 0.144271 0.509375 0.175 0.492188 0.175
0 0.482812 0.090625 0.498438 0.090625 0.498438 0.120312 0.482812 0.120312
0 0.515625 0.080208 0.534766 0.080208 0.534766 0.101562 0.515625 0.101562
0 0.567578 0.117188 0.585938 0.117188 0.585938 0.140625 0.567578 0.140625
0 0.297656 0.203646 0.318359 0.203646 0.318359 0.225521 0.297656 0.225521
0 0.328125 0.197917 0.344922 0.197917 0.344922 0.221354 0.328125 0.221354
0 0.325391 0.230729 0.343359 0.230729 0.343359 0.258854 0.325391 0.258854
0 0.277344 0.264062 0.292969 0.264062 0.292969 0.290104 0.277344 0.290104
0 0.305078 0.288542 0.319922 0.288542 0.319922 0.315104 0.305078 0.315104
0 0.33125 0.308854 0.345703 0.308854 0.345703 0.345312 0.33125 0.345312
0 0.413281 0.192708 0.435156 0.192708 0.435156 0.213021 0.413281 0.213021
0 0.453125 0.201042 0.470703 0.201042 0.470703 0.223438 0.453125 0.223438
0 0.482031 0.208854 0.497266 0.208854 0.497266 0.240104 0.482031 0.240104
0 0.452344 0.236458 0.473828 0.236458 0.473828 0.255208 0.452344 0.255208
0 0.392578 0.233333 0.409375 0.233333 0.409375 0.251563 0.392578 0.251563
0 0.417578 0.255729 0.438672 0.255729 0.438672 0.277604 0.417578 0.277604
0 0.36875 0.275 0.385156 0.275 0.385156 0.304167 0.36875 0.304167
0 0.394922 0.28125 0.412891 0.28125 0.412891 0.3 0.394922 0.3
0 0.395312 0.327604 0.415625 0.327604 0.415625 0.35 0.395312 0.35
0 0.434766 0.294271 0.454688 0.294271 0.454688 0.318229 0.434766 0.318229
0 0.462891 0.293229 0.480859 0.293229 0.480859 0.322917 0.462891 0.322917
0 0.503516 0.297917 0.524609 0.297917 0.524609 0.319271 0.503516 0.319271
0 0.489453 0.252604 0.508984 0.252604 0.508984 0.271875 0.489453 0.271875
0 0.529297 0.26875 0.545703 0.26875 0.545703 0.289583 0.529297 0.289583
0 0.519531 0.185417 0.536719 0.185417 0.536719 0.217188 0.519531 0.217188
0 0.539844 0.156771 0.558594 0.156771 0.558594 0.179688 0.539844 0.179688
0 0.5625 0.176562 0.581641 0.176562 0.581641 0.202604 0.5625 0.202604
0 0.566016 0.214583 0.588672 0.214583 0.588672 0.234375 0.566016 0.234375
0 0.553906 0.234896 0.570703 0.234896 0.570703 0.261979 0.553906 0.261979
0 0.577344 0.244792 0.602734 0.244792 0.602734 0.265625 0.577344 0.265625
0 0.603125 0.206771 0.617969 0.206771 0.617969 0.238542 0.603125 0.238542
0 0.273828 0.345312 0.292578 0.345312 0.292578 0.364583 0.273828 0.364583
0 0.303125 0.364583 0.323438 0.364583 0.323438 0.38125 0.303125 0.38125
0 0.326562 0.386458 0.340625 0.386458 0.340625 0.420312 0.326562 0.420312
0 0.289062 0.396354 0.309766 0.396354 0.309766 0.418229 0.289062 0.418229
0 0.283594 0.422917 0.296094 0.422917 0.296094 0.453125 0.283594 0.453125
0 0.283984 0.494792 0.296875 0.494792 0.296875 0.518229 0.283984 0.518229
0 0.317188 0.501562 0.329688 0.501562 0.329688 0.515625 0.317188 0.515625
0 0.339453 0.514583 0.357812 0.514583 0.357812 0.536458 0.339453 0.536458
0 0.360547 0.4875 0.377344 0.4875 0.377344 0.5125 0.360547 0.5125
0 0.342188 0.471354 0.355859 0.471354 0.355859 0.493229 0.342188 0.493229
0 0.323047 0.451562 0.336719 0.451562 0.336719 0.479167 0.323047 0.479167
0 0.364453 0.423958 0.379688 0.423958 0.379688 0.444792 0.364453 0.444792
0 0.390234 0.435417 0.411328 0.435417 0.411328 0.455208 0.390234 0.455208
0 0.385547 0.461979 0.405859 0.461979 0.405859 0.492188 0.385547 0.492188
0 0.410938 0.491146 0.428906 0.491146 0.428906 0.516667 0.410938 0.516667
0 0.376953 0.386458 0.39375 0.386458 0.39375 0.414583 0.376953 0.414583
0 0.408203 0.38125 0.427344 0.38125 0.427344 0.403125 0.408203 0.403125
0 0.449609 0.363021 0.471484 0.363021 0.471484 0.385938 0.449609 0.385938
0 0.427344 0.413542 0.444141 0.413542 0.444141 0.444792 0.427344 0.444792
0 0.457812 0.427083 0.477344 0.427083 0.477344 0.45625 0.457812 0.45625
0 0.433203 0.454167 0.449219 0.454167 0.449219 0.489583 0.433203 0.489583
0 0.474219 0.328125 0.492188 0.328125 0.492188 0.358854 0.474219 0.358854
0 0.503906 0.353125 0.521875 0.353125 0.521875 0.370312 0.503906 0.370312
0 0.528516 0.318229 0.544922 0.318229 0.544922 0.344792 0.528516 0.344792
0 0.552734 0.284896 0.567578 0.284896 0.567578 0.316146 0.552734 0.316146
0 0.590625 0.314062 0.604297 0.314062 0.604297 0.344792 0.590625 0.344792
0 0.614062 0.299479 0.627344 0.299479 0.627344 0.330208 0.614062 0.330208
0 0.593359 0.350521 0.614062 0.350521 0.614062 0.372396 0.593359 0.372396
0 0.630859 0.322917 0.644141 0.322917 0.644141 0.346875 0.630859 0.346875
0 0.551953 0.365625 0.573828 0.365625 0.573828 0.391667 0.551953 0.391667
0 0.479688 0.398438 0.500781 0.398438 0.500781 0.41875 0.479688 0.41875
0 0.509375 0.384896 0.533203 0.384896 0.533203 0.404688 0.509375 0.404688
0 0.525781 0.415625 0.546484 0.415625 0.546484 0.439062 0.525781 0.439062
0 0.501172 0.432812 0.523047 0.432812 0.523047 0.455208 0.501172 0.455208
0 0.444141 0.501562 0.460547 0.501562 0.460547 0.532812 0.444141 0.532812
0 0.462109 0.492188 0.483594 0.492188 0.483594 0.5125 0.462109 0.5125
0 0.489844 0.456771 0.505859 0.456771 0.505859 0.485417 0.489844 0.485417
0 0.494922 0.501562 0.513281 0.501562 0.513281 0.527604 0.494922 0.527604
0 0.535938 0.460417 0.558984 0.460417 0.558984 0.483333 0.535938 0.483333
0 0.549609 0.528646 0.566797 0.528646 0.566797 0.551562 0.549609 0.551562
0 0.600781 0.467708 0.622656 0.467708 0.622656 0.485938 0.600781 0.485938
0 0.572266 0.397917 0.592969 0.397917 0.592969 0.425521 0.572266 0.425521
0 0.616797 0.383854 0.639062 0.383854 0.639062 0.407292 0.616797 0.407292
0 0.644531 0.402604 0.6625 0.402604 0.6625 0.422396 0.644531 0.422396
0 0.64375 0.433854 0.667969 0.433854 0.667969 0.453646 0.64375 0.453646
0 0.63125 0.465625 0.653906 0.465625 0.653906 0.486979 0.63125 0.486979
0 0.666016 0.498958 0.682031 0.498958 0.682031 0.515104 0.666016 0.515104
0 0.622656 0.503646 0.64375 0.503646 0.64375 0.521875 0.622656 0.521875
0 0.473047 0.692708 0.491797 0.692708 0.491797 0.710938 0.473047 0.710938
0 0.503125 0.681771 0.524219 0.681771 0.524219 0.707292 0.503125 0.707292
0 0.50625 0.644271 0.521484 0.644271 0.521484 0.669271 0.50625 0.669271
0 0.533594 0.646354 0.55 0.646354 0.55 0.670833 0.533594 0.670833
0 0.563281 0.63125 0.580078 0.63125 0.580078 0.655729 0.563281 0.655729
0 0.614453 0.627083 0.634766 0.627083 0.634766 0.65 0.614453 0.65
0 0.644531 0.652604 0.664844 0.652604 0.664844 0.675 0.644531 0.675
0 0.664453 0.619271 0.682031 0.619271 0.682031 0.639583 0.664453 0.639583
0 0.657812 0.584375 0.675 0.584375 0.675 0.604167 0.657812 0.604167
0 0.457812 0.73125 0.475781 0.73125 0.475781 0.751562 0.457812 0.751562
0 0.444922 0.760938 0.465234 0.760938 0.465234 0.782292 0.444922 0.782292
0 0.475 0.783333 0.493359 0.783333 0.493359 0.807292 0.475 0.807292
0 0.444922 0.804167 0.465234 0.804167 0.465234 0.821875 0.444922 0.821875
0 0.496094 0.750521 0.516406 0.750521 0.516406 0.771875 0.496094 0.771875
0 0.509375 0.7125 0.525 0.7125 0.525 0.734896 0.509375 0.734896
0 0.533594 0.722917 0.548438 0.722917 0.548438 0.754167 0.533594 0.754167
0 0.537109 0.772917 0.559766 0.772917 0.559766 0.795833 0.537109 0.795833
0 0.495703 0.810938 0.511719 0.810938 0.511719 0.831771 0.495703 0.831771
0 0.533984 0.832292 0.553516 0.832292 0.553516 0.854167 0.533984 0.854167
0 0.556641 0.708333 0.580859 0.708333 0.580859 0.729688 0.556641 0.729688
0 0.56875 0.742708 0.587109 0.742708 0.587109 0.770833 0.56875 0.770833
0 0.601953 0.754167 0.617188 0.754167 0.617188 0.774479 0.601953 0.774479
0 0.599609 0.726042 0.625781 0.726042 0.625781 0.748438 0.599609 0.748438
0 0.600391 0.684375 0.621484 0.684375 0.621484 0.708333 0.600391 0.708333
0 0.389453 0.934375 0.410156 0.934375 0.410156 0.960417 0.389453 0.960417
0 0.421484 0.932292 0.438281 0.932292 0.438281 0.958333 0.421484 0.958333
0 0.430078 0.974479 0.454688 0.974479 0.454688 0.998958 0.430078 0.998958
0 0.392188 0.973438 0.408594 0.973438 0.408594 0.999479 0.392188 0.999479
0 0.465625 0.952083 0.481641 0.952083 0.481641 0.988542 0.465625 0.988542
0 0.503516 0.976562 0.529688 0.976562 0.529688 0.999479 0.503516 0.999479
0 0.540234 0.945833 0.555469 0.945833 0.555469 0.978125 0.540234 0.978125
0 0.56875 0.931771 0.585938 0.931771 0.585938 0.969792 0.56875 0.969792
0 0.5375 0.884375 0.560938 0.884375 0.560938 0.907812 0.5375 0.907812
0 0.505469 0.907812 0.529688 0.907812 0.529688 0.932292 0.505469 0.932292
0 0.478516 0.910417 0.496875 0.910417 0.496875 0.935938 0.478516 0.935938
0 0.510938 0.863542 0.531641 0.863542 0.531641 0.882292 0.510938 0.882292
0 0.597656 0.809896 0.614453 0.809896 0.614453 0.842708 0.597656 0.842708
0 0.576172 0.852083 0.598438 0.852083 0.598438 0.875521 0.576172 0.875521
0 0.614844 0.847396 0.640234 0.847396 0.640234 0.869271 0.614844 0.869271
0 0.595703 0.913021 0.617188 0.913021 0.617188 0.931771 0.595703 0.931771
0 0.651172 0.813542 0.66875 0.813542 0.66875 0.838542 0.651172 0.838542
0 0.691016 0.904688 0.709766 0.904688 0.709766 0.927083 0.691016 0.927083
0 0.724219 0.934896 0.739844 0.934896 0.739844 0.960417 0.724219 0.960417
0 0.741406 0.899479 0.762891 0.899479 0.762891 0.930208 0.741406 0.930208
0 0.703906 0.866667 0.728516 0.866667 0.728516 0.891146 0.703906 0.891146
0 0.665234 0.866146 0.691016 0.866146 0.691016 0.886979 0.665234 0.886979
0 0.689062 0.828125 0.708984 0.828125 0.708984 0.851562 0.689062 0.851562
0 0.720703 0.836979 0.742578 0.836979 0.742578 0.855208 0.720703 0.855208
0 0.747266 0.807812 0.767578 0.807812 0.767578 0.831771 0.747266 0.831771
0 0.639844 0.757812 0.654688 0.757812 0.654688 0.785938 0.639844 0.785938
0 0.667578 0.743229 0.682031 0.743229 0.682031 0.770312 0.667578 0.770312
0 0.683203 0.776562 0.697266 0.776562 0.697266 0.808333 0.683203 0.808333
0 0.722656 0.777604 0.742578 0.777604 0.742578 0.806771 0.722656 0.806771
0 0.719531 0.725521 0.735156 0.725521 0.735156 0.755729 0.719531 0.755729
0 0.749219 0.751562 0.764844 0.751562 0.764844 0.782812 0.749219 0.782812
0 0.758984 0.718229 0.780078 0.718229 0.780078 0.745312 0.758984 0.745312
0 0.657812 0.707292 0.674609 0.707292 0.674609 0.735417 0.657812 0.735417
0 0.640234 0.694271 0.661328 0.694271 0.661328 0.716667 0.640234 0.716667
0 0.671094 0.023438 0.698828 0.023438 0.698828 0.053125 0.671094 0.053125
0 0.690625 0.055208 0.712891 0.055208 0.712891 0.075521 0.690625 0.075521
0 0.715625 0.021354 0.738281 0.021354 0.738281 0.048438 0.715625 0.048438
0 0.736719 0.05625 0.756641 0.05625 0.756641 0.08125 0.736719 0.08125
0 0.754688 0.014062 0.772656 0.014062 0.772656 0.036979 0.754688 0.036979
0 0.673438 0.0 0.694922 0.0 0.694922 0.011458 0.673438 0.011458
0 0.807031 0.018229 0.823828 0.018229 0.823828 0.045833 0.807031 0.045833
0 0.782031 0.080208 0.797656 0.080208 0.797656 0.107292 0.782031 0.107292
0 0.719141 0.111458 0.739453 0.111458 0.739453 0.140104 0.719141 0.140104
0 0.751172 0.126562 0.767969 0.126562 0.767969 0.152604 0.751172 0.152604
0 0.786328 0.11875 0.806641 0.11875 0.806641 0.141667 0.786328 0.141667
0 0.851953 0.001042 0.863672 0.001042 0.863672 0.023438 0.851953 0.023438
0 0.84375 0.048438 0.856641 0.048438 0.856641 0.076562 0.84375 0.076562
0 0.859375 0.038021 0.880469 0.038021 0.880469 0.058854 0.859375 0.058854
0 0.828516 0.088542 0.842188 0.088542 0.842188 0.121354 0.828516 0.121354
0 0.836328 0.117708 0.858984 0.117708 0.858984 0.140625 0.836328 0.140625
0 0.866406 0.097917 0.882422 0.097917 0.882422 0.122917 0.866406 0.122917
0 0.882422 0.064583 0.901562 0.064583 0.901562 0.090104 0.882422 0.090104
0 0.903125 0.03125 0.918359 0.03125 0.918359 0.063542 0.903125 0.063542
0 0.930469 0.027083 0.944922 0.027083 0.944922 0.057292 0.930469 0.057292
0 0.719141 0.186979 0.734766 0.186979 0.734766 0.207292 0.719141 0.207292
0 0.75 0.189062 0.772266 0.189062 0.772266 0.208854 0.75 0.208854
0 0.789844 0.152083 0.811719 0.152083 0.811719 0.172917 0.789844 0.172917
0 0.790625 0.189583 0.815234 0.189583 0.815234 0.206771 0.790625 0.206771
0 0.741797 0.223438 0.760156 0.223438 0.760156 0.245312 0.741797 0.245312
0 0.775391 0.226562 0.796484 0.226562 0.796484 0.246875 0.775391 0.246875
0 0.805078 0.217708 0.821875 0.217708 0.821875 0.245312 0.805078 0.245312
0 0.831641 0.195833 0.853516 0.195833 0.853516 0.215104 0.831641 0.215104
0 0.840625 0.159896 0.861328 0.159896 0.861328 0.183333 0.840625 0.183333
0 0.93125 0.092708 0.952734 0.092708 0.952734 0.110417 0.93125 0.110417
0 0.95625 0.11875 0.971484 0.11875 0.971484 0.144271 0.95625 0.144271
0 0.933203 0.158854 0.953516 0.158854 0.953516 0.178125 0.933203 0.178125
0 0.904297 0.157292 0.923438 0.157292 0.923438 0.179688 0.904297 0.179688
0 0.896484 0.188021 0.919141 0.188021 0.919141 0.2125 0.896484 0.2125
0 0.898047 0.226042 0.916797 0.226042 0.916797 0.243229 0.898047 0.243229
0 0.858203 0.206771 0.879688 0.206771 0.879688 0.230208 0.858203 0.230208
0 0.823438 0.240104 0.848828 0.240104 0.848828 0.258333 0.823438 0.258333
0 0.782422 0.276042 0.801953 0.276042 0.801953 0.3 0.782422 0.3
0 0.742188 0.272917 0.759766 0.272917 0.759766 0.303125 0.742188 0.303125
0 0.892188 0.310417 0.908594 0.310417 0.908594 0.335938 0.892188 0.335938
0 0.894141 0.347396 0.912109 0.347396 0.912109 0.372917 0.894141 0.372917
0 0.924219 0.346354 0.939844 0.346354 0.939844 0.375 0.924219 0.375
0 0.955078 0.326562 0.967969 0.326562 0.967969 0.35625 0.955078 0.35625
0 0.980078 0.3375 0.994922 0.3375 0.994922 0.365104 0.980078 0.365104
0 0.875 0.344271 0.889062 0.344271 0.889062 0.371354 0.875 0.371354
0 0.838672 0.385417 0.852344 0.385417 0.852344 0.415104 0.838672 0.415104
0 0.862891 0.383333 0.876172 0.383333 0.876172 0.409375 0.862891 0.409375
0 0.903125 0.3875 0.918359 0.3875 0.918359 0.414583 0.903125 0.414583
0 0.967578 0.379167 0.983594 0.379167 0.983594 0.409896 0.967578 0.409896
0 0.795312 0.461979 0.819141 0.461979 0.819141 0.478646 0.795312 0.478646
0 0.823828 0.432292 0.839062 0.432292 0.839062 0.457812 0.823828 0.457812
0 0.841797 0.463542 0.858203 0.463542 0.858203 0.493229 0.841797 0.493229
0 0.884375 0.459896 0.905859 0.459896 0.905859 0.481771 0.884375 0.481771
0 0.901172 0.429167 0.917969 0.429167 0.917969 0.452604 0.901172 0.452604
0 0.910156 0.471354 0.927734 0.471354 0.927734 0.496354 0.910156 0.496354
0 0.935547 0.433333 0.950391 0.433333 0.950391 0.459896 0.935547 0.459896
0 0.957812 0.445833 0.978125 0.445833 0.978125 0.473958 0.957812 0.473958
0 0.976562 0.476042 0.998047 0.476042 0.998047 0.497917 0.976562 0.497917
0 0.808594 0.501042 0.829688 0.501042 0.829688 0.521875 0.808594 0.521875
0 0.807422 0.535938 0.833203 0.535938 0.833203 0.557812 0.807422 0.557812
0 0.844141 0.554167 0.864062 0.554167 0.864062 0.583854 0.844141 0.583854
0 0.820703 0.570833 0.833984 0.570833 0.833984 0.59375 0.820703 0.59375
0 0.851172 0.50625 0.873047 0.50625 0.873047 0.528125 0.851172 0.528125
0 0.873438 0.542708 0.888672 0.542708 0.888672 0.575 0.873438 0.575
0 0.896094 0.526042 0.915625 0.526042 0.915625 0.547396 0.896094 0.547396
0 0.946484 0.513021 0.963281 0.513021 0.963281 0.542188 0.946484 0.542188
0 0.973828 0.515625 0.987891 0.515625 0.987891 0.545312 0.973828 0.545312
0 0.933203 0.553646 0.946875 0.553646 0.946875 0.581771 0.933203 0.581771
0 0.950391 0.580729 0.965625 0.580729 0.965625 0.608854 0.950391 0.608854
0 0.978516 0.609896 0.997266 0.609896 0.997266 0.636458 0.978516 0.636458
0 0.894531 0.574479 0.910547 0.574479 0.910547 0.595833 0.894531 0.595833
0 0.914062 0.586979 0.93125 0.586979 0.93125 0.618229 0.914062 0.618229
0 0.897656 0.614583 0.913281 0.614583 0.913281 0.647396 0.897656 0.647396
0 0.931641 0.621875 0.948438 0.621875 0.948438 0.646354 0.931641 0.646354
0 0.958984 0.639062 0.977344 0.639062 0.977344 0.663542 0.958984 0.663542
0 0.892188 0.744792 0.917578 0.744792 0.917578 0.765625 0.892188 0.765625
0 0.941406 0.777604 0.964453 0.777604 0.964453 0.799479 0.941406 0.799479
0 0.911328 0.795312 0.930859 0.795312 0.930859 0.815625 0.911328 0.815625
0 0.978125 0.805208 0.999609 0.805208 0.999609 0.827604 0.978125 0.827604
0 0.979297 0.752604 0.998438 0.752604 0.998438 0.783854 0.979297 0.783854
0 0.955078 0.825521 0.975 0.825521 0.975 0.849479 0.955078 0.849479
0 0.975781 0.946354 0.996094 0.946354 0.996094 0.967188 0.975781 0.967188
0 0.96875 0.972396 0.987891 0.972396 0.987891 0.996875 0.96875 0.996875
0 0.937891 0.95 0.9625 0.95 0.9625 0.975 0.937891 0.975
0 0.933984 0.916667 0.964062 0.916667 0.964062 0.94375 0.933984 0.94375
0 0.923438 0.834375 0.94375 0.834375 0.94375 0.867188 0.923438 0.867188