0 0.117188 0.003646 0.132812 0.003646 0.132812 0.023958 0.117188 0.023958
0 0.166797 0.041146 0.186719 0.041146 0.186719 0.063021 0.166797 0.063021
0 0.210938 0.0375 0.230859 0.0375 0.230859 0.060417 0.210938 0.060417
0 0.218359 0.075521 0.235547 0.075521 0.235547 0.095833 0.218359 0.095833
0 0.016016 0.034896 0.026953 0.034896 0.026953 0.054167 0.016016 0.054167
0 0.096094 0.0625 0.119531 0.0625 0.119531 0.085417 0.096094 0.085417
0 0.142969 0.073438 0.157422 0.073438 0.157422 0.098438 0.142969 0.098438
0 0.185938 0.100521 0.200391 0.100521 0.200391 0.125 0.185938 0.125
0 0.216797 0.121875 0.233984 0.121875 0.233984 0.142708 0.216797 0.142708
0 0.070312 0.103125 0.089062 0.103125 0.089062 0.132292 0.070312 0.132292
0 0.029297 0.107292 0.042969 0.107292 0.042969 0.129688 0.029297 0.129688
0 0.010938 0.158333 0.025 0.158333 0.025 0.177604 0.010938 0.177604
0 0.046875 0.172917 0.062109 0.172917 0.062109 0.198438 0.046875 0.198438
0 0.092969 0.158333 0.110156 0.158333 0.110156 0.178125 0.092969 0.178125
0 0.138281 0.158333 0.158984 0.158333 0.158984 0.181771 0.138281 0.181771
0 0.040625 0.205729 0.059766 0.205729 0.059766 0.225521 0.040625 0.225521
0 0.089453 0.192188 0.105859 0.192188 0.105859 0.214583 0.089453 0.214583
0 0.102734 0.229167 0.119141 0.229167 0.119141 0.260417 0.102734 0.260417
0 0.128516 0.215625 0.149219 0.215625 0.149219 0.241667 0.128516 0.241667
0 0.130469 0.253646 0.148828 0.253646 0.148828 0.272396 0.130469 0.272396
0 0.189062 0.145312 0.203906 0.145312 0.203906 0.161979 0.189062 0.161979
0 0.0 0.310938 0.017578 0.310938 0.017578 0.329167 0.0 0.329167
0 0.041797 0.310417 0.059375 0.310417 0.059375 0.328646 0.041797 0.328646
0 0.005859 0.344271 0.028125 0.344271 0.028125 0.36875 0.005859 0.36875
0 0.022656 0.381771 0.042578 0.381771 0.042578 0.402083 0.022656 0.402083
0 0.014062 0.4375 0.028906 0.4375 0.028906 0.465104 0.014062 0.465104
0 0.044141 0.429167 0.062109 0.429167 0.062109 0.454167 0.044141 0.454167
0 0.367188 0.116667 0.380859 0.116667 0.380859 0.141667 0.367188 0.141667
0 0.383984 0.151562 0.407812 0.151562 0.407812 0.179167 0.383984 0.179167
0 0.4125 0.117188 0.433203 0.117188 0.433203 0.141146 0.4125 0.141146
0 0.348438 0.155729 0.365625 0.155729 0.365625 0.180729 0.348438 0.180729
0 0.420312 0.176042 0.44375 0.176042 0.44375 0.201042 0.420312 0.201042
0 0.450781 0.111979 0.469922 0.111979 0.469922 0.139062 0.450781 0.139062
0 0.493359 0.124479 0.514453 0.124479 0.514453 0.144792 0.493359 0.144792
0 0.497656 0.152604 0.517578 0.152604 0.517578 0.172917 0.497656 0.172917
0 0.455859 0.167188 0.479297 0.167188 0.479297 0.188542 0.455859 0.188542
0 0.379688 0.204167 0.402344 0.204167 0.402344 0.231771 0.379688 0.231771
0 0.429688 0.225521 0.448047 0.225521 0.448047 0.248438 0.429688 0.248438
0 0.459375 0.227604 0.475781 0.227604 0.475781 0.252604 0.459375 0.252604
0 0.310547 0.238021 0.327344 0.238021 0.327344 0.264062 0.310547 0.264062
0 0.284766 0.280729 0.301953 0.280729 0.301953 0.301042 0.284766 0.301042
0 0.324219 0.281771 0.342188 0.281771 0.342188 0.301562 0.324219 0.301562
0 0.356641 0.271875 0.375781 0.271875 0.375781 0.296354 0.356641 0.296354
0 0.235156 0.304688 0.255469 0.304688 0.255469 0.327083 0.235156 0.327083
0 0.254688 0.332292 0.277344 0.332292 0.277344 0.355208 0.254688 0.355208
0 0.322656 0.334375 0.340625 0.334375 0.340625 0.358854 0.322656 0.358854
0 0.380859 0.324479 0.401953 0.324479 0.401953 0.351042 0.380859 0.351042
0 0.418359 0.260938 0.435547 0.260938 0.435547 0.282292 0.418359 0.282292
0 0.437891 0.297396 0.453516 0.297396 0.453516 0.325521 0.437891 0.325521
0 0.479688 0.292188 0.494531 0.292188 0.494531 0.316667 0.479688 0.316667
0 0.500781 0.254688 0.515234 0.254688 0.515234 0.272917 0.500781 0.272917
0 0.514844 0.282292 0.530469 0.282292 0.530469 0.302083 0.514844 0.302083
0 0.522656 0.327083 0.5375 0.327083 0.5375 0.354688 0.522656 0.354688
0 0.437891 0.343229 0.454297 0.343229 0.454297 0.375 0.437891 0.375
0 0.480078 0.355729 0.500391 0.355729 0.500391 0.379167 0.480078 0.379167
0 0.487109 0.329688 0.505078 0.329688 0.505078 0.350521 0.487109 0.350521
0 0.401562 0.358333 0.421484 0.358333 0.421484 0.386979 0.401562 0.386979
0 0.287109 0.366667 0.307422 0.366667 0.307422 0.392188 0.287109 0.392188
0 0.257031 0.388021 0.28125 0.388021 0.28125 0.410938 0.257031 0.410938
0 0.294531 0.425521 0.314062 0.425521 0.314062 0.454167 0.294531 0.454167
0 0.321875 0.428646 0.340234 0.428646 0.340234 0.451562 0.321875 0.451562
0 0.205469 0.427083 0.226172 0.427083 0.226172 0.446875 0.205469 0.446875
0 0.230469 0.445312 0.244531 0.445312 0.244531 0.469271 0.230469 0.469271
0 0.189062 0.467708 0.207031 0.467708 0.207031 0.491146 0.189062 0.491146
0 0.221875 0.501042 0.244141 0.501042 0.244141 0.524479 0.221875 0.524479
0 0.262891 0.492188 0.282031 0.492188 0.282031 0.511979 0.262891 0.511979
0 0.285547 0.514583 0.305469 0.514583 0.305469 0.538021 0.285547 0.538021
0 0.15 0.488021 0.169531 0.488021 0.169531 0.511458 0.15 0.511458
0 0.177734 0.511458 0.198828 0.511458 0.198828 0.532292 0.177734 0.532292
0 0.196094 0.548958 0.217578 0.548958 0.217578 0.56875 0.196094 0.56875
0 0.233984 0.549479 0.253125 0.549479 0.253125 0.576562 0.233984 0.576562
0 0.260938 0.557812 0.277344 0.557812 0.277344 0.582292 0.260938 0.582292
0 0.125 0.501562 0.145312 0.501562 0.145312 0.523438 0.125 0.523438
0 0.129688 0.553646 0.150781 0.553646 0.150781 0.582292 0.129688 0.582292
0 0.155859 0.531771 0.173828 0.531771 0.173828 0.552083 0.155859 0.552083
0 0.120312 0.598958 0.142188 0.598958 0.142188 0.628646 0.120312 0.628646
0 0.153516 0.606771 0.169531 0.606771 0.169531 0.633333 0.153516 0.633333
0 0.183594 0.590104 0.201953 0.590104 0.201953 0.61875 0.183594 0.61875
0 0.222656 0.605208 0.243359 0.605208 0.243359 0.629688 0.222656 0.629688
0 0.075391 0.68125 0.094141 0.68125 0.094141 0.706771 0.075391 0.706771
0 0.105078 0.695312 0.123438 0.695312 0.123438 0.721354 0.105078 0.721354
0 0.143359 0.689583 0.162891 0.689583 0.162891 0.7125 0.143359 0.7125
0 0.160156 0.644792 0.185156 0.644792 0.185156 0.665625 0.160156 0.665625
0 0.202734 0.648438 0.230859 0.648438 0.230859 0.672917 0.202734 0.672917
0 0.110156 0.742708 0.129688 0.742708 0.129688 0.778125 0.110156 0.778125
0 0.140625 0.763542 0.166016 0.763542 0.166016 0.792188 0.140625 0.792188
0 0.171094 0.730208 0.190625 0.730208 0.190625 0.752604 0.171094 0.752604
0 0.211328 0.710938 0.230078 0.710938 0.230078 0.734375 0.211328 0.734375
0 0.240625 0.682292 0.260547 0.682292 0.260547 0.704688 0.240625 0.704688
0 0.208594 0.791146 0.227344 0.791146 0.227344 0.817708 0.208594 0.817708
0 0.229688 0.809896 0.248438 0.809896 0.248438 0.836979 0.229688 0.836979
0 0.255078 0.785938 0.273047 0.785938 0.273047 0.811458 0.255078 0.811458
0 0.255859 0.732292 0.275781 0.732292 0.275781 0.765104 0.255859 0.765104
0 0.278906 0.758333 0.301562 0.758333 0.301562 0.790625 0.278906 0.790625
0 0.273828 0.805208 0.291016 0.805208 0.291016 0.822396 0.273828 0.822396
0 0.232812 0.846875 0.254297 0.846875 0.254297 0.873438 0.232812 0.873438
0 0.192969 0.832292 0.209766 0.832292 0.209766 0.85 0.192969 0.85
0 0.021484 0.863542 0.042188 0.863542 0.042188 0.883854 0.021484 0.883854
0 0.041406 0.903125 0.054297 0.903125 0.054297 0.93125 0.041406 0.93125
0 0.071484 0.873958 0.089062 0.873958 0.089062 0.901042 0.071484 0.901042
0 0.087109 0.909896 0.105078 0.909896 0.105078 0.935417 0.087109 0.935417
0 0.132422 0.899479 0.148828 0.899479 0.148828 0.924479 0.132422 0.924479
0 0.000391 0.914583 0.016797 0.914583 0.016797 0.932292 0.000391 0.932292
0 0.022656 0.944271 0.041797 0.944271 0.041797 0.963021 0.022656 0.963021
0 0.044922 0.967708 0.060156 0.967708 0.060156 0.990625 0.044922 0.990625
0 0.012891 0.985938 0.032422 0.985938 0.032422 0.999479 0.012891 0.999479
0 0.080469 0.964583 0.096484 0.964583 0.096484 0.985417 0.080469 0.985417
0 0.105469 0.946875 0.123828 0.946875 0.123828 0.971354 0.105469 0.971354
0 0.132812 0.976042 0.153516 0.976042 0.153516 0.998438 0.132812 0.998438
0 0.243359 0.899479 0.258594 0.899479 0.258594 0.921354 0.243359 0.921354
0 0.285156 0.909375 0.303516 0.909375 0.303516 0.931771 0.285156 0.931771
0 0.300391 0.95 0.314062 0.95 0.314062 0.971875 0.300391 0.971875
0 0.276172 0.86875 0.291406 0.86875 0.291406 0.884896 0.276172 0.884896
0 0.294922 0.841667 0.3125 0.841667 0.3125 0.868229 0.294922 0.868229
0 0.322656 0.829688 0.344922 0.829688 0.344922 0.853125 0.322656 0.853125
0 0.373828 0.947917 0.392188 0.947917 0.392188 0.969271 0.373828 0.969271
0 0.383203 0.904167 0.402344 0.904167 0.402344 0.929167 0.383203 0.929167
0 0.414844 0.936458 0.438672 0.936458 0.438672 0.966667 0.414844 0.966667
0 0.432812 0.907812 0.45 0.907812 0.45 0.935938 0.432812 0.935938
0 0.380859 0.841667 0.397656 0.841667 0.397656 0.869792 0.380859 0.869792
0 0.411328 0.886979 0.425 0.886979 0.425 0.915104 0.411328 0.915104
0 0.433203 0.869792 0.455078 0.869792 0.455078 0.890625 0.433203 0.890625
0 0.348047 0.372396 0.365234 0.372396 0.365234 0.401042 0.348047 0.401042
0 0.351172 0.416146 0.371484 0.416146 0.371484 0.440625 0.351172 0.440625
0 0.386328 0.424479 0.407812 0.424479 0.407812 0.444792 0.386328 0.444792
0 0.350391 0.453125 0.366797 0.453125 0.366797 0.479167 0.350391 0.479167
0 0.370312 0.481771 0.391016 0.481771 0.391016 0.506771 0.370312 0.506771
0 0.302734 0.489583 0.31875 0.489583 0.31875 0.511458 0.302734 0.511458
0 0.411328 0.493229 0.429688 0.493229 0.429688 0.522917 0.411328 0.522917
0 0.461328 0.489583 0.483984 0.489583 0.483984 0.511458 0.461328 0.511458
0 0.445312 0.4375 0.459766 0.4375 0.459766 0.461458 0.445312 0.461458
0 0.476172 0.449479 0.500391 0.449479 0.500391 0.472917 0.476172 0.472917
0 0.548047 0.449479 0.566797 0.449479 0.566797 0.475 0.548047 0.475
0 0.471875 0.402083 0.491406 0.402083 0.491406 0.421875 0.471875 0.421875
0 0.552734 0.3375 0.56875 0.3375 0.56875 0.353646 0.552734 0.353646
0 0.539844 0.366667 0.557422 0.366667 0.557422 0.3875 0.539844 0.3875
0 0.510156 0.397396 0.525391 0.397396 0.525391 0.417708 0.510156 0.417708
0 0.550391 0.407812 0.56875 0.407812 0.56875 0.432292 0.550391 0.432292
0 0.508203 0.45625 0.531641 0.45625 0.531641 0.484375 0.508203 0.484375
0 0.489062 0.523438 0.505078 0.523438 0.505078 0.545833 0.489062 0.545833
0 0.537109 0.568229 0.555469 0.568229 0.555469 0.590104 0.537109 0.590104
0 0.466797 0.614062 0.486328 0.614062 0.486328 0.632812 0.466797 0.632812
0 0.511719 0.632292 0.536719 0.632292 0.536719 0.652083 0.511719 0.652083
0 0.428125 0.655208 0.449219 0.655208 0.449219 0.675 0.428125 0.675
0 0.471094 0.65625 0.490625 0.65625 0.490625 0.691667 0.471094 0.691667
0 0.5 0.670312 0.528125 0.670312 0.528125 0.695312 0.5 0.695312
0 0.519531 0.516667 0.5375 0.516667 0.5375 0.535417 0.519531 0.535417
0 0.35 0.529167 0.367969 0.529167 0.367969 0.55 0.35 0.55
0 0.307812 0.674479 0.326953 0.674479 0.326953 0.706771 0.307812 0.706771
0 0.335547 0.6625 0.360938 0.6625 0.360938 0.6875 0.335547 0.6875
0 0.333203 0.703125 0.357031 0.703125 0.357031 0.734375 0.333203 0.734375
0 0.286328 0.708333 0.301953 0.708333 0.301953 0.739583 0.286328 0.739583
0 0.314844 0.773438 0.335938 0.773438 0.335938 0.807812 0.314844 0.807812
0 0.352734 0.732812 0.377734 0.732812 0.377734 0.764062 0.352734 0.764062
0 0.346094 0.775521 0.364062 0.775521 0.364062 0.807292 0.346094 0.807292
0 0.373438 0.777604 0.391016 0.777604 0.391016 0.806771 0.373438 0.806771
0 0.389062 0.726042 0.407422 0.726042 0.407422 0.747917 0.389062 0.747917
0 0.410156 0.74375 0.428516 0.74375 0.428516 0.765625 0.410156 0.765625
0 0.442578 0.757812 0.463672 0.757812 0.463672 0.783333 0.442578 0.783333
0 0.444141 0.814062 0.465625 0.814062 0.465625 0.84375 0.444141 0.84375
0 0.467969 0.8 0.491016 0.8 0.491016 0.836458 0.467969 0.836458
0 0.498828 0.790625 0.513672 0.790625 0.513672 0.816146 0.498828 0.816146
0 0.503125 0.826562 0.525391 0.826562 0.525391 0.842188 0.503125 0.842188
0 0.501562 0.755208 0.522656 0.755208 0.522656 0.775 0.501562 0.775
0 0.542188 0.802083 0.557031 0.802083 0.557031 0.823438 0.542188 0.823438
0 0.533984 0.775 0.555859 0.775 0.555859 0.791146 0.533984 0.791146
0 0.540625 0.727604 0.560547 0.727604 0.560547 0.754688 0.540625 0.754688
0 0.418359 0.694792 0.433203 0.694792 0.433203 0.715625 0.418359 0.715625
0 0.440625 0.708333 0.466406 0.708333 0.466406 0.730208 0.440625 0.730208
0 0.485547 0.714062 0.504687 0.714062 0.504687 0.735417 0.485547 0.735417
0 0.507031 0.881771 0.521094 0.881771 0.521094 0.90625 0.507031 0.90625
0 0.691797 0.031771 0.710156 0.031771 0.710156 0.051562 0.691797 0.051562
0 0.715234 0.068229 0.73125 0.068229 0.73125 0.097396 0.715234 0.097396
0 0.664453 0.077604 0.685547 0.077604 0.685547 0.098438 0.664453 0.098438
0 0.629688 0.170833 0.65 0.170833 0.65 0.19375 0.629688 0.19375
0 0.683984 0.207812 0.701172 0.207812 0.701172 0.227083 0.683984 0.227083
0 0.712109 0.196875 0.723828 0.196875 0.723828 0.216667 0.712109 0.216667
0 0.738281 0.172396 0.753906 0.172396 0.753906 0.191667 0.738281 0.191667
0 0.747656 0.195312 0.762891 0.195312 0.762891 0.219271 0.747656 0.219271
0 0.778516 0.198958 0.792969 0.198958 0.792969 0.220312 0.778516 0.220312
0 0.789844 0.150521 0.809375 0.150521 0.809375 0.170833 0.789844 0.170833
0 0.75625 0.134896 0.772266 0.134896 0.772266 0.154167 0.75625 0.154167
0 0.8125 0.063021 0.830469 0.063021 0.830469 0.086458 0.8125 0.086458
0 0.825781 0.127083 0.838281 0.127083 0.838281 0.14375 0.825781 0.14375
0 0.655859 0.227083 0.670312 0.227083 0.670312 0.250521 0.655859 0.250521
0 0.716016 0.245833 0.733203 0.245833 0.733203 0.266667 0.716016 0.266667
0 0.632422 0.290104 0.645703 0.290104 0.645703 0.3125 0.632422 0.3125
0 0.675391 0.341146 0.689844 0.341146 0.689844 0.361979 0.675391 0.361979
0 0.70625 0.3375 0.722656 0.3375 0.722656 0.354167 0.70625 0.354167
0 0.752344 0.289062 0.770703 0.289062 0.770703 0.308333 0.752344 0.308333
0 0.773828 0.263021 0.79375 0.263021 0.79375 0.282292 0.773828 0.282292
0 0.8875 0.0 0.900781 0.0 0.900781 0.0125 0.8875 0.0125
0 0.866406 0.036979 0.881641 0.036979 0.881641 0.060417 0.866406 0.060417
0 0.888672 0.069792 0.904688 0.069792 0.904688 0.092188 0.888672 0.092188
0 0.923438 0.005208 0.942578 0.005208 0.942578 0.023958 0.923438 0.023958
0 0.956641 0.034375 0.972266 0.034375 0.972266 0.054688 0.956641 0.054688
0 0.987109 0.036458 0.997266 0.036458 0.997266 0.055208 0.987109 0.055208
0 0.926562 0.100521 0.945312 0.100521 0.945312 0.119271 0.926562 0.119271
0 0.929688 0.0625 0.948828 0.0625 0.948828 0.085938 0.929688 0.085938
0 0.892578 0.033333 0.910156 0.033333 0.910156 0.061458 0.892578 0.061458
0 0.866016 0.105729 0.88125 0.105729 0.88125 0.131771 0.866016 0.131771
0 0.862891 0.164062 0.882422 0.164062 0.882422 0.184375 0.862891 0.184375
0 0.879688 0.197917 0.895703 0.197917 0.895703 0.221875 0.879688 0.221875
0 0.922656 0.152083 0.940234 0.152083 0.940234 0.169271 0.922656 0.169271
0 0.774219 0.028646 0.798828 0.028646 0.798828 0.059375 0.774219 0.059375
0 0.740234 0.051042 0.767578 0.051042 0.767578 0.071875 0.740234 0.071875
0 0.76875 0.083854 0.785938 0.083854 0.785938 0.113021 0.76875 0.113021
0 0.803516 0.30625 0.819141 0.30625 0.819141 0.332812 0.803516 0.332812
0 0.882812 0.347396 0.901953 0.347396 0.901953 0.369271 0.882812 0.369271
0 0.913672 0.390104 0.934375 0.390104 0.934375 0.420833 0.913672 0.420833
0 0.916406 0.433854 0.936328 0.433854 0.936328 0.46875 0.916406 0.46875
0 0.889062 0.422917 0.903906 0.422917 0.903906 0.454688 0.889062 0.454688
0 0.851953 0.422917 0.871484 0.422917 0.871484 0.447917 0.851953 0.447917
0 0.827734 0.407292 0.843359 0.407292 0.843359 0.432812 0.827734 0.432812
0 0.827734 0.366667 0.847266 0.366667 0.847266 0.388021 0.827734 0.388021
0 0.797266 0.39375 0.814844 0.39375 0.814844 0.413542 0.797266 0.413542
0 0.772266 0.380208 0.793359 0.380208 0.793359 0.401042 0.772266 0.401042
0 0.750781 0.405208 0.772656 0.405208 0.772656 0.429167 0.750781 0.429167
0 0.725 0.392708 0.746484 0.392708 0.746484 0.414062 0.725 0.414062
0 0.701172 0.418229 0.723438 0.418229 0.723438 0.441667 0.701172 0.441667
0 0.732812 0.447396 0.749219 0.447396 0.749219 0.46875 0.732812 0.46875
0 0.765234 0.448438 0.783203 0.448438 0.783203 0.479688 0.765234 0.479688
0 0.737109 0.478646 0.758594 0.478646 0.758594 0.500521 0.737109 0.500521
0 0.682812 0.467708 0.709766 0.467708 0.709766 0.491146 0.682812 0.491146
0 0.653906 0.484896 0.673438 0.484896 0.673438 0.505208 0.653906 0.505208
0 0.667578 0.50625 0.690234 0.50625 0.690234 0.530729 0.667578 0.530729
0 0.713281 0.504167 0.733984 0.504167 0.733984 0.534375 0.713281 0.534375
0 0.696875 0.544792 0.717969 0.544792 0.717969 0.564583 0.696875 0.564583
0 0.683984 0.575521 0.705078 0.575521 0.705078 0.59375 0.683984 0.59375
0 0.683203 0.606771 0.707812 0.606771 0.707812 0.628646 0.683203 0.628646
0 0.718359 0.585417 0.736328 0.585417 0.736328 0.613542 0.718359 0.613542
0 0.751562 0.596354 0.766797 0.596354 0.766797 0.623958 0.751562 0.623958
0 0.709375 0.626562 0.728906 0.626562 0.728906 0.649479 0.709375 0.649479
0 0.73125 0.653646 0.75 0.653646 0.75 0.673958 0.73125 0.673958
0 0.771484 0.643229 0.791797 0.643229 0.791797 0.666667 0.771484 0.666667
0 0.811719 0.643229 0.830469 0.643229 0.830469 0.663542 0.811719 0.663542
0 0.847266 0.626042 0.865625 0.626042 0.865625 0.654167 0.847266 0.654167
0 0.817969 0.683854 0.834375 0.683854 0.834375 0.70625 0.817969 0.70625
0 0.839844 0.693229 0.853906 0.693229 0.853906 0.713021 0.839844 0.713021
0 0.865234 0.692188 0.884766 0.692188 0.884766 0.717708 0.865234 0.717708
0 0.800781 0.479688 0.822266 0.479688 0.822266 0.506771 0.800781 0.506771
0 0.839453 0.486979 0.858984 0.486979 0.858984 0.506771 0.839453 0.506771
0 0.871484 0.502083 0.887891 0.502083 0.887891 0.529167 0.871484 0.529167
0 0.838672 0.520312 0.853906 0.520312 0.853906 0.538542 0.838672 0.538542
0 0.8125 0.531771 0.83125 0.531771 0.83125 0.552604 0.8125 0.552604
0 0.777344 0.538021 0.794531 0.538021 0.794531 0.567188 0.777344 0.567188
0 0.814844 0.566146 0.834375 0.566146 0.834375 0.586979 0.814844 0.586979
0 0.818359 0.607292 0.838672 0.607292 0.838672 0.624479 0.818359 0.624479
0 0.872266 0.589583 0.887891 0.589583 0.887891 0.613021 0.872266 0.613021
0 0.907031 0.522396 0.925391 0.522396 0.925391 0.544271 0.907031 0.544271
0 0.920703 0.570833 0.9375 0.570833 0.9375 0.601042 0.920703 0.601042
0 0.954688 0.530729 0.970312 0.530729 0.970312 0.559375 0.954688 0.559375
0 0.973438 0.58125 0.990234 0.58125 0.990234 0.604688 0.973438 0.604688
0 0.935547 0.613542 0.952344 0.613542 0.952344 0.638021 0.935547 0.638021
0 0.974219 0.634375 0.99375 0.634375 0.99375 0.657812 0.974219 0.657812
0 0.901562 0.615625 0.921094 0.615625 0.921094 0.639062 0.901562 0.639062
0 0.944141 0.651562 0.965625 0.651562 0.965625 0.674479 0.944141 0.674479
0 0.900391 0.694271 0.916797 0.694271 0.916797 0.725 0.900391 0.725
0 0.941406 0.688021 0.9625 0.688021 0.9625 0.713542 0.941406 0.713542
0 0.940625 0.745312 0.958203 0.745312 0.958203 0.768229 0.940625 0.768229
0 0.882812 0.728646 0.899609 0.728646 0.899609 0.744792 0.882812 0.744792
0 0.844922 0.733854 0.864844 0.733854 0.864844 0.753646 0.844922 0.753646
0 0.945312 0.467188 0.964844 0.467188 0.964844 0.49375 0.945312 0.49375
0 0.977344 0.229688 0.998438 0.229688 0.998438 0.253646 0.977344 0.253646
0 0.558984 0.983854 0.583594 0.983854 0.583594 0.999479 0.558984 0.999479
0 0.607422 0.951042 0.628125 0.951042 0.628125 0.986458 0.607422 0.986458
0 0.654297 0.970833 0.675 0.970833 0.675 0.999479 0.654297 0.999479
0 0.633984 0.902604 0.654297 0.902604 0.654297 0.935417 0.633984 0.935417
0 0.667578 0.890104 0.687109 0.890104 0.687109 0.917708 0.667578 0.917708
0 0.611719 0.879688 0.634766 0.879688 0.634766 0.906771 0.611719 0.906771
0 0.59375 0.848958 0.610938 0.848958 0.610938 0.873438 0.59375 0.873438
0 0.577344 0.876562 0.59375 0.876562 0.59375 0.905729 0.577344 0.905729
0 0.625781 0.830729 0.648828 0.830729 0.648828 0.861979 0.625781 0.861979
0 0.613281 0.798958 0.633984 0.798958 0.633984 0.822917 0.613281 0.822917
0 0.649609 0.778125 0.666406 0.778125 0.666406 0.810938 0.649609 0.810938
0 0.68125 0.766667 0.698828 0.766667 0.698828 0.8 0.68125 0.8
0 0.669922 0.830729 0.687891 0.830729 0.687891 0.86875 0.669922 0.86875
0 0.694531 0.824479 0.713672 0.824479 0.713672 0.845833 0.694531 0.845833
0 0.701953 0.857292 0.721875 0.857292 0.721875 0.894792 0.701953 0.894792
0 0.7 0.929167 0.719531 0.929167 0.719531 0.961979 0.7 0.961979
0 0.705859 0.976562 0.726953 0.976562 0.726953 0.998438 0.705859 0.998438
0 0.734375 0.925521 0.751953 0.925521 0.751953 0.960417 0.734375 0.960417
0 0.765625 0.9375 0.785156 0.9375 0.785156 0.960938 0.765625 0.960938
0 0.786328 0.965104 0.803906 0.965104 0.803906 0.995312 0.786328 0.995312
0 0.822266 0.951042 0.838281 0.951042 0.838281 0.980208 0.822266 0.980208
0 0.821094 0.901042 0.846094 0.901042 0.846094 0.922396 0.821094 0.922396
0 0.784766 0.897917 0.8 0.897917 0.8 0.928125 0.784766 0.928125
0 0.858984 0.908333 0.869141 0.908333 0.869141 0.929688 0.858984 0.929688
0 0.853125 0.939062 0.86875 0.939062 0.86875 0.958854 0.853125 0.958854
0 0.784766 0.852083 0.803516 0.852083 0.803516 0.877083 0.784766 0.877083
0 0.750391 0.842708 0.76875 0.842708 0.76875 0.86875 0.750391 0.86875
0 0.802734 0.825521 0.824609 0.825521 0.824609 0.85 0.802734 0.85
0 0.844531 0.813021 0.866797 0.813021 0.866797 0.838542 0.844531 0.838542
0 0.752734 0.783333 0.773047 0.783333 0.773047 0.809375 0.752734 0.809375
0 0.718359 0.753125 0.736719 0.753125 0.736719 0.7875 0.718359 0.7875
0 0.638672 0.126042 0.651562 0.126042 0.651562 0.142708 0.638672 0.142708
0 0.639453 0.081771 0.657812 0.081771 0.657812 0.10625 0.639453 0.10625