0 0.439844 0.535938 0.458594 0.535938 0.458594 0.556771 0.439844 0.556771
0 0.483984 0.546354 0.500391 0.546354 0.500391 0.569271 0.483984 0.569271
0 0.457812 0.565625 0.477344 0.565625 0.477344 0.591667 0.457812 0.591667
0 0.482422 0.488021 0.500391 0.488021 0.500391 0.511979 0.482422 0.511979
0 0.5125 0.495833 0.532812 0.495833 0.532812 0.520312 0.5125 0.520312
0 0.535156 0.516146 0.55 0.516146 0.55 0.539062 0.535156 0.539062
0 0.562109 0.518229 0.579297 0.518229 0.579297 0.542708 0.562109 0.542708
0 0.532422 0.560417 0.545312 0.560417 0.545312 0.579167 0.532422 0.579167
0 0.560938 0.570312 0.573828 0.570312 0.573828 0.596354 0.560938 0.596354
0 0.584375 0.571875 0.598438 0.571875 0.598438 0.596875 0.584375 0.596875
0 0.603125 0.559375 0.617969 0.559375 0.617969 0.579167 0.603125 0.579167
0 0.585547 0.536458 0.600781 0.536458 0.600781 0.554167 0.585547 0.554167
0 0.577344 0.494271 0.591016 0.494271 0.591016 0.513542 0.577344 0.513542
0 0.589062 0.498438 0.603125 0.498438 0.603125 0.529167 0.589062 0.529167
0 0.602734 0.485417 0.619141 0.485417 0.619141 0.515104 0.602734 0.515104
0 0.549609 0.478646 0.565625 0.478646 0.565625 0.496875 0.549609 0.496875
0 0.562109 0.442188 0.580078 0.442188 0.580078 0.46875 0.562109 0.46875
0 0.530078 0.41875 0.542188 0.41875 0.542188 0.440104 0.530078 0.440104
0 0.579688 0.616146 0.598438 0.616146 0.598438 0.636979 0.579688 0.636979
0 0.570703 0.647917 0.5875 0.647917 0.5875 0.669792 0.570703 0.669792
0 0.540234 0.643229 0.55625 0.643229 0.55625 0.669792 0.540234 0.669792
0 0.519922 0.629167 0.536719 0.629167 0.536719 0.653646 0.519922 0.653646
0 0.502734 0.595312 0.520703 0.595312 0.520703 0.611458 0.502734 0.611458
0 0.489062 0.633333 0.505859 0.633333 0.505859 0.655729 0.489062 0.655729
0 0.452344 0.61875 0.474219 0.61875 0.474219 0.642188 0.452344 0.642188
0 0.472656 0.666667 0.489453 0.666667 0.489453 0.695312 0.472656 0.695312
0 0.451562 0.690104 0.465234 0.690104 0.465234 0.714062 0.451562 0.714062
0 0.467969 0.709896 0.481641 0.709896 0.481641 0.734896 0.467969 0.734896
0 0.430469 0.652604 0.447266 0.652604 0.447266 0.676562 0.430469 0.676562
0 0.419141 0.689583 0.436328 0.689583 0.436328 0.719271 0.419141 0.719271
0 0.393359 0.572917 0.425391 0.572917 0.425391 0.607292 0.393359 0.607292
0 0.437109 0.493229 0.457422 0.493229 0.457422 0.519792 0.437109 0.519792
0 0.641016 0.536458 0.657422 0.536458 0.657422 0.564583 0.641016 0.564583
0 0.628516 0.49375 0.650781 0.49375 0.650781 0.517188 0.628516 0.517188
0 0.659375 0.505208 0.675781 0.505208 0.675781 0.532812 0.659375 0.532812
0 0.677344 0.535938 0.699609 0.535938 0.699609 0.560417 0.677344 0.560417
0 0.708594 0.544271 0.723047 0.544271 0.723047 0.570312 0.708594 0.570312
0 0.6875 0.488542 0.70625 0.488542 0.70625 0.521875 0.6875 0.521875
0 0.431641 0.446354 0.449219 0.446354 0.449219 0.478125 0.431641 0.478125
0 0.455078 0.438542 0.472656 0.438542 0.472656 0.466667 0.455078 0.466667
0 0.476953 0.444792 0.491016 0.444792 0.491016 0.469271 0.476953 0.469271
0 0.504297 0.407292 0.521094 0.407292 0.521094 0.433333 0.504297 0.433333
0 0.546094 0.407812 0.567188 0.407812 0.567188 0.434375 0.546094 0.434375
0 0.624219 0.310417 0.647266 0.310417 0.647266 0.341667 0.624219 0.341667
0 0.594141 0.342188 0.616016 0.342188 0.616016 0.36875 0.594141 0.36875
0 0.582031 0.389062 0.604297 0.389062 0.604297 0.4125 0.582031 0.4125
0 0.558203 0.375 0.579688 0.375 0.579688 0.401562 0.558203 0.401562
0 0.539453 0.357812 0.562109 0.357812 0.562109 0.390625 0.539453 0.390625
0 0.600391 0.411458 0.619922 0.411458 0.619922 0.439062 0.600391 0.439062
0 0.622266 0.439583 0.636328 0.439583 0.636328 0.461458 0.622266 0.461458
0 0.639062 0.414583 0.650391 0.414583 0.650391 0.439062 0.639062 0.439062
0 0.665625 0.427083 0.683984 0.427083 0.683984 0.455208 0.665625 0.455208
0 0.598828 0.451042 0.616406 0.451042 0.616406 0.477083 0.598828 0.477083
0 0.747656 0.226042 0.770703 0.226042 0.770703 0.252604 0.747656 0.252604
0 0.659766 0.389583 0.679688 0.389583 0.679688 0.410417 0.659766 0.410417
0 0.63125 0.358854 0.646484 0.358854 0.646484 0.3875 0.63125 0.3875
0 0.682031 0.306771 0.696094 0.306771 0.696094 0.327604 0.682031 0.327604
0 0.650391 0.260938 0.667578 0.260938 0.667578 0.280729 0.650391 0.280729
0 0.703125 0.2625 0.721094 0.2625 0.721094 0.286458 0.703125 0.286458
0 0.721875 0.273438 0.739062 0.273438 0.739062 0.295312 0.721875 0.295312
0 0.705078 0.301042 0.726172 0.301042 0.726172 0.322396 0.705078 0.322396
0 0.743359 0.330208 0.757812 0.330208 0.757812 0.353646 0.743359 0.353646
0 0.734375 0.417188 0.751562 0.417188 0.751562 0.436458 0.734375 0.436458
0 0.757031 0.385417 0.774219 0.385417 0.774219 0.413542 0.757031 0.413542
0 0.740625 0.45625 0.761719 0.45625 0.761719 0.480208 0.740625 0.480208
0 0.71875 0.475 0.733203 0.475 0.733203 0.502604 0.71875 0.502604
0 0.694922 0.436458 0.715234 0.436458 0.715234 0.461979 0.694922 0.461979
0 0.735156 0.520833 0.752344 0.520833 0.752344 0.549479 0.735156 0.549479
0 0.757031 0.503125 0.775391 0.503125 0.775391 0.530208 0.757031 0.530208
0 0.769531 0.350521 0.793359 0.350521 0.793359 0.379167 0.769531 0.379167
0 0.813672 0.353125 0.836328 0.353125 0.836328 0.379167 0.813672 0.379167
0 0.816016 0.382292 0.841016 0.382292 0.841016 0.410938 0.816016 0.410938
0 0.80625 0.422917 0.823828 0.422917 0.823828 0.450521 0.80625 0.450521
0 0.786328 0.401042 0.805078 0.401042 0.805078 0.424479 0.786328 0.424479
0 0.769922 0.304688 0.785938 0.304688 0.785938 0.324479 0.769922 0.324479
0 0.805859 0.280729 0.825391 0.280729 0.825391 0.3125 0.805859 0.3125
0 0.779297 0.273438 0.795703 0.273438 0.795703 0.295312 0.779297 0.295312
0 0.754297 0.269271 0.768359 0.269271 0.768359 0.291146 0.754297 0.291146
0 0.741016 0.279688 0.757422 0.279688 0.757422 0.30625 0.741016 0.30625
0 0.711328 0.227083 0.728125 0.227083 0.728125 0.244792 0.711328 0.244792
0 0.792578 0.34375 0.808984 0.34375 0.808984 0.363021 0.792578 0.363021
0 0.778125 0.235938 0.801172 0.235938 0.801172 0.259375 0.778125 0.259375
0 0.784375 0.204688 0.8 0.204688 0.8 0.227083 0.784375 0.227083
0 0.766797 0.174479 0.783984 0.174479 0.783984 0.200521 0.766797 0.200521
0 0.712891 0.178125 0.729688 0.178125 0.729688 0.200521 0.712891 0.200521
0 0.6875 0.195312 0.706641 0.195312 0.706641 0.214583 0.6875 0.214583
0 0.834766 0.321875 0.865234 0.321875 0.865234 0.352083 0.834766 0.352083
0 0.889453 0.30625 0.910938 0.30625 0.910938 0.333333 0.889453 0.333333
0 0.869531 0.283333 0.890625 0.283333 0.890625 0.304688 0.869531 0.304688
0 0.841016 0.261979 0.858984 0.261979 0.858984 0.290625 0.841016 0.290625
0 0.864844 0.235417 0.88125 0.235417 0.88125 0.259375 0.864844 0.259375
0 0.884766 0.251042 0.898828 0.251042 0.898828 0.268229 0.884766 0.268229
0 0.743359 0.053125 0.761328 0.053125 0.761328 0.082292 0.743359 0.082292
0 0.778125 0.038542 0.796094 0.038542 0.796094 0.066146 0.778125 0.066146
0 0.810156 0.057292 0.842188 0.057292 0.842188 0.08125 0.810156 0.08125
0 0.792578 0.086458 0.810547 0.086458 0.810547 0.115625 0.792578 0.115625
0 0.824219 0.120833 0.844141 0.120833 0.844141 0.147396 0.824219 0.147396
0 0.843359 0.138021 0.862891 0.138021 0.862891 0.166146 0.843359 0.166146
0 0.828125 0.171354 0.847266 0.171354 0.847266 0.194792 0.828125 0.194792
0 0.800391 0.167188 0.822266 0.167188 0.822266 0.197917 0.800391 0.197917
0 0.770312 0.115625 0.794141 0.115625 0.794141 0.143229 0.770312 0.143229
0 0.746484 0.115104 0.769141 0.115104 0.769141 0.140625 0.746484 0.140625
0 0.734375 0.151042 0.759375 0.151042 0.759375 0.171354 0.734375 0.171354
0 0.715625 0.097917 0.739453 0.097917 0.739453 0.122396 0.715625 0.122396
0 0.649609 0.132812 0.666016 0.132812 0.666016 0.163021 0.649609 0.163021
0 0.657812 0.103125 0.675 0.103125 0.675 0.126042 0.657812 0.126042
0 0.602344 0.307812 0.622266 0.307812 0.622266 0.332292 0.602344 0.332292
0 0.647656 0.204167 0.670703 0.204167 0.670703 0.222917 0.647656 0.222917
0 0.585938 0.175521 0.603125 0.175521 0.603125 0.192188 0.585938 0.192188
0 0.569922 0.216146 0.589844 0.216146 0.589844 0.238021 0.569922 0.238021
0 0.557422 0.184896 0.573047 0.184896 0.573047 0.206771 0.557422 0.206771
0 0.518359 0.215104 0.538672 0.215104 0.538672 0.242188 0.518359 0.242188
0 0.522656 0.176562 0.542969 0.176562 0.542969 0.204688 0.522656 0.204688
0 0.530859 0.123438 0.553516 0.123438 0.553516 0.152604 0.530859 0.152604
0 0.559766 0.091146 0.576953 0.091146 0.576953 0.120833 0.559766 0.120833
0 0.5875 0.0875 0.607422 0.0875 0.607422 0.110938 0.5875 0.110938
0 0.590234 0.135938 0.612891 0.135938 0.612891 0.166667 0.590234 0.166667
0 0.496094 0.117708 0.520312 0.117708 0.520312 0.15 0.496094 0.15
0 0.491406 0.188021 0.512891 0.188021 0.512891 0.214583 0.491406 0.214583
0 0.509375 0.265625 0.528516 0.265625 0.528516 0.285938 0.509375 0.285938
0 0.46875 0.238542 0.4875 0.238542 0.4875 0.261979 0.46875 0.261979
0 0.461719 0.276562 0.482422 0.276562 0.482422 0.303646 0.461719 0.303646
0 0.436328 0.255208 0.452734 0.255208 0.452734 0.280208 0.436328 0.280208
0 0.430078 0.194792 0.449219 0.194792 0.449219 0.215104 0.430078 0.215104
0 0.467188 0.098438 0.484375 0.098438 0.484375 0.121354 0.467188 0.121354
0 0.441406 0.091146 0.459766 0.091146 0.459766 0.118229 0.441406 0.118229
0 0.416016 0.130208 0.441406 0.130208 0.441406 0.156771 0.416016 0.156771
0 0.387109 0.120833 0.410156 0.120833 0.410156 0.144271 0.387109 0.144271
0 0.358203 0.153125 0.380859 0.153125 0.380859 0.176562 0.358203 0.176562
0 0.336719 0.1375 0.354688 0.1375 0.354688 0.157812 0.336719 0.157812
0 0.352734 0.110417 0.371484 0.110417 0.371484 0.136458 0.352734 0.136458
0 0.373047 0.192708 0.392969 0.192708 0.392969 0.219792 0.373047 0.219792
0 0.401953 0.207812 0.420312 0.207812 0.420312 0.23125 0.401953 0.23125
0 0.378516 0.243229 0.404688 0.243229 0.404688 0.268229 0.378516 0.268229
0 0.398047 0.274479 0.418359 0.274479 0.418359 0.297396 0.398047 0.297396
0 0.380469 0.302083 0.406641 0.302083 0.406641 0.323438 0.380469 0.323438
0 0.43125 0.349479 0.451953 0.349479 0.451953 0.372396 0.43125 0.372396
0 0.404297 0.334375 0.419922 0.334375 0.419922 0.354688 0.404297 0.354688
0 0.417578 0.355729 0.437891 0.355729 0.437891 0.388021 0.417578 0.388021
0 0.386328 0.364583 0.403125 0.364583 0.403125 0.3875 0.386328 0.3875
0 0.332031 0.430208 0.351172 0.430208 0.351172 0.466667 0.332031 0.466667
0 0.353516 0.335417 0.376172 0.335417 0.376172 0.363542 0.353516 0.363542
0 0.3375 0.320312 0.360547 0.320312 0.360547 0.343229 0.3375 0.343229
0 0.328516 0.286458 0.348828 0.286458 0.348828 0.310417 0.328516 0.310417
0 0.339062 0.214062 0.361328 0.214062 0.361328 0.240625 0.339062 0.240625
0 0.535938 0.014583 0.559375 0.014583 0.559375 0.035938 0.535938 0.035938
0 0.491016 0.078125 0.509766 0.078125 0.509766 0.103646 0.491016 0.103646
0 0.452344 0.0375 0.473047 0.0375 0.473047 0.060938 0.452344 0.060938
0 0.462109 0.001562 0.48125 0.001562 0.48125 0.027083 0.462109 0.027083
0 0.403516 0.018229 0.430469 0.018229 0.430469 0.046354 0.403516 0.046354
0 0.383984 0.046354 0.400391 0.046354 0.400391 0.067708 0.383984 0.067708
0 0.413281 0.078125 0.434766 0.078125 0.434766 0.107812 0.413281 0.107812
0 0.390234 0.079688 0.408594 0.079688 0.408594 0.103646 0.390234 0.103646
0 0.358984 0.078125 0.385156 0.078125 0.385156 0.103646 0.358984 0.103646
0 0.378516 0.005208 0.399219 0.005208 0.399219 0.03125 0.378516 0.03125
0 0.3 0.674479 0.321875 0.674479 0.321875 0.701562 0.3 0.701562
0 0.312891 0.703646 0.335547 0.703646 0.335547 0.722917 0.312891 0.722917
0 0.284375 0.613021 0.307422 0.613021 0.307422 0.646354 0.284375 0.646354
0 0.2625 0.570833 0.282422 0.570833 0.282422 0.597396 0.2625 0.597396
0 0.236719 0.549479 0.25 0.549479 0.25 0.573438 0.236719 0.573438
0 0.244141 0.508333 0.265625 0.508333 0.265625 0.534896 0.244141 0.534896
0 0.209375 0.558854 0.232812 0.558854 0.232812 0.592188 0.209375 0.592188
0 0.183984 0.525 0.207812 0.525 0.207812 0.550521 0.183984 0.550521
0 0.238672 0.614062 0.258203 0.614062 0.258203 0.646354 0.238672 0.646354
0 0.254688 0.655729 0.273828 0.655729 0.273828 0.682812 0.254688 0.682812
0 0.25625 0.695312 0.276953 0.695312 0.276953 0.725521 0.25625 0.725521
0 0.277344 0.717188 0.297656 0.717188 0.297656 0.747396 0.277344 0.747396
0 0.319141 0.733333 0.342188 0.733333 0.342188 0.754688 0.319141 0.754688
0 0.358594 0.80625 0.375781 0.80625 0.375781 0.833854 0.358594 0.833854
0 0.310156 0.804688 0.333203 0.804688 0.333203 0.838021 0.310156 0.838021
0 0.258984 0.760938 0.283594 0.760938 0.283594 0.786458 0.258984 0.786458
0 0.219922 0.731771 0.241016 0.731771 0.241016 0.766667 0.219922 0.766667
0 0.232812 0.784896 0.250781 0.784896 0.250781 0.817708 0.232812 0.817708
0 0.292969 0.835938 0.313281 0.835938 0.313281 0.86875 0.292969 0.86875
0 0.328125 0.870312 0.346484 0.870312 0.346484 0.899479 0.328125 0.899479
0 0.355859 0.881771 0.376953 0.881771 0.376953 0.903125 0.355859 0.903125
0 0.212891 0.667708 0.234375 0.667708 0.234375 0.692188 0.212891 0.692188
0 0.182422 0.608854 0.200781 0.608854 0.200781 0.638021 0.182422 0.638021
0 0.180078 0.564062 0.201172 0.564062 0.201172 0.593229 0.180078 0.593229
0 0.166406 0.651562 0.184766 0.651562 0.184766 0.682812 0.166406 0.682812
0 0.146484 0.611458 0.163672 0.611458 0.163672 0.638021 0.146484 0.638021
0 0.180078 0.701562 0.200781 0.701562 0.200781 0.723958 0.180078 0.723958
0 0.185547 0.758333 0.209766 0.758333 0.209766 0.782812 0.185547 0.782812
0 0.191406 0.811979 0.207422 0.811979 0.207422 0.8375 0.191406 0.8375
0 0.169141 0.801562 0.1875 0.801562 0.1875 0.820833 0.169141 0.820833
0 0.148828 0.732812 0.167969 0.732812 0.167969 0.754688 0.148828 0.754688
0 0.118359 0.714583 0.137109 0.714583 0.137109 0.748438 0.118359 0.748438
0 0.122266 0.779688 0.15 0.779688 0.15 0.80625 0.122266 0.80625
0 0.138672 0.825 0.160938 0.825 0.160938 0.855208 0.138672 0.855208
0 0.169922 0.852604 0.193359 0.852604 0.193359 0.876042 0.169922 0.876042
0 0.210156 0.8375 0.228125 0.8375 0.228125 0.864583 0.210156 0.864583
0 0.128516 0.654167 0.148047 0.654167 0.148047 0.679688 0.128516 0.679688
0 0.113281 0.618229 0.128516 0.618229 0.128516 0.639062 0.113281 0.639062
0 0.10625 0.677604 0.121094 0.677604 0.121094 0.698438 0.10625 0.698438
0 0.154297 0.967708 0.179297 0.967708 0.179297 0.995833 0.154297 0.995833
0 0.176172 0.949479 0.199609 0.949479 0.199609 0.972917 0.176172 0.972917
0 0.153516 0.90625 0.174219 0.90625 0.174219 0.939583 0.153516 0.939583
0 0.133984 0.939583 0.161328 0.939583 0.161328 0.969792 0.133984 0.969792
0 0.125391 0.874479 0.146094 0.874479 0.146094 0.902604 0.125391 0.902604
0 0.096484 0.864583 0.115625 0.864583 0.115625 0.894271 0.096484 0.894271
0 0.095312 0.81875 0.114062 0.81875 0.114062 0.846875 0.095312 0.846875
0 0.071484 0.805729 0.091406 0.805729 0.091406 0.834896 0.071484 0.834896
0 0.045312 0.808333 0.068359 0.808333 0.068359 0.848438 0.045312 0.848438
0 0.039844 0.854688 0.066016 0.854688 0.066016 0.879167 0.039844 0.879167
0 0.192188 0.916667 0.212891 0.916667 0.212891 0.952604 0.192188 0.952604
0 0.208594 0.890625 0.228516 0.890625 0.228516 0.922396 0.208594 0.922396
0 0.233203 0.886979 0.251953 0.886979 0.251953 0.910417 0.233203 0.910417
0 0.265625 0.888542 0.284375 0.888542 0.284375 0.919271 0.265625 0.919271
0 0.319531 0.90625 0.345703 0.90625 0.345703 0.935938 0.319531 0.935938
0 0.289453 0.900521 0.314062 0.900521 0.314062 0.924479 0.289453 0.924479
0 0.366406 0.907812 0.386719 0.907812 0.386719 0.940625 0.366406 0.940625
0 0.38125 0.940625 0.399609 0.940625 0.399609 0.970312 0.38125 0.970312
0 0.416797 0.942708 0.433203 0.942708 0.433203 0.970312 0.416797 0.970312
0 0.346484 0.942708 0.364844 0.942708 0.364844 0.969792 0.346484 0.969792
0 0.308203 0.944792 0.332031 0.944792 0.332031 0.976042 0.308203 0.976042
0 0.28125 0.930208 0.302734 0.930208 0.302734 0.960417 0.28125 0.960417
0 0.262891 0.955729 0.285156 0.955729 0.285156 0.989062 0.262891 0.989062
0 0.233203 0.924479 0.259766 0.924479 0.259766 0.948958 0.233203 0.948958
0 0.235156 0.975 0.25625 0.975 0.25625 0.999479 0.235156 0.999479
0 0.055469 0.751042 0.086719 0.751042 0.086719 0.776562 0.055469 0.776562
0 0.028125 0.70625 0.050781 0.70625 0.050781 0.732812 0.028125 0.732812
0 0.0 0.690625 0.021094 0.690625 0.021094 0.725521 0.0 0.725521
0 0.0 0.749479 0.018359 0.749479 0.018359 0.776562 0.0 0.776562
0 0.0 0.792708 0.025 0.792708 0.025 0.817188 0.0 0.817188
0 0.058984 0.659896 0.079297 0.659896 0.079297 0.690625 0.058984 0.690625
0 0.083594 0.638542 0.103906 0.638542 0.103906 0.659375 0.083594 0.659375
0 0.111719 0.578646 0.133203 0.578646 0.133203 0.608333 0.111719 0.608333
0 0.156641 0.535938 0.180469 0.535938 0.180469 0.567188 0.156641 0.567188
0 0.080859 0.507812 0.103906 0.507812 0.103906 0.528125 0.080859 0.528125
0 0.091797 0.535938 0.114062 0.535938 0.114062 0.560938 0.091797 0.560938
0 0.075781 0.570833 0.096875 0.570833 0.096875 0.597396 0.075781 0.597396
0 0.056641 0.603646 0.077734 0.603646 0.077734 0.629688 0.056641 0.629688
0 0.033203 0.611458 0.053906 0.611458 0.053906 0.636458 0.033203 0.636458
0 0.019922 0.651562 0.046875 0.651562 0.046875 0.675521 0.019922 0.675521
0 0.025 0.563021 0.046094 0.563021 0.046094 0.591146 0.025 0.591146
0 0.0 0.525 0.018359 0.525 0.018359 0.546875 0.0 0.546875
0 0.039844 0.526562 0.066406 0.526562 0.066406 0.554688 0.039844 0.554688
0 0.0 0.590104 0.018359 0.590104 0.018359 0.619271 0.0 0.619271
0 0.035156 0.148958 0.057031 0.148958 0.057031 0.182292 0.035156 0.182292
0 0.018359 0.117188 0.04375 0.117188 0.04375 0.146354 0.018359 0.146354
0 0.010156 0.188542 0.033203 0.188542 0.033203 0.226042 0.010156 0.226042
0 0.005078 0.017708 0.027344 0.017708 0.027344 0.044271 0.005078 0.044271
0 0.066016 0.002083 0.082422 0.002083 0.082422 0.020833 0.066016 0.020833
0 0.125391 0.0125 0.146875 0.0125 0.146875 0.039583 0.125391 0.039583
0 0.171875 0.048438 0.193359 0.048438 0.193359 0.066667 0.171875 0.066667
0 0.175 0.072396 0.197266 0.072396 0.197266 0.096875 0.175 0.096875
0 0.209766 0.046354 0.239453 0.046354 0.239453 0.069271 0.209766 0.069271
0 0.245312 0.033333 0.264453 0.033333 0.264453 0.066146 0.245312 0.066146
0 0.219922 0.001042 0.239844 0.001042 0.239844 0.021354 0.219922 0.021354
0 0.25625 0.0 0.276562 0.0 0.276562 0.022396 0.25625 0.022396
0 0.249219 0.138542 0.269922 0.138542 0.269922 0.1625 0.249219 0.1625
0 0.212109 0.120833 0.233594 0.120833 0.233594 0.144271 0.212109 0.144271
0 0.124609 0.120833 0.145312 0.120833 0.145312 0.151042 0.124609 0.151042
0 0.145312 0.19375 0.164062 0.19375 0.164062 0.223438 0.145312 0.223438
0 0.141406 0.141667 0.158594 0.141667 0.158594 0.171354 0.141406 0.171354
0 0.111719 0.157292 0.130859 0.157292 0.130859 0.182812 0.111719 0.182812
0 0.095703 0.141146 0.110938 0.141146 0.110938 0.170833 0.095703 0.170833
0 0.090625 0.186458 0.114062 0.186458 0.114062 0.215625 0.090625 0.215625
0 0.199609 0.181771 0.219141 0.181771 0.219141 0.210417 0.199609 0.210417
0 0.239844 0.166667 0.257812 0.166667 0.257812 0.195833 0.239844 0.195833
0 0.244141 0.210417 0.261719 0.210417 0.261719 0.238542 0.244141 0.238542
0 0.216406 0.227604 0.2375 0.227604 0.2375 0.256771 0.216406 0.256771
0 0.239062 0.290104 0.255469 0.290104 0.255469 0.315104 0.239062 0.315104
0 0.207812 0.278125 0.230078 0.278125 0.230078 0.310938 0.207812 0.310938
0 0.196094 0.311979 0.217188 0.311979 0.217188 0.333854 0.196094 0.333854
0 0.221484 0.359375 0.244922 0.359375 0.244922 0.382812 0.221484 0.382812
0 0.180859 0.390625 0.203516 0.390625 0.203516 0.415104 0.180859 0.415104
0 0.161719 0.413021 0.187109 0.413021 0.187109 0.439062 0.161719 0.439062
0 0.14375 0.371354 0.163281 0.371354 0.163281 0.398438 0.14375 0.398438
0 0.179297 0.345833 0.202344 0.345833 0.202344 0.368229 0.179297 0.368229
0 0.178125 0.220833 0.204688 0.220833 0.204688 0.244792 0.178125 0.244792
0 0.163672 0.251042 0.185156 0.251042 0.185156 0.277604 0.163672 0.277604
0 0.155469 0.304688 0.180469 0.304688 0.180469 0.330729 0.155469 0.330729
0 0.120312 0.265104 0.142578 0.265104 0.142578 0.288542 0.120312 0.288542
0 0.115625 0.225 0.140625 0.225 0.140625 0.247917 0.115625 0.247917
0 0.082422 0.270312 0.108594 0.270312 0.108594 0.301562 0.082422 0.301562
0 0.112891 0.340625 0.132422 0.340625 0.132422 0.369271 0.112891 0.369271
0 0.077734 0.322396 0.1 0.322396 0.1 0.353125 0.077734 0.353125
0 0.056641 0.348958 0.077734 0.348958 0.077734 0.377083 0.056641 0.377083
0 0.036719 0.385417 0.061328 0.385417 0.061328 0.415104 0.036719 0.415104
0 0.011719 0.358854 0.033203 0.358854 0.033203 0.382292 0.011719 0.382292
0 0.94375 0.046354 0.958984 0.046354 0.958984 0.069271 0.94375 0.069271
0 0.909766 0.067708 0.928125 0.067708 0.928125 0.086979 0.909766 0.086979
0 0.913672 0.023958 0.926953 0.023958 0.926953 0.046875 0.913672 0.046875
0 0.889453 0.019792 0.908203 0.019792 0.908203 0.044271 0.889453 0.044271
0 0.98125 0.120833 0.995703 0.120833 0.995703 0.144792 0.98125 0.144792
0 0.984375 0.192708 0.999609 0.192708 0.999609 0.222917 0.984375 0.222917
0 0.927344 0.392708 0.945312 0.392708 0.945312 0.417708 0.927344 0.417708
0 0.956641 0.409896 0.975781 0.409896 0.975781 0.438021 0.956641 0.438021
0 0.973438 0.452083 0.992969 0.452083 0.992969 0.478646 0.973438 0.478646
0 0.939062 0.447396 0.960156 0.447396 0.960156 0.473438 0.939062 0.473438
0 0.918359 0.469792 0.936719 0.469792 0.936719 0.494271 0.918359 0.494271
0 0.892969 0.450521 0.910938 0.450521 0.910938 0.472396 0.892969 0.472396
0 0.885938 0.495833 0.905078 0.495833 0.905078 0.515625 0.885938 0.515625
0 0.962109 0.511979 0.98125 0.511979 0.98125 0.540625 0.962109 0.540625
0 0.985547 0.520833 0.999609 0.520833 0.999609 0.548438 0.985547 0.548438
0 0.952734 0.566667 0.972656 0.566667 0.972656 0.591667 0.952734 0.591667
0 0.922266 0.526042 0.944922 0.526042 0.944922 0.548438 0.922266 0.548438
0 0.875391 0.532812 0.898438 0.532812 0.898438 0.558333 0.875391 0.558333
0 0.916797 0.5625 0.934766 0.5625 0.934766 0.590104 0.916797 0.590104
0 0.892188 0.568229 0.914062 0.568229 0.914062 0.592708 0.892188 0.592708
0 0.853906 0.573438 0.879297 0.573438 0.879297 0.6 0.853906 0.6
0 0.925391 0.606771 0.949609 0.606771 0.949609 0.629167 0.925391 0.629167
0 0.908984 0.638542 0.926562 0.638542 0.926562 0.665104 0.908984 0.665104
0 0.933594 0.657812 0.954688 0.657812 0.954688 0.681771 0.933594 0.681771
0 0.980859 0.65625 0.999609 0.65625 0.999609 0.683854 0.980859 0.683854
0 0.957812 0.683854 0.977344 0.683854 0.977344 0.718229 0.957812 0.718229
0 0.927734 0.690104 0.944141 0.690104 0.944141 0.725521 0.927734 0.725521
0 0.896484 0.691146 0.915625 0.691146 0.915625 0.717708 0.896484 0.717708
0 0.880859 0.670312 0.901953 0.670312 0.901953 0.695312 0.880859 0.695312
0 0.923828 0.734375 0.941406 0.734375 0.941406 0.765104 0.923828 0.765104
0 0.949609 0.753646 0.969141 0.753646 0.969141 0.778125 0.949609 0.778125
0 0.971094 0.785938 0.990625 0.785938 0.990625 0.815104 0.971094 0.815104
0 0.919141 0.771875 0.941797 0.771875 0.941797 0.803125 0.919141 0.803125
0 0.775 0.652604 0.791797 0.652604 0.791797 0.683333 0.775 0.683333
0 0.750781 0.638542 0.767578 0.638542 0.767578 0.666667 0.750781 0.666667
0 0.729297 0.664062 0.745703 0.664062 0.745703 0.69375 0.729297 0.69375
0 0.70625 0.664583 0.725 0.664583 0.725 0.691146 0.70625 0.691146
0 0.699609 0.703125 0.717969 0.703125 0.717969 0.732292 0.699609 0.732292
0 0.771094 0.709896 0.789062 0.709896 0.789062 0.742708 0.771094 0.742708
0 0.798438 0.718229 0.816406 0.718229 0.816406 0.742708 0.798438 0.742708
0 0.790625 0.690625 0.809766 0.690625 0.809766 0.710417 0.790625 0.710417
0 0.827344 0.755729 0.845312 0.755729 0.845312 0.788021 0.827344 0.788021
0 0.79375 0.75625 0.816016 0.75625 0.816016 0.784896 0.79375 0.784896
0 0.746094 0.766667 0.768359 0.766667 0.768359 0.796354 0.746094 0.796354
0 0.782422 0.801562 0.801172 0.801562 0.801172 0.829688 0.782422 0.829688
0 0.726562 0.827604 0.744141 0.827604 0.744141 0.853646 0.726562 0.853646
0 0.703125 0.811458 0.723438 0.811458 0.723438 0.847396 0.703125 0.847396
0 0.682031 0.764062 0.702344 0.764062 0.702344 0.790625 0.682031 0.790625
0 0.669141 0.804167 0.690625 0.804167 0.690625 0.836979 0.669141 0.836979
0 0.667969 0.709896 0.6875 0.709896 0.6875 0.7375 0.667969 0.7375
0 0.646094 0.711979 0.662891 0.711979 0.662891 0.734375 0.646094 0.734375
0 0.640625 0.742188 0.662891 0.742188 0.662891 0.769792 0.640625 0.769792
0 0.608203 0.759896 0.625781 0.759896 0.625781 0.783854 0.608203 0.783854
0 0.610547 0.729688 0.626562 0.729688 0.626562 0.753646 0.610547 0.753646
0 0.616406 0.813542 0.635938 0.813542 0.635938 0.844792 0.616406 0.844792
0 0.585938 0.810417 0.604297 0.810417 0.604297 0.840625 0.585938 0.840625
0 0.541797 0.785417 0.566016 0.785417 0.566016 0.814062 0.541797 0.814062
0 0.513672 0.804167 0.535547 0.804167 0.535547 0.830208 0.513672 0.830208
0 0.548828 0.828125 0.573438 0.828125 0.573438 0.851042 0.548828 0.851042
0 0.576172 0.848958 0.594922 0.848958 0.594922 0.880208 0.576172 0.880208
0 0.600391 0.865625 0.616016 0.865625 0.616016 0.892708 0.600391 0.892708
0 0.625 0.869792 0.641797 0.869792 0.641797 0.9 0.625 0.9
0 0.613672 0.916667 0.631641 0.916667 0.631641 0.948438 0.613672 0.948438
0 0.646484 0.950521 0.673438 0.950521 0.673438 0.982812 0.646484 0.982812
0 0.582422 0.916667 0.601562 0.916667 0.601562 0.947917 0.582422 0.947917
0 0.55625 0.905208 0.577344 0.905208 0.577344 0.924479 0.55625 0.924479
0 0.542578 0.867708 0.563672 0.867708 0.563672 0.902604 0.542578 0.902604
0 0.508594 0.842188 0.532422 0.842188 0.532422 0.869792 0.508594 0.869792
0 0.491016 0.922396 0.509766 0.922396 0.509766 0.953646 0.491016 0.953646
0 0.55 0.94375 0.566406 0.94375 0.566406 0.970833 0.55 0.970833
0 0.590625 0.95 0.611719 0.95 0.611719 0.969792 0.590625 0.969792
0 0.566797 0.976562 0.589453 0.976562 0.589453 0.999479 0.566797 0.999479
0 0.532812 0.980729 0.559766 0.980729 0.559766 0.999479 0.532812 0.999479
0 0.707812 0.947396 0.726953 0.947396 0.726953 0.977604 0.707812 0.977604
0 0.730859 0.952604 0.749219 0.952604 0.749219 0.980729 0.730859 0.980729
0 0.760547 0.972917 0.777734 0.972917 0.777734 0.999479 0.760547 0.999479
0 0.785547 0.970833 0.802344 0.970833 0.802344 0.997917 0.785547 0.997917
0 0.827734 0.966667 0.847656 0.966667 0.847656 0.995312 0.827734 0.995312
0 0.968359 0.964583 0.985938 0.964583 0.985938 0.996875 0.968359 0.996875
0 0.947266 0.973438 0.962891 0.973438 0.962891 0.999479 0.947266 0.999479
0 0.915234 0.9375 0.930859 0.9375 0.930859 0.967708 0.915234 0.967708
0 0.898047 0.944271 0.911719 0.944271 0.911719 0.974479 0.898047 0.974479
0 0.880469 0.953125 0.898047 0.953125 0.898047 0.986979 0.880469 0.986979
0 0.857031 0.967708 0.878906 0.967708 0.878906 0.999479 0.857031 0.999479
0 0.874609 0.870312 0.896875 0.870312 0.896875 0.906771 0.874609 0.906771
0 0.952344 0.926042 0.973438 0.926042 0.973438 0.956771 0.952344 0.956771