0 0.078125 0.092188 0.094531 0.092188 0.094531 0.120833 0.078125 0.120833
0 0.124609 0.078646 0.142969 0.078646 0.142969 0.096875 0.124609 0.096875
0 0.117188 0.105729 0.1375 0.105729 0.1375 0.130729 0.117188 0.130729
0 0.151172 0.079167 0.171094 0.079167 0.171094 0.101562 0.151172 0.101562
0 0.131641 0.038021 0.146094 0.038021 0.146094 0.058854 0.131641 0.058854
0 0.056641 0.136979 0.076172 0.136979 0.076172 0.15625 0.056641 0.15625
0 0.092188 0.144792 0.105078 0.144792 0.105078 0.168229 0.092188 0.168229
0 0.113672 0.158333 0.130469 0.158333 0.130469 0.178646 0.113672 0.178646
0 0.139844 0.172396 0.154688 0.172396 0.154688 0.194271 0.139844 0.194271
0 0.164844 0.130208 0.182031 0.130208 0.182031 0.158333 0.164844 0.158333
0 0.205078 0.090104 0.225 0.090104 0.225 0.119271 0.205078 0.119271
0 0.196094 0.052604 0.2125 0.052604 0.2125 0.077604 0.196094 0.077604
0 0.150781 0.003125 0.166797 0.003125 0.166797 0.026562 0.150781 0.026562
0 0.226172 0.021875 0.249609 0.021875 0.249609 0.043229 0.226172 0.043229
0 0.267578 0.03125 0.2875 0.03125 0.2875 0.059375 0.267578 0.059375
0 0.23125 0.078646 0.255469 0.078646 0.255469 0.10625 0.23125 0.10625
0 0.266406 0.098438 0.283594 0.098438 0.283594 0.123958 0.266406 0.123958
0 0.281641 0.1375 0.297656 0.1375 0.297656 0.166146 0.281641 0.166146
0 0.253906 0.145833 0.267969 0.145833 0.267969 0.165104 0.253906 0.165104
0 0.209375 0.167188 0.231641 0.167188 0.231641 0.191146 0.209375 0.191146
0 0.251172 0.0 0.267578 0.0 0.267578 0.020312 0.251172 0.020312
0 0.071094 0.176042 0.0875 0.176042 0.0875 0.199479 0.071094 0.199479
0 0.03125 0.188021 0.052344 0.188021 0.052344 0.211458 0.03125 0.211458
0 0.120312 0.195833 0.138672 0.195833 0.138672 0.214583 0.120312 0.214583
0 0.19375 0.198958 0.214062 0.198958 0.214062 0.219271 0.19375 0.219271
0 0.245703 0.208854 0.260547 0.208854 0.260547 0.231771 0.245703 0.231771
0 0.207812 0.234375 0.224609 0.234375 0.224609 0.253646 0.207812 0.253646
0 0.164844 0.225521 0.181641 0.225521 0.181641 0.251042 0.164844 0.251042
0 0.082812 0.213542 0.098438 0.213542 0.098438 0.234375 0.082812 0.234375
0 0.103516 0.266667 0.121484 0.266667 0.121484 0.284375 0.103516 0.284375
0 0.062891 0.259375 0.082031 0.259375 0.082031 0.278646 0.062891 0.278646
0 0.031641 0.276562 0.047656 0.276562 0.047656 0.298958 0.031641 0.298958
0 0.186328 0.270312 0.204297 0.270312 0.204297 0.288542 0.186328 0.288542
0 0.273828 0.208854 0.291016 0.208854 0.291016 0.230729 0.273828 0.230729
0 0.131641 0.310938 0.146484 0.310938 0.146484 0.335417 0.131641 0.335417
0 0.156641 0.321875 0.169531 0.321875 0.169531 0.347917 0.156641 0.347917
0 0.183203 0.314062 0.19375 0.314062 0.19375 0.334896 0.183203 0.334896
0 0.103516 0.305729 0.117969 0.305729 0.117969 0.323958 0.103516 0.323958
0 0.036719 0.313542 0.058203 0.313542 0.058203 0.339583 0.036719 0.339583
0 0.082422 0.332812 0.099609 0.332812 0.099609 0.352604 0.082422 0.352604
0 0.115625 0.354167 0.133203 0.354167 0.133203 0.369792 0.115625 0.369792
0 0.083984 0.377083 0.100391 0.377083 0.100391 0.400521 0.083984 0.400521
0 0.107812 0.388021 0.121094 0.388021 0.121094 0.404167 0.107812 0.404167
0 0.062891 0.359375 0.075391 0.359375 0.075391 0.382292 0.062891 0.382292
0 0.310156 0.078125 0.325781 0.078125 0.325781 0.107812 0.310156 0.107812
0 0.315625 0.164583 0.335156 0.164583 0.335156 0.190104 0.315625 0.190104
0 0.344531 0.129167 0.362109 0.129167 0.362109 0.15625 0.344531 0.15625
0 0.36875 0.161979 0.386719 0.161979 0.386719 0.186979 0.36875 0.186979
0 0.381641 0.116667 0.399609 0.116667 0.399609 0.138021 0.381641 0.138021
0 0.3875 0.150521 0.405469 0.150521 0.405469 0.175521 0.3875 0.175521
0 0.418359 0.107292 0.432031 0.107292 0.432031 0.129688 0.418359 0.129688
0 0.423828 0.144271 0.444141 0.144271 0.444141 0.163021 0.423828 0.163021
0 0.322656 0.222396 0.339844 0.222396 0.339844 0.241146 0.322656 0.241146
0 0.330469 0.251563 0.35 0.251563 0.35 0.271354 0.330469 0.271354
0 0.301953 0.272396 0.317969 0.272396 0.317969 0.294792 0.301953 0.294792
0 0.267578 0.285938 0.285938 0.285938 0.285938 0.309375 0.267578 0.309375
0 0.233594 0.254688 0.258203 0.254688 0.258203 0.277083 0.233594 0.277083
0 0.469922 0.086979 0.485156 0.086979 0.485156 0.113021 0.469922 0.113021
0 0.493359 0.066667 0.508203 0.066667 0.508203 0.094271 0.493359 0.094271
0 0.486328 0.126042 0.501562 0.126042 0.501562 0.156771 0.486328 0.156771
0 0.560156 0.020312 0.582031 0.020312 0.582031 0.043229 0.560156 0.043229
0 0.529297 0.015104 0.549219 0.015104 0.549219 0.035417 0.529297 0.035417
0 0.482812 0.014583 0.498828 0.014583 0.498828 0.035417 0.482812 0.035417
0 0.541797 0.045312 0.557422 0.045312 0.557422 0.063021 0.541797 0.063021
0 0.519141 0.070833 0.536328 0.070833 0.536328 0.098958 0.519141 0.098958
0 0.557031 0.082812 0.575391 0.082812 0.575391 0.102604 0.557031 0.102604
0 0.571875 0.113542 0.593359 0.113542 0.593359 0.136979 0.571875 0.136979
0 0.530859 0.118229 0.547656 0.118229 0.547656 0.145833 0.530859 0.145833
0 0.509766 0.126562 0.524609 0.126562 0.524609 0.155208 0.509766 0.155208
0 0.591797 0.007812 0.607031 0.007812 0.607031 0.030208 0.591797 0.030208
0 0.626562 0.050521 0.641406 0.050521 0.641406 0.075521 0.626562 0.075521
0 0.641797 0.033854 0.655859 0.033854 0.655859 0.051562 0.641797 0.051562
0 0.655078 0.007812 0.673438 0.007812 0.673438 0.026562 0.655078 0.026562
0 0.660547 0.068229 0.674609 0.068229 0.674609 0.084896 0.660547 0.084896
0 0.682812 0.038021 0.696094 0.038021 0.696094 0.060938 0.682812 0.060938
0 0.855469 0.015104 0.873047 0.015104 0.873047 0.035417 0.855469 0.035417
0 0.896875 0.042708 0.915625 0.042708 0.915625 0.0625 0.896875 0.0625
0 0.929688 0.049479 0.951562 0.049479 0.951562 0.072396 0.929688 0.072396
0 0.916016 0.005729 0.929297 0.005729 0.929297 0.027604 0.916016 0.027604
0 0.935156 0.081771 0.958203 0.081771 0.958203 0.103125 0.935156 0.103125
0 0.854297 0.06875 0.872656 0.06875 0.872656 0.097917 0.854297 0.097917
0 0.901953 0.086458 0.916406 0.086458 0.916406 0.108854 0.901953 0.108854
0 0.877344 0.098958 0.892188 0.098958 0.892188 0.126042 0.877344 0.126042
0 0.930469 0.120312 0.947266 0.120312 0.947266 0.141146 0.930469 0.141146
0 0.954297 0.117708 0.971875 0.117708 0.971875 0.141667 0.954297 0.141667
0 0.979297 0.127604 0.997266 0.127604 0.997266 0.146354 0.979297 0.146354
0 0.889062 0.146875 0.914062 0.146875 0.914062 0.168229 0.889062 0.168229
0 0.846875 0.146875 0.866406 0.146875 0.866406 0.166667 0.846875 0.166667
0 0.812891 0.157292 0.830469 0.157292 0.830469 0.189062 0.812891 0.189062
0 0.788672 0.209896 0.80625 0.209896 0.80625 0.235417 0.788672 0.235417
0 0.855078 0.206771 0.872656 0.206771 0.872656 0.225521 0.855078 0.225521
0 0.823047 0.225521 0.839453 0.225521 0.839453 0.244271 0.823047 0.244271
0 0.947656 0.171354 0.963672 0.171354 0.963672 0.188542 0.947656 0.188542
0 0.971875 0.190625 0.992188 0.190625 0.992188 0.207292 0.971875 0.207292
0 0.941406 0.202083 0.955859 0.202083 0.955859 0.224479 0.941406 0.224479
0 0.903906 0.219792 0.921875 0.219792 0.921875 0.239062 0.903906 0.239062
0 0.88125 0.254167 0.896094 0.254167 0.896094 0.269792 0.88125 0.269792
0 0.941406 0.258333 0.960938 0.258333 0.960938 0.274479 0.941406 0.274479
0 0.910156 0.283854 0.930859 0.283854 0.930859 0.303646 0.910156 0.303646
0 0.875391 0.295312 0.894922 0.295312 0.894922 0.314583 0.875391 0.314583
0 0.844141 0.260938 0.859766 0.260938 0.859766 0.284375 0.844141 0.284375
0 0.758984 0.200521 0.774609 0.200521 0.774609 0.220312 0.758984 0.220312
0 0.711719 0.232812 0.725781 0.232812 0.725781 0.255208 0.711719 0.255208
0 0.71875 0.276042 0.735938 0.276042 0.735938 0.303125 0.71875 0.303125
0 0.762891 0.270833 0.779688 0.270833 0.779688 0.297917 0.762891 0.297917
0 0.788281 0.261458 0.804688 0.261458 0.804688 0.283854 0.788281 0.283854
0 0.803906 0.303646 0.819922 0.303646 0.819922 0.327604 0.803906 0.327604
0 0.834375 0.30625 0.851172 0.30625 0.851172 0.329167 0.834375 0.329167
0 0.858984 0.336458 0.878906 0.336458 0.878906 0.360417 0.858984 0.360417
0 0.9125 0.340104 0.933984 0.340104 0.933984 0.361979 0.9125 0.361979
0 0.801562 0.351042 0.823828 0.351042 0.823828 0.377083 0.801562 0.377083
0 0.836328 0.364583 0.852344 0.364583 0.852344 0.390104 0.836328 0.390104
0 0.807422 0.389583 0.828125 0.389583 0.828125 0.409375 0.807422 0.409375
0 0.782422 0.327604 0.8 0.327604 0.8 0.346354 0.782422 0.346354
0 0.747266 0.309375 0.765625 0.309375 0.765625 0.329688 0.747266 0.329688
0 0.658594 0.226042 0.673828 0.226042 0.673828 0.251563 0.658594 0.251563
0 0.674219 0.300521 0.694922 0.300521 0.694922 0.320833 0.674219 0.320833
0 0.6875 0.330208 0.708203 0.330208 0.708203 0.352083 0.6875 0.352083
0 0.728125 0.322396 0.745703 0.322396 0.745703 0.348438 0.728125 0.348438
0 0.657422 0.333854 0.673828 0.333854 0.673828 0.361979 0.657422 0.361979
0 0.671484 0.372917 0.690234 0.372917 0.690234 0.390104 0.671484 0.390104
0 0.703906 0.375 0.721875 0.375 0.721875 0.396354 0.703906 0.396354
0 0.671484 0.407292 0.692578 0.407292 0.692578 0.425521 0.671484 0.425521
0 0.910156 0.389062 0.931641 0.389062 0.931641 0.413021 0.910156 0.413021
0 0.907812 0.435417 0.927344 0.435417 0.927344 0.457292 0.907812 0.457292
0 0.871875 0.436979 0.891016 0.436979 0.891016 0.464583 0.871875 0.464583
0 0.830469 0.444792 0.846875 0.444792 0.846875 0.467708 0.830469 0.467708
0 0.8125 0.476042 0.832031 0.476042 0.832031 0.500521 0.8125 0.500521
0 0.800781 0.438542 0.815625 0.438542 0.815625 0.466667 0.800781 0.466667
0 0.9 0.491667 0.922656 0.491667 0.922656 0.511458 0.9 0.511458
0 0.857812 0.505729 0.880078 0.505729 0.880078 0.530729 0.857812 0.530729
0 0.882812 0.528125 0.899219 0.528125 0.899219 0.553646 0.882812 0.553646
0 0.8625 0.552083 0.883594 0.552083 0.883594 0.571354 0.8625 0.571354
0 0.916406 0.540625 0.933594 0.540625 0.933594 0.557812 0.916406 0.557812
0 0.969922 0.394792 0.985547 0.394792 0.985547 0.417708 0.969922 0.417708
0 0.922266 0.573958 0.944141 0.573958 0.944141 0.595312 0.922266 0.595312
0 0.892578 0.583333 0.908984 0.583333 0.908984 0.605208 0.892578 0.605208
0 0.9 0.614062 0.916797 0.614062 0.916797 0.632292 0.9 0.632292
0 0.873438 0.616146 0.889453 0.616146 0.889453 0.633333 0.873438 0.633333
0 0.825 0.578646 0.843359 0.578646 0.843359 0.598438 0.825 0.598438
0 0.837891 0.616667 0.851953 0.616667 0.851953 0.643229 0.837891 0.643229
0 0.800391 0.516667 0.815234 0.516667 0.815234 0.543229 0.800391 0.543229
0 0.693359 0.436979 0.713672 0.436979 0.713672 0.463021 0.693359 0.463021
0 0.712891 0.467188 0.730078 0.467188 0.730078 0.489583 0.712891 0.489583
0 0.717969 0.43125 0.738281 0.43125 0.738281 0.450521 0.717969 0.450521
0 0.629688 0.325 0.647266 0.325 0.647266 0.353125 0.629688 0.353125
0 0.643359 0.370833 0.660938 0.370833 0.660938 0.394792 0.643359 0.394792
0 0.622266 0.404167 0.642188 0.404167 0.642188 0.425521 0.622266 0.425521
0 0.601172 0.434896 0.619531 0.434896 0.619531 0.460938 0.601172 0.460938
0 0.626172 0.484375 0.645703 0.484375 0.645703 0.509375 0.626172 0.509375
0 0.642969 0.439583 0.660938 0.439583 0.660938 0.461979 0.642969 0.461979
0 0.673047 0.490625 0.692188 0.490625 0.692188 0.525521 0.673047 0.525521
0 0.74375 0.532812 0.761719 0.532812 0.761719 0.559375 0.74375 0.559375
0 0.751172 0.564583 0.774219 0.564583 0.774219 0.584896 0.751172 0.584896
0 0.717188 0.569271 0.732422 0.569271 0.732422 0.594792 0.717188 0.594792
0 0.721094 0.614062 0.74375 0.614062 0.74375 0.634896 0.721094 0.634896
0 0.756641 0.659896 0.773047 0.659896 0.773047 0.686458 0.756641 0.686458
0 0.723828 0.670833 0.740234 0.670833 0.740234 0.7 0.723828 0.7
0 0.694922 0.659375 0.713281 0.659375 0.713281 0.690104 0.694922 0.690104
0 0.680859 0.599479 0.700781 0.599479 0.700781 0.626042 0.680859 0.626042
0 0.6375 0.573438 0.658203 0.573438 0.658203 0.603125 0.6375 0.603125
0 0.570703 0.425 0.589453 0.425 0.589453 0.455208 0.570703 0.455208
0 0.567578 0.376562 0.586328 0.376562 0.586328 0.404167 0.567578 0.404167
0 0.580469 0.3375 0.600391 0.3375 0.600391 0.360938 0.580469 0.360938
0 0.719141 0.508854 0.734375 0.508854 0.734375 0.534375 0.719141 0.534375
0 0.939453 0.479688 0.951172 0.479688 0.951172 0.499479 0.939453 0.499479
0 0.623047 0.2375 0.639844 0.2375 0.639844 0.259375 0.623047 0.259375
0 0.6125 0.273958 0.6375 0.273958 0.6375 0.295833 0.6125 0.295833
0 0.585547 0.271354 0.602734 0.271354 0.602734 0.299479 0.585547 0.299479
0 0.564453 0.3125 0.579688 0.3125 0.579688 0.335938 0.564453 0.335938
0 0.542188 0.313542 0.554297 0.313542 0.554297 0.338542 0.542188 0.338542
0 0.5125 0.306771 0.529688 0.306771 0.529688 0.339583 0.5125 0.339583
0 0.523438 0.361979 0.539453 0.361979 0.539453 0.389583 0.523438 0.389583
0 0.557812 0.26875 0.573438 0.26875 0.573438 0.295833 0.557812 0.295833
0 0.492969 0.364062 0.510156 0.364062 0.510156 0.390104 0.492969 0.390104
0 0.476562 0.321354 0.49375 0.321354 0.49375 0.346875 0.476562 0.346875
0 0.521094 0.413021 0.540234 0.413021 0.540234 0.434896 0.521094 0.434896
0 0.476953 0.392708 0.495703 0.392708 0.495703 0.416667 0.476953 0.416667
0 0.558594 0.497396 0.580078 0.497396 0.580078 0.517708 0.558594 0.517708
0 0.526562 0.473438 0.540625 0.473438 0.540625 0.492708 0.526562 0.492708
0 0.483203 0.4625 0.501953 0.4625 0.501953 0.486979 0.483203 0.486979
0 0.457422 0.427083 0.477734 0.427083 0.477734 0.446875 0.457422 0.446875
0 0.441797 0.373958 0.457812 0.373958 0.457812 0.4 0.441797 0.4
0 0.435938 0.326042 0.452734 0.326042 0.452734 0.353646 0.435938 0.353646
0 0.505078 0.490104 0.523047 0.490104 0.523047 0.515625 0.505078 0.515625
0 0.469531 0.494271 0.485938 0.494271 0.485938 0.521875 0.469531 0.521875
0 0.443359 0.492708 0.458203 0.492708 0.458203 0.525 0.443359 0.525
0 0.526172 0.546354 0.544922 0.546354 0.544922 0.571875 0.526172 0.571875
0 0.559375 0.544271 0.582031 0.544271 0.582031 0.569271 0.559375 0.569271
0 0.597266 0.551562 0.619922 0.551562 0.619922 0.575 0.597266 0.575
0 0.575 0.591667 0.594922 0.591667 0.594922 0.613542 0.575 0.613542
0 0.610156 0.598438 0.626172 0.598438 0.626172 0.623958 0.610156 0.623958
0 0.630859 0.624479 0.649609 0.624479 0.649609 0.643229 0.630859 0.643229
0 0.657812 0.632812 0.678516 0.632812 0.678516 0.653125 0.657812 0.653125
0 0.66875 0.693229 0.684766 0.693229 0.684766 0.716667 0.66875 0.716667
0 0.636719 0.688021 0.650781 0.688021 0.650781 0.708854 0.636719 0.708854
0 0.603516 0.644271 0.626172 0.644271 0.626172 0.664062 0.603516 0.664062
0 0.576172 0.626562 0.596875 0.626562 0.596875 0.647396 0.576172 0.647396
0 0.575 0.660417 0.594141 0.660417 0.594141 0.680729 0.575 0.680729
0 0.497656 0.543229 0.516406 0.543229 0.516406 0.563542 0.497656 0.563542
0 0.401953 0.454167 0.419531 0.454167 0.419531 0.475 0.401953 0.475
0 0.394531 0.489062 0.410938 0.489062 0.410938 0.514062 0.394531 0.514062
0 0.379688 0.549479 0.402734 0.549479 0.402734 0.570833 0.379688 0.570833
0 0.418359 0.641667 0.437891 0.641667 0.437891 0.659375 0.418359 0.659375
0 0.455859 0.608854 0.475781 0.608854 0.475781 0.628125 0.455859 0.628125
0 0.463281 0.654688 0.481641 0.654688 0.481641 0.680208 0.463281 0.680208
0 0.412891 0.34375 0.427734 0.34375 0.427734 0.364062 0.412891 0.364062
0 0.410547 0.384896 0.429297 0.384896 0.429297 0.410938 0.410547 0.410938
0 0.376953 0.405208 0.390234 0.405208 0.390234 0.428646 0.376953 0.428646
0 0.353906 0.411458 0.371094 0.411458 0.371094 0.435417 0.353906 0.435417
0 0.308984 0.444271 0.323828 0.444271 0.323828 0.472396 0.308984 0.472396
0 0.324219 0.483333 0.342578 0.483333 0.342578 0.505729 0.324219 0.505729
0 0.33125 0.525521 0.352734 0.525521 0.352734 0.545312 0.33125 0.545312
0 0.286328 0.464062 0.303125 0.464062 0.303125 0.490625 0.286328 0.490625
0 0.258984 0.483854 0.276953 0.483854 0.276953 0.510417 0.258984 0.510417
0 0.272656 0.517708 0.294922 0.517708 0.294922 0.539062 0.272656 0.539062
0 0.3125 0.546875 0.330469 0.546875 0.330469 0.567708 0.3125 0.567708
0 0.179688 0.484896 0.2 0.484896 0.2 0.50625 0.179688 0.50625
0 0.211719 0.502604 0.227344 0.502604 0.227344 0.523958 0.211719 0.523958
0 0.226562 0.552604 0.247656 0.552604 0.247656 0.573958 0.226562 0.573958
0 0.269531 0.552083 0.289844 0.552083 0.289844 0.573438 0.269531 0.573438
0 0.348828 0.597917 0.369141 0.597917 0.369141 0.620312 0.348828 0.620312
0 0.295312 0.597396 0.317578 0.597396 0.317578 0.620312 0.295312 0.620312
0 0.244531 0.595833 0.262109 0.595833 0.262109 0.621354 0.244531 0.621354
0 0.187891 0.544271 0.208203 0.544271 0.208203 0.565104 0.187891 0.565104
0 0.176953 0.5875 0.199219 0.5875 0.199219 0.609375 0.176953 0.609375
0 0.2125 0.607292 0.233203 0.607292 0.233203 0.624479 0.2125 0.624479
0 0.231641 0.639583 0.251953 0.639583 0.251953 0.669792 0.231641 0.669792
0 0.282812 0.633333 0.299609 0.633333 0.299609 0.655729 0.282812 0.655729
0 0.319922 0.648958 0.339453 0.648958 0.339453 0.674479 0.319922 0.674479
0 0.382031 0.630208 0.396094 0.630208 0.396094 0.652604 0.382031 0.652604
0 0.365625 0.675 0.376953 0.675 0.376953 0.698958 0.365625 0.698958
0 0.396875 0.697917 0.417578 0.697917 0.417578 0.721875 0.396875 0.721875
0 0.435938 0.695833 0.460547 0.695833 0.460547 0.717708 0.435938 0.717708
0 0.478906 0.701042 0.495703 0.701042 0.495703 0.725 0.478906 0.725
0 0.153906 0.496354 0.170703 0.496354 0.170703 0.517188 0.153906 0.517188
0 0.126172 0.519792 0.148047 0.519792 0.148047 0.539062 0.126172 0.539062
0 0.091406 0.535417 0.112891 0.535417 0.112891 0.554688 0.091406 0.554688
0 0.109766 0.561458 0.13125 0.561458 0.13125 0.582812 0.109766 0.582812
0 0.149609 0.547917 0.169531 0.547917 0.169531 0.575521 0.149609 0.575521
0 0.098047 0.596875 0.116016 0.596875 0.116016 0.617188 0.098047 0.617188
0 0.085156 0.620312 0.101172 0.620312 0.101172 0.640625 0.085156 0.640625
0 0.136719 0.60625 0.157812 0.60625 0.157812 0.63125 0.136719 0.63125
0 0.176953 0.625521 0.200391 0.625521 0.200391 0.643229 0.176953 0.643229
0 0.249219 0.686979 0.265234 0.686979 0.265234 0.717188 0.249219 0.717188
0 0.267188 0.667188 0.285547 0.667188 0.285547 0.695312 0.267188 0.695312
0 0.295312 0.689062 0.308984 0.689062 0.308984 0.715104 0.295312 0.715104
0 0.324219 0.729688 0.338672 0.729688 0.338672 0.757292 0.324219 0.757292
0 0.282422 0.754688 0.302344 0.754688 0.302344 0.779688 0.282422 0.779688
0 0.269922 0.723438 0.291797 0.723438 0.291797 0.745312 0.269922 0.745312
0 0.20625 0.697396 0.225 0.697396 0.225 0.71875 0.20625 0.71875
0 0.128516 0.704167 0.151953 0.704167 0.151953 0.724479 0.128516 0.724479
0 0.119141 0.676562 0.139844 0.676562 0.139844 0.69375 0.119141 0.69375
0 0.088281 0.729688 0.105859 0.729688 0.105859 0.755208 0.088281 0.755208
0 0.121875 0.739583 0.139844 0.739583 0.139844 0.766146 0.121875 0.766146
0 0.158984 0.746875 0.173047 0.746875 0.173047 0.777604 0.158984 0.777604
0 0.207812 0.784896 0.222656 0.784896 0.222656 0.811979 0.207812 0.811979
0 0.169531 0.791146 0.185156 0.791146 0.185156 0.816667 0.169531 0.816667
0 0.142969 0.791667 0.158203 0.791667 0.158203 0.823958 0.142969 0.823958
0 0.089453 0.816667 0.101172 0.816667 0.101172 0.836979 0.089453 0.836979
0 0.164062 0.839062 0.185156 0.839062 0.185156 0.858333 0.164062 0.858333
0 0.108203 0.910417 0.126172 0.910417 0.126172 0.932292 0.108203 0.932292
0 0.184766 0.888542 0.207031 0.888542 0.207031 0.914583 0.184766 0.914583
0 0.224609 0.865625 0.242578 0.865625 0.242578 0.895833 0.224609 0.895833
0 0.239453 0.831771 0.257031 0.831771 0.257031 0.852604 0.239453 0.852604
0 0.267188 0.852083 0.283984 0.852083 0.283984 0.879167 0.267188 0.879167
0 0.287891 0.801042 0.300781 0.801042 0.300781 0.821875 0.287891 0.821875
0 0.315234 0.807292 0.330859 0.807292 0.330859 0.8375 0.315234 0.8375
0 0.352734 0.794271 0.367578 0.794271 0.367578 0.817188 0.352734 0.817188
0 0.343359 0.842708 0.3625 0.842708 0.3625 0.861979 0.343359 0.861979
0 0.375 0.758854 0.392188 0.758854 0.392188 0.781771 0.375 0.781771
0 0.398828 0.735938 0.413281 0.735938 0.413281 0.754688 0.398828 0.754688
0 0.423438 0.732292 0.439844 0.732292 0.439844 0.754167 0.423438 0.754167
0 0.455078 0.740625 0.471094 0.740625 0.471094 0.770312 0.455078 0.770312
0 0.477734 0.738542 0.49375 0.738542 0.49375 0.761458 0.477734 0.761458
0 0.486719 0.778125 0.501953 0.778125 0.501953 0.800521 0.486719 0.800521
0 0.429297 0.785417 0.442188 0.785417 0.442188 0.809375 0.429297 0.809375
0 0.500391 0.722396 0.519922 0.722396 0.519922 0.746354 0.500391 0.746354
0 0.517969 0.781771 0.53125 0.781771 0.53125 0.809375 0.517969 0.809375
0 0.562891 0.717708 0.581641 0.717708 0.581641 0.739062 0.562891 0.739062
0 0.502344 0.674479 0.516406 0.674479 0.516406 0.695312 0.502344 0.695312
0 0.615625 0.684375 0.631641 0.684375 0.631641 0.706771 0.615625 0.706771
0 0.675391 0.928125 0.692188 0.928125 0.692188 0.953125 0.675391 0.953125
0 0.743359 0.935417 0.755078 0.935417 0.755078 0.963021 0.743359 0.963021
0 0.852344 0.88125 0.866797 0.88125 0.866797 0.908333 0.852344 0.908333
0 0.822656 0.886458 0.834375 0.886458 0.834375 0.90625 0.822656 0.90625
0 0.813672 0.839583 0.833203 0.839583 0.833203 0.858854 0.813672 0.858854
0 0.890625 0.853646 0.905859 0.853646 0.905859 0.88125 0.890625 0.88125
0 0.869141 0.826042 0.882031 0.826042 0.882031 0.851042 0.869141 0.851042
0 0.835938 0.814583 0.850391 0.814583 0.850391 0.8375 0.835938 0.8375
0 0.914844 0.800521 0.933203 0.800521 0.933203 0.823958 0.914844 0.823958
0 0.965625 0.827083 0.982422 0.827083 0.982422 0.852604 0.965625 0.852604
0 0.957422 0.752083 0.973047 0.752083 0.973047 0.776042 0.957422 0.776042
0 0.919141 0.755208 0.935938 0.755208 0.935938 0.775 0.919141 0.775
0 0.938281 0.859896 0.960156 0.859896 0.960156 0.879167 0.938281 0.879167
0 0.559375 0.94375 0.575 0.94375 0.575 0.965104 0.559375 0.965104
0 0.442969 0.814062 0.465234 0.814062 0.465234 0.838021 0.442969 0.838021
0 0.222656 0.726562 0.240625 0.726562 0.240625 0.745312 0.222656 0.745312
0 0.141797 0.274479 0.162891 0.274479 0.162891 0.295833 0.141797 0.295833
0 0.620703 0.910417 0.636328 0.910417 0.636328 0.935417 0.620703 0.935417
0 0.653125 0.901042 0.677734 0.901042 0.677734 0.921875 0.653125 0.921875
0 0.585156 0.963021 0.601562 0.963021 0.601562 0.995312 0.585156 0.995312