0 0.350781 0.51875 0.364844 0.51875 0.364844 0.541667 0.350781 0.541667
0 0.299609 0.481771 0.324609 0.481771 0.324609 0.502604 0.299609 0.502604
0 0.342578 0.454167 0.363672 0.454167 0.363672 0.473438 0.342578 0.473438
0 0.368359 0.439062 0.387891 0.439062 0.387891 0.464583 0.368359 0.464583
0 0.453125 0.555729 0.470703 0.555729 0.470703 0.585938 0.453125 0.585938
0 0.423047 0.592708 0.445312 0.592708 0.445312 0.615625 0.423047 0.615625
0 0.469922 0.598958 0.488281 0.598958 0.488281 0.61875 0.469922 0.61875
0 0.442188 0.620833 0.467969 0.620833 0.467969 0.644792 0.442188 0.644792
0 0.403516 0.632292 0.425391 0.632292 0.425391 0.653125 0.403516 0.653125
0 0.412891 0.669271 0.432031 0.669271 0.432031 0.694792 0.412891 0.694792
0 0.371094 0.657292 0.388281 0.657292 0.388281 0.691146 0.371094 0.691146
0 0.902734 0.652083 0.926562 0.652083 0.926562 0.684375 0.902734 0.684375
0 0.898047 0.715625 0.914062 0.715625 0.914062 0.75 0.898047 0.75
0 0.972656 0.867708 0.991797 0.867708 0.991797 0.894271 0.972656 0.894271
0 0.957812 0.916146 0.985156 0.916146 0.985156 0.938021 0.957812 0.938021
0 0.930078 0.944271 0.958594 0.944271 0.958594 0.979688 0.930078 0.979688
0 0.979688 0.81875 0.996484 0.81875 0.996484 0.848958 0.979688 0.848958
0 0.972656 0.791667 0.992188 0.791667 0.992188 0.817188 0.972656 0.817188
0 0.887891 0.865625 0.902734 0.865625 0.902734 0.891667 0.887891 0.891667
0 0.739062 0.818229 0.752344 0.818229 0.752344 0.844792 0.739062 0.844792
0 0.725781 0.794271 0.741797 0.794271 0.741797 0.815104 0.725781 0.815104
0 0.715234 0.754688 0.734766 0.754688 0.734766 0.777083 0.715234 0.777083
0 0.696094 0.771875 0.712891 0.771875 0.712891 0.796875 0.696094 0.796875
0 0.6625 0.831771 0.685547 0.831771 0.685547 0.855208 0.6625 0.855208
0 0.653906 0.802604 0.676172 0.802604 0.676172 0.81875 0.653906 0.81875
0 0.645312 0.771354 0.667578 0.771354 0.667578 0.79375 0.645312 0.79375
0 0.685938 0.872917 0.714062 0.872917 0.714062 0.892708 0.685938 0.892708
0 0.719922 0.925521 0.734375 0.925521 0.734375 0.961979 0.719922 0.961979
0 0.692578 0.904167 0.714453 0.904167 0.714453 0.928646 0.692578 0.928646
0 0.696484 0.936979 0.714844 0.936979 0.714844 0.957812 0.696484 0.957812
0 0.669922 0.929167 0.69375 0.929167 0.69375 0.959896 0.669922 0.959896
0 0.636719 0.822917 0.651562 0.822917 0.651562 0.84375 0.636719 0.84375
0 0.616016 0.847917 0.637891 0.847917 0.637891 0.877604 0.616016 0.877604
0 0.591406 0.832292 0.609766 0.832292 0.609766 0.8625 0.591406 0.8625
0 0.586719 0.797396 0.605859 0.797396 0.605859 0.816667 0.586719 0.816667
0 0.557812 0.804167 0.578125 0.804167 0.578125 0.832812 0.557812 0.832812
0 0.565625 0.854167 0.588281 0.854167 0.588281 0.875521 0.565625 0.875521
0 0.539062 0.851562 0.559375 0.851562 0.559375 0.878646 0.539062 0.878646
0 0.508594 0.835938 0.530469 0.835938 0.530469 0.861979 0.508594 0.861979
0 0.575781 0.939062 0.594141 0.939062 0.594141 0.965104 0.575781 0.965104
0 0.605078 0.946875 0.626953 0.946875 0.626953 0.983854 0.605078 0.983854
0 0.638672 0.938021 0.659766 0.938021 0.659766 0.963021 0.638672 0.963021
0 0.611328 0.907812 0.635156 0.907812 0.635156 0.935417 0.611328 0.935417
0 0.650781 0.902083 0.675391 0.902083 0.675391 0.927604 0.650781 0.927604
0 0.515234 0.901042 0.537109 0.901042 0.537109 0.923438 0.515234 0.923438
0 0.505078 0.882292 0.521094 0.882292 0.521094 0.902083 0.505078 0.902083
0 0.483594 0.901042 0.506641 0.901042 0.506641 0.921354 0.483594 0.921354
0 0.499219 0.930729 0.521094 0.930729 0.521094 0.95 0.499219 0.95
0 0.523047 0.954167 0.538281 0.954167 0.538281 0.979167 0.523047 0.979167
0 0.492578 0.954688 0.510938 0.954688 0.510938 0.986979 0.492578 0.986979
0 0.471094 0.926562 0.491797 0.926562 0.491797 0.957292 0.471094 0.957292
0 0.450781 0.915625 0.467578 0.915625 0.467578 0.941146 0.450781 0.941146
0 0.464062 0.871875 0.485547 0.871875 0.485547 0.89375 0.464062 0.89375
0 0.472266 0.808333 0.492969 0.808333 0.492969 0.833333 0.472266 0.833333
0 0.421094 0.854688 0.439062 0.854688 0.439062 0.879167 0.421094 0.879167
0 0.414062 0.901042 0.437109 0.901042 0.437109 0.919271 0.414062 0.919271
0 0.430859 0.923438 0.449609 0.923438 0.449609 0.946354 0.430859 0.946354
0 0.398438 0.923958 0.420703 0.923958 0.420703 0.95 0.398438 0.95
0 0.369922 0.958333 0.395312 0.958333 0.395312 0.98125 0.369922 0.98125
0 0.391016 0.975 0.416016 0.975 0.416016 0.997396 0.391016 0.997396
0 0.36875 0.874479 0.384375 0.874479 0.384375 0.898958 0.36875 0.898958
0 0.315625 0.871354 0.332422 0.871354 0.332422 0.902083 0.315625 0.902083
0 0.275781 0.859896 0.297266 0.859896 0.297266 0.885938 0.275781 0.885938
0 0.300781 0.783854 0.323828 0.783854 0.323828 0.810938 0.300781 0.810938
0 0.340625 0.869271 0.355469 0.869271 0.355469 0.893229 0.340625 0.893229
0 0.363672 0.785938 0.378516 0.785938 0.378516 0.811458 0.363672 0.811458
0 0.341406 0.769792 0.355859 0.769792 0.355859 0.7875 0.341406 0.7875
0 0.331641 0.741146 0.352734 0.741146 0.352734 0.764062 0.331641 0.764062
0 0.338672 0.694792 0.357422 0.694792 0.357422 0.724479 0.338672 0.724479
0 0.394141 0.714062 0.408203 0.714062 0.408203 0.734896 0.394141 0.734896
0 0.383984 0.765104 0.4 0.765104 0.4 0.789062 0.383984 0.789062
0 0.406641 0.764583 0.425781 0.764583 0.425781 0.785417 0.406641 0.785417
0 0.426953 0.770833 0.437891 0.770833 0.437891 0.795312 0.426953 0.795312
0 0.433203 0.759896 0.446094 0.759896 0.446094 0.783854 0.433203 0.783854
0 0.441797 0.817708 0.454297 0.817708 0.454297 0.836979 0.441797 0.836979
0 0.473828 0.771354 0.492188 0.771354 0.492188 0.792188 0.473828 0.792188
0 0.455859 0.74375 0.470703 0.74375 0.470703 0.773958 0.455859 0.773958
0 0.442188 0.730208 0.455859 0.730208 0.455859 0.752083 0.442188 0.752083
0 0.423047 0.730729 0.439453 0.730729 0.439453 0.746875 0.423047 0.746875
0 0.667578 0.673438 0.686328 0.673438 0.686328 0.692708 0.667578 0.692708
0 0.630859 0.693229 0.657812 0.693229 0.657812 0.714062 0.630859 0.714062
0 0.583594 0.691667 0.605078 0.691667 0.605078 0.713021 0.583594 0.713021
0 0.588281 0.666146 0.608594 0.666146 0.608594 0.684375 0.588281 0.684375
0 0.6625 0.736458 0.679297 0.736458 0.679297 0.761458 0.6625 0.761458
0 0.614453 0.739062 0.628125 0.739062 0.628125 0.761458 0.614453 0.761458
0 0.585547 0.751042 0.601562 0.751042 0.601562 0.777604 0.585547 0.777604
0 0.600391 0.736458 0.616797 0.736458 0.616797 0.770833 0.600391 0.770833
0 0.560547 0.763021 0.576953 0.763021 0.576953 0.7875 0.560547 0.7875
0 0.536719 0.776042 0.554297 0.776042 0.554297 0.800521 0.536719 0.800521
0 0.544531 0.704167 0.555859 0.704167 0.555859 0.723438 0.544531 0.723438
0 0.567188 0.709896 0.580859 0.709896 0.580859 0.734375 0.567188 0.734375
0 0.684375 0.738021 0.704688 0.738021 0.704688 0.761979 0.684375 0.761979
0 0.708203 0.676562 0.728125 0.676562 0.728125 0.709375 0.708203 0.709375
0 0.692578 0.651042 0.709375 0.651042 0.709375 0.677083 0.692578 0.677083
0 0.666016 0.639583 0.683203 0.639583 0.683203 0.665625 0.666016 0.665625
0 0.698438 0.610417 0.716016 0.610417 0.716016 0.634896 0.698438 0.634896
0 0.672266 0.591146 0.690234 0.591146 0.690234 0.616146 0.672266 0.616146
0 0.634766 0.566667 0.657422 0.566667 0.657422 0.5875 0.634766 0.5875
0 0.666016 0.559375 0.685938 0.559375 0.685938 0.576562 0.666016 0.576562
0 0.717969 0.578125 0.738672 0.578125 0.738672 0.59375 0.717969 0.59375
0 0.544531 0.645833 0.559766 0.645833 0.559766 0.669792 0.544531 0.669792
0 0.482422 0.626562 0.498047 0.626562 0.498047 0.646354 0.482422 0.646354
0 0.451562 0.684896 0.473828 0.684896 0.473828 0.713021 0.451562 0.713021
0 0.746484 0.688021 0.76875 0.688021 0.76875 0.715104 0.746484 0.715104
0 0.752344 0.665625 0.771875 0.665625 0.771875 0.684375 0.752344 0.684375
0 0.726953 0.633854 0.749219 0.633854 0.749219 0.658333 0.726953 0.658333
0 0.735156 0.603646 0.753906 0.603646 0.753906 0.635417 0.735156 0.635417
0 0.769922 0.638542 0.791406 0.638542 0.791406 0.663021 0.769922 0.663021
0 0.775781 0.605208 0.796094 0.605208 0.796094 0.64375 0.775781 0.64375
0 0.760547 0.584896 0.777734 0.584896 0.777734 0.609375 0.760547 0.609375
0 0.783984 0.570312 0.800391 0.570312 0.800391 0.600521 0.783984 0.600521
0 0.774609 0.531771 0.794922 0.531771 0.794922 0.559896 0.774609 0.559896
0 0.729688 0.548438 0.746484 0.548438 0.746484 0.570833 0.729688 0.570833
0 0.742969 0.533854 0.761328 0.533854 0.761328 0.564583 0.742969 0.564583
0 0.689844 0.545833 0.705859 0.545833 0.705859 0.560417 0.689844 0.560417
0 0.715234 0.498958 0.728906 0.498958 0.728906 0.523438 0.715234 0.523438
0 0.738281 0.490625 0.753516 0.490625 0.753516 0.508854 0.738281 0.508854
0 0.751562 0.480208 0.770703 0.480208 0.770703 0.496354 0.751562 0.496354
0 0.765625 0.451562 0.777344 0.451562 0.777344 0.475521 0.765625 0.475521
0 0.728125 0.460938 0.744531 0.460938 0.744531 0.477604 0.728125 0.477604
0 0.695312 0.472917 0.717578 0.472917 0.717578 0.491146 0.695312 0.491146
0 0.684375 0.441667 0.698438 0.441667 0.698438 0.466146 0.684375 0.466146
0 0.716797 0.430729 0.737891 0.430729 0.737891 0.451562 0.716797 0.451562
0 0.701953 0.434375 0.715234 0.434375 0.715234 0.455729 0.701953 0.455729
0 0.761328 0.406771 0.779688 0.406771 0.779688 0.425 0.761328 0.425
0 0.792188 0.389583 0.807812 0.389583 0.807812 0.407812 0.792188 0.407812
0 0.758203 0.366146 0.773438 0.366146 0.773438 0.384375 0.758203 0.384375
0 0.693359 0.397917 0.711328 0.397917 0.711328 0.414583 0.693359 0.414583
0 0.651953 0.426042 0.668359 0.426042 0.668359 0.443229 0.651953 0.443229
0 0.664844 0.468229 0.679297 0.468229 0.679297 0.491146 0.664844 0.491146
0 0.642969 0.489062 0.660156 0.489062 0.660156 0.502083 0.642969 0.502083
0 0.630078 0.526562 0.647656 0.526562 0.647656 0.545312 0.630078 0.545312
0 0.608594 0.457812 0.634375 0.457812 0.634375 0.483854 0.608594 0.483854
0 0.604688 0.5 0.626172 0.5 0.626172 0.522396 0.604688 0.522396
0 0.591797 0.560417 0.606641 0.560417 0.606641 0.578646 0.591797 0.578646
0 0.816406 0.388021 0.830078 0.388021 0.830078 0.411979 0.816406 0.411979
0 0.807031 0.355208 0.824219 0.355208 0.824219 0.377604 0.807031 0.377604
0 0.775391 0.335938 0.797656 0.335938 0.797656 0.363021 0.775391 0.363021
0 0.778125 0.309896 0.800391 0.309896 0.800391 0.330208 0.778125 0.330208
0 0.808594 0.316146 0.824609 0.316146 0.824609 0.3375 0.808594 0.3375
0 0.799609 0.270312 0.814844 0.270312 0.814844 0.290104 0.799609 0.290104
0 0.831641 0.247917 0.849219 0.247917 0.849219 0.275521 0.831641 0.275521
0 0.812891 0.244792 0.827734 0.244792 0.827734 0.268229 0.812891 0.268229
0 0.802734 0.236458 0.823047 0.236458 0.823047 0.257812 0.802734 0.257812
0 0.799609 0.292708 0.817188 0.292708 0.817188 0.308333 0.799609 0.308333
0 0.749609 0.271875 0.770312 0.271875 0.770312 0.2875 0.749609 0.2875
0 0.744922 0.321354 0.764844 0.321354 0.764844 0.339583 0.744922 0.339583
0 0.673828 0.388021 0.693359 0.388021 0.693359 0.413021 0.673828 0.413021
0 0.642188 0.401042 0.667969 0.401042 0.667969 0.423438 0.642188 0.423438
0 0.713281 0.309375 0.732812 0.309375 0.732812 0.329688 0.713281 0.329688
0 0.681641 0.344792 0.7 0.344792 0.7 0.365104 0.681641 0.365104
0 0.697266 0.357812 0.714453 0.357812 0.714453 0.380729 0.697266 0.380729
0 0.743359 0.222917 0.763672 0.222917 0.763672 0.247396 0.743359 0.247396
0 0.771875 0.197917 0.796875 0.197917 0.796875 0.218229 0.771875 0.218229
0 0.770703 0.165625 0.788281 0.165625 0.788281 0.189062 0.770703 0.189062
0 0.741797 0.180208 0.758594 0.180208 0.758594 0.20625 0.741797 0.20625
0 0.726172 0.156771 0.748047 0.156771 0.748047 0.178646 0.726172 0.178646
0 0.7125 0.185938 0.728125 0.185938 0.728125 0.213021 0.7125 0.213021
0 0.667969 0.21875 0.690234 0.21875 0.690234 0.242708 0.667969 0.242708
0 0.698438 0.255729 0.717969 0.255729 0.717969 0.282292 0.698438 0.282292
0 0.641797 0.258333 0.660938 0.258333 0.660938 0.285938 0.641797 0.285938
0 0.620703 0.282292 0.637109 0.282292 0.637109 0.308854 0.620703 0.308854
0 0.609375 0.358854 0.625781 0.358854 0.625781 0.381771 0.609375 0.381771
0 0.640234 0.332292 0.657422 0.332292 0.657422 0.352083 0.640234 0.352083
0 0.55 0.335938 0.568359 0.335938 0.568359 0.358854 0.55 0.358854
0 0.550781 0.376562 0.571094 0.376562 0.571094 0.403646 0.550781 0.403646
0 0.589453 0.373958 0.604297 0.373958 0.604297 0.396354 0.589453 0.396354
0 0.558203 0.423958 0.579297 0.423958 0.579297 0.446354 0.558203 0.446354
0 0.526562 0.369792 0.550391 0.369792 0.550391 0.390625 0.526562 0.390625
0 0.830859 0.023438 0.848047 0.023438 0.848047 0.055729 0.830859 0.055729
0 0.879688 0.031771 0.893359 0.031771 0.893359 0.059375 0.879688 0.059375
0 0.797266 0.036979 0.819922 0.036979 0.819922 0.068229 0.797266 0.068229
0 0.789062 0.007292 0.808203 0.007292 0.808203 0.027083 0.789062 0.027083
0 0.699609 0.022917 0.717969 0.022917 0.717969 0.04375 0.699609 0.04375
0 0.764453 0.032292 0.782422 0.032292 0.782422 0.054167 0.764453 0.054167
0 0.683203 0.159896 0.703906 0.159896 0.703906 0.190104 0.683203 0.190104
0 0.655469 0.119792 0.673047 0.119792 0.673047 0.148438 0.655469 0.148438
0 0.674219 0.110417 0.689844 0.110417 0.689844 0.135938 0.674219 0.135938
0 0.651562 0.161458 0.675391 0.161458 0.675391 0.1875 0.651562 0.1875
0 0.636719 0.198958 0.660156 0.198958 0.660156 0.228125 0.636719 0.228125
0 0.625391 0.234375 0.642969 0.234375 0.642969 0.254688 0.625391 0.254688
0 0.606641 0.246875 0.621094 0.246875 0.621094 0.267188 0.606641 0.267188
0 0.582812 0.216146 0.601172 0.216146 0.601172 0.240625 0.582812 0.240625
0 0.594141 0.179688 0.6125 0.179688 0.6125 0.209896 0.594141 0.209896
0 0.616016 0.198438 0.628125 0.198438 0.628125 0.227604 0.616016 0.227604
0 0.620703 0.173958 0.637109 0.173958 0.637109 0.195312 0.620703 0.195312
0 0.611328 0.128125 0.628906 0.128125 0.628906 0.156771 0.611328 0.156771
0 0.621094 0.0 0.648828 0.0 0.648828 0.022917 0.621094 0.022917
0 0.594922 0.313542 0.617188 0.313542 0.617188 0.340625 0.594922 0.340625
0 0.584375 0.267188 0.60625 0.267188 0.60625 0.291146 0.584375 0.291146
0 0.560938 0.288021 0.576953 0.288021 0.576953 0.311979 0.560938 0.311979
0 0.560938 0.233854 0.577344 0.233854 0.577344 0.258854 0.560938 0.258854
0 0.504687 0.458854 0.522266 0.458854 0.522266 0.484896 0.504687 0.484896
0 0.504297 0.402604 0.526172 0.402604 0.526172 0.424479 0.504297 0.424479
0 0.434375 0.350521 0.460156 0.350521 0.460156 0.371354 0.434375 0.371354
0 0.433594 0.411458 0.451172 0.411458 0.451172 0.440104 0.433594 0.440104
0 0.375391 0.398438 0.398828 0.398438 0.398828 0.422917 0.375391 0.422917
0 0.383984 0.423438 0.405078 0.423438 0.405078 0.450521 0.383984 0.450521
0 0.380859 0.455729 0.411328 0.455729 0.411328 0.482292 0.380859 0.482292
0 0.359375 0.370312 0.380859 0.370312 0.380859 0.39375 0.359375 0.39375
0 0.391406 0.354167 0.414062 0.354167 0.414062 0.38125 0.391406 0.38125
0 0.344531 0.413542 0.362109 0.413542 0.362109 0.438542 0.344531 0.438542
0 0.376562 0.320833 0.399219 0.320833 0.399219 0.342188 0.376562 0.342188
0 0.452734 0.277083 0.471484 0.277083 0.471484 0.298958 0.452734 0.298958
0 0.469141 0.291146 0.490234 0.291146 0.490234 0.316146 0.469141 0.316146
0 0.525391 0.294271 0.5375 0.294271 0.5375 0.318229 0.525391 0.318229
0 0.515234 0.345312 0.53125 0.345312 0.53125 0.36875 0.515234 0.36875
0 0.406641 0.551562 0.422656 0.551562 0.422656 0.575521 0.406641 0.575521
0 0.378516 0.599479 0.392969 0.599479 0.392969 0.626042 0.378516 0.626042
0 0.353516 0.603646 0.369531 0.603646 0.369531 0.630208 0.353516 0.630208
0 0.224609 0.55 0.246484 0.55 0.246484 0.569271 0.224609 0.569271
0 0.236328 0.594792 0.260547 0.594792 0.260547 0.621354 0.236328 0.621354
0 0.19375 0.575 0.210156 0.575 0.210156 0.609896 0.19375 0.609896
0 0.205859 0.55 0.224609 0.55 0.224609 0.58125 0.205859 0.58125
0 0.192188 0.473438 0.220312 0.473438 0.220312 0.488021 0.192188 0.488021
0 0.288672 0.425521 0.308203 0.425521 0.308203 0.444792 0.288672 0.444792
0 0.181641 0.359375 0.20625 0.359375 0.20625 0.382812 0.181641 0.382812
0 0.152344 0.33125 0.174219 0.33125 0.174219 0.361979 0.152344 0.361979
0 0.120312 0.33125 0.139062 0.33125 0.139062 0.357292 0.120312 0.357292
0 0.528516 0.065104 0.542578 0.065104 0.542578 0.085938 0.528516 0.085938
0 0.54375 0.083333 0.558984 0.083333 0.558984 0.101042 0.54375 0.101042
0 0.532812 0.126042 0.548438 0.126042 0.548438 0.151042 0.532812 0.151042
0 0.496484 0.110938 0.517578 0.110938 0.517578 0.128646 0.496484 0.128646
0 0.453125 0.107292 0.474609 0.107292 0.474609 0.128646 0.453125 0.128646
0 0.458203 0.073438 0.476953 0.073438 0.476953 0.090104 0.458203 0.090104
0 0.433594 0.101562 0.451172 0.101562 0.451172 0.123438 0.433594 0.123438
0 0.453906 0.147396 0.476562 0.147396 0.476562 0.171354 0.453906 0.171354
0 0.495703 0.185417 0.514062 0.185417 0.514062 0.207812 0.495703 0.207812
0 0.517578 0.16875 0.53125 0.16875 0.53125 0.196354 0.517578 0.196354
0 0.491016 0.235938 0.511719 0.235938 0.511719 0.256771 0.491016 0.256771
0 0.493359 0.267188 0.514844 0.267188 0.514844 0.285938 0.493359 0.285938
0 0.453516 0.196875 0.472266 0.196875 0.472266 0.226042 0.453516 0.226042
0 0.4375 0.234375 0.455469 0.234375 0.455469 0.263542 0.4375 0.263542
0 0.411328 0.265104 0.433984 0.265104 0.433984 0.286979 0.411328 0.286979
0 0.366406 0.254688 0.396484 0.254688 0.396484 0.283333 0.366406 0.283333
0 0.369531 0.219271 0.391016 0.219271 0.391016 0.244792 0.369531 0.244792
0 0.405078 0.186979 0.425 0.186979 0.425 0.207812 0.405078 0.207812
0 0.391797 0.14375 0.411719 0.14375 0.411719 0.16875 0.391797 0.16875
0 0.429688 0.14375 0.451172 0.14375 0.451172 0.170833 0.429688 0.170833
0 0.407422 0.101562 0.427734 0.101562 0.427734 0.129688 0.407422 0.129688
0 0.349219 0.159375 0.368359 0.159375 0.368359 0.181771 0.349219 0.181771
0 0.406641 0.000521 0.423047 0.000521 0.423047 0.028125 0.406641 0.028125
0 0.427344 0.003125 0.447266 0.003125 0.447266 0.021875 0.427344 0.021875
0 0.342578 0.082812 0.361719 0.082812 0.361719 0.104167 0.342578 0.104167
0 0.337891 0.125 0.352734 0.125 0.352734 0.148958 0.337891 0.148958
0 0.283984 0.145833 0.303125 0.145833 0.303125 0.167708 0.283984 0.167708
0 0.258594 0.122396 0.284766 0.122396 0.284766 0.147917 0.258594 0.147917
0 0.299219 0.208854 0.319922 0.208854 0.319922 0.233854 0.299219 0.233854
0 0.280078 0.208854 0.296875 0.208854 0.296875 0.233854 0.280078 0.233854
0 0.235938 0.225 0.253516 0.225 0.253516 0.24375 0.235938 0.24375
0 0.263672 0.209896 0.276172 0.209896 0.276172 0.236458 0.263672 0.236458
0 0.240625 0.204167 0.261719 0.204167 0.261719 0.230729 0.240625 0.230729
0 0.208203 0.213542 0.223828 0.213542 0.223828 0.235938 0.208203 0.235938
0 0.187109 0.088542 0.210156 0.088542 0.210156 0.108854 0.187109 0.108854
0 0.156641 0.11875 0.183594 0.11875 0.183594 0.14375 0.156641 0.14375
0 0.119141 0.098438 0.139844 0.098438 0.139844 0.121354 0.119141 0.121354
0 0.339844 0.351562 0.355859 0.351562 0.355859 0.379688 0.339844 0.379688
0 0.340625 0.320312 0.35625 0.320312 0.35625 0.341667 0.340625 0.341667
0 0.348438 0.290104 0.373438 0.290104 0.373438 0.316146 0.348438 0.316146
0 0.343359 0.245312 0.362109 0.245312 0.362109 0.263542 0.343359 0.263542
0 0.319922 0.271875 0.339844 0.271875 0.339844 0.297396 0.319922 0.297396
0 0.294141 0.246875 0.315625 0.246875 0.315625 0.269792 0.294141 0.269792
0 0.339453 0.217708 0.357031 0.217708 0.357031 0.238021 0.339453 0.238021
0 0.295312 0.286979 0.312891 0.286979 0.312891 0.308333 0.295312 0.308333
0 0.285156 0.308333 0.30625 0.308333 0.30625 0.326042 0.285156 0.326042
0 0.322266 0.384375 0.337109 0.384375 0.337109 0.405208 0.322266 0.405208
0 0.221484 0.338021 0.241406 0.338021 0.241406 0.357292 0.221484 0.357292
0 0.194141 0.328125 0.216406 0.328125 0.216406 0.351042 0.194141 0.351042
0 0.169922 0.309375 0.192578 0.309375 0.192578 0.329167 0.169922 0.329167
0 0.196875 0.284375 0.213281 0.284375 0.213281 0.305208 0.196875 0.305208
0 0.216016 0.254688 0.238281 0.254688 0.238281 0.271875 0.216016 0.271875
0 0.180078 0.239062 0.196094 0.239062 0.196094 0.256771 0.180078 0.256771
0 0.145703 0.266667 0.172656 0.266667 0.172656 0.285938 0.145703 0.285938
0 0.163672 0.234375 0.175391 0.234375 0.175391 0.248958 0.163672 0.248958
0 0.140625 0.2375 0.157031 0.2375 0.157031 0.253646 0.140625 0.253646
0 0.129688 0.292708 0.151172 0.292708 0.151172 0.319271 0.129688 0.319271
0 0.224219 0.309375 0.239844 0.309375 0.239844 0.328646 0.224219 0.328646
0 0.128516 0.159375 0.147266 0.159375 0.147266 0.182812 0.128516 0.182812
0 0.103516 0.144271 0.128125 0.144271 0.128125 0.167188 0.103516 0.167188
0 0.092578 0.119271 0.116406 0.119271 0.116406 0.143229 0.092578 0.143229
0 0.060938 0.139062 0.085547 0.139062 0.085547 0.167188 0.060938 0.167188
0 0.04375 0.180208 0.069531 0.180208 0.069531 0.206771 0.04375 0.206771
0 0.0 0.108854 0.023047 0.108854 0.023047 0.135417 0.0 0.135417
0 0.022656 0.052604 0.047656 0.052604 0.047656 0.082292 0.022656 0.082292
0 0.148047 0.074479 0.166016 0.074479 0.166016 0.103125 0.148047 0.103125
0 0.176953 0.060417 0.192969 0.060417 0.192969 0.08125 0.176953 0.08125
0 0.149609 0.039583 0.169531 0.039583 0.169531 0.064062 0.149609 0.064062
0 0.128125 0.064062 0.145312 0.064062 0.145312 0.082812 0.128125 0.082812
0 0.110156 0.023958 0.129297 0.023958 0.129297 0.042708 0.110156 0.042708
0 0.20625 0.015104 0.224219 0.015104 0.224219 0.035417 0.20625 0.035417
0 0.091406 0.970833 0.106641 0.970833 0.106641 0.992708 0.091406 0.992708
0 0.108594 0.957292 0.127734 0.957292 0.127734 0.975521 0.108594 0.975521
0 0.137109 0.892708 0.154297 0.892708 0.154297 0.911458 0.137109 0.911458
0 0.163281 0.898958 0.185156 0.898958 0.185156 0.919792 0.163281 0.919792
0 0.171875 0.939062 0.185547 0.939062 0.185547 0.970833 0.171875 0.970833
0 0.03125 0.888021 0.051562 0.888021 0.051562 0.915104 0.03125 0.915104
0 0.046484 0.870312 0.064062 0.870312 0.064062 0.891667 0.046484 0.891667
0 0.058984 0.838542 0.078516 0.838542 0.078516 0.860417 0.058984 0.860417
0 0.012109 0.933333 0.034766 0.933333 0.034766 0.949479 0.012109 0.949479
0 0.0 0.9625 0.021094 0.9625 0.021094 0.98125 0.0 0.98125
0 0.033203 0.816667 0.062891 0.816667 0.062891 0.840625 0.033203 0.840625
0 0.015625 0.761979 0.045703 0.761979 0.045703 0.7875 0.015625 0.7875
0 0.006641 0.626562 0.034375 0.626562 0.034375 0.653125 0.006641 0.653125
0 0.261328 0.805729 0.276172 0.805729 0.276172 0.827604 0.261328 0.827604
0 0.226172 0.74375 0.246875 0.74375 0.246875 0.761458 0.226172 0.761458
0 0.196875 0.749479 0.2125 0.749479 0.2125 0.778646 0.196875 0.778646
0 0.235156 0.767188 0.245703 0.767188 0.245703 0.785938 0.235156 0.785938
0 0.226953 0.765104 0.241406 0.765104 0.241406 0.794792 0.226953 0.794792
0 0.279297 0.7125 0.296484 0.7125 0.296484 0.739062 0.279297 0.739062
0 0.305859 0.703646 0.322656 0.703646 0.322656 0.738021 0.305859 0.738021
0 0.334375 0.654688 0.359375 0.654688 0.359375 0.686979 0.334375 0.686979
0 0.252734 0.663542 0.267969 0.663542 0.267969 0.688021 0.252734 0.688021
0 0.223047 0.688021 0.238672 0.688021 0.238672 0.7125 0.223047 0.7125
0 0.211328 0.657812 0.230469 0.657812 0.230469 0.679688 0.211328 0.679688
0 0.192188 0.676042 0.209766 0.676042 0.209766 0.709896 0.192188 0.709896
0 0.225391 0.651042 0.241406 0.651042 0.241406 0.671875 0.225391 0.671875
0 0.203906 0.626562 0.23125 0.626562 0.23125 0.653125 0.203906 0.653125
0 0.258203 0.576562 0.278906 0.576562 0.278906 0.596354 0.258203 0.596354
0 0.117578 0.497917 0.138281 0.497917 0.138281 0.525521 0.117578 0.525521
0 0.16875 0.547917 0.185938 0.547917 0.185938 0.580729 0.16875 0.580729
0 0.144141 0.553646 0.162891 0.553646 0.162891 0.589062 0.144141 0.589062
0 0.144141 0.611458 0.160938 0.611458 0.160938 0.646875 0.144141 0.646875
0 0.167578 0.640104 0.187891 0.640104 0.187891 0.670833 0.167578 0.670833
0 0.155078 0.51875 0.175391 0.51875 0.175391 0.541146 0.155078 0.541146
0 0.130078 0.372396 0.152734 0.372396 0.152734 0.396354 0.130078 0.396354
0 0.069141 0.317708 0.094141 0.317708 0.094141 0.34375 0.069141 0.34375
0 0.097656 0.309375 0.117969 0.309375 0.117969 0.336458 0.097656 0.336458
0 0.013281 0.404167 0.033984 0.404167 0.033984 0.420312 0.013281 0.420312
0 0.120703 0.581771 0.147266 0.581771 0.147266 0.620312 0.120703 0.620312
0 0.089844 0.394271 0.107422 0.394271 0.107422 0.411458 0.089844 0.411458