0 0.408594 0.376562 0.434766 0.376562 0.434766 0.398958 0.408594 0.398958
0 0.370703 0.382812 0.390234 0.382812 0.390234 0.402083 0.370703 0.402083
0 0.389062 0.40625 0.410547 0.40625 0.410547 0.426562 0.389062 0.426562
0 0.364453 0.432812 0.388672 0.432812 0.388672 0.458854 0.364453 0.458854
0 0.40625 0.435417 0.435547 0.435417 0.435547 0.45625 0.40625 0.45625
0 0.447266 0.407812 0.467969 0.407812 0.467969 0.436979 0.447266 0.436979
0 0.453906 0.455729 0.473828 0.455729 0.473828 0.482292 0.453906 0.482292
0 0.488672 0.455729 0.511719 0.455729 0.511719 0.475521 0.488672 0.475521
0 0.480859 0.485417 0.501562 0.485417 0.501562 0.508854 0.480859 0.508854
0 0.432812 0.48125 0.450391 0.48125 0.450391 0.508333 0.432812 0.508333
0 0.334375 0.41875 0.357812 0.41875 0.357812 0.441667 0.334375 0.441667
0 0.320312 0.455208 0.340625 0.455208 0.340625 0.483854 0.320312 0.483854
0 0.303516 0.409375 0.327344 0.409375 0.327344 0.43125 0.303516 0.43125
0 0.320312 0.373958 0.351172 0.373958 0.351172 0.394271 0.320312 0.394271
0 0.476953 0.382812 0.501172 0.382812 0.501172 0.404688 0.476953 0.404688
0 0.388281 0.344792 0.409766 0.344792 0.409766 0.364062 0.388281 0.364062
0 0.348828 0.308854 0.373047 0.308854 0.373047 0.333854 0.348828 0.333854
0 0.327344 0.310417 0.345312 0.310417 0.345312 0.334375 0.327344 0.334375
0 0.314062 0.326562 0.331641 0.326562 0.331641 0.348958 0.314062 0.348958
0 0.304297 0.348438 0.321875 0.348438 0.321875 0.369271 0.304297 0.369271
0 0.420312 0.331771 0.441797 0.331771 0.441797 0.353646 0.420312 0.353646
0 0.445703 0.316146 0.466016 0.316146 0.466016 0.345312 0.445703 0.345312
0 0.346094 0.264583 0.371484 0.264583 0.371484 0.288021 0.346094 0.288021
0 0.317188 0.254688 0.3375 0.254688 0.3375 0.274479 0.317188 0.274479
0 0.383594 0.276562 0.403125 0.276562 0.403125 0.302083 0.383594 0.302083
0 0.407812 0.254688 0.428906 0.254688 0.428906 0.272917 0.407812 0.272917
0 0.395312 0.227604 0.417188 0.227604 0.417188 0.245312 0.395312 0.245312
0 0.417969 0.211458 0.436719 0.211458 0.436719 0.238021 0.417969 0.238021
0 0.437109 0.257812 0.454688 0.257812 0.454688 0.290104 0.437109 0.290104
0 0.480469 0.233333 0.497266 0.233333 0.497266 0.258854 0.480469 0.258854
0 0.525391 0.246354 0.541406 0.246354 0.541406 0.270312 0.525391 0.270312
0 0.54375 0.270312 0.566406 0.270312 0.566406 0.292708 0.54375 0.292708
0 0.517578 0.280729 0.538281 0.280729 0.538281 0.299479 0.517578 0.299479
0 0.498438 0.293229 0.512891 0.293229 0.512891 0.317188 0.498438 0.317188
0 0.340625 0.192708 0.367578 0.192708 0.367578 0.217708 0.340625 0.217708
0 0.342188 0.149479 0.363672 0.149479 0.363672 0.172917 0.342188 0.172917
0 0.369141 0.153646 0.384766 0.153646 0.384766 0.182292 0.369141 0.182292
0 0.347266 0.1125 0.369141 0.1125 0.369141 0.132292 0.347266 0.132292
0 0.394922 0.127083 0.416797 0.127083 0.416797 0.151042 0.394922 0.151042
0 0.379688 0.088021 0.398828 0.088021 0.398828 0.120833 0.379688 0.120833
0 0.354297 0.061979 0.377734 0.061979 0.377734 0.090104 0.354297 0.090104
0 0.319531 0.061458 0.34375 0.061458 0.34375 0.085938 0.319531 0.085938
0 0.317188 0.095833 0.344141 0.095833 0.344141 0.122396 0.317188 0.122396
0 0.338281 0.00625 0.362109 0.00625 0.362109 0.028646 0.338281 0.028646
0 0.435547 0.184896 0.453125 0.184896 0.453125 0.210938 0.435547 0.210938
0 0.471094 0.184896 0.488672 0.184896 0.488672 0.208854 0.471094 0.208854
0 0.45625 0.142708 0.477344 0.142708 0.477344 0.164583 0.45625 0.164583
0 0.438281 0.136458 0.45625 0.136458 0.45625 0.156771 0.438281 0.156771
0 0.445312 0.099479 0.468359 0.099479 0.468359 0.123438 0.445312 0.123438
0 0.429297 0.069271 0.446094 0.069271 0.446094 0.091146 0.429297 0.091146
0 0.407422 0.033854 0.424219 0.033854 0.424219 0.053646 0.407422 0.053646
0 0.428906 0.013542 0.448438 0.013542 0.448438 0.034896 0.428906 0.034896
0 0.470312 0.03125 0.498828 0.03125 0.498828 0.055208 0.470312 0.055208
0 0.516406 0.064583 0.5375 0.064583 0.5375 0.090625 0.516406 0.090625
0 0.535156 0.027604 0.553516 0.027604 0.553516 0.054688 0.535156 0.054688
0 0.559766 0.001042 0.585156 0.001042 0.585156 0.025521 0.559766 0.025521
0 0.503125 0.15625 0.521094 0.15625 0.521094 0.177604 0.503125 0.177604
0 0.527344 0.161979 0.545312 0.161979 0.545312 0.185417 0.527344 0.185417
0 0.519922 0.196354 0.539062 0.196354 0.539062 0.221875 0.519922 0.221875
0 0.553125 0.19375 0.570312 0.19375 0.570312 0.216667 0.553125 0.216667
0 0.557422 0.224479 0.574609 0.224479 0.574609 0.251563 0.557422 0.251563
0 0.585938 0.21875 0.609766 0.21875 0.609766 0.243229 0.585938 0.243229
0 0.553125 0.155729 0.574609 0.155729 0.574609 0.180729 0.553125 0.180729
0 0.580078 0.131771 0.597266 0.131771 0.597266 0.157292 0.580078 0.157292
0 0.549219 0.105729 0.564062 0.105729 0.564062 0.128646 0.549219 0.128646
0 0.566016 0.070833 0.583984 0.070833 0.583984 0.099479 0.566016 0.099479
0 0.596875 0.059896 0.617188 0.059896 0.617188 0.086979 0.596875 0.086979
0 0.621484 0.100521 0.637891 0.100521 0.637891 0.116667 0.621484 0.116667
0 0.607422 0.131771 0.619531 0.131771 0.619531 0.153646 0.607422 0.153646
0 0.629297 0.127604 0.644531 0.127604 0.644531 0.153125 0.629297 0.153125
0 0.643359 0.076562 0.661328 0.076562 0.661328 0.096875 0.643359 0.096875
0 0.633594 0.088542 0.652344 0.088542 0.652344 0.109896 0.633594 0.109896
0 0.674219 0.094792 0.699219 0.094792 0.699219 0.11875 0.674219 0.11875
0 0.693359 0.13125 0.718359 0.13125 0.718359 0.155208 0.693359 0.155208
0 0.654297 0.141146 0.673438 0.141146 0.673438 0.167708 0.654297 0.167708
0 0.686719 0.175 0.709375 0.175 0.709375 0.194792 0.686719 0.194792
0 0.623047 0.207292 0.641406 0.207292 0.641406 0.238542 0.623047 0.238542
0 0.639062 0.160938 0.654688 0.160938 0.654688 0.185417 0.639062 0.185417
0 0.612109 0.166667 0.631641 0.166667 0.631641 0.183333 0.612109 0.183333
0 0.605859 0.188021 0.615234 0.188021 0.615234 0.209375 0.605859 0.209375
0 0.655859 0.189062 0.677734 0.189062 0.677734 0.213542 0.655859 0.213542
0 0.638281 0.230729 0.657031 0.230729 0.657031 0.252604 0.638281 0.252604
0 0.570312 0.254167 0.594922 0.254167 0.594922 0.278646 0.570312 0.278646
0 0.501953 0.234896 0.517969 0.234896 0.517969 0.263542 0.501953 0.263542
0 0.512109 0.211458 0.535938 0.211458 0.535938 0.236979 0.512109 0.236979
0 0.572656 0.217708 0.589453 0.217708 0.589453 0.246354 0.572656 0.246354
0 0.599609 0.313021 0.621484 0.313021 0.621484 0.338021 0.599609 0.338021
0 0.589453 0.275521 0.608203 0.275521 0.608203 0.301562 0.589453 0.301562
0 0.562891 0.292708 0.583203 0.292708 0.583203 0.313542 0.562891 0.313542
0 0.570703 0.322396 0.592188 0.322396 0.592188 0.347917 0.570703 0.347917
0 0.015625 0.360938 0.037109 0.360938 0.037109 0.383333 0.015625 0.383333
0 0.044922 0.344792 0.061328 0.344792 0.061328 0.371354 0.044922 0.371354
0 0.071484 0.345833 0.092188 0.345833 0.092188 0.373438 0.071484 0.373438
0 0.060547 0.372396 0.079297 0.372396 0.079297 0.391667 0.060547 0.391667
0 0.121484 0.348958 0.140625 0.348958 0.140625 0.370312 0.121484 0.370312
0 0.191797 0.330208 0.214844 0.330208 0.214844 0.35625 0.191797 0.35625
0 0.153125 0.310938 0.176953 0.310938 0.176953 0.332812 0.153125 0.332812
0 0.101562 0.29375 0.127734 0.29375 0.127734 0.315104 0.101562 0.315104
0 0.148047 0.258854 0.172266 0.258854 0.172266 0.283333 0.148047 0.283333
0 0.055469 0.244271 0.074609 0.244271 0.074609 0.271354 0.055469 0.271354
0 0.037109 0.258333 0.055859 0.258333 0.055859 0.279688 0.037109 0.279688
0 0.011719 0.254688 0.031641 0.254688 0.031641 0.276562 0.011719 0.276562
0 0.017969 0.288021 0.036328 0.288021 0.036328 0.308854 0.017969 0.308854
0 0.048438 0.295833 0.064844 0.295833 0.064844 0.319271 0.048438 0.319271
0 0.0 0.318229 0.016016 0.318229 0.016016 0.344271 0.0 0.344271
0 0.099219 0.238021 0.123828 0.238021 0.123828 0.257812 0.099219 0.257812
0 0.112109 0.214583 0.130469 0.214583 0.130469 0.2375 0.112109 0.2375
0 0.095312 0.182292 0.116406 0.182292 0.116406 0.207812 0.095312 0.207812
0 0.044141 0.198958 0.06875 0.198958 0.06875 0.221354 0.044141 0.221354
0 0.028516 0.151042 0.051172 0.151042 0.051172 0.172917 0.028516 0.172917
0 0.170312 0.177083 0.189062 0.177083 0.189062 0.194271 0.170312 0.194271
0 0.160547 0.13125 0.176953 0.13125 0.176953 0.160417 0.160547 0.160417
0 0.132812 0.125521 0.151562 0.125521 0.151562 0.152604 0.132812 0.152604
0 0.117578 0.105729 0.138672 0.105729 0.138672 0.125 0.117578 0.125
0 0.096094 0.133333 0.111328 0.133333 0.111328 0.150521 0.096094 0.150521
0 0.183203 0.108333 0.207422 0.108333 0.207422 0.129167 0.183203 0.129167
0 0.060547 0.0625 0.082812 0.0625 0.082812 0.085417 0.060547 0.085417
0 0.095312 0.054167 0.114062 0.054167 0.114062 0.081771 0.095312 0.081771
0 0.047266 0.095312 0.06875 0.095312 0.06875 0.120312 0.047266 0.120312
0 0.009766 0.089062 0.03125 0.089062 0.03125 0.108854 0.009766 0.108854
0 0.0375 0.028646 0.0625 0.028646 0.0625 0.054167 0.0375 0.054167
0 0.082422 0.008854 0.109766 0.008854 0.109766 0.031771 0.082422 0.031771
0 0.129688 0.046875 0.152734 0.046875 0.152734 0.066146 0.129688 0.066146
0 0.178906 0.055729 0.198828 0.055729 0.198828 0.075521 0.178906 0.075521
0 0.170312 0.01875 0.192578 0.01875 0.192578 0.034375 0.170312 0.034375
0 0.148438 0.080208 0.166797 0.080208 0.166797 0.1 0.148438 0.1
0 0.213672 0.364062 0.233594 0.364062 0.233594 0.389062 0.213672 0.389062
0 0.189844 0.367188 0.207422 0.367188 0.207422 0.392708 0.189844 0.392708
0 0.148047 0.370312 0.167969 0.370312 0.167969 0.390625 0.148047 0.390625
0 0.107812 0.388021 0.126562 0.388021 0.126562 0.410417 0.107812 0.410417
0 0.074219 0.4 0.096484 0.4 0.096484 0.429688 0.074219 0.429688
0 0.132031 0.410938 0.154688 0.410938 0.154688 0.432292 0.132031 0.432292
0 0.175781 0.408854 0.201953 0.408854 0.201953 0.4375 0.175781 0.4375
0 0.212109 0.413542 0.235938 0.413542 0.235938 0.4375 0.212109 0.4375
0 0.185938 0.460938 0.208203 0.460938 0.208203 0.489062 0.185938 0.489062
0 0.162891 0.489583 0.181641 0.489583 0.181641 0.520312 0.162891 0.520312
0 0.130078 0.473438 0.150391 0.473438 0.150391 0.497396 0.130078 0.497396
0 0.108984 0.435417 0.135156 0.435417 0.135156 0.458854 0.108984 0.458854
0 0.108594 0.473958 0.127734 0.473958 0.127734 0.50625 0.108594 0.50625
0 0.081641 0.473958 0.099219 0.473958 0.099219 0.502083 0.081641 0.502083
0 0.075391 0.5 0.095312 0.5 0.095312 0.522917 0.075391 0.522917
0 0.0375 0.485938 0.064844 0.485938 0.064844 0.504687 0.0375 0.504687
0 0.016016 0.451562 0.035156 0.451562 0.035156 0.478125 0.016016 0.478125
0 0.030859 0.416667 0.048828 0.416667 0.048828 0.436458 0.030859 0.436458
0 0.0125 0.428125 0.030469 0.428125 0.030469 0.44375 0.0125 0.44375
0 0.000391 0.389583 0.022266 0.389583 0.022266 0.408333 0.000391 0.408333
0 0.037109 0.532292 0.052344 0.532292 0.052344 0.561458 0.037109 0.561458
0 0.019922 0.513542 0.033984 0.513542 0.033984 0.544792 0.019922 0.544792
0 0.003906 0.507292 0.019531 0.507292 0.019531 0.532812 0.003906 0.532812
0 0.000781 0.545833 0.020312 0.545833 0.020312 0.570833 0.000781 0.570833
0 0.001562 0.58125 0.023438 0.58125 0.023438 0.60625 0.001562 0.60625
0 0.051562 0.581771 0.072656 0.581771 0.072656 0.606771 0.051562 0.606771
0 0.078906 0.564583 0.102344 0.564583 0.102344 0.584375 0.078906 0.584375
0 0.113672 0.526562 0.133594 0.526562 0.133594 0.549479 0.113672 0.549479
0 0.139453 0.511979 0.15625 0.511979 0.15625 0.536458 0.139453 0.536458
0 0.145703 0.543229 0.163672 0.543229 0.163672 0.572917 0.145703 0.572917
0 0.158984 0.572917 0.179688 0.572917 0.179688 0.611979 0.158984 0.611979
0 0.085547 0.624479 0.113281 0.624479 0.113281 0.65 0.085547 0.65
0 0.025781 0.616146 0.046094 0.616146 0.046094 0.64375 0.025781 0.64375
0 0.038672 0.651562 0.063281 0.651562 0.063281 0.679688 0.038672 0.679688
0 0.007812 0.652083 0.032031 0.652083 0.032031 0.688021 0.007812 0.688021
0 0.025781 0.692708 0.053906 0.692708 0.053906 0.717188 0.025781 0.717188
0 0.046875 0.727604 0.069141 0.727604 0.069141 0.752604 0.046875 0.752604
0 0.539453 0.296875 0.558594 0.296875 0.558594 0.321354 0.539453 0.321354
0 0.303516 0.544792 0.316016 0.544792 0.316016 0.572396 0.303516 0.572396
0 0.353906 0.564062 0.369531 0.564062 0.369531 0.592708 0.353906 0.592708
0 0.321094 0.576042 0.340625 0.576042 0.340625 0.601562 0.321094 0.601562
0 0.375781 0.605729 0.402734 0.605729 0.402734 0.636979 0.375781 0.636979
0 0.387109 0.570833 0.407422 0.570833 0.407422 0.596354 0.387109 0.596354
0 0.289062 0.588021 0.307422 0.588021 0.307422 0.628125 0.289062 0.628125
0 0.258203 0.603125 0.276172 0.603125 0.276172 0.633854 0.258203 0.633854
0 0.314062 0.616146 0.341016 0.616146 0.341016 0.641667 0.314062 0.641667
0 0.342578 0.654688 0.361719 0.654688 0.361719 0.673958 0.342578 0.673958
0 0.328125 0.667188 0.348047 0.667188 0.348047 0.683854 0.328125 0.683854
0 0.317188 0.644792 0.337109 0.644792 0.337109 0.667708 0.317188 0.667708
0 0.301562 0.684375 0.329297 0.684375 0.329297 0.709375 0.301562 0.709375
0 0.271484 0.695833 0.296875 0.695833 0.296875 0.714583 0.271484 0.714583
0 0.255859 0.677604 0.276172 0.677604 0.276172 0.695833 0.255859 0.695833
0 0.227344 0.668229 0.245312 0.668229 0.245312 0.692708 0.227344 0.692708
0 0.227734 0.708854 0.249609 0.708854 0.249609 0.732812 0.227734 0.732812
0 0.246484 0.723958 0.269922 0.723958 0.269922 0.748438 0.246484 0.748438
0 0.260938 0.750521 0.281641 0.750521 0.281641 0.769792 0.260938 0.769792
0 0.3125 0.721354 0.327734 0.721354 0.327734 0.759375 0.3125 0.759375
0 0.357812 0.704688 0.380859 0.704688 0.380859 0.736979 0.357812 0.736979
0 0.388281 0.690104 0.410938 0.690104 0.410938 0.717708 0.388281 0.717708
0 0.415625 0.698438 0.430078 0.698438 0.430078 0.720312 0.415625 0.720312
0 0.412109 0.643229 0.433984 0.643229 0.433984 0.672917 0.412109 0.672917
0 0.417578 0.73125 0.434375 0.73125 0.434375 0.755729 0.417578 0.755729
0 0.392578 0.731771 0.408984 0.731771 0.408984 0.760938 0.392578 0.760938
0 0.429688 0.767188 0.455859 0.767188 0.455859 0.794792 0.429688 0.794792
0 0.347656 0.761458 0.366406 0.761458 0.366406 0.779688 0.347656 0.779688
0 0.298047 0.775521 0.317188 0.775521 0.317188 0.799479 0.298047 0.799479
0 0.216016 0.782812 0.241406 0.782812 0.241406 0.805208 0.216016 0.805208
0 0.248828 0.791667 0.270703 0.791667 0.270703 0.8125 0.248828 0.8125
0 0.247656 0.820833 0.269922 0.820833 0.269922 0.836979 0.247656 0.836979
0 0.220703 0.851042 0.244922 0.851042 0.244922 0.872917 0.220703 0.872917
0 0.196484 0.823958 0.21875 0.823958 0.21875 0.844271 0.196484 0.844271
0 0.189844 0.867188 0.216797 0.867188 0.216797 0.885938 0.189844 0.885938
0 0.498047 0.777083 0.514844 0.777083 0.514844 0.802604 0.498047 0.802604
0 0.475781 0.798958 0.503125 0.798958 0.503125 0.819792 0.475781 0.819792
0 0.534766 0.842708 0.552344 0.842708 0.552344 0.860938 0.534766 0.860938
0 0.523438 0.759375 0.540234 0.759375 0.540234 0.782292 0.523438 0.782292
0 0.501562 0.719271 0.519531 0.719271 0.519531 0.744792 0.501562 0.744792
0 0.480859 0.724479 0.497656 0.724479 0.497656 0.749479 0.480859 0.749479
0 0.230078 0.904688 0.254688 0.904688 0.254688 0.923958 0.230078 0.923958
0 0.205859 0.907812 0.223047 0.907812 0.223047 0.929167 0.205859 0.929167
0 0.260938 0.860938 0.287109 0.860938 0.287109 0.882812 0.260938 0.882812
0 0.300781 0.821354 0.319531 0.821354 0.319531 0.842188 0.300781 0.842188
0 0.321484 0.775521 0.341406 0.775521 0.341406 0.792708 0.321484 0.792708
0 0.373438 0.836458 0.387891 0.836458 0.387891 0.864583 0.373438 0.864583
0 0.389062 0.817708 0.403906 0.817708 0.403906 0.835417 0.389062 0.835417
0 0.380469 0.78125 0.396875 0.78125 0.396875 0.797917 0.380469 0.797917
0 0.3 0.880208 0.328906 0.880208 0.328906 0.907812 0.3 0.907812
0 0.323438 0.898958 0.341016 0.898958 0.341016 0.926562 0.323438 0.926562
0 0.272656 0.935938 0.296875 0.935938 0.296875 0.954167 0.272656 0.954167
0 0.224609 0.965104 0.251563 0.965104 0.251563 0.983854 0.224609 0.983854
0 0.514062 0.788542 0.536328 0.788542 0.536328 0.818229 0.514062 0.818229
0 0.419531 0.829688 0.442578 0.829688 0.442578 0.851042 0.419531 0.851042
0 0.395703 0.84375 0.420703 0.84375 0.420703 0.868229 0.395703 0.868229
0 0.383203 0.863021 0.405469 0.863021 0.405469 0.878125 0.383203 0.878125
0 0.3625 0.897396 0.386719 0.897396 0.386719 0.916146 0.3625 0.916146
0 0.357812 0.911458 0.376172 0.911458 0.376172 0.927604 0.357812 0.927604
0 0.398047 0.929167 0.41875 0.929167 0.41875 0.948958 0.398047 0.948958
0 0.4 0.89375 0.416797 0.89375 0.416797 0.911979 0.4 0.911979
0 0.435547 0.888021 0.454688 0.888021 0.454688 0.911458 0.435547 0.911458
0 0.389062 0.979167 0.413281 0.979167 0.413281 0.999479 0.389062 0.999479
0 0.361719 0.952604 0.386719 0.952604 0.386719 0.972917 0.361719 0.972917
0 0.319531 0.980208 0.341406 0.980208 0.341406 0.997396 0.319531 0.997396
0 0.482422 0.977604 0.503125 0.977604 0.503125 0.995312 0.482422 0.995312
0 0.481641 0.950521 0.499609 0.950521 0.499609 0.977604 0.481641 0.977604
0 0.156641 0.893229 0.173047 0.893229 0.173047 0.907812 0.156641 0.907812
0 0.183203 0.902083 0.199219 0.902083 0.199219 0.917708 0.183203 0.917708
0 0.202344 0.980729 0.221484 0.980729 0.221484 0.995312 0.202344 0.995312
0 0.246094 0.975 0.2625 0.975 0.2625 0.993229 0.246094 0.993229
0 0.616016 0.853125 0.631641 0.853125 0.631641 0.877604 0.616016 0.877604
0 0.665625 0.808854 0.691016 0.808854 0.691016 0.841667 0.665625 0.841667
0 0.602734 0.807292 0.6125 0.807292 0.6125 0.835417 0.602734 0.835417
0 0.576172 0.684896 0.592969 0.684896 0.592969 0.708333 0.576172 0.708333
0 0.625391 0.689062 0.650391 0.689062 0.650391 0.721354 0.625391 0.721354
0 0.622656 0.743229 0.644531 0.743229 0.644531 0.769792 0.622656 0.769792
0 0.571484 0.663021 0.594531 0.663021 0.594531 0.679167 0.571484 0.679167
0 0.551953 0.645833 0.569141 0.645833 0.569141 0.66875 0.551953 0.66875
0 0.530469 0.617188 0.546094 0.617188 0.546094 0.646354 0.530469 0.646354
0 0.592969 0.629688 0.610156 0.629688 0.610156 0.655208 0.592969 0.655208
0 0.619141 0.619271 0.642188 0.619271 0.642188 0.648958 0.619141 0.648958
0 0.64375 0.66875 0.664844 0.66875 0.664844 0.688021 0.64375 0.688021
0 0.569922 0.548438 0.595312 0.548438 0.595312 0.578125 0.569922 0.578125
0 0.6125 0.665625 0.625781 0.665625 0.625781 0.689583 0.6125 0.689583
0 0.601172 0.669271 0.614062 0.669271 0.614062 0.693229 0.601172 0.693229
0 0.658594 0.598438 0.680859 0.598438 0.680859 0.621354 0.658594 0.621354
0 0.684766 0.629167 0.702734 0.629167 0.702734 0.654688 0.684766 0.654688
0 0.696875 0.669271 0.719531 0.669271 0.719531 0.691667 0.696875 0.691667
0 0.671094 0.6875 0.689062 0.6875 0.689062 0.714583 0.671094 0.714583
0 0.682812 0.742188 0.708984 0.742188 0.708984 0.76875 0.682812 0.76875
0 0.617188 0.588021 0.639453 0.588021 0.639453 0.611458 0.617188 0.611458
0 0.549219 0.601562 0.570703 0.601562 0.570703 0.622917 0.549219 0.622917
0 0.593359 0.522917 0.612109 0.522917 0.612109 0.553646 0.593359 0.553646
0 0.613281 0.502604 0.632812 0.502604 0.632812 0.5375 0.613281 0.5375
0 0.630859 0.539062 0.651562 0.539062 0.651562 0.573438 0.630859 0.573438
0 0.641797 0.514583 0.663672 0.514583 0.663672 0.540625 0.641797 0.540625
0 0.666406 0.517708 0.689453 0.517708 0.689453 0.545312 0.666406 0.545312
0 0.657422 0.484375 0.680078 0.484375 0.680078 0.510417 0.657422 0.510417
0 0.667969 0.446875 0.689062 0.446875 0.689062 0.470833 0.667969 0.470833
0 0.691797 0.474479 0.707422 0.474479 0.707422 0.504687 0.691797 0.504687
0 0.633203 0.438021 0.656641 0.438021 0.656641 0.455729 0.633203 0.455729
0 0.722656 0.461979 0.740625 0.461979 0.740625 0.488021 0.722656 0.488021
0 0.73125 0.525521 0.749219 0.525521 0.749219 0.549479 0.73125 0.549479
0 0.698047 0.540625 0.725781 0.540625 0.725781 0.567708 0.698047 0.567708
0 0.739062 0.583333 0.761719 0.583333 0.761719 0.621875 0.739062 0.621875
0 0.746484 0.639062 0.764844 0.639062 0.764844 0.667188 0.746484 0.667188
0 0.747656 0.245312 0.76875 0.245312 0.76875 0.275 0.747656 0.275
0 0.733203 0.278125 0.759375 0.278125 0.759375 0.301042 0.733203 0.301042
0 0.7375 0.308854 0.7625 0.308854 0.7625 0.332292 0.7375 0.332292
0 0.770312 0.313021 0.792188 0.313021 0.792188 0.330729 0.770312 0.330729
0 0.726172 0.340625 0.750391 0.340625 0.750391 0.364062 0.726172 0.364062
0 0.759766 0.426042 0.783984 0.426042 0.783984 0.447396 0.759766 0.447396
0 0.541016 0.353646 0.564062 0.353646 0.564062 0.374479 0.541016 0.374479
0 0.765625 0.0625 0.803516 0.0625 0.803516 0.090104 0.765625 0.090104
0 0.703516 0.059375 0.726953 0.059375 0.726953 0.084375 0.703516 0.084375
0 0.735156 0.148958 0.763672 0.148958 0.763672 0.175521 0.735156 0.175521
0 0.820312 0.409896 0.839844 0.409896 0.839844 0.435417 0.820312 0.435417
0 0.848438 0.403646 0.875781 0.403646 0.875781 0.433854 0.848438 0.433854
0 0.790625 0.383333 0.81875 0.383333 0.81875 0.405208 0.790625 0.405208
0 0.800781 0.408333 0.81875 0.408333 0.81875 0.428646 0.800781 0.428646
0 0.796484 0.3625 0.813281 0.3625 0.813281 0.389583 0.796484 0.389583
0 0.81875 0.375 0.839844 0.375 0.839844 0.392708 0.81875 0.392708
0 0.854688 0.351562 0.876953 0.351562 0.876953 0.378646 0.854688 0.378646
0 0.809375 0.335417 0.841406 0.335417 0.841406 0.364062 0.809375 0.364062
0 0.790234 0.248438 0.807422 0.248438 0.807422 0.273958 0.790234 0.273958
0 0.804688 0.221354 0.823438 0.221354 0.823438 0.252083 0.804688 0.252083
0 0.778906 0.292708 0.801953 0.292708 0.801953 0.319271 0.778906 0.319271
0 0.8 0.270833 0.820312 0.270833 0.820312 0.303646 0.8 0.303646
0 0.843359 0.293229 0.873438 0.293229 0.873438 0.318229 0.843359 0.318229
0 0.881641 0.276562 0.90625 0.276562 0.90625 0.311458 0.881641 0.311458
0 0.829297 0.285417 0.847656 0.285417 0.847656 0.311979 0.829297 0.311979
0 0.814062 0.302604 0.840234 0.302604 0.840234 0.334375 0.814062 0.334375
0 0.716016 0.613542 0.730078 0.613542 0.730078 0.640625 0.716016 0.640625
0 0.757031 0.527604 0.775391 0.527604 0.775391 0.549479 0.757031 0.549479
0 0.758594 0.480208 0.779297 0.480208 0.779297 0.502083 0.758594 0.502083
0 0.783594 0.465625 0.809766 0.465625 0.809766 0.486458 0.783594 0.486458
0 0.839062 0.484896 0.870312 0.484896 0.870312 0.510938 0.839062 0.510938
0 0.780469 0.511979 0.805859 0.511979 0.805859 0.532812 0.780469 0.532812
0 0.841016 0.519792 0.865234 0.519792 0.865234 0.545833 0.841016 0.545833
0 0.815625 0.547396 0.839062 0.547396 0.839062 0.572917 0.815625 0.572917
0 0.794922 0.565104 0.816406 0.565104 0.816406 0.592708 0.794922 0.592708
0 0.792969 0.598438 0.811719 0.598438 0.811719 0.621875 0.792969 0.621875
0 0.724219 0.688542 0.747656 0.688542 0.747656 0.717188 0.724219 0.717188
0 0.757422 0.683333 0.783203 0.683333 0.783203 0.705729 0.757422 0.705729
0 0.782812 0.648958 0.806641 0.648958 0.806641 0.675 0.782812 0.675
0 0.814453 0.63125 0.833594 0.63125 0.833594 0.657812 0.814453 0.657812
0 0.672656 0.566146 0.695312 0.566146 0.695312 0.586458 0.672656 0.586458
0 0.696094 0.606771 0.711328 0.606771 0.711328 0.626042 0.696094 0.626042
0 0.854297 0.617188 0.875391 0.617188 0.875391 0.648958 0.854297 0.648958
0 0.836328 0.605208 0.850781 0.605208 0.850781 0.629167 0.836328 0.629167
0 0.85 0.55625 0.868359 0.55625 0.868359 0.590625 0.85 0.590625
0 0.871875 0.585417 0.894531 0.585417 0.894531 0.609896 0.871875 0.609896
0 0.875781 0.538021 0.903125 0.538021 0.903125 0.566146 0.875781 0.566146
0 0.902734 0.524479 0.925 0.524479 0.925 0.547917 0.902734 0.547917
0 0.883203 0.497917 0.907812 0.497917 0.907812 0.527083 0.883203 0.527083
0 0.894141 0.438021 0.918359 0.438021 0.918359 0.4625 0.894141 0.4625
0 0.926562 0.440625 0.951953 0.440625 0.951953 0.465104 0.926562 0.465104
0 0.910547 0.414583 0.93125 0.414583 0.93125 0.441146 0.910547 0.441146
0 0.875781 0.388542 0.896484 0.388542 0.896484 0.421354 0.875781 0.421354
0 0.902344 0.370833 0.923047 0.370833 0.923047 0.395833 0.902344 0.395833
0 0.899219 0.663542 0.916797 0.663542 0.916797 0.684375 0.899219 0.684375
0 0.927734 0.665104 0.947656 0.665104 0.947656 0.688021 0.927734 0.688021
0 0.975391 0.720833 0.999609 0.720833 0.999609 0.747396 0.975391 0.747396
0 0.941797 0.7 0.959766 0.7 0.959766 0.721354 0.941797 0.721354
0 0.952344 0.718229 0.969922 0.718229 0.969922 0.745833 0.952344 0.745833
0 0.963672 0.786979 0.985547 0.786979 0.985547 0.816146 0.963672 0.816146
0 0.927734 0.805729 0.950781 0.805729 0.950781 0.836458 0.927734 0.836458
0 0.873438 0.770312 0.895312 0.770312 0.895312 0.789062 0.873438 0.789062
0 0.884766 0.807812 0.904297 0.807812 0.904297 0.828125 0.884766 0.828125
0 0.848047 0.814583 0.867969 0.814583 0.867969 0.836979 0.848047 0.836979
0 0.967188 0.832812 0.984766 0.832812 0.984766 0.863021 0.967188 0.863021
0 0.953906 0.835938 0.970703 0.835938 0.970703 0.864062 0.953906 0.864062
0 0.925781 0.853125 0.943359 0.853125 0.943359 0.875521 0.925781 0.875521
0 0.7 0.898958 0.717969 0.898958 0.717969 0.918229 0.7 0.918229
0 0.694531 0.931771 0.717578 0.931771 0.717578 0.954688 0.694531 0.954688
0 0.657422 0.926042 0.668359 0.926042 0.668359 0.949479 0.657422 0.949479
0 0.669141 0.915625 0.679297 0.915625 0.679297 0.936979 0.669141 0.936979
0 0.676172 0.904167 0.6875 0.904167 0.6875 0.929167 0.676172 0.929167
0 0.680859 0.975 0.704297 0.975 0.704297 0.998958 0.680859 0.998958
0 0.671094 0.948958 0.686328 0.948958 0.686328 0.964583 0.671094 0.964583
0 0.651562 0.942188 0.664844 0.942188 0.664844 0.964583 0.651562 0.964583
0 0.816797 0.972396 0.833984 0.972396 0.833984 0.999479 0.816797 0.999479
0 0.795703 0.951042 0.813281 0.951042 0.813281 0.98125 0.795703 0.98125
0 0.800391 0.85 0.815234 0.85 0.815234 0.878125 0.800391 0.878125
0 0.78125 0.848438 0.793359 0.848438 0.793359 0.870833 0.78125 0.870833
0 0.794922 0.850521 0.803125 0.850521 0.803125 0.871875 0.794922 0.871875
0 0.952344 0.885938 0.9625 0.885938 0.9625 0.909375 0.952344 0.909375
0 0.889062 0.877083 0.902734 0.877083 0.902734 0.89375 0.889062 0.89375
0 0.902734 0.879688 0.911719 0.879688 0.911719 0.898958 0.902734 0.898958
0 0.755078 0.940104 0.775781 0.940104 0.775781 0.965104 0.755078 0.965104
0 0.893359 0.977083 0.907812 0.977083 0.907812 0.999479 0.893359 0.999479
0 0.763672 0.728646 0.776562 0.728646 0.776562 0.755208 0.763672 0.755208