0 0.645312 0.479688 0.664062 0.479688 0.664062 0.516146 0.645312 0.516146
0 0.677344 0.45 0.692969 0.45 0.692969 0.483333 0.677344 0.483333
0 0.648438 0.430208 0.666016 0.430208 0.666016 0.469271 0.648438 0.469271
0 0.615234 0.432812 0.634375 0.432812 0.634375 0.471354 0.615234 0.471354
0 0.592188 0.489062 0.611328 0.489062 0.611328 0.515625 0.592188 0.515625
0 0.622266 0.519792 0.634766 0.519792 0.634766 0.546354 0.622266 0.546354
0 0.591016 0.538021 0.611328 0.538021 0.611328 0.5625 0.591016 0.5625
0 0.602734 0.578646 0.624219 0.578646 0.624219 0.60625 0.602734 0.60625
0 0.564062 0.571354 0.587891 0.571354 0.587891 0.590625 0.564062 0.590625
0 0.564844 0.611458 0.590234 0.611458 0.590234 0.629167 0.564844 0.629167
0 0.555859 0.646875 0.577344 0.646875 0.577344 0.678125 0.555859 0.678125
0 0.670312 0.551042 0.686719 0.551042 0.686719 0.579688 0.670312 0.579688
0 0.644922 0.598438 0.660938 0.598438 0.660938 0.627604 0.644922 0.627604
0 0.551953 0.494271 0.573047 0.494271 0.573047 0.524479 0.551953 0.524479
0 0.666016 0.625 0.688281 0.625 0.688281 0.651042 0.666016 0.651042
0 0.694531 0.641667 0.714062 0.641667 0.714062 0.6625 0.694531 0.6625
0 0.712891 0.601042 0.735547 0.601042 0.735547 0.621875 0.712891 0.621875
0 0.702344 0.542188 0.714062 0.542188 0.714062 0.570312 0.702344 0.570312
0 0.732031 0.542708 0.752344 0.542708 0.752344 0.56875 0.732031 0.56875
0 0.772656 0.566667 0.795312 0.566667 0.795312 0.584896 0.772656 0.584896
0 0.761719 0.582812 0.782422 0.582812 0.782422 0.60625 0.761719 0.60625
0 0.752734 0.622396 0.776562 0.622396 0.776562 0.640104 0.752734 0.640104
0 0.754297 0.664062 0.775391 0.664062 0.775391 0.685417 0.754297 0.685417
0 0.794141 0.625 0.817969 0.625 0.817969 0.644271 0.794141 0.644271
0 0.737891 0.654167 0.749219 0.654167 0.749219 0.680208 0.737891 0.680208
0 0.721484 0.495312 0.744922 0.495312 0.744922 0.519271 0.721484 0.519271
0 0.769922 0.500521 0.787891 0.500521 0.787891 0.51875 0.769922 0.51875
0 0.761719 0.459896 0.783203 0.459896 0.783203 0.475521 0.761719 0.475521
0 0.614062 0.739583 0.630859 0.739583 0.630859 0.768229 0.614062 0.768229
0 0.683594 0.71875 0.710547 0.71875 0.710547 0.738542 0.683594 0.738542
0 0.711719 0.783333 0.734766 0.783333 0.734766 0.803646 0.711719 0.803646
0 0.681641 0.776042 0.703906 0.776042 0.703906 0.794271 0.681641 0.794271
0 0.681641 0.811458 0.697266 0.811458 0.697266 0.828646 0.681641 0.828646
0 0.705469 0.823958 0.728516 0.823958 0.728516 0.847917 0.705469 0.847917
0 0.765234 0.7125 0.791406 0.7125 0.791406 0.735417 0.765234 0.735417
0 0.675391 0.845312 0.699219 0.845312 0.699219 0.867708 0.675391 0.867708
0 0.648438 0.844792 0.667969 0.844792 0.667969 0.869792 0.648438 0.869792
0 0.621484 0.838542 0.639453 0.838542 0.639453 0.870312 0.621484 0.870312
0 0.633203 0.78125 0.647266 0.78125 0.647266 0.808333 0.633203 0.808333
0 0.653516 0.8 0.673828 0.8 0.673828 0.825 0.653516 0.825
0 0.609766 0.809375 0.624219 0.809375 0.624219 0.838542 0.609766 0.838542
0 0.577344 0.783854 0.595312 0.783854 0.595312 0.809896 0.577344 0.809896
0 0.574609 0.721875 0.590234 0.721875 0.590234 0.745312 0.574609 0.745312
0 0.537891 0.691667 0.554297 0.691667 0.554297 0.723958 0.537891 0.723958
0 0.502344 0.679688 0.526562 0.679688 0.526562 0.7125 0.502344 0.7125
0 0.46875 0.689062 0.482422 0.689062 0.482422 0.7125 0.46875 0.7125
0 0.490625 0.720833 0.510938 0.720833 0.510938 0.750521 0.490625 0.750521
0 0.500391 0.7625 0.525 0.7625 0.525 0.786979 0.500391 0.786979
0 0.534375 0.773958 0.553906 0.773958 0.553906 0.811458 0.534375 0.811458
0 0.478516 0.788021 0.498828 0.788021 0.498828 0.817188 0.478516 0.817188
0 0.468359 0.731771 0.4875 0.731771 0.4875 0.766146 0.468359 0.766146
0 0.436328 0.71875 0.454297 0.71875 0.454297 0.752604 0.436328 0.752604
0 0.446875 0.772917 0.463672 0.772917 0.463672 0.811458 0.446875 0.811458
0 0.405859 0.774479 0.426562 0.774479 0.426562 0.801562 0.405859 0.801562
0 0.410547 0.846875 0.433984 0.846875 0.433984 0.875 0.410547 0.875
0 0.481641 0.828646 0.507422 0.828646 0.507422 0.847396 0.481641 0.847396
0 0.468359 0.869792 0.486328 0.869792 0.486328 0.895312 0.468359 0.895312
0 0.490234 0.900521 0.507031 0.900521 0.507031 0.928125 0.490234 0.928125
0 0.524609 0.892188 0.546875 0.892188 0.546875 0.919271 0.524609 0.919271
0 0.560938 0.857292 0.576953 0.857292 0.576953 0.886458 0.560938 0.886458
0 0.5875 0.854167 0.611719 0.854167 0.611719 0.878646 0.5875 0.878646
0 0.446484 0.9125 0.471484 0.9125 0.471484 0.945833 0.446484 0.945833
0 0.526562 0.9375 0.553516 0.9375 0.553516 0.960417 0.526562 0.960417
0 0.596484 0.91875 0.622266 0.91875 0.622266 0.955208 0.596484 0.955208
0 0.648047 0.933854 0.667188 0.933854 0.667188 0.960417 0.648047 0.960417
0 0.555859 0.969271 0.585156 0.969271 0.585156 0.999479 0.555859 0.999479
0 0.498438 0.963542 0.523438 0.963542 0.523438 0.991667 0.498438 0.991667
0 0.432812 0.977083 0.455469 0.977083 0.455469 0.999479 0.432812 0.999479
0 0.457812 0.833333 0.475 0.833333 0.475 0.858333 0.457812 0.858333
0 0.640234 0.902083 0.666016 0.902083 0.666016 0.918229 0.640234 0.918229
0 0.291016 0.53125 0.308203 0.53125 0.308203 0.560938 0.291016 0.560938
0 0.245703 0.520833 0.263672 0.520833 0.263672 0.548958 0.245703 0.548958
0 0.354688 0.550521 0.382812 0.550521 0.382812 0.571354 0.354688 0.571354
0 0.315234 0.521875 0.332031 0.521875 0.332031 0.551042 0.315234 0.551042
0 0.319531 0.572917 0.345312 0.572917 0.345312 0.596354 0.319531 0.596354
0 0.372656 0.614062 0.397266 0.614062 0.397266 0.634375 0.372656 0.634375
0 0.391797 0.684896 0.414062 0.684896 0.414062 0.7125 0.391797 0.7125
0 0.364453 0.675521 0.388672 0.675521 0.388672 0.7 0.364453 0.7
0 0.327344 0.666146 0.348047 0.666146 0.348047 0.692188 0.327344 0.692188
0 0.324219 0.625521 0.351953 0.625521 0.351953 0.648958 0.324219 0.648958
0 0.359766 0.640625 0.378906 0.640625 0.378906 0.660417 0.359766 0.660417
0 0.298828 0.602604 0.319922 0.602604 0.319922 0.636979 0.298828 0.636979
0 0.256641 0.573438 0.280469 0.573438 0.280469 0.600521 0.256641 0.600521
0 0.248047 0.613021 0.266797 0.613021 0.266797 0.642188 0.248047 0.642188
0 0.264844 0.609896 0.285156 0.609896 0.285156 0.635938 0.264844 0.635938
0 0.273438 0.658333 0.291797 0.658333 0.291797 0.689062 0.273438 0.689062
0 0.307422 0.698438 0.322266 0.698438 0.322266 0.724479 0.307422 0.724479
0 0.336719 0.71875 0.357812 0.71875 0.357812 0.74375 0.336719 0.74375
0 0.36875 0.734896 0.390234 0.734896 0.390234 0.766667 0.36875 0.766667
0 0.303125 0.745312 0.322266 0.745312 0.322266 0.771354 0.303125 0.771354
0 0.273828 0.704688 0.29375 0.704688 0.29375 0.738021 0.273828 0.738021
0 0.221484 0.701042 0.244922 0.701042 0.244922 0.734375 0.221484 0.734375
0 0.253125 0.750521 0.277344 0.750521 0.277344 0.773958 0.253125 0.773958
0 0.223438 0.751562 0.248828 0.751562 0.248828 0.770833 0.223438 0.770833
0 0.209375 0.641146 0.232422 0.641146 0.232422 0.664062 0.209375 0.664062
0 0.223438 0.558333 0.244531 0.558333 0.244531 0.592708 0.223438 0.592708
0 0.177344 0.589583 0.196484 0.589583 0.196484 0.614583 0.177344 0.614583
0 0.183984 0.635417 0.201562 0.635417 0.201562 0.665104 0.183984 0.665104
0 0.162891 0.642708 0.185547 0.642708 0.185547 0.658854 0.162891 0.658854
0 0.151953 0.651562 0.177344 0.651562 0.177344 0.676562 0.151953 0.676562
0 0.194141 0.682292 0.214844 0.682292 0.214844 0.718229 0.194141 0.718229
0 0.0 0.889062 0.013281 0.889062 0.013281 0.930208 0.0 0.930208
0 0.028516 0.883854 0.04375 0.883854 0.04375 0.917188 0.028516 0.917188
0 0.007422 0.798438 0.026562 0.798438 0.026562 0.836458 0.007422 0.836458
0 0.035547 0.818229 0.053516 0.818229 0.053516 0.857812 0.035547 0.857812
0 0.068359 0.839062 0.085547 0.839062 0.085547 0.876042 0.068359 0.876042
0 0.104297 0.867188 0.126562 0.867188 0.126562 0.885938 0.104297 0.885938
0 0.098438 0.913021 0.120312 0.913021 0.120312 0.933854 0.098438 0.933854
0 0.057812 0.920833 0.073828 0.920833 0.073828 0.944792 0.057812 0.944792
0 0.137891 0.897917 0.158594 0.897917 0.158594 0.929167 0.137891 0.929167
0 0.176562 0.913542 0.192578 0.913542 0.192578 0.942708 0.176562 0.942708
0 0.206641 0.880208 0.230859 0.880208 0.230859 0.906771 0.206641 0.906771
0 0.248828 0.929167 0.269531 0.929167 0.269531 0.945312 0.248828 0.945312
0 0.278516 0.905208 0.296875 0.905208 0.296875 0.932292 0.278516 0.932292
0 0.309375 0.909375 0.324609 0.909375 0.324609 0.936458 0.309375 0.936458
0 0.267969 0.840104 0.29375 0.840104 0.29375 0.866146 0.267969 0.866146
0 0.267969 0.791667 0.291406 0.791667 0.291406 0.813542 0.267969 0.813542
0 0.175781 0.784896 0.204297 0.784896 0.204297 0.817708 0.175781 0.817708
0 0.136328 0.803646 0.155469 0.803646 0.155469 0.828125 0.136328 0.828125
0 0.121875 0.815625 0.137109 0.815625 0.137109 0.832292 0.121875 0.832292
0 0.105078 0.817708 0.129297 0.817708 0.129297 0.842188 0.105078 0.842188
0 0.08125 0.777604 0.107422 0.777604 0.107422 0.798958 0.08125 0.798958
0 0.087109 0.725 0.114062 0.725 0.114062 0.754167 0.087109 0.754167
0 0.042188 0.754167 0.070703 0.754167 0.070703 0.782812 0.042188 0.782812
0 0.007031 0.695312 0.027344 0.695312 0.027344 0.733854 0.007031 0.733854
0 0.092969 0.684375 0.11875 0.684375 0.11875 0.713021 0.092969 0.713021
0 0.162109 0.743229 0.183984 0.743229 0.183984 0.766146 0.162109 0.766146
0 0.137891 0.701042 0.163281 0.701042 0.163281 0.726562 0.137891 0.726562
0 0.3625 0.797396 0.386719 0.797396 0.386719 0.830208 0.3625 0.830208
0 0.367578 0.927604 0.384375 0.927604 0.384375 0.955729 0.367578 0.955729
0 0.333984 0.964062 0.360938 0.964062 0.360938 0.990104 0.333984 0.990104
0 0.29375 0.948958 0.324609 0.948958 0.324609 0.971354 0.29375 0.971354
0 0.168359 0.961979 0.192969 0.961979 0.192969 0.977604 0.168359 0.977604
0 0.112891 0.947396 0.143359 0.947396 0.143359 0.970312 0.112891 0.970312
0 0.001172 0.945312 0.027344 0.945312 0.027344 0.972917 0.001172 0.972917
0 0.135938 0.979688 0.161328 0.979688 0.161328 0.999479 0.135938 0.999479
0 0.297656 0.828646 0.31875 0.828646 0.31875 0.846875 0.297656 0.846875
0 0.39375 0.961458 0.413281 0.961458 0.413281 0.991667 0.39375 0.991667
0 0.127734 0.601042 0.15625 0.601042 0.15625 0.630729 0.127734 0.630729
0 0.139453 0.509375 0.166406 0.509375 0.166406 0.539583 0.139453 0.539583
0 0.175391 0.532292 0.2 0.532292 0.2 0.559896 0.175391 0.559896
0 0.184375 0.568229 0.214062 0.568229 0.214062 0.592188 0.184375 0.592188
0 0.222656 0.469792 0.242969 0.469792 0.242969 0.503646 0.222656 0.503646
0 0.012109 0.592708 0.0375 0.592708 0.0375 0.619271 0.012109 0.619271
0 0.017188 0.531771 0.038672 0.531771 0.038672 0.56875 0.017188 0.56875
0 0.029297 0.519271 0.054297 0.519271 0.054297 0.544271 0.029297 0.544271
0 0.062109 0.519271 0.0875 0.519271 0.0875 0.545312 0.062109 0.545312
0 0.049219 0.00625 0.072656 0.00625 0.072656 0.036458 0.049219 0.036458
0 0.007422 0.047396 0.029688 0.047396 0.029688 0.073438 0.007422 0.073438
0 0.051562 0.057292 0.076953 0.057292 0.076953 0.085938 0.051562 0.085938
0 0.025781 0.092188 0.048438 0.092188 0.048438 0.114583 0.025781 0.114583
0 0.023438 0.160417 0.038281 0.160417 0.038281 0.186979 0.023438 0.186979
0 0.045703 0.164583 0.060938 0.164583 0.060938 0.192188 0.045703 0.192188
0 0.057031 0.184375 0.077734 0.184375 0.077734 0.211979 0.057031 0.211979
0 0.0875 0.189583 0.1125 0.189583 0.1125 0.208333 0.0875 0.208333
0 0.075 0.201042 0.100391 0.201042 0.100391 0.222917 0.075 0.222917
0 0.072656 0.228646 0.103906 0.228646 0.103906 0.253125 0.072656 0.253125
0 0.0 0.197917 0.022266 0.197917 0.022266 0.222396 0.0 0.222396
0 0.078906 0.263021 0.104297 0.263021 0.104297 0.283333 0.078906 0.283333
0 0.051172 0.289583 0.077734 0.289583 0.077734 0.314062 0.051172 0.314062
0 0.057031 0.338021 0.082031 0.338021 0.082031 0.365104 0.057031 0.365104
0 0.019922 0.33125 0.042578 0.33125 0.042578 0.356771 0.019922 0.356771
0 0.0 0.358854 0.016797 0.358854 0.016797 0.391146 0.0 0.391146
0 0.013281 0.417188 0.04375 0.417188 0.04375 0.441146 0.013281 0.441146
0 0.073438 0.382812 0.101172 0.382812 0.101172 0.406771 0.073438 0.406771
0 0.067188 0.401042 0.098047 0.401042 0.098047 0.435417 0.067188 0.435417
0 0.089062 0.317708 0.114844 0.317708 0.114844 0.348958 0.089062 0.348958
0 0.122266 0.285938 0.149219 0.285938 0.149219 0.305208 0.122266 0.305208
0 0.15625 0.300521 0.180859 0.300521 0.180859 0.319271 0.15625 0.319271
0 0.175391 0.244792 0.204688 0.244792 0.204688 0.265625 0.175391 0.265625
0 0.147266 0.220833 0.170703 0.220833 0.170703 0.246875 0.147266 0.246875
0 0.180469 0.176562 0.199609 0.176562 0.199609 0.207812 0.180469 0.207812
0 0.091797 0.040625 0.114453 0.040625 0.114453 0.066667 0.091797 0.066667
0 0.118359 0.019792 0.142188 0.019792 0.142188 0.04375 0.118359 0.04375
0 0.16875 0.1125 0.191016 0.1125 0.191016 0.143229 0.16875 0.143229
0 0.110156 0.117708 0.132031 0.117708 0.132031 0.146354 0.110156 0.146354
0 0.139453 0.153125 0.159766 0.153125 0.159766 0.186979 0.139453 0.186979
0 0.231641 0.219271 0.263672 0.219271 0.263672 0.239583 0.231641 0.239583
0 0.2125 0.201042 0.238672 0.201042 0.238672 0.222396 0.2125 0.222396
0 0.226562 0.245312 0.250781 0.245312 0.250781 0.270833 0.226562 0.270833
0 0.273047 0.135417 0.286719 0.135417 0.286719 0.163542 0.273047 0.163542
0 0.289844 0.146354 0.305078 0.146354 0.305078 0.174479 0.289844 0.174479
0 0.316406 0.104167 0.338281 0.104167 0.338281 0.141667 0.316406 0.141667
0 0.2875 0.084375 0.30625 0.084375 0.30625 0.120312 0.2875 0.120312
0 0.262109 0.073958 0.283984 0.073958 0.283984 0.109375 0.262109 0.109375
0 0.241016 0.039062 0.265234 0.039062 0.265234 0.063021 0.241016 0.063021
0 0.284766 0.023958 0.312891 0.023958 0.312891 0.051042 0.284766 0.051042
0 0.329688 0.065625 0.349609 0.065625 0.349609 0.105208 0.329688 0.105208
0 0.366016 0.052604 0.400781 0.052604 0.400781 0.082292 0.366016 0.082292
0 0.340234 0.008854 0.369531 0.008854 0.369531 0.035417 0.340234 0.035417
0 0.121484 0.233333 0.152344 0.233333 0.152344 0.266667 0.121484 0.266667
0 0.041016 0.466667 0.071484 0.466667 0.071484 0.502604 0.041016 0.502604
0 0.012109 0.459375 0.035938 0.459375 0.035938 0.486979 0.012109 0.486979
0 0.112891 0.398438 0.14375 0.398438 0.14375 0.421354 0.112891 0.421354
0 0.098438 0.429688 0.127344 0.429688 0.127344 0.457292 0.098438 0.457292
0 0.0875 0.459896 0.111328 0.459896 0.111328 0.477604 0.0875 0.477604
0 0.423047 0.511458 0.455469 0.511458 0.455469 0.538542 0.423047 0.538542
0 0.362891 0.489062 0.384375 0.489062 0.384375 0.522917 0.362891 0.522917
0 0.329297 0.466667 0.355469 0.466667 0.355469 0.503646 0.329297 0.503646
0 0.343359 0.442708 0.365625 0.442708 0.365625 0.465104 0.343359 0.465104
0 0.284766 0.48125 0.308984 0.48125 0.308984 0.508854 0.284766 0.508854
0 0.247656 0.451042 0.267969 0.451042 0.267969 0.480208 0.247656 0.480208
0 0.249609 0.485417 0.269531 0.485417 0.269531 0.516667 0.249609 0.516667
0 0.407812 0.370833 0.426172 0.370833 0.426172 0.403646 0.407812 0.403646
0 0.398438 0.409375 0.421094 0.409375 0.421094 0.425521 0.398438 0.425521
0 0.438281 0.414583 0.455078 0.414583 0.455078 0.449479 0.438281 0.449479
0 0.469531 0.408854 0.489844 0.408854 0.489844 0.441667 0.469531 0.441667
0 0.351562 0.348438 0.383594 0.348438 0.383594 0.378125 0.351562 0.378125
0 0.373828 0.326562 0.401172 0.326562 0.401172 0.352083 0.373828 0.352083
0 0.326953 0.295833 0.355469 0.295833 0.355469 0.331771 0.326953 0.331771
0 0.380469 0.271354 0.403125 0.271354 0.403125 0.302083 0.380469 0.302083
0 0.414844 0.279167 0.445312 0.279167 0.445312 0.309896 0.414844 0.309896
0 0.441016 0.322396 0.457422 0.322396 0.457422 0.354688 0.441016 0.354688
0 0.470312 0.366667 0.500391 0.366667 0.500391 0.391667 0.470312 0.391667
0 0.45 0.386979 0.469922 0.386979 0.469922 0.403646 0.45 0.403646
0 0.521875 0.3625 0.548828 0.3625 0.548828 0.379167 0.521875 0.379167
0 0.501953 0.336979 0.523828 0.336979 0.523828 0.35625 0.501953 0.35625
0 0.560547 0.336458 0.586328 0.336458 0.586328 0.357292 0.560547 0.357292
0 0.583203 0.389583 0.608203 0.389583 0.608203 0.413021 0.583203 0.413021
0 0.569141 0.366667 0.589453 0.366667 0.589453 0.391667 0.569141 0.391667
0 0.541406 0.415104 0.563672 0.415104 0.563672 0.438542 0.541406 0.438542
0 0.644922 0.346354 0.671484 0.346354 0.671484 0.385938 0.644922 0.385938
0 0.646094 0.007292 0.670703 0.007292 0.670703 0.034896 0.646094 0.034896
0 0.66875 0.035417 0.69375 0.035417 0.69375 0.064583 0.66875 0.064583
0 0.639844 0.051042 0.661719 0.051042 0.661719 0.070312 0.639844 0.070312
0 0.610156 0.035417 0.634766 0.035417 0.634766 0.0625 0.610156 0.0625
0 0.58125 0.0 0.601562 0.0 0.601562 0.022917 0.58125 0.022917
0 0.561328 0.028646 0.582812 0.028646 0.582812 0.061458 0.561328 0.061458
0 0.510938 0.073958 0.535156 0.073958 0.535156 0.105729 0.510938 0.105729
0 0.477344 0.064062 0.498828 0.064062 0.498828 0.089062 0.477344 0.089062
0 0.473828 0.088021 0.500391 0.088021 0.500391 0.108854 0.473828 0.108854
0 0.469141 0.10625 0.489062 0.10625 0.489062 0.135938 0.469141 0.135938
0 0.440234 0.133333 0.466797 0.133333 0.466797 0.153125 0.440234 0.153125
0 0.476562 0.154688 0.503906 0.154688 0.503906 0.175 0.476562 0.175
0 0.441406 0.168229 0.469531 0.168229 0.469531 0.186458 0.441406 0.186458
0 0.396484 0.222917 0.413672 0.222917 0.413672 0.255208 0.396484 0.255208
0 0.423047 0.202604 0.451172 0.202604 0.451172 0.226562 0.423047 0.226562
0 0.453125 0.241146 0.478125 0.241146 0.478125 0.268229 0.453125 0.268229
0 0.498438 0.239583 0.522266 0.239583 0.522266 0.257812 0.498438 0.257812
0 0.498828 0.285417 0.525391 0.285417 0.525391 0.305208 0.498828 0.305208
0 0.464453 0.298438 0.491406 0.298438 0.491406 0.316146 0.464453 0.316146
0 0.491797 0.182292 0.512891 0.182292 0.512891 0.208854 0.491797 0.208854
0 0.476172 0.205208 0.504297 0.205208 0.504297 0.230208 0.476172 0.230208
0 0.525 0.179688 0.542969 0.179688 0.542969 0.209896 0.525 0.209896
0 0.555859 0.256771 0.569922 0.256771 0.569922 0.2875 0.555859 0.2875
0 0.581641 0.28125 0.6 0.28125 0.6 0.303125 0.581641 0.303125
0 0.579297 0.076562 0.597656 0.076562 0.597656 0.115625 0.579297 0.115625
0 0.544922 0.114062 0.573438 0.114062 0.573438 0.136979 0.544922 0.136979
0 0.595312 0.09375 0.619141 0.09375 0.619141 0.130729 0.595312 0.130729
0 0.635938 0.08125 0.659766 0.08125 0.659766 0.113542 0.635938 0.113542
0 0.608984 0.151042 0.629688 0.151042 0.629688 0.188021 0.608984 0.188021
0 0.562109 0.144271 0.579297 0.144271 0.579297 0.163542 0.562109 0.163542
0 0.570312 0.192188 0.592188 0.192188 0.592188 0.216667 0.570312 0.216667
0 0.623438 0.265625 0.639844 0.265625 0.639844 0.292188 0.623438 0.292188
0 0.602734 0.241146 0.61875 0.241146 0.61875 0.265625 0.602734 0.265625
0 0.648438 0.153125 0.668359 0.153125 0.668359 0.174479 0.648438 0.174479
0 0.679688 0.197396 0.702734 0.197396 0.702734 0.215625 0.679688 0.215625
0 0.697266 0.163542 0.711719 0.163542 0.711719 0.188021 0.697266 0.188021
0 0.722266 0.145833 0.745312 0.145833 0.745312 0.166667 0.722266 0.166667
0 0.757422 0.14375 0.780078 0.14375 0.780078 0.168229 0.757422 0.168229
0 0.733203 0.095312 0.750781 0.095312 0.750781 0.121875 0.733203 0.121875
0 0.703516 0.099479 0.719141 0.099479 0.719141 0.125521 0.703516 0.125521
0 0.747656 0.207812 0.763672 0.207812 0.763672 0.235417 0.747656 0.235417
0 0.768359 0.173958 0.791797 0.173958 0.791797 0.195833 0.768359 0.195833
0 0.789844 0.141667 0.805469 0.141667 0.805469 0.159375 0.789844 0.159375
0 0.707031 0.230729 0.725 0.230729 0.725 0.25625 0.707031 0.25625
0 0.657031 0.259896 0.674219 0.259896 0.674219 0.290625 0.657031 0.290625
0 0.692188 0.282812 0.707812 0.282812 0.707812 0.313542 0.692188 0.313542
0 0.716016 0.303646 0.737109 0.303646 0.737109 0.321875 0.716016 0.321875
0 0.958594 0.036979 0.987891 0.036979 0.987891 0.059896 0.958594 0.059896
0 0.933203 0.023438 0.948047 0.023438 0.948047 0.051042 0.933203 0.051042
0 0.890625 0.002083 0.922266 0.002083 0.922266 0.021354 0.890625 0.021354
0 0.854297 0.009896 0.875391 0.009896 0.875391 0.031771 0.854297 0.031771
0 0.788672 0.001042 0.808984 0.001042 0.808984 0.026562 0.788672 0.026562
0 0.850391 0.056771 0.871094 0.056771 0.871094 0.084375 0.850391 0.084375
0 0.875781 0.055729 0.898438 0.055729 0.898438 0.075 0.875781 0.075
0 0.954688 0.083854 0.980078 0.083854 0.980078 0.108333 0.954688 0.108333
0 0.953906 0.122396 0.978125 0.122396 0.978125 0.148438 0.953906 0.148438
0 0.919922 0.092708 0.94375 0.092708 0.94375 0.120833 0.919922 0.120833
0 0.890625 0.119271 0.914062 0.119271 0.914062 0.143229 0.890625 0.143229
0 0.934766 0.150521 0.952734 0.150521 0.952734 0.177604 0.934766 0.177604
0 0.858984 0.10625 0.878516 0.10625 0.878516 0.121354 0.858984 0.121354
0 0.866406 0.123958 0.882031 0.123958 0.882031 0.143229 0.866406 0.143229
0 0.819531 0.563542 0.846094 0.563542 0.846094 0.582292 0.819531 0.582292
0 0.828125 0.5125 0.851172 0.5125 0.851172 0.527604 0.828125 0.527604
0 0.84375 0.481771 0.863281 0.481771 0.863281 0.501042 0.84375 0.501042
0 0.799609 0.471875 0.811719 0.471875 0.811719 0.4875 0.799609 0.4875
0 0.808984 0.461458 0.827734 0.461458 0.827734 0.475521 0.808984 0.475521
0 0.866016 0.424479 0.889453 0.424479 0.889453 0.444792 0.866016 0.444792
0 0.701562 0.434375 0.727344 0.434375 0.727344 0.467188 0.701562 0.467188
0 0.682031 0.408333 0.694922 0.408333 0.694922 0.435938 0.682031 0.435938
0 0.698438 0.403125 0.719922 0.403125 0.719922 0.427083 0.698438 0.427083
0 0.740625 0.418229 0.764844 0.418229 0.764844 0.435938 0.740625 0.435938
0 0.709375 0.378646 0.730078 0.378646 0.730078 0.399479 0.709375 0.399479
0 0.741797 0.388542 0.758594 0.388542 0.758594 0.407292 0.741797 0.407292
0 0.753516 0.380729 0.775 0.380729 0.775 0.4 0.753516 0.4
0 0.788281 0.423438 0.810156 0.423438 0.810156 0.441146 0.788281 0.441146
0 0.794922 0.382812 0.8125 0.382812 0.8125 0.398438 0.794922 0.398438
0 0.84375 0.380208 0.859375 0.380208 0.859375 0.396875 0.84375 0.396875
0 0.826953 0.376562 0.841016 0.376562 0.841016 0.399479 0.826953 0.399479
0 0.8125 0.390625 0.827734 0.390625 0.827734 0.40625 0.8125 0.40625
0 0.838281 0.195833 0.862109 0.195833 0.862109 0.213542 0.838281 0.213542
0 0.845703 0.243229 0.867188 0.243229 0.867188 0.259375 0.845703 0.259375
0 0.899609 0.242708 0.922656 0.242708 0.922656 0.257812 0.899609 0.257812
0 0.873047 0.216146 0.894141 0.216146 0.894141 0.233854 0.873047 0.233854
0 0.873828 0.269271 0.895312 0.269271 0.895312 0.284375 0.873828 0.284375
0 0.832812 0.269792 0.860156 0.269792 0.860156 0.292188 0.832812 0.292188
0 0.795312 0.219792 0.817969 0.219792 0.817969 0.239583 0.795312 0.239583
0 0.798438 0.247917 0.823047 0.247917 0.823047 0.263542 0.798438 0.263542
0 0.768359 0.335417 0.792969 0.335417 0.792969 0.353646 0.768359 0.353646
0 0.767969 0.3625 0.785547 0.3625 0.785547 0.379167 0.767969 0.379167
0 0.905859 0.284896 0.925781 0.284896 0.925781 0.306771 0.905859 0.306771
0 0.884375 0.316667 0.901172 0.316667 0.901172 0.332292 0.884375 0.332292
0 0.789844 0.297917 0.809766 0.297917 0.809766 0.3125 0.789844 0.3125
0 0.813281 0.303646 0.825781 0.303646 0.825781 0.330208 0.813281 0.330208
0 0.826953 0.321354 0.844531 0.321354 0.844531 0.335417 0.826953 0.335417
0 0.780859 0.972917 0.794922 0.972917 0.794922 0.999479 0.780859 0.999479
0 0.844922 0.943229 0.861719 0.943229 0.861719 0.964062 0.844922 0.964062
0 0.810938 0.894792 0.834375 0.894792 0.834375 0.919271 0.810938 0.919271
0 0.958984 0.922396 0.978125 0.922396 0.978125 0.940625 0.958984 0.940625
0 0.960547 0.885417 0.982422 0.885417 0.982422 0.905208 0.960547 0.905208
0 0.946875 0.975521 0.965234 0.975521 0.965234 0.995312 0.946875 0.995312
0 0.932812 0.759375 0.951562 0.759375 0.951562 0.784896 0.932812 0.784896
0 0.850781 0.869271 0.865234 0.869271 0.865234 0.896875 0.850781 0.896875
0 0.944141 0.601042 0.961328 0.601042 0.961328 0.629167 0.944141 0.629167
0 0.984375 0.580729 0.999219 0.580729 0.999219 0.608333 0.984375 0.608333