0 0.246094 0.326042 0.264062 0.326042 0.264062 0.344792 0.246094 0.344792
0 0.203125 0.336458 0.225391 0.336458 0.225391 0.356771 0.203125 0.356771
0 0.216016 0.645312 0.232031 0.645312 0.232031 0.66875 0.216016 0.66875
0 0.239062 0.632292 0.257812 0.632292 0.257812 0.651042 0.239062 0.651042
0 0.138281 0.641667 0.169141 0.641667 0.169141 0.659896 0.138281 0.659896
0 0.158984 0.726562 0.182031 0.726562 0.182031 0.742188 0.158984 0.742188
0 0.185156 0.751562 0.205469 0.751562 0.205469 0.773958 0.185156 0.773958
0 0.196484 0.795833 0.214062 0.795833 0.214062 0.825 0.196484 0.825
0 0.1625 0.800521 0.1875 0.800521 0.1875 0.826042 0.1625 0.826042
0 0.464844 0.631771 0.484766 0.631771 0.484766 0.663542 0.464844 0.663542
0 0.498047 0.608854 0.516406 0.608854 0.516406 0.635417 0.498047 0.635417
0 0.537109 0.638021 0.554297 0.638021 0.554297 0.665625 0.537109 0.665625
0 0.549219 0.5875 0.566016 0.5875 0.566016 0.619271 0.549219 0.619271
0 0.575 0.623438 0.598047 0.623438 0.598047 0.642708 0.575 0.642708
0 0.531641 0.690625 0.550781 0.690625 0.550781 0.711979 0.531641 0.711979
0 0.509375 0.665625 0.527344 0.665625 0.527344 0.683854 0.509375 0.683854
0 0.476172 0.686979 0.5 0.686979 0.5 0.705208 0.476172 0.705208
0 0.51875 0.730729 0.541016 0.730729 0.541016 0.750521 0.51875 0.750521
0 0.567969 0.71875 0.592969 0.71875 0.592969 0.739583 0.567969 0.739583
0 0.419141 0.676562 0.445703 0.676562 0.445703 0.695312 0.419141 0.695312
0 0.411328 0.714583 0.441016 0.714583 0.441016 0.735417 0.411328 0.735417
0 0.402344 0.654688 0.422266 0.654688 0.422266 0.671875 0.402344 0.671875
0 0.431641 0.632292 0.455469 0.632292 0.455469 0.648958 0.431641 0.648958
0 0.558594 0.808333 0.584766 0.808333 0.584766 0.826042 0.558594 0.826042
0 0.600391 0.784896 0.617969 0.784896 0.617969 0.815104 0.600391 0.815104
0 0.632812 0.794792 0.657422 0.794792 0.657422 0.815625 0.632812 0.815625
0 0.538672 0.75 0.561328 0.75 0.561328 0.773958 0.538672 0.773958
0 0.475 0.774479 0.495703 0.774479 0.495703 0.797396 0.475 0.797396
0 0.492578 0.822917 0.509375 0.822917 0.509375 0.850521 0.492578 0.850521
0 0.519531 0.843229 0.532031 0.843229 0.532031 0.871354 0.519531 0.871354
0 0.517578 0.8875 0.537891 0.8875 0.537891 0.909375 0.517578 0.909375
0 0.546484 0.877604 0.565234 0.877604 0.565234 0.900521 0.546484 0.900521
0 0.564453 0.902083 0.58125 0.902083 0.58125 0.920312 0.564453 0.920312
0 0.59375 0.920833 0.615234 0.920833 0.615234 0.938021 0.59375 0.938021
0 0.620312 0.873958 0.637109 0.873958 0.637109 0.905208 0.620312 0.905208
0 0.633203 0.910938 0.655859 0.910938 0.655859 0.928646 0.633203 0.928646
0 0.657422 0.865104 0.679297 0.865104 0.679297 0.882292 0.657422 0.882292
0 0.638281 0.742188 0.660156 0.742188 0.660156 0.763542 0.638281 0.763542
0 0.603125 0.730208 0.624609 0.730208 0.624609 0.751042 0.603125 0.751042
0 0.667578 0.773438 0.680859 0.773438 0.680859 0.8 0.667578 0.8
0 0.701172 0.772917 0.715625 0.772917 0.715625 0.799479 0.701172 0.799479
0 0.716016 0.740625 0.735938 0.740625 0.735938 0.759375 0.716016 0.759375
0 0.669531 0.711458 0.690625 0.711458 0.690625 0.735417 0.669531 0.735417
0 0.667969 0.699479 0.682422 0.699479 0.682422 0.715104 0.667969 0.715104
0 0.723047 0.704167 0.74375 0.704167 0.74375 0.725 0.723047 0.725
0 0.590625 0.84375 0.609766 0.84375 0.609766 0.875521 0.590625 0.875521
0 0.466016 0.936979 0.491406 0.936979 0.491406 0.95625 0.466016 0.95625
0 0.527344 0.964583 0.551953 0.964583 0.551953 0.988542 0.527344 0.988542
0 0.458203 0.885938 0.483203 0.885938 0.483203 0.908854 0.458203 0.908854
0 0.458203 0.854688 0.477344 0.854688 0.477344 0.869792 0.458203 0.869792
0 0.426953 0.79375 0.451562 0.79375 0.451562 0.8125 0.426953 0.8125
0 0.376953 0.789583 0.396875 0.789583 0.396875 0.807292 0.376953 0.807292
0 0.405859 0.828646 0.428125 0.828646 0.428125 0.844792 0.405859 0.844792
0 0.842188 0.827083 0.86875 0.827083 0.86875 0.85625 0.842188 0.85625
0 0.917578 0.889062 0.94375 0.889062 0.94375 0.908854 0.917578 0.908854
0 0.974609 0.863542 0.999609 0.863542 0.999609 0.88125 0.974609 0.88125
0 0.979297 0.889583 0.999609 0.889583 0.999609 0.911458 0.979297 0.911458
0 0.642969 0.951042 0.670703 0.951042 0.670703 0.972396 0.642969 0.972396
0 0.666406 0.911979 0.692188 0.911979 0.692188 0.936458 0.666406 0.936458
0 0.695703 0.919271 0.714844 0.919271 0.714844 0.954167 0.695703 0.954167
0 0.719141 0.864062 0.739453 0.864062 0.739453 0.890104 0.719141 0.890104
0 0.698047 0.834375 0.717969 0.834375 0.717969 0.851562 0.698047 0.851562
0 0.689062 0.968229 0.712891 0.968229 0.712891 0.986979 0.689062 0.986979
0 0.725 0.958333 0.753516 0.958333 0.753516 0.978646 0.725 0.978646
0 0.944141 0.569792 0.964062 0.569792 0.964062 0.593229 0.944141 0.593229
0 0.950391 0.530208 0.969531 0.530208 0.969531 0.555729 0.950391 0.555729
0 0.922266 0.610938 0.948438 0.610938 0.948438 0.629688 0.922266 0.629688
0 0.952734 0.6375 0.971484 0.6375 0.971484 0.665104 0.952734 0.665104
0 0.980859 0.666146 0.999609 0.666146 0.999609 0.689062 0.980859 0.689062
0 0.905078 0.682292 0.931641 0.682292 0.931641 0.699479 0.905078 0.699479
0 0.890625 0.641667 0.909375 0.641667 0.909375 0.663542 0.890625 0.663542
0 0.876562 0.694271 0.888672 0.694271 0.888672 0.721354 0.876562 0.721354
0 0.906641 0.766667 0.926562 0.766667 0.926562 0.788542 0.906641 0.788542
0 0.838281 0.664062 0.855469 0.664062 0.855469 0.686458 0.838281 0.686458
0 0.864844 0.670312 0.877734 0.670312 0.877734 0.696875 0.864844 0.696875
0 0.806641 0.636458 0.825781 0.636458 0.825781 0.664583 0.806641 0.664583
0 0.835547 0.597917 0.850781 0.597917 0.850781 0.628125 0.835547 0.628125
0 0.890625 0.586458 0.909766 0.586458 0.909766 0.613021 0.890625 0.613021
0 0.848438 0.553646 0.865234 0.553646 0.865234 0.58125 0.848438 0.58125
0 0.886328 0.717708 0.901953 0.717708 0.901953 0.742708 0.886328 0.742708
0 0.936328 0.71875 0.948828 0.71875 0.948828 0.751562 0.936328 0.751562
0 0.967969 0.416667 0.989844 0.416667 0.989844 0.442708 0.967969 0.442708
0 0.925 0.385938 0.947656 0.385938 0.947656 0.403125 0.925 0.403125
0 0.907031 0.417708 0.930078 0.417708 0.930078 0.434375 0.907031 0.434375
0 0.897656 0.454167 0.917969 0.454167 0.917969 0.478646 0.897656 0.478646
0 0.927344 0.496354 0.949219 0.496354 0.949219 0.514583 0.927344 0.514583
0 0.961719 0.463021 0.977734 0.463021 0.977734 0.496875 0.961719 0.496875
0 0.971094 0.508333 0.995703 0.508333 0.995703 0.529688 0.971094 0.529688
0 0.881641 0.519792 0.902344 0.519792 0.902344 0.542708 0.881641 0.542708
0 0.834375 0.460417 0.85 0.460417 0.85 0.483854 0.834375 0.483854
0 0.842969 0.50625 0.863672 0.50625 0.863672 0.521875 0.842969 0.521875
0 0.869531 0.403125 0.889453 0.403125 0.889453 0.43125 0.869531 0.43125
0 0.811328 0.511979 0.825 0.511979 0.825 0.532292 0.811328 0.532292
0 0.794922 0.504167 0.809375 0.504167 0.809375 0.523958 0.794922 0.523958
0 0.486328 0.567708 0.50625 0.567708 0.50625 0.586458 0.486328 0.586458
0 0.423047 0.594792 0.445703 0.594792 0.445703 0.616146 0.423047 0.616146
0 0.415234 0.529167 0.435156 0.529167 0.435156 0.553646 0.415234 0.553646
0 0.3875 0.564062 0.40625 0.564062 0.40625 0.585938 0.3875 0.585938
0 0.378906 0.6125 0.396484 0.6125 0.396484 0.638021 0.378906 0.638021
0 0.395312 0.745312 0.421094 0.745312 0.421094 0.769792 0.395312 0.769792
0 0.564453 0.654688 0.584766 0.654688 0.584766 0.695312 0.564453 0.695312
0 0.542578 0.542708 0.562891 0.542708 0.562891 0.567708 0.542578 0.567708
0 0.583203 0.54375 0.599219 0.54375 0.599219 0.571354 0.583203 0.571354
0 0.608984 0.570312 0.632812 0.570312 0.632812 0.593229 0.608984 0.593229
0 0.630859 0.502083 0.65 0.502083 0.65 0.527604 0.630859 0.527604
0 0.565625 0.498958 0.582422 0.498958 0.582422 0.525521 0.565625 0.525521
0 0.504687 0.514583 0.525391 0.514583 0.525391 0.538021 0.504687 0.538021
0 0.527734 0.452083 0.540625 0.452083 0.540625 0.483854 0.527734 0.483854
0 0.505859 0.464583 0.530078 0.464583 0.530078 0.481771 0.505859 0.481771
0 0.565625 0.455729 0.589844 0.455729 0.589844 0.474479 0.565625 0.474479
0 0.547656 0.422396 0.5625 0.422396 0.5625 0.449479 0.547656 0.449479
0 0.616406 0.434375 0.632031 0.434375 0.632031 0.459375 0.616406 0.459375
0 0.666016 0.515625 0.689844 0.515625 0.689844 0.534375 0.666016 0.534375
0 0.649609 0.610417 0.666016 0.610417 0.666016 0.638021 0.649609 0.638021
0 0.582422 0.409375 0.603906 0.409375 0.603906 0.427083 0.582422 0.427083
0 0.699609 0.486979 0.721875 0.486979 0.721875 0.513021 0.699609 0.513021
0 0.702344 0.426042 0.719141 0.426042 0.719141 0.453125 0.702344 0.453125
0 0.66875 0.408333 0.6875 0.408333 0.6875 0.430208 0.66875 0.430208
0 0.964453 0.242188 0.985938 0.242188 0.985938 0.267708 0.964453 0.267708
0 0.985547 0.188021 0.999609 0.188021 0.999609 0.215104 0.985547 0.215104
0 0.967578 0.164062 0.982812 0.164062 0.982812 0.176562 0.967578 0.176562
0 0.953906 0.164583 0.969531 0.164583 0.969531 0.185938 0.953906 0.185938
0 0.929688 0.284896 0.951562 0.284896 0.951562 0.298958 0.929688 0.298958
0 0.949219 0.320312 0.972266 0.320312 0.972266 0.338021 0.949219 0.338021
0 0.881641 0.264062 0.901953 0.264062 0.901953 0.281771 0.881641 0.281771
0 0.853906 0.172917 0.869531 0.172917 0.869531 0.198438 0.853906 0.198438
0 0.819531 0.202083 0.836719 0.202083 0.836719 0.230208 0.819531 0.230208
0 0.850781 0.221875 0.868359 0.221875 0.868359 0.247917 0.850781 0.247917
0 0.830469 0.309896 0.851172 0.309896 0.851172 0.324479 0.830469 0.324479
0 0.803516 0.299479 0.822656 0.299479 0.822656 0.316667 0.803516 0.316667
0 0.808594 0.258333 0.83125 0.258333 0.83125 0.275521 0.808594 0.275521
0 0.772656 0.169271 0.791406 0.169271 0.791406 0.185417 0.772656 0.185417
0 0.816406 0.139062 0.830078 0.139062 0.830078 0.164583 0.816406 0.164583
0 0.790625 0.113021 0.810938 0.113021 0.810938 0.130208 0.790625 0.130208
0 0.751562 0.121354 0.766797 0.121354 0.766797 0.147396 0.751562 0.147396
0 0.891016 0.180729 0.916406 0.180729 0.916406 0.196354 0.891016 0.196354
0 0.906641 0.217708 0.928906 0.217708 0.928906 0.233854 0.906641 0.233854
0 0.894141 0.221875 0.907031 0.221875 0.907031 0.245312 0.894141 0.245312
0 0.803906 0.004688 0.827734 0.004688 0.827734 0.022396 0.803906 0.022396
0 0.788672 0.053646 0.805859 0.053646 0.805859 0.08125 0.788672 0.08125
0 0.841797 0.091667 0.860547 0.091667 0.860547 0.108333 0.841797 0.108333
0 0.866016 0.05 0.882031 0.05 0.882031 0.069792 0.866016 0.069792
0 0.869141 0.009896 0.883594 0.009896 0.883594 0.026562 0.869141 0.026562
0 0.897266 0.015104 0.917969 0.015104 0.917969 0.038021 0.897266 0.038021
0 0.899609 0.133333 0.921875 0.133333 0.921875 0.156771 0.899609 0.156771
0 0.744141 0.054688 0.7625 0.054688 0.7625 0.078646 0.744141 0.078646
0 0.724219 0.021354 0.742578 0.021354 0.742578 0.041667 0.724219 0.041667
0 0.70625 0.054167 0.73125 0.054167 0.73125 0.071875 0.70625 0.071875
0 0.71875 0.092188 0.739844 0.092188 0.739844 0.107812 0.71875 0.107812
0 0.710547 0.105208 0.730078 0.105208 0.730078 0.130208 0.710547 0.130208
0 0.651953 0.069792 0.674219 0.069792 0.674219 0.10625 0.651953 0.10625
0 0.84375 0.008333 0.858984 0.008333 0.858984 0.024479 0.84375 0.024479
0 0.84375 0.026562 0.854297 0.026562 0.854297 0.055208 0.84375 0.055208
0 0.776562 0.008854 0.790234 0.008854 0.790234 0.032292 0.776562 0.032292
0 0.982031 0.1 0.997656 0.1 0.997656 0.117708 0.982031 0.117708
0 0.619922 0.125521 0.633984 0.125521 0.633984 0.153646 0.619922 0.153646
0 0.594922 0.195312 0.616016 0.195312 0.616016 0.211979 0.594922 0.211979
0 0.587109 0.15625 0.609766 0.15625 0.609766 0.172396 0.587109 0.172396
0 0.575781 0.149479 0.5875 0.149479 0.5875 0.175 0.575781 0.175
0 0.576172 0.229688 0.602734 0.229688 0.602734 0.246875 0.576172 0.246875
0 0.610156 0.280729 0.628516 0.280729 0.628516 0.301562 0.610156 0.301562
0 0.578516 0.270833 0.596484 0.270833 0.596484 0.29375 0.578516 0.29375
0 0.535547 0.234896 0.557422 0.234896 0.557422 0.255729 0.535547 0.255729
0 0.529297 0.286458 0.548438 0.286458 0.548438 0.307812 0.529297 0.307812
0 0.047656 0.055208 0.071875 0.055208 0.071875 0.068229 0.047656 0.068229
0 0.084375 0.106771 0.103516 0.106771 0.103516 0.127604 0.084375 0.127604
0 0.042188 0.091667 0.060156 0.091667 0.060156 0.123438 0.042188 0.123438
0 0.019141 0.132812 0.044922 0.132812 0.044922 0.158854 0.019141 0.158854
0 0.179297 0.127604 0.195703 0.127604 0.195703 0.158333 0.179297 0.158333
0 0.236328 0.145312 0.252344 0.145312 0.252344 0.169792 0.236328 0.169792
0 0.276562 0.148958 0.290625 0.148958 0.290625 0.173438 0.276562 0.173438
0 0.3125 0.129688 0.328906 0.129688 0.328906 0.160938 0.3125 0.160938
0 0.462109 0.183333 0.482031 0.183333 0.482031 0.215625 0.462109 0.215625
0 0.415625 0.191146 0.431641 0.191146 0.431641 0.2125 0.415625 0.2125
0 0.466406 0.1375 0.478906 0.1375 0.478906 0.159896 0.466406 0.159896
0 0.419141 0.136458 0.437891 0.136458 0.437891 0.147917 0.419141 0.147917
0 0.375 0.142188 0.391016 0.142188 0.391016 0.176042 0.375 0.176042
0 0.515625 0.154688 0.539062 0.154688 0.539062 0.173438 0.515625 0.173438
0 0.4875 0.357292 0.510547 0.357292 0.510547 0.374479 0.4875 0.374479
0 0.45 0.340625 0.468359 0.340625 0.468359 0.365625 0.45 0.365625
0 0.467188 0.311979 0.485156 0.311979 0.485156 0.336979 0.467188 0.336979
0 0.438281 0.270833 0.454297 0.270833 0.454297 0.297396 0.438281 0.297396
0 0.412891 0.358333 0.429297 0.358333 0.429297 0.389062 0.412891 0.389062
0 0.438672 0.384375 0.461719 0.384375 0.461719 0.402083 0.438672 0.402083
0 0.416797 0.4125 0.434375 0.4125 0.434375 0.441667 0.416797 0.441667
0 0.399609 0.425 0.416016 0.425 0.416016 0.453646 0.399609 0.453646
0 0.371094 0.389583 0.394141 0.389583 0.394141 0.416146 0.371094 0.416146
0 0.378125 0.351042 0.403516 0.351042 0.403516 0.369792 0.378125 0.369792
0 0.370703 0.447396 0.394531 0.447396 0.394531 0.469271 0.370703 0.469271
0 0.335938 0.475521 0.358203 0.475521 0.358203 0.503646 0.335938 0.503646
0 0.336328 0.432292 0.355469 0.432292 0.355469 0.45 0.336328 0.45
0 0.342578 0.401042 0.360938 0.401042 0.360938 0.417188 0.342578 0.417188
0 0.332031 0.316667 0.354688 0.316667 0.354688 0.334375 0.332031 0.334375
0 0.3625 0.286979 0.383984 0.286979 0.383984 0.305729 0.3625 0.305729
0 0.297656 0.375521 0.318359 0.375521 0.318359 0.401042 0.297656 0.401042
0 0.242188 0.382292 0.265625 0.382292 0.265625 0.399479 0.242188 0.399479
0 0.274609 0.435417 0.297266 0.435417 0.297266 0.457812 0.274609 0.457812
0 0.315625 0.435938 0.332812 0.435938 0.332812 0.454167 0.315625 0.454167
0 0.291797 0.509375 0.310156 0.509375 0.310156 0.535417 0.291797 0.535417
0 0.276172 0.489583 0.288672 0.489583 0.288672 0.504167 0.276172 0.504167
0 0.567578 0.085938 0.590625 0.085938 0.590625 0.105208 0.567578 0.105208
0 0.570312 0.127604 0.588672 0.127604 0.588672 0.145833 0.570312 0.145833
0 0.533203 0.1125 0.550391 0.1125 0.550391 0.138542 0.533203 0.138542
0 0.539062 0.054167 0.552734 0.054167 0.552734 0.083854 0.539062 0.083854
0 0.520312 0.010938 0.542578 0.010938 0.542578 0.033854 0.520312 0.033854
0 0.568359 0.045833 0.591797 0.045833 0.591797 0.075 0.568359 0.075
0 0.439062 0.067708 0.45625 0.067708 0.45625 0.0875 0.439062 0.0875
0 0.346094 0.069271 0.3625 0.069271 0.3625 0.098438 0.346094 0.098438
0 0.503125 0.258333 0.521484 0.258333 0.521484 0.278125 0.503125 0.278125
0 0.490234 0.209375 0.505078 0.209375 0.505078 0.234375 0.490234 0.234375
0 0.492578 0.179167 0.510938 0.179167 0.510938 0.194792 0.492578 0.194792
0 0.381641 0.234375 0.398828 0.234375 0.398828 0.258333 0.381641 0.258333
0 0.35625 0.219792 0.370703 0.219792 0.370703 0.246875 0.35625 0.246875
0 0.312891 0.253646 0.333984 0.253646 0.333984 0.281771 0.312891 0.281771
0 0.309766 0.217188 0.330078 0.217188 0.330078 0.238542 0.309766 0.238542
0 0.272266 0.2375 0.3 0.2375 0.3 0.261979 0.272266 0.261979
0 0.252344 0.264583 0.276172 0.264583 0.276172 0.283333 0.252344 0.283333
0 0.248828 0.294792 0.272656 0.294792 0.272656 0.315104 0.248828 0.315104
0 0.226562 0.231771 0.246484 0.231771 0.246484 0.258333 0.226562 0.258333
0 0.239453 0.203646 0.257422 0.203646 0.257422 0.232292 0.239453 0.232292
0 0.178516 0.204688 0.196875 0.204688 0.196875 0.229688 0.178516 0.229688
0 0.153516 0.166146 0.167969 0.166146 0.167969 0.196354 0.153516 0.196354
0 0.316406 0.097396 0.334375 0.097396 0.334375 0.126042 0.316406 0.126042
0 0.297656 0.042708 0.312891 0.042708 0.312891 0.069271 0.297656 0.069271
0 0.285547 0.086458 0.302344 0.086458 0.302344 0.105729 0.285547 0.105729
0 0.245703 0.1 0.264844 0.1 0.264844 0.116146 0.245703 0.116146
0 0.264453 0.041146 0.285938 0.041146 0.285938 0.053646 0.264453 0.053646
0 0.211328 0.025521 0.230469 0.025521 0.230469 0.056771 0.211328 0.056771
0 0.162109 0.0 0.183594 0.0 0.183594 0.025 0.162109 0.025
0 0.163281 0.043229 0.183984 0.043229 0.183984 0.070833 0.163281 0.070833
0 0.128516 0.018229 0.153906 0.018229 0.153906 0.039583 0.128516 0.039583
0 0.226562 0.535417 0.250391 0.535417 0.250391 0.558333 0.226562 0.558333
0 0.197266 0.565104 0.21875 0.565104 0.21875 0.589062 0.197266 0.589062
0 0.215625 0.465104 0.237109 0.465104 0.237109 0.497396 0.215625 0.497396
0 0.210547 0.43125 0.234375 0.43125 0.234375 0.459896 0.210547 0.459896
0 0.183203 0.578125 0.198047 0.578125 0.198047 0.607292 0.183203 0.607292
0 0.187891 0.628646 0.202344 0.628646 0.202344 0.655208 0.187891 0.655208
0 0.174219 0.51875 0.186719 0.51875 0.186719 0.54375 0.174219 0.54375
0 0.138281 0.5 0.149219 0.5 0.149219 0.526562 0.138281 0.526562
0 0.340625 0.904167 0.358984 0.904167 0.358984 0.923958 0.340625 0.923958
0 0.329688 0.933854 0.359375 0.933854 0.359375 0.965104 0.329688 0.965104
0 0.319141 0.966146 0.345703 0.966146 0.345703 0.985417 0.319141 0.985417
0 0.298438 0.908854 0.324219 0.908854 0.324219 0.935417 0.298438 0.935417
0 0.295703 0.875521 0.316797 0.875521 0.316797 0.902083 0.295703 0.902083
0 0.272656 0.9 0.285156 0.9 0.285156 0.927083 0.272656 0.927083
0 0.245703 0.925 0.265234 0.925 0.265234 0.95 0.245703 0.95
0 0.226953 0.970833 0.25 0.970833 0.25 0.997917 0.226953 0.997917
0 0.210156 0.896354 0.224219 0.896354 0.224219 0.926042 0.210156 0.926042
0 0.183203 0.838542 0.199219 0.838542 0.199219 0.865625 0.183203 0.865625
0 0.153516 0.828125 0.167969 0.828125 0.167969 0.855208 0.153516 0.855208
0 0.127344 0.864583 0.141016 0.864583 0.141016 0.892188 0.127344 0.892188
0 0.045312 0.928646 0.065625 0.928646 0.065625 0.952083 0.045312 0.952083
0 0.036719 0.961979 0.056641 0.961979 0.056641 0.983854 0.036719 0.983854
0 0.005859 0.950521 0.024609 0.950521 0.024609 0.972917 0.005859 0.972917
0 0.016797 0.896354 0.033984 0.896354 0.033984 0.921354 0.016797 0.921354
0 0.032812 0.870833 0.053125 0.870833 0.053125 0.895312 0.032812 0.895312
0 0.065625 0.866146 0.083984 0.866146 0.083984 0.892188 0.065625 0.892188
0 0.044141 0.897917 0.062891 0.897917 0.062891 0.918229 0.044141 0.918229
0 0.088281 0.903125 0.110156 0.903125 0.110156 0.933333 0.088281 0.933333
0 0.097656 0.709896 0.121484 0.709896 0.121484 0.726562 0.097656 0.726562
0 0.142578 0.761979 0.155859 0.761979 0.155859 0.7875 0.142578 0.7875
0 0.100391 0.810938 0.116406 0.810938 0.116406 0.840104 0.100391 0.840104
0 0.091797 0.864583 0.107031 0.864583 0.107031 0.892188 0.091797 0.892188
0 0.112109 0.758333 0.125 0.758333 0.125 0.788021 0.112109 0.788021
0 0.053906 0.804688 0.075781 0.804688 0.075781 0.819792 0.053906 0.819792
0 0.071484 0.68125 0.087109 0.68125 0.087109 0.711979 0.071484 0.711979
0 0.058203 0.722396 0.083984 0.722396 0.083984 0.748438 0.058203 0.748438
0 0.037109 0.73125 0.057031 0.73125 0.057031 0.755208 0.037109 0.755208
0 0.013672 0.663021 0.039062 0.663021 0.039062 0.689583 0.013672 0.689583
0 0.021875 0.639062 0.046094 0.639062 0.046094 0.658854 0.021875 0.658854
0 0.052344 0.643229 0.071875 0.643229 0.071875 0.657812 0.052344 0.657812
0 0.154297 0.34375 0.172656 0.34375 0.172656 0.377604 0.154297 0.377604
0 0.124609 0.366146 0.145312 0.366146 0.145312 0.385417 0.124609 0.385417
0 0.119922 0.398958 0.135938 0.398958 0.135938 0.425521 0.119922 0.425521
0 0.084375 0.411979 0.1 0.411979 0.1 0.440104 0.084375 0.440104
0 0.036719 0.410938 0.053516 0.410938 0.053516 0.434896 0.036719 0.434896
0 0.060156 0.450521 0.080469 0.450521 0.080469 0.469792 0.060156 0.469792
0 0.060547 0.507812 0.078125 0.507812 0.078125 0.529688 0.060547 0.529688
0 0.021094 0.479167 0.035547 0.479167 0.035547 0.500521 0.021094 0.500521
0 0.025391 0.446875 0.0375 0.446875 0.0375 0.470312 0.025391 0.470312
0 0.002344 0.376562 0.019531 0.376562 0.019531 0.408854 0.002344 0.408854
0 0.051562 0.536979 0.070312 0.536979 0.070312 0.560938 0.051562 0.560938
0 0.019531 0.504167 0.040625 0.504167 0.040625 0.519271 0.019531 0.519271
0 0.025 0.519792 0.041406 0.519792 0.041406 0.547396 0.025 0.547396
0 0.104297 0.498958 0.117969 0.498958 0.117969 0.529167 0.104297 0.529167
0 0.141016 0.541667 0.154297 0.541667 0.154297 0.570833 0.141016 0.570833
0 0.110938 0.448958 0.134375 0.448958 0.134375 0.472396 0.110938 0.472396
0 0.162109 0.472396 0.175391 0.472396 0.175391 0.495833 0.162109 0.495833
0 0.187891 0.50625 0.197266 0.50625 0.197266 0.526562 0.187891 0.526562
0 0.131641 0.205208 0.148047 0.205208 0.148047 0.229688 0.131641 0.229688
0 0.107031 0.198438 0.124219 0.198438 0.124219 0.225521 0.107031 0.225521
0 0.089844 0.221875 0.111328 0.221875 0.111328 0.242188 0.089844 0.242188
0 0.085938 0.233854 0.107422 0.233854 0.107422 0.251563 0.085938 0.251563
0 0.111719 0.281771 0.134766 0.281771 0.134766 0.30625 0.111719 0.30625
0 0.079297 0.255208 0.100781 0.255208 0.100781 0.280208 0.079297 0.280208
0 0.053906 0.277604 0.077344 0.277604 0.077344 0.306771 0.053906 0.306771
0 0.039844 0.320312 0.066797 0.320312 0.066797 0.339062 0.039844 0.339062
0 0.059766 0.201562 0.081641 0.201562 0.081641 0.219792 0.059766 0.219792
0 0.084766 0.161458 0.1 0.161458 0.1 0.189583 0.084766 0.189583
0 0.06875 0.139583 0.078906 0.139583 0.078906 0.156771 0.06875 0.156771
0 0.051172 0.153125 0.067969 0.153125 0.067969 0.166667 0.051172 0.166667
0 0.033594 0.215104 0.043359 0.215104 0.043359 0.243229 0.033594 0.243229
0 0.019922 0.260417 0.030469 0.260417 0.030469 0.280208 0.019922 0.280208
0 0.021094 0.328646 0.035547 0.328646 0.035547 0.357292 0.021094 0.357292
0 0.628516 0.554167 0.650781 0.554167 0.650781 0.601562 0.628516 0.601562
0 0.458984 0.575 0.478516 0.575 0.478516 0.610938 0.458984 0.610938
0 0.507812 0.811979 0.526953 0.811979 0.526953 0.840625 0.507812 0.840625
0 0.496875 0.776562 0.522266 0.776562 0.522266 0.802604 0.496875 0.802604