0 0.06875 0.093229 0.093359 0.093229 0.093359 0.119792 0.06875 0.119792
0 0.117188 0.094792 0.138281 0.094792 0.138281 0.117708 0.117188 0.117708
0 0.15625 0.092708 0.178516 0.092708 0.178516 0.117708 0.15625 0.117708
0 0.194141 0.074479 0.208594 0.074479 0.208594 0.105208 0.194141 0.105208
0 0.145703 0.035417 0.166016 0.035417 0.166016 0.061458 0.145703 0.061458
0 0.194141 0.009375 0.214062 0.009375 0.214062 0.032292 0.194141 0.032292
0 0.203125 0.044271 0.223828 0.044271 0.223828 0.067188 0.203125 0.067188
0 0.233203 0.047917 0.247656 0.047917 0.247656 0.078646 0.233203 0.078646
0 0.025781 0.103125 0.039453 0.103125 0.039453 0.125 0.025781 0.125
0 0.021875 0.148958 0.035938 0.148958 0.035938 0.180208 0.021875 0.180208
0 0.048047 0.160938 0.063672 0.160938 0.063672 0.193229 0.048047 0.193229
0 0.085547 0.180208 0.106641 0.180208 0.106641 0.200521 0.085547 0.200521
0 0.097656 0.14375 0.11875 0.14375 0.11875 0.166667 0.097656 0.166667
0 0.126953 0.184375 0.146094 0.184375 0.146094 0.209375 0.126953 0.209375
0 0.166016 0.140625 0.189453 0.140625 0.189453 0.160938 0.166016 0.160938
0 0.23125 0.122396 0.251172 0.122396 0.251172 0.148438 0.23125 0.148438
0 0.0 0.215104 0.014062 0.215104 0.014062 0.245833 0.0 0.245833
0 0.020703 0.200521 0.036328 0.200521 0.036328 0.232292 0.020703 0.232292
0 0.0375 0.253125 0.055078 0.253125 0.055078 0.283333 0.0375 0.283333
0 0.003906 0.26875 0.023438 0.26875 0.023438 0.304167 0.003906 0.304167
0 0.074609 0.219271 0.090234 0.219271 0.090234 0.253646 0.074609 0.253646
0 0.113281 0.21875 0.130078 0.21875 0.130078 0.255729 0.113281 0.255729
0 0.148828 0.265625 0.169141 0.265625 0.169141 0.289062 0.148828 0.289062
0 0.188281 0.222396 0.211328 0.222396 0.211328 0.241667 0.188281 0.241667
0 0.176172 0.1875 0.198438 0.1875 0.198438 0.209375 0.176172 0.209375
0 0.211719 0.1875 0.229688 0.1875 0.229688 0.213542 0.211719 0.213542
0 0.220312 0.2375 0.239062 0.2375 0.239062 0.258333 0.220312 0.258333
0 0.240234 0.177604 0.256641 0.177604 0.256641 0.202604 0.240234 0.202604
0 0.015625 0.413021 0.028125 0.413021 0.028125 0.445312 0.015625 0.445312
0 0.044531 0.386979 0.062109 0.386979 0.062109 0.409896 0.044531 0.409896
0 0.091406 0.405729 0.115625 0.405729 0.115625 0.427083 0.091406 0.427083
0 0.094141 0.360938 0.114062 0.360938 0.114062 0.388542 0.094141 0.388542
0 0.038281 0.429167 0.058594 0.429167 0.058594 0.457292 0.038281 0.457292
0 0.050781 0.468229 0.066406 0.468229 0.066406 0.496875 0.050781 0.496875
0 0.0625 0.502604 0.080859 0.502604 0.080859 0.53125 0.0625 0.53125
0 0.03125 0.503646 0.049609 0.503646 0.049609 0.527083 0.03125 0.527083
0 0.075391 0.461458 0.090625 0.461458 0.090625 0.491667 0.075391 0.491667
0 0.098828 0.505208 0.121875 0.505208 0.121875 0.538542 0.098828 0.538542
0 0.132031 0.458854 0.149609 0.458854 0.149609 0.495312 0.132031 0.495312
0 0.136719 0.422396 0.15625 0.422396 0.15625 0.450521 0.136719 0.450521
0 0.156641 0.460417 0.175781 0.460417 0.175781 0.485938 0.156641 0.485938
0 0.164062 0.497396 0.189844 0.497396 0.189844 0.519792 0.164062 0.519792
0 0.038281 0.541667 0.062109 0.541667 0.062109 0.561458 0.038281 0.561458
0 0.026953 0.570312 0.042969 0.570312 0.042969 0.595833 0.026953 0.595833
0 0.003516 0.565104 0.016797 0.565104 0.016797 0.594792 0.003516 0.594792
0 0.0625 0.583333 0.085547 0.583333 0.085547 0.617188 0.0625 0.617188
0 0.106641 0.558854 0.130859 0.558854 0.130859 0.582292 0.106641 0.582292
0 0.157812 0.545312 0.178125 0.545312 0.178125 0.566146 0.157812 0.566146
0 0.185547 0.567708 0.205078 0.567708 0.205078 0.589062 0.185547 0.589062
0 0.153906 0.605729 0.174609 0.605729 0.174609 0.624479 0.153906 0.624479
0 0.182422 0.616667 0.203125 0.616667 0.203125 0.638021 0.182422 0.638021
0 0.110547 0.616667 0.126172 0.616667 0.126172 0.645833 0.110547 0.645833
0 0.133594 0.651042 0.157422 0.651042 0.157422 0.669792 0.133594 0.669792
0 0.0 0.670833 0.009375 0.670833 0.009375 0.694792 0.0 0.694792
0 0.000391 0.717188 0.016797 0.717188 0.016797 0.743229 0.000391 0.743229
0 0.083594 0.666146 0.098828 0.666146 0.098828 0.694792 0.083594 0.694792
0 0.138672 0.688021 0.157422 0.688021 0.157422 0.709375 0.138672 0.709375
0 0.074219 0.701042 0.087891 0.701042 0.087891 0.729688 0.074219 0.729688
0 0.080078 0.745833 0.098438 0.745833 0.098438 0.769271 0.080078 0.769271
0 0.117969 0.733333 0.135156 0.733333 0.135156 0.757292 0.117969 0.757292
0 0.167578 0.694271 0.186719 0.694271 0.186719 0.717188 0.167578 0.717188
0 0.189844 0.669271 0.208984 0.669271 0.208984 0.690625 0.189844 0.690625
0 0.200781 0.697396 0.216797 0.697396 0.216797 0.729688 0.200781 0.729688
0 0.190234 0.740625 0.2125 0.740625 0.2125 0.759896 0.190234 0.759896
0 0.157812 0.409375 0.178125 0.409375 0.178125 0.439583 0.157812 0.439583
0 0.214844 0.386979 0.23125 0.386979 0.23125 0.41875 0.214844 0.41875
0 0.239062 0.442708 0.25625 0.442708 0.25625 0.478125 0.239062 0.478125
0 0.319922 0.424479 0.341016 0.424479 0.341016 0.448958 0.319922 0.448958
0 0.299219 0.449479 0.317188 0.449479 0.317188 0.476562 0.299219 0.476562
0 0.272656 0.435417 0.293359 0.435417 0.293359 0.461979 0.272656 0.461979
0 0.280078 0.357292 0.296094 0.357292 0.296094 0.382812 0.280078 0.382812
0 0.204297 0.471875 0.224609 0.471875 0.224609 0.504687 0.204297 0.504687
0 0.246094 0.498958 0.2625 0.498958 0.2625 0.536979 0.246094 0.536979
0 0.278125 0.511979 0.295703 0.511979 0.295703 0.541146 0.278125 0.541146
0 0.305469 0.508854 0.321484 0.508854 0.321484 0.532292 0.305469 0.532292
0 0.337891 0.513021 0.355078 0.513021 0.355078 0.538021 0.337891 0.538021
0 0.342188 0.55 0.360938 0.55 0.360938 0.575 0.342188 0.575
0 0.316016 0.54375 0.333594 0.54375 0.333594 0.566146 0.316016 0.566146
0 0.285938 0.563021 0.30625 0.563021 0.30625 0.590104 0.285938 0.590104
0 0.233984 0.566667 0.253125 0.566667 0.253125 0.605208 0.233984 0.605208
0 0.269531 0.598958 0.286719 0.598958 0.286719 0.63125 0.269531 0.63125
0 0.311719 0.585938 0.328516 0.585938 0.328516 0.620833 0.311719 0.620833
0 0.219531 0.642708 0.234375 0.642708 0.234375 0.675521 0.219531 0.675521
0 0.239453 0.705729 0.258203 0.705729 0.258203 0.738542 0.239453 0.738542
0 0.29375 0.725 0.310156 0.725 0.310156 0.756771 0.29375 0.756771
0 0.267188 0.745312 0.280859 0.745312 0.280859 0.780729 0.267188 0.780729
0 0.278125 0.657292 0.299609 0.657292 0.299609 0.684896 0.278125 0.684896
0 0.322656 0.645312 0.341797 0.645312 0.341797 0.666667 0.322656 0.666667
0 0.316016 0.675 0.332031 0.675 0.332031 0.698958 0.316016 0.698958
0 0.364453 0.655729 0.386719 0.655729 0.386719 0.681771 0.364453 0.681771
0 0.354688 0.625 0.374609 0.625 0.374609 0.647396 0.354688 0.647396
0 0.3875 0.615104 0.403906 0.615104 0.403906 0.639583 0.3875 0.639583
0 0.394922 0.658333 0.415625 0.658333 0.415625 0.690104 0.394922 0.690104
0 0.442188 0.675 0.462109 0.675 0.462109 0.708333 0.442188 0.708333
0 0.467188 0.713021 0.483594 0.713021 0.483594 0.743229 0.467188 0.743229
0 0.418359 0.718229 0.444141 0.718229 0.444141 0.740104 0.418359 0.740104
0 0.374609 0.719271 0.392578 0.719271 0.392578 0.750521 0.374609 0.750521
0 0.349609 0.701562 0.369141 0.701562 0.369141 0.730208 0.349609 0.730208
0 0.477344 0.669792 0.492188 0.669792 0.492188 0.698438 0.477344 0.698438
0 0.492188 0.710417 0.508594 0.710417 0.508594 0.740625 0.492188 0.740625
0 0.09375 0.76875 0.107031 0.76875 0.107031 0.79375 0.09375 0.79375
0 0.114062 0.790625 0.135156 0.790625 0.135156 0.814583 0.114062 0.814583
0 0.154688 0.772917 0.173438 0.772917 0.173438 0.798958 0.154688 0.798958
0 0.176172 0.809375 0.192578 0.809375 0.192578 0.843229 0.176172 0.843229
0 0.151172 0.823438 0.166797 0.823438 0.166797 0.854688 0.151172 0.854688
0 0.112891 0.845833 0.133984 0.845833 0.133984 0.869271 0.112891 0.869271
0 0.089453 0.869271 0.103516 0.869271 0.103516 0.903646 0.089453 0.903646
0 0.314062 0.767188 0.329297 0.767188 0.329297 0.786979 0.314062 0.786979
0 0.25 0.798958 0.267969 0.798958 0.267969 0.819792 0.25 0.819792
0 0.283594 0.818229 0.301953 0.818229 0.301953 0.845312 0.283594 0.845312
0 0.203516 0.809375 0.220312 0.809375 0.220312 0.839583 0.203516 0.839583
0 0.235156 0.83125 0.248438 0.83125 0.248438 0.861458 0.235156 0.861458
0 0.2 0.864583 0.220312 0.864583 0.220312 0.889583 0.2 0.889583
0 0.149219 0.902604 0.169141 0.902604 0.169141 0.928646 0.149219 0.928646
0 0.218359 0.892188 0.238672 0.892188 0.238672 0.917708 0.218359 0.917708
0 0.258984 0.876042 0.283203 0.876042 0.283203 0.899479 0.258984 0.899479
0 0.266797 0.913542 0.285547 0.913542 0.285547 0.9375 0.266797 0.9375
0 0.208594 0.984375 0.232031 0.984375 0.232031 0.999479 0.208594 0.999479
0 0.266016 0.971354 0.280078 0.971354 0.280078 0.999479 0.266016 0.999479
0 0.303125 0.972917 0.321875 0.972917 0.321875 0.997917 0.303125 0.997917
0 0.328516 0.93125 0.353516 0.93125 0.353516 0.957812 0.328516 0.957812
0 0.320703 0.866146 0.347656 0.866146 0.347656 0.888542 0.320703 0.888542
0 0.368359 0.903646 0.390625 0.903646 0.390625 0.927604 0.368359 0.927604
0 0.409766 0.931771 0.432422 0.931771 0.432422 0.952083 0.409766 0.952083
0 0.407812 0.891667 0.432031 0.891667 0.432031 0.9125 0.407812 0.9125
0 0.375 0.865625 0.401953 0.865625 0.401953 0.8875 0.375 0.8875
0 0.359766 0.773958 0.383203 0.773958 0.383203 0.795312 0.359766 0.795312
0 0.414453 0.808854 0.436719 0.808854 0.436719 0.832812 0.414453 0.832812
0 0.433203 0.7625 0.450781 0.7625 0.450781 0.795833 0.433203 0.795833
0 0.433594 0.838542 0.453516 0.838542 0.453516 0.875521 0.433594 0.875521
0 0.446875 0.803646 0.466406 0.803646 0.466406 0.825 0.446875 0.825
0 0.371484 0.830208 0.390625 0.830208 0.390625 0.851042 0.371484 0.851042
0 0.428906 0.966667 0.444531 0.966667 0.444531 0.997396 0.428906 0.997396
0 0.459375 0.897917 0.477344 0.897917 0.477344 0.919271 0.459375 0.919271
0 0.492969 0.901042 0.519531 0.901042 0.519531 0.921875 0.492969 0.921875
0 0.520703 0.926562 0.54375 0.926562 0.54375 0.945312 0.520703 0.945312
0 0.519531 0.863021 0.541016 0.863021 0.541016 0.880729 0.519531 0.880729
0 0.497656 0.789062 0.521484 0.789062 0.521484 0.8125 0.497656 0.8125
0 0.489062 0.842708 0.505469 0.842708 0.505469 0.869792 0.489062 0.869792
0 0.518359 0.834375 0.55 0.834375 0.55 0.852083 0.518359 0.852083
0 0.409766 0.034896 0.428125 0.034896 0.428125 0.060417 0.409766 0.060417
0 0.445312 0.040625 0.462109 0.040625 0.462109 0.066146 0.445312 0.066146
0 0.474219 0.038021 0.498828 0.038021 0.498828 0.061979 0.474219 0.061979
0 0.4875 0.001562 0.508984 0.001562 0.508984 0.020833 0.4875 0.020833
0 0.456641 0.0 0.480859 0.0 0.480859 0.014583 0.456641 0.014583
0 0.367969 0.036458 0.394141 0.036458 0.394141 0.058333 0.367969 0.058333
0 0.409766 0.079167 0.428906 0.079167 0.428906 0.103646 0.409766 0.103646
0 0.454297 0.086458 0.475 0.086458 0.475 0.108854 0.454297 0.108854
0 0.498047 0.068229 0.519531 0.068229 0.519531 0.096354 0.498047 0.096354
0 0.350781 0.130208 0.375 0.130208 0.375 0.148438 0.350781 0.148438
0 0.394141 0.113021 0.413281 0.113021 0.413281 0.147917 0.394141 0.147917
0 0.394141 0.184375 0.410938 0.184375 0.410938 0.217708 0.394141 0.217708
0 0.439844 0.183854 0.457422 0.183854 0.457422 0.211458 0.439844 0.211458
0 0.460938 0.133333 0.484375 0.133333 0.484375 0.159375 0.460938 0.159375
0 0.484766 0.183333 0.507031 0.183333 0.507031 0.209375 0.484766 0.209375
0 0.35625 0.266146 0.376953 0.266146 0.376953 0.292188 0.35625 0.292188
0 0.404297 0.289062 0.421094 0.289062 0.421094 0.320312 0.404297 0.320312
0 0.426953 0.302083 0.447266 0.302083 0.447266 0.325521 0.426953 0.325521
0 0.455469 0.260417 0.473047 0.260417 0.473047 0.296875 0.455469 0.296875
0 0.446484 0.214062 0.468359 0.214062 0.468359 0.240104 0.446484 0.240104
0 0.348047 0.21875 0.363672 0.21875 0.363672 0.247917 0.348047 0.247917
0 0.5375 0.023958 0.551562 0.023958 0.551562 0.058854 0.5375 0.058854
0 0.580859 0.052083 0.603516 0.052083 0.603516 0.082292 0.580859 0.082292
0 0.602344 0.0 0.625781 0.0 0.625781 0.017188 0.602344 0.017188
0 0.625391 0.060938 0.639844 0.060938 0.639844 0.088542 0.625391 0.088542
0 0.648828 0.049479 0.670703 0.049479 0.670703 0.068229 0.648828 0.068229
0 0.657812 0.0 0.684375 0.0 0.684375 0.018229 0.657812 0.018229
0 0.516797 0.128125 0.540234 0.128125 0.540234 0.146875 0.516797 0.146875
0 0.562891 0.096354 0.584766 0.096354 0.584766 0.116667 0.562891 0.116667
0 0.559375 0.139062 0.573438 0.139062 0.573438 0.168229 0.559375 0.168229
0 0.590625 0.140625 0.608594 0.140625 0.608594 0.16875 0.590625 0.16875
0 0.613672 0.103125 0.631641 0.103125 0.631641 0.133854 0.613672 0.133854
0 0.744531 0.011979 0.760938 0.011979 0.760938 0.038542 0.744531 0.038542
0 0.73125 0.043229 0.745312 0.043229 0.745312 0.071354 0.73125 0.071354
0 0.687891 0.041146 0.702344 0.041146 0.702344 0.064062 0.687891 0.064062
0 0.669531 0.080729 0.690625 0.080729 0.690625 0.105729 0.669531 0.105729
0 0.707812 0.090104 0.725781 0.090104 0.725781 0.111979 0.707812 0.111979
0 0.689453 0.0 0.709375 0.0 0.709375 0.030208 0.689453 0.030208
0 0.426172 0.375521 0.442578 0.375521 0.442578 0.402083 0.426172 0.402083
0 0.462891 0.390625 0.480859 0.390625 0.480859 0.414062 0.462891 0.414062
0 0.453906 0.332292 0.469922 0.332292 0.469922 0.361979 0.453906 0.361979
0 0.495312 0.33125 0.516016 0.33125 0.516016 0.353646 0.495312 0.353646
0 0.493359 0.296875 0.5125 0.296875 0.5125 0.317188 0.493359 0.317188
0 0.524609 0.294271 0.542969 0.294271 0.542969 0.321875 0.524609 0.321875
0 0.533203 0.332812 0.551953 0.332812 0.551953 0.358854 0.533203 0.358854
0 0.534766 0.361979 0.561328 0.361979 0.561328 0.381771 0.534766 0.381771
0 0.49375 0.375 0.519531 0.375 0.519531 0.400521 0.49375 0.400521
0 0.491016 0.411979 0.509375 0.411979 0.509375 0.435417 0.491016 0.435417
0 0.517969 0.438021 0.538281 0.438021 0.538281 0.460417 0.517969 0.460417
0 0.558984 0.399479 0.580469 0.399479 0.580469 0.421875 0.558984 0.421875
0 0.578906 0.352083 0.6 0.352083 0.6 0.375 0.578906 0.375
0 0.600391 0.377083 0.621484 0.377083 0.621484 0.396875 0.600391 0.396875
0 0.588672 0.423958 0.611328 0.423958 0.611328 0.445833 0.588672 0.445833
0 0.788281 0.040625 0.812109 0.040625 0.812109 0.060417 0.788281 0.060417
0 0.844922 0.030208 0.874609 0.030208 0.874609 0.049479 0.844922 0.049479
0 0.898828 0.032292 0.921875 0.032292 0.921875 0.049479 0.898828 0.049479
0 0.887891 0.067188 0.904688 0.067188 0.904688 0.0875 0.887891 0.0875
0 0.910156 0.080208 0.93125 0.080208 0.93125 0.106771 0.910156 0.106771
0 0.948828 0.071875 0.963672 0.071875 0.963672 0.106771 0.948828 0.106771
0 0.974219 0.075 0.991406 0.075 0.991406 0.113542 0.974219 0.113542
0 0.790625 0.095312 0.817969 0.095312 0.817969 0.11875 0.790625 0.11875
0 0.819531 0.111458 0.833984 0.111458 0.833984 0.146354 0.819531 0.146354
0 0.8375 0.142708 0.862109 0.142708 0.862109 0.164062 0.8375 0.164062
0 0.957812 0.126562 0.975391 0.126562 0.975391 0.159896 0.957812 0.159896
0 0.911328 0.140625 0.926953 0.140625 0.926953 0.167708 0.911328 0.167708
0 0.90625 0.184375 0.923438 0.184375 0.923438 0.213021 0.90625 0.213021
0 0.932422 0.167708 0.947656 0.167708 0.947656 0.203646 0.932422 0.203646
0 0.966016 0.191667 0.983594 0.191667 0.983594 0.219271 0.966016 0.219271
0 0.619922 0.170833 0.633984 0.170833 0.633984 0.2 0.619922 0.2
0 0.660156 0.144792 0.676562 0.144792 0.676562 0.171875 0.660156 0.171875
0 0.769922 0.171354 0.787891 0.171354 0.787891 0.196875 0.769922 0.196875
0 0.789453 0.1875 0.805859 0.1875 0.805859 0.214062 0.789453 0.214062
0 0.826562 0.211979 0.844141 0.211979 0.844141 0.2375 0.826562 0.2375
0 0.783594 0.222396 0.807031 0.222396 0.807031 0.24375 0.783594 0.24375
0 0.858984 0.192188 0.878516 0.192188 0.878516 0.221875 0.858984 0.221875
0 0.947266 0.207292 0.963281 0.207292 0.963281 0.243229 0.947266 0.243229
0 0.924219 0.258854 0.937891 0.258854 0.937891 0.2875 0.924219 0.2875
0 0.963672 0.277604 0.98125 0.277604 0.98125 0.309896 0.963672 0.309896
0 0.821875 0.258333 0.841406 0.258333 0.841406 0.283333 0.821875 0.283333
0 0.855078 0.25625 0.874219 0.25625 0.874219 0.280729 0.855078 0.280729
0 0.867969 0.296875 0.889453 0.296875 0.889453 0.317708 0.867969 0.317708
0 0.786328 0.265104 0.803906 0.265104 0.803906 0.292708 0.786328 0.292708
0 0.742969 0.244792 0.757812 0.244792 0.757812 0.274479 0.742969 0.274479
0 0.767188 0.279688 0.780859 0.279688 0.780859 0.307812 0.767188 0.307812
0 0.687891 0.135417 0.706641 0.135417 0.706641 0.148958 0.687891 0.148958
0 0.677734 0.183854 0.69375 0.183854 0.69375 0.203125 0.677734 0.203125
0 0.642969 0.182292 0.659375 0.182292 0.659375 0.207292 0.642969 0.207292
0 0.503516 0.246875 0.521094 0.246875 0.521094 0.266667 0.503516 0.266667
0 0.528906 0.241146 0.553516 0.241146 0.553516 0.261979 0.528906 0.261979
0 0.589453 0.272396 0.607422 0.272396 0.607422 0.297917 0.589453 0.297917
0 0.613672 0.248958 0.641406 0.248958 0.641406 0.271354 0.613672 0.271354
0 0.614062 0.294792 0.6375 0.294792 0.6375 0.318229 0.614062 0.318229
0 0.566797 0.309375 0.583984 0.309375 0.583984 0.336979 0.566797 0.336979
0 0.625391 0.345312 0.644922 0.345312 0.644922 0.372396 0.625391 0.372396
0 0.665234 0.363021 0.688281 0.363021 0.688281 0.381771 0.665234 0.381771
0 0.661719 0.29375 0.683594 0.29375 0.683594 0.314583 0.661719 0.314583
0 0.692188 0.321354 0.709375 0.321354 0.709375 0.350521 0.692188 0.350521
0 0.753516 0.351562 0.776953 0.351562 0.776953 0.370312 0.753516 0.370312
0 0.773828 0.386458 0.798047 0.386458 0.798047 0.409375 0.773828 0.409375
0 0.829688 0.348438 0.855469 0.348438 0.855469 0.373438 0.829688 0.373438
0 0.935547 0.36875 0.962891 0.36875 0.962891 0.388542 0.935547 0.388542
0 0.952344 0.40625 0.978125 0.40625 0.978125 0.429167 0.952344 0.429167
0 0.519531 0.543229 0.543359 0.543229 0.543359 0.564583 0.519531 0.564583
0 0.576953 0.567708 0.599219 0.567708 0.599219 0.595833 0.576953 0.595833
0 0.591016 0.519792 0.608984 0.519792 0.608984 0.545833 0.591016 0.545833
0 0.560938 0.604167 0.589062 0.604167 0.589062 0.626562 0.560938 0.626562
0 0.599609 0.634896 0.614453 0.634896 0.614453 0.668229 0.599609 0.668229
0 0.630078 0.644792 0.648438 0.644792 0.648438 0.676042 0.630078 0.676042
0 0.629297 0.590625 0.655078 0.590625 0.655078 0.6125 0.629297 0.6125
0 0.588281 0.479167 0.608594 0.479167 0.608594 0.503125 0.588281 0.503125
0 0.651172 0.528125 0.667578 0.528125 0.667578 0.560417 0.651172 0.560417
0 0.790234 0.438021 0.814062 0.438021 0.814062 0.458854 0.790234 0.458854
0 0.818359 0.408333 0.839844 0.408333 0.839844 0.432292 0.818359 0.432292
0 0.755859 0.468229 0.771094 0.468229 0.771094 0.491667 0.755859 0.491667
0 0.805078 0.471875 0.820703 0.471875 0.820703 0.503646 0.805078 0.503646
0 0.836719 0.430729 0.859766 0.430729 0.859766 0.452604 0.836719 0.452604
0 0.882812 0.470312 0.898438 0.470312 0.898438 0.500521 0.882812 0.500521
0 0.873438 0.511979 0.892578 0.511979 0.892578 0.532292 0.873438 0.532292
0 0.909766 0.511979 0.930078 0.511979 0.930078 0.541667 0.909766 0.541667
0 0.675391 0.602083 0.688672 0.602083 0.688672 0.633333 0.675391 0.633333
0 0.7 0.592708 0.720312 0.592708 0.720312 0.618229 0.7 0.618229
0 0.766016 0.572917 0.782812 0.572917 0.782812 0.602083 0.766016 0.602083
0 0.796094 0.541667 0.810547 0.541667 0.810547 0.56875 0.796094 0.56875
0 0.848047 0.541667 0.862109 0.541667 0.862109 0.56875 0.848047 0.56875
0 0.826172 0.547396 0.841797 0.547396 0.841797 0.577083 0.826172 0.577083
0 0.805859 0.59375 0.819141 0.59375 0.819141 0.627604 0.805859 0.627604
0 0.876953 0.582292 0.902734 0.582292 0.902734 0.611979 0.876953 0.611979
0 0.944141 0.598958 0.969531 0.598958 0.969531 0.618229 0.944141 0.618229
0 0.928125 0.670833 0.946875 0.670833 0.946875 0.691146 0.928125 0.691146
0 0.873047 0.6625 0.893359 0.6625 0.893359 0.681771 0.873047 0.681771
0 0.896094 0.695312 0.919922 0.695312 0.919922 0.725521 0.896094 0.725521
0 0.849219 0.628646 0.866016 0.628646 0.866016 0.658333 0.849219 0.658333
0 0.867969 0.702083 0.887891 0.702083 0.887891 0.727604 0.867969 0.727604
0 0.562891 0.675521 0.583594 0.675521 0.583594 0.7 0.562891 0.7
0 0.580078 0.70625 0.594531 0.70625 0.594531 0.735417 0.580078 0.735417
0 0.621875 0.698438 0.636719 0.698438 0.636719 0.732292 0.621875 0.732292
0 0.642969 0.726042 0.658984 0.726042 0.658984 0.757292 0.642969 0.757292
0 0.671094 0.728125 0.688672 0.728125 0.688672 0.751562 0.671094 0.751562
0 0.657812 0.680208 0.679297 0.680208 0.679297 0.704688 0.657812 0.704688
0 0.719531 0.652604 0.733984 0.652604 0.733984 0.686979 0.719531 0.686979
0 0.616406 0.751562 0.632812 0.751562 0.632812 0.788021 0.616406 0.788021
0 0.670703 0.764583 0.685938 0.764583 0.685938 0.793229 0.670703 0.793229
0 0.705469 0.798958 0.732422 0.798958 0.732422 0.820833 0.705469 0.820833
0 0.669141 0.822396 0.691406 0.822396 0.691406 0.839583 0.669141 0.839583
0 0.700391 0.84375 0.720703 0.84375 0.720703 0.875521 0.700391 0.875521
0 0.731641 0.835417 0.753906 0.835417 0.753906 0.859375 0.731641 0.859375
0 0.760547 0.6375 0.778906 0.6375 0.778906 0.657292 0.760547 0.657292
0 0.772266 0.671875 0.794922 0.671875 0.794922 0.695833 0.772266 0.695833
0 0.801172 0.704688 0.823438 0.704688 0.823438 0.726042 0.801172 0.726042
0 0.774219 0.708854 0.797656 0.708854 0.797656 0.734896 0.774219 0.734896
0 0.736719 0.734896 0.756641 0.734896 0.756641 0.757812 0.736719 0.757812
0 0.776953 0.758333 0.798828 0.758333 0.798828 0.779167 0.776953 0.779167
0 0.779688 0.794271 0.805078 0.794271 0.805078 0.811458 0.779688 0.811458
0 0.814062 0.808333 0.830469 0.808333 0.830469 0.832812 0.814062 0.832812
0 0.842969 0.788021 0.866016 0.788021 0.866016 0.810417 0.842969 0.810417
0 0.843359 0.739583 0.867188 0.739583 0.867188 0.765104 0.843359 0.765104
0 0.809766 0.751042 0.826172 0.751042 0.826172 0.786458 0.809766 0.786458
0 0.873828 0.777604 0.896875 0.777604 0.896875 0.8 0.873828 0.8
0 0.694141 0.496875 0.713672 0.496875 0.713672 0.528646 0.694141 0.528646
0 0.692578 0.545833 0.717188 0.545833 0.717188 0.56875 0.692578 0.56875