0 0.032031 0.075 0.051953 0.075 0.051953 0.101042 0.032031 0.101042
0 0.052734 0.039583 0.069531 0.039583 0.069531 0.063542 0.052734 0.063542
0 0.092578 0.004167 0.1125 0.004167 0.1125 0.023438 0.092578 0.023438
0 0.072656 0.026562 0.089844 0.026562 0.089844 0.053646 0.072656 0.053646
0 0.119531 0.019792 0.141016 0.019792 0.141016 0.04375 0.119531 0.04375
0 0.164844 0.029167 0.183594 0.029167 0.183594 0.048958 0.164844 0.048958
0 0.214453 0.022396 0.233594 0.022396 0.233594 0.043229 0.214453 0.043229
0 0.2375 0.059375 0.252734 0.059375 0.252734 0.084375 0.2375 0.084375
0 0.195703 0.072396 0.213672 0.072396 0.213672 0.095833 0.195703 0.095833
0 0.173438 0.090625 0.191797 0.090625 0.191797 0.115104 0.173438 0.115104
0 0.141016 0.08125 0.167188 0.08125 0.167188 0.104167 0.141016 0.104167
0 0.093359 0.102083 0.112109 0.102083 0.112109 0.130729 0.093359 0.130729
0 0.146875 0.125521 0.16875 0.125521 0.16875 0.145312 0.146875 0.145312
0 0.183984 0.132292 0.202734 0.132292 0.202734 0.15 0.183984 0.15
0 0.214062 0.147396 0.227344 0.147396 0.227344 0.171354 0.214062 0.171354
0 0.013672 0.154688 0.030859 0.154688 0.030859 0.18125 0.013672 0.18125
0 0.046094 0.164583 0.067969 0.164583 0.067969 0.186979 0.046094 0.186979
0 0.1 0.167708 0.115625 0.167708 0.115625 0.197917 0.1 0.197917
0 0.025781 0.214583 0.046094 0.214583 0.046094 0.2375 0.025781 0.2375
0 0.075391 0.213542 0.089453 0.213542 0.089453 0.2375 0.075391 0.2375
0 0.122266 0.20625 0.139844 0.20625 0.139844 0.226562 0.122266 0.226562
0 0.007812 0.301562 0.027734 0.301562 0.027734 0.3375 0.007812 0.3375
0 0.053125 0.281771 0.071484 0.281771 0.071484 0.308333 0.053125 0.308333
0 0.051562 0.241667 0.071484 0.241667 0.071484 0.2625 0.051562 0.2625
0 0.101172 0.264583 0.118359 0.264583 0.118359 0.289062 0.101172 0.289062
0 0.146484 0.24375 0.163672 0.24375 0.163672 0.258333 0.146484 0.258333
0 0.151953 0.276042 0.171094 0.276042 0.171094 0.293229 0.151953 0.293229
0 0.127344 0.301042 0.145703 0.301042 0.145703 0.317188 0.127344 0.317188
0 0.107031 0.345312 0.126172 0.345312 0.126172 0.3625 0.107031 0.3625
0 0.036328 0.340104 0.054297 0.340104 0.054297 0.361979 0.036328 0.361979
0 0.185156 0.3 0.202734 0.3 0.202734 0.322917 0.185156 0.322917
0 0.210547 0.345312 0.228125 0.345312 0.228125 0.365625 0.210547 0.365625
0 0.262891 0.0 0.286328 0.0 0.286328 0.016667 0.262891 0.016667
0 0.333203 0.034896 0.357422 0.034896 0.357422 0.057812 0.333203 0.057812
0 0.299219 0.044271 0.314844 0.044271 0.314844 0.079167 0.299219 0.079167
0 0.323438 0.096875 0.346484 0.096875 0.346484 0.125 0.323438 0.125
0 0.362109 0.005208 0.380859 0.005208 0.380859 0.0375 0.362109 0.0375
0 0.254688 0.126042 0.275781 0.126042 0.275781 0.143229 0.254688 0.143229
0 0.236719 0.182812 0.251953 0.182812 0.251953 0.201562 0.236719 0.201562
0 0.246875 0.291146 0.265234 0.291146 0.265234 0.314062 0.246875 0.314062
0 0.241406 0.33125 0.264844 0.33125 0.264844 0.354688 0.241406 0.354688
0 0.266797 0.3625 0.282422 0.3625 0.282422 0.389583 0.266797 0.389583
0 0.29375 0.347917 0.310156 0.347917 0.310156 0.371354 0.29375 0.371354
0 0.330859 0.332292 0.348047 0.332292 0.348047 0.358854 0.330859 0.358854
0 0.110547 0.379688 0.132812 0.379688 0.132812 0.411458 0.110547 0.411458
0 0.174219 0.396875 0.190234 0.396875 0.190234 0.425 0.174219 0.425
0 0.154297 0.435938 0.171094 0.435938 0.171094 0.455208 0.154297 0.455208
0 0.11875 0.489062 0.135547 0.489062 0.135547 0.507812 0.11875 0.507812
0 0.179688 0.496354 0.200391 0.496354 0.200391 0.517188 0.179688 0.517188
0 0.20625 0.463542 0.223438 0.463542 0.223438 0.489062 0.20625 0.489062
0 0.088672 0.525521 0.108203 0.525521 0.108203 0.545833 0.088672 0.545833
0 0.110156 0.570833 0.126172 0.570833 0.126172 0.591667 0.110156 0.591667
0 0.083203 0.571354 0.1 0.571354 0.1 0.589062 0.083203 0.589062
0 0.153125 0.540625 0.168359 0.540625 0.168359 0.570312 0.153125 0.570312
0 0.070703 0.598958 0.091406 0.598958 0.091406 0.622917 0.070703 0.622917
0 0.115625 0.642708 0.131641 0.642708 0.131641 0.669271 0.115625 0.669271
0 0.141406 0.696875 0.161328 0.696875 0.161328 0.722917 0.141406 0.722917
0 0.155078 0.615625 0.170703 0.615625 0.170703 0.635417 0.155078 0.635417
0 0.192969 0.685417 0.205078 0.685417 0.205078 0.711979 0.192969 0.711979
0 0.194531 0.730208 0.214844 0.730208 0.214844 0.755729 0.194531 0.755729
0 0.161328 0.730208 0.180078 0.730208 0.180078 0.753125 0.161328 0.753125
0 0.225 0.700521 0.246094 0.700521 0.246094 0.721354 0.225 0.721354
0 0.239453 0.629167 0.261328 0.629167 0.261328 0.647396 0.239453 0.647396
0 0.254688 0.663542 0.275781 0.663542 0.275781 0.688021 0.254688 0.688021
0 0.266797 0.608333 0.288281 0.608333 0.288281 0.634896 0.266797 0.634896
0 0.208594 0.554688 0.229297 0.554688 0.229297 0.574479 0.208594 0.574479
0 0.237109 0.576042 0.255859 0.576042 0.255859 0.597396 0.237109 0.597396
0 0.238281 0.522917 0.260547 0.522917 0.260547 0.547396 0.238281 0.547396
0 0.273828 0.497917 0.293359 0.497917 0.293359 0.522396 0.273828 0.522396
0 0.251953 0.454688 0.276562 0.454688 0.276562 0.472917 0.251953 0.472917
0 0.248828 0.403125 0.267188 0.403125 0.267188 0.422917 0.248828 0.422917
0 0.295703 0.401562 0.314453 0.401562 0.314453 0.422917 0.295703 0.422917
0 0.308984 0.435417 0.326953 0.435417 0.326953 0.456771 0.308984 0.456771
0 0.338672 0.423958 0.358984 0.423958 0.358984 0.444271 0.338672 0.444271
0 0.369531 0.369271 0.383984 0.369271 0.383984 0.396875 0.369531 0.396875
0 0.233984 0.895833 0.255469 0.895833 0.255469 0.911458 0.233984 0.911458
0 0.234375 0.928125 0.258594 0.928125 0.258594 0.950521 0.234375 0.950521
0 0.25 0.96875 0.272656 0.96875 0.272656 0.990625 0.25 0.990625
0 0.285156 0.960938 0.305078 0.960938 0.305078 0.982812 0.285156 0.982812
0 0.194531 0.861458 0.215234 0.861458 0.215234 0.879167 0.194531 0.879167
0 0.267969 0.841146 0.281641 0.841146 0.281641 0.873958 0.267969 0.873958
0 0.309375 0.847917 0.324219 0.847917 0.324219 0.877604 0.309375 0.877604
0 0.333984 0.810938 0.350391 0.810938 0.350391 0.844271 0.333984 0.844271
0 0.336328 0.917188 0.355078 0.917188 0.355078 0.943229 0.336328 0.943229
0 0.374609 0.914583 0.389844 0.914583 0.389844 0.940625 0.374609 0.940625
0 0.347656 0.9625 0.373047 0.9625 0.373047 0.983333 0.347656 0.983333
0 0.382031 0.983854 0.402344 0.983854 0.402344 0.999479 0.382031 0.999479
0 0.370703 0.86875 0.388281 0.86875 0.388281 0.890104 0.370703 0.890104
0 0.397656 0.895833 0.415234 0.895833 0.415234 0.913542 0.397656 0.913542
0 0.436328 0.916667 0.449609 0.916667 0.449609 0.940104 0.436328 0.940104
0 0.380078 0.817188 0.403516 0.817188 0.403516 0.839062 0.380078 0.839062
0 0.429688 0.844271 0.447266 0.844271 0.447266 0.870312 0.429688 0.870312
0 0.462891 0.927083 0.482031 0.927083 0.482031 0.954167 0.462891 0.954167
0 0.472656 0.885938 0.488672 0.885938 0.488672 0.906771 0.472656 0.906771
0 0.505469 0.833854 0.521875 0.833854 0.521875 0.858333 0.505469 0.858333
0 0.341797 0.760417 0.358984 0.760417 0.358984 0.784896 0.341797 0.784896
0 0.4 0.783854 0.414844 0.783854 0.414844 0.810417 0.4 0.810417
0 0.424609 0.765625 0.440234 0.765625 0.440234 0.785938 0.424609 0.785938
0 0.296094 0.671875 0.317969 0.671875 0.317969 0.690104 0.296094 0.690104
0 0.364844 0.703125 0.38125 0.703125 0.38125 0.725521 0.364844 0.725521
0 0.310156 0.608333 0.330078 0.608333 0.330078 0.63125 0.310156 0.63125
0 0.309375 0.566667 0.324609 0.566667 0.324609 0.592188 0.309375 0.592188
0 0.353125 0.600521 0.371094 0.600521 0.371094 0.625521 0.353125 0.625521
0 0.3375 0.558333 0.360547 0.558333 0.360547 0.577604 0.3375 0.577604
0 0.35 0.479688 0.371875 0.479688 0.371875 0.498958 0.35 0.498958
0 0.35 0.529688 0.366797 0.529688 0.366797 0.548958 0.35 0.548958
0 0.384766 0.519271 0.399609 0.519271 0.399609 0.547396 0.384766 0.547396
0 0.398438 0.577604 0.412109 0.577604 0.412109 0.597396 0.398438 0.597396
0 0.422266 0.571875 0.440625 0.571875 0.440625 0.593229 0.422266 0.593229
0 0.426953 0.528125 0.441016 0.528125 0.441016 0.55 0.426953 0.55
0 0.391797 0.461458 0.412109 0.461458 0.412109 0.479688 0.391797 0.479688
0 0.464844 0.511458 0.480859 0.511458 0.480859 0.546354 0.464844 0.546354
0 0.008984 0.932292 0.025391 0.932292 0.025391 0.965104 0.008984 0.965104
0 0.519531 0.973438 0.536328 0.973438 0.536328 0.995312 0.519531 0.995312
0 0.569141 0.9375 0.588672 0.9375 0.588672 0.957812 0.569141 0.957812
0 0.545703 0.885938 0.563281 0.885938 0.563281 0.902604 0.545703 0.902604
0 0.403516 0.666667 0.423828 0.666667 0.423828 0.686458 0.403516 0.686458
0 0.458203 0.655729 0.479688 0.655729 0.479688 0.684896 0.458203 0.684896
0 0.404688 0.705729 0.430469 0.705729 0.430469 0.727083 0.404688 0.727083
0 0.464062 0.73125 0.478516 0.73125 0.478516 0.754688 0.464062 0.754688
0 0.496875 0.514583 0.515234 0.514583 0.515234 0.540104 0.496875 0.540104
0 0.546875 0.6125 0.570312 0.6125 0.570312 0.631771 0.546875 0.631771
0 0.426953 0.427604 0.445312 0.427604 0.445312 0.451562 0.426953 0.451562
0 0.490234 0.431771 0.506641 0.431771 0.506641 0.455208 0.490234 0.455208
0 0.476172 0.478125 0.496094 0.478125 0.496094 0.503125 0.476172 0.503125
0 0.403516 0.383854 0.425 0.383854 0.425 0.405208 0.403516 0.405208
0 0.441016 0.369271 0.458984 0.369271 0.458984 0.398438 0.441016 0.398438
0 0.392578 0.321875 0.413281 0.321875 0.413281 0.343229 0.392578 0.343229
0 0.372266 0.275 0.388672 0.275 0.388672 0.310417 0.372266 0.310417
0 0.403125 0.278646 0.421094 0.278646 0.421094 0.305729 0.403125 0.305729
0 0.428516 0.258333 0.446484 0.258333 0.446484 0.280208 0.428516 0.280208
0 0.328125 0.205208 0.343359 0.205208 0.343359 0.229167 0.328125 0.229167
0 0.357422 0.194792 0.375 0.194792 0.375 0.228125 0.357422 0.228125
0 0.391016 0.204688 0.410156 0.204688 0.410156 0.236458 0.391016 0.236458
0 0.383594 0.158854 0.403516 0.158854 0.403516 0.186979 0.383594 0.186979
0 0.417188 0.194792 0.433203 0.194792 0.433203 0.227083 0.417188 0.227083
0 0.417578 0.144792 0.438281 0.144792 0.438281 0.173438 0.417578 0.173438
0 0.455078 0.192188 0.475391 0.192188 0.475391 0.214583 0.455078 0.214583
0 0.465234 0.240104 0.486328 0.240104 0.486328 0.264062 0.465234 0.264062
0 0.496875 0.264062 0.521094 0.264062 0.521094 0.286458 0.496875 0.286458
0 0.522656 0.205208 0.538281 0.205208 0.538281 0.236979 0.522656 0.236979
0 0.410547 0.101562 0.430469 0.101562 0.430469 0.128646 0.410547 0.128646
0 0.518359 0.077604 0.542188 0.077604 0.542188 0.110417 0.518359 0.110417
0 0.521875 0.120312 0.534766 0.120312 0.534766 0.147917 0.521875 0.147917
0 0.549219 0.11875 0.566797 0.11875 0.566797 0.139583 0.549219 0.139583
0 0.569922 0.082292 0.589453 0.082292 0.589453 0.107292 0.569922 0.107292
0 0.542969 0.065625 0.559766 0.065625 0.559766 0.0875 0.542969 0.0875
0 0.527734 0.006771 0.547266 0.006771 0.547266 0.031771 0.527734 0.031771
0 0.566016 0.024479 0.582812 0.024479 0.582812 0.051042 0.566016 0.051042
0 0.585156 0.115104 0.603516 0.115104 0.603516 0.139583 0.585156 0.139583
0 0.596484 0.163021 0.614453 0.163021 0.614453 0.194792 0.596484 0.194792
0 0.651953 0.127083 0.671875 0.127083 0.671875 0.147917 0.651953 0.147917
0 0.640234 0.082292 0.658594 0.082292 0.658594 0.10625 0.640234 0.10625
0 0.651562 0.174479 0.668359 0.174479 0.668359 0.191146 0.651562 0.191146
0 0.606641 0.041146 0.620703 0.041146 0.620703 0.071354 0.606641 0.071354
0 0.664844 0.0 0.683984 0.0 0.683984 0.033854 0.664844 0.033854
0 0.680078 0.095833 0.700781 0.095833 0.700781 0.127604 0.680078 0.127604
0 0.707422 0.126562 0.725781 0.126562 0.725781 0.153646 0.707422 0.153646
0 0.715234 0.091667 0.734375 0.091667 0.734375 0.117188 0.715234 0.117188
0 0.714453 0.058854 0.73125 0.058854 0.73125 0.081771 0.714453 0.081771
0 0.748047 0.086979 0.763672 0.086979 0.763672 0.123438 0.748047 0.123438
0 0.721875 0.008854 0.740234 0.008854 0.740234 0.025521 0.721875 0.025521
0 0.760938 0.026042 0.775781 0.026042 0.775781 0.060417 0.760938 0.060417
0 0.798828 0.0 0.817188 0.0 0.817188 0.019792 0.798828 0.019792
0 0.805859 0.053125 0.819531 0.053125 0.819531 0.081771 0.805859 0.081771
0 0.829297 0.060938 0.842188 0.060938 0.842188 0.085417 0.829297 0.085417
0 0.460938 0.33125 0.480859 0.33125 0.480859 0.35 0.460938 0.35
0 0.499219 0.323438 0.516016 0.323438 0.516016 0.347917 0.499219 0.347917
0 0.534375 0.319271 0.548047 0.319271 0.548047 0.348958 0.534375 0.348958
0 0.514062 0.375521 0.536328 0.375521 0.536328 0.4 0.514062 0.4
0 0.555859 0.376042 0.573438 0.376042 0.573438 0.407812 0.555859 0.407812
0 0.537109 0.426562 0.554688 0.426562 0.554688 0.452083 0.537109 0.452083
0 0.567578 0.428125 0.584766 0.428125 0.584766 0.459896 0.567578 0.459896
0 0.517188 0.664062 0.538281 0.664062 0.538281 0.692188 0.517188 0.692188
0 0.490625 0.803125 0.515234 0.803125 0.515234 0.828646 0.490625 0.828646
0 0.537891 0.797917 0.552734 0.797917 0.552734 0.822396 0.537891 0.822396
0 0.529297 0.761979 0.551562 0.761979 0.551562 0.784375 0.529297 0.784375
0 0.541406 0.713021 0.558984 0.713021 0.558984 0.732292 0.541406 0.732292
0 0.555469 0.647396 0.571484 0.647396 0.571484 0.672396 0.555469 0.672396
0 0.615234 0.704688 0.628906 0.704688 0.628906 0.719271 0.615234 0.719271
0 0.619141 0.828646 0.635156 0.828646 0.635156 0.846875 0.619141 0.846875
0 0.66875 0.842188 0.685547 0.842188 0.685547 0.860938 0.66875 0.860938
0 0.654688 0.923438 0.673828 0.923438 0.673828 0.949479 0.654688 0.949479
0 0.632812 0.952083 0.65 0.952083 0.65 0.974479 0.632812 0.974479
0 0.619531 0.917708 0.639844 0.917708 0.639844 0.945833 0.619531 0.945833
0 0.891797 0.006771 0.903906 0.006771 0.903906 0.028125 0.891797 0.028125
0 0.9375 0.038021 0.950391 0.038021 0.950391 0.066667 0.9375 0.066667
0 0.971484 0.040104 0.988281 0.040104 0.988281 0.072917 0.971484 0.072917
0 0.922266 0.081771 0.942578 0.081771 0.942578 0.099479 0.922266 0.099479
0 0.868359 0.093229 0.883203 0.093229 0.883203 0.124479 0.868359 0.124479
0 0.884766 0.117708 0.904688 0.117708 0.904688 0.1375 0.884766 0.1375
0 0.921875 0.11875 0.942969 0.11875 0.942969 0.138021 0.921875 0.138021
0 0.827734 0.130729 0.842188 0.130729 0.842188 0.154167 0.827734 0.154167
0 0.847266 0.15 0.868359 0.15 0.868359 0.167188 0.847266 0.167188
0 0.981641 0.094792 0.998047 0.094792 0.998047 0.123438 0.981641 0.123438
0 0.973828 0.146354 0.991797 0.146354 0.991797 0.175521 0.973828 0.175521
0 0.923828 0.173958 0.941406 0.173958 0.941406 0.196354 0.923828 0.196354
0 0.873047 0.169271 0.888281 0.169271 0.888281 0.191667 0.873047 0.191667
0 0.891797 0.208854 0.910938 0.208854 0.910938 0.226042 0.891797 0.226042
0 0.941016 0.207292 0.961328 0.207292 0.961328 0.227083 0.941016 0.227083
0 0.976562 0.195312 0.992188 0.195312 0.992188 0.216667 0.976562 0.216667
0 0.903125 0.242188 0.919531 0.242188 0.919531 0.2625 0.903125 0.2625
0 0.845312 0.216146 0.865234 0.216146 0.865234 0.233333 0.845312 0.233333
0 0.963672 0.236458 0.982031 0.236458 0.982031 0.2625 0.963672 0.2625
0 0.934766 0.248958 0.950391 0.248958 0.950391 0.268229 0.934766 0.268229
0 0.61875 0.221354 0.635938 0.221354 0.635938 0.242188 0.61875 0.242188
0 0.633594 0.249479 0.648828 0.249479 0.648828 0.269792 0.633594 0.269792
0 0.652344 0.269792 0.671875 0.269792 0.671875 0.292708 0.652344 0.292708
0 0.691797 0.233333 0.710156 0.233333 0.710156 0.254167 0.691797 0.254167
0 0.703516 0.198958 0.720703 0.198958 0.720703 0.217708 0.703516 0.217708
0 0.683594 0.163021 0.705469 0.163021 0.705469 0.180729 0.683594 0.180729
0 0.783594 0.245312 0.801562 0.245312 0.801562 0.269792 0.783594 0.269792
0 0.6625 0.354688 0.681641 0.354688 0.681641 0.378646 0.6625 0.378646
0 0.717969 0.371875 0.736719 0.371875 0.736719 0.403646 0.717969 0.403646
0 0.783984 0.332292 0.801172 0.332292 0.801172 0.368229 0.783984 0.368229
0 0.817578 0.322917 0.835156 0.322917 0.835156 0.354688 0.817578 0.354688
0 0.754688 0.3875 0.770312 0.3875 0.770312 0.421354 0.754688 0.421354
0 0.832812 0.385938 0.850781 0.385938 0.850781 0.405729 0.832812 0.405729
0 0.686719 0.416146 0.707422 0.416146 0.707422 0.435938 0.686719 0.435938
0 0.713281 0.4375 0.730078 0.4375 0.730078 0.466667 0.713281 0.466667
0 0.746875 0.45 0.762109 0.45 0.762109 0.476042 0.746875 0.476042
0 0.68125 0.457292 0.698047 0.457292 0.698047 0.482812 0.68125 0.482812
0 0.658203 0.498958 0.675781 0.498958 0.675781 0.520833 0.658203 0.520833
0 0.724219 0.509896 0.74375 0.509896 0.74375 0.532292 0.724219 0.532292
0 0.775781 0.458854 0.789453 0.458854 0.789453 0.489583 0.775781 0.489583
0 0.798047 0.45 0.814453 0.45 0.814453 0.479167 0.798047 0.479167
0 0.679688 0.548438 0.698438 0.548438 0.698438 0.56875 0.679688 0.56875
0 0.720703 0.544271 0.739844 0.544271 0.739844 0.565625 0.720703 0.565625
0 0.760547 0.567188 0.777734 0.567188 0.777734 0.589062 0.760547 0.589062
0 0.714453 0.578646 0.736719 0.578646 0.736719 0.600521 0.714453 0.600521
0 0.943359 0.354167 0.959766 0.354167 0.959766 0.38125 0.943359 0.38125
0 0.891797 0.395833 0.910156 0.395833 0.910156 0.416667 0.891797 0.416667
0 0.963672 0.41875 0.986328 0.41875 0.986328 0.440104 0.963672 0.440104
0 0.828516 0.479688 0.844922 0.479688 0.844922 0.50625 0.828516 0.50625
0 0.803516 0.3875 0.819531 0.3875 0.819531 0.413542 0.803516 0.413542
0 0.777344 0.530729 0.793359 0.530729 0.793359 0.55625 0.777344 0.55625
0 0.869141 0.451042 0.885547 0.451042 0.885547 0.482292 0.869141 0.482292
0 0.910156 0.444271 0.925391 0.444271 0.925391 0.463021 0.910156 0.463021
0 0.937109 0.489583 0.959375 0.489583 0.959375 0.507812 0.937109 0.507812
0 0.896875 0.488542 0.917578 0.488542 0.917578 0.510417 0.896875 0.510417
0 0.855469 0.496354 0.86875 0.496354 0.86875 0.522396 0.855469 0.522396
0 0.990234 0.463542 0.999609 0.463542 0.999609 0.483333 0.990234 0.483333
0 0.853516 0.542708 0.871875 0.542708 0.871875 0.573958 0.853516 0.573958
0 0.906641 0.568229 0.929688 0.568229 0.929688 0.593229 0.906641 0.593229
0 0.971484 0.521354 0.987891 0.521354 0.987891 0.536979 0.971484 0.536979
0 0.739453 0.621875 0.753516 0.621875 0.753516 0.642188 0.739453 0.642188
0 0.752734 0.645833 0.775781 0.645833 0.775781 0.659375 0.752734 0.659375
0 0.797266 0.634375 0.814062 0.634375 0.814062 0.659375 0.797266 0.659375
0 0.8375 0.61875 0.852734 0.61875 0.852734 0.639583 0.8375 0.639583
0 0.851953 0.656771 0.873047 0.656771 0.873047 0.675 0.851953 0.675
0 0.882031 0.673958 0.898438 0.673958 0.898438 0.698958 0.882031 0.698958
0 0.908594 0.695312 0.930859 0.695312 0.930859 0.715104 0.908594 0.715104
0 0.833203 0.717188 0.860156 0.717188 0.860156 0.738542 0.833203 0.738542
0 0.949609 0.632292 0.971875 0.632292 0.971875 0.645833 0.949609 0.645833
0 0.737891 0.720312 0.756641 0.720312 0.756641 0.741667 0.737891 0.741667
0 0.783984 0.729688 0.804688 0.729688 0.804688 0.753646 0.783984 0.753646
0 0.735547 0.892188 0.752734 0.892188 0.752734 0.915625 0.735547 0.915625
0 0.694531 0.891667 0.711328 0.891667 0.711328 0.917188 0.694531 0.917188
0 0.714844 0.827604 0.735156 0.827604 0.735156 0.847917 0.714844 0.847917
0 0.527344 0.483854 0.546094 0.483854 0.546094 0.501042 0.527344 0.501042