0 0.071875 0.023958 0.096875 0.023958 0.096875 0.043229 0.071875 0.043229
0 0.148438 0.007292 0.172266 0.007292 0.172266 0.026042 0.148438 0.026042
0 0.192188 0.002083 0.214844 0.002083 0.214844 0.01875 0.192188 0.01875
0 0.283984 0.002604 0.317188 0.002604 0.317188 0.025 0.283984 0.025
0 0.150391 0.048958 0.178906 0.048958 0.178906 0.067188 0.150391 0.067188
0 0.148828 0.089583 0.177734 0.089583 0.177734 0.110417 0.148828 0.110417
0 0.103906 0.066667 0.123047 0.066667 0.123047 0.08125 0.103906 0.08125
0 0.0 0.095312 0.009375 0.095312 0.009375 0.113021 0.0 0.113021
0 0.045703 0.105729 0.064453 0.105729 0.064453 0.123958 0.045703 0.123958
0 0.01875 0.138542 0.029688 0.138542 0.029688 0.167708 0.01875 0.167708
0 0.098047 0.133333 0.109375 0.133333 0.109375 0.154167 0.098047 0.154167
0 0.125781 0.136979 0.1375 0.136979 0.1375 0.159896 0.125781 0.159896
0 0.155469 0.154167 0.175391 0.154167 0.175391 0.173438 0.155469 0.173438
0 0.335547 0.091146 0.355469 0.091146 0.355469 0.120833 0.335547 0.120833
0 0.382812 0.096354 0.400781 0.096354 0.400781 0.116667 0.382812 0.116667
0 0.373438 0.149479 0.389062 0.149479 0.389062 0.176562 0.373438 0.176562
0 0.343359 0.136458 0.357812 0.136458 0.357812 0.164062 0.343359 0.164062
0 0.305859 0.120833 0.319531 0.120833 0.319531 0.150521 0.305859 0.150521
0 0.274609 0.119271 0.290625 0.119271 0.290625 0.148438 0.274609 0.148438
0 0.294531 0.158333 0.311719 0.158333 0.311719 0.188542 0.294531 0.188542
0 0.233594 0.074479 0.248438 0.074479 0.248438 0.097396 0.233594 0.097396
0 0.232812 0.179688 0.252344 0.179688 0.252344 0.213021 0.232812 0.213021
0 0.271094 0.190625 0.2875 0.190625 0.2875 0.221875 0.271094 0.221875
0 0.321875 0.219792 0.342188 0.219792 0.342188 0.245833 0.321875 0.245833
0 0.347266 0.190625 0.371094 0.190625 0.371094 0.213021 0.347266 0.213021
0 0.373047 0.216667 0.387891 0.216667 0.387891 0.245833 0.373047 0.245833
0 0.319531 0.259896 0.334375 0.259896 0.334375 0.284375 0.319531 0.284375
0 0.337109 0.292188 0.359766 0.292188 0.359766 0.315625 0.337109 0.315625
0 0.105469 0.209896 0.120703 0.209896 0.120703 0.23125 0.105469 0.23125
0 0.114844 0.241667 0.138281 0.241667 0.138281 0.264062 0.114844 0.264062
0 0.155859 0.249479 0.175 0.249479 0.175 0.269271 0.155859 0.269271
0 0.162891 0.206771 0.182812 0.206771 0.182812 0.223438 0.162891 0.223438
0 0.064844 0.317188 0.083594 0.317188 0.083594 0.343229 0.064844 0.343229
0 0.093359 0.336979 0.119922 0.336979 0.119922 0.359375 0.093359 0.359375
0 0.10625 0.298438 0.134375 0.298438 0.134375 0.321354 0.10625 0.321354
0 0.139844 0.329688 0.160938 0.329688 0.160938 0.351562 0.139844 0.351562
0 0.165234 0.293229 0.190625 0.293229 0.190625 0.314062 0.165234 0.314062
0 0.204297 0.278646 0.227734 0.278646 0.227734 0.301042 0.204297 0.301042
0 0.230469 0.309896 0.244922 0.309896 0.244922 0.339583 0.230469 0.339583
0 0.245312 0.264583 0.260938 0.264583 0.260938 0.289062 0.245312 0.289062
0 0.258594 0.314583 0.271094 0.314583 0.271094 0.339062 0.258594 0.339062
0 0.2875 0.311979 0.303125 0.311979 0.303125 0.338021 0.2875 0.338021
0 0.047656 0.167708 0.064062 0.167708 0.064062 0.185417 0.047656 0.185417
0 0.079688 0.384375 0.101172 0.384375 0.101172 0.414583 0.079688 0.414583
0 0.113672 0.390625 0.133203 0.390625 0.133203 0.409896 0.113672 0.409896
0 0.155859 0.366667 0.178906 0.366667 0.178906 0.385938 0.155859 0.385938
0 0.192969 0.391667 0.218359 0.391667 0.218359 0.413542 0.192969 0.413542
0 0.239062 0.413021 0.261328 0.413021 0.261328 0.431771 0.239062 0.431771
0 0.146094 0.413021 0.16875 0.413021 0.16875 0.427604 0.146094 0.427604
0 0.161328 0.433854 0.178516 0.433854 0.178516 0.45625 0.161328 0.45625
0 0.130078 0.445833 0.147266 0.445833 0.147266 0.461458 0.130078 0.461458
0 0.106641 0.431771 0.123047 0.431771 0.123047 0.456771 0.106641 0.456771
0 0.210156 0.464583 0.227344 0.464583 0.227344 0.491146 0.210156 0.491146
0 0.240625 0.492708 0.258203 0.492708 0.258203 0.526042 0.240625 0.526042
0 0.273047 0.49375 0.29375 0.49375 0.29375 0.520312 0.273047 0.520312
0 0.301953 0.477083 0.321094 0.477083 0.321094 0.507292 0.301953 0.507292
0 0.013672 0.509375 0.03125 0.509375 0.03125 0.530729 0.013672 0.530729
0 0.045312 0.549479 0.060156 0.549479 0.060156 0.578125 0.045312 0.578125
0 0.0 0.557292 0.014453 0.557292 0.014453 0.585417 0.0 0.585417
0 0.08125 0.515625 0.101172 0.515625 0.101172 0.544271 0.08125 0.544271
0 0.073047 0.605208 0.091797 0.605208 0.091797 0.626562 0.073047 0.626562
0 0.028906 0.621875 0.047266 0.621875 0.047266 0.650521 0.028906 0.650521
0 0.157812 0.498958 0.180469 0.498958 0.180469 0.517708 0.157812 0.517708
0 0.227344 0.523438 0.248047 0.523438 0.248047 0.541667 0.227344 0.541667
0 0.258594 0.534375 0.281641 0.534375 0.281641 0.55625 0.258594 0.55625
0 0.194531 0.545312 0.218359 0.545312 0.218359 0.566667 0.194531 0.566667
0 0.23125 0.569792 0.246094 0.569792 0.246094 0.590625 0.23125 0.590625
0 0.136719 0.586458 0.149219 0.586458 0.149219 0.611979 0.136719 0.611979
0 0.180469 0.605208 0.19375 0.605208 0.19375 0.628125 0.180469 0.628125
0 0.207422 0.640104 0.228516 0.640104 0.228516 0.665625 0.207422 0.665625
0 0.145312 0.654167 0.161719 0.654167 0.161719 0.68125 0.145312 0.68125
0 0.354688 0.398958 0.377734 0.398958 0.377734 0.419792 0.354688 0.419792
0 0.308594 0.414062 0.323047 0.414062 0.323047 0.440104 0.308594 0.440104
0 0.281641 0.4375 0.298047 0.4375 0.298047 0.457292 0.281641 0.457292
0 0.347266 0.432292 0.366016 0.432292 0.366016 0.445312 0.347266 0.445312
0 0.333984 0.458854 0.357422 0.458854 0.357422 0.477083 0.333984 0.477083
0 0.376172 0.477604 0.390625 0.477604 0.390625 0.501562 0.376172 0.501562
0 0.344531 0.500521 0.367969 0.500521 0.367969 0.513542 0.344531 0.513542
0 0.335938 0.538542 0.355859 0.538542 0.355859 0.561458 0.335938 0.561458
0 0.263672 0.592188 0.288672 0.592188 0.288672 0.6125 0.263672 0.6125
0 0.305078 0.598438 0.326172 0.598438 0.326172 0.625 0.305078 0.625
0 0.314844 0.564583 0.335938 0.564583 0.335938 0.585417 0.314844 0.585417
0 0.362891 0.603646 0.38125 0.603646 0.38125 0.625 0.362891 0.625
0 0.105078 0.640625 0.128516 0.640625 0.128516 0.659896 0.105078 0.659896
0 0.295312 0.646875 0.307422 0.646875 0.307422 0.673438 0.295312 0.673438
0 0.305859 0.7125 0.323047 0.7125 0.323047 0.732812 0.305859 0.732812
0 0.184375 0.650521 0.197266 0.650521 0.197266 0.667188 0.184375 0.667188
0 0.265234 0.686458 0.281641 0.686458 0.281641 0.705729 0.265234 0.705729
0 0.245703 0.70625 0.25625 0.70625 0.25625 0.728646 0.245703 0.728646
0 0.024219 0.669792 0.044531 0.669792 0.044531 0.685938 0.024219 0.685938
0 0.064844 0.651562 0.080859 0.651562 0.080859 0.671354 0.064844 0.671354
0 0.117578 0.699479 0.132422 0.699479 0.132422 0.73125 0.117578 0.73125
0 0.085938 0.717708 0.1 0.717708 0.1 0.74375 0.085938 0.74375
0 0.063281 0.723958 0.079688 0.723958 0.079688 0.748958 0.063281 0.748958
0 0.0375 0.708333 0.053516 0.708333 0.053516 0.728125 0.0375 0.728125
0 0.049609 0.760417 0.073438 0.760417 0.073438 0.779167 0.049609 0.779167
0 0.086719 0.780208 0.1 0.780208 0.1 0.811458 0.086719 0.811458
0 0.127734 0.763542 0.141016 0.763542 0.141016 0.796354 0.127734 0.796354
0 0.151953 0.703125 0.16875 0.703125 0.16875 0.725521 0.151953 0.725521
0 0.000781 0.807292 0.015234 0.807292 0.015234 0.828646 0.000781 0.828646
0 0.012109 0.763021 0.030859 0.763021 0.030859 0.786458 0.012109 0.786458
0 0.050781 0.822917 0.066406 0.822917 0.066406 0.843229 0.050781 0.843229
0 0.09375 0.858854 0.108203 0.858854 0.108203 0.886458 0.09375 0.886458
0 0.124609 0.866146 0.134766 0.866146 0.134766 0.891667 0.124609 0.891667
0 0.158594 0.882292 0.169922 0.882292 0.169922 0.914583 0.158594 0.914583
0 0.127344 0.816667 0.146484 0.816667 0.146484 0.841146 0.127344 0.841146
0 0.177344 0.798958 0.192578 0.798958 0.192578 0.830208 0.177344 0.830208
0 0.067969 0.901042 0.092969 0.901042 0.092969 0.915625 0.067969 0.915625
0 0.117188 0.914583 0.134766 0.914583 0.134766 0.944271 0.117188 0.944271
0 0.141016 0.928125 0.153516 0.928125 0.153516 0.960417 0.141016 0.960417
0 0.171484 0.934896 0.1875 0.934896 0.1875 0.965104 0.171484 0.965104
0 0.091016 0.942708 0.102734 0.942708 0.102734 0.967708 0.091016 0.967708
0 0.208203 0.956771 0.232812 0.956771 0.232812 0.978646 0.208203 0.978646
0 0.200391 0.910417 0.215234 0.910417 0.215234 0.938542 0.200391 0.938542
0 0.242188 0.899479 0.269141 0.899479 0.269141 0.924479 0.242188 0.924479
0 0.474609 0.023438 0.495312 0.023438 0.495312 0.041146 0.474609 0.041146
0 0.514453 0.042708 0.537891 0.042708 0.537891 0.0625 0.514453 0.0625
0 0.514844 0.071354 0.536719 0.071354 0.536719 0.091667 0.514844 0.091667
0 0.523438 0.106771 0.547266 0.106771 0.547266 0.127083 0.523438 0.127083
0 0.479688 0.096875 0.501953 0.096875 0.501953 0.116146 0.479688 0.116146
0 0.573828 0.019792 0.594922 0.019792 0.594922 0.041667 0.573828 0.041667
0 0.603125 0.022917 0.627734 0.022917 0.627734 0.046354 0.603125 0.046354
0 0.608594 0.055208 0.626953 0.055208 0.626953 0.077083 0.608594 0.077083
0 0.566406 0.076562 0.591016 0.076562 0.591016 0.096354 0.566406 0.096354
0 0.475 0.128125 0.501953 0.128125 0.501953 0.152083 0.475 0.152083
0 0.517578 0.142188 0.546484 0.142188 0.546484 0.165625 0.517578 0.165625
0 0.566797 0.157812 0.590234 0.157812 0.590234 0.184896 0.566797 0.184896
0 0.620312 0.133333 0.638281 0.133333 0.638281 0.157292 0.620312 0.157292
0 0.591797 0.13125 0.607031 0.13125 0.607031 0.157812 0.591797 0.157812
0 0.541016 0.217188 0.558594 0.217188 0.558594 0.232812 0.541016 0.232812
0 0.488281 0.170312 0.507422 0.170312 0.507422 0.195312 0.488281 0.195312
0 0.505859 0.232812 0.523828 0.232812 0.523828 0.255208 0.505859 0.255208
0 0.547656 0.253646 0.569531 0.253646 0.569531 0.271875 0.547656 0.271875
0 0.610547 0.216146 0.632422 0.216146 0.632422 0.235938 0.610547 0.235938
0 0.594141 0.18125 0.611719 0.18125 0.611719 0.203646 0.594141 0.203646
0 0.46875 0.21875 0.483594 0.21875 0.483594 0.25 0.46875 0.25
0 0.444141 0.269792 0.461719 0.269792 0.461719 0.293229 0.444141 0.293229
0 0.476953 0.276562 0.491016 0.276562 0.491016 0.304167 0.476953 0.304167
0 0.505469 0.284375 0.517969 0.284375 0.517969 0.309896 0.505469 0.309896
0 0.529688 0.266667 0.547656 0.266667 0.547656 0.296354 0.529688 0.296354
0 0.832031 0.028646 0.851953 0.028646 0.851953 0.05 0.832031 0.05
0 0.875391 0.026562 0.898828 0.026562 0.898828 0.044792 0.875391 0.044792
0 0.921875 0.034375 0.945703 0.034375 0.945703 0.059375 0.921875 0.059375
0 0.878125 0.075 0.899609 0.075 0.899609 0.091667 0.878125 0.091667
0 0.911328 0.089062 0.930469 0.089062 0.930469 0.109896 0.911328 0.109896
0 0.876562 0.113542 0.897266 0.113542 0.897266 0.135938 0.876562 0.135938
0 0.823828 0.077604 0.84375 0.077604 0.84375 0.103646 0.823828 0.103646
0 0.788672 0.040104 0.805859 0.040104 0.805859 0.064062 0.788672 0.064062
0 0.760938 0.071354 0.778516 0.071354 0.778516 0.095833 0.760938 0.095833
0 0.637891 0.090104 0.661328 0.090104 0.661328 0.105729 0.637891 0.105729
0 0.695312 0.064583 0.713281 0.064583 0.713281 0.092708 0.695312 0.092708
0 0.749609 0.097396 0.764453 0.097396 0.764453 0.121875 0.749609 0.121875
0 0.778125 0.125 0.794531 0.125 0.794531 0.157812 0.778125 0.157812
0 0.744531 0.142708 0.757422 0.142708 0.757422 0.171875 0.744531 0.171875
0 0.709766 0.132812 0.723438 0.132812 0.723438 0.157292 0.709766 0.157292
0 0.692969 0.0 0.719141 0.0 0.719141 0.020312 0.692969 0.020312
0 0.789844 0.082292 0.812891 0.082292 0.812891 0.103646 0.789844 0.103646
0 0.819922 0.147396 0.835547 0.147396 0.835547 0.175521 0.819922 0.175521
0 0.857031 0.138542 0.876562 0.138542 0.876562 0.1625 0.857031 0.1625
0 0.889844 0.184896 0.912109 0.184896 0.912109 0.207812 0.889844 0.207812
0 0.865234 0.200521 0.883203 0.200521 0.883203 0.226562 0.865234 0.226562
0 0.833203 0.240104 0.860938 0.240104 0.860938 0.266146 0.833203 0.266146
0 0.775391 0.210417 0.795312 0.210417 0.795312 0.233854 0.775391 0.233854
0 0.748828 0.188542 0.769531 0.188542 0.769531 0.202604 0.748828 0.202604
0 0.655078 0.147917 0.673828 0.147917 0.673828 0.167708 0.655078 0.167708
0 0.672656 0.177604 0.689844 0.177604 0.689844 0.197917 0.672656 0.197917
0 0.584766 0.234375 0.598047 0.234375 0.598047 0.264583 0.584766 0.264583
0 0.615625 0.269271 0.632812 0.269271 0.632812 0.293229 0.615625 0.293229
0 0.663672 0.295833 0.685156 0.295833 0.685156 0.316146 0.663672 0.316146
0 0.676172 0.238542 0.696875 0.238542 0.696875 0.263542 0.676172 0.263542
0 0.734766 0.241667 0.757031 0.241667 0.757031 0.258333 0.734766 0.258333
0 0.774219 0.272917 0.791406 0.272917 0.791406 0.290625 0.774219 0.290625
0 0.805469 0.292188 0.827344 0.292188 0.827344 0.311979 0.805469 0.311979
0 0.700391 0.328646 0.718359 0.328646 0.718359 0.346875 0.700391 0.346875
0 0.653906 0.327604 0.670312 0.327604 0.670312 0.340625 0.653906 0.340625
0 0.68125 0.370833 0.696875 0.370833 0.696875 0.389062 0.68125 0.389062
0 0.737891 0.367188 0.755859 0.367188 0.755859 0.389062 0.737891 0.389062
0 0.739844 0.299479 0.757031 0.299479 0.757031 0.317708 0.739844 0.317708
0 0.461719 0.329688 0.488281 0.329688 0.488281 0.345833 0.461719 0.345833
0 0.502344 0.330729 0.524219 0.330729 0.524219 0.351042 0.502344 0.351042
0 0.550781 0.351042 0.574219 0.351042 0.574219 0.373438 0.550781 0.373438
0 0.6 0.351042 0.625781 0.351042 0.625781 0.374479 0.6 0.374479
0 0.557422 0.319792 0.580078 0.319792 0.580078 0.334896 0.557422 0.334896
0 0.397656 0.231771 0.416016 0.231771 0.416016 0.25625 0.397656 0.25625
0 0.430469 0.393229 0.446875 0.393229 0.446875 0.416667 0.430469 0.416667
0 0.455469 0.372396 0.471094 0.372396 0.471094 0.398438 0.455469 0.398438
0 0.485547 0.391146 0.505469 0.391146 0.505469 0.4125 0.485547 0.4125
0 0.476562 0.438542 0.498828 0.438542 0.498828 0.456771 0.476562 0.456771
0 0.530078 0.404167 0.549609 0.404167 0.549609 0.419792 0.530078 0.419792
0 0.565234 0.405729 0.586328 0.405729 0.586328 0.427083 0.565234 0.427083
0 0.606641 0.410417 0.625391 0.410417 0.625391 0.438542 0.606641 0.438542
0 0.535156 0.4625 0.560938 0.4625 0.560938 0.478646 0.535156 0.478646
0 0.522266 0.489062 0.545312 0.489062 0.545312 0.5125 0.522266 0.5125
0 0.481641 0.499479 0.501172 0.499479 0.501172 0.516667 0.481641 0.516667
0 0.456641 0.477083 0.478125 0.477083 0.478125 0.495312 0.456641 0.495312
0 0.486328 0.540625 0.502344 0.540625 0.502344 0.560938 0.486328 0.560938
0 0.513281 0.523438 0.527344 0.523438 0.527344 0.551042 0.513281 0.551042
0 0.537891 0.539583 0.559375 0.539583 0.559375 0.5625 0.537891 0.5625
0 0.566797 0.586979 0.589062 0.586979 0.589062 0.6125 0.566797 0.6125
0 0.583984 0.540104 0.605859 0.540104 0.605859 0.567188 0.583984 0.567188
0 0.59375 0.494271 0.609375 0.494271 0.609375 0.517188 0.59375 0.517188
0 0.620312 0.521354 0.636719 0.521354 0.636719 0.547917 0.620312 0.547917
0 0.989844 0.274479 0.999609 0.274479 0.999609 0.304167 0.989844 0.304167
0 0.971484 0.461979 0.997266 0.461979 0.997266 0.485417 0.971484 0.485417
0 0.682031 0.425 0.704688 0.425 0.704688 0.446875 0.682031 0.446875
0 0.649219 0.385417 0.671094 0.385417 0.671094 0.409375 0.649219 0.409375
0 0.735547 0.40625 0.764062 0.40625 0.764062 0.425 0.735547 0.425
0 0.778906 0.386979 0.792578 0.386979 0.792578 0.411979 0.778906 0.411979
0 0.653906 0.504167 0.669141 0.504167 0.669141 0.529688 0.653906 0.529688
0 0.675 0.515104 0.694141 0.515104 0.694141 0.536979 0.675 0.536979
0 0.699219 0.48125 0.724219 0.48125 0.724219 0.506771 0.699219 0.506771
0 0.737109 0.482292 0.758984 0.482292 0.758984 0.505208 0.737109 0.505208
0 0.791797 0.464062 0.817188 0.464062 0.817188 0.490104 0.791797 0.490104
0 0.79375 0.503125 0.825781 0.503125 0.825781 0.524479 0.79375 0.524479
0 0.753906 0.525521 0.778516 0.525521 0.778516 0.543229 0.753906 0.543229
0 0.761719 0.577083 0.781641 0.577083 0.781641 0.601042 0.761719 0.601042
0 0.785156 0.589583 0.805859 0.589583 0.805859 0.607812 0.785156 0.607812
0 0.817578 0.586458 0.842188 0.586458 0.842188 0.604688 0.817578 0.604688
0 0.705078 0.517188 0.718359 0.517188 0.718359 0.545833 0.705078 0.545833
0 0.927344 0.617708 0.947266 0.617708 0.947266 0.641667 0.927344 0.641667
0 0.967969 0.613021 0.985547 0.613021 0.985547 0.640625 0.967969 0.640625
0 0.926172 0.660417 0.942969 0.660417 0.942969 0.6875 0.926172 0.6875
0 0.899609 0.655729 0.916797 0.655729 0.916797 0.682292 0.899609 0.682292
0 0.933203 0.720312 0.957031 0.720312 0.957031 0.738542 0.933203 0.738542
0 0.960938 0.679688 0.972656 0.679688 0.972656 0.705729 0.960938 0.705729
0 0.920703 0.786458 0.939453 0.786458 0.939453 0.807812 0.920703 0.807812
0 0.942969 0.813542 0.958203 0.813542 0.958203 0.842188 0.942969 0.842188
0 0.909375 0.852083 0.923828 0.852083 0.923828 0.871354 0.909375 0.871354
0 0.901562 0.898958 0.923047 0.898958 0.923047 0.915625 0.901562 0.915625
0 0.842188 0.78125 0.865625 0.78125 0.865625 0.796354 0.842188 0.796354
0 0.902734 0.752604 0.919922 0.752604 0.919922 0.776562 0.902734 0.776562
0 0.700781 0.609896 0.721875 0.609896 0.721875 0.627083 0.700781 0.627083
0 0.704688 0.64375 0.725391 0.64375 0.725391 0.661979 0.704688 0.661979
0 0.642188 0.557812 0.664062 0.557812 0.664062 0.58125 0.642188 0.58125
0 0.6125 0.694271 0.626562 0.694271 0.626562 0.714062 0.6125 0.714062
0 0.663281 0.721875 0.685547 0.721875 0.685547 0.740625 0.663281 0.740625
0 0.710156 0.694271 0.732422 0.694271 0.732422 0.711979 0.710156 0.711979
0 0.676172 0.676042 0.698047 0.676042 0.698047 0.695833 0.676172 0.695833
0 0.192188 0.740104 0.216406 0.740104 0.216406 0.760938 0.192188 0.760938
0 0.223438 0.764583 0.248828 0.764583 0.248828 0.788542 0.223438 0.788542
0 0.192969 0.846875 0.216797 0.846875 0.216797 0.869271 0.192969 0.869271
0 0.285547 0.805729 0.301172 0.805729 0.301172 0.826042 0.285547 0.826042
0 0.255469 0.85 0.276562 0.85 0.276562 0.874479 0.255469 0.874479
0 0.345703 0.891146 0.361328 0.891146 0.361328 0.917708 0.345703 0.917708
0 0.346484 0.932812 0.365625 0.932812 0.365625 0.959375 0.346484 0.959375
0 0.374609 0.892708 0.394141 0.892708 0.394141 0.924479 0.374609 0.924479
0 0.402734 0.899479 0.421484 0.899479 0.421484 0.922396 0.402734 0.922396
0 0.43125 0.886458 0.446484 0.886458 0.446484 0.917188 0.43125 0.917188
0 0.406641 0.857812 0.422656 0.857812 0.422656 0.883333 0.406641 0.883333
0 0.382422 0.824479 0.398047 0.824479 0.398047 0.85 0.382422 0.85
0 0.426172 0.811458 0.442578 0.811458 0.442578 0.834375 0.426172 0.834375
0 0.45625 0.816146 0.468359 0.816146 0.468359 0.848438 0.45625 0.848438
0 0.397656 0.740625 0.428906 0.740625 0.428906 0.767708 0.397656 0.767708
0 0.405469 0.777604 0.429297 0.777604 0.429297 0.797917 0.405469 0.797917
0 0.461719 0.723958 0.480078 0.723958 0.480078 0.759896 0.461719 0.759896
0 0.50625 0.791667 0.519922 0.791667 0.519922 0.817188 0.50625 0.817188
0 0.404688 0.694792 0.426953 0.694792 0.426953 0.713542 0.404688 0.713542
0 0.290625 0.745833 0.312891 0.745833 0.312891 0.765104 0.290625 0.765104
0 0.517188 0.647917 0.540234 0.647917 0.540234 0.665104 0.517188 0.665104
0 0.557422 0.653646 0.573047 0.653646 0.573047 0.675 0.557422 0.675
0 0.509766 0.696354 0.528516 0.696354 0.528516 0.711458 0.509766 0.711458
0 0.509766 0.670833 0.530078 0.670833 0.530078 0.689062 0.509766 0.689062
0 0.555859 0.717188 0.576953 0.717188 0.576953 0.736979 0.555859 0.736979
0 0.379688 0.963021 0.400391 0.963021 0.400391 0.983333 0.379688 0.983333
0 0.476562 0.896354 0.491797 0.896354 0.491797 0.920312 0.476562 0.920312
0 0.484375 0.944271 0.495703 0.944271 0.495703 0.964583 0.484375 0.964583
0 0.521484 0.953125 0.537891 0.953125 0.537891 0.982812 0.521484 0.982812
0 0.873047 0.796354 0.898828 0.796354 0.898828 0.818229 0.873047 0.818229
0 0.969922 0.85625 0.990234 0.85625 0.990234 0.876562 0.969922 0.876562
0 0.8875 0.952083 0.905078 0.952083 0.905078 0.967708 0.8875 0.967708
0 0.578906 0.79375 0.596094 0.79375 0.596094 0.821875 0.578906 0.821875
0 0.605469 0.761458 0.620312 0.761458 0.620312 0.782812 0.605469 0.782812
0 0.571094 0.739583 0.585938 0.739583 0.585938 0.771354 0.571094 0.771354
0 0.538672 0.799479 0.560938 0.799479 0.560938 0.822917 0.538672 0.822917
0 0.560156 0.870312 0.576953 0.870312 0.576953 0.899479 0.560156 0.899479
0 0.585156 0.857292 0.601953 0.857292 0.601953 0.885938 0.585156 0.885938
0 0.621094 0.847396 0.638281 0.847396 0.638281 0.881771 0.621094 0.881771
0 0.634766 0.816146 0.660547 0.816146 0.660547 0.838542 0.634766 0.838542
0 0.664844 0.881771 0.681641 0.881771 0.681641 0.901562 0.664844 0.901562
0 0.661719 0.772917 0.673047 0.772917 0.673047 0.795312 0.661719 0.795312
0 0.6125 0.930729 0.636328 0.930729 0.636328 0.955208 0.6125 0.955208
0 0.679688 0.926562 0.705859 0.926562 0.705859 0.947396 0.679688 0.947396
0 0.694141 0.782292 0.714844 0.782292 0.714844 0.798958 0.694141 0.798958