0 0.0 0.034375 0.014844 0.034375 0.014844 0.054688 0.0 0.054688
0 0.01875 0.021354 0.031641 0.021354 0.031641 0.045312 0.01875 0.045312
0 0.295312 0.006771 0.313672 0.006771 0.313672 0.033333 0.295312 0.033333
0 0.326172 0.004167 0.341016 0.004167 0.341016 0.033333 0.326172 0.033333
0 0.344141 0.0 0.365234 0.0 0.365234 0.015625 0.344141 0.015625
0 0.269141 0.036458 0.284766 0.036458 0.284766 0.066146 0.269141 0.066146
0 0.298047 0.045833 0.315234 0.045833 0.315234 0.073438 0.298047 0.073438
0 0.329297 0.045833 0.350391 0.045833 0.350391 0.074479 0.329297 0.074479
0 0.367578 0.013021 0.388672 0.013021 0.388672 0.040625 0.367578 0.040625
0 0.397266 0.0 0.421875 0.0 0.421875 0.019792 0.397266 0.019792
0 0.236328 0.04375 0.254688 0.04375 0.254688 0.071875 0.236328 0.071875
0 0.214844 0.042708 0.232422 0.042708 0.232422 0.066146 0.214844 0.066146
0 0.210156 0.071875 0.230078 0.071875 0.230078 0.095312 0.210156 0.095312
0 0.234375 0.096354 0.251563 0.096354 0.251563 0.119792 0.234375 0.119792
0 0.257422 0.092708 0.275391 0.092708 0.275391 0.125 0.257422 0.125
0 0.283203 0.104167 0.301953 0.104167 0.301953 0.129167 0.283203 0.129167
0 0.199609 0.121875 0.212891 0.121875 0.212891 0.139583 0.199609 0.139583
0 0.264844 0.148958 0.280469 0.148958 0.280469 0.173438 0.264844 0.173438
0 0.188672 0.153646 0.208984 0.153646 0.208984 0.176042 0.188672 0.176042
0 0.209766 0.202083 0.224609 0.202083 0.224609 0.226562 0.209766 0.226562
0 0.247656 0.207292 0.265625 0.207292 0.265625 0.235417 0.247656 0.235417
0 0.179297 0.222396 0.200391 0.222396 0.200391 0.253646 0.179297 0.253646
0 0.121484 0.16875 0.142969 0.16875 0.142969 0.193229 0.121484 0.193229
0 0.16875 0.186458 0.185547 0.186458 0.185547 0.213542 0.16875 0.213542
0 0.207422 0.250521 0.229297 0.250521 0.229297 0.272396 0.207422 0.272396
0 0.212891 0.278125 0.237109 0.278125 0.237109 0.3 0.212891 0.3
0 0.096484 0.207292 0.112891 0.207292 0.112891 0.233854 0.096484 0.233854
0 0.121094 0.213542 0.136719 0.213542 0.136719 0.240625 0.121094 0.240625
0 0.152734 0.246875 0.173828 0.246875 0.173828 0.276042 0.152734 0.276042
0 0.132422 0.255729 0.152734 0.255729 0.152734 0.280208 0.132422 0.280208
0 0.142969 0.296875 0.166406 0.296875 0.166406 0.320833 0.142969 0.320833
0 0.106641 0.271875 0.125 0.271875 0.125 0.297917 0.106641 0.297917
0 0.073047 0.267188 0.093359 0.267188 0.093359 0.296875 0.073047 0.296875
0 0.444922 0.107812 0.463672 0.107812 0.463672 0.133854 0.444922 0.133854
0 0.437109 0.141146 0.457812 0.141146 0.457812 0.161458 0.437109 0.161458
0 0.430078 0.184375 0.45 0.184375 0.45 0.20625 0.430078 0.20625
0 0.387891 0.119792 0.403516 0.119792 0.403516 0.139062 0.387891 0.139062
0 0.365234 0.1625 0.385938 0.1625 0.385938 0.1875 0.365234 0.1875
0 0.407422 0.183333 0.422656 0.183333 0.422656 0.207812 0.407422 0.207812
0 0.432031 0.234896 0.454688 0.234896 0.454688 0.255729 0.432031 0.255729
0 0.387109 0.214062 0.408984 0.214062 0.408984 0.238542 0.387109 0.238542
0 0.351562 0.208333 0.373438 0.208333 0.373438 0.233333 0.351562 0.233333
0 0.467578 0.008333 0.482422 0.008333 0.482422 0.036458 0.467578 0.036458
0 0.5 0.028646 0.517578 0.028646 0.517578 0.056771 0.5 0.056771
0 0.538672 0.079688 0.557812 0.079688 0.557812 0.1 0.538672 0.1
0 0.5375 0.002604 0.553516 0.002604 0.553516 0.026042 0.5375 0.026042
0 0.571875 0.0 0.585938 0.0 0.585938 0.016667 0.571875 0.016667
0 0.591016 0.008333 0.609375 0.008333 0.609375 0.032812 0.591016 0.032812
0 0.617578 0.076042 0.634766 0.076042 0.634766 0.102083 0.617578 0.102083
0 0.633984 0.045312 0.650391 0.045312 0.650391 0.078125 0.633984 0.078125
0 0.730469 0.005729 0.750391 0.005729 0.750391 0.03125 0.730469 0.03125
0 0.754297 0.0 0.769141 0.0 0.769141 0.025521 0.754297 0.025521
0 0.774609 0.025521 0.791016 0.025521 0.791016 0.058333 0.774609 0.058333
0 0.808594 0.007812 0.826953 0.007812 0.826953 0.033333 0.808594 0.033333
0 0.834766 0.011458 0.858594 0.011458 0.858594 0.033333 0.834766 0.033333
0 0.847656 0.052604 0.868359 0.052604 0.868359 0.080729 0.847656 0.080729
0 0.658984 0.057292 0.682422 0.057292 0.682422 0.085417 0.658984 0.085417
0 0.697266 0.069792 0.714453 0.069792 0.714453 0.101562 0.697266 0.101562
0 0.738281 0.047917 0.758984 0.047917 0.758984 0.069792 0.738281 0.069792
0 0.755078 0.083333 0.779688 0.083333 0.779688 0.110938 0.755078 0.110938
0 0.772266 0.127604 0.792969 0.127604 0.792969 0.157292 0.772266 0.157292
0 0.644141 0.097917 0.666016 0.097917 0.666016 0.129167 0.644141 0.129167
0 0.667969 0.123438 0.685938 0.123438 0.685938 0.147917 0.667969 0.147917
0 0.7 0.129167 0.71875 0.129167 0.71875 0.165625 0.7 0.165625
0 0.635547 0.149479 0.657422 0.149479 0.657422 0.179688 0.635547 0.179688
0 0.598828 0.134375 0.614062 0.134375 0.614062 0.160938 0.598828 0.160938
0 0.566016 0.208854 0.584766 0.208854 0.584766 0.235938 0.566016 0.235938
0 0.600391 0.197396 0.621875 0.197396 0.621875 0.222917 0.600391 0.222917
0 0.645312 0.200521 0.665625 0.200521 0.665625 0.232812 0.645312 0.232812
0 0.666797 0.183854 0.682422 0.183854 0.682422 0.213542 0.666797 0.213542
0 0.684375 0.16875 0.701953 0.16875 0.701953 0.190104 0.684375 0.190104
0 0.723047 0.168229 0.742969 0.168229 0.742969 0.193229 0.723047 0.193229
0 0.748047 0.199479 0.762891 0.199479 0.762891 0.226562 0.748047 0.226562
0 0.785547 0.177083 0.808594 0.177083 0.808594 0.198438 0.785547 0.198438
0 0.685547 0.215104 0.704297 0.215104 0.704297 0.242188 0.685547 0.242188
0 0.705859 0.226562 0.719922 0.226562 0.719922 0.257292 0.705859 0.257292
0 0.637891 0.242708 0.660938 0.242708 0.660938 0.269271 0.637891 0.269271
0 0.610156 0.224479 0.630078 0.224479 0.630078 0.243229 0.610156 0.243229
0 0.598047 0.248438 0.623047 0.248438 0.623047 0.269271 0.598047 0.269271
0 0.611328 0.277604 0.635938 0.277604 0.635938 0.300521 0.611328 0.300521
0 0.803516 0.073958 0.822266 0.073958 0.822266 0.101042 0.803516 0.101042
0 0.828125 0.097396 0.842188 0.097396 0.842188 0.121354 0.828125 0.121354
0 0.890625 0.070833 0.910547 0.070833 0.910547 0.097917 0.890625 0.097917
0 0.872266 0.007292 0.891406 0.007292 0.891406 0.036458 0.872266 0.036458
0 0.876172 0.114062 0.899609 0.114062 0.899609 0.139062 0.876172 0.139062
0 0.915234 0.102083 0.93125 0.102083 0.93125 0.13125 0.915234 0.13125
0 0.921875 0.139583 0.942969 0.139583 0.942969 0.164583 0.921875 0.164583
0 0.959766 0.143229 0.978516 0.143229 0.978516 0.170312 0.959766 0.170312
0 0.888281 0.151042 0.907422 0.151042 0.907422 0.172396 0.888281 0.172396
0 0.847656 0.203646 0.873438 0.203646 0.873438 0.226562 0.847656 0.226562
0 0.900391 0.228125 0.91875 0.228125 0.91875 0.251563 0.900391 0.251563
0 0.843359 0.242188 0.857031 0.242188 0.857031 0.266667 0.843359 0.266667
0 0.861719 0.252083 0.876562 0.252083 0.876562 0.278646 0.861719 0.278646
0 0.885938 0.270312 0.907422 0.270312 0.907422 0.3 0.885938 0.3
0 0.920312 0.283854 0.941406 0.283854 0.941406 0.308333 0.920312 0.308333
0 0.853906 0.339583 0.871875 0.339583 0.871875 0.363021 0.853906 0.363021
0 0.878125 0.352604 0.894922 0.352604 0.894922 0.375 0.878125 0.375
0 0.889453 0.326562 0.910938 0.326562 0.910938 0.35 0.889453 0.35
0 0.919141 0.330208 0.942969 0.330208 0.942969 0.355729 0.919141 0.355729
0 0.930078 0.378646 0.951562 0.378646 0.951562 0.4125 0.930078 0.4125
0 0.957031 0.380729 0.975391 0.380729 0.975391 0.410938 0.957031 0.410938
0 0.9 0.379688 0.920703 0.379688 0.920703 0.402604 0.9 0.402604
0 0.885547 0.401562 0.910938 0.401562 0.910938 0.430208 0.885547 0.430208
0 0.902344 0.434896 0.928125 0.434896 0.928125 0.459896 0.902344 0.459896
0 0.849609 0.407812 0.872656 0.407812 0.872656 0.444271 0.849609 0.444271
0 0.828516 0.388021 0.853125 0.388021 0.853125 0.409896 0.828516 0.409896
0 0.482422 0.186979 0.502734 0.186979 0.502734 0.208333 0.482422 0.208333
0 0.313672 0.234375 0.334766 0.234375 0.334766 0.257292 0.313672 0.257292
0 0.329688 0.257292 0.35 0.257292 0.35 0.274479 0.329688 0.274479
0 0.337891 0.275521 0.354297 0.275521 0.354297 0.295312 0.337891 0.295312
0 0.357422 0.282292 0.373438 0.282292 0.373438 0.307292 0.357422 0.307292
0 0.386719 0.272917 0.404688 0.272917 0.404688 0.298438 0.386719 0.298438
0 0.417969 0.263021 0.435547 0.263021 0.435547 0.2875 0.417969 0.2875
0 0.423047 0.294792 0.442578 0.294792 0.442578 0.322917 0.423047 0.322917
0 0.442578 0.283333 0.458984 0.283333 0.458984 0.303125 0.442578 0.303125
0 0.455469 0.254167 0.473047 0.254167 0.473047 0.275521 0.455469 0.275521
0 0.356641 0.317708 0.376562 0.317708 0.376562 0.334896 0.356641 0.334896
0 0.001172 0.40625 0.015234 0.40625 0.015234 0.434896 0.001172 0.434896
0 0.017578 0.435938 0.036328 0.435938 0.036328 0.459375 0.017578 0.459375
0 0.028516 0.40625 0.049219 0.40625 0.049219 0.435417 0.028516 0.435417
0 0.105859 0.3875 0.125391 0.3875 0.125391 0.408854 0.105859 0.408854
0 0.113672 0.429167 0.133984 0.429167 0.133984 0.455729 0.113672 0.455729
0 0.164062 0.405208 0.183594 0.405208 0.183594 0.438021 0.164062 0.438021
0 0.179688 0.391146 0.202344 0.391146 0.202344 0.413542 0.179688 0.413542
0 0.675391 0.286979 0.704297 0.286979 0.704297 0.310938 0.675391 0.310938
0 0.601953 0.307292 0.620312 0.307292 0.620312 0.334375 0.601953 0.334375
0 0.555469 0.304167 0.577734 0.304167 0.577734 0.325521 0.555469 0.325521
0 0.55625 0.329167 0.581641 0.329167 0.581641 0.35 0.55625 0.35
0 0.441797 0.328125 0.463672 0.328125 0.463672 0.351042 0.441797 0.351042
0 0.423828 0.336979 0.441406 0.336979 0.441406 0.360417 0.423828 0.360417
0 0.532031 0.334896 0.542188 0.334896 0.542188 0.357812 0.532031 0.357812
0 0.577344 0.359375 0.599609 0.359375 0.599609 0.380729 0.577344 0.380729
0 0.612891 0.372396 0.629688 0.372396 0.629688 0.397917 0.612891 0.397917
0 0.553516 0.385938 0.573438 0.385938 0.573438 0.416667 0.553516 0.416667
0 0.593359 0.401042 0.616797 0.401042 0.616797 0.428125 0.593359 0.428125
0 0.628516 0.317708 0.647656 0.317708 0.647656 0.340104 0.628516 0.340104
0 0.672656 0.35 0.690625 0.35 0.690625 0.369792 0.672656 0.369792
0 0.647656 0.386979 0.669922 0.386979 0.669922 0.407292 0.647656 0.407292
0 0.542969 0.440104 0.565625 0.440104 0.565625 0.464583 0.542969 0.464583
0 0.585938 0.450521 0.601172 0.450521 0.601172 0.476562 0.585938 0.476562
0 0.64375 0.420833 0.6625 0.420833 0.6625 0.441146 0.64375 0.441146
0 0.677734 0.407812 0.696875 0.407812 0.696875 0.438021 0.677734 0.438021
0 0.634375 0.441146 0.653125 0.441146 0.653125 0.467188 0.634375 0.467188
0 0.696875 0.379688 0.714062 0.379688 0.714062 0.406771 0.696875 0.406771
0 0.707031 0.41875 0.723438 0.41875 0.723438 0.44375 0.707031 0.44375
0 0.728125 0.403125 0.742969 0.403125 0.742969 0.430729 0.728125 0.430729
0 0.750391 0.428646 0.773828 0.428646 0.773828 0.446354 0.750391 0.446354
0 0.757031 0.455208 0.780859 0.455208 0.780859 0.477604 0.757031 0.477604
0 0.757422 0.489583 0.775781 0.489583 0.775781 0.507292 0.757422 0.507292
0 0.662891 0.453646 0.683984 0.453646 0.683984 0.482812 0.662891 0.482812
0 0.694141 0.485417 0.717188 0.485417 0.717188 0.510417 0.694141 0.510417
0 0.757812 0.384896 0.780078 0.384896 0.780078 0.406771 0.757812 0.406771
0 0.898047 0.470833 0.919531 0.470833 0.919531 0.494792 0.898047 0.494792
0 0.908594 0.5 0.926953 0.5 0.926953 0.526562 0.908594 0.526562
0 0.820312 0.530208 0.834375 0.530208 0.834375 0.559375 0.820312 0.559375
0 0.792188 0.542708 0.813281 0.542708 0.813281 0.569271 0.792188 0.569271
0 0.840234 0.585417 0.860547 0.585417 0.860547 0.616667 0.840234 0.616667
0 0.803516 0.585938 0.823828 0.585938 0.823828 0.613021 0.803516 0.613021
0 0.241797 0.351562 0.263672 0.351562 0.263672 0.384896 0.241797 0.384896
0 0.289062 0.391146 0.308984 0.391146 0.308984 0.415104 0.289062 0.415104
0 0.297656 0.363542 0.316797 0.363542 0.316797 0.384375 0.297656 0.384375
0 0.357031 0.369271 0.376562 0.369271 0.376562 0.391146 0.357031 0.391146
0 0.3625 0.403125 0.385156 0.403125 0.385156 0.425521 0.3625 0.425521
0 0.337109 0.451562 0.359375 0.451562 0.359375 0.477083 0.337109 0.477083
0 0.311719 0.413542 0.328125 0.413542 0.328125 0.434896 0.311719 0.434896
0 0.338672 0.404688 0.354688 0.404688 0.354688 0.425521 0.338672 0.425521
0 0.210156 0.430208 0.226172 0.430208 0.226172 0.459375 0.210156 0.459375
0 0.241797 0.436458 0.260547 0.436458 0.260547 0.460938 0.241797 0.460938
0 0.266406 0.439583 0.287109 0.439583 0.287109 0.466146 0.266406 0.466146
0 0.008594 0.473958 0.023828 0.473958 0.023828 0.50625 0.008594 0.50625
0 0.05 0.471354 0.067969 0.471354 0.067969 0.501042 0.05 0.501042
0 0.085547 0.469271 0.103516 0.469271 0.103516 0.503646 0.085547 0.503646
0 0.128125 0.477083 0.146875 0.477083 0.146875 0.498438 0.128125 0.498438
0 0.160547 0.448438 0.182812 0.448438 0.182812 0.472396 0.160547 0.472396
0 0.161328 0.485938 0.178125 0.485938 0.178125 0.507812 0.161328 0.507812
0 0.181641 0.475 0.200391 0.475 0.200391 0.49375 0.181641 0.49375
0 0.06875 0.501562 0.084375 0.501562 0.084375 0.520312 0.06875 0.520312
0 0.035938 0.513021 0.053906 0.513021 0.053906 0.533333 0.035938 0.533333
0 0.051953 0.547917 0.075 0.547917 0.075 0.567708 0.051953 0.567708
0 0.087109 0.554167 0.110547 0.554167 0.110547 0.578125 0.087109 0.578125
0 0.092578 0.516667 0.108594 0.516667 0.108594 0.549479 0.092578 0.549479
0 0.113281 0.521354 0.131641 0.521354 0.131641 0.549479 0.113281 0.549479
0 0.139062 0.5125 0.157812 0.5125 0.157812 0.531771 0.139062 0.531771
0 0.173828 0.541667 0.192188 0.541667 0.192188 0.567708 0.173828 0.567708
0 0.217188 0.482812 0.238672 0.482812 0.238672 0.510417 0.217188 0.510417
0 0.205859 0.541146 0.21875 0.541146 0.21875 0.563542 0.205859 0.563542
0 0.300781 0.441667 0.320312 0.441667 0.320312 0.463021 0.300781 0.463021
0 0.405469 0.4125 0.424219 0.4125 0.424219 0.434896 0.405469 0.434896
0 0.378125 0.453125 0.397266 0.453125 0.397266 0.480208 0.378125 0.480208
0 0.403906 0.450521 0.421875 0.450521 0.421875 0.4875 0.403906 0.4875
0 0.526172 0.405208 0.545703 0.405208 0.545703 0.425 0.526172 0.425
0 0.458594 0.498438 0.478516 0.498438 0.478516 0.528125 0.458594 0.528125
0 0.496875 0.527604 0.517188 0.527604 0.517188 0.553125 0.496875 0.553125
0 0.448438 0.547917 0.466016 0.547917 0.466016 0.579688 0.448438 0.579688
0 0.429297 0.574479 0.448438 0.574479 0.448438 0.604688 0.429297 0.604688
0 0.375 0.51875 0.392578 0.51875 0.392578 0.545833 0.375 0.545833
0 0.371484 0.55625 0.389062 0.55625 0.389062 0.582812 0.371484 0.582812
0 0.008594 0.601562 0.024219 0.601562 0.024219 0.624479 0.008594 0.624479
0 0.034375 0.616146 0.052734 0.616146 0.052734 0.632292 0.034375 0.632292
0 0.042969 0.585417 0.059375 0.585417 0.059375 0.60625 0.042969 0.60625
0 0.066016 0.592188 0.082031 0.592188 0.082031 0.620312 0.066016 0.620312
0 0.302734 0.49375 0.319141 0.49375 0.319141 0.525 0.302734 0.525
0 0.328906 0.523438 0.346094 0.523438 0.346094 0.545312 0.328906 0.545312
0 0.333984 0.553125 0.349609 0.553125 0.349609 0.579167 0.333984 0.579167
0 0.264844 0.526042 0.282422 0.526042 0.282422 0.547396 0.264844 0.547396
0 0.245312 0.557292 0.263281 0.557292 0.263281 0.583854 0.245312 0.583854
0 0.695312 0.529688 0.713281 0.529688 0.713281 0.546354 0.695312 0.546354
0 0.723438 0.5125 0.739844 0.5125 0.739844 0.535938 0.723438 0.535938
0 0.759766 0.578646 0.773438 0.578646 0.773438 0.603125 0.759766 0.603125
0 0.780078 0.615104 0.804688 0.615104 0.804688 0.6375 0.780078 0.6375
0 0.772656 0.651562 0.790625 0.651562 0.790625 0.673438 0.772656 0.673438
0 0.740625 0.592188 0.755859 0.592188 0.755859 0.620312 0.740625 0.620312
0 0.69375 0.604688 0.716016 0.604688 0.716016 0.627083 0.69375 0.627083
0 0.705859 0.667188 0.731641 0.667188 0.731641 0.690104 0.705859 0.690104
0 0.696875 0.647396 0.713672 0.647396 0.713672 0.665625 0.696875 0.665625
0 0.657031 0.635938 0.678125 0.635938 0.678125 0.659375 0.657031 0.659375
0 0.623047 0.653646 0.640234 0.653646 0.640234 0.680208 0.623047 0.680208
0 0.644531 0.670312 0.6625 0.670312 0.6625 0.695833 0.644531 0.695833
0 0.675 0.697917 0.692969 0.697917 0.692969 0.720312 0.675 0.720312
0 0.701953 0.701042 0.725 0.701042 0.725 0.723958 0.701953 0.723958
0 0.669141 0.532812 0.686328 0.532812 0.686328 0.554167 0.669141 0.554167
0 0.670312 0.561458 0.687109 0.561458 0.687109 0.583333 0.670312 0.583333
0 0.647266 0.556771 0.665625 0.556771 0.665625 0.575521 0.647266 0.575521
0 0.658594 0.598958 0.678125 0.598958 0.678125 0.619271 0.658594 0.619271
0 0.698828 0.563021 0.715625 0.563021 0.715625 0.58125 0.698828 0.58125
0 0.592969 0.582812 0.607031 0.582812 0.607031 0.608854 0.592969 0.608854
0 0.605078 0.618229 0.626953 0.618229 0.626953 0.639583 0.605078 0.639583
0 0.555859 0.601042 0.571094 0.601042 0.571094 0.627604 0.555859 0.627604
0 0.535547 0.576562 0.550781 0.576562 0.550781 0.602604 0.535547 0.602604
0 0.491406 0.583854 0.512891 0.583854 0.512891 0.607812 0.491406 0.607812
0 0.506641 0.619271 0.525391 0.619271 0.525391 0.647917 0.506641 0.647917
0 0.527734 0.639062 0.549219 0.639062 0.549219 0.659375 0.527734 0.659375
0 0.635938 0.481771 0.649609 0.481771 0.649609 0.500521 0.635938 0.500521
0 0.891797 0.683333 0.910938 0.683333 0.910938 0.710938 0.891797 0.710938
0 0.923438 0.674479 0.937891 0.674479 0.937891 0.696875 0.923438 0.696875
0 0.935156 0.696875 0.955078 0.696875 0.955078 0.727083 0.935156 0.727083
0 0.966797 0.696875 0.987109 0.696875 0.987109 0.73125 0.966797 0.73125
0 0.913281 0.720833 0.933203 0.720833 0.933203 0.749479 0.913281 0.749479
0 0.941797 0.741667 0.964062 0.741667 0.964062 0.767708 0.941797 0.767708
0 0.946094 0.774479 0.967969 0.774479 0.967969 0.797917 0.946094 0.797917
0 0.935938 0.807812 0.954297 0.807812 0.954297 0.835938 0.935938 0.835938
0 0.963281 0.822917 0.980469 0.822917 0.980469 0.851562 0.963281 0.851562
0 0.864844 0.747917 0.881641 0.747917 0.881641 0.776562 0.864844 0.776562
0 0.903906 0.802083 0.917188 0.802083 0.917188 0.833333 0.903906 0.833333
0 0.884766 0.786458 0.900391 0.786458 0.900391 0.815625 0.884766 0.815625
0 0.848047 0.768229 0.863672 0.768229 0.863672 0.795312 0.848047 0.795312
0 0.866016 0.816146 0.884766 0.816146 0.884766 0.852083 0.866016 0.852083
0 0.826172 0.790625 0.841406 0.790625 0.841406 0.817708 0.826172 0.817708
0 0.826172 0.822396 0.845703 0.822396 0.845703 0.849479 0.826172 0.849479
0 0.808594 0.840625 0.826953 0.840625 0.826953 0.860417 0.808594 0.860417
0 0.903906 0.857292 0.924219 0.857292 0.924219 0.884375 0.903906 0.884375
0 0.889062 0.882812 0.908594 0.882812 0.908594 0.908854 0.889062 0.908854
0 0.975391 0.896875 0.989062 0.896875 0.989062 0.929688 0.975391 0.929688
0 0.943359 0.856771 0.960547 0.856771 0.960547 0.889583 0.943359 0.889583
0 0.964453 0.934375 0.984375 0.934375 0.984375 0.964062 0.964453 0.964062
0 0.946094 0.951562 0.962109 0.951562 0.962109 0.975521 0.946094 0.975521
0 0.905078 0.948958 0.928516 0.948958 0.928516 0.973958 0.905078 0.973958
0 0.859375 0.885938 0.876562 0.885938 0.876562 0.919271 0.859375 0.919271
0 0.837109 0.939062 0.856641 0.939062 0.856641 0.967708 0.837109 0.967708
0 0.815625 0.971354 0.835938 0.971354 0.835938 0.994271 0.815625 0.994271
0 0.773047 0.946354 0.794531 0.946354 0.794531 0.972917 0.773047 0.972917
0 0.796875 0.925521 0.821094 0.925521 0.821094 0.947917 0.796875 0.947917
0 0.795703 0.889583 0.817969 0.889583 0.817969 0.917188 0.795703 0.917188
0 0.806641 0.86875 0.830469 0.86875 0.830469 0.891146 0.806641 0.891146
0 0.766406 0.895312 0.782812 0.895312 0.782812 0.91875 0.766406 0.91875
0 0.751562 0.909375 0.767188 0.909375 0.767188 0.930208 0.751562 0.930208
0 0.728516 0.931771 0.746094 0.931771 0.746094 0.952083 0.728516 0.952083
0 0.7375 0.972917 0.762109 0.972917 0.762109 0.996354 0.7375 0.996354
0 0.780078 0.872396 0.793359 0.872396 0.793359 0.894271 0.780078 0.894271
0 0.633984 0.721875 0.649609 0.721875 0.649609 0.754167 0.633984 0.754167
0 0.667188 0.741146 0.685156 0.741146 0.685156 0.769271 0.667188 0.769271
0 0.689453 0.755208 0.708984 0.755208 0.708984 0.786979 0.689453 0.786979
0 0.676953 0.80625 0.695312 0.80625 0.695312 0.842708 0.676953 0.842708
0 0.65 0.795833 0.665625 0.795833 0.665625 0.829167 0.65 0.829167
0 0.613672 0.802083 0.633203 0.802083 0.633203 0.832292 0.613672 0.832292
0 0.604688 0.766667 0.626562 0.766667 0.626562 0.792188 0.604688 0.792188
0 0.624609 0.842188 0.641016 0.842188 0.641016 0.868229 0.624609 0.868229
0 0.65 0.848958 0.672656 0.848958 0.672656 0.874479 0.65 0.874479
0 0.594141 0.850521 0.612109 0.850521 0.612109 0.879688 0.594141 0.879688
0 0.623438 0.872396 0.646094 0.872396 0.646094 0.896875 0.623438 0.896875
0 0.573828 0.898958 0.598828 0.898958 0.598828 0.920833 0.573828 0.920833
0 0.754688 0.726042 0.773438 0.726042 0.773438 0.746875 0.754688 0.746875
0 0.442188 0.624479 0.459375 0.624479 0.459375 0.652604 0.442188 0.652604
0 0.466016 0.610938 0.485938 0.610938 0.485938 0.636979 0.466016 0.636979
0 0.484375 0.660417 0.50625 0.660417 0.50625 0.684375 0.484375 0.684375
0 0.496484 0.689583 0.517969 0.689583 0.517969 0.7125 0.496484 0.7125
0 0.497656 0.719792 0.51875 0.719792 0.51875 0.739062 0.497656 0.739062
0 0.548438 0.706771 0.565234 0.706771 0.565234 0.736458 0.548438 0.736458
0 0.577344 0.714062 0.593359 0.714062 0.593359 0.745833 0.577344 0.745833
0 0.562891 0.768229 0.580078 0.768229 0.580078 0.804688 0.562891 0.804688
0 0.532422 0.763542 0.550781 0.763542 0.550781 0.792708 0.532422 0.792708
0 0.512891 0.794271 0.536719 0.794271 0.536719 0.817708 0.512891 0.817708
0 0.497656 0.767188 0.519141 0.767188 0.519141 0.795833 0.497656 0.795833
0 0.477734 0.753125 0.49375 0.753125 0.49375 0.785417 0.477734 0.785417
0 0.462109 0.711979 0.481641 0.711979 0.481641 0.748438 0.462109 0.748438
0 0.432422 0.714062 0.451953 0.714062 0.451953 0.751562 0.432422 0.751562
0 0.428125 0.682812 0.451953 0.682812 0.451953 0.709375 0.428125 0.709375
0 0.414062 0.638542 0.431641 0.638542 0.431641 0.669271 0.414062 0.669271
0 0.165625 0.589583 0.178906 0.589583 0.178906 0.613021 0.165625 0.613021
0 0.188672 0.60625 0.206641 0.60625 0.206641 0.625 0.188672 0.625
0 0.237891 0.628125 0.255078 0.628125 0.255078 0.651042 0.237891 0.651042
0 0.258203 0.655208 0.272266 0.655208 0.272266 0.68125 0.258203 0.68125
0 0.295703 0.66875 0.314844 0.66875 0.314844 0.696875 0.295703 0.696875
0 0.315625 0.633333 0.333594 0.633333 0.333594 0.660938 0.315625 0.660938
0 0.223047 0.663021 0.242188 0.663021 0.242188 0.691667 0.223047 0.691667
0 0.263281 0.690625 0.284766 0.690625 0.284766 0.716146 0.263281 0.716146
0 0.224609 0.713542 0.246875 0.713542 0.246875 0.741146 0.224609 0.741146
0 0.184375 0.691667 0.201172 0.691667 0.201172 0.722917 0.184375 0.722917
0 0.183594 0.651562 0.2 0.651562 0.2 0.679167 0.183594 0.679167
0 0.154297 0.629167 0.173828 0.629167 0.173828 0.646875 0.154297 0.646875
0 0.144531 0.651042 0.164453 0.651042 0.164453 0.679167 0.144531 0.679167
0 0.122656 0.681771 0.15 0.681771 0.15 0.710938 0.122656 0.710938
0 0.136719 0.720312 0.159375 0.720312 0.159375 0.74375 0.136719 0.74375
0 0.1 0.633333 0.116016 0.633333 0.116016 0.663542 0.1 0.663542
0 0.082812 0.680729 0.107422 0.680729 0.107422 0.70625 0.082812 0.70625
0 0.070312 0.653125 0.087891 0.653125 0.087891 0.678125 0.070312 0.678125
0 0.371875 0.689062 0.392188 0.689062 0.392188 0.718229 0.371875 0.718229
0 0.398047 0.705208 0.416406 0.705208 0.416406 0.732292 0.398047 0.732292
0 0.399609 0.739583 0.421875 0.739583 0.421875 0.758333 0.399609 0.758333
0 0.403906 0.763021 0.421875 0.763021 0.421875 0.7875 0.403906 0.7875
0 0.378125 0.756771 0.390234 0.756771 0.390234 0.780208 0.378125 0.780208
0 0.428516 0.774479 0.449609 0.774479 0.449609 0.80625 0.428516 0.80625
0 0.539844 0.826042 0.560156 0.826042 0.560156 0.846354 0.539844 0.846354
0 0.553125 0.863021 0.567578 0.863021 0.567578 0.8875 0.553125 0.8875
0 0.092578 0.742708 0.111719 0.742708 0.111719 0.765625 0.092578 0.765625
0 0.142578 0.751042 0.157031 0.751042 0.157031 0.778125 0.142578 0.778125
0 0.217578 0.748438 0.238281 0.748438 0.238281 0.770833 0.217578 0.770833
0 0.167188 0.751562 0.1875 0.751562 0.1875 0.770312 0.167188 0.770312
0 0.024609 0.903646 0.041406 0.903646 0.041406 0.930208 0.024609 0.930208
0 0.013672 0.939062 0.033594 0.939062 0.033594 0.9625 0.013672 0.9625
0 0.069922 0.922396 0.083984 0.922396 0.083984 0.952083 0.069922 0.952083
0 0.099219 0.917708 0.115625 0.917708 0.115625 0.946354 0.099219 0.946354
0 0.126562 0.950521 0.147266 0.950521 0.147266 0.971875 0.126562 0.971875
0 0.135156 0.914062 0.157422 0.914062 0.157422 0.938021 0.135156 0.938021
0 0.164453 0.932292 0.183594 0.932292 0.183594 0.953125 0.164453 0.953125
0 0.173438 0.892188 0.196094 0.892188 0.196094 0.916146 0.173438 0.916146
0 0.222266 0.856771 0.239453 0.856771 0.239453 0.884375 0.222266 0.884375
0 0.227734 0.895312 0.249219 0.895312 0.249219 0.920312 0.227734 0.920312
0 0.251172 0.907812 0.266406 0.907812 0.266406 0.932812 0.251172 0.932812
0 0.19375 0.942188 0.215234 0.942188 0.215234 0.967708 0.19375 0.967708
0 0.164453 0.978646 0.182422 0.978646 0.182422 0.999479 0.164453 0.999479
0 0.194531 0.982812 0.216406 0.982812 0.216406 0.999479 0.194531 0.999479
0 0.251563 0.948958 0.274609 0.948958 0.274609 0.972917 0.251563 0.972917
0 0.305078 0.942188 0.321094 0.942188 0.321094 0.972396 0.305078 0.972396
0 0.332812 0.923958 0.346094 0.923958 0.346094 0.954167 0.332812 0.954167
0 0.339062 0.867188 0.355469 0.867188 0.355469 0.902083 0.339062 0.902083
0 0.369531 0.877604 0.385156 0.877604 0.385156 0.914062 0.369531 0.914062
0 0.408984 0.902604 0.427344 0.902604 0.427344 0.929688 0.408984 0.929688
0 0.45625 0.949479 0.474609 0.949479 0.474609 0.979688 0.45625 0.979688
0 0.410156 0.953125 0.430469 0.953125 0.430469 0.984375 0.410156 0.984375
0 0.380469 0.941667 0.400391 0.941667 0.400391 0.96875 0.380469 0.96875
0 0.364453 0.984375 0.389062 0.984375 0.389062 0.999479 0.364453 0.999479
0 0.515625 0.963021 0.540234 0.963021 0.540234 0.984375 0.515625 0.984375
0 0.603125 0.911979 0.620312 0.911979 0.620312 0.935938 0.603125 0.935938
0 0.064062 0.733854 0.077734 0.733854 0.077734 0.759375 0.064062 0.759375