0 0.075391 0.015625 0.101953 0.015625 0.101953 0.042188 0.075391 0.042188
0 0.023828 0.0 0.044922 0.0 0.044922 0.021875 0.023828 0.021875
0 0.136719 0.030729 0.15625 0.030729 0.15625 0.05 0.136719 0.05
0 0.074609 0.060938 0.094141 0.060938 0.094141 0.081771 0.074609 0.081771
0 0.1125 0.084375 0.129297 0.084375 0.129297 0.114062 0.1125 0.114062
0 0.173047 0.059375 0.192969 0.059375 0.192969 0.083333 0.173047 0.083333
0 0.155469 0.098438 0.176562 0.098438 0.176562 0.119792 0.155469 0.119792
0 0.194141 0.101042 0.216797 0.101042 0.216797 0.120833 0.194141 0.120833
0 0.134766 0.139062 0.160156 0.139062 0.160156 0.157292 0.134766 0.157292
0 0.0875 0.108333 0.105859 0.108333 0.105859 0.135938 0.0875 0.135938
0 0.060547 0.122396 0.073047 0.122396 0.073047 0.151562 0.060547 0.151562
0 0.027734 0.119271 0.046875 0.119271 0.046875 0.146875 0.027734 0.146875
0 0.006641 0.155729 0.025391 0.155729 0.025391 0.182292 0.006641 0.182292
0 0.044531 0.196354 0.066406 0.196354 0.066406 0.21875 0.044531 0.21875
0 0.091406 0.166667 0.106641 0.166667 0.106641 0.201042 0.091406 0.201042
0 0.127734 0.174479 0.142188 0.174479 0.142188 0.202083 0.127734 0.202083
0 0.176172 0.155729 0.195703 0.155729 0.195703 0.182812 0.176172 0.182812
0 0.159766 0.190104 0.179688 0.190104 0.179688 0.204688 0.159766 0.204688
0 0.210547 0.143229 0.230078 0.143229 0.230078 0.171875 0.210547 0.171875
0 0.232031 0.129688 0.247266 0.129688 0.247266 0.157292 0.232031 0.157292
0 0.243359 0.030208 0.259766 0.030208 0.259766 0.059375 0.243359 0.059375
0 0.273438 0.020833 0.289062 0.020833 0.289062 0.044792 0.273438 0.044792
0 0.316797 0.010938 0.335938 0.010938 0.335938 0.041146 0.316797 0.041146
0 0.288281 0.053646 0.310547 0.053646 0.310547 0.077083 0.288281 0.077083
0 0.350391 0.053125 0.367188 0.053125 0.367188 0.078125 0.350391 0.078125
0 0.328906 0.084896 0.351562 0.084896 0.351562 0.10625 0.328906 0.10625
0 0.285938 0.102604 0.303125 0.102604 0.303125 0.11875 0.285938 0.11875
0 0.319922 0.120312 0.335156 0.120312 0.335156 0.145312 0.319922 0.145312
0 0.285156 0.146875 0.312109 0.146875 0.312109 0.165104 0.285156 0.165104
0 0.34375 0.155729 0.364062 0.155729 0.364062 0.176562 0.34375 0.176562
0 0.268359 0.069271 0.286719 0.069271 0.286719 0.090625 0.268359 0.090625
0 0.251953 0.179688 0.272266 0.179688 0.272266 0.201562 0.251953 0.201562
0 0.217578 0.186458 0.239062 0.186458 0.239062 0.205208 0.217578 0.205208
0 0.194531 0.20625 0.210156 0.20625 0.210156 0.239062 0.194531 0.239062
0 0.162891 0.242188 0.185938 0.242188 0.185938 0.265625 0.162891 0.265625
0 0.11875 0.221875 0.138672 0.221875 0.138672 0.253125 0.11875 0.253125
0 0.072266 0.240625 0.090234 0.240625 0.090234 0.268229 0.072266 0.268229
0 0.044922 0.239583 0.059766 0.239583 0.059766 0.264062 0.044922 0.264062
0 0.008984 0.241146 0.035547 0.241146 0.035547 0.272396 0.008984 0.272396
0 0.026562 0.313021 0.057031 0.313021 0.057031 0.338542 0.026562 0.338542
0 0.082031 0.302604 0.1 0.302604 0.1 0.329167 0.082031 0.329167
0 0.105469 0.2875 0.125 0.2875 0.125 0.317188 0.105469 0.317188
0 0.158203 0.301562 0.177344 0.301562 0.177344 0.329167 0.158203 0.329167
0 0.112109 0.356771 0.132422 0.356771 0.132422 0.376042 0.112109 0.376042
0 0.075781 0.341146 0.097656 0.341146 0.097656 0.363021 0.075781 0.363021
0 0.116797 0.388542 0.139453 0.388542 0.139453 0.407812 0.116797 0.407812
0 0.089844 0.396354 0.110156 0.396354 0.110156 0.420312 0.089844 0.420312
0 0.140234 0.430729 0.157031 0.430729 0.157031 0.458854 0.140234 0.458854
0 0.173047 0.348438 0.190625 0.348438 0.190625 0.367708 0.173047 0.367708
0 0.225 0.370312 0.242969 0.370312 0.242969 0.404167 0.225 0.404167
0 0.225391 0.318229 0.244531 0.318229 0.244531 0.351562 0.225391 0.351562
0 0.209766 0.271875 0.225 0.271875 0.225 0.300521 0.209766 0.300521
0 0.251563 0.216667 0.269141 0.216667 0.269141 0.248958 0.251563 0.248958
0 0.242188 0.292188 0.260938 0.292188 0.260938 0.319792 0.242188 0.319792
0 0.280469 0.282292 0.303125 0.282292 0.303125 0.304688 0.280469 0.304688
0 0.294922 0.238021 0.316797 0.238021 0.316797 0.265104 0.294922 0.265104
0 0.307812 0.180729 0.326953 0.180729 0.326953 0.213542 0.307812 0.213542
0 0.333594 0.205208 0.353516 0.205208 0.353516 0.230208 0.333594 0.230208
0 0.373047 0.144271 0.394922 0.144271 0.394922 0.170833 0.373047 0.170833
0 0.371875 0.186979 0.396875 0.186979 0.396875 0.209375 0.371875 0.209375
0 0.393359 0.2125 0.413281 0.2125 0.413281 0.233333 0.393359 0.233333
0 0.358203 0.244792 0.382422 0.244792 0.382422 0.266667 0.358203 0.266667
0 0.341797 0.284896 0.366016 0.284896 0.366016 0.308854 0.341797 0.308854
0 0.30625 0.3 0.326172 0.3 0.326172 0.33125 0.30625 0.33125
0 0.284375 0.346875 0.309766 0.346875 0.309766 0.381771 0.284375 0.381771
0 0.24375 0.407292 0.266406 0.407292 0.266406 0.431771 0.24375 0.431771
0 0.169141 0.402083 0.188672 0.402083 0.188672 0.428125 0.169141 0.428125
0 0.165625 0.444271 0.185156 0.444271 0.185156 0.461979 0.165625 0.461979
0 0.144531 0.475 0.164844 0.475 0.164844 0.498438 0.144531 0.498438
0 0.182031 0.473438 0.198438 0.473438 0.198438 0.500521 0.182031 0.500521
0 0.219922 0.467188 0.236328 0.467188 0.236328 0.495312 0.219922 0.495312
0 0.254297 0.44375 0.272656 0.44375 0.272656 0.472917 0.254297 0.472917
0 0.35625 0.433333 0.376953 0.433333 0.376953 0.464062 0.35625 0.464062
0 0.387109 0.379167 0.405078 0.379167 0.405078 0.40625 0.387109 0.40625
0 0.369141 0.485938 0.397656 0.485938 0.397656 0.505729 0.369141 0.505729
0 0.331641 0.515104 0.351953 0.515104 0.351953 0.533854 0.331641 0.533854
0 0.400391 0.003646 0.417578 0.003646 0.417578 0.029688 0.400391 0.029688
0 0.369531 0.01875 0.389844 0.01875 0.389844 0.044792 0.369531 0.044792
0 0.401172 0.047917 0.417969 0.047917 0.417969 0.078125 0.401172 0.078125
0 0.4375 0.011979 0.459766 0.011979 0.459766 0.042188 0.4375 0.042188
0 0.468359 0.00625 0.490234 0.00625 0.490234 0.028125 0.468359 0.028125
0 0.464453 0.045833 0.480469 0.045833 0.480469 0.071354 0.464453 0.071354
0 0.428125 0.064062 0.450391 0.064062 0.450391 0.084375 0.428125 0.084375
0 0.383203 0.104688 0.403516 0.104688 0.403516 0.124479 0.383203 0.124479
0 0.404688 0.119792 0.41875 0.119792 0.41875 0.146354 0.404688 0.146354
0 0.427734 0.108854 0.443359 0.108854 0.443359 0.139062 0.427734 0.139062
0 0.451953 0.123438 0.469922 0.123438 0.469922 0.147917 0.451953 0.147917
0 0.558594 0.152604 0.580859 0.152604 0.580859 0.183854 0.558594 0.183854
0 0.583203 0.171875 0.601172 0.171875 0.601172 0.198438 0.583203 0.198438
0 0.601953 0.035938 0.620703 0.035938 0.620703 0.064583 0.601953 0.064583
0 0.639453 0.026042 0.656641 0.026042 0.656641 0.05625 0.639453 0.05625
0 0.641406 0.074479 0.6625 0.074479 0.6625 0.098958 0.641406 0.098958
0 0.675781 0.071354 0.695312 0.071354 0.695312 0.099479 0.675781 0.099479
0 0.676953 0.035938 0.703516 0.035938 0.703516 0.05625 0.676953 0.05625
0 0.682031 0.0 0.706641 0.0 0.706641 0.021875 0.682031 0.021875
0 0.717578 0.019792 0.735547 0.019792 0.735547 0.045312 0.717578 0.045312
0 0.729297 0.063021 0.745703 0.063021 0.745703 0.092708 0.729297 0.092708
0 0.796484 0.048438 0.815234 0.048438 0.815234 0.072917 0.796484 0.072917
0 0.784375 0.101042 0.804688 0.101042 0.804688 0.127604 0.784375 0.127604
0 0.614062 0.166667 0.630469 0.166667 0.630469 0.197396 0.614062 0.197396
0 0.648828 0.157292 0.669531 0.157292 0.669531 0.178125 0.648828 0.178125
0 0.682031 0.166667 0.701562 0.166667 0.701562 0.182812 0.682031 0.182812
0 0.682812 0.197396 0.70625 0.197396 0.70625 0.216146 0.682812 0.216146
0 0.646875 0.1875 0.665234 0.1875 0.665234 0.211979 0.646875 0.211979
0 0.6125 0.211979 0.630859 0.211979 0.630859 0.238542 0.6125 0.238542
0 0.580859 0.224479 0.603516 0.224479 0.603516 0.246354 0.580859 0.246354
0 0.830078 0.000521 0.852344 0.000521 0.852344 0.03125 0.830078 0.03125
0 0.857031 0.041667 0.879297 0.041667 0.879297 0.075 0.857031 0.075
0 0.890234 0.044792 0.905859 0.044792 0.905859 0.073438 0.890234 0.073438
0 0.925781 0.027083 0.942188 0.027083 0.942188 0.059896 0.925781 0.059896
0 0.960547 0.011979 0.979688 0.011979 0.979688 0.046354 0.960547 0.046354
0 0.916406 0.1 0.941406 0.1 0.941406 0.123438 0.916406 0.123438
0 0.863672 0.097396 0.887109 0.097396 0.887109 0.11875 0.863672 0.11875
0 0.846484 0.130208 0.869922 0.130208 0.869922 0.154688 0.846484 0.154688
0 0.884766 0.122917 0.909375 0.122917 0.909375 0.148438 0.884766 0.148438
0 0.862891 0.173958 0.887109 0.173958 0.887109 0.197396 0.862891 0.197396
0 0.942578 0.160938 0.963672 0.160938 0.963672 0.188021 0.942578 0.188021
0 0.914062 0.175521 0.933203 0.175521 0.933203 0.203646 0.914062 0.203646
0 0.945703 0.209896 0.970703 0.209896 0.970703 0.230208 0.945703 0.230208
0 0.983594 0.167188 0.998047 0.167188 0.998047 0.198958 0.983594 0.198958
0 0.980078 0.232292 0.998438 0.232292 0.998438 0.257812 0.980078 0.257812
0 0.892969 0.203646 0.916016 0.203646 0.916016 0.223958 0.892969 0.223958
0 0.925391 0.30625 0.947266 0.30625 0.947266 0.321875 0.925391 0.321875
0 0.961328 0.325 0.980859 0.325 0.980859 0.3375 0.961328 0.3375
0 0.965234 0.355208 0.982812 0.355208 0.982812 0.383333 0.965234 0.383333
0 0.934766 0.394271 0.950391 0.394271 0.950391 0.421354 0.934766 0.421354
0 0.891406 0.298958 0.907031 0.298958 0.907031 0.327604 0.891406 0.327604
0 0.853906 0.3125 0.877734 0.3125 0.877734 0.335417 0.853906 0.335417
0 0.827734 0.272396 0.843359 0.272396 0.843359 0.305208 0.827734 0.305208
0 0.785156 0.259896 0.805078 0.259896 0.805078 0.289583 0.785156 0.289583
0 0.804297 0.314062 0.822266 0.314062 0.822266 0.345312 0.804297 0.345312
0 0.822266 0.3625 0.847656 0.3625 0.847656 0.386458 0.822266 0.386458
0 0.866016 0.350521 0.892188 0.350521 0.892188 0.376042 0.866016 0.376042
0 0.910156 0.358854 0.931641 0.358854 0.931641 0.388542 0.910156 0.388542
0 0.875 0.407812 0.897656 0.407812 0.897656 0.432292 0.875 0.432292
0 0.842969 0.420833 0.864062 0.420833 0.864062 0.451042 0.842969 0.451042
0 0.7625 0.357292 0.779297 0.357292 0.779297 0.386458 0.7625 0.386458
0 0.774219 0.304167 0.792969 0.304167 0.792969 0.325521 0.774219 0.325521
0 0.974609 0.430208 0.997656 0.430208 0.997656 0.45 0.974609 0.45
0 0.941406 0.444792 0.956641 0.444792 0.956641 0.48125 0.941406 0.48125
0 0.980078 0.466146 0.999219 0.466146 0.999219 0.495833 0.980078 0.495833
0 0.911719 0.488542 0.930859 0.488542 0.930859 0.513542 0.911719 0.513542
0 0.496094 0.239062 0.525391 0.239062 0.525391 0.260938 0.496094 0.260938
0 0.74375 0.279688 0.760938 0.279688 0.760938 0.307292 0.74375 0.307292
0 0.710156 0.261458 0.728906 0.261458 0.728906 0.284375 0.710156 0.284375
0 0.687891 0.297917 0.704297 0.297917 0.704297 0.326042 0.687891 0.326042
0 0.681641 0.253125 0.702734 0.253125 0.702734 0.279688 0.681641 0.279688
0 0.645312 0.260938 0.670312 0.260938 0.670312 0.283333 0.645312 0.283333
0 0.618359 0.253646 0.635938 0.253646 0.635938 0.286979 0.618359 0.286979
0 0.583594 0.280208 0.609766 0.280208 0.609766 0.303125 0.583594 0.303125
0 0.684375 0.219792 0.708203 0.219792 0.708203 0.240104 0.684375 0.240104
0 0.708203 0.334375 0.724609 0.334375 0.724609 0.359375 0.708203 0.359375
0 0.727734 0.358333 0.744531 0.358333 0.744531 0.386979 0.727734 0.386979
0 0.710938 0.389583 0.731641 0.389583 0.731641 0.407812 0.710938 0.407812
0 0.678125 0.380208 0.694922 0.380208 0.694922 0.403646 0.678125 0.403646
0 0.65 0.311458 0.667969 0.311458 0.667969 0.3375 0.65 0.3375
0 0.629688 0.34375 0.648438 0.34375 0.648438 0.374479 0.629688 0.374479
0 0.605078 0.345833 0.624219 0.345833 0.624219 0.379688 0.605078 0.379688
0 0.787109 0.383333 0.805078 0.383333 0.805078 0.409896 0.787109 0.409896
0 0.791406 0.429167 0.815234 0.429167 0.815234 0.447396 0.791406 0.447396
0 0.739844 0.441146 0.761328 0.441146 0.761328 0.477083 0.739844 0.477083
0 0.810547 0.457812 0.832812 0.457812 0.832812 0.478646 0.810547 0.478646
0 0.835938 0.48125 0.856641 0.48125 0.856641 0.500521 0.835938 0.500521
0 0.864453 0.475521 0.886328 0.475521 0.886328 0.494271 0.864453 0.494271
0 0.816406 0.496875 0.836328 0.496875 0.836328 0.522917 0.816406 0.522917
0 0.791797 0.510938 0.814844 0.510938 0.814844 0.532292 0.791797 0.532292
0 0.846094 0.522917 0.871875 0.522917 0.871875 0.54375 0.846094 0.54375
0 0.565625 0.323958 0.586719 0.323958 0.586719 0.354167 0.565625 0.354167
0 0.529297 0.299479 0.550391 0.299479 0.550391 0.330208 0.529297 0.330208
0 0.557422 0.361979 0.575391 0.361979 0.575391 0.392708 0.557422 0.392708
0 0.582812 0.415104 0.601953 0.415104 0.601953 0.434375 0.582812 0.434375
0 0.496484 0.308333 0.515625 0.308333 0.515625 0.343229 0.496484 0.343229
0 0.471875 0.302083 0.488672 0.302083 0.488672 0.332292 0.471875 0.332292
0 0.444922 0.331771 0.463281 0.331771 0.463281 0.361458 0.444922 0.361458
0 0.423047 0.319792 0.441406 0.319792 0.441406 0.350521 0.423047 0.350521
0 0.396484 0.326042 0.410156 0.326042 0.410156 0.35 0.396484 0.35
0 0.410156 0.370312 0.433594 0.370312 0.433594 0.394271 0.410156 0.394271
0 0.393359 0.433854 0.415234 0.433854 0.415234 0.464583 0.393359 0.464583
0 0.431641 0.40625 0.452734 0.40625 0.452734 0.4375 0.431641 0.4375
0 0.467578 0.363021 0.487891 0.363021 0.487891 0.397396 0.467578 0.397396
0 0.484766 0.408333 0.503125 0.408333 0.503125 0.426562 0.484766 0.426562
0 0.514062 0.414062 0.530078 0.414062 0.530078 0.44375 0.514062 0.44375
0 0.54375 0.420833 0.561328 0.420833 0.561328 0.447917 0.54375 0.447917
0 0.522656 0.458854 0.54375 0.458854 0.54375 0.482812 0.522656 0.482812
0 0.474219 0.456771 0.498828 0.456771 0.498828 0.481771 0.474219 0.481771
0 0.452344 0.481771 0.473047 0.481771 0.473047 0.510417 0.452344 0.510417
0 0.421484 0.465104 0.443359 0.465104 0.443359 0.495312 0.421484 0.495312
0 0.401562 0.511979 0.421094 0.511979 0.421094 0.532292 0.401562 0.532292
0 0.429688 0.522917 0.444531 0.522917 0.444531 0.538021 0.429688 0.538021
0 0.427344 0.55625 0.452344 0.55625 0.452344 0.577083 0.427344 0.577083
0 0.378516 0.569271 0.405078 0.569271 0.405078 0.590625 0.378516 0.590625
0 0.327734 0.553646 0.346094 0.553646 0.346094 0.584375 0.327734 0.584375
0 0.464844 0.581771 0.484375 0.581771 0.484375 0.611458 0.464844 0.611458
0 0.495703 0.554688 0.516406 0.554688 0.516406 0.573958 0.495703 0.573958
0 0.500781 0.504687 0.518359 0.504687 0.518359 0.528646 0.500781 0.528646
0 0.592578 0.497396 0.610547 0.497396 0.610547 0.525521 0.592578 0.525521
0 0.633594 0.497396 0.648438 0.497396 0.648438 0.527083 0.633594 0.527083
0 0.604688 0.5375 0.620312 0.5375 0.620312 0.5625 0.604688 0.5625
0 0.571875 0.539062 0.586719 0.539062 0.586719 0.566146 0.571875 0.566146
0 0.660547 0.547396 0.68125 0.547396 0.68125 0.563542 0.660547 0.563542
0 0.614844 0.599479 0.637109 0.599479 0.637109 0.61875 0.614844 0.61875
0 0.537891 0.619271 0.564453 0.619271 0.564453 0.640104 0.537891 0.640104
0 0.489844 0.625 0.517578 0.625 0.517578 0.645833 0.489844 0.645833
0 0.420703 0.597917 0.444531 0.597917 0.444531 0.625 0.420703 0.625
0 0.417188 0.635417 0.440625 0.635417 0.440625 0.651562 0.417188 0.651562
0 0.449219 0.649479 0.466797 0.649479 0.466797 0.677083 0.449219 0.677083
0 0.400781 0.664062 0.426953 0.664062 0.426953 0.68125 0.400781 0.68125
0 0.473438 0.675521 0.500781 0.675521 0.500781 0.695833 0.473438 0.695833
0 0.516406 0.657292 0.534375 0.657292 0.534375 0.685417 0.516406 0.685417
0 0.594141 0.642188 0.613281 0.642188 0.613281 0.671875 0.594141 0.671875
0 0.288672 0.527083 0.310547 0.527083 0.310547 0.553646 0.288672 0.553646
0 0.297266 0.605208 0.321875 0.605208 0.321875 0.626562 0.297266 0.626562
0 0.349219 0.635417 0.370703 0.635417 0.370703 0.665625 0.349219 0.665625
0 0.383984 0.61875 0.407812 0.61875 0.407812 0.636458 0.383984 0.636458
0 0.308203 0.658333 0.325391 0.658333 0.325391 0.688542 0.308203 0.688542
0 0.388672 0.704688 0.406641 0.704688 0.406641 0.732292 0.388672 0.732292
0 0.422266 0.734375 0.442188 0.734375 0.442188 0.759375 0.422266 0.759375
0 0.454297 0.726562 0.472266 0.726562 0.472266 0.759896 0.454297 0.759896
0 0.485938 0.707292 0.511719 0.707292 0.511719 0.728125 0.485938 0.728125
0 0.548828 0.682812 0.567578 0.682812 0.567578 0.705729 0.548828 0.705729
0 0.533203 0.724479 0.553516 0.724479 0.553516 0.742188 0.533203 0.742188
0 0.570312 0.731771 0.591797 0.731771 0.591797 0.752604 0.570312 0.752604
0 0.566406 0.779688 0.582812 0.779688 0.582812 0.807292 0.566406 0.807292
0 0.011719 0.548958 0.037109 0.548958 0.037109 0.591667 0.011719 0.591667
0 0.080859 0.591146 0.103516 0.591146 0.103516 0.609896 0.080859 0.609896
0 0.112109 0.619792 0.138672 0.619792 0.138672 0.639583 0.112109 0.639583
0 0.077734 0.615625 0.097266 0.615625 0.097266 0.642188 0.077734 0.642188
0 0.022266 0.63125 0.041406 0.63125 0.041406 0.657812 0.022266 0.657812
0 0.006641 0.686458 0.026953 0.686458 0.026953 0.711979 0.006641 0.711979
0 0.028516 0.721354 0.045312 0.721354 0.045312 0.748438 0.028516 0.748438
0 0.091406 0.677083 0.108984 0.677083 0.108984 0.708854 0.091406 0.708854
0 0.133594 0.655729 0.149609 0.655729 0.149609 0.685938 0.133594 0.685938
0 0.153516 0.65 0.172656 0.65 0.172656 0.68125 0.153516 0.68125
0 0.042969 0.948438 0.059375 0.948438 0.059375 0.983333 0.042969 0.983333
0 0.094531 0.897396 0.112109 0.897396 0.112109 0.927604 0.094531 0.927604
0 0.094531 0.847917 0.116016 0.847917 0.116016 0.877083 0.094531 0.877083
0 0.1375 0.903646 0.157422 0.903646 0.157422 0.935417 0.1375 0.935417
0 0.141016 0.863021 0.162109 0.863021 0.162109 0.8875 0.141016 0.8875
0 0.166016 0.829688 0.188672 0.829688 0.188672 0.853125 0.166016 0.853125
0 0.15625 0.792708 0.177344 0.792708 0.177344 0.815104 0.15625 0.815104
0 0.184766 0.785417 0.205469 0.785417 0.205469 0.805208 0.184766 0.805208
0 0.221875 0.785417 0.242969 0.785417 0.242969 0.81875 0.221875 0.81875
0 0.253125 0.78125 0.268359 0.78125 0.268359 0.816146 0.253125 0.816146
0 0.278906 0.790104 0.29375 0.790104 0.29375 0.81875 0.278906 0.81875
0 0.235547 0.742188 0.252344 0.742188 0.252344 0.774479 0.235547 0.774479
0 0.266797 0.754167 0.289062 0.754167 0.289062 0.775 0.266797 0.775
0 0.322656 0.842188 0.346094 0.842188 0.346094 0.869792 0.322656 0.869792
0 0.294531 0.824479 0.311719 0.824479 0.311719 0.85 0.294531 0.85
0 0.267188 0.826042 0.2875 0.826042 0.2875 0.857292 0.267188 0.857292
0 0.211328 0.84375 0.236328 0.84375 0.236328 0.866667 0.211328 0.866667
0 0.236328 0.876042 0.260547 0.876042 0.260547 0.901042 0.236328 0.901042
0 0.281641 0.872396 0.310938 0.872396 0.310938 0.896875 0.281641 0.896875
0 0.199609 0.893229 0.221875 0.893229 0.221875 0.926562 0.199609 0.926562
0 0.232031 0.944271 0.258984 0.944271 0.258984 0.963021 0.232031 0.963021
0 0.283984 0.918229 0.301172 0.918229 0.301172 0.949479 0.283984 0.949479
0 0.280859 0.963542 0.301562 0.963542 0.301562 0.982812 0.280859 0.982812
0 0.18125 0.958854 0.201953 0.958854 0.201953 0.990625 0.18125 0.990625
0 0.157812 0.954167 0.173438 0.954167 0.173438 0.984375 0.157812 0.984375
0 0.123047 0.955729 0.146094 0.955729 0.146094 0.986979 0.123047 0.986979
0 0.093359 0.975521 0.116016 0.975521 0.116016 0.997917 0.093359 0.997917
0 0.467188 0.786458 0.484375 0.786458 0.484375 0.818229 0.467188 0.818229
0 0.356641 0.9 0.380078 0.9 0.380078 0.924479 0.356641 0.924479
0 0.410938 0.901562 0.433594 0.901562 0.433594 0.922396 0.410938 0.922396
0 0.408203 0.943229 0.433594 0.943229 0.433594 0.964062 0.408203 0.964062
0 0.465625 0.969271 0.484766 0.969271 0.484766 0.996354 0.465625 0.996354
0 0.388672 0.969792 0.408203 0.969792 0.408203 0.995833 0.388672 0.995833
0 0.341797 0.945312 0.361328 0.945312 0.361328 0.970833 0.341797 0.970833
0 0.583203 0.689062 0.600781 0.689062 0.600781 0.717708 0.583203 0.717708
0 0.608984 0.697396 0.624219 0.697396 0.624219 0.726042 0.608984 0.726042
0 0.630469 0.685938 0.65 0.685938 0.65 0.716667 0.630469 0.716667
0 0.535938 0.791146 0.553906 0.791146 0.553906 0.819792 0.535938 0.819792
0 0.602734 0.81875 0.617969 0.81875 0.617969 0.849479 0.602734 0.849479
0 0.63125 0.799479 0.644922 0.799479 0.644922 0.827604 0.63125 0.827604
0 0.616797 0.750521 0.634375 0.750521 0.634375 0.784375 0.616797 0.784375
0 0.656641 0.725521 0.677734 0.725521 0.677734 0.753646 0.656641 0.753646
0 0.757812 0.879167 0.776562 0.879167 0.776562 0.907812 0.757812 0.907812
0 0.709766 0.961458 0.727734 0.961458 0.727734 0.991667 0.709766 0.991667
0 0.770703 0.964583 0.788281 0.964583 0.788281 0.993229 0.770703 0.993229
0 0.817188 0.956771 0.829297 0.956771 0.829297 0.982812 0.817188 0.982812
0 0.808203 0.891667 0.821875 0.891667 0.821875 0.920833 0.808203 0.920833
0 0.882812 0.822917 0.902734 0.822917 0.902734 0.851562 0.882812 0.851562
0 0.904688 0.857812 0.923438 0.857812 0.923438 0.886979 0.904688 0.886979
0 0.872266 0.895833 0.894531 0.895833 0.894531 0.927083 0.872266 0.927083
0 0.833203 0.870312 0.856641 0.870312 0.856641 0.898438 0.833203 0.898438
0 0.912891 0.901042 0.929297 0.901042 0.929297 0.924479 0.912891 0.924479
0 0.935547 0.868229 0.952734 0.868229 0.952734 0.891146 0.935547 0.891146
0 0.948047 0.895833 0.967969 0.895833 0.967969 0.911458 0.948047 0.911458
0 0.956641 0.819792 0.973047 0.819792 0.973047 0.850521 0.956641 0.850521
0 0.963281 0.916146 0.980469 0.916146 0.980469 0.941146 0.963281 0.941146
0 0.974219 0.973958 0.987109 0.973958 0.987109 0.999479 0.974219 0.999479
0 0.782422 0.755208 0.807031 0.755208 0.807031 0.775 0.782422 0.775
0 0.666797 0.766146 0.691406 0.766146 0.691406 0.790104 0.666797 0.790104
0 0.700781 0.75625 0.720312 0.75625 0.720312 0.778125 0.700781 0.778125
0 0.733594 0.679167 0.751953 0.679167 0.751953 0.704688 0.733594 0.704688
0 0.748828 0.715104 0.771875 0.715104 0.771875 0.734375 0.748828 0.734375
0 0.779688 0.679167 0.799609 0.679167 0.799609 0.701042 0.779688 0.701042
0 0.833594 0.68125 0.854297 0.68125 0.854297 0.704167 0.833594 0.704167
0 0.903906 0.684375 0.927344 0.684375 0.927344 0.703125 0.903906 0.703125
0 0.893359 0.654167 0.918359 0.654167 0.918359 0.674479 0.893359 0.674479
0 0.871094 0.663542 0.886328 0.663542 0.886328 0.691146 0.871094 0.691146
0 0.805469 0.638021 0.832812 0.638021 0.832812 0.659375 0.805469 0.659375
0 0.759375 0.639583 0.780469 0.639583 0.780469 0.670312 0.759375 0.670312
0 0.725 0.621354 0.746094 0.621354 0.746094 0.644792 0.725 0.644792
0 0.707812 0.650521 0.726953 0.650521 0.726953 0.681771 0.707812 0.681771
0 0.667969 0.655208 0.689062 0.655208 0.689062 0.684896 0.667969 0.684896
0 0.978125 0.547917 0.996094 0.547917 0.996094 0.577604 0.978125 0.577604
0 0.948047 0.544271 0.966406 0.544271 0.966406 0.572396 0.948047 0.572396
0 0.932031 0.575521 0.949609 0.575521 0.949609 0.609375 0.932031 0.609375
0 0.8875 0.548958 0.905469 0.548958 0.905469 0.576042 0.8875 0.576042
0 0.884375 0.509896 0.907422 0.509896 0.907422 0.533333 0.884375 0.533333
0 0.905469 0.6 0.929688 0.6 0.929688 0.626562 0.905469 0.626562
0 0.868359 0.585938 0.893359 0.585938 0.893359 0.605729 0.868359 0.605729
0 0.85625 0.629688 0.881641 0.629688 0.881641 0.651562 0.85625 0.651562
0 0.777734 0.596875 0.801562 0.596875 0.801562 0.618229 0.777734 0.618229
0 0.820312 0.566146 0.845312 0.566146 0.845312 0.595312 0.820312 0.595312
0 0.780859 0.554688 0.8 0.554688 0.8 0.580208 0.780859 0.580208
0 0.749219 0.568229 0.765625 0.568229 0.765625 0.599479 0.749219 0.599479
0 0.715234 0.541146 0.733594 0.541146 0.733594 0.570833 0.715234 0.570833
0 0.794531 0.706771 0.809766 0.706771 0.809766 0.733854 0.794531 0.733854
0 0.524609 0.51875 0.540625 0.51875 0.540625 0.542708 0.524609 0.542708
0 0.515234 0.358333 0.535938 0.358333 0.535938 0.390625 0.515234 0.390625
0 0.698828 0.497396 0.723438 0.497396 0.723438 0.514062 0.698828 0.514062
0 0.667188 0.523438 0.691406 0.523438 0.691406 0.5375 0.667188 0.5375