0 0.0 0.016146 0.019531 0.016146 0.019531 0.044271 0.0 0.044271
0 0.049609 0.030729 0.063672 0.030729 0.063672 0.043229 0.049609 0.043229
0 0.016406 0.044792 0.042188 0.044792 0.042188 0.064062 0.016406 0.064062
0 0.051953 0.0625 0.068359 0.0625 0.068359 0.088542 0.051953 0.088542
0 0.082031 0.052083 0.099219 0.052083 0.099219 0.080729 0.082031 0.080729
0 0.104297 0.01875 0.125781 0.01875 0.125781 0.047396 0.104297 0.047396
0 0.0 0.075 0.0 0.075 0.0 0.406771 0.0 0.406771
0 0.026562 0.088021 0.048828 0.088021 0.048828 0.1125 0.026562 0.1125
0 0.064844 0.161979 0.092188 0.161979 0.092188 0.188542 0.064844 0.188542
0 0.033594 0.158854 0.054688 0.158854 0.054688 0.178125 0.033594 0.178125
0 0.048828 0.195312 0.069922 0.195312 0.069922 0.219792 0.048828 0.219792
0 0.002344 0.165104 0.020703 0.165104 0.020703 0.189583 0.002344 0.189583
0 0.0 0.10625 0.024609 0.10625 0.024609 0.148958 0.0 0.148958
0 0.111719 0.065625 0.127734 0.065625 0.127734 0.089062 0.111719 0.089062
0 0.094531 0.082812 0.109375 0.082812 0.109375 0.110417 0.094531 0.110417
0 0.009375 0.225 0.032031 0.225 0.032031 0.248438 0.009375 0.248438
0 0.023047 0.294792 0.041016 0.294792 0.041016 0.325521 0.023047 0.325521
0 0.011328 0.33125 0.035938 0.33125 0.035938 0.351562 0.011328 0.351562
0 0.012109 0.364062 0.028906 0.364062 0.028906 0.392188 0.012109 0.392188
0 0.150391 0.177083 0.166406 0.177083 0.166406 0.204688 0.150391 0.204688
0 0.162891 0.191667 0.190234 0.191667 0.190234 0.223958 0.162891 0.223958
0 0.186328 0.159896 0.205469 0.159896 0.205469 0.19375 0.186328 0.19375
0 0.200781 0.110417 0.217578 0.110417 0.217578 0.142708 0.200781 0.142708
0 0.170312 0.059375 0.194531 0.059375 0.194531 0.088021 0.170312 0.088021
0 0.180859 0.021875 0.197656 0.021875 0.197656 0.049479 0.180859 0.049479
0 0.234375 0.079688 0.246484 0.079688 0.246484 0.109375 0.234375 0.109375
0 0.223438 0.144792 0.241016 0.144792 0.241016 0.171354 0.223438 0.171354
0 0.195312 0.226042 0.216016 0.226042 0.216016 0.254688 0.195312 0.254688
0 0.208203 0.266667 0.221484 0.266667 0.221484 0.291146 0.208203 0.291146
0 0.228125 0.25 0.250391 0.25 0.250391 0.28125 0.228125 0.28125
0 0.184375 0.286979 0.205078 0.286979 0.205078 0.317188 0.184375 0.317188
0 0.224219 0.335938 0.249609 0.335938 0.249609 0.360938 0.224219 0.360938
0 0.240625 0.215104 0.255859 0.215104 0.255859 0.239062 0.240625 0.239062
0 0.25625 0.18125 0.272266 0.18125 0.272266 0.215104 0.25625 0.215104
0 0.278906 0.228125 0.299609 0.228125 0.299609 0.257292 0.278906 0.257292
0 0.250781 0.292188 0.269922 0.292188 0.269922 0.317708 0.250781 0.317708
0 0.273438 0.309375 0.289453 0.309375 0.289453 0.334375 0.273438 0.334375
0 0.2625 0.35625 0.280469 0.35625 0.280469 0.3875 0.2625 0.3875
0 0.224219 0.383854 0.248047 0.383854 0.248047 0.414062 0.224219 0.414062
0 0.188672 0.385417 0.211719 0.385417 0.211719 0.402083 0.188672 0.402083
0 0.133594 0.375521 0.155469 0.375521 0.155469 0.402083 0.133594 0.402083
0 0.104688 0.3875 0.122656 0.3875 0.122656 0.416667 0.104688 0.416667
0 0.148828 0.429688 0.169141 0.429688 0.169141 0.450521 0.148828 0.450521
0 0.193359 0.423958 0.211719 0.423958 0.211719 0.448958 0.193359 0.448958
0 0.207031 0.452604 0.228125 0.452604 0.228125 0.468229 0.207031 0.468229
0 0.230859 0.485417 0.254297 0.485417 0.254297 0.511979 0.230859 0.511979
0 0.295312 0.320833 0.317578 0.320833 0.317578 0.348958 0.295312 0.348958
0 0.277734 0.348958 0.304297 0.348958 0.304297 0.368229 0.277734 0.368229
0 0.313281 0.347917 0.3375 0.347917 0.3375 0.376562 0.313281 0.376562
0 0.277734 0.3875 0.300781 0.3875 0.300781 0.413021 0.277734 0.413021
0 0.24375 0.011458 0.260938 0.011458 0.260938 0.028125 0.24375 0.028125
0 0.265625 0.039062 0.285156 0.039062 0.285156 0.057292 0.265625 0.057292
0 0.266797 0.066667 0.292969 0.066667 0.292969 0.084896 0.266797 0.084896
0 0.271484 0.1125 0.283984 0.1125 0.283984 0.143229 0.271484 0.143229
0 0.295312 0.155208 0.317188 0.155208 0.317188 0.189062 0.295312 0.189062
0 0.291797 0.115625 0.314844 0.115625 0.314844 0.145833 0.291797 0.145833
0 0.298828 0.071354 0.313672 0.071354 0.313672 0.098438 0.298828 0.098438
0 0.305469 0.091146 0.329688 0.091146 0.329688 0.117188 0.305469 0.117188
0 0.325 0.075521 0.353906 0.075521 0.353906 0.1 0.325 0.1
0 0.321875 0.032812 0.344531 0.032812 0.344531 0.061979 0.321875 0.061979
0 0.330859 0.109375 0.358203 0.109375 0.358203 0.144271 0.330859 0.144271
0 0.365234 0.109375 0.397266 0.109375 0.397266 0.145833 0.365234 0.145833
0 0.349219 0.161458 0.376562 0.161458 0.376562 0.193229 0.349219 0.193229
0 0.327344 0.182812 0.349219 0.182812 0.349219 0.213542 0.327344 0.213542
0 0.339844 0.225521 0.35625 0.225521 0.35625 0.246875 0.339844 0.246875
0 0.365234 0.225521 0.385938 0.225521 0.385938 0.25625 0.365234 0.25625
0 0.335547 0.266667 0.365234 0.266667 0.365234 0.297396 0.335547 0.297396
0 0.366797 0.0 0.391016 0.0 0.391016 0.017708 0.366797 0.017708
0 0.351172 0.019271 0.369531 0.019271 0.369531 0.04375 0.351172 0.04375
0 0.392188 0.05 0.408594 0.05 0.408594 0.076562 0.392188 0.076562
0 0.414453 0.013021 0.433203 0.013021 0.433203 0.042188 0.414453 0.042188
0 0.444531 0.028125 0.468359 0.028125 0.468359 0.055729 0.444531 0.055729
0 0.472266 0.002083 0.495703 0.002083 0.495703 0.025521 0.472266 0.025521
0 0.464453 0.060938 0.482031 0.060938 0.482031 0.089062 0.464453 0.089062
0 0.438672 0.104688 0.469922 0.104688 0.469922 0.130729 0.438672 0.130729
0 0.419531 0.089062 0.438672 0.089062 0.438672 0.116667 0.419531 0.116667
0 0.413281 0.129167 0.435938 0.129167 0.435938 0.153125 0.413281 0.153125
0 0.396875 0.198438 0.411719 0.198438 0.411719 0.224479 0.396875 0.224479
0 0.400781 0.160417 0.416406 0.160417 0.416406 0.186458 0.400781 0.186458
0 0.420312 0.184375 0.435938 0.184375 0.435938 0.208854 0.420312 0.208854
0 0.551953 0.002083 0.574219 0.002083 0.574219 0.03125 0.551953 0.03125
0 0.587109 0.017708 0.609375 0.017708 0.609375 0.042708 0.587109 0.042708
0 0.623438 0.009896 0.644531 0.009896 0.644531 0.029688 0.623438 0.029688
0 0.577344 0.076042 0.597656 0.076042 0.597656 0.099479 0.577344 0.099479
0 0.65625 0.057812 0.680859 0.057812 0.680859 0.081771 0.65625 0.081771
0 0.632812 0.086458 0.649609 0.086458 0.649609 0.120312 0.632812 0.120312
0 0.595703 0.127083 0.623438 0.127083 0.623438 0.15 0.595703 0.15
0 0.576562 0.161979 0.591016 0.161979 0.591016 0.188021 0.576562 0.188021
0 0.671875 0.109896 0.685547 0.109896 0.685547 0.141146 0.671875 0.141146
0 0.637891 0.140104 0.660938 0.140104 0.660938 0.160417 0.637891 0.160417
0 0.624219 0.189583 0.644922 0.189583 0.644922 0.210938 0.624219 0.210938
0 0.508203 0.234896 0.525391 0.234896 0.525391 0.263021 0.508203 0.263021
0 0.475 0.217708 0.491797 0.217708 0.491797 0.248958 0.475 0.248958
0 0.560938 0.266146 0.583203 0.266146 0.583203 0.299479 0.560938 0.299479
0 0.471094 0.259375 0.489453 0.259375 0.489453 0.286979 0.471094 0.286979
0 0.444531 0.273438 0.462109 0.273438 0.462109 0.302083 0.444531 0.302083
0 0.459375 0.313542 0.482812 0.313542 0.482812 0.334896 0.459375 0.334896
0 0.686719 0.0 0.714844 0.0 0.714844 0.032292 0.686719 0.032292
0 0.6875 0.05625 0.707031 0.05625 0.707031 0.092188 0.6875 0.092188
0 0.726953 0.027604 0.749609 0.027604 0.749609 0.063021 0.726953 0.063021
0 0.714844 0.082812 0.738281 0.082812 0.738281 0.118229 0.714844 0.118229
0 0.741797 0.06875 0.757812 0.06875 0.757812 0.101042 0.741797 0.101042
0 0.777734 0.019792 0.801172 0.019792 0.801172 0.049479 0.777734 0.049479
0 0.807422 0.038021 0.831641 0.038021 0.831641 0.073438 0.807422 0.073438
0 0.849609 0.060417 0.872266 0.060417 0.872266 0.098958 0.849609 0.098958
0 0.875 0.005729 0.897656 0.005729 0.897656 0.050521 0.875 0.050521
0 0.923047 0.0 0.952344 0.0 0.952344 0.023958 0.923047 0.023958
0 0.957812 0.045312 0.984375 0.045312 0.984375 0.073438 0.957812 0.073438
0 0.918359 0.069271 0.934375 0.069271 0.934375 0.098438 0.918359 0.098438
0 0.946875 0.082292 0.969141 0.082292 0.969141 0.114583 0.946875 0.114583
0 0.989453 0.070312 0.999609 0.070312 0.999609 0.107292 0.989453 0.107292
0 0.955078 0.123438 0.974609 0.123438 0.974609 0.150521 0.955078 0.150521
0 0.979297 0.15625 0.999219 0.15625 0.999219 0.179167 0.979297 0.179167
0 0.928516 0.167188 0.957031 0.167188 0.957031 0.19375 0.928516 0.19375
0 0.939062 0.204167 0.964453 0.204167 0.964453 0.229167 0.939062 0.229167
0 0.908984 0.135938 0.941406 0.135938 0.941406 0.158333 0.908984 0.158333
0 0.890625 0.144792 0.911328 0.144792 0.911328 0.170833 0.890625 0.170833
0 0.855469 0.145833 0.878125 0.145833 0.878125 0.174479 0.855469 0.174479
0 0.830078 0.152083 0.85 0.152083 0.85 0.182812 0.830078 0.182812
0 0.795312 0.159896 0.818359 0.159896 0.818359 0.192188 0.795312 0.192188
0 0.828516 0.189062 0.85 0.189062 0.85 0.211979 0.828516 0.211979
0 0.804297 0.220833 0.823828 0.220833 0.823828 0.247396 0.804297 0.247396
0 0.8375 0.213542 0.865234 0.213542 0.865234 0.238542 0.8375 0.238542
0 0.827344 0.242708 0.850391 0.242708 0.850391 0.266667 0.827344 0.266667
0 0.912891 0.230208 0.941016 0.230208 0.941016 0.257292 0.912891 0.257292
0 0.935547 0.261979 0.962891 0.261979 0.962891 0.284375 0.935547 0.284375
0 0.651562 0.185938 0.674609 0.185938 0.674609 0.219271 0.651562 0.219271
0 0.667969 0.218229 0.694531 0.218229 0.694531 0.243229 0.667969 0.243229
0 0.632422 0.23125 0.655859 0.23125 0.655859 0.257292 0.632422 0.257292
0 0.652344 0.253125 0.678906 0.253125 0.678906 0.272396 0.652344 0.272396
0 0.698828 0.263542 0.717188 0.263542 0.717188 0.288542 0.698828 0.288542
0 0.690625 0.2875 0.710938 0.2875 0.710938 0.313021 0.690625 0.313021
0 0.653516 0.277604 0.680078 0.277604 0.680078 0.298958 0.653516 0.298958
0 0.620703 0.272396 0.646484 0.272396 0.646484 0.296354 0.620703 0.296354
0 0.6375 0.315625 0.662109 0.315625 0.662109 0.347917 0.6375 0.347917
0 0.613281 0.344271 0.641797 0.344271 0.641797 0.365104 0.613281 0.365104
0 0.605859 0.302083 0.628125 0.302083 0.628125 0.333333 0.605859 0.333333
0 0.595703 0.176042 0.610156 0.176042 0.610156 0.208333 0.595703 0.208333
0 0.570312 0.341146 0.588281 0.341146 0.588281 0.358854 0.570312 0.358854
0 0.495312 0.31875 0.510156 0.31875 0.510156 0.345833 0.495312 0.345833
0 0.519922 0.210417 0.542969 0.210417 0.542969 0.232292 0.519922 0.232292
0 0.067969 0.415625 0.095312 0.415625 0.095312 0.440104 0.067969 0.440104
0 0.086328 0.438021 0.103516 0.438021 0.103516 0.459375 0.086328 0.459375
0 0.083203 0.461979 0.109766 0.461979 0.109766 0.48125 0.083203 0.48125
0 0.067969 0.490625 0.1 0.490625 0.1 0.520833 0.067969 0.520833
0 0.089062 0.519792 0.109766 0.519792 0.109766 0.551562 0.089062 0.551562
0 0.063281 0.536458 0.087109 0.536458 0.087109 0.559375 0.063281 0.559375
0 0.040625 0.557292 0.067188 0.557292 0.067188 0.577604 0.040625 0.577604
0 0.078516 0.56875 0.103516 0.56875 0.103516 0.595312 0.078516 0.595312
0 0.056641 0.592188 0.077734 0.592188 0.077734 0.617188 0.056641 0.617188
0 0.026953 0.586979 0.044531 0.586979 0.044531 0.622396 0.026953 0.622396
0 0.001953 0.602083 0.019922 0.602083 0.019922 0.64375 0.001953 0.64375
0 0.031641 0.644792 0.051172 0.644792 0.051172 0.6875 0.031641 0.6875
0 0.069531 0.635417 0.089062 0.635417 0.089062 0.658854 0.069531 0.658854
0 0.131641 0.535417 0.152344 0.535417 0.152344 0.576042 0.131641 0.576042
0 0.123438 0.459375 0.142578 0.459375 0.142578 0.494792 0.123438 0.494792
0 0.153125 0.486458 0.172266 0.486458 0.172266 0.515104 0.153125 0.515104
0 0.194922 0.488542 0.217578 0.488542 0.217578 0.515104 0.194922 0.515104
0 0.185938 0.534375 0.197266 0.534375 0.197266 0.570833 0.185938 0.570833
0 0.203125 0.555729 0.219922 0.555729 0.219922 0.583854 0.203125 0.583854
0 0.160547 0.570833 0.183594 0.570833 0.183594 0.594271 0.160547 0.594271
0 0.158203 0.601042 0.174219 0.601042 0.174219 0.6375 0.158203 0.6375
0 0.125781 0.6375 0.142578 0.6375 0.142578 0.663021 0.125781 0.663021
0 0.096875 0.690625 0.116406 0.690625 0.116406 0.721875 0.096875 0.721875
0 0.071094 0.696354 0.091406 0.696354 0.091406 0.726042 0.071094 0.726042
0 0.005469 0.684375 0.022266 0.684375 0.022266 0.706771 0.005469 0.706771
0 0.010156 0.713021 0.032812 0.713021 0.032812 0.732292 0.010156 0.732292
0 0.001953 0.736979 0.017969 0.736979 0.017969 0.774479 0.001953 0.774479
0 0.032812 0.738021 0.050391 0.738021 0.050391 0.764583 0.032812 0.764583
0 0.061719 0.752083 0.083984 0.752083 0.083984 0.781771 0.061719 0.781771
0 0.109766 0.726042 0.128906 0.726042 0.128906 0.755208 0.109766 0.755208
0 0.235938 0.527083 0.261719 0.527083 0.261719 0.557292 0.235938 0.557292
0 0.244141 0.564583 0.260938 0.564583 0.260938 0.589062 0.244141 0.589062
0 0.195703 0.619271 0.209375 0.619271 0.209375 0.658854 0.195703 0.658854
0 0.170703 0.654167 0.189453 0.654167 0.189453 0.673958 0.170703 0.673958
0 0.184375 0.686458 0.20625 0.686458 0.20625 0.707812 0.184375 0.707812
0 0.145312 0.711979 0.163672 0.711979 0.163672 0.743229 0.145312 0.743229
0 0.169922 0.722917 0.194922 0.722917 0.194922 0.752083 0.169922 0.752083
0 0.136328 0.770833 0.157031 0.770833 0.157031 0.798958 0.136328 0.798958
0 0.101562 0.767708 0.124219 0.767708 0.124219 0.801042 0.101562 0.801042
0 0.223047 0.725 0.242578 0.725 0.242578 0.754167 0.223047 0.754167
0 0.239062 0.6875 0.259375 0.6875 0.259375 0.719792 0.239062 0.719792
0 0.254297 0.657812 0.272266 0.657812 0.272266 0.691667 0.254297 0.691667
0 0.285156 0.671354 0.308203 0.671354 0.308203 0.702604 0.285156 0.702604
0 0.277734 0.732292 0.297656 0.732292 0.297656 0.76875 0.277734 0.76875
0 0.248828 0.758333 0.26875 0.758333 0.26875 0.779688 0.248828 0.779688
0 0.244922 0.789062 0.269922 0.789062 0.269922 0.810938 0.244922 0.810938
0 0.303516 0.602083 0.317188 0.602083 0.317188 0.631771 0.303516 0.631771
0 0.314062 0.56875 0.336328 0.56875 0.336328 0.597917 0.314062 0.597917
0 0.315625 0.616146 0.337109 0.616146 0.337109 0.646875 0.315625 0.646875
0 0.333984 0.644792 0.352344 0.644792 0.352344 0.68125 0.333984 0.68125
0 0.321875 0.702604 0.341406 0.702604 0.341406 0.723958 0.321875 0.723958
0 0.367578 0.696354 0.390234 0.696354 0.390234 0.738021 0.367578 0.738021
0 0.36875 0.616146 0.385547 0.616146 0.385547 0.653125 0.36875 0.653125
0 0.370312 0.567708 0.394922 0.567708 0.394922 0.596354 0.370312 0.596354
0 0.391797 0.538021 0.408594 0.538021 0.408594 0.571875 0.391797 0.571875
0 0.410547 0.620312 0.426562 0.620312 0.426562 0.653125 0.410547 0.653125
0 0.38125 0.634896 0.407031 0.634896 0.407031 0.668229 0.38125 0.668229
0 0.40625 0.679167 0.423438 0.679167 0.423438 0.703646 0.40625 0.703646
0 0.446484 0.709896 0.4625 0.709896 0.4625 0.746354 0.446484 0.746354
0 0.403906 0.755208 0.419141 0.755208 0.419141 0.783854 0.403906 0.783854
0 0.425 0.76875 0.446484 0.76875 0.446484 0.792708 0.425 0.792708
0 0.409766 0.790104 0.43125 0.790104 0.43125 0.815104 0.409766 0.815104
0 0.411328 0.480208 0.428906 0.480208 0.428906 0.51875 0.411328 0.51875
0 0.436719 0.529167 0.451172 0.529167 0.451172 0.551562 0.436719 0.551562
0 0.433594 0.597917 0.449609 0.597917 0.449609 0.631771 0.433594 0.631771
0 0.460156 0.581771 0.476953 0.581771 0.476953 0.613542 0.460156 0.613542
0 0.482812 0.6125 0.498047 0.6125 0.498047 0.640625 0.482812 0.640625
0 0.468359 0.639583 0.485938 0.639583 0.485938 0.670312 0.468359 0.670312
0 0.447266 0.655729 0.466797 0.655729 0.466797 0.689583 0.447266 0.689583
0 0.497266 0.667188 0.519531 0.667188 0.519531 0.691667 0.497266 0.691667
0 0.05625 0.805729 0.071484 0.805729 0.071484 0.827604 0.05625 0.827604
0 0.08125 0.811458 0.094922 0.811458 0.094922 0.843229 0.08125 0.843229
0 0.007812 0.803646 0.023828 0.803646 0.023828 0.825521 0.007812 0.825521
0 0.030078 0.835938 0.047656 0.835938 0.047656 0.863021 0.030078 0.863021
0 0.007422 0.863021 0.023828 0.863021 0.023828 0.890104 0.007422 0.890104
0 0.030078 0.877083 0.048047 0.877083 0.048047 0.906771 0.030078 0.906771
0 0.051172 0.856771 0.069531 0.856771 0.069531 0.884375 0.051172 0.884375
0 0.095312 0.854688 0.109766 0.854688 0.109766 0.886979 0.095312 0.886979
0 0.112891 0.831771 0.125781 0.831771 0.125781 0.865104 0.112891 0.865104
0 0.145312 0.807812 0.164844 0.807812 0.164844 0.830208 0.145312 0.830208
0 0.142578 0.841667 0.160547 0.841667 0.160547 0.870312 0.142578 0.870312
0 0.222266 0.878646 0.243359 0.878646 0.243359 0.910417 0.222266 0.910417
0 0.25 0.868229 0.26875 0.868229 0.26875 0.894792 0.25 0.894792
0 0.28125 0.822396 0.298828 0.822396 0.298828 0.845833 0.28125 0.845833
0 0.312109 0.831771 0.333594 0.831771 0.333594 0.857292 0.312109 0.857292
0 0.291016 0.855729 0.314062 0.855729 0.314062 0.88125 0.291016 0.88125
0 0.336719 0.865625 0.35625 0.865625 0.35625 0.886979 0.336719 0.886979
0 0.375391 0.866146 0.4 0.866146 0.4 0.888542 0.375391 0.888542
0 0.328906 0.901562 0.35 0.901562 0.35 0.920312 0.328906 0.920312
0 0.3625 0.905729 0.387109 0.905729 0.387109 0.927604 0.3625 0.927604
0 0.393359 0.90625 0.416797 0.90625 0.416797 0.927604 0.393359 0.927604
0 0.416016 0.871875 0.444531 0.871875 0.444531 0.894792 0.416016 0.894792
0 0.409766 0.831771 0.445312 0.831771 0.445312 0.8625 0.409766 0.8625
0 0.376562 0.802604 0.397266 0.802604 0.397266 0.828125 0.376562 0.828125
0 0.347266 0.803646 0.374609 0.803646 0.374609 0.829167 0.347266 0.829167
0 0.345312 0.747917 0.361719 0.747917 0.361719 0.777604 0.345312 0.777604
0 0.319531 0.745312 0.339062 0.745312 0.339062 0.771354 0.319531 0.771354
0 0.405469 0.961458 0.421875 0.961458 0.421875 0.99375 0.405469 0.99375
0 0.423438 0.939583 0.442969 0.939583 0.442969 0.967188 0.423438 0.967188
0 0.367969 0.942708 0.391797 0.942708 0.391797 0.966146 0.367969 0.966146
0 0.464844 0.926042 0.483984 0.926042 0.483984 0.964062 0.464844 0.964062
0 0.475781 0.872396 0.492578 0.872396 0.492578 0.903125 0.475781 0.903125
0 0.500781 0.860417 0.522656 0.860417 0.522656 0.888021 0.500781 0.888021
0 0.502734 0.897396 0.519141 0.897396 0.519141 0.925521 0.502734 0.925521
0 0.525781 0.904688 0.543359 0.904688 0.543359 0.9375 0.525781 0.9375
0 0.465234 0.815104 0.482031 0.815104 0.482031 0.836458 0.465234 0.836458
0 0.492578 0.809896 0.505469 0.809896 0.505469 0.839583 0.492578 0.839583
0 0.646094 0.955208 0.666016 0.955208 0.666016 0.984375 0.646094 0.984375
0 0.643359 0.929688 0.655859 0.929688 0.655859 0.954688 0.643359 0.954688
0 0.661328 0.893229 0.676172 0.893229 0.676172 0.925521 0.661328 0.925521
0 0.682031 0.915104 0.694141 0.915104 0.694141 0.947396 0.682031 0.947396
0 0.693359 0.963542 0.707031 0.963542 0.707031 0.995833 0.693359 0.995833
0 0.714844 0.926562 0.735156 0.926562 0.735156 0.951042 0.714844 0.951042
0 0.579688 0.863542 0.592188 0.863542 0.592188 0.882812 0.579688 0.882812
0 0.582031 0.902083 0.603906 0.902083 0.603906 0.924479 0.582031 0.924479
0 0.557812 0.778125 0.578516 0.778125 0.578516 0.806771 0.557812 0.806771
0 0.534766 0.778125 0.549219 0.778125 0.549219 0.809896 0.534766 0.809896
0 0.516016 0.763021 0.530859 0.763021 0.530859 0.792708 0.516016 0.792708
0 0.639844 0.779167 0.659766 0.779167 0.659766 0.807812 0.639844 0.807812
0 0.651953 0.820833 0.667188 0.820833 0.667188 0.851562 0.651953 0.851562
0 0.617188 0.901562 0.630469 0.901562 0.630469 0.923438 0.617188 0.923438
0 0.627734 0.845833 0.646094 0.845833 0.646094 0.877083 0.627734 0.877083
0 0.697656 0.847917 0.716797 0.847917 0.716797 0.869271 0.697656 0.869271
0 0.704297 0.775521 0.723438 0.775521 0.723438 0.806771 0.704297 0.806771
0 0.664844 0.763021 0.688281 0.763021 0.688281 0.785938 0.664844 0.785938
0 0.751562 0.799479 0.776562 0.799479 0.776562 0.820312 0.751562 0.820312
0 0.749219 0.895312 0.766016 0.895312 0.766016 0.927604 0.749219 0.927604
0 0.736328 0.854167 0.753906 0.854167 0.753906 0.89375 0.736328 0.89375
0 0.529297 0.604167 0.548438 0.604167 0.548438 0.633333 0.529297 0.633333
0 0.568359 0.620312 0.590234 0.620312 0.590234 0.645312 0.568359 0.645312
0 0.525391 0.655729 0.542578 0.655729 0.542578 0.678125 0.525391 0.678125
0 0.557422 0.660417 0.567578 0.660417 0.567578 0.694792 0.557422 0.694792
0 0.574609 0.691667 0.599219 0.691667 0.599219 0.719792 0.574609 0.719792
0 0.455078 0.367708 0.480859 0.367708 0.480859 0.396354 0.455078 0.396354
0 0.4125 0.402083 0.434375 0.402083 0.434375 0.429688 0.4125 0.429688
0 0.440625 0.416146 0.458594 0.416146 0.458594 0.444271 0.440625 0.444271
0 0.471875 0.414583 0.490625 0.414583 0.490625 0.445312 0.471875 0.445312
0 0.498828 0.396875 0.522266 0.396875 0.522266 0.421875 0.498828 0.421875
0 0.405469 0.363021 0.418359 0.363021 0.418359 0.386458 0.405469 0.386458
0 0.339453 0.545833 0.358203 0.545833 0.358203 0.576562 0.339453 0.576562
0 0.557422 0.378125 0.594141 0.378125 0.594141 0.404167 0.557422 0.404167
0 0.625781 0.39375 0.650391 0.39375 0.650391 0.431771 0.625781 0.431771
0 0.610547 0.428125 0.633594 0.428125 0.633594 0.453646 0.610547 0.453646
0 0.579297 0.407812 0.607031 0.407812 0.607031 0.434896 0.579297 0.434896
0 0.575391 0.569271 0.593359 0.569271 0.593359 0.600521 0.575391 0.600521
0 0.598438 0.611979 0.610938 0.611979 0.610938 0.635417 0.598438 0.635417
0 0.664453 0.609896 0.689844 0.609896 0.689844 0.631771 0.664453 0.631771
0 0.701172 0.619271 0.716406 0.619271 0.716406 0.65 0.701172 0.65
0 0.729688 0.648958 0.744141 0.648958 0.744141 0.675521 0.729688 0.675521
0 0.654297 0.653646 0.681641 0.653646 0.681641 0.675521 0.654297 0.675521
0 0.540234 0.720833 0.5625 0.720833 0.5625 0.759896 0.540234 0.759896
0 0.708984 0.699479 0.736719 0.699479 0.736719 0.732812 0.708984 0.732812
0 0.670312 0.716667 0.705078 0.716667 0.705078 0.748438 0.670312 0.748438
0 0.644141 0.689583 0.667188 0.689583 0.667188 0.721875 0.644141 0.721875
0 0.728516 0.723958 0.754688 0.723958 0.754688 0.75625 0.728516 0.75625
0 0.675781 0.529167 0.702344 0.529167 0.702344 0.565625 0.675781 0.565625
0 0.734766 0.51875 0.751562 0.51875 0.751562 0.552604 0.734766 0.552604
0 0.764453 0.552083 0.779297 0.552083 0.779297 0.578646 0.764453 0.578646
0 0.739844 0.599479 0.760547 0.599479 0.760547 0.622917 0.739844 0.622917
0 0.760547 0.631771 0.778125 0.631771 0.778125 0.668229 0.760547 0.668229
0 0.783984 0.613021 0.807812 0.613021 0.807812 0.638542 0.783984 0.638542
0 0.780078 0.671875 0.800391 0.671875 0.800391 0.697917 0.780078 0.697917
0 0.761328 0.711458 0.783594 0.711458 0.783594 0.7375 0.761328 0.7375
0 0.791016 0.553125 0.8125 0.553125 0.8125 0.585938 0.791016 0.585938
0 0.767969 0.871875 0.791016 0.871875 0.791016 0.885938 0.767969 0.885938
0 0.778906 0.903125 0.79375 0.903125 0.79375 0.927604 0.778906 0.927604
0 0.813672 0.834896 0.830859 0.834896 0.830859 0.864583 0.813672 0.864583
0 0.791797 0.815104 0.807422 0.815104 0.807422 0.838021 0.791797 0.838021
0 0.780078 0.776562 0.797656 0.776562 0.797656 0.795312 0.780078 0.795312
0 0.810156 0.779688 0.830859 0.779688 0.830859 0.807812 0.810156 0.807812
0 0.8375 0.763542 0.855469 0.763542 0.855469 0.794792 0.8375 0.794792
0 0.860938 0.736979 0.877344 0.736979 0.877344 0.764583 0.860938 0.764583
0 0.814844 0.725 0.836328 0.725 0.836328 0.751562 0.814844 0.751562
0 0.817578 0.661979 0.839062 0.661979 0.839062 0.683854 0.817578 0.683854
0 0.846484 0.685417 0.867969 0.685417 0.867969 0.716667 0.846484 0.716667
0 0.894531 0.725521 0.912109 0.725521 0.912109 0.755208 0.894531 0.755208
0 0.888672 0.664583 0.905078 0.664583 0.905078 0.692188 0.888672 0.692188
0 0.914453 0.678125 0.935938 0.678125 0.935938 0.698958 0.914453 0.698958
0 0.921484 0.624479 0.940234 0.624479 0.940234 0.644271 0.921484 0.644271
0 0.889062 0.584896 0.913672 0.584896 0.913672 0.614583 0.889062 0.614583
0 0.8625 0.593229 0.882812 0.593229 0.882812 0.61875 0.8625 0.61875
0 0.947656 0.582812 0.971875 0.582812 0.971875 0.603125 0.947656 0.603125
0 0.696094 0.466667 0.718359 0.466667 0.718359 0.490104 0.696094 0.490104
0 0.723828 0.429688 0.740234 0.429688 0.740234 0.457812 0.723828 0.457812
0 0.734375 0.467188 0.760156 0.467188 0.760156 0.490625 0.734375 0.490625
0 0.770312 0.454688 0.798828 0.454688 0.798828 0.479167 0.770312 0.479167
0 0.780078 0.414062 0.8 0.414062 0.8 0.448438 0.780078 0.448438
0 0.805469 0.448438 0.833203 0.448438 0.833203 0.473438 0.805469 0.473438
0 0.790234 0.494792 0.819531 0.494792 0.819531 0.522917 0.790234 0.522917
0 0.835938 0.479167 0.861328 0.479167 0.861328 0.513021 0.835938 0.513021
0 0.875391 0.490104 0.894922 0.490104 0.894922 0.511979 0.875391 0.511979
0 0.900781 0.538542 0.924219 0.538542 0.924219 0.5625 0.900781 0.5625
0 0.939453 0.519271 0.957031 0.519271 0.957031 0.545833 0.939453 0.545833
0 0.924219 0.485938 0.948828 0.485938 0.948828 0.505208 0.924219 0.505208
0 0.896094 0.444792 0.911328 0.444792 0.911328 0.475 0.896094 0.475
0 0.844922 0.394271 0.866797 0.394271 0.866797 0.421875 0.844922 0.421875
0 0.925391 0.432812 0.946094 0.432812 0.946094 0.465625 0.925391 0.465625
0 0.966406 0.464062 0.983203 0.464062 0.983203 0.495312 0.966406 0.495312
0 0.976562 0.524479 0.991797 0.524479 0.991797 0.552083 0.976562 0.552083
0 0.973828 0.400521 0.996094 0.400521 0.996094 0.439583 0.973828 0.439583
0 0.967969 0.242708 0.991406 0.242708 0.991406 0.270833 0.967969 0.270833
0 0.985547 0.279688 0.999609 0.279688 0.999609 0.3125 0.985547 0.3125
0 0.991406 0.380729 0.999609 0.380729 0.999609 0.397917 0.991406 0.397917
0 0.305469 0.240625 0.330078 0.240625 0.330078 0.281771 0.305469 0.281771