0 0.0 0.027083 0.017188 0.027083 0.017188 0.076562 0.0 0.076562
0 0.072266 0.051562 0.092188 0.051562 0.092188 0.0875 0.072266 0.0875
0 0.095312 0.058333 0.123047 0.058333 0.123047 0.097396 0.095312 0.097396
0 0.064844 0.108854 0.081641 0.108854 0.081641 0.1375 0.064844 0.1375
0 0.090234 0.139583 0.109375 0.139583 0.109375 0.176562 0.090234 0.176562
0 0.113281 0.103646 0.137109 0.103646 0.137109 0.159375 0.113281 0.159375
0 0.142969 0.101562 0.164453 0.101562 0.164453 0.135938 0.142969 0.135938
0 0.169531 0.139583 0.187891 0.139583 0.187891 0.170833 0.169531 0.170833
0 0.212891 0.100521 0.228125 0.100521 0.228125 0.1375 0.212891 0.1375
0 0.169922 0.076562 0.196875 0.076562 0.196875 0.111458 0.169922 0.111458
0 0.194141 0.056771 0.222656 0.056771 0.222656 0.083333 0.194141 0.083333
0 0.198438 0.009896 0.220312 0.009896 0.220312 0.041667 0.198438 0.041667
0 0.233984 0.023958 0.259766 0.023958 0.259766 0.05 0.233984 0.05
0 0.248828 0.081771 0.278516 0.081771 0.278516 0.103646 0.248828 0.103646
0 0.241797 0.11875 0.267188 0.11875 0.267188 0.145833 0.241797 0.145833
0 0.285156 0.120312 0.31875 0.120312 0.31875 0.144271 0.285156 0.144271
0 0.260547 0.152604 0.275391 0.152604 0.275391 0.189062 0.260547 0.189062
0 0.296484 0.168229 0.311719 0.168229 0.311719 0.198958 0.296484 0.198958
0 0.293359 0.003646 0.322266 0.003646 0.322266 0.04375 0.293359 0.04375
0 0.327734 0.036979 0.360547 0.036979 0.360547 0.071875 0.327734 0.071875
0 0.380078 0.040104 0.410938 0.040104 0.410938 0.066667 0.380078 0.066667
0 0.0 0.211458 0.020703 0.211458 0.020703 0.235938 0.0 0.235938
0 0.005859 0.241146 0.028906 0.241146 0.028906 0.273958 0.005859 0.273958
0 0.119922 0.203646 0.143359 0.203646 0.143359 0.233854 0.119922 0.233854
0 0.144531 0.176562 0.167578 0.176562 0.167578 0.213021 0.144531 0.213021
0 0.184375 0.198958 0.208984 0.198958 0.208984 0.231771 0.184375 0.231771
0 0.124219 0.241667 0.148828 0.241667 0.148828 0.269271 0.124219 0.269271
0 0.158984 0.251563 0.187891 0.251563 0.187891 0.289583 0.158984 0.289583
0 0.257422 0.203125 0.2875 0.203125 0.2875 0.234375 0.257422 0.234375
0 0.315625 0.175 0.332812 0.175 0.332812 0.210417 0.315625 0.210417
0 0.328516 0.149479 0.345703 0.149479 0.345703 0.178125 0.328516 0.178125
0 0.349609 0.182292 0.365234 0.182292 0.365234 0.215625 0.349609 0.215625
0 0.378516 0.176562 0.400781 0.176562 0.400781 0.210417 0.378516 0.210417
0 0.394922 0.217188 0.418359 0.217188 0.418359 0.241146 0.394922 0.241146
0 0.365234 0.230208 0.38125 0.230208 0.38125 0.255729 0.365234 0.255729
0 0.335156 0.240104 0.357812 0.240104 0.357812 0.265104 0.335156 0.265104
0 0.296875 0.241667 0.319922 0.241667 0.319922 0.267708 0.296875 0.267708
0 0.277734 0.263542 0.304297 0.263542 0.304297 0.2875 0.277734 0.2875
0 0.254688 0.272396 0.273438 0.272396 0.273438 0.303125 0.254688 0.303125
0 0.027344 0.315625 0.058594 0.315625 0.058594 0.342188 0.027344 0.342188
0 0.026172 0.369792 0.058203 0.369792 0.058203 0.409896 0.026172 0.409896
0 0.0 0.389583 0.015625 0.389583 0.015625 0.427083 0.0 0.427083
0 0.013281 0.434896 0.039062 0.434896 0.039062 0.466146 0.013281 0.466146
0 0.130469 0.298438 0.153516 0.298438 0.153516 0.335938 0.130469 0.335938
0 0.225781 0.273438 0.244922 0.273438 0.244922 0.303125 0.225781 0.303125
0 0.263281 0.305208 0.296094 0.305208 0.296094 0.329167 0.263281 0.329167
0 0.001172 0.485417 0.023047 0.485417 0.023047 0.516667 0.001172 0.516667
0 0.028125 0.518229 0.056641 0.518229 0.056641 0.544271 0.028125 0.544271
0 0.063672 0.463021 0.087891 0.463021 0.087891 0.495833 0.063672 0.495833
0 0.138281 0.470312 0.165625 0.470312 0.165625 0.502604 0.138281 0.502604
0 0.204688 0.44375 0.234766 0.44375 0.234766 0.479688 0.204688 0.479688
0 0.239062 0.447396 0.258203 0.447396 0.258203 0.481771 0.239062 0.481771
0 0.219141 0.402604 0.240234 0.402604 0.240234 0.435417 0.219141 0.435417
0 0.189062 0.407812 0.208984 0.407812 0.208984 0.439062 0.189062 0.439062
0 0.253125 0.394271 0.278125 0.394271 0.278125 0.424479 0.253125 0.424479
0 0.257031 0.340625 0.282031 0.340625 0.282031 0.364583 0.257031 0.364583
0 0.291797 0.366146 0.314062 0.366146 0.314062 0.40625 0.291797 0.40625
0 0.342969 0.336458 0.364453 0.336458 0.364453 0.375 0.342969 0.375
0 0.320312 0.408854 0.344141 0.408854 0.344141 0.449479 0.320312 0.449479
0 0.346484 0.452083 0.363281 0.452083 0.363281 0.483854 0.346484 0.483854
0 0.006641 0.596354 0.03125 0.596354 0.03125 0.635417 0.006641 0.635417
0 0.019531 0.555729 0.05 0.555729 0.05 0.582812 0.019531 0.582812
0 0.067578 0.548958 0.090234 0.548958 0.090234 0.591146 0.067578 0.591146
0 0.017578 0.635417 0.044141 0.635417 0.044141 0.675 0.017578 0.675
0 0.020703 0.758854 0.051172 0.758854 0.051172 0.797917 0.020703 0.797917
0 0.001562 0.859375 0.016797 0.859375 0.016797 0.888542 0.001562 0.888542
0 0.017578 0.842708 0.039453 0.842708 0.039453 0.874479 0.017578 0.874479
0 0.030078 0.810938 0.05 0.810938 0.05 0.845312 0.030078 0.845312
0 0.054688 0.836979 0.076562 0.836979 0.076562 0.874479 0.054688 0.874479
0 0.053516 0.759375 0.070312 0.759375 0.070312 0.798958 0.053516 0.798958
0 0.092969 0.761979 0.1125 0.761979 0.1125 0.789062 0.092969 0.789062
0 0.120312 0.760938 0.138281 0.760938 0.138281 0.790104 0.120312 0.790104
0 0.132031 0.744792 0.1625 0.744792 0.1625 0.776562 0.132031 0.776562
0 0.164062 0.786458 0.189062 0.786458 0.189062 0.819792 0.164062 0.819792
0 0.140234 0.805729 0.160156 0.805729 0.160156 0.835417 0.140234 0.835417
0 0.094141 0.809896 0.115625 0.809896 0.115625 0.83125 0.094141 0.83125
0 0.101953 0.841146 0.121094 0.841146 0.121094 0.875 0.101953 0.875
0 0.021875 0.891667 0.062891 0.891667 0.062891 0.911979 0.021875 0.911979
0 0.002344 0.908854 0.026562 0.908854 0.026562 0.939583 0.002344 0.939583
0 0.025 0.952604 0.047266 0.952604 0.047266 0.979167 0.025 0.979167
0 0.078516 0.931771 0.098828 0.931771 0.098828 0.955208 0.078516 0.955208
0 0.082812 0.965104 0.104297 0.965104 0.104297 0.996354 0.082812 0.996354
0 0.112891 0.953646 0.130859 0.953646 0.130859 0.980208 0.112891 0.980208
0 0.104688 0.908854 0.122266 0.908854 0.122266 0.943229 0.104688 0.943229
0 0.135156 0.934896 0.158984 0.934896 0.158984 0.964062 0.135156 0.964062
0 0.160938 0.971354 0.176953 0.971354 0.176953 0.997917 0.160938 0.997917
0 0.189062 0.921354 0.207422 0.921354 0.207422 0.955208 0.189062 0.955208
0 0.169141 0.894792 0.194531 0.894792 0.194531 0.924479 0.169141 0.924479
0 0.226562 0.928646 0.251172 0.928646 0.251172 0.966667 0.226562 0.966667
0 0.234766 0.973958 0.258984 0.973958 0.258984 0.996875 0.234766 0.996875
0 0.164844 0.855208 0.188672 0.855208 0.188672 0.885938 0.164844 0.885938
0 0.197656 0.841667 0.220703 0.841667 0.220703 0.875 0.197656 0.875
0 0.20625 0.650521 0.239844 0.650521 0.239844 0.684375 0.20625 0.684375
0 0.226953 0.619271 0.266016 0.619271 0.266016 0.646875 0.226953 0.646875
0 0.273438 0.614062 0.292188 0.614062 0.292188 0.652604 0.273438 0.652604
0 0.280469 0.686979 0.294922 0.686979 0.294922 0.721875 0.280469 0.721875
0 0.23125 0.694271 0.258594 0.694271 0.258594 0.723958 0.23125 0.723958
0 0.208984 0.704688 0.233984 0.704688 0.233984 0.730208 0.208984 0.730208
0 0.236719 0.763021 0.257031 0.763021 0.257031 0.793229 0.236719 0.793229
0 0.297656 0.73125 0.323047 0.73125 0.323047 0.754688 0.297656 0.754688
0 0.306641 0.772396 0.328516 0.772396 0.328516 0.804167 0.306641 0.804167
0 0.326953 0.718229 0.347656 0.718229 0.347656 0.74375 0.326953 0.74375
0 0.342188 0.7625 0.362891 0.7625 0.362891 0.794271 0.342188 0.794271
0 0.292969 0.818229 0.330469 0.818229 0.330469 0.854688 0.292969 0.854688
0 0.349609 0.805208 0.371484 0.805208 0.371484 0.832812 0.349609 0.832812
0 0.347656 0.847396 0.362891 0.847396 0.362891 0.889583 0.347656 0.889583
0 0.383984 0.827083 0.403906 0.827083 0.403906 0.859375 0.383984 0.859375
0 0.402344 0.804167 0.430078 0.804167 0.430078 0.830208 0.402344 0.830208
0 0.432812 0.834375 0.451172 0.834375 0.451172 0.856771 0.432812 0.856771
0 0.416406 0.863021 0.442188 0.863021 0.442188 0.888542 0.416406 0.888542
0 0.449219 0.859375 0.476562 0.859375 0.476562 0.897917 0.449219 0.897917
0 0.394922 0.740104 0.418359 0.740104 0.418359 0.778646 0.394922 0.778646
0 0.366797 0.701042 0.383203 0.701042 0.383203 0.732292 0.366797 0.732292
0 0.311328 0.647917 0.333203 0.647917 0.333203 0.678125 0.311328 0.678125
0 0.333203 0.619271 0.366016 0.619271 0.366016 0.657812 0.333203 0.657812
0 0.388281 0.682812 0.427344 0.682812 0.427344 0.716667 0.388281 0.716667
0 0.409375 0.628646 0.43125 0.628646 0.43125 0.6625 0.409375 0.6625
0 0.435547 0.614062 0.472656 0.614062 0.472656 0.643229 0.435547 0.643229
0 0.456641 0.680729 0.483594 0.680729 0.483594 0.717188 0.456641 0.717188
0 0.489062 0.721875 0.511719 0.721875 0.511719 0.745833 0.489062 0.745833
0 0.48125 0.747396 0.50625 0.747396 0.50625 0.782292 0.48125 0.782292
0 0.471094 0.796875 0.492578 0.796875 0.492578 0.826562 0.471094 0.826562
0 0.483594 0.849479 0.508203 0.849479 0.508203 0.878646 0.483594 0.878646
0 0.526562 0.753125 0.545703 0.753125 0.545703 0.791667 0.526562 0.791667
0 0.537109 0.804167 0.555469 0.804167 0.555469 0.848438 0.537109 0.848438
0 0.360156 0.280729 0.386328 0.280729 0.386328 0.309375 0.360156 0.309375
0 0.4 0.322917 0.426953 0.322917 0.426953 0.346875 0.4 0.346875
0 0.391797 0.377604 0.41875 0.377604 0.41875 0.407812 0.391797 0.407812
0 0.382812 0.429167 0.410938 0.429167 0.410938 0.458333 0.382812 0.458333
0 0.397266 0.501562 0.419141 0.501562 0.419141 0.531771 0.397266 0.531771
0 0.338281 0.529688 0.363672 0.529688 0.363672 0.55625 0.338281 0.55625
0 0.441016 0.509896 0.469922 0.509896 0.469922 0.541667 0.441016 0.541667
0 0.441797 0.547917 0.470703 0.547917 0.470703 0.566667 0.441797 0.566667
0 0.450781 0.445833 0.476172 0.445833 0.476172 0.485938 0.450781 0.485938
0 0.483594 0.477604 0.509766 0.477604 0.509766 0.496875 0.483594 0.496875
0 0.507031 0.507812 0.533203 0.507812 0.533203 0.531771 0.507031 0.531771
0 0.501562 0.553646 0.533203 0.553646 0.533203 0.578125 0.501562 0.578125
0 0.511719 0.592188 0.535156 0.592188 0.535156 0.613021 0.511719 0.613021
0 0.5 0.627604 0.524219 0.627604 0.524219 0.657812 0.5 0.657812
0 0.488672 0.440104 0.521484 0.440104 0.521484 0.465625 0.488672 0.465625
0 0.475 0.389062 0.509766 0.389062 0.509766 0.416146 0.475 0.416146
0 0.469922 0.355208 0.489062 0.355208 0.489062 0.38125 0.469922 0.38125
0 0.514062 0.394271 0.545312 0.394271 0.545312 0.418229 0.514062 0.418229
0 0.536719 0.431771 0.564062 0.431771 0.564062 0.453125 0.536719 0.453125
0 0.531641 0.456771 0.558984 0.456771 0.558984 0.473958 0.531641 0.473958
0 0.546094 0.480208 0.567578 0.480208 0.567578 0.50625 0.546094 0.50625
0 0.571484 0.50625 0.596094 0.50625 0.596094 0.524479 0.571484 0.524479
0 0.585938 0.544271 0.619531 0.544271 0.619531 0.564583 0.585938 0.564583
0 0.558984 0.560938 0.585156 0.560938 0.585156 0.589583 0.558984 0.589583
0 0.592969 0.600521 0.621094 0.600521 0.621094 0.634375 0.592969 0.634375
0 0.632031 0.575521 0.653125 0.575521 0.653125 0.608333 0.632031 0.608333
0 0.427734 0.010417 0.452344 0.010417 0.452344 0.047396 0.427734 0.047396
0 0.466797 0.0 0.496484 0.0 0.496484 0.0375 0.466797 0.0375
0 0.44375 0.065625 0.477734 0.065625 0.477734 0.094271 0.44375 0.094271
0 0.418359 0.102083 0.440234 0.102083 0.440234 0.138021 0.418359 0.138021
0 0.464844 0.110938 0.491406 0.110938 0.491406 0.152083 0.464844 0.152083
0 0.508203 0.105208 0.534766 0.105208 0.534766 0.131771 0.508203 0.131771
0 0.517578 0.061458 0.541406 0.061458 0.541406 0.090625 0.517578 0.090625
0 0.501562 0.148438 0.523047 0.148438 0.523047 0.176562 0.501562 0.176562
0 0.505859 0.189583 0.528125 0.189583 0.528125 0.21875 0.505859 0.21875
0 0.381641 0.258333 0.412891 0.258333 0.412891 0.284375 0.381641 0.284375
0 0.416406 0.053125 0.439453 0.053125 0.439453 0.089583 0.416406 0.089583
0 0.557031 0.188021 0.583203 0.188021 0.583203 0.216667 0.557031 0.216667
0 0.528125 0.230208 0.557812 0.230208 0.557812 0.259375 0.528125 0.259375
0 0.579688 0.21875 0.598828 0.21875 0.598828 0.255208 0.579688 0.255208
0 0.561328 0.257292 0.594141 0.257292 0.594141 0.28125 0.561328 0.28125
0 0.605469 0.224479 0.627344 0.224479 0.627344 0.249479 0.605469 0.249479
0 0.573047 0.280208 0.595312 0.280208 0.595312 0.30625 0.573047 0.30625
0 0.583203 0.334375 0.610547 0.334375 0.610547 0.369271 0.583203 0.369271
0 0.655859 0.257292 0.676172 0.257292 0.676172 0.298958 0.655859 0.298958
0 0.687109 0.286979 0.702344 0.286979 0.702344 0.322917 0.687109 0.322917
0 0.634375 0.344271 0.661719 0.344271 0.661719 0.376042 0.634375 0.376042
0 0.545703 0.0 0.579688 0.0 0.579688 0.016146 0.545703 0.016146
0 0.603906 0.020312 0.631641 0.020312 0.631641 0.053125 0.603906 0.053125
0 0.566406 0.047396 0.592578 0.047396 0.592578 0.093229 0.566406 0.093229
0 0.601172 0.080208 0.617188 0.080208 0.617188 0.107812 0.601172 0.107812
0 0.617188 0.054688 0.642969 0.054688 0.642969 0.082812 0.617188 0.082812
0 0.627344 0.098438 0.646094 0.098438 0.646094 0.131771 0.627344 0.131771
0 0.601953 0.138021 0.635156 0.138021 0.635156 0.165625 0.601953 0.165625
0 0.650391 0.135938 0.670312 0.135938 0.670312 0.164583 0.650391 0.164583
0 0.677734 0.124479 0.703516 0.124479 0.703516 0.148438 0.677734 0.148438
0 0.732422 0.106771 0.754297 0.106771 0.754297 0.141667 0.732422 0.141667
0 0.655859 0.009375 0.679688 0.009375 0.679688 0.045312 0.655859 0.045312
0 0.744141 0.022917 0.770312 0.022917 0.770312 0.053125 0.744141 0.053125
0 0.750781 0.0 0.782422 0.0 0.782422 0.015625 0.750781 0.015625
0 0.800391 0.018229 0.824219 0.018229 0.824219 0.051042 0.800391 0.051042
0 0.837891 0.0375 0.866797 0.0375 0.866797 0.058854 0.837891 0.058854
0 0.823438 0.075 0.849609 0.075 0.849609 0.106771 0.823438 0.106771
0 0.858203 0.1 0.875391 0.1 0.875391 0.134896 0.858203 0.134896
0 0.708203 0.164062 0.730469 0.164062 0.730469 0.189583 0.708203 0.189583
0 0.679688 0.179167 0.717969 0.179167 0.717969 0.201562 0.679688 0.201562
0 0.653125 0.235938 0.686328 0.235938 0.686328 0.255208 0.653125 0.255208
0 0.712891 0.215625 0.722656 0.215625 0.722656 0.246875 0.712891 0.246875
0 0.738281 0.235938 0.767188 0.235938 0.767188 0.274479 0.738281 0.274479
0 0.773047 0.188021 0.798828 0.188021 0.798828 0.213021 0.773047 0.213021
0 0.804688 0.18125 0.834375 0.18125 0.834375 0.213021 0.804688 0.213021
0 0.773047 0.234896 0.794141 0.234896 0.794141 0.26875 0.773047 0.26875
0 0.819141 0.210938 0.844531 0.210938 0.844531 0.241146 0.819141 0.241146
0 0.851172 0.220833 0.870312 0.220833 0.870312 0.253646 0.851172 0.253646
0 0.622656 0.38125 0.642188 0.38125 0.642188 0.409896 0.622656 0.409896
0 0.65 0.407292 0.660938 0.407292 0.660938 0.428125 0.65 0.428125
0 0.673438 0.389583 0.688281 0.389583 0.688281 0.424479 0.673438 0.424479
0 0.704688 0.358333 0.723047 0.358333 0.723047 0.391667 0.704688 0.391667
0 0.737891 0.363021 0.765234 0.363021 0.765234 0.388021 0.737891 0.388021
0 0.707422 0.320312 0.726953 0.320312 0.726953 0.350521 0.707422 0.350521
0 0.725 0.309896 0.742578 0.309896 0.742578 0.328646 0.725 0.328646
0 0.761328 0.30625 0.776562 0.30625 0.776562 0.332292 0.761328 0.332292
0 0.780469 0.339062 0.810156 0.339062 0.810156 0.367188 0.780469 0.367188
0 0.765234 0.402083 0.778906 0.402083 0.778906 0.427083 0.765234 0.427083
0 0.772656 0.4375 0.794141 0.4375 0.794141 0.464583 0.772656 0.464583
0 0.786328 0.415625 0.819531 0.415625 0.819531 0.438542 0.786328 0.438542
0 0.811719 0.382812 0.829688 0.382812 0.829688 0.415625 0.811719 0.415625
0 0.843359 0.394792 0.874219 0.394792 0.874219 0.418229 0.843359 0.418229
0 0.842969 0.426042 0.867578 0.426042 0.867578 0.450521 0.842969 0.450521
0 0.804297 0.45 0.833203 0.45 0.833203 0.473438 0.804297 0.473438
0 0.880469 0.041667 0.908984 0.041667 0.908984 0.066146 0.880469 0.066146
0 0.920312 0.063021 0.937891 0.063021 0.937891 0.084896 0.920312 0.084896
0 0.954688 0.080729 0.972656 0.080729 0.972656 0.114062 0.954688 0.114062
0 0.974219 0.064583 0.996484 0.064583 0.996484 0.085938 0.974219 0.085938
0 0.907422 0.104167 0.923438 0.104167 0.923438 0.136979 0.907422 0.136979
0 0.927734 0.153125 0.948438 0.153125 0.948438 0.184375 0.927734 0.184375
0 0.879688 0.197917 0.907031 0.197917 0.907031 0.219271 0.879688 0.219271
0 0.913672 0.214583 0.930859 0.214583 0.930859 0.244792 0.913672 0.244792
0 0.941797 0.195833 0.959375 0.195833 0.959375 0.228125 0.941797 0.228125
0 0.964844 0.159375 0.982812 0.159375 0.982812 0.196354 0.964844 0.196354
0 0.79375 0.223958 0.823047 0.223958 0.823047 0.244792 0.79375 0.244792
0 0.826562 0.254688 0.849609 0.254688 0.849609 0.273438 0.826562 0.273438
0 0.8125 0.298958 0.833594 0.298958 0.833594 0.326042 0.8125 0.326042
0 0.619141 0.277604 0.637891 0.277604 0.637891 0.300521 0.619141 0.300521
0 0.865625 0.294792 0.884766 0.294792 0.884766 0.326042 0.865625 0.326042
0 0.832031 0.296354 0.857422 0.296354 0.857422 0.322917 0.832031 0.322917
0 0.883203 0.271875 0.906641 0.271875 0.906641 0.296354 0.883203 0.296354
0 0.890234 0.317708 0.917188 0.317708 0.917188 0.346354 0.890234 0.346354
0 0.910938 0.367708 0.936719 0.367708 0.936719 0.395833 0.910938 0.395833
0 0.937109 0.273438 0.957422 0.273438 0.957422 0.302083 0.937109 0.302083
0 0.974219 0.261979 0.991406 0.261979 0.991406 0.288542 0.974219 0.288542
0 0.964453 0.311979 0.987891 0.311979 0.987891 0.335417 0.964453 0.335417
0 0.965625 0.359375 0.987891 0.359375 0.987891 0.384375 0.965625 0.384375
0 0.983594 0.390625 0.999609 0.390625 0.999609 0.421354 0.983594 0.421354
0 0.964453 0.41875 0.99375 0.41875 0.99375 0.436979 0.964453 0.436979
0 0.717578 0.534375 0.748438 0.534375 0.748438 0.559896 0.717578 0.559896
0 0.756641 0.541667 0.782812 0.541667 0.782812 0.569792 0.756641 0.569792
0 0.769922 0.577083 0.796484 0.577083 0.796484 0.603646 0.769922 0.603646
0 0.821875 0.548958 0.846094 0.548958 0.846094 0.579167 0.821875 0.579167
0 0.8 0.55 0.824609 0.55 0.824609 0.573438 0.8 0.573438
0 0.835547 0.590104 0.862891 0.590104 0.862891 0.623958 0.835547 0.623958
0 0.797266 0.599479 0.823828 0.599479 0.823828 0.627604 0.797266 0.627604
0 0.778125 0.628646 0.820703 0.628646 0.820703 0.655208 0.778125 0.655208
0 0.716406 0.605729 0.744922 0.605729 0.744922 0.640625 0.716406 0.640625
0 0.689453 0.603646 0.715625 0.603646 0.715625 0.633333 0.689453 0.633333
0 0.671094 0.653125 0.691406 0.653125 0.691406 0.686979 0.671094 0.686979
0 0.623047 0.661458 0.650391 0.661458 0.650391 0.688021 0.623047 0.688021
0 0.7 0.661458 0.720312 0.661458 0.720312 0.696354 0.7 0.696354
0 0.733984 0.664062 0.754688 0.664062 0.754688 0.69375 0.733984 0.69375
0 0.702734 0.702083 0.730078 0.702083 0.730078 0.733854 0.702734 0.733854
0 0.765625 0.689062 0.784766 0.689062 0.784766 0.723958 0.765625 0.723958
0 0.799219 0.675521 0.816406 0.675521 0.816406 0.713542 0.799219 0.713542
0 0.539453 0.644271 0.571484 0.644271 0.571484 0.676042 0.539453 0.676042
0 0.494922 0.669792 0.525781 0.669792 0.525781 0.694271 0.494922 0.694271
0 0.53125 0.696354 0.557812 0.696354 0.557812 0.723958 0.53125 0.723958
0 0.572266 0.686458 0.598828 0.686458 0.598828 0.715625 0.572266 0.715625
0 0.603125 0.696354 0.629688 0.696354 0.629688 0.726562 0.603125 0.726562
0 0.605859 0.750521 0.633203 0.750521 0.633203 0.78125 0.605859 0.78125
0 0.574219 0.775 0.603906 0.775 0.603906 0.807292 0.574219 0.807292
0 0.313672 0.901042 0.340234 0.901042 0.340234 0.934896 0.313672 0.934896
0 0.355469 0.911458 0.383984 0.911458 0.383984 0.938542 0.355469 0.938542
0 0.396875 0.882812 0.420703 0.882812 0.420703 0.915625 0.396875 0.915625
0 0.436328 0.966146 0.476562 0.966146 0.476562 0.995833 0.436328 0.995833
0 0.501172 0.964583 0.532422 0.964583 0.532422 0.997396 0.501172 0.997396
0 0.578125 0.894792 0.59375 0.894792 0.59375 0.939062 0.578125 0.939062
0 0.597266 0.88125 0.619922 0.88125 0.619922 0.907292 0.597266 0.907292
0 0.571875 0.815104 0.599219 0.815104 0.599219 0.849479 0.571875 0.849479
0 0.61875 0.823438 0.65 0.823438 0.65 0.866146 0.61875 0.866146
0 0.646484 0.779167 0.66875 0.779167 0.66875 0.811458 0.646484 0.811458
0 0.6375 0.86875 0.658984 0.86875 0.658984 0.894792 0.6375 0.894792
0 0.629688 0.977604 0.644141 0.977604 0.644141 0.999479 0.629688 0.999479
0 0.65 0.978646 0.666797 0.978646 0.666797 0.997396 0.65 0.997396
0 0.68125 0.970833 0.7 0.970833 0.7 0.994271 0.68125 0.994271
0 0.751172 0.754688 0.773828 0.754688 0.773828 0.784375 0.751172 0.784375
0 0.802734 0.743229 0.828125 0.743229 0.828125 0.760938 0.802734 0.760938
0 0.833203 0.774479 0.854688 0.774479 0.854688 0.791146 0.833203 0.791146
0 0.874219 0.784375 0.893359 0.784375 0.893359 0.811979 0.874219 0.811979
0 0.919922 0.797917 0.946875 0.797917 0.946875 0.828125 0.919922 0.828125
0 0.880859 0.85625 0.905859 0.85625 0.905859 0.894271 0.880859 0.894271
0 0.841797 0.858333 0.866797 0.858333 0.866797 0.893229 0.841797 0.893229
0 0.799609 0.849479 0.822656 0.849479 0.822656 0.879688 0.799609 0.879688
0 0.752344 0.833333 0.775391 0.833333 0.775391 0.870312 0.752344 0.870312
0 0.774219 0.905729 0.794531 0.905729 0.794531 0.934896 0.774219 0.934896
0 0.815234 0.897396 0.835938 0.897396 0.835938 0.928125 0.815234 0.928125
0 0.85 0.922917 0.8625 0.922917 0.8625 0.951042 0.85 0.951042
0 0.869141 0.93125 0.886328 0.93125 0.886328 0.959896 0.869141 0.959896
0 0.927734 0.911458 0.945703 0.911458 0.945703 0.947396 0.927734 0.947396
0 0.924219 0.849479 0.942188 0.849479 0.942188 0.88125 0.924219 0.88125
0 0.958984 0.860938 0.977734 0.860938 0.977734 0.893229 0.958984 0.893229
0 0.889844 0.748438 0.922656 0.748438 0.922656 0.780208 0.889844 0.780208
0 0.933594 0.741146 0.957812 0.741146 0.957812 0.769271 0.933594 0.769271
0 0.965625 0.784375 0.989062 0.784375 0.989062 0.814062 0.965625 0.814062
0 0.982031 0.832812 0.998047 0.832812 0.998047 0.863542 0.982031 0.863542
0 0.953906 0.906771 0.975 0.906771 0.975 0.944271 0.953906 0.944271
0 0.982031 0.904167 0.998047 0.904167 0.998047 0.936458 0.982031 0.936458
0 0.747266 0.892188 0.770312 0.892188 0.770312 0.926562 0.747266 0.926562
0 0.828125 0.826042 0.849609 0.826042 0.849609 0.853646 0.828125 0.853646
0 0.802734 0.95 0.833203 0.95 0.833203 0.977604 0.802734 0.977604
0 0.885547 0.968229 0.914844 0.968229 0.914844 0.993229 0.885547 0.993229
0 0.846094 0.648438 0.870703 0.648438 0.870703 0.689062 0.846094 0.689062
0 0.882422 0.671875 0.905859 0.671875 0.905859 0.711458 0.882422 0.711458
0 0.939453 0.664062 0.964844 0.664062 0.964844 0.697917 0.939453 0.697917
0 0.969922 0.678646 0.999219 0.678646 0.999219 0.707292 0.969922 0.707292
0 0.912891 0.616667 0.933594 0.616667 0.933594 0.643229 0.912891 0.643229
0 0.889453 0.583333 0.909766 0.583333 0.909766 0.618229 0.889453 0.618229
0 0.920312 0.571875 0.951172 0.571875 0.951172 0.596875 0.920312 0.596875
0 0.937891 0.601042 0.963281 0.601042 0.963281 0.645312 0.937891 0.645312