0 0.000391 0.024479 0.017188 0.024479 0.017188 0.05625 0.000391 0.05625
0 0.026172 0.043229 0.044141 0.043229 0.044141 0.070312 0.026172 0.070312
0 0.053125 0.023438 0.074219 0.023438 0.074219 0.048958 0.053125 0.048958
0 0.091406 0.058333 0.108984 0.058333 0.108984 0.0875 0.091406 0.0875
0 0.128516 0.060938 0.145703 0.060938 0.145703 0.081771 0.128516 0.081771
0 0.049609 0.072917 0.071094 0.072917 0.071094 0.099479 0.049609 0.099479
0 0.083203 0.108333 0.100781 0.108333 0.100781 0.132292 0.083203 0.132292
0 0.11875 0.134375 0.14375 0.134375 0.14375 0.159896 0.11875 0.159896
0 0.077734 0.15 0.102344 0.15 0.102344 0.172917 0.077734 0.172917
0 0.116797 0.172917 0.139062 0.172917 0.139062 0.196875 0.116797 0.196875
0 0.030859 0.138542 0.054297 0.138542 0.054297 0.166667 0.030859 0.166667
0 0.004688 0.103646 0.026562 0.103646 0.026562 0.133333 0.004688 0.133333
0 0.025391 0.084896 0.04375 0.084896 0.04375 0.104167 0.025391 0.104167
0 0.133984 0.102083 0.155469 0.102083 0.155469 0.123438 0.133984 0.123438
0 0.191016 0.108854 0.208203 0.108854 0.208203 0.144792 0.191016 0.144792
0 0.182031 0.017708 0.195703 0.017708 0.195703 0.044792 0.182031 0.044792
0 0.222656 0.034896 0.241406 0.034896 0.241406 0.065104 0.222656 0.065104
0 0.259375 0.0 0.283984 0.0 0.283984 0.026562 0.259375 0.026562
0 0.311719 0.009896 0.332812 0.009896 0.332812 0.0375 0.311719 0.0375
0 0.260938 0.051042 0.281641 0.051042 0.281641 0.074479 0.260938 0.074479
0 0.303906 0.063542 0.326953 0.063542 0.326953 0.090104 0.303906 0.090104
0 0.310547 0.101042 0.329688 0.101042 0.329688 0.127083 0.310547 0.127083
0 0.273438 0.114583 0.295312 0.114583 0.295312 0.138542 0.273438 0.138542
0 0.375781 0.017188 0.399219 0.017188 0.399219 0.044792 0.375781 0.044792
0 0.001562 0.154688 0.016016 0.154688 0.016016 0.184375 0.001562 0.184375
0 0.037109 0.19375 0.058594 0.19375 0.058594 0.226562 0.037109 0.226562
0 0.071875 0.217708 0.09375 0.217708 0.09375 0.254167 0.071875 0.254167
0 0.107812 0.221354 0.127344 0.221354 0.127344 0.251563 0.107812 0.251563
0 0.130078 0.210417 0.149219 0.210417 0.149219 0.235417 0.130078 0.235417
0 0.156641 0.247396 0.182031 0.247396 0.182031 0.26875 0.156641 0.26875
0 0.171484 0.199479 0.197656 0.199479 0.197656 0.223438 0.171484 0.223438
0 0.178125 0.170833 0.201562 0.170833 0.201562 0.194792 0.178125 0.194792
0 0.0 0.202083 0.020703 0.202083 0.020703 0.223438 0.0 0.223438
0 0.003906 0.233854 0.023828 0.233854 0.023828 0.254688 0.003906 0.254688
0 0.031641 0.247396 0.048438 0.247396 0.048438 0.272396 0.031641 0.272396
0 0.1 0.3 0.120312 0.3 0.120312 0.330729 0.1 0.330729
0 0.123047 0.306771 0.142188 0.306771 0.142188 0.334375 0.123047 0.334375
0 0.148438 0.342188 0.16875 0.342188 0.16875 0.36875 0.148438 0.36875
0 0.069922 0.352083 0.088672 0.352083 0.088672 0.375521 0.069922 0.375521
0 0.110547 0.373958 0.136719 0.373958 0.136719 0.404167 0.110547 0.404167
0 0.139453 0.388021 0.161328 0.388021 0.161328 0.419792 0.139453 0.419792
0 0.173438 0.374479 0.191797 0.374479 0.191797 0.402083 0.173438 0.402083
0 0.012109 0.402604 0.030859 0.402604 0.030859 0.427604 0.012109 0.427604
0 0.0 0.355208 0.010938 0.355208 0.010938 0.384375 0.0 0.384375
0 0.002344 0.468229 0.023047 0.468229 0.023047 0.499479 0.002344 0.499479
0 0.033203 0.479167 0.054297 0.479167 0.054297 0.514583 0.033203 0.514583
0 0.046875 0.428125 0.064062 0.428125 0.064062 0.454167 0.046875 0.454167
0 0.08125 0.439062 0.1 0.439062 0.1 0.471875 0.08125 0.471875
0 0.1375 0.439583 0.164453 0.439583 0.164453 0.463542 0.1375 0.463542
0 0.179688 0.411458 0.198438 0.411458 0.198438 0.441667 0.179688 0.441667
0 0.204688 0.416146 0.223438 0.416146 0.223438 0.447917 0.204688 0.447917
0 0.175 0.472917 0.196094 0.472917 0.196094 0.503125 0.175 0.503125
0 0.0125 0.535417 0.034766 0.535417 0.034766 0.566667 0.0125 0.566667
0 0.039844 0.527083 0.0625 0.527083 0.0625 0.553646 0.039844 0.553646
0 0.083203 0.530208 0.103906 0.530208 0.103906 0.566146 0.083203 0.566146
0 0.096094 0.48125 0.114062 0.48125 0.114062 0.514062 0.096094 0.514062
0 0.141016 0.490625 0.165625 0.490625 0.165625 0.525521 0.141016 0.525521
0 0.130078 0.526562 0.150781 0.526562 0.150781 0.553646 0.130078 0.553646
0 0.128516 0.567188 0.152734 0.567188 0.152734 0.595833 0.128516 0.595833
0 0.180469 0.532292 0.2 0.532292 0.2 0.567188 0.180469 0.567188
0 0.208203 0.518229 0.229297 0.518229 0.229297 0.547917 0.208203 0.547917
0 0.013672 0.609375 0.038281 0.609375 0.038281 0.640104 0.013672 0.640104
0 0.077344 0.584375 0.097266 0.584375 0.097266 0.613542 0.077344 0.613542
0 0.019922 0.659375 0.041406 0.659375 0.041406 0.686979 0.019922 0.686979
0 0.053516 0.649479 0.071094 0.649479 0.071094 0.682812 0.053516 0.682812
0 0.080469 0.6375 0.100781 0.6375 0.100781 0.671354 0.080469 0.671354
0 0.105859 0.630208 0.125781 0.630208 0.125781 0.663542 0.105859 0.663542
0 0.128125 0.635417 0.148047 0.635417 0.148047 0.674479 0.128125 0.674479
0 0.133984 0.680729 0.153125 0.680729 0.153125 0.714583 0.133984 0.714583
0 0.075781 0.691667 0.103906 0.691667 0.103906 0.719271 0.075781 0.719271
0 0.0 0.702604 0.023438 0.702604 0.023438 0.727604 0.0 0.727604
0 0.175 0.610938 0.190234 0.610938 0.190234 0.636979 0.175 0.636979
0 0.192578 0.639062 0.210156 0.639062 0.210156 0.661979 0.192578 0.661979
0 0.194141 0.572917 0.214453 0.572917 0.214453 0.598958 0.194141 0.598958
0 0.178516 0.671875 0.201172 0.671875 0.201172 0.694271 0.178516 0.694271
0 0.014844 0.745312 0.033984 0.745312 0.033984 0.780208 0.014844 0.780208
0 0.0375 0.735417 0.057031 0.735417 0.057031 0.767188 0.0375 0.767188
0 0.059766 0.732292 0.076562 0.732292 0.076562 0.768229 0.059766 0.768229
0 0.082031 0.758854 0.103125 0.758854 0.103125 0.790104 0.082031 0.790104
0 0.116016 0.745833 0.142578 0.745833 0.142578 0.775521 0.116016 0.775521
0 0.15 0.714062 0.172266 0.714062 0.172266 0.742188 0.15 0.742188
0 0.173047 0.726562 0.190625 0.726562 0.190625 0.754688 0.173047 0.754688
0 0.191797 0.741146 0.207812 0.741146 0.207812 0.767188 0.191797 0.767188
0 0.166016 0.780208 0.184375 0.780208 0.184375 0.813021 0.166016 0.813021
0 0.085156 0.801562 0.109766 0.801562 0.109766 0.829688 0.085156 0.829688
0 0.031641 0.794792 0.055078 0.794792 0.055078 0.825 0.031641 0.825
0 0.005469 0.823958 0.025781 0.823958 0.025781 0.848958 0.005469 0.848958
0 0.083203 0.850521 0.102734 0.850521 0.102734 0.873438 0.083203 0.873438
0 0.112109 0.848958 0.131641 0.848958 0.131641 0.88125 0.112109 0.88125
0 0.125 0.793229 0.142578 0.793229 0.142578 0.823958 0.125 0.823958
0 0.08125 0.886458 0.097656 0.886458 0.097656 0.90625 0.08125 0.90625
0 0.510938 0.017188 0.526562 0.017188 0.526562 0.044792 0.510938 0.044792
0 0.601172 0.009896 0.617188 0.009896 0.617188 0.036979 0.601172 0.036979
0 0.575781 0.0 0.592578 0.0 0.592578 0.022917 0.575781 0.022917
0 0.550391 0.052604 0.574219 0.052604 0.574219 0.076562 0.550391 0.076562
0 0.64375 0.008333 0.661328 0.008333 0.661328 0.038021 0.64375 0.038021
0 0.614844 0.064583 0.633203 0.064583 0.633203 0.100521 0.614844 0.100521
0 0.597266 0.090625 0.616406 0.090625 0.616406 0.118229 0.597266 0.118229
0 0.573438 0.070833 0.592188 0.070833 0.592188 0.103646 0.573438 0.103646
0 0.497266 0.085938 0.516016 0.085938 0.516016 0.108854 0.497266 0.108854
0 0.505078 0.122917 0.525391 0.122917 0.525391 0.15 0.505078 0.15
0 0.560547 0.128125 0.580078 0.128125 0.580078 0.152604 0.560547 0.152604
0 0.580859 0.158854 0.598828 0.158854 0.598828 0.188542 0.580859 0.188542
0 0.602344 0.138021 0.620703 0.138021 0.620703 0.166146 0.602344 0.166146
0 0.633203 0.122396 0.651953 0.122396 0.651953 0.154688 0.633203 0.154688
0 0.655859 0.090104 0.676953 0.090104 0.676953 0.121354 0.655859 0.121354
0 0.4625 0.131771 0.481641 0.131771 0.481641 0.159375 0.4625 0.159375
0 0.473047 0.169271 0.490625 0.169271 0.490625 0.201042 0.473047 0.201042
0 0.498438 0.206771 0.518359 0.206771 0.518359 0.228646 0.498438 0.228646
0 0.503906 0.172917 0.521484 0.172917 0.521484 0.202083 0.503906 0.202083
0 0.524609 0.152083 0.542969 0.152083 0.542969 0.183333 0.524609 0.183333
0 0.551562 0.183854 0.569531 0.183854 0.569531 0.213542 0.551562 0.213542
0 0.616016 0.178646 0.633984 0.178646 0.633984 0.210938 0.616016 0.210938
0 0.648438 0.167188 0.666406 0.167188 0.666406 0.199479 0.648438 0.199479
0 0.630078 0.221875 0.648047 0.221875 0.648047 0.252604 0.630078 0.252604
0 0.536328 0.226562 0.55625 0.226562 0.55625 0.257292 0.536328 0.257292
0 0.444141 0.178125 0.466016 0.178125 0.466016 0.207292 0.444141 0.207292
0 0.440625 0.211979 0.459375 0.211979 0.459375 0.241667 0.440625 0.241667
0 0.486328 0.235417 0.508203 0.235417 0.508203 0.270833 0.486328 0.270833
0 0.347656 0.176042 0.367578 0.176042 0.367578 0.194792 0.347656 0.194792
0 0.343359 0.202083 0.364844 0.202083 0.364844 0.222396 0.343359 0.222396
0 0.4 0.201042 0.419531 0.201042 0.419531 0.233854 0.4 0.233854
0 0.420312 0.24375 0.440625 0.24375 0.440625 0.271354 0.420312 0.271354
0 0.382031 0.251042 0.400391 0.251042 0.400391 0.277083 0.382031 0.277083
0 0.338672 0.258854 0.361328 0.258854 0.361328 0.283333 0.338672 0.283333
0 0.332422 0.285417 0.356641 0.285417 0.356641 0.308333 0.332422 0.308333
0 0.398047 0.278646 0.421484 0.278646 0.421484 0.304688 0.398047 0.304688
0 0.428516 0.303646 0.45 0.303646 0.45 0.328646 0.428516 0.328646
0 0.333984 0.328646 0.357031 0.328646 0.357031 0.352083 0.333984 0.352083
0 0.370312 0.335417 0.392188 0.335417 0.392188 0.369271 0.370312 0.369271
0 0.40625 0.340104 0.423438 0.340104 0.423438 0.371354 0.40625 0.371354
0 0.442578 0.347396 0.460547 0.347396 0.460547 0.379167 0.442578 0.379167
0 0.330469 0.369792 0.354297 0.369792 0.354297 0.393229 0.330469 0.393229
0 0.302344 0.3875 0.322656 0.3875 0.322656 0.415625 0.302344 0.415625
0 0.364453 0.406771 0.385547 0.406771 0.385547 0.435417 0.364453 0.435417
0 0.404297 0.401042 0.424609 0.401042 0.424609 0.432812 0.404297 0.432812
0 0.454688 0.399479 0.473047 0.399479 0.473047 0.425 0.454688 0.425
0 0.480469 0.390625 0.498047 0.390625 0.498047 0.416667 0.480469 0.416667
0 0.466797 0.475 0.489062 0.475 0.489062 0.496875 0.466797 0.496875
0 0.419141 0.48125 0.435938 0.48125 0.435938 0.503125 0.419141 0.503125
0 0.308203 0.433854 0.331641 0.433854 0.331641 0.455208 0.308203 0.455208
0 0.289453 0.452604 0.304688 0.452604 0.304688 0.479167 0.289453 0.479167
0 0.329688 0.484375 0.353125 0.484375 0.353125 0.507292 0.329688 0.507292
0 0.421875 0.447917 0.439453 0.447917 0.439453 0.474479 0.421875 0.474479
0 0.444531 0.440625 0.463672 0.440625 0.463672 0.470312 0.444531 0.470312
0 0.296094 0.5 0.318359 0.5 0.318359 0.532292 0.296094 0.532292
0 0.333594 0.526042 0.355469 0.526042 0.355469 0.550521 0.333594 0.550521
0 0.372266 0.491667 0.395703 0.491667 0.395703 0.519792 0.372266 0.519792
0 0.401172 0.548958 0.422656 0.548958 0.422656 0.579688 0.401172 0.579688
0 0.444141 0.523958 0.470312 0.523958 0.470312 0.552083 0.444141 0.552083
0 0.359375 0.550521 0.379688 0.550521 0.379688 0.58125 0.359375 0.58125
0 0.311719 0.564062 0.332031 0.564062 0.332031 0.591667 0.311719 0.591667
0 0.279297 0.6 0.298438 0.6 0.298438 0.625 0.279297 0.625
0 0.265625 0.6375 0.281641 0.6375 0.281641 0.661979 0.265625 0.661979
0 0.294531 0.668229 0.316797 0.668229 0.316797 0.690625 0.294531 0.690625
0 0.2875 0.630208 0.308594 0.630208 0.308594 0.658333 0.2875 0.658333
0 0.345703 0.611979 0.365234 0.611979 0.365234 0.642708 0.345703 0.642708
0 0.374219 0.648438 0.396094 0.648438 0.396094 0.673958 0.374219 0.673958
0 0.372266 0.6 0.39375 0.6 0.39375 0.628125 0.372266 0.628125
0 0.408594 0.610938 0.424219 0.610938 0.424219 0.640625 0.408594 0.640625
0 0.261719 0.791146 0.283203 0.791146 0.283203 0.816146 0.261719 0.816146
0 0.271094 0.746354 0.292578 0.746354 0.292578 0.772396 0.271094 0.772396
0 0.289453 0.709375 0.3125 0.709375 0.3125 0.731771 0.289453 0.731771
0 0.305859 0.766146 0.323438 0.766146 0.323438 0.797396 0.305859 0.797396
0 0.337109 0.755208 0.357422 0.755208 0.357422 0.780208 0.337109 0.780208
0 0.361719 0.758854 0.382422 0.758854 0.382422 0.782812 0.361719 0.782812
0 0.342188 0.786979 0.359375 0.786979 0.359375 0.813021 0.342188 0.813021
0 0.352734 0.693229 0.370312 0.693229 0.370312 0.728646 0.352734 0.728646
0 0.415625 0.693229 0.432422 0.693229 0.432422 0.719271 0.415625 0.719271
0 0.439062 0.678125 0.457031 0.678125 0.457031 0.701562 0.439062 0.701562
0 0.407422 0.773958 0.425781 0.773958 0.425781 0.795312 0.407422 0.795312
0 0.225781 0.957292 0.246875 0.957292 0.246875 0.982812 0.225781 0.982812
0 0.250391 0.964583 0.264453 0.964583 0.264453 0.984896 0.250391 0.984896
0 0.197266 0.984896 0.214062 0.984896 0.214062 0.999479 0.197266 0.999479
0 0.388281 0.808854 0.402734 0.808854 0.402734 0.834896 0.388281 0.834896
0 0.414453 0.811458 0.437891 0.811458 0.437891 0.835938 0.414453 0.835938
0 0.396484 0.857292 0.414453 0.857292 0.414453 0.883854 0.396484 0.883854
0 0.362891 0.848438 0.388281 0.848438 0.388281 0.875 0.362891 0.875
0 0.431641 0.852604 0.455078 0.852604 0.455078 0.878125 0.431641 0.878125
0 0.463281 0.845312 0.487891 0.845312 0.487891 0.869792 0.463281 0.869792
0 0.460547 0.810938 0.486328 0.810938 0.486328 0.839062 0.460547 0.839062
0 0.435156 0.780729 0.45625 0.780729 0.45625 0.80625 0.435156 0.80625
0 0.460156 0.703125 0.479297 0.703125 0.479297 0.723958 0.460156 0.723958
0 0.465234 0.750521 0.490625 0.750521 0.490625 0.776042 0.465234 0.776042
0 0.491797 0.776042 0.509375 0.776042 0.509375 0.807812 0.491797 0.807812
0 0.518359 0.772917 0.536719 0.772917 0.536719 0.800521 0.518359 0.800521
0 0.500781 0.719792 0.523047 0.719792 0.523047 0.745312 0.500781 0.745312
0 0.469531 0.327604 0.489844 0.327604 0.489844 0.352604 0.469531 0.352604
0 0.520703 0.302604 0.541016 0.302604 0.541016 0.329688 0.520703 0.329688
0 0.555859 0.333333 0.576562 0.333333 0.576562 0.367188 0.555859 0.367188
0 0.541016 0.361979 0.557812 0.361979 0.557812 0.389062 0.541016 0.389062
0 0.512109 0.370833 0.527344 0.370833 0.527344 0.4 0.512109 0.4
0 0.510547 0.408854 0.526562 0.408854 0.526562 0.432292 0.510547 0.432292
0 0.56875 0.398438 0.586719 0.398438 0.586719 0.423958 0.56875 0.423958
0 0.593359 0.364062 0.609375 0.364062 0.609375 0.397917 0.593359 0.397917
0 0.600391 0.319792 0.616406 0.319792 0.616406 0.351562 0.600391 0.351562
0 0.624219 0.345312 0.644531 0.345312 0.644531 0.378646 0.624219 0.378646
0 0.438672 0.595833 0.461719 0.595833 0.461719 0.619792 0.438672 0.619792
0 0.468359 0.585417 0.4875 0.585417 0.4875 0.6125 0.468359 0.6125
0 0.499609 0.586979 0.523438 0.586979 0.523438 0.608854 0.499609 0.608854
0 0.541016 0.618229 0.563672 0.618229 0.563672 0.642708 0.541016 0.642708
0 0.559375 0.664583 0.578906 0.664583 0.578906 0.692188 0.559375 0.692188
0 0.480469 0.630729 0.504297 0.630729 0.504297 0.657292 0.480469 0.657292
0 0.438672 0.634375 0.461328 0.634375 0.461328 0.657292 0.438672 0.657292
0 0.501562 0.664583 0.516797 0.664583 0.516797 0.690104 0.501562 0.690104
0 0.524609 0.660417 0.540625 0.660417 0.540625 0.682812 0.524609 0.682812
0 0.491797 0.522396 0.508203 0.522396 0.508203 0.55 0.491797 0.55
0 0.510938 0.525 0.525391 0.525 0.525391 0.550521 0.510938 0.550521
0 0.425781 0.971354 0.450391 0.971354 0.450391 0.999479 0.425781 0.999479
0 0.553906 0.704167 0.578516 0.704167 0.578516 0.726042 0.553906 0.726042
0 0.569531 0.728646 0.591797 0.728646 0.591797 0.754688 0.569531 0.754688
0 0.536328 0.739583 0.558594 0.739583 0.558594 0.765104 0.536328 0.765104
0 0.546484 0.785417 0.566406 0.785417 0.566406 0.805729 0.546484 0.805729
0 0.568359 0.809896 0.585938 0.809896 0.585938 0.83125 0.568359 0.83125
0 0.505469 0.846875 0.526562 0.846875 0.526562 0.864062 0.505469 0.864062
0 0.545703 0.854688 0.564844 0.854688 0.564844 0.875521 0.545703 0.875521
0 0.682031 0.028646 0.700781 0.028646 0.700781 0.067708 0.682031 0.067708
0 0.73125 0.019792 0.746484 0.019792 0.746484 0.044792 0.73125 0.044792
0 0.722656 0.075 0.739844 0.075 0.739844 0.110938 0.722656 0.110938
0 0.791406 0.041667 0.80625 0.041667 0.80625 0.069792 0.791406 0.069792
0 0.821484 0.064062 0.836328 0.064062 0.836328 0.090625 0.821484 0.090625
0 0.778906 0.092708 0.794531 0.092708 0.794531 0.11875 0.778906 0.11875
0 0.800781 0.111458 0.818359 0.111458 0.818359 0.139062 0.800781 0.139062
0 0.753125 0.103646 0.773047 0.103646 0.773047 0.14375 0.753125 0.14375
0 0.866406 0.0 0.888672 0.0 0.888672 0.020833 0.866406 0.020833
0 0.845312 0.047396 0.867578 0.047396 0.867578 0.079688 0.845312 0.079688
0 0.873438 0.050521 0.889453 0.050521 0.889453 0.074479 0.873438 0.074479
0 0.918359 0.051042 0.935156 0.051042 0.935156 0.085417 0.918359 0.085417
0 0.941797 0.044271 0.961719 0.044271 0.961719 0.072396 0.941797 0.072396
0 0.972266 0.051042 0.989453 0.051042 0.989453 0.076042 0.972266 0.076042
0 0.908203 0.0 0.927344 0.0 0.927344 0.014583 0.908203 0.014583
0 0.989844 0.003125 0.999609 0.003125 0.999609 0.032812 0.989844 0.032812
0 0.939062 0.09375 0.963281 0.09375 0.963281 0.119271 0.939062 0.119271
0 0.869141 0.095833 0.889062 0.095833 0.889062 0.126562 0.869141 0.126562
0 0.833984 0.108333 0.853906 0.108333 0.853906 0.142188 0.833984 0.142188
0 0.680859 0.138542 0.701172 0.138542 0.701172 0.175521 0.680859 0.175521
0 0.714062 0.129688 0.735156 0.129688 0.735156 0.165104 0.714062 0.165104
0 0.752734 0.172396 0.773828 0.172396 0.773828 0.202083 0.752734 0.202083
0 0.777344 0.159375 0.795703 0.159375 0.795703 0.197917 0.777344 0.197917
0 0.805078 0.195833 0.824609 0.195833 0.824609 0.231771 0.805078 0.231771
0 0.846875 0.147917 0.865625 0.147917 0.865625 0.180208 0.846875 0.180208
0 0.881641 0.15 0.899609 0.15 0.899609 0.183333 0.881641 0.183333
0 0.915234 0.176042 0.936719 0.176042 0.936719 0.206771 0.915234 0.206771
0 0.942578 0.14375 0.960938 0.14375 0.960938 0.173958 0.942578 0.173958
0 0.570312 0.25 0.591016 0.25 0.591016 0.28125 0.570312 0.28125
0 0.604297 0.26875 0.623438 0.26875 0.623438 0.296354 0.604297 0.296354
0 0.645703 0.292708 0.663672 0.292708 0.663672 0.320833 0.645703 0.320833
0 0.686719 0.248958 0.704297 0.248958 0.704297 0.277083 0.686719 0.277083
0 0.725391 0.253125 0.746094 0.253125 0.746094 0.279167 0.725391 0.279167
0 0.714844 0.285938 0.736328 0.285938 0.736328 0.311979 0.714844 0.311979
0 0.65 0.332292 0.666797 0.332292 0.666797 0.360417 0.65 0.360417
0 0.697656 0.329688 0.716016 0.329688 0.716016 0.363021 0.697656 0.363021
0 0.744531 0.211979 0.765625 0.211979 0.765625 0.236458 0.744531 0.236458
0 0.860938 0.186979 0.876172 0.186979 0.876172 0.211979 0.860938 0.211979
0 0.889844 0.197917 0.908984 0.197917 0.908984 0.227604 0.889844 0.227604
0 0.966406 0.173438 0.985938 0.173438 0.985938 0.205729 0.966406 0.205729
0 0.988672 0.126562 0.999609 0.126562 0.999609 0.155208 0.988672 0.155208
0 0.808203 0.249479 0.825 0.249479 0.825 0.275521 0.808203 0.275521
0 0.829297 0.2875 0.85 0.2875 0.85 0.322396 0.829297 0.322396
0 0.877734 0.263542 0.896875 0.263542 0.896875 0.296354 0.877734 0.296354
0 0.908203 0.242708 0.928125 0.242708 0.928125 0.270312 0.908203 0.270312
0 0.948438 0.241146 0.967188 0.241146 0.967188 0.272396 0.948438 0.272396
0 0.942578 0.285938 0.960547 0.285938 0.960547 0.313542 0.942578 0.313542
0 0.989453 0.248438 0.999609 0.248438 0.999609 0.277083 0.989453 0.277083
0 0.971094 0.330729 0.988672 0.330729 0.988672 0.354167 0.971094 0.354167
0 0.795312 0.289583 0.813672 0.289583 0.813672 0.321875 0.795312 0.321875
0 0.772266 0.327083 0.786719 0.327083 0.786719 0.350521 0.772266 0.350521
0 0.765625 0.376562 0.786719 0.376562 0.786719 0.405208 0.765625 0.405208
0 0.814844 0.38125 0.834766 0.38125 0.834766 0.413021 0.814844 0.413021
0 0.850391 0.360938 0.870312 0.360938 0.870312 0.386979 0.850391 0.386979
0 0.552344 0.46875 0.569531 0.46875 0.569531 0.498438 0.552344 0.498438
0 0.574609 0.477604 0.591797 0.477604 0.591797 0.507812 0.574609 0.507812
0 0.589062 0.432292 0.608203 0.432292 0.608203 0.463021 0.589062 0.463021
0 0.608594 0.436458 0.625 0.436458 0.625 0.465625 0.608594 0.465625
0 0.620703 0.494271 0.641016 0.494271 0.641016 0.521354 0.620703 0.521354
0 0.644141 0.458854 0.661719 0.458854 0.661719 0.488021 0.644141 0.488021
0 0.6375 0.414062 0.654688 0.414062 0.654688 0.444271 0.6375 0.444271
0 0.66875 0.394792 0.687109 0.394792 0.687109 0.428646 0.66875 0.428646
0 0.700391 0.386458 0.717188 0.386458 0.717188 0.41875 0.700391 0.41875
0 0.720703 0.415625 0.7375 0.415625 0.7375 0.445833 0.720703 0.445833
0 0.692578 0.447917 0.714453 0.447917 0.714453 0.478125 0.692578 0.478125
0 0.707031 0.484896 0.730469 0.484896 0.730469 0.51875 0.707031 0.51875
0 0.742188 0.470833 0.763281 0.470833 0.763281 0.499479 0.742188 0.499479
0 0.782031 0.44375 0.799219 0.44375 0.799219 0.467708 0.782031 0.467708
0 0.823047 0.509896 0.84375 0.509896 0.84375 0.536458 0.823047 0.536458
0 0.894141 0.490104 0.916016 0.490104 0.916016 0.519271 0.894141 0.519271
0 0.914844 0.536458 0.936328 0.536458 0.936328 0.563021 0.914844 0.563021
0 0.944531 0.527604 0.962891 0.527604 0.962891 0.560417 0.944531 0.560417
0 0.883984 0.571354 0.908594 0.571354 0.908594 0.591146 0.883984 0.591146
0 0.810547 0.554167 0.831641 0.554167 0.831641 0.576562 0.810547 0.576562
0 0.778125 0.578125 0.798438 0.578125 0.798438 0.601042 0.778125 0.601042
0 0.741797 0.588021 0.759766 0.588021 0.759766 0.605208 0.741797 0.605208
0 0.782031 0.609375 0.800781 0.609375 0.800781 0.634375 0.782031 0.634375
0 0.826172 0.606771 0.847656 0.606771 0.847656 0.635417 0.826172 0.635417
0 0.875 0.597917 0.894141 0.597917 0.894141 0.621875 0.875 0.621875
0 0.920312 0.598958 0.940234 0.598958 0.940234 0.633333 0.920312 0.633333
0 0.955469 0.586458 0.970703 0.586458 0.970703 0.616146 0.955469 0.616146
0 0.679688 0.602083 0.701562 0.602083 0.701562 0.641667 0.679688 0.641667
0 0.749609 0.626562 0.769141 0.626562 0.769141 0.648958 0.749609 0.648958
0 0.772266 0.649479 0.794141 0.649479 0.794141 0.677083 0.772266 0.677083
0 0.7 0.660938 0.720312 0.660938 0.720312 0.692188 0.7 0.692188
0 0.746094 0.678646 0.767578 0.678646 0.767578 0.701562 0.746094 0.701562
0 0.775781 0.701562 0.799609 0.701562 0.799609 0.726042 0.775781 0.726042
0 0.802344 0.680208 0.821094 0.680208 0.821094 0.709896 0.802344 0.709896
0 0.827344 0.652083 0.848047 0.652083 0.848047 0.682812 0.827344 0.682812
0 0.86875 0.634375 0.887891 0.634375 0.887891 0.666146 0.86875 0.666146
0 0.912891 0.646354 0.933984 0.646354 0.933984 0.670833 0.912891 0.670833
0 0.863281 0.671875 0.880859 0.671875 0.880859 0.699479 0.863281 0.699479
0 0.878906 0.704167 0.895703 0.704167 0.895703 0.726042 0.878906 0.726042
0 0.909766 0.698438 0.928906 0.698438 0.928906 0.735938 0.909766 0.735938
0 0.851953 0.730729 0.874609 0.730729 0.874609 0.757292 0.851953 0.757292
0 0.847656 0.763021 0.869922 0.763021 0.869922 0.790625 0.847656 0.790625
0 0.970703 0.632812 0.991016 0.632812 0.991016 0.670833 0.970703 0.670833
0 0.987891 0.727083 0.999609 0.727083 0.999609 0.754167 0.987891 0.754167
0 0.945312 0.727604 0.96875 0.727604 0.96875 0.755208 0.945312 0.755208
0 0.665234 0.741146 0.682422 0.741146 0.682422 0.772396 0.665234 0.772396
0 0.713281 0.716146 0.738281 0.716146 0.738281 0.742708 0.713281 0.742708
0 0.758984 0.729167 0.782031 0.729167 0.782031 0.748958 0.758984 0.748958
0 0.760938 0.777604 0.782031 0.777604 0.782031 0.802083 0.760938 0.802083
0 0.773047 0.817188 0.795312 0.817188 0.795312 0.842708 0.773047 0.842708
0 0.720703 0.807812 0.744922 0.807812 0.744922 0.835417 0.720703 0.835417
0 0.6875 0.783854 0.713281 0.783854 0.713281 0.811458 0.6875 0.811458
0 0.5625 0.761979 0.583594 0.761979 0.583594 0.78125 0.5625 0.78125
0 0.633984 0.822396 0.655469 0.822396 0.655469 0.846354 0.633984 0.846354
0 0.667969 0.834896 0.685938 0.834896 0.685938 0.860938 0.667969 0.860938
0 0.696094 0.868229 0.717969 0.868229 0.717969 0.897917 0.696094 0.897917
0 0.627734 0.852083 0.645703 0.852083 0.645703 0.883854 0.627734 0.883854
0 0.659766 0.884896 0.679688 0.884896 0.679688 0.911458 0.659766 0.911458
0 0.667969 0.916146 0.691797 0.916146 0.691797 0.939583 0.667969 0.939583
0 0.741016 0.846354 0.765625 0.846354 0.765625 0.871875 0.741016 0.871875
0 0.774609 0.855208 0.803125 0.855208 0.803125 0.882812 0.774609 0.882812
0 0.680469 0.947917 0.702734 0.947917 0.702734 0.969271 0.680469 0.969271
0 0.714844 0.971354 0.735156 0.971354 0.735156 0.992188 0.714844 0.992188
0 0.73125 0.925 0.751562 0.925 0.751562 0.954167 0.73125 0.954167
0 0.755859 0.946875 0.783594 0.946875 0.783594 0.973438 0.755859 0.973438
0 0.759375 0.894792 0.779297 0.894792 0.779297 0.917188 0.759375 0.917188
0 0.791016 0.893229 0.809766 0.893229 0.809766 0.913542 0.791016 0.913542
0 0.815625 0.9625 0.838672 0.9625 0.838672 0.985938 0.815625 0.985938
0 0.817969 0.826562 0.838672 0.826562 0.838672 0.852604 0.817969 0.852604
0 0.849219 0.803125 0.869922 0.803125 0.869922 0.825 0.849219 0.825
0 0.912891 0.935938 0.937891 0.935938 0.937891 0.965104 0.912891 0.965104
0 0.888281 0.927083 0.906641 0.927083 0.906641 0.959896 0.888281 0.959896
0 0.866406 0.88125 0.892188 0.88125 0.892188 0.907812 0.866406 0.907812
0 0.895703 0.847396 0.913281 0.847396 0.913281 0.877604 0.895703 0.877604
0 0.910547 0.878125 0.9375 0.878125 0.9375 0.904167 0.910547 0.904167
0 0.978125 0.842708 0.997266 0.842708 0.997266 0.867708 0.978125 0.867708