0 0.052344 0.030729 0.073438 0.030729 0.073438 0.065104 0.052344 0.065104
0 0.088281 0.03125 0.110547 0.03125 0.110547 0.058854 0.088281 0.058854
0 0.121875 0.064583 0.14375 0.064583 0.14375 0.091146 0.121875 0.091146
0 0.166406 0.056771 0.185547 0.056771 0.185547 0.088542 0.166406 0.088542
0 0.202344 0.003646 0.221875 0.003646 0.221875 0.034375 0.202344 0.034375
0 0.201953 0.060417 0.222656 0.060417 0.222656 0.0875 0.201953 0.0875
0 0.233984 0.047917 0.257031 0.047917 0.257031 0.079167 0.233984 0.079167
0 0.267969 0.061979 0.289844 0.061979 0.289844 0.090625 0.267969 0.090625
0 0.304297 0.111979 0.321484 0.111979 0.321484 0.144271 0.304297 0.144271
0 0.249219 0.092188 0.265625 0.092188 0.265625 0.120312 0.249219 0.120312
0 0.379688 0.10625 0.397266 0.10625 0.397266 0.134375 0.379688 0.134375
0 0.212109 0.113542 0.233984 0.113542 0.233984 0.144271 0.212109 0.144271
0 0.189844 0.094792 0.208984 0.094792 0.208984 0.11875 0.189844 0.11875
0 0.134375 0.115104 0.15625 0.115104 0.15625 0.142708 0.134375 0.142708
0 0.237109 0.145833 0.255078 0.145833 0.255078 0.173438 0.237109 0.173438
0 0.263672 0.154167 0.283984 0.154167 0.283984 0.182292 0.263672 0.182292
0 0.213281 0.178125 0.233594 0.178125 0.233594 0.204688 0.213281 0.204688
0 0.2375 0.198958 0.255859 0.198958 0.255859 0.225521 0.2375 0.225521
0 0.296875 0.18125 0.316016 0.18125 0.316016 0.206771 0.296875 0.206771
0 0.276562 0.222396 0.296875 0.222396 0.296875 0.249479 0.276562 0.249479
0 0.101172 0.149479 0.121875 0.149479 0.121875 0.169792 0.101172 0.169792
0 0.060938 0.161979 0.079297 0.161979 0.079297 0.192188 0.060938 0.192188
0 0.067578 0.096354 0.085938 0.096354 0.085938 0.128125 0.067578 0.128125
0 0.095312 0.190104 0.119141 0.190104 0.119141 0.2125 0.095312 0.2125
0 0.101172 0.265625 0.124219 0.265625 0.124219 0.289583 0.101172 0.289583
0 0.150391 0.255208 0.166406 0.255208 0.166406 0.288021 0.150391 0.288021
0 0.198047 0.26875 0.217578 0.26875 0.217578 0.292708 0.198047 0.292708
0 0.215234 0.230208 0.234766 0.230208 0.234766 0.259896 0.215234 0.259896
0 0.239844 0.260938 0.2625 0.260938 0.2625 0.279167 0.239844 0.279167
0 0.282422 0.260417 0.303906 0.260417 0.303906 0.286458 0.282422 0.286458
0 0.325 0.202604 0.34375 0.202604 0.34375 0.231771 0.325 0.231771
0 0.367578 0.051562 0.393359 0.051562 0.393359 0.073958 0.367578 0.073958
0 0.389062 0.079167 0.408594 0.079167 0.408594 0.103125 0.389062 0.103125
0 0.404297 0.046354 0.426562 0.046354 0.426562 0.065625 0.404297 0.065625
0 0.374219 0.009896 0.391797 0.009896 0.391797 0.03125 0.374219 0.03125
0 0.412891 0.002083 0.428906 0.002083 0.428906 0.030208 0.412891 0.030208
0 0.283984 0.010938 0.297266 0.010938 0.297266 0.035938 0.283984 0.035938
0 0.259375 0.020833 0.277734 0.020833 0.277734 0.047396 0.259375 0.047396
0 0.291016 0.072917 0.307422 0.072917 0.307422 0.104167 0.291016 0.104167
0 0.424219 0.075 0.444922 0.075 0.444922 0.103125 0.424219 0.103125
0 0.416406 0.121875 0.438281 0.121875 0.438281 0.144792 0.416406 0.144792
0 0.389453 0.134375 0.408594 0.134375 0.408594 0.157292 0.389453 0.157292
0 0.385156 0.171354 0.403125 0.171354 0.403125 0.198438 0.385156 0.198438
0 0.395312 0.199479 0.416797 0.199479 0.416797 0.223958 0.395312 0.223958
0 0.425781 0.189062 0.440234 0.189062 0.440234 0.216667 0.425781 0.216667
0 0.444922 0.153125 0.464844 0.153125 0.464844 0.175521 0.444922 0.175521
0 0.458594 0.102083 0.479688 0.102083 0.479688 0.132292 0.458594 0.132292
0 0.561719 0.005208 0.583594 0.005208 0.583594 0.035938 0.561719 0.035938
0 0.510938 0.084896 0.530859 0.084896 0.530859 0.117188 0.510938 0.117188
0 0.478516 0.058333 0.496875 0.058333 0.496875 0.090625 0.478516 0.090625
0 0.541406 0.071875 0.563281 0.071875 0.563281 0.105729 0.541406 0.105729
0 0.512891 0.022917 0.53125 0.022917 0.53125 0.056771 0.512891 0.056771
0 0.509375 0.128646 0.529688 0.128646 0.529688 0.1625 0.509375 0.1625
0 0.545312 0.132292 0.565234 0.132292 0.565234 0.159896 0.545312 0.159896
0 0.478906 0.146354 0.494922 0.146354 0.494922 0.177083 0.478906 0.177083
0 0.476953 0.197917 0.492969 0.197917 0.492969 0.224479 0.476953 0.224479
0 0.621484 0.148438 0.640234 0.148438 0.640234 0.169271 0.621484 0.169271
0 0.576562 0.096875 0.597656 0.096875 0.597656 0.119271 0.576562 0.119271
0 0.603125 0.056771 0.619531 0.056771 0.619531 0.088021 0.603125 0.088021
0 0.626562 0.061458 0.644531 0.061458 0.644531 0.084896 0.626562 0.084896
0 0.657031 0.038542 0.683203 0.038542 0.683203 0.065104 0.657031 0.065104
0 0.733984 0.005208 0.758594 0.005208 0.758594 0.026562 0.733984 0.026562
0 0.682812 0.013021 0.705078 0.013021 0.705078 0.032812 0.682812 0.032812
0 0.615625 0.026042 0.633984 0.026042 0.633984 0.047917 0.615625 0.047917
0 0.636328 0.006771 0.657031 0.006771 0.657031 0.023438 0.636328 0.023438
0 0.671094 0.074479 0.689453 0.074479 0.689453 0.0875 0.671094 0.0875
0 0.34375 0.245312 0.361719 0.245312 0.361719 0.273438 0.34375 0.273438
0 0.319922 0.266667 0.337891 0.266667 0.337891 0.295833 0.319922 0.295833
0 0.323828 0.317188 0.342188 0.317188 0.342188 0.346354 0.323828 0.346354
0 0.288281 0.309896 0.306641 0.309896 0.306641 0.333333 0.288281 0.333333
0 0.307422 0.352604 0.325781 0.352604 0.325781 0.375 0.307422 0.375
0 0.314062 0.378646 0.336328 0.378646 0.336328 0.400521 0.314062 0.400521
0 0.2375 0.318229 0.257812 0.318229 0.257812 0.35 0.2375 0.35
0 0.260547 0.345833 0.283984 0.345833 0.283984 0.375 0.260547 0.375
0 0.281641 0.378125 0.298828 0.378125 0.298828 0.402604 0.281641 0.402604
0 0.20625 0.291146 0.226953 0.291146 0.226953 0.314062 0.20625 0.314062
0 0.195703 0.340625 0.218359 0.340625 0.218359 0.365625 0.195703 0.365625
0 0.140625 0.330208 0.159766 0.330208 0.159766 0.35625 0.140625 0.35625
0 0.181641 0.390104 0.203125 0.390104 0.203125 0.413021 0.181641 0.413021
0 0.163672 0.352083 0.18125 0.352083 0.18125 0.384896 0.163672 0.384896
0 0.221094 0.421354 0.241797 0.421354 0.241797 0.446354 0.221094 0.446354
0 0.30625 0.443229 0.320703 0.443229 0.320703 0.470833 0.30625 0.470833
0 0.280078 0.436979 0.297266 0.436979 0.297266 0.472917 0.280078 0.472917
0 0.255469 0.4125 0.272656 0.4125 0.272656 0.440625 0.255469 0.440625
0 0.155078 0.427083 0.171875 0.427083 0.171875 0.4625 0.155078 0.4625
0 0.123828 0.391146 0.140234 0.391146 0.140234 0.423958 0.123828 0.423958
0 0.119922 0.435417 0.140625 0.435417 0.140625 0.465104 0.119922 0.465104
0 0.067188 0.307812 0.088281 0.307812 0.088281 0.331771 0.067188 0.331771
0 0.084375 0.345312 0.105469 0.345312 0.105469 0.367188 0.084375 0.367188
0 0.088281 0.383854 0.108984 0.383854 0.108984 0.404688 0.088281 0.404688
0 0.029297 0.213021 0.045703 0.213021 0.045703 0.247396 0.029297 0.247396
0 0.014453 0.074479 0.033594 0.074479 0.033594 0.104688 0.014453 0.104688
0 0.033203 0.117708 0.050781 0.117708 0.050781 0.146354 0.033203 0.146354
0 0.070703 0.410938 0.095312 0.410938 0.095312 0.433333 0.070703 0.433333
0 0.075781 0.45625 0.097266 0.45625 0.097266 0.476562 0.075781 0.476562
0 0.1 0.482812 0.117188 0.482812 0.117188 0.503646 0.1 0.503646
0 0.123438 0.511979 0.139453 0.511979 0.139453 0.533854 0.123438 0.533854
0 0.045312 0.449479 0.061719 0.449479 0.061719 0.478125 0.045312 0.478125
0 0.152734 0.542188 0.170703 0.542188 0.170703 0.568229 0.152734 0.568229
0 0.094141 0.548958 0.111328 0.548958 0.111328 0.571354 0.094141 0.571354
0 0.192578 0.463021 0.207812 0.463021 0.207812 0.486458 0.192578 0.486458
0 0.226953 0.502604 0.244141 0.502604 0.244141 0.522396 0.226953 0.522396
0 0.223438 0.527604 0.236719 0.527604 0.236719 0.550521 0.223438 0.550521
0 0.270703 0.493229 0.290625 0.493229 0.290625 0.514062 0.270703 0.514062
0 0.185156 0.563542 0.199219 0.563542 0.199219 0.590625 0.185156 0.590625
0 0.209375 0.603125 0.226953 0.603125 0.226953 0.623958 0.209375 0.623958
0 0.2375 0.578646 0.246484 0.578646 0.246484 0.599479 0.2375 0.599479
0 0.211328 0.557292 0.229688 0.557292 0.229688 0.582812 0.211328 0.582812
0 0.19375 0.496354 0.214062 0.496354 0.214062 0.520833 0.19375 0.520833
0 0.347656 0.575 0.370312 0.575 0.370312 0.6 0.347656 0.6
0 0.298047 0.605729 0.320312 0.605729 0.320312 0.622917 0.298047 0.622917
0 0.3 0.635417 0.321484 0.635417 0.321484 0.658333 0.3 0.658333
0 0.347266 0.663542 0.364844 0.663542 0.364844 0.695833 0.347266 0.695833
0 0.311719 0.684896 0.329688 0.684896 0.329688 0.701562 0.311719 0.701562
0 0.281641 0.698438 0.300391 0.698438 0.300391 0.717188 0.281641 0.717188
0 0.365625 0.546354 0.380078 0.546354 0.380078 0.569271 0.365625 0.569271
0 0.424609 0.442188 0.435938 0.442188 0.435938 0.466146 0.424609 0.466146
0 0.448047 0.447396 0.469531 0.447396 0.469531 0.479688 0.448047 0.479688
0 0.463672 0.488542 0.485938 0.488542 0.485938 0.509896 0.463672 0.509896
0 0.4625 0.532292 0.485156 0.532292 0.485156 0.557812 0.4625 0.557812
0 0.446094 0.591146 0.46875 0.591146 0.46875 0.615104 0.446094 0.615104
0 0.469922 0.569792 0.492188 0.569792 0.492188 0.596354 0.469922 0.596354
0 0.505078 0.54375 0.523828 0.54375 0.523828 0.565625 0.505078 0.565625
0 0.500391 0.593229 0.523828 0.593229 0.523828 0.619271 0.500391 0.619271
0 0.411328 0.603125 0.432422 0.603125 0.432422 0.640625 0.411328 0.640625
0 0.454688 0.635938 0.473438 0.635938 0.473438 0.655729 0.454688 0.655729
0 0.412109 0.689583 0.431641 0.689583 0.431641 0.710417 0.412109 0.710417
0 0.3875 0.640625 0.408203 0.640625 0.408203 0.660938 0.3875 0.660938
0 0.382422 0.688542 0.402344 0.688542 0.402344 0.715625 0.382422 0.715625
0 0.444531 0.665625 0.463672 0.665625 0.463672 0.684896 0.444531 0.684896
0 0.361328 0.279167 0.379688 0.279167 0.379688 0.302083 0.361328 0.302083
0 0.478516 0.380208 0.496875 0.380208 0.496875 0.404688 0.478516 0.404688
0 0.484375 0.417188 0.507422 0.417188 0.507422 0.436979 0.484375 0.436979
0 0.521484 0.383333 0.5375 0.383333 0.5375 0.4125 0.521484 0.4125
0 0.518359 0.4375 0.541406 0.4375 0.541406 0.461458 0.518359 0.461458
0 0.486328 0.354167 0.505469 0.354167 0.505469 0.373958 0.486328 0.373958
0 0.510547 0.340625 0.527734 0.340625 0.527734 0.367188 0.510547 0.367188
0 0.535547 0.328125 0.551562 0.328125 0.551562 0.359896 0.535547 0.359896
0 0.559375 0.327083 0.574609 0.327083 0.574609 0.358854 0.559375 0.358854
0 0.610156 0.403125 0.634766 0.403125 0.634766 0.4375 0.610156 0.4375
0 0.566797 0.401562 0.589844 0.401562 0.589844 0.428646 0.566797 0.428646
0 0.650781 0.402604 0.667188 0.402604 0.667188 0.432292 0.650781 0.432292
0 0.645703 0.445833 0.664844 0.445833 0.664844 0.473958 0.645703 0.473958
0 0.688281 0.388021 0.710156 0.388021 0.710156 0.420833 0.688281 0.420833
0 0.601172 0.444271 0.621094 0.444271 0.621094 0.473958 0.601172 0.473958
0 0.628906 0.466667 0.644531 0.466667 0.644531 0.498958 0.628906 0.498958
0 0.571484 0.279688 0.5875 0.279688 0.5875 0.300521 0.571484 0.300521
0 0.607812 0.298438 0.625391 0.298438 0.625391 0.328646 0.607812 0.328646
0 0.617188 0.259375 0.638672 0.259375 0.638672 0.289583 0.617188 0.289583
0 0.623438 0.332812 0.644922 0.332812 0.644922 0.358333 0.623438 0.358333
0 0.598438 0.365104 0.612891 0.365104 0.612891 0.393229 0.598438 0.393229
0 0.660547 0.355208 0.676172 0.355208 0.676172 0.384896 0.660547 0.384896
0 0.670312 0.300521 0.689453 0.300521 0.689453 0.325521 0.670312 0.325521
0 0.714453 0.298958 0.728125 0.298958 0.728125 0.321875 0.714453 0.321875
0 0.700391 0.347396 0.716797 0.347396 0.716797 0.378125 0.700391 0.378125
0 0.734766 0.331771 0.754688 0.331771 0.754688 0.363021 0.734766 0.363021
0 0.761719 0.319792 0.779297 0.319792 0.779297 0.349479 0.761719 0.349479
0 0.793359 0.344792 0.816016 0.344792 0.816016 0.376042 0.793359 0.376042
0 0.789844 0.282292 0.809766 0.282292 0.809766 0.301562 0.789844 0.301562
0 0.750781 0.274479 0.767969 0.274479 0.767969 0.302604 0.750781 0.302604
0 0.732812 0.243229 0.75 0.243229 0.75 0.268229 0.732812 0.268229
0 0.707422 0.252604 0.717969 0.252604 0.717969 0.275521 0.707422 0.275521
0 0.679297 0.258854 0.692969 0.258854 0.692969 0.283333 0.679297 0.283333
0 0.651172 0.247396 0.670703 0.247396 0.670703 0.272917 0.651172 0.272917
0 0.666406 0.093229 0.685547 0.093229 0.685547 0.111458 0.666406 0.111458
0 0.681641 0.194271 0.695703 0.194271 0.695703 0.216667 0.681641 0.216667
0 0.702344 0.20625 0.718359 0.20625 0.718359 0.230729 0.702344 0.230729
0 0.719531 0.181771 0.733594 0.181771 0.733594 0.206771 0.719531 0.206771
0 0.7375 0.153125 0.754297 0.153125 0.754297 0.177083 0.7375 0.177083
0 0.758984 0.184375 0.776172 0.184375 0.776172 0.209375 0.758984 0.209375
0 0.793359 0.125521 0.810547 0.125521 0.810547 0.145312 0.793359 0.145312
0 0.805078 0.144792 0.822656 0.144792 0.822656 0.169271 0.805078 0.169271
0 0.813281 0.177083 0.832422 0.177083 0.832422 0.201042 0.813281 0.201042
0 0.790234 0.206771 0.807812 0.206771 0.807812 0.236458 0.790234 0.236458
0 0.826562 0.219271 0.844141 0.219271 0.844141 0.249479 0.826562 0.249479
0 0.854297 0.206771 0.870703 0.206771 0.870703 0.229167 0.854297 0.229167
0 0.875 0.223958 0.891016 0.223958 0.891016 0.25 0.875 0.25
0 0.842969 0.251042 0.867188 0.251042 0.867188 0.273958 0.842969 0.273958
0 0.822656 0.285938 0.840625 0.285938 0.840625 0.31875 0.822656 0.31875
0 0.864062 0.336979 0.883984 0.336979 0.883984 0.368229 0.864062 0.368229
0 0.876562 0.307292 0.902344 0.307292 0.902344 0.336458 0.876562 0.336458
0 0.886719 0.363021 0.9125 0.363021 0.9125 0.386979 0.886719 0.386979
0 0.827344 0.376042 0.848438 0.376042 0.848438 0.402083 0.827344 0.402083
0 0.860156 0.393229 0.882031 0.393229 0.882031 0.416667 0.860156 0.416667
0 0.803516 0.417188 0.824219 0.417188 0.824219 0.450521 0.803516 0.450521
0 0.859766 0.432292 0.880078 0.432292 0.880078 0.458854 0.859766 0.458854
0 0.799219 0.50625 0.823438 0.50625 0.823438 0.534375 0.799219 0.534375
0 0.830469 0.461979 0.852734 0.461979 0.852734 0.490625 0.830469 0.490625
0 0.954297 0.415625 0.977734 0.415625 0.977734 0.434896 0.954297 0.434896
0 0.968359 0.385417 0.987891 0.385417 0.987891 0.404167 0.968359 0.404167
0 0.716406 0.435417 0.732031 0.435417 0.732031 0.460417 0.716406 0.460417
0 0.74375 0.478125 0.759766 0.478125 0.759766 0.498958 0.74375 0.498958
0 0.699219 0.532812 0.716016 0.532812 0.716016 0.545833 0.699219 0.545833
0 0.773828 0.531771 0.793359 0.531771 0.793359 0.565104 0.773828 0.565104
0 0.747656 0.577083 0.772266 0.577083 0.772266 0.600521 0.747656 0.600521
0 0.905469 0.327083 0.923438 0.327083 0.923438 0.354688 0.905469 0.354688
0 0.948828 0.465625 0.971094 0.465625 0.971094 0.494271 0.948828 0.494271
0 0.978516 0.470833 0.997266 0.470833 0.997266 0.498958 0.978516 0.498958
0 0.921484 0.511458 0.94375 0.511458 0.94375 0.536458 0.921484 0.536458
0 0.940234 0.541146 0.964453 0.541146 0.964453 0.572396 0.940234 0.572396
0 0.891406 0.545312 0.915234 0.545312 0.915234 0.569792 0.891406 0.569792
0 0.873047 0.60625 0.894922 0.60625 0.894922 0.634375 0.873047 0.634375
0 0.864844 0.645833 0.888281 0.645833 0.888281 0.667708 0.864844 0.667708
0 0.961328 0.601562 0.983594 0.601562 0.983594 0.627083 0.961328 0.627083
0 0.948828 0.633333 0.972656 0.633333 0.972656 0.653646 0.948828 0.653646
0 0.973828 0.648958 0.992188 0.648958 0.992188 0.675521 0.973828 0.675521
0 0.919531 0.716667 0.941016 0.716667 0.941016 0.736458 0.919531 0.736458
0 0.969531 0.71875 0.994531 0.71875 0.994531 0.742708 0.969531 0.742708
0 0.938672 0.75 0.958984 0.75 0.958984 0.771354 0.938672 0.771354
0 0.901953 0.784896 0.919531 0.784896 0.919531 0.813021 0.901953 0.813021
0 0.855859 0.75625 0.877344 0.75625 0.877344 0.776042 0.855859 0.776042
0 0.866406 0.728646 0.888672 0.728646 0.888672 0.751042 0.866406 0.751042
0 0.937891 0.7875 0.960547 0.7875 0.960547 0.808333 0.937891 0.808333
0 0.936719 0.867708 0.955859 0.867708 0.955859 0.888542 0.936719 0.888542
0 0.892188 0.89375 0.914062 0.89375 0.914062 0.913542 0.892188 0.913542
0 0.872266 0.816667 0.894531 0.816667 0.894531 0.838021 0.872266 0.838021
0 0.872656 0.781771 0.890625 0.781771 0.890625 0.803125 0.872656 0.803125
0 0.872656 0.855208 0.889062 0.855208 0.889062 0.884375 0.872656 0.884375
0 0.849219 0.879167 0.862891 0.879167 0.862891 0.904688 0.849219 0.904688
0 0.908203 0.930729 0.937109 0.930729 0.937109 0.949479 0.908203 0.949479
0 0.687891 0.726562 0.707031 0.726562 0.707031 0.758854 0.687891 0.758854
0 0.672656 0.810417 0.690625 0.810417 0.690625 0.835417 0.672656 0.835417
0 0.64375 0.833333 0.665625 0.833333 0.665625 0.858333 0.64375 0.858333
0 0.634375 0.796354 0.65625 0.796354 0.65625 0.823438 0.634375 0.823438
0 0.610156 0.655208 0.632422 0.655208 0.632422 0.682292 0.610156 0.682292
0 0.597656 0.695312 0.619922 0.695312 0.619922 0.730208 0.597656 0.730208
0 0.630078 0.7 0.657812 0.7 0.657812 0.728125 0.630078 0.728125
0 0.683203 0.66875 0.706641 0.66875 0.706641 0.701562 0.683203 0.701562
0 0.714062 0.608333 0.728516 0.608333 0.728516 0.638542 0.714062 0.638542
0 0.734375 0.615625 0.753125 0.615625 0.753125 0.638021 0.734375 0.638021
0 0.577734 0.827604 0.596484 0.827604 0.596484 0.85625 0.577734 0.85625
0 0.585156 0.864583 0.601172 0.864583 0.601172 0.894271 0.585156 0.894271
0 0.652734 0.8625 0.670703 0.8625 0.670703 0.883854 0.652734 0.883854
0 0.659766 0.736458 0.676172 0.736458 0.676172 0.768229 0.659766 0.768229
0 0.603125 0.752604 0.620703 0.752604 0.620703 0.778125 0.603125 0.778125
0 0.574609 0.770312 0.590625 0.770312 0.590625 0.797917 0.574609 0.797917
0 0.732031 0.685938 0.746875 0.685938 0.746875 0.708854 0.732031 0.708854
0 0.532031 0.677604 0.548438 0.677604 0.548438 0.706771 0.532031 0.706771
0 0.507422 0.731771 0.527344 0.731771 0.527344 0.755729 0.507422 0.755729
0 0.531641 0.757292 0.547266 0.757292 0.547266 0.786458 0.531641 0.786458
0 0.555078 0.631771 0.56875 0.631771 0.56875 0.657812 0.555078 0.657812
0 0.630469 0.594792 0.646094 0.594792 0.646094 0.622917 0.630469 0.622917
0 0.655078 0.655729 0.670703 0.655729 0.670703 0.68125 0.655078 0.68125
0 0.596094 0.634375 0.610938 0.634375 0.610938 0.656771 0.596094 0.656771
0 0.527734 0.475521 0.546094 0.475521 0.546094 0.502083 0.527734 0.502083
0 0.517188 0.644271 0.532422 0.644271 0.532422 0.66875 0.517188 0.66875
0 0.482422 0.632292 0.502734 0.632292 0.502734 0.660938 0.482422 0.660938
0 0.547266 0.864583 0.567969 0.864583 0.567969 0.891667 0.547266 0.891667
0 0.478906 0.935417 0.503125 0.935417 0.503125 0.960417 0.478906 0.960417
0 0.442188 0.942708 0.467188 0.942708 0.467188 0.968229 0.442188 0.968229
0 0.453516 0.896354 0.474609 0.896354 0.474609 0.919792 0.453516 0.919792
0 0.523828 0.969792 0.542969 0.969792 0.542969 0.989062 0.523828 0.989062
0 0.414453 0.899479 0.434766 0.899479 0.434766 0.922917 0.414453 0.922917
0 0.381641 0.926562 0.410938 0.926562 0.410938 0.950521 0.381641 0.950521
0 0.385938 0.860417 0.407422 0.860417 0.407422 0.880208 0.385938 0.880208
0 0.455469 0.781771 0.473047 0.781771 0.473047 0.805729 0.455469 0.805729
0 0.409375 0.758854 0.423438 0.758854 0.423438 0.789062 0.409375 0.789062
0 0.470312 0.734375 0.489844 0.734375 0.489844 0.764583 0.470312 0.764583
0 0.441797 0.741146 0.459375 0.741146 0.459375 0.772396 0.441797 0.772396
0 0.365625 0.890625 0.391406 0.890625 0.391406 0.911979 0.365625 0.911979
0 0.3625 0.782292 0.382422 0.782292 0.382422 0.801042 0.3625 0.801042
0 0.358594 0.746875 0.382031 0.746875 0.382031 0.771354 0.358594 0.771354
0 0.2625 0.854688 0.280859 0.854688 0.280859 0.880208 0.2625 0.880208
0 0.229297 0.920312 0.246875 0.920312 0.246875 0.951042 0.229297 0.951042
0 0.222656 0.961979 0.239453 0.961979 0.239453 0.99375 0.222656 0.99375
0 0.254688 0.956771 0.271094 0.956771 0.271094 0.992188 0.254688 0.992188
0 0.294531 0.948958 0.310547 0.948958 0.310547 0.973438 0.294531 0.973438
0 0.316797 0.899479 0.340625 0.899479 0.340625 0.925521 0.316797 0.925521
0 0.285938 0.873958 0.308594 0.873958 0.308594 0.901562 0.285938 0.901562
0 0.316797 0.864062 0.335547 0.864062 0.335547 0.894271 0.316797 0.894271
0 0.341406 0.934375 0.366797 0.934375 0.366797 0.954167 0.341406 0.954167
0 0.339062 0.840104 0.357812 0.840104 0.357812 0.870312 0.339062 0.870312
0 0.377344 0.955729 0.4 0.955729 0.4 0.980208 0.377344 0.980208
0 0.309766 0.828125 0.331641 0.828125 0.331641 0.855208 0.309766 0.855208
0 0.122656 0.8625 0.142188 0.8625 0.142188 0.891667 0.122656 0.891667
0 0.152344 0.903646 0.16875 0.903646 0.16875 0.933333 0.152344 0.933333
0 0.127734 0.725 0.148047 0.725 0.148047 0.75 0.127734 0.75
0 0.110938 0.711458 0.127734 0.711458 0.127734 0.740104 0.110938 0.740104
0 0.084766 0.757812 0.104688 0.757812 0.104688 0.788021 0.084766 0.788021
0 0.046875 0.81875 0.068359 0.81875 0.068359 0.850521 0.046875 0.850521
0 0.086719 0.845312 0.110547 0.845312 0.110547 0.876042 0.086719 0.876042
0 0.055469 0.894271 0.073438 0.894271 0.073438 0.928646 0.055469 0.928646
0 0.063281 0.711458 0.078516 0.711458 0.078516 0.743229 0.063281 0.743229
0 0.124609 0.783333 0.145703 0.783333 0.145703 0.80625 0.124609 0.80625
0 0.019531 0.738542 0.039844 0.738542 0.039844 0.765104 0.019531 0.765104
0 0.017188 0.890625 0.037109 0.890625 0.037109 0.924479 0.017188 0.924479
0 0.020312 0.948438 0.037109 0.948438 0.037109 0.978646 0.020312 0.978646
0 0.083594 0.90625 0.099609 0.90625 0.099609 0.943229 0.083594 0.943229
0 0.121875 0.910938 0.137109 0.910938 0.137109 0.941667 0.121875 0.941667
0 0.070312 0.66875 0.085156 0.66875 0.085156 0.699479 0.070312 0.699479
0 0.073828 0.949479 0.094141 0.949479 0.094141 0.982292 0.073828 0.982292
0 0.044531 0.963021 0.058984 0.963021 0.058984 0.9875 0.044531 0.9875
0 0.126172 0.959896 0.146094 0.959896 0.146094 0.988542 0.126172 0.988542
0 0.286328 0.813542 0.302734 0.813542 0.302734 0.835938 0.286328 0.835938
0 0.729297 0.74375 0.744922 0.74375 0.744922 0.771875 0.729297 0.771875
0 0.361719 0.708333 0.385156 0.708333 0.385156 0.728646 0.361719 0.728646