0 0.921094 0.95 0.942578 0.95 0.942578 0.979688 0.921094 0.979688
0 0.938281 0.981771 0.965625 0.981771 0.965625 0.999479 0.938281 0.999479
0 0.946484 0.935938 0.976562 0.935938 0.976562 0.960938 0.946484 0.960938
0 0.961719 0.90625 0.985156 0.90625 0.985156 0.929688 0.961719 0.929688
0 0.981641 0.892188 0.999609 0.892188 0.999609 0.914062 0.981641 0.914062
0 0.980469 0.857292 0.999219 0.857292 0.999219 0.889583 0.980469 0.889583
0 0.919922 0.853125 0.949219 0.853125 0.949219 0.878646 0.919922 0.878646
0 0.900391 0.828646 0.915625 0.828646 0.915625 0.850521 0.900391 0.850521
0 0.977344 0.810417 0.995312 0.810417 0.995312 0.834896 0.977344 0.834896
0 0.856641 0.916146 0.880859 0.916146 0.880859 0.938542 0.856641 0.938542
0 0.8625 0.977604 0.879297 0.977604 0.879297 0.998438 0.8625 0.998438
0 0.831641 0.964062 0.847266 0.964062 0.847266 0.986458 0.831641 0.986458
0 0.921875 0.759896 0.943359 0.759896 0.943359 0.781771 0.921875 0.781771
0 0.955859 0.729688 0.978516 0.729688 0.978516 0.755729 0.955859 0.755729
0 0.948047 0.689062 0.967188 0.689062 0.967188 0.711979 0.948047 0.711979
0 0.971094 0.697396 0.989844 0.697396 0.989844 0.71875 0.971094 0.71875
0 0.907031 0.676042 0.929297 0.676042 0.929297 0.697396 0.907031 0.697396
0 0.892969 0.644271 0.914062 0.644271 0.914062 0.672396 0.892969 0.672396
0 0.924609 0.630208 0.948438 0.630208 0.948438 0.655208 0.924609 0.655208
0 0.898438 0.609896 0.917578 0.609896 0.917578 0.632292 0.898438 0.632292
0 0.91875 0.597396 0.93125 0.597396 0.93125 0.620833 0.91875 0.620833
0 0.933594 0.583854 0.955859 0.583854 0.955859 0.60625 0.933594 0.60625
0 0.962109 0.591667 0.982812 0.591667 0.982812 0.615625 0.962109 0.615625
0 0.985938 0.611458 0.999609 0.611458 0.999609 0.640625 0.985938 0.640625
0 0.987109 0.561458 0.998438 0.561458 0.998438 0.590104 0.987109 0.590104
0 0.962109 0.531771 0.974219 0.531771 0.974219 0.556771 0.962109 0.556771
0 0.942969 0.54375 0.959766 0.54375 0.959766 0.565625 0.942969 0.565625
0 0.729688 0.968229 0.750781 0.968229 0.750781 0.998958 0.729688 0.998958
0 0.757031 0.938021 0.774609 0.938021 0.774609 0.961458 0.757031 0.961458
0 0.724219 0.904688 0.749609 0.904688 0.749609 0.93125 0.724219 0.93125
0 0.725 0.876042 0.753516 0.876042 0.753516 0.902604 0.725 0.902604
0 0.687891 0.935938 0.705859 0.935938 0.705859 0.968229 0.687891 0.968229
0 0.651562 0.867188 0.675 0.867188 0.675 0.893229 0.651562 0.893229
0 0.625 0.915104 0.645312 0.915104 0.645312 0.939583 0.625 0.939583
0 0.596094 0.919271 0.619922 0.919271 0.619922 0.944271 0.596094 0.944271
0 0.558203 0.891146 0.579688 0.891146 0.579688 0.914583 0.558203 0.914583
0 0.594922 0.879688 0.617578 0.879688 0.617578 0.895833 0.594922 0.895833
0 0.622656 0.8875 0.64375 0.8875 0.64375 0.908333 0.622656 0.908333
0 0.655078 0.905208 0.671875 0.905208 0.671875 0.923958 0.655078 0.923958
0 0.660938 0.81875 0.687109 0.81875 0.687109 0.849479 0.660938 0.849479
0 0.629297 0.791146 0.657812 0.791146 0.657812 0.817188 0.629297 0.817188
0 0.676172 0.798438 0.704688 0.798438 0.704688 0.824479 0.676172 0.824479
0 0.684375 0.832292 0.708594 0.832292 0.708594 0.857292 0.684375 0.857292
0 0.723047 0.830208 0.750781 0.830208 0.750781 0.850521 0.723047 0.850521
0 0.717578 0.778125 0.740234 0.778125 0.740234 0.797917 0.717578 0.797917
0 0.724609 0.747917 0.742578 0.747917 0.742578 0.776042 0.724609 0.776042
0 0.753906 0.772917 0.774219 0.772917 0.774219 0.789583 0.753906 0.789583
0 0.702344 0.769792 0.716406 0.769792 0.716406 0.797396 0.702344 0.797396
0 0.683594 0.732292 0.709766 0.732292 0.709766 0.757812 0.683594 0.757812
0 0.665234 0.705208 0.689844 0.705208 0.689844 0.725521 0.665234 0.725521
0 0.654688 0.740625 0.670312 0.740625 0.670312 0.766667 0.654688 0.766667
0 0.626172 0.733333 0.646484 0.733333 0.646484 0.760938 0.626172 0.760938
0 0.594531 0.746354 0.616406 0.746354 0.616406 0.771875 0.594531 0.771875
0 0.566016 0.767708 0.589453 0.767708 0.589453 0.790625 0.566016 0.790625
0 0.567969 0.800521 0.594531 0.800521 0.594531 0.830729 0.567969 0.830729
0 0.689844 0.883333 0.710547 0.883333 0.710547 0.906771 0.689844 0.906771
0 0.561719 0.845312 0.591016 0.845312 0.591016 0.875 0.561719 0.875
0 0.532812 0.9 0.550391 0.9 0.550391 0.922396 0.532812 0.922396
0 0.526562 0.933854 0.546094 0.933854 0.546094 0.961979 0.526562 0.961979
0 0.489062 0.931771 0.509375 0.931771 0.509375 0.955208 0.489062 0.955208
0 0.478906 0.859375 0.501172 0.859375 0.501172 0.890625 0.478906 0.890625
0 0.515234 0.871875 0.535156 0.871875 0.535156 0.893229 0.515234 0.893229
0 0.512891 0.814583 0.540625 0.814583 0.540625 0.842708 0.512891 0.842708
0 0.467188 0.818229 0.494922 0.818229 0.494922 0.839583 0.467188 0.839583
0 0.735547 0.578646 0.753906 0.578646 0.753906 0.604688 0.735547 0.604688
0 0.754688 0.560417 0.771094 0.560417 0.771094 0.593229 0.754688 0.593229
0 0.788672 0.578646 0.811328 0.578646 0.811328 0.600521 0.788672 0.600521
0 0.784766 0.555729 0.807422 0.555729 0.807422 0.576042 0.784766 0.576042
0 0.691797 0.565104 0.714844 0.565104 0.714844 0.588542 0.691797 0.588542
0 0.676562 0.536458 0.7 0.536458 0.7 0.553646 0.676562 0.553646
0 0.653906 0.5625 0.671875 0.5625 0.671875 0.592708 0.653906 0.592708
0 0.625391 0.572917 0.641406 0.572917 0.641406 0.594271 0.625391 0.594271
0 0.616406 0.532812 0.633984 0.532812 0.633984 0.560417 0.616406 0.560417
0 0.600781 0.560417 0.61875 0.560417 0.61875 0.586979 0.600781 0.586979
0 0.575 0.502604 0.599219 0.502604 0.599219 0.525521 0.575 0.525521
0 0.571094 0.544792 0.5875 0.544792 0.5875 0.5625 0.571094 0.5625
0 0.602734 0.464583 0.624609 0.464583 0.624609 0.496354 0.602734 0.496354
0 0.718359 0.522917 0.737109 0.522917 0.737109 0.545833 0.718359 0.545833
0 0.817188 0.55625 0.8375 0.55625 0.8375 0.580729 0.817188 0.580729
0 0.829688 0.514583 0.853125 0.514583 0.853125 0.540104 0.829688 0.540104
0 0.843359 0.474479 0.873438 0.474479 0.873438 0.501042 0.843359 0.501042
0 0.791016 0.526562 0.816797 0.526562 0.816797 0.553125 0.791016 0.553125
0 0.7625 0.495312 0.790625 0.495312 0.790625 0.522396 0.7625 0.522396
0 0.721484 0.464062 0.749609 0.464062 0.749609 0.490104 0.721484 0.490104
0 0.759375 0.453646 0.784375 0.453646 0.784375 0.479688 0.759375 0.479688
0 0.685547 0.49375 0.712109 0.49375 0.712109 0.516146 0.685547 0.516146
0 0.650391 0.503125 0.671094 0.503125 0.671094 0.528646 0.650391 0.528646
0 0.65 0.478125 0.674219 0.478125 0.674219 0.5 0.65 0.5
0 0.672656 0.445833 0.693359 0.445833 0.693359 0.467188 0.672656 0.467188
0 0.443359 0.960417 0.465625 0.960417 0.465625 0.992708 0.443359 0.992708
0 0.535156 0.978125 0.567969 0.978125 0.567969 0.998958 0.535156 0.998958
0 0.557812 0.943229 0.579688 0.943229 0.579688 0.975 0.557812 0.975
0 0.591016 0.967188 0.616797 0.967188 0.616797 0.990104 0.591016 0.990104
0 0.640625 0.970312 0.670703 0.970312 0.670703 0.996354 0.640625 0.996354
0 0.439453 0.914062 0.465625 0.914062 0.465625 0.944792 0.439453 0.944792
0 0.394922 0.913021 0.425781 0.913021 0.425781 0.941146 0.394922 0.941146
0 0.4375 0.852083 0.456641 0.852083 0.456641 0.884896 0.4375 0.884896
0 0.614453 0.703125 0.638281 0.703125 0.638281 0.721875 0.614453 0.721875
0 0.605469 0.703646 0.616797 0.703646 0.616797 0.724479 0.605469 0.724479
0 0.604297 0.664062 0.615625 0.664062 0.615625 0.686458 0.604297 0.686458
0 0.561719 0.701042 0.579297 0.701042 0.579297 0.726042 0.561719 0.726042
0 0.540625 0.734896 0.563672 0.734896 0.563672 0.765104 0.540625 0.765104
0 0.521094 0.701562 0.539062 0.701562 0.539062 0.730729 0.521094 0.730729
0 0.522656 0.652604 0.541797 0.652604 0.541797 0.688542 0.522656 0.688542
0 0.550781 0.665104 0.574609 0.665104 0.574609 0.690104 0.550781 0.690104
0 0.497266 0.596875 0.513281 0.596875 0.513281 0.630729 0.497266 0.630729
0 0.510547 0.601562 0.526562 0.601562 0.526562 0.633333 0.510547 0.633333
0 0.480469 0.636458 0.505859 0.636458 0.505859 0.661979 0.480469 0.661979
0 0.469141 0.707812 0.49375 0.707812 0.49375 0.729167 0.469141 0.729167
0 0.475 0.735417 0.503125 0.735417 0.503125 0.761458 0.475 0.761458
0 0.446875 0.744792 0.466797 0.744792 0.466797 0.768229 0.446875 0.768229
0 0.439453 0.776562 0.463281 0.776562 0.463281 0.810938 0.439453 0.810938
0 0.4125 0.823958 0.440234 0.823958 0.440234 0.847917 0.4125 0.847917
0 0.340234 0.797396 0.362109 0.797396 0.362109 0.823958 0.340234 0.823958
0 0.366797 0.775521 0.385547 0.775521 0.385547 0.806771 0.366797 0.806771
0 0.4 0.765104 0.410938 0.765104 0.410938 0.798958 0.4 0.798958
0 0.365625 0.840625 0.392969 0.840625 0.392969 0.859375 0.365625 0.859375
0 0.35 0.867188 0.367578 0.867188 0.367578 0.894792 0.35 0.894792
0 0.404297 0.705729 0.430078 0.705729 0.430078 0.733333 0.404297 0.733333
0 0.446094 0.634896 0.468359 0.634896 0.468359 0.667188 0.446094 0.667188
0 0.437891 0.593229 0.453516 0.593229 0.453516 0.620833 0.437891 0.620833
0 0.4625 0.60625 0.487891 0.60625 0.487891 0.627083 0.4625 0.627083
0 0.386328 0.575 0.409766 0.575 0.409766 0.592188 0.386328 0.592188
0 0.376172 0.554167 0.395703 0.554167 0.395703 0.578125 0.376172 0.578125
0 0.366016 0.608333 0.398047 0.608333 0.398047 0.634896 0.366016 0.634896
0 0.350391 0.649479 0.367578 0.649479 0.367578 0.678125 0.350391 0.678125
0 0.334375 0.621354 0.351562 0.621354 0.351562 0.641146 0.334375 0.641146
0 0.337891 0.567708 0.364844 0.567708 0.364844 0.600521 0.337891 0.600521
0 0.307031 0.591146 0.326562 0.591146 0.326562 0.621354 0.307031 0.621354
0 0.287891 0.642188 0.304688 0.642188 0.304688 0.670312 0.287891 0.670312
0 0.259766 0.674479 0.2875 0.674479 0.2875 0.694792 0.259766 0.694792
0 0.296094 0.695312 0.311328 0.695312 0.311328 0.721875 0.296094 0.721875
0 0.322656 0.703646 0.341016 0.703646 0.341016 0.734375 0.322656 0.734375
0 0.271094 0.721354 0.296094 0.721354 0.296094 0.744792 0.271094 0.744792
0 0.305859 0.772396 0.328516 0.772396 0.328516 0.797396 0.305859 0.797396
0 0.248047 0.757812 0.272656 0.757812 0.272656 0.791667 0.248047 0.791667
0 0.238281 0.708854 0.258203 0.708854 0.258203 0.74375 0.238281 0.74375
0 0.226562 0.793229 0.250391 0.793229 0.250391 0.8125 0.226562 0.8125
0 0.184766 0.788021 0.214062 0.788021 0.214062 0.810938 0.184766 0.810938
0 0.198828 0.741667 0.220312 0.741667 0.220312 0.764583 0.198828 0.764583
0 0.1875 0.759375 0.20625 0.759375 0.20625 0.774479 0.1875 0.774479
0 0.153906 0.761979 0.183984 0.761979 0.183984 0.782812 0.153906 0.782812
0 0.145703 0.710417 0.169141 0.710417 0.169141 0.729167 0.145703 0.729167
0 0.184375 0.708854 0.201562 0.708854 0.201562 0.736979 0.184375 0.736979
0 0.199609 0.6375 0.216016 0.6375 0.216016 0.670833 0.199609 0.670833
0 0.1625 0.670833 0.185547 0.670833 0.185547 0.695833 0.1625 0.695833
0 0.117188 0.747917 0.137891 0.747917 0.137891 0.766146 0.117188 0.766146
0 0.10625 0.726562 0.132031 0.726562 0.132031 0.746354 0.10625 0.746354
0 0.103516 0.697396 0.132812 0.697396 0.132812 0.726042 0.103516 0.726042
0 0.11875 0.646354 0.132422 0.646354 0.132422 0.673438 0.11875 0.673438
0 0.135547 0.646875 0.155469 0.646875 0.155469 0.680208 0.135547 0.680208
0 0.157812 0.61875 0.18125 0.61875 0.18125 0.643229 0.157812 0.643229
0 0.113672 0.6 0.130078 0.6 0.130078 0.628646 0.113672 0.628646
0 0.085156 0.660417 0.102344 0.660417 0.102344 0.686458 0.085156 0.686458
0 0.060938 0.666667 0.078125 0.666667 0.078125 0.697396 0.060938 0.697396
0 0.061328 0.614583 0.084375 0.614583 0.084375 0.638542 0.061328 0.638542
0 0.325781 0.951042 0.354688 0.951042 0.354688 0.977083 0.325781 0.977083
0 0.275391 0.95625 0.304688 0.95625 0.304688 0.980729 0.275391 0.980729
0 0.237891 0.973958 0.261328 0.973958 0.261328 0.997917 0.237891 0.997917
0 0.211328 0.931771 0.234375 0.931771 0.234375 0.95 0.211328 0.95
0 0.277344 0.913021 0.308594 0.913021 0.308594 0.938021 0.277344 0.938021
0 0.245703 0.925521 0.267188 0.925521 0.267188 0.946875 0.245703 0.946875
0 0.170312 0.923438 0.195703 0.923438 0.195703 0.943229 0.170312 0.943229
0 0.141016 0.980208 0.172266 0.980208 0.172266 0.999479 0.141016 0.999479
0 0.091797 0.973958 0.121094 0.973958 0.121094 0.997917 0.091797 0.997917
0 0.075781 0.917188 0.092578 0.917188 0.092578 0.945312 0.075781 0.945312
0 0.073438 0.940625 0.091016 0.940625 0.091016 0.969792 0.073438 0.969792
0 0.096094 0.888542 0.117969 0.888542 0.117969 0.914062 0.096094 0.914062
0 0.124219 0.886458 0.151562 0.886458 0.151562 0.917188 0.124219 0.917188
0 0.207422 0.885938 0.235938 0.885938 0.235938 0.910938 0.207422 0.910938
0 0.153906 0.880729 0.182031 0.880729 0.182031 0.905208 0.153906 0.905208
0 0.136328 0.850521 0.165234 0.850521 0.165234 0.871354 0.136328 0.871354
0 0.090625 0.843229 0.11875 0.843229 0.11875 0.865625 0.090625 0.865625
0 0.288672 0.541146 0.311719 0.541146 0.311719 0.5625 0.288672 0.5625
0 0.257031 0.558333 0.272656 0.558333 0.272656 0.580729 0.257031 0.580729
0 0.23125 0.534896 0.248828 0.534896 0.248828 0.55 0.23125 0.55
0 0.219141 0.558854 0.2375 0.558854 0.2375 0.577083 0.219141 0.577083
0 0.203125 0.581771 0.226562 0.581771 0.226562 0.606771 0.203125 0.606771
0 0.16875 0.573958 0.192969 0.573958 0.192969 0.592188 0.16875 0.592188
0 0.150781 0.538021 0.171875 0.538021 0.171875 0.561979 0.150781 0.561979
0 0.183984 0.511458 0.208594 0.511458 0.208594 0.533854 0.183984 0.533854
0 0.203906 0.468229 0.230469 0.468229 0.230469 0.491146 0.203906 0.491146
0 0.247656 0.480729 0.271875 0.480729 0.271875 0.499479 0.247656 0.499479
0 0.075 0.585938 0.092969 0.585938 0.092969 0.608854 0.075 0.608854
0 0.061719 0.593229 0.076953 0.593229 0.076953 0.607292 0.061719 0.607292
0 0.049609 0.584375 0.061719 0.584375 0.061719 0.603646 0.049609 0.603646
0 0.039062 0.569271 0.059375 0.569271 0.059375 0.585417 0.039062 0.585417
0 0.058594 0.548438 0.076562 0.548438 0.076562 0.575521 0.058594 0.575521
0 0.08125 0.551562 0.107422 0.551562 0.107422 0.574479 0.08125 0.574479
0 0.115234 0.509375 0.1375 0.509375 0.1375 0.538542 0.115234 0.538542
0 0.067969 0.496875 0.088281 0.496875 0.088281 0.519792 0.067969 0.519792
0 0.024219 0.489583 0.050781 0.489583 0.050781 0.505729 0.024219 0.505729
0 0.048047 0.495312 0.067969 0.495312 0.067969 0.515104 0.048047 0.515104
0 0.021484 0.532292 0.050391 0.532292 0.050391 0.55625 0.021484 0.55625
0 0.036328 0.459375 0.060156 0.459375 0.060156 0.478125 0.036328 0.478125
0 0.096484 0.453646 0.116016 0.453646 0.116016 0.477083 0.096484 0.477083
0 0.147266 0.465625 0.173828 0.465625 0.173828 0.49375 0.147266 0.49375
0 0.05625 0.430208 0.078125 0.430208 0.078125 0.45 0.05625 0.45
0 0.031641 0.435417 0.052344 0.435417 0.052344 0.448958 0.031641 0.448958
0 0.013672 0.432812 0.029688 0.432812 0.029688 0.454167 0.013672 0.454167
0 0.233984 0.390104 0.253516 0.390104 0.253516 0.409896 0.233984 0.409896
0 0.188672 0.415625 0.207422 0.415625 0.207422 0.439583 0.188672 0.439583
0 0.141016 0.411458 0.162109 0.411458 0.162109 0.433854 0.141016 0.433854
0 0.108984 0.40625 0.125 0.40625 0.125 0.436979 0.108984 0.436979
0 0.077734 0.399479 0.103125 0.399479 0.103125 0.417708 0.077734 0.417708
0 0.021875 0.396875 0.051172 0.396875 0.051172 0.4125 0.021875 0.4125
0 0.007422 0.364062 0.034766 0.364062 0.034766 0.390625 0.007422 0.390625
0 0.063672 0.354167 0.086328 0.354167 0.086328 0.377083 0.063672 0.377083
0 0.099219 0.364062 0.123438 0.364062 0.123438 0.384896 0.099219 0.384896
0 0.005859 0.303646 0.033594 0.303646 0.033594 0.334896 0.005859 0.334896
0 0.014453 0.261979 0.043359 0.261979 0.043359 0.29375 0.014453 0.29375
0 0.060547 0.2875 0.093359 0.2875 0.093359 0.311458 0.060547 0.311458
0 0.132031 0.332812 0.157812 0.332812 0.157812 0.352604 0.132031 0.352604
0 0.200391 0.350521 0.223438 0.350521 0.223438 0.369792 0.200391 0.369792
0 0.223047 0.4375 0.247266 0.4375 0.247266 0.461458 0.223047 0.461458
0 0.310547 0.469792 0.330859 0.469792 0.330859 0.496354 0.310547 0.496354
0 0.333203 0.446875 0.352734 0.446875 0.352734 0.475 0.333203 0.475
0 0.276172 0.441667 0.295703 0.441667 0.295703 0.46875 0.276172 0.46875
0 0.055078 0.088542 0.079297 0.088542 0.079297 0.111458 0.055078 0.111458
0 0.137109 0.103125 0.165234 0.103125 0.165234 0.11875 0.137109 0.11875
0 0.093359 0.11875 0.118359 0.11875 0.118359 0.138542 0.093359 0.138542
0 0.123438 0.128646 0.141797 0.128646 0.141797 0.157812 0.123438 0.157812
0 0.151562 0.1375 0.171875 0.1375 0.171875 0.164062 0.151562 0.164062
0 0.179297 0.131771 0.208203 0.131771 0.208203 0.160938 0.179297 0.160938
0 0.210156 0.164583 0.229688 0.164583 0.229688 0.19375 0.210156 0.19375
0 0.240234 0.188021 0.269531 0.188021 0.269531 0.215104 0.240234 0.215104
0 0.2625 0.141667 0.287109 0.141667 0.287109 0.169271 0.2625 0.169271
0 0.294141 0.192708 0.309375 0.192708 0.309375 0.222917 0.294141 0.222917
0 0.323438 0.214583 0.346875 0.214583 0.346875 0.240104 0.323438 0.240104
0 0.274219 0.228646 0.298438 0.228646 0.298438 0.250521 0.274219 0.250521
0 0.276953 0.310417 0.301562 0.310417 0.301562 0.331771 0.276953 0.331771
0 0.264453 0.263542 0.283984 0.263542 0.283984 0.284375 0.264453 0.284375
0 0.234375 0.241146 0.251953 0.241146 0.251953 0.267188 0.234375 0.267188
0 0.205078 0.241667 0.226562 0.241667 0.226562 0.268229 0.205078 0.268229
0 0.211328 0.286458 0.227344 0.286458 0.227344 0.311979 0.211328 0.311979
0 0.247656 0.299479 0.271484 0.299479 0.271484 0.325521 0.247656 0.325521
0 0.169922 0.171875 0.194922 0.171875 0.194922 0.197917 0.169922 0.197917
0 0.140234 0.186979 0.165234 0.186979 0.165234 0.214062 0.140234 0.214062
0 0.128125 0.220312 0.147266 0.220312 0.147266 0.253125 0.128125 0.253125
0 0.096484 0.217188 0.116016 0.217188 0.116016 0.248958 0.096484 0.248958
0 0.082812 0.188542 0.102344 0.188542 0.102344 0.211979 0.082812 0.211979
0 0.103516 0.163021 0.125391 0.163021 0.125391 0.180729 0.103516 0.180729
0 0.039062 0.188542 0.058984 0.188542 0.058984 0.211458 0.039062 0.211458
0 0.030859 0.108333 0.05 0.108333 0.05 0.130729 0.030859 0.130729
0 0.054688 0.114583 0.080469 0.114583 0.080469 0.144792 0.054688 0.144792
0 0.021875 0.130729 0.043359 0.130729 0.043359 0.145312 0.021875 0.145312
0 0.423047 0.208333 0.449219 0.208333 0.449219 0.228646 0.423047 0.228646
0 0.402344 0.246354 0.419141 0.246354 0.419141 0.275 0.402344 0.275
0 0.383984 0.263542 0.399219 0.263542 0.399219 0.290104 0.383984 0.290104
0 0.383203 0.33125 0.409375 0.33125 0.409375 0.352083 0.383203 0.352083
0 0.397266 0.290104 0.415625 0.290104 0.415625 0.314062 0.397266 0.314062
0 0.41875 0.305208 0.439453 0.305208 0.439453 0.333333 0.41875 0.333333
0 0.429688 0.344792 0.446094 0.344792 0.446094 0.359375 0.429688 0.359375
0 0.427734 0.276562 0.452734 0.276562 0.452734 0.299479 0.427734 0.299479
0 0.473047 0.252083 0.499219 0.252083 0.499219 0.279688 0.473047 0.279688
0 0.491406 0.308333 0.518359 0.308333 0.518359 0.333333 0.491406 0.333333
0 0.452344 0.309896 0.473828 0.309896 0.473828 0.33125 0.452344 0.33125
0 0.452734 0.340625 0.477734 0.340625 0.477734 0.365104 0.452734 0.365104
0 0.477344 0.373958 0.500391 0.373958 0.500391 0.396354 0.477344 0.396354
0 0.513281 0.364062 0.535938 0.364062 0.535938 0.383333 0.513281 0.383333
0 0.530078 0.411979 0.547266 0.411979 0.547266 0.434375 0.530078 0.434375
0 0.491016 0.417188 0.512891 0.417188 0.512891 0.445312 0.491016 0.445312
0 0.45625 0.409896 0.476953 0.409896 0.476953 0.429688 0.45625 0.429688
0 0.414453 0.358333 0.430859 0.358333 0.430859 0.371354 0.414453 0.371354
0 0.404688 0.393229 0.432422 0.393229 0.432422 0.410938 0.404688 0.410938
0 0.501172 0.474479 0.521875 0.474479 0.521875 0.502604 0.501172 0.502604
0 0.527734 0.463542 0.553125 0.463542 0.553125 0.484375 0.527734 0.484375
0 0.541016 0.495312 0.565625 0.495312 0.565625 0.514583 0.541016 0.514583
0 0.617188 0.416667 0.640234 0.416667 0.640234 0.442708 0.617188 0.442708
0 0.652344 0.411979 0.676562 0.411979 0.676562 0.434375 0.652344 0.434375
0 0.704297 0.413542 0.728516 0.413542 0.728516 0.432292 0.704297 0.432292
0 0.748047 0.416146 0.771875 0.416146 0.771875 0.442708 0.748047 0.442708
0 0.69375 0.370833 0.717969 0.370833 0.717969 0.392708 0.69375 0.392708
0 0.723438 0.346354 0.747266 0.346354 0.747266 0.373438 0.723438 0.373438
0 0.675781 0.386979 0.694141 0.386979 0.694141 0.420312 0.675781 0.420312
0 0.637891 0.364583 0.657422 0.364583 0.657422 0.4 0.637891 0.4
0 0.601953 0.35625 0.619141 0.35625 0.619141 0.377083 0.601953 0.377083
0 0.581641 0.359375 0.596484 0.359375 0.596484 0.388021 0.581641 0.388021
0 0.553906 0.348958 0.578125 0.348958 0.578125 0.372917 0.553906 0.372917
0 0.526953 0.325521 0.551172 0.325521 0.551172 0.342708 0.526953 0.342708
0 0.657422 0.350521 0.675 0.350521 0.675 0.371354 0.657422 0.371354
0 0.633594 0.305729 0.652344 0.305729 0.652344 0.333333 0.633594 0.333333
0 0.673047 0.303125 0.702344 0.303125 0.702344 0.330729 0.673047 0.330729
0 0.708594 0.296875 0.735547 0.296875 0.735547 0.322917 0.708594 0.322917
0 0.660547 0.259896 0.689062 0.259896 0.689062 0.288021 0.660547 0.288021
0 0.685938 0.247396 0.713672 0.247396 0.713672 0.276042 0.685938 0.276042
0 0.903125 0.380729 0.934375 0.380729 0.934375 0.40625 0.903125 0.40625
0 0.883203 0.3125 0.907812 0.3125 0.907812 0.339583 0.883203 0.339583
0 0.874219 0.352083 0.896484 0.352083 0.896484 0.370312 0.874219 0.370312
0 0.851562 0.391667 0.879297 0.391667 0.879297 0.410417 0.851562 0.410417
0 0.835156 0.339062 0.858594 0.339062 0.858594 0.358854 0.835156 0.358854
0 0.814844 0.316146 0.836328 0.316146 0.836328 0.342708 0.814844 0.342708
0 0.843359 0.295833 0.86875 0.295833 0.86875 0.317708 0.843359 0.317708
0 0.822266 0.429688 0.851172 0.429688 0.851172 0.456771 0.822266 0.456771
0 0.782422 0.430729 0.8125 0.430729 0.8125 0.456771 0.782422 0.456771
0 0.803516 0.399479 0.824219 0.399479 0.824219 0.428125 0.803516 0.428125
0 0.773828 0.353125 0.794922 0.353125 0.794922 0.381771 0.773828 0.381771
0 0.75625 0.286979 0.779688 0.286979 0.779688 0.3125 0.75625 0.3125
0 0.739062 0.315625 0.757031 0.315625 0.757031 0.346354 0.739062 0.346354
0 0.793359 0.28125 0.810156 0.28125 0.810156 0.314062 0.793359 0.314062
0 0.814844 0.251042 0.840234 0.251042 0.840234 0.273958 0.814844 0.273958
0 0.797656 0.182812 0.822656 0.182812 0.822656 0.208333 0.797656 0.208333
0 0.775781 0.234375 0.8 0.234375 0.8 0.257292 0.775781 0.257292
0 0.745703 0.240104 0.763281 0.240104 0.763281 0.270312 0.745703 0.270312
0 0.719531 0.233333 0.740234 0.233333 0.740234 0.257812 0.719531 0.257812
0 0.757031 0.2 0.780859 0.2 0.780859 0.221354 0.757031 0.221354
0 0.76875 0.147396 0.798828 0.147396 0.798828 0.169271 0.76875 0.169271
0 0.711719 0.190625 0.732422 0.190625 0.732422 0.2125 0.711719 0.2125
0 0.735938 0.169792 0.757031 0.169792 0.757031 0.195833 0.735938 0.195833
0 0.716797 0.145833 0.744141 0.145833 0.744141 0.170312 0.716797 0.170312
0 0.747266 0.105729 0.771875 0.105729 0.771875 0.125 0.747266 0.125
0 0.751562 0.074479 0.771875 0.074479 0.771875 0.096354 0.751562 0.096354
0 0.706641 0.092188 0.732031 0.092188 0.732031 0.115625 0.706641 0.115625
0 0.675781 0.192188 0.701953 0.192188 0.701953 0.213542 0.675781 0.213542
0 0.66875 0.219271 0.698828 0.219271 0.698828 0.239062 0.66875 0.239062
0 0.609375 0.210417 0.641406 0.210417 0.641406 0.24375 0.609375 0.24375
0 0.554688 0.252604 0.580859 0.252604 0.580859 0.275521 0.554688 0.275521
0 0.516016 0.277604 0.540234 0.277604 0.540234 0.299479 0.516016 0.299479
0 0.505469 0.242188 0.530859 0.242188 0.530859 0.259375 0.505469 0.259375
0 0.510156 0.204167 0.535156 0.204167 0.535156 0.227604 0.510156 0.227604
0 0.528516 0.176042 0.554688 0.176042 0.554688 0.197917 0.528516 0.197917
0 0.58125 0.157292 0.604297 0.157292 0.604297 0.180729 0.58125 0.180729
0 0.682422 0.146354 0.710938 0.146354 0.710938 0.170312 0.682422 0.170312
0 0.653125 0.146875 0.669922 0.146875 0.669922 0.176042 0.653125 0.176042
0 0.663672 0.041667 0.686328 0.041667 0.686328 0.0625 0.663672 0.0625
0 0.673438 0.081771 0.694922 0.081771 0.694922 0.107812 0.673438 0.107812
0 0.635547 0.080208 0.658203 0.080208 0.658203 0.103646 0.635547 0.103646
0 0.626953 0.04375 0.644531 0.04375 0.644531 0.064062 0.626953 0.064062
0 0.598047 0.016146 0.621094 0.016146 0.621094 0.035417 0.598047 0.035417
0 0.600781 0.076042 0.617578 0.076042 0.617578 0.098958 0.600781 0.098958
0 0.608594 0.110938 0.626172 0.110938 0.626172 0.135938 0.608594 0.135938
0 0.582422 0.105208 0.601953 0.105208 0.601953 0.123958 0.582422 0.123958
0 0.552734 0.090625 0.572656 0.090625 0.572656 0.122396 0.552734 0.122396
0 0.574609 0.060938 0.597266 0.060938 0.597266 0.079167 0.574609 0.079167
0 0.516016 0.095312 0.541016 0.095312 0.541016 0.120312 0.516016 0.120312
0 0.517969 0.055208 0.545312 0.055208 0.545312 0.079167 0.517969 0.079167
0 0.478516 0.126042 0.501172 0.126042 0.501172 0.150521 0.478516 0.150521
0 0.475781 0.158854 0.498828 0.158854 0.498828 0.181771 0.475781 0.181771
0 0.454688 0.183854 0.483203 0.183854 0.483203 0.206771 0.454688 0.206771
0 0.452734 0.1375 0.471484 0.1375 0.471484 0.169271 0.452734 0.169271
0 0.417969 0.153646 0.440625 0.153646 0.440625 0.180208 0.417969 0.180208
0 0.318359 0.168229 0.340234 0.168229 0.340234 0.19375 0.318359 0.19375
0 0.337891 0.146354 0.358594 0.146354 0.358594 0.170833 0.337891 0.170833
0 0.299609 0.130729 0.311328 0.130729 0.311328 0.155729 0.299609 0.155729
0 0.310547 0.133854 0.328516 0.133854 0.328516 0.155729 0.310547 0.155729
0 0.287891 0.105729 0.306641 0.105729 0.306641 0.133333 0.287891 0.133333
0 0.254297 0.1 0.278906 0.1 0.278906 0.129167 0.254297 0.129167
0 0.218359 0.098958 0.236719 0.098958 0.236719 0.123958 0.218359 0.123958
0 0.316016 0.095833 0.339453 0.095833 0.339453 0.116667 0.316016 0.116667
0 0.342188 0.066146 0.362891 0.066146 0.362891 0.091667 0.342188 0.091667
0 0.346484 0.036458 0.373047 0.036458 0.373047 0.05625 0.346484 0.05625
0 0.3125 0.016146 0.33125 0.016146 0.33125 0.038021 0.3125 0.038021
0 0.298047 0.048438 0.323438 0.048438 0.323438 0.073438 0.298047 0.073438
0 0.266797 0.024479 0.291016 0.024479 0.291016 0.049479 0.266797 0.049479
0 0.258594 0.055208 0.283984 0.055208 0.283984 0.080208 0.258594 0.080208
0 0.207812 0.057812 0.233984 0.057812 0.233984 0.077604 0.207812 0.077604
0 0.176953 0.028646 0.198438 0.028646 0.198438 0.055729 0.176953 0.055729
0 0.167188 0.075 0.187891 0.075 0.187891 0.096354 0.167188 0.096354
0 0.139062 0.053646 0.164844 0.053646 0.164844 0.075 0.139062 0.075
0 0.097656 0.051042 0.122266 0.051042 0.122266 0.074479 0.097656 0.074479
0 0.141406 0.001042 0.164062 0.001042 0.164062 0.028125 0.141406 0.028125
0 0.093359 0.003125 0.115234 0.003125 0.115234 0.026042 0.093359 0.026042
0 0.038281 0.040625 0.067578 0.040625 0.067578 0.057812 0.038281 0.057812
0 0.070312 0.005729 0.089453 0.005729 0.089453 0.041146 0.070312 0.041146
0 0.462109 0.015104 0.489062 0.015104 0.489062 0.045312 0.462109 0.045312
0 0.537109 0.034896 0.557031 0.034896 0.557031 0.056771 0.537109 0.056771
0 0.550781 0.011979 0.573047 0.011979 0.573047 0.033854 0.550781 0.033854
0 0.512109 0.015104 0.533594 0.015104 0.533594 0.036979 0.512109 0.036979
0 0.961328 0.014583 0.981641 0.014583 0.981641 0.038021 0.961328 0.038021