0 0.015625 0.255729 0.032031 0.255729 0.032031 0.285417 0.015625 0.285417
0 0.094531 0.363542 0.112891 0.363542 0.112891 0.392188 0.094531 0.392188
0 0.127344 0.35625 0.146484 0.35625 0.146484 0.377604 0.127344 0.377604
0 0.157422 0.416146 0.176953 0.416146 0.176953 0.443229 0.157422 0.443229
0 0.283203 0.389583 0.303125 0.389583 0.303125 0.4125 0.283203 0.4125
0 0.239844 0.279688 0.263281 0.279688 0.263281 0.30625 0.239844 0.30625
0 0.275 0.265625 0.298438 0.265625 0.298438 0.288021 0.275 0.288021
0 0.307031 0.293229 0.325391 0.293229 0.325391 0.321875 0.307031 0.321875
0 0.342578 0.318229 0.366406 0.318229 0.366406 0.341667 0.342578 0.341667
0 0.338672 0.257292 0.359766 0.257292 0.359766 0.282812 0.338672 0.282812
0 0.296484 0.223438 0.319922 0.223438 0.319922 0.245833 0.296484 0.245833
0 0.369922 0.264062 0.388672 0.264062 0.388672 0.292188 0.369922 0.292188
0 0.390625 0.298958 0.415625 0.298958 0.415625 0.320312 0.390625 0.320312
0 0.451172 0.313021 0.476562 0.313021 0.476562 0.341667 0.451172 0.341667
0 0.451953 0.266667 0.471094 0.266667 0.471094 0.2875 0.451953 0.2875
0 0.339844 0.2 0.357422 0.2 0.357422 0.230208 0.339844 0.230208
0 0.312891 0.185417 0.340234 0.185417 0.340234 0.205208 0.312891 0.205208
0 0.283984 0.157812 0.312109 0.157812 0.312109 0.183333 0.283984 0.183333
0 0.332812 0.151562 0.355859 0.151562 0.355859 0.179167 0.332812 0.179167
0 0.177344 0.03125 0.194531 0.03125 0.194531 0.054167 0.177344 0.054167
0 0.146094 0.061979 0.171094 0.061979 0.171094 0.082292 0.146094 0.082292
0 0.351172 0.028125 0.375391 0.028125 0.375391 0.051042 0.351172 0.051042
0 0.30625 0.063542 0.325781 0.063542 0.325781 0.0875 0.30625 0.0875
0 0.341016 0.104167 0.364453 0.104167 0.364453 0.126042 0.341016 0.126042
0 0.405469 0.023438 0.426562 0.023438 0.426562 0.046875 0.405469 0.046875
0 0.383594 0.085417 0.40625 0.085417 0.40625 0.104167 0.383594 0.104167
0 0.403906 0.146354 0.426953 0.146354 0.426953 0.165625 0.403906 0.165625
0 0.428906 0.141667 0.450781 0.141667 0.450781 0.158333 0.428906 0.158333
0 0.376953 0.174479 0.395312 0.174479 0.395312 0.203125 0.376953 0.203125
0 0.465234 0.157292 0.485938 0.157292 0.485938 0.180208 0.465234 0.180208
0 0.489453 0.1875 0.504297 0.1875 0.504297 0.210417 0.489453 0.210417
0 0.451172 0.073958 0.475391 0.073958 0.475391 0.091667 0.451172 0.091667
0 0.471094 0.044271 0.489062 0.044271 0.489062 0.066667 0.471094 0.066667
0 0.507422 0.038021 0.533203 0.038021 0.533203 0.057812 0.507422 0.057812
0 0.561328 0.096875 0.579297 0.096875 0.579297 0.120833 0.561328 0.120833
0 0.519531 0.131771 0.542578 0.131771 0.542578 0.151562 0.519531 0.151562
0 0.578125 0.163542 0.6 0.163542 0.6 0.1875 0.578125 0.1875
0 0.555469 0.152083 0.569531 0.152083 0.569531 0.179688 0.555469 0.179688
0 0.557812 0.210938 0.576953 0.210938 0.576953 0.234896 0.557812 0.234896
0 0.607812 0.170833 0.627344 0.170833 0.627344 0.198958 0.607812 0.198958
0 0.540234 0.260938 0.559375 0.260938 0.559375 0.289583 0.540234 0.289583
0 0.576953 0.267708 0.602344 0.267708 0.602344 0.286979 0.576953 0.286979
0 0.492578 0.271875 0.509375 0.271875 0.509375 0.301562 0.492578 0.301562
0 0.533203 0.214062 0.550391 0.214062 0.550391 0.232812 0.533203 0.232812
0 0.529297 0.184375 0.544531 0.184375 0.544531 0.206771 0.529297 0.206771
0 0.825391 0.029167 0.842969 0.029167 0.842969 0.060938 0.825391 0.060938
0 0.853906 0.033854 0.870703 0.033854 0.870703 0.0625 0.853906 0.0625
0 0.863281 0.001562 0.877344 0.001562 0.877344 0.022917 0.863281 0.022917
0 0.632812 0.298438 0.653516 0.298438 0.653516 0.322917 0.632812 0.322917
0 0.615625 0.35 0.632812 0.35 0.632812 0.383854 0.615625 0.383854
0 0.585938 0.342188 0.600391 0.342188 0.600391 0.364583 0.585938 0.364583
0 0.520703 0.290104 0.539844 0.290104 0.539844 0.319792 0.520703 0.319792
0 0.703906 0.280208 0.722266 0.280208 0.722266 0.302083 0.703906 0.302083
0 0.690625 0.315625 0.713281 0.315625 0.713281 0.344792 0.690625 0.344792
0 0.739453 0.336979 0.757422 0.336979 0.757422 0.369792 0.739453 0.369792
0 0.709375 0.348958 0.727734 0.348958 0.727734 0.372917 0.709375 0.372917
0 0.787891 0.341667 0.809766 0.341667 0.809766 0.361458 0.787891 0.361458
0 0.766406 0.344792 0.783594 0.344792 0.783594 0.367188 0.766406 0.367188
0 0.784766 0.288542 0.806641 0.288542 0.806641 0.308854 0.784766 0.308854
0 0.767578 0.383854 0.787109 0.383854 0.787109 0.405729 0.767578 0.405729
0 0.800781 0.386979 0.825 0.386979 0.825 0.416146 0.800781 0.416146
0 0.794531 0.426042 0.819922 0.426042 0.819922 0.45625 0.794531 0.45625
0 0.832031 0.476042 0.855859 0.476042 0.855859 0.497396 0.832031 0.497396
0 0.741016 0.439062 0.761328 0.439062 0.761328 0.466667 0.741016 0.466667
0 0.687891 0.44375 0.712109 0.44375 0.712109 0.467188 0.687891 0.467188
0 0.717578 0.469792 0.7375 0.469792 0.7375 0.496354 0.717578 0.496354
0 0.718359 0.389583 0.739062 0.389583 0.739062 0.411979 0.718359 0.411979
0 0.651953 0.361979 0.670312 0.361979 0.670312 0.386979 0.651953 0.386979
0 0.617578 0.401042 0.646875 0.401042 0.646875 0.423958 0.617578 0.423958
0 0.585938 0.384375 0.601562 0.384375 0.601562 0.411458 0.585938 0.411458
0 0.852734 0.569792 0.880859 0.569792 0.880859 0.59375 0.852734 0.59375
0 0.675391 0.4 0.694141 0.4 0.694141 0.427604 0.675391 0.427604
0 0.608984 0.451562 0.632422 0.451562 0.632422 0.475521 0.608984 0.475521
0 0.633203 0.469792 0.657422 0.469792 0.657422 0.489583 0.633203 0.489583
0 0.633984 0.503646 0.658984 0.503646 0.658984 0.524479 0.633984 0.524479
0 0.655469 0.535417 0.682812 0.535417 0.682812 0.552083 0.655469 0.552083
0 0.762109 0.549479 0.783984 0.549479 0.783984 0.570312 0.762109 0.570312
0 0.754688 0.581771 0.776172 0.581771 0.776172 0.602604 0.754688 0.602604
0 0.874219 0.65 0.898047 0.65 0.898047 0.670833 0.874219 0.670833
0 0.827344 0.619271 0.846094 0.619271 0.846094 0.645312 0.827344 0.645312
0 0.817969 0.650521 0.837109 0.650521 0.837109 0.675 0.817969 0.675
0 0.821484 0.6875 0.842969 0.6875 0.842969 0.708333 0.821484 0.708333
0 0.787891 0.671875 0.808203 0.671875 0.808203 0.703646 0.787891 0.703646
0 0.703516 0.586979 0.719141 0.586979 0.719141 0.609375 0.703516 0.609375
0 0.714062 0.634375 0.729297 0.634375 0.729297 0.6625 0.714062 0.6625
0 0.646875 0.593229 0.673438 0.593229 0.673438 0.615625 0.646875 0.615625
0 0.682812 0.604167 0.698438 0.604167 0.698438 0.627604 0.682812 0.627604
0 0.673438 0.65 0.688281 0.65 0.688281 0.679688 0.673438 0.679688
0 0.696875 0.68125 0.720312 0.68125 0.720312 0.703646 0.696875 0.703646
0 0.7125 0.719792 0.735938 0.719792 0.735938 0.743229 0.7125 0.743229
0 0.668359 0.701042 0.689844 0.701042 0.689844 0.719792 0.668359 0.719792
0 0.617188 0.657292 0.642578 0.657292 0.642578 0.686458 0.617188 0.686458
0 0.6375 0.701562 0.658984 0.701562 0.658984 0.726562 0.6375 0.726562
0 0.614062 0.617708 0.628125 0.617708 0.628125 0.640625 0.614062 0.640625
0 0.497266 0.347396 0.514844 0.347396 0.514844 0.374479 0.497266 0.374479
0 0.454688 0.369271 0.476172 0.369271 0.476172 0.395312 0.454688 0.395312
0 0.426172 0.385938 0.450391 0.385938 0.450391 0.406771 0.426172 0.406771
0 0.390234 0.384375 0.407812 0.384375 0.407812 0.416667 0.390234 0.416667
0 0.355078 0.402604 0.374609 0.402604 0.374609 0.427083 0.355078 0.427083
0 0.383203 0.442708 0.403125 0.442708 0.403125 0.474479 0.383203 0.474479
0 0.420312 0.41875 0.438281 0.41875 0.438281 0.440625 0.420312 0.440625
0 0.451172 0.453125 0.469141 0.453125 0.469141 0.476042 0.451172 0.476042
0 0.478906 0.434375 0.499219 0.434375 0.499219 0.463542 0.478906 0.463542
0 0.517578 0.424479 0.530859 0.424479 0.530859 0.454688 0.517578 0.454688
0 0.508594 0.476042 0.523047 0.476042 0.523047 0.503646 0.508594 0.503646
0 0.414062 0.458333 0.429297 0.458333 0.429297 0.486979 0.414062 0.486979
0 0.573438 0.522917 0.5875 0.522917 0.5875 0.552083 0.573438 0.552083
0 0.601953 0.534375 0.622656 0.534375 0.622656 0.554167 0.601953 0.554167
0 0.577344 0.559896 0.605469 0.559896 0.605469 0.583854 0.577344 0.583854
0 0.612891 0.569271 0.634766 0.569271 0.634766 0.588021 0.612891 0.588021
0 0.557422 0.613021 0.575781 0.613021 0.575781 0.636979 0.557422 0.636979
0 0.580859 0.652083 0.601953 0.652083 0.601953 0.677604 0.580859 0.677604
0 0.549219 0.639583 0.567188 0.639583 0.567188 0.668229 0.549219 0.668229
0 0.598828 0.704688 0.620312 0.704688 0.620312 0.729167 0.598828 0.729167
0 0.751953 0.742708 0.773438 0.742708 0.773438 0.770312 0.751953 0.770312
0 0.674609 0.740625 0.692578 0.740625 0.692578 0.774479 0.674609 0.774479
0 0.722656 0.765625 0.741406 0.765625 0.741406 0.797396 0.722656 0.797396
0 0.703906 0.823958 0.720703 0.823958 0.720703 0.852604 0.703906 0.852604
0 0.574609 0.841146 0.595312 0.841146 0.595312 0.865625 0.574609 0.865625
0 0.505469 0.810938 0.533203 0.810938 0.533203 0.833854 0.505469 0.833854
0 0.519922 0.853125 0.540234 0.853125 0.540234 0.876562 0.519922 0.876562
0 0.600781 0.890625 0.624219 0.890625 0.624219 0.916667 0.600781 0.916667
0 0.644141 0.788021 0.664844 0.788021 0.664844 0.809896 0.644141 0.809896
0 0.556641 0.676042 0.577734 0.676042 0.577734 0.697917 0.556641 0.697917
0 0.094141 0.421875 0.114062 0.421875 0.114062 0.439583 0.094141 0.439583
0 0.188672 0.429167 0.210547 0.429167 0.210547 0.448438 0.188672 0.448438
0 0.278125 0.559375 0.303906 0.559375 0.303906 0.582292 0.278125 0.582292
0 0.321484 0.553646 0.344141 0.553646 0.344141 0.575 0.321484 0.575
0 0.369922 0.604167 0.394141 0.604167 0.394141 0.628646 0.369922 0.628646
0 0.314062 0.590625 0.338281 0.590625 0.338281 0.610938 0.314062 0.610938
0 0.399219 0.594271 0.419141 0.594271 0.419141 0.621875 0.399219 0.621875
0 0.403125 0.638542 0.424219 0.638542 0.424219 0.671354 0.403125 0.671354
0 0.24375 0.231771 0.261328 0.231771 0.261328 0.253646 0.24375 0.253646
0 0.365234 0.670312 0.391406 0.670312 0.391406 0.69375 0.365234 0.69375
0 0.346484 0.575521 0.372266 0.575521 0.372266 0.602083 0.346484 0.602083
0 0.308594 0.630729 0.333203 0.630729 0.333203 0.654167 0.308594 0.654167
0 0.310156 0.677604 0.335938 0.677604 0.335938 0.703125 0.310156 0.703125
0 0.379688 0.736458 0.404688 0.736458 0.404688 0.758854 0.379688 0.758854
0 0.394922 0.834896 0.419922 0.834896 0.419922 0.857292 0.394922 0.857292
0 0.363281 0.785938 0.386328 0.785938 0.386328 0.809896 0.363281 0.809896
0 0.322656 0.734896 0.346484 0.734896 0.346484 0.760417 0.322656 0.760417
0 0.271484 0.64375 0.296094 0.64375 0.296094 0.667188 0.271484 0.667188
0 0.266016 0.691146 0.294922 0.691146 0.294922 0.710938 0.266016 0.710938
0 0.252734 0.719271 0.272266 0.719271 0.272266 0.743229 0.252734 0.743229
0 0.326562 0.791146 0.348438 0.791146 0.348438 0.811979 0.326562 0.811979
0 0.344922 0.83125 0.366797 0.83125 0.366797 0.85 0.344922 0.85
0 0.389844 0.865625 0.409766 0.865625 0.409766 0.894792 0.389844 0.894792
0 0.367188 0.851562 0.383594 0.851562 0.383594 0.8875 0.367188 0.8875
0 0.389844 0.902083 0.408203 0.902083 0.408203 0.932292 0.389844 0.932292
0 0.586719 0.809375 0.605859 0.809375 0.605859 0.832812 0.586719 0.832812
0 0.619531 0.865104 0.637891 0.865104 0.637891 0.886979 0.619531 0.886979
0 0.641406 0.885938 0.660156 0.885938 0.660156 0.903125 0.641406 0.903125
0 0.603516 0.948438 0.627734 0.948438 0.627734 0.983854 0.603516 0.983854
0 0.555078 0.928125 0.579297 0.928125 0.579297 0.948438 0.555078 0.948438
0 0.526172 0.952604 0.545312 0.952604 0.545312 0.967708 0.526172 0.967708
0 0.489062 0.94375 0.503125 0.94375 0.503125 0.96875 0.489062 0.96875
0 0.475781 0.827083 0.500391 0.827083 0.500391 0.851562 0.475781 0.851562
0 0.450781 0.835938 0.466016 0.835938 0.466016 0.865104 0.450781 0.865104
0 0.016406 0.593229 0.040234 0.593229 0.040234 0.620312 0.016406 0.620312
0 0.003516 0.640104 0.021094 0.640104 0.021094 0.674479 0.003516 0.674479
0 0.065625 0.655208 0.090234 0.655208 0.090234 0.677604 0.065625 0.677604
0 0.046484 0.698958 0.066016 0.698958 0.066016 0.727083 0.046484 0.727083
0 0.069531 0.71875 0.091797 0.71875 0.091797 0.740104 0.069531 0.740104
0 0.271094 0.317188 0.290625 0.317188 0.290625 0.342188 0.271094 0.342188
0 0.271875 0.357292 0.288281 0.357292 0.288281 0.378125 0.271875 0.378125
0 0.246875 0.347396 0.264062 0.347396 0.264062 0.364062 0.246875 0.364062
0 0.225 0.321875 0.244531 0.321875 0.244531 0.343229 0.225 0.343229
0 0.204297 0.878646 0.221094 0.878646 0.221094 0.911979 0.204297 0.911979
0 0.111719 0.884896 0.130859 0.884896 0.130859 0.900521 0.111719 0.900521
0 0.083594 0.785417 0.097656 0.785417 0.097656 0.811979 0.083594 0.811979
0 0.032031 0.784375 0.047656 0.784375 0.047656 0.8125 0.032031 0.8125
0 0.014062 0.830208 0.027734 0.830208 0.027734 0.858333 0.014062 0.858333
0 0.041016 0.851562 0.063672 0.851562 0.063672 0.866667 0.041016 0.866667
0 0.080469 0.929688 0.101172 0.929688 0.101172 0.946875 0.080469 0.946875
0 0.354297 0.928125 0.376953 0.928125 0.376953 0.946875 0.354297 0.946875
0 0.232812 0.896875 0.25625 0.896875 0.25625 0.916667 0.232812 0.916667
0 0.281641 0.983854 0.303516 0.983854 0.303516 0.999479 0.281641 0.999479