0 0.177734 0.051042 0.202344 0.051042 0.202344 0.079688 0.177734 0.079688
0 0.242188 0.086458 0.263281 0.086458 0.263281 0.111458 0.242188 0.111458
0 0.205078 0.109896 0.225391 0.109896 0.225391 0.13125 0.205078 0.13125
0 0.230078 0.141146 0.254297 0.141146 0.254297 0.161458 0.230078 0.161458
0 0.170703 0.138542 0.197656 0.138542 0.197656 0.160938 0.170703 0.160938
0 0.264844 0.129167 0.284766 0.129167 0.284766 0.152083 0.264844 0.152083
0 0.291797 0.076042 0.307422 0.076042 0.307422 0.105208 0.291797 0.105208
0 0.240625 0.028646 0.2625 0.028646 0.2625 0.056771 0.240625 0.056771
0 0.142969 0.041667 0.164453 0.041667 0.164453 0.066667 0.142969 0.066667
0 0.149609 0.184896 0.172656 0.184896 0.172656 0.208854 0.149609 0.208854
0 0.196875 0.197917 0.220703 0.197917 0.220703 0.218229 0.196875 0.218229
0 0.235156 0.211979 0.258984 0.211979 0.258984 0.234375 0.235156 0.234375
0 0.149609 0.236979 0.168359 0.236979 0.168359 0.261458 0.149609 0.261458
0 0.178125 0.236458 0.195312 0.236458 0.195312 0.266667 0.178125 0.266667
0 0.209766 0.272917 0.231641 0.272917 0.231641 0.294792 0.209766 0.294792
0 0.236719 0.245312 0.255078 0.245312 0.255078 0.267708 0.236719 0.267708
0 0.373047 0.047917 0.392578 0.047917 0.392578 0.073958 0.373047 0.073958
0 0.322266 0.013542 0.341016 0.013542 0.341016 0.042188 0.322266 0.042188
0 0.365234 0.0 0.385547 0.0 0.385547 0.016667 0.365234 0.016667
0 0.408594 0.013542 0.428125 0.013542 0.428125 0.040104 0.408594 0.040104
0 0.335547 0.092188 0.35625 0.092188 0.35625 0.114062 0.335547 0.114062
0 0.353906 0.121875 0.372266 0.121875 0.372266 0.146875 0.353906 0.146875
0 0.392969 0.110417 0.411719 0.110417 0.411719 0.141667 0.392969 0.141667
0 0.334375 0.161458 0.359766 0.161458 0.359766 0.184896 0.334375 0.184896
0 0.303516 0.144271 0.317578 0.144271 0.317578 0.172917 0.303516 0.172917
0 0.272656 0.175521 0.29375 0.175521 0.29375 0.20625 0.272656 0.20625
0 0.307812 0.201042 0.328516 0.201042 0.328516 0.227604 0.307812 0.227604
0 0.276172 0.229688 0.297656 0.229688 0.297656 0.250521 0.276172 0.250521
0 0.352734 0.227083 0.376953 0.227083 0.376953 0.247396 0.352734 0.247396
0 0.010938 0.326562 0.032812 0.326562 0.032812 0.349479 0.010938 0.349479
0 0.175391 0.298958 0.193359 0.298958 0.193359 0.329688 0.175391 0.329688
0 0.208984 0.310417 0.228516 0.310417 0.228516 0.339062 0.208984 0.339062
0 0.379688 0.190104 0.401953 0.190104 0.401953 0.215625 0.379688 0.215625
0 0.372656 0.240625 0.393359 0.240625 0.393359 0.263542 0.372656 0.263542
0 0.372656 0.269792 0.392188 0.269792 0.392188 0.292188 0.372656 0.292188
0 0.268359 0.26875 0.289844 0.26875 0.289844 0.294792 0.268359 0.294792
0 0.296094 0.277083 0.311719 0.277083 0.311719 0.305208 0.296094 0.305208
0 0.318359 0.291667 0.341016 0.291667 0.341016 0.319271 0.318359 0.319271
0 0.245312 0.309896 0.265625 0.309896 0.265625 0.335417 0.245312 0.335417
0 0.228906 0.342188 0.252344 0.342188 0.252344 0.364062 0.228906 0.364062
0 0.290234 0.354167 0.315625 0.354167 0.315625 0.377083 0.290234 0.377083
0 0.404297 0.306771 0.423438 0.306771 0.423438 0.332812 0.404297 0.332812
0 0.41875 0.249479 0.444141 0.249479 0.444141 0.271354 0.41875 0.271354
0 0.451953 0.317708 0.46875 0.317708 0.46875 0.345833 0.451953 0.345833
0 0.460547 0.355729 0.482812 0.355729 0.482812 0.382812 0.460547 0.382812
0 0.414453 0.386979 0.439062 0.386979 0.439062 0.411458 0.414453 0.411458
0 0.411719 0.339062 0.432812 0.339062 0.432812 0.366146 0.411719 0.366146
0 0.503516 0.260417 0.526562 0.260417 0.526562 0.303646 0.503516 0.303646
0 0.228906 0.373438 0.251172 0.373438 0.251172 0.396354 0.228906 0.396354
0 0.296094 0.385417 0.321094 0.385417 0.321094 0.407812 0.296094 0.407812
0 0.386328 0.420833 0.404688 0.420833 0.404688 0.442708 0.386328 0.442708
0 0.388281 0.454167 0.411328 0.454167 0.411328 0.486458 0.388281 0.486458
0 0.098438 0.407812 0.120312 0.407812 0.120312 0.440625 0.098438 0.440625
0 0.152344 0.445312 0.171094 0.445312 0.171094 0.467708 0.152344 0.467708
0 0.178516 0.434375 0.193359 0.434375 0.193359 0.460938 0.178516 0.460938
0 0.204688 0.460417 0.219531 0.460417 0.219531 0.488021 0.204688 0.488021
0 0.241797 0.480208 0.263672 0.480208 0.263672 0.506771 0.241797 0.506771
0 0.267188 0.501562 0.282031 0.501562 0.282031 0.53125 0.267188 0.53125
0 0.217969 0.515104 0.236719 0.515104 0.236719 0.541146 0.217969 0.541146
0 0.182422 0.503125 0.2 0.503125 0.2 0.530729 0.182422 0.530729
0 0.157812 0.500521 0.175 0.500521 0.175 0.521875 0.157812 0.521875
0 0.139453 0.476562 0.154297 0.476562 0.154297 0.509896 0.139453 0.509896
0 0.106641 0.470833 0.124609 0.470833 0.124609 0.503125 0.106641 0.503125
0 0.073438 0.488021 0.09375 0.488021 0.09375 0.516146 0.073438 0.516146
0 0.050391 0.44375 0.071484 0.44375 0.071484 0.477083 0.050391 0.477083
0 0.023047 0.463542 0.044922 0.463542 0.044922 0.484896 0.023047 0.484896
0 0.036719 0.483333 0.055078 0.483333 0.055078 0.511458 0.036719 0.511458
0 0.026953 0.522917 0.053516 0.522917 0.053516 0.552083 0.026953 0.552083
0 0.061328 0.532812 0.077344 0.532812 0.077344 0.560938 0.061328 0.560938
0 0.099609 0.515104 0.121875 0.515104 0.121875 0.542708 0.099609 0.542708
0 0.139453 0.526562 0.158594 0.526562 0.158594 0.560417 0.139453 0.560417
0 0.018359 0.569271 0.036719 0.569271 0.036719 0.590625 0.018359 0.590625
0 0.005859 0.592188 0.030469 0.592188 0.030469 0.614583 0.005859 0.614583
0 0.0 0.626562 0.025781 0.626562 0.025781 0.652604 0.0 0.652604
0 0.054688 0.579688 0.076172 0.579688 0.076172 0.609896 0.054688 0.609896
0 0.094141 0.561979 0.109375 0.561979 0.109375 0.584896 0.094141 0.584896
0 0.110156 0.591146 0.134766 0.591146 0.134766 0.619271 0.110156 0.619271
0 0.146484 0.598438 0.165234 0.598438 0.165234 0.619271 0.146484 0.619271
0 0.094531 0.636458 0.111328 0.636458 0.111328 0.669792 0.094531 0.669792
0 0.117578 0.640625 0.133984 0.640625 0.133984 0.672396 0.117578 0.672396
0 0.049219 0.643229 0.070703 0.643229 0.070703 0.670312 0.049219 0.670312
0 0.030078 0.651042 0.046094 0.651042 0.046094 0.671875 0.030078 0.671875
0 0.008594 0.680729 0.030469 0.680729 0.030469 0.707812 0.008594 0.707812
0 0.013672 0.713542 0.033203 0.713542 0.033203 0.733333 0.013672 0.733333
0 0.033203 0.736979 0.051172 0.736979 0.051172 0.755729 0.033203 0.755729
0 0.060547 0.704167 0.077734 0.704167 0.077734 0.728646 0.060547 0.728646
0 0.073438 0.731771 0.100781 0.731771 0.100781 0.748958 0.073438 0.748958
0 0.06875 0.761979 0.086328 0.761979 0.086328 0.791667 0.06875 0.791667
0 0.098438 0.763021 0.122266 0.763021 0.122266 0.796875 0.098438 0.796875
0 0.117969 0.701042 0.135938 0.701042 0.135938 0.729688 0.117969 0.729688
0 0.135547 0.731771 0.153516 0.731771 0.153516 0.757812 0.135547 0.757812
0 0.152734 0.693229 0.171094 0.693229 0.171094 0.720312 0.152734 0.720312
0 0.015234 0.889062 0.030469 0.889062 0.030469 0.911979 0.015234 0.911979
0 0.035938 0.894271 0.058203 0.894271 0.058203 0.914583 0.035938 0.914583
0 0.059375 0.926042 0.080078 0.926042 0.080078 0.95 0.059375 0.95
0 0.016797 0.919792 0.04375 0.919792 0.04375 0.947396 0.016797 0.947396
0 0.037109 0.961458 0.055859 0.961458 0.055859 0.990104 0.037109 0.990104
0 0.002734 0.955208 0.025781 0.955208 0.025781 0.9875 0.002734 0.9875
0 0.090234 0.943229 0.107422 0.943229 0.107422 0.973958 0.090234 0.973958
0 0.133594 0.946354 0.153125 0.946354 0.153125 0.973958 0.133594 0.973958
0 0.061328 0.982812 0.079297 0.982812 0.079297 0.999479 0.061328 0.999479
0 0.158984 0.558854 0.178516 0.558854 0.178516 0.585938 0.158984 0.585938
0 0.192188 0.560417 0.214453 0.560417 0.214453 0.585938 0.192188 0.585938
0 0.207812 0.592708 0.229297 0.592708 0.229297 0.616146 0.207812 0.616146
0 0.177734 0.608854 0.197656 0.608854 0.197656 0.638542 0.177734 0.638542
0 0.215234 0.628646 0.233203 0.628646 0.233203 0.652083 0.215234 0.652083
0 0.188672 0.664062 0.205078 0.664062 0.205078 0.689583 0.188672 0.689583
0 0.235547 0.652604 0.251563 0.652604 0.251563 0.677083 0.235547 0.677083
0 0.286328 0.642188 0.305469 0.642188 0.305469 0.666146 0.286328 0.666146
0 0.298828 0.68125 0.321094 0.68125 0.321094 0.698958 0.298828 0.698958
0 0.305859 0.709375 0.326953 0.709375 0.326953 0.733854 0.305859 0.733854
0 0.260547 0.701562 0.279297 0.701562 0.279297 0.740625 0.260547 0.740625
0 0.1375 0.794792 0.155078 0.794792 0.155078 0.825 0.1375 0.825
0 0.169531 0.813542 0.189844 0.813542 0.189844 0.836458 0.169531 0.836458
0 0.184766 0.780208 0.203516 0.780208 0.203516 0.810938 0.184766 0.810938
0 0.153516 0.76875 0.169531 0.76875 0.169531 0.795312 0.153516 0.795312
0 0.195312 0.721875 0.214844 0.721875 0.214844 0.745312 0.195312 0.745312
0 0.229297 0.723958 0.247266 0.723958 0.247266 0.75 0.229297 0.75
0 0.246094 0.753646 0.264844 0.753646 0.264844 0.780208 0.246094 0.780208
0 0.269531 0.778125 0.284766 0.778125 0.284766 0.804688 0.269531 0.804688
0 0.255859 0.809375 0.274609 0.809375 0.274609 0.827083 0.255859 0.827083
0 0.229688 0.810417 0.244141 0.810417 0.244141 0.840625 0.229688 0.840625
0 0.262109 0.914062 0.284766 0.914062 0.284766 0.934896 0.262109 0.934896
0 0.271094 0.877083 0.291797 0.877083 0.291797 0.898438 0.271094 0.898438
0 0.299609 0.886458 0.315625 0.886458 0.315625 0.909896 0.299609 0.909896
0 0.297656 0.944792 0.314453 0.944792 0.314453 0.969792 0.297656 0.969792
0 0.325 0.936979 0.345703 0.936979 0.345703 0.960417 0.325 0.960417
0 0.342969 0.898438 0.363281 0.898438 0.363281 0.922917 0.342969 0.922917
0 0.332812 0.845312 0.357031 0.845312 0.357031 0.874479 0.332812 0.874479
0 0.317969 0.779167 0.335938 0.779167 0.335938 0.806771 0.317969 0.806771
0 0.285547 0.756771 0.303125 0.756771 0.303125 0.782292 0.285547 0.782292
0 0.326562 0.964583 0.346875 0.964583 0.346875 0.984375 0.326562 0.984375
0 0.383984 0.945312 0.407422 0.945312 0.407422 0.975521 0.383984 0.975521
0 0.423828 0.943229 0.444922 0.943229 0.444922 0.968229 0.423828 0.968229
0 0.393359 0.901042 0.414062 0.901042 0.414062 0.929167 0.393359 0.929167
0 0.430469 0.891146 0.447266 0.891146 0.447266 0.923958 0.430469 0.923958
0 0.455469 0.884896 0.471484 0.884896 0.471484 0.915625 0.455469 0.915625
0 0.475 0.972917 0.492188 0.972917 0.492188 0.999479 0.475 0.999479
0 0.417578 0.982812 0.439062 0.982812 0.439062 0.999479 0.417578 0.999479
0 0.214453 0.771875 0.230859 0.771875 0.230859 0.798958 0.214453 0.798958
0 0.246094 0.56875 0.263672 0.56875 0.263672 0.594271 0.246094 0.594271
0 0.372656 0.559375 0.389453 0.559375 0.389453 0.584896 0.372656 0.584896
0 0.367969 0.589062 0.386328 0.589062 0.386328 0.625 0.367969 0.625
0 0.345312 0.602083 0.362109 0.602083 0.362109 0.629688 0.345312 0.629688
0 0.326953 0.588542 0.344922 0.588542 0.344922 0.617708 0.326953 0.617708
0 0.346484 0.641667 0.367188 0.641667 0.367188 0.664583 0.346484 0.664583
0 0.377344 0.658854 0.401562 0.658854 0.401562 0.683333 0.377344 0.683333
0 0.383594 0.619792 0.404297 0.619792 0.404297 0.644271 0.383594 0.644271
0 0.412109 0.627604 0.428906 0.627604 0.428906 0.657812 0.412109 0.657812
0 0.429297 0.673958 0.446484 0.673958 0.446484 0.705208 0.429297 0.705208
0 0.355078 0.69375 0.379688 0.69375 0.379688 0.730208 0.355078 0.730208
0 0.398438 0.698958 0.420312 0.698958 0.420312 0.738542 0.398438 0.738542
0 0.445703 0.742188 0.4625 0.742188 0.4625 0.770312 0.445703 0.770312
0 0.434766 0.70625 0.457812 0.70625 0.457812 0.730208 0.434766 0.730208
0 0.476172 0.70625 0.496094 0.70625 0.496094 0.729167 0.476172 0.729167
0 0.513281 0.733333 0.528516 0.733333 0.528516 0.767708 0.513281 0.767708
0 0.464062 0.764583 0.483203 0.764583 0.483203 0.79375 0.464062 0.79375
0 0.489844 0.778125 0.505469 0.778125 0.505469 0.807812 0.489844 0.807812
0 0.428125 0.778646 0.445312 0.778646 0.445312 0.802083 0.428125 0.802083
0 0.415625 0.734375 0.435547 0.734375 0.435547 0.764062 0.415625 0.764062
0 0.377734 0.766667 0.396875 0.766667 0.396875 0.789583 0.377734 0.789583
0 0.378906 0.802083 0.396484 0.802083 0.396484 0.820833 0.378906 0.820833
0 0.364453 0.839062 0.379297 0.839062 0.379297 0.857812 0.364453 0.857812
0 0.390625 0.831771 0.4 0.831771 0.4 0.853646 0.390625 0.853646
0 0.4 0.823438 0.409766 0.823438 0.409766 0.852083 0.4 0.852083
0 0.330469 0.880729 0.348438 0.880729 0.348438 0.895833 0.330469 0.895833
0 0.435547 0.842188 0.451953 0.842188 0.451953 0.874479 0.435547 0.874479
0 0.481641 0.873438 0.497656 0.873438 0.497656 0.903125 0.481641 0.903125
0 0.533203 0.902083 0.550781 0.902083 0.550781 0.929688 0.533203 0.929688
0 0.565625 0.894792 0.580078 0.894792 0.580078 0.925521 0.565625 0.925521
0 0.547656 0.846354 0.567969 0.846354 0.567969 0.872917 0.547656 0.872917
0 0.588672 0.857292 0.60625 0.857292 0.60625 0.890104 0.588672 0.890104
0 0.622266 0.860417 0.6375 0.860417 0.6375 0.891667 0.622266 0.891667
0 0.649219 0.8625 0.671484 0.8625 0.671484 0.89375 0.649219 0.89375
0 0.622656 0.958333 0.65 0.958333 0.65 0.988021 0.622656 0.988021
0 0.479297 0.024479 0.501172 0.024479 0.501172 0.050521 0.479297 0.050521
0 0.418359 0.094271 0.436328 0.094271 0.436328 0.125521 0.418359 0.125521
0 0.447266 0.117708 0.463281 0.117708 0.463281 0.144792 0.447266 0.144792
0 0.469141 0.091667 0.486328 0.091667 0.486328 0.120312 0.469141 0.120312
0 0.490234 0.135938 0.50625 0.135938 0.50625 0.168229 0.490234 0.168229
0 0.463281 0.161458 0.483203 0.161458 0.483203 0.190625 0.463281 0.190625
0 0.425781 0.156771 0.446484 0.156771 0.446484 0.185938 0.425781 0.185938
0 0.510156 0.152604 0.526953 0.152604 0.526953 0.182292 0.510156 0.182292
0 0.573047 0.104167 0.594531 0.104167 0.594531 0.134375 0.573047 0.134375
0 0.568359 0.070312 0.589062 0.070312 0.589062 0.096354 0.568359 0.096354
0 0.499219 0.049479 0.519922 0.049479 0.519922 0.06875 0.499219 0.06875
0 0.555469 0.1625 0.577344 0.1625 0.577344 0.196354 0.555469 0.196354
0 0.573438 0.007812 0.594141 0.007812 0.594141 0.029167 0.573438 0.029167
0 0.650781 0.0 0.671875 0.0 0.671875 0.027083 0.650781 0.027083
0 0.625781 0.019792 0.645312 0.019792 0.645312 0.045312 0.625781 0.045312
0 0.633984 0.05 0.654297 0.05 0.654297 0.078646 0.633984 0.078646
0 0.601562 0.071875 0.620312 0.071875 0.620312 0.105729 0.601562 0.105729
0 0.665234 0.05625 0.686719 0.05625 0.686719 0.086979 0.665234 0.086979
0 0.708594 0.0 0.726172 0.0 0.726172 0.022917 0.708594 0.022917
0 0.737891 0.021875 0.75625 0.021875 0.75625 0.046354 0.737891 0.046354
0 0.737109 0.052604 0.751953 0.052604 0.751953 0.08125 0.737109 0.08125
0 0.717188 0.05625 0.735547 0.05625 0.735547 0.075 0.717188 0.075
0 0.644531 0.144271 0.668359 0.144271 0.668359 0.169792 0.644531 0.169792
0 0.583594 0.196354 0.601562 0.196354 0.601562 0.218229 0.583594 0.218229
0 0.633984 0.21875 0.651172 0.21875 0.651172 0.236979 0.633984 0.236979
0 0.604688 0.16875 0.61875 0.16875 0.61875 0.184375 0.604688 0.184375
0 0.639453 0.178646 0.657812 0.178646 0.657812 0.196354 0.639453 0.196354
0 0.636328 0.082292 0.655859 0.082292 0.655859 0.113021 0.636328 0.113021
0 0.567969 0.225521 0.594531 0.225521 0.594531 0.245312 0.567969 0.245312
0 0.628516 0.275 0.652734 0.275 0.652734 0.293229 0.628516 0.293229
0 0.661328 0.246354 0.686719 0.246354 0.686719 0.267188 0.661328 0.267188
0 0.685938 0.201562 0.705469 0.201562 0.705469 0.222917 0.685938 0.222917
0 0.682031 0.280208 0.703516 0.280208 0.703516 0.305729 0.682031 0.305729
0 0.6125 0.309375 0.638281 0.309375 0.638281 0.336458 0.6125 0.336458
0 0.640234 0.347396 0.662109 0.347396 0.662109 0.373958 0.640234 0.373958
0 0.620703 0.369792 0.639062 0.369792 0.639062 0.394271 0.620703 0.394271
0 0.583594 0.38125 0.600781 0.38125 0.600781 0.411979 0.583594 0.411979
0 0.560547 0.345312 0.579688 0.345312 0.579688 0.368229 0.560547 0.368229
0 0.545312 0.369792 0.564453 0.369792 0.564453 0.39375 0.545312 0.39375
0 0.516406 0.342188 0.532031 0.342188 0.532031 0.378646 0.516406 0.378646
0 0.553906 0.408854 0.577734 0.408854 0.577734 0.43125 0.553906 0.43125
0 0.635547 0.389583 0.657031 0.389583 0.657031 0.414062 0.635547 0.414062
0 0.668359 0.373958 0.688281 0.373958 0.688281 0.404167 0.668359 0.404167
0 0.417969 0.478125 0.435156 0.478125 0.435156 0.500521 0.417969 0.500521
0 0.455078 0.458333 0.471094 0.458333 0.471094 0.486458 0.455078 0.486458
0 0.471094 0.430208 0.486719 0.430208 0.486719 0.458854 0.471094 0.458854
0 0.436719 0.431771 0.453516 0.431771 0.453516 0.454167 0.436719 0.454167
0 0.498047 0.445833 0.5125 0.445833 0.5125 0.474479 0.498047 0.474479
0 0.513281 0.458333 0.531641 0.458333 0.531641 0.488021 0.513281 0.488021
0 0.5375 0.430208 0.551172 0.430208 0.551172 0.458854 0.5375 0.458854
0 0.562109 0.447917 0.582031 0.447917 0.582031 0.473438 0.562109 0.473438
0 0.561719 0.483854 0.588281 0.483854 0.588281 0.507812 0.561719 0.507812
0 0.465625 0.520312 0.484766 0.520312 0.484766 0.545312 0.465625 0.545312
0 0.539453 0.778646 0.558203 0.778646 0.558203 0.808333 0.539453 0.808333
0 0.564844 0.757812 0.580469 0.757812 0.580469 0.788542 0.564844 0.788542
0 0.588281 0.778646 0.601562 0.778646 0.601562 0.8125 0.588281 0.8125
0 0.6125 0.807292 0.632422 0.807292 0.632422 0.830729 0.6125 0.830729
0 0.638281 0.795312 0.658984 0.795312 0.658984 0.828125 0.638281 0.828125
0 0.592188 0.716667 0.610938 0.716667 0.610938 0.749479 0.592188 0.749479
0 0.551172 0.71875 0.568359 0.71875 0.568359 0.750521 0.551172 0.750521
0 0.625781 0.733854 0.645312 0.733854 0.645312 0.765625 0.625781 0.765625
0 0.650391 0.742188 0.66875 0.742188 0.66875 0.777604 0.650391 0.777604
0 0.651953 0.909896 0.680078 0.909896 0.680078 0.941146 0.651953 0.941146
0 0.658594 0.978646 0.679297 0.978646 0.679297 0.999479 0.658594 0.999479
0 0.71875 0.894792 0.745703 0.894792 0.745703 0.921354 0.71875 0.921354
0 0.709375 0.860417 0.73125 0.860417 0.73125 0.882812 0.709375 0.882812
0 0.753516 0.840104 0.776953 0.840104 0.776953 0.864583 0.753516 0.864583
0 0.739062 0.821875 0.759375 0.821875 0.759375 0.850521 0.739062 0.850521
0 0.70625 0.823958 0.732031 0.823958 0.732031 0.845833 0.70625 0.845833
0 0.700391 0.799479 0.722656 0.799479 0.722656 0.822917 0.700391 0.822917
0 0.735156 0.795312 0.760547 0.795312 0.760547 0.820312 0.735156 0.820312
0 0.777734 0.845833 0.797656 0.845833 0.797656 0.873438 0.777734 0.873438
0 0.771875 0.928125 0.792969 0.928125 0.792969 0.951042 0.771875 0.951042
0 0.735156 0.955208 0.763281 0.955208 0.763281 0.976562 0.735156 0.976562
0 0.798047 0.91875 0.816406 0.91875 0.816406 0.942708 0.798047 0.942708
0 0.780078 0.884375 0.803516 0.884375 0.803516 0.910938 0.780078 0.910938
0 0.692188 0.978646 0.716797 0.978646 0.716797 0.999479 0.692188 0.999479
0 0.677734 0.771875 0.697266 0.771875 0.697266 0.808333 0.677734 0.808333
0 0.705859 0.766146 0.725781 0.766146 0.725781 0.786979 0.705859 0.786979
0 0.762109 0.039583 0.78125 0.039583 0.78125 0.073438 0.762109 0.073438
0 0.822656 0.066146 0.838281 0.066146 0.838281 0.097396 0.822656 0.097396
0 0.853125 0.06875 0.871484 0.06875 0.871484 0.096875 0.853125 0.096875
0 0.875781 0.063021 0.893359 0.063021 0.893359 0.094271 0.875781 0.094271
0 0.787109 0.045312 0.805469 0.045312 0.805469 0.071875 0.787109 0.071875
0 0.903906 0.022917 0.923438 0.022917 0.923438 0.05 0.903906 0.05
0 0.937891 0.032812 0.958203 0.032812 0.958203 0.060417 0.937891 0.060417
0 0.954297 0.051562 0.977734 0.051562 0.977734 0.078646 0.954297 0.078646
0 0.917188 0.061979 0.937891 0.061979 0.937891 0.089062 0.917188 0.089062
0 0.945703 0.083333 0.967578 0.083333 0.967578 0.113542 0.945703 0.113542
0 0.973828 0.090104 0.9875 0.090104 0.9875 0.123438 0.973828 0.123438
0 0.919141 0.107292 0.936328 0.107292 0.936328 0.134896 0.919141 0.134896
0 0.733594 0.1125 0.753516 0.1125 0.753516 0.141146 0.733594 0.141146
0 0.779297 0.111979 0.799609 0.111979 0.799609 0.145312 0.779297 0.145312
0 0.809766 0.104167 0.824609 0.104167 0.824609 0.134375 0.809766 0.134375
0 0.841797 0.109375 0.858594 0.109375 0.858594 0.142188 0.841797 0.142188
0 0.780078 0.15 0.798828 0.15 0.798828 0.176562 0.780078 0.176562
0 0.729688 0.174479 0.745703 0.174479 0.745703 0.203646 0.729688 0.203646
0 0.812891 0.173958 0.833984 0.173958 0.833984 0.2 0.812891 0.2
0 0.850391 0.184896 0.869922 0.184896 0.869922 0.213021 0.850391 0.213021
0 0.864062 0.1625 0.884375 0.1625 0.884375 0.188021 0.864062 0.188021
0 0.889062 0.134896 0.905469 0.134896 0.905469 0.167188 0.889062 0.167188
0 0.914453 0.148958 0.939062 0.148958 0.939062 0.182812 0.914453 0.182812
0 0.758984 0.144792 0.774609 0.144792 0.774609 0.176042 0.758984 0.176042
0 0.713672 0.117708 0.727734 0.117708 0.727734 0.15 0.713672 0.15
0 0.945703 0.142188 0.964062 0.142188 0.964062 0.169271 0.945703 0.169271
0 0.976953 0.1375 0.99375 0.1375 0.99375 0.166146 0.976953 0.166146
0 0.966406 0.182812 0.985938 0.182812 0.985938 0.214062 0.966406 0.214062
0 0.909766 0.209375 0.932812 0.209375 0.932812 0.232292 0.909766 0.232292
0 0.960156 0.235417 0.983984 0.235417 0.983984 0.258854 0.960156 0.258854
0 0.827734 0.222396 0.848438 0.222396 0.848438 0.241667 0.827734 0.241667
0 0.875 0.228125 0.898438 0.228125 0.898438 0.263542 0.875 0.263542
0 0.914844 0.245833 0.941406 0.245833 0.941406 0.271354 0.914844 0.271354
0 0.95625 0.269792 0.975 0.269792 0.975 0.288542 0.95625 0.288542
0 0.925391 0.288542 0.944922 0.288542 0.944922 0.308854 0.925391 0.308854
0 0.951172 0.308854 0.975 0.308854 0.975 0.334375 0.951172 0.334375
0 0.796094 0.244271 0.819141 0.244271 0.819141 0.264583 0.796094 0.264583
0 0.844922 0.261979 0.867578 0.261979 0.867578 0.289062 0.844922 0.289062
0 0.856641 0.308333 0.876562 0.308333 0.876562 0.34375 0.856641 0.34375
0 0.880859 0.296875 0.898438 0.296875 0.898438 0.333854 0.880859 0.333854
0 0.9 0.320312 0.916016 0.320312 0.916016 0.348958 0.9 0.348958
0 0.921875 0.320312 0.941406 0.320312 0.941406 0.344792 0.921875 0.344792
0 0.95625 0.335938 0.978516 0.335938 0.978516 0.357812 0.95625 0.357812
0 0.952344 0.361979 0.974219 0.361979 0.974219 0.386458 0.952344 0.386458
0 0.907812 0.357812 0.930469 0.357812 0.930469 0.38125 0.907812 0.38125
0 0.869141 0.347396 0.890234 0.347396 0.890234 0.376562 0.869141 0.376562
0 0.7875 0.293229 0.807812 0.293229 0.807812 0.322396 0.7875 0.322396
0 0.816016 0.303125 0.836328 0.303125 0.836328 0.329167 0.816016 0.329167
0 0.764844 0.308333 0.783984 0.308333 0.783984 0.333333 0.764844 0.333333
0 0.767188 0.342708 0.791797 0.342708 0.791797 0.367708 0.767188 0.367708
0 0.717578 0.308333 0.742578 0.308333 0.742578 0.335938 0.717578 0.335938
0 0.848047 0.373438 0.861719 0.373438 0.861719 0.396354 0.848047 0.396354
0 0.862891 0.398438 0.887891 0.398438 0.887891 0.423438 0.862891 0.423438
0 0.900391 0.396875 0.920703 0.396875 0.920703 0.421354 0.900391 0.421354
0 0.934766 0.398438 0.958594 0.398438 0.958594 0.421354 0.934766 0.421354
0 0.960156 0.417188 0.98125 0.417188 0.98125 0.435417 0.960156 0.435417
0 0.864844 0.441146 0.89375 0.441146 0.89375 0.46875 0.864844 0.46875
0 0.798047 0.384896 0.816016 0.384896 0.816016 0.409375 0.798047 0.409375
0 0.821484 0.385938 0.838281 0.385938 0.838281 0.410417 0.821484 0.410417
0 0.802344 0.435938 0.832422 0.435938 0.832422 0.459375 0.802344 0.459375
0 0.733594 0.438542 0.758203 0.438542 0.758203 0.467708 0.733594 0.467708
0 0.810938 0.479688 0.836719 0.479688 0.836719 0.500521 0.810938 0.500521
0 0.557031 0.529688 0.578516 0.529688 0.578516 0.551562 0.557031 0.551562
0 0.662891 0.4875 0.686328 0.4875 0.686328 0.513542 0.662891 0.513542
0 0.678125 0.517188 0.703125 0.517188 0.703125 0.543229 0.678125 0.543229
0 0.638281 0.551562 0.659766 0.551562 0.659766 0.585417 0.638281 0.585417
0 0.671484 0.556771 0.695703 0.556771 0.695703 0.592188 0.671484 0.592188
0 0.700781 0.579688 0.719922 0.579688 0.719922 0.606771 0.700781 0.606771
0 0.724609 0.603125 0.74375 0.603125 0.74375 0.629688 0.724609 0.629688
0 0.680469 0.636458 0.699609 0.636458 0.699609 0.661458 0.680469 0.661458
0 0.718359 0.646354 0.738672 0.646354 0.738672 0.672396 0.718359 0.672396
0 0.657812 0.602604 0.684766 0.602604 0.684766 0.632812 0.657812 0.632812
0 0.744922 0.665104 0.767969 0.665104 0.767969 0.691146 0.744922 0.691146
0 0.782422 0.668229 0.809766 0.668229 0.809766 0.69375 0.782422 0.69375
0 0.792969 0.702083 0.814062 0.702083 0.814062 0.7375 0.792969 0.7375
0 0.823047 0.6625 0.851172 0.6625 0.851172 0.689583 0.823047 0.689583
0 0.757031 0.571354 0.777344 0.571354 0.777344 0.590625 0.757031 0.590625
0 0.841797 0.609896 0.867969 0.609896 0.867969 0.638021 0.841797 0.638021
0 0.838672 0.567188 0.860938 0.567188 0.860938 0.590625 0.838672 0.590625
0 0.801562 0.5375 0.821094 0.5375 0.821094 0.566146 0.801562 0.566146
0 0.773047 0.540625 0.790625 0.540625 0.790625 0.567188 0.773047 0.567188
0 0.781641 0.502604 0.804688 0.502604 0.804688 0.53125 0.781641 0.53125
0 0.829688 0.501042 0.847656 0.501042 0.847656 0.522396 0.829688 0.522396
0 0.842969 0.524479 0.863281 0.524479 0.863281 0.546875 0.842969 0.546875
0 0.942578 0.464583 0.966016 0.464583 0.966016 0.482292 0.942578 0.482292
0 0.939062 0.530208 0.962109 0.530208 0.962109 0.547396 0.939062 0.547396
0 0.921484 0.492708 0.944531 0.492708 0.944531 0.513021 0.921484 0.513021
0 0.890234 0.526042 0.914453 0.526042 0.914453 0.544271 0.890234 0.544271
0 0.883984 0.547917 0.90625 0.547917 0.90625 0.570833 0.883984 0.570833
0 0.924219 0.551042 0.936328 0.551042 0.936328 0.575 0.924219 0.575
0 0.785547 0.609896 0.804297 0.609896 0.804297 0.633333 0.785547 0.633333
0 0.877344 0.590625 0.899609 0.590625 0.899609 0.610417 0.877344 0.610417
0 0.895703 0.628646 0.918359 0.628646 0.918359 0.656771 0.895703 0.656771
0 0.930078 0.609375 0.950781 0.609375 0.950781 0.642188 0.930078 0.642188
0 0.883594 0.663021 0.909766 0.663021 0.909766 0.681771 0.883594 0.681771
0 0.757422 0.723958 0.778125 0.723958 0.778125 0.746875 0.757422 0.746875
0 0.819141 0.745312 0.842578 0.745312 0.842578 0.768229 0.819141 0.768229
0 0.823047 0.697396 0.84375 0.697396 0.84375 0.723958 0.823047 0.723958
0 0.851953 0.695312 0.875 0.695312 0.875 0.723958 0.851953 0.723958
0 0.869141 0.733854 0.891797 0.733854 0.891797 0.755729 0.869141 0.755729
0 0.848047 0.750521 0.861328 0.750521 0.861328 0.771875 0.848047 0.771875
0 0.901172 0.709896 0.922656 0.709896 0.922656 0.734375 0.901172 0.734375
0 0.878516 0.695312 0.897656 0.695312 0.897656 0.723958 0.878516 0.723958
0 0.942969 0.769271 0.971094 0.769271 0.971094 0.796875 0.942969 0.796875
0 0.955469 0.933854 0.979297 0.933854 0.979297 0.970312 0.955469 0.970312
0 0.909766 0.978646 0.928125 0.978646 0.928125 0.999479 0.909766 0.999479
0 0.926172 0.799479 0.949609 0.799479 0.949609 0.825521 0.926172 0.825521