0 0.080078 0.041667 0.099219 0.041667 0.099219 0.0625 0.080078 0.0625
0 0.110547 0.085938 0.136328 0.085938 0.136328 0.116146 0.110547 0.116146
0 0.063672 0.095312 0.087109 0.095312 0.087109 0.119271 0.063672 0.119271
0 0.044531 0.133333 0.068359 0.133333 0.068359 0.155729 0.044531 0.155729
0 0.083984 0.119792 0.104688 0.119792 0.104688 0.142708 0.083984 0.142708
0 0.1125 0.141667 0.1375 0.141667 0.1375 0.166667 0.1125 0.166667
0 0.012109 0.180729 0.029688 0.180729 0.029688 0.203125 0.012109 0.203125
0 0.036719 0.171875 0.057422 0.171875 0.057422 0.199479 0.036719 0.199479
0 0.076172 0.161458 0.096484 0.161458 0.096484 0.192708 0.076172 0.192708
0 0.157031 0.122396 0.176562 0.122396 0.176562 0.14375 0.157031 0.14375
0 0.166797 0.153125 0.183594 0.153125 0.183594 0.179688 0.166797 0.179688
0 0.117188 0.189062 0.133594 0.189062 0.133594 0.215104 0.117188 0.215104
0 0.150781 0.204688 0.169922 0.204688 0.169922 0.2375 0.150781 0.2375
0 0.178516 0.215625 0.201172 0.215625 0.201172 0.245833 0.178516 0.245833
0 0.1125 0.23125 0.130469 0.23125 0.130469 0.260938 0.1125 0.260938
0 0.029688 0.220833 0.052344 0.220833 0.052344 0.252083 0.029688 0.252083
0 0.062109 0.221875 0.080469 0.221875 0.080469 0.251042 0.062109 0.251042
0 0.005078 0.252604 0.028516 0.252604 0.028516 0.279688 0.005078 0.279688
0 0.026953 0.306771 0.047656 0.306771 0.047656 0.333854 0.026953 0.333854
0 0.075781 0.280729 0.094531 0.280729 0.094531 0.299479 0.075781 0.299479
0 0.127344 0.288542 0.149609 0.288542 0.149609 0.309896 0.127344 0.309896
0 0.023828 0.355208 0.040625 0.355208 0.040625 0.378125 0.023828 0.378125
0 0.060156 0.350521 0.082422 0.350521 0.082422 0.38125 0.060156 0.38125
0 0.080469 0.325 0.094922 0.325 0.094922 0.348958 0.080469 0.348958
0 0.104297 0.334375 0.121484 0.334375 0.121484 0.36875 0.104297 0.36875
0 0.126953 0.332812 0.144922 0.332812 0.144922 0.364062 0.126953 0.364062
0 0.080469 0.389583 0.096094 0.389583 0.096094 0.417708 0.080469 0.417708
0 0.133594 0.390625 0.146875 0.390625 0.146875 0.419792 0.133594 0.419792
0 0.110938 0.415104 0.127734 0.415104 0.127734 0.441146 0.110938 0.441146
0 0.042188 0.416146 0.064062 0.416146 0.064062 0.442188 0.042188 0.442188
0 0.001172 0.440625 0.026953 0.440625 0.026953 0.465104 0.001172 0.465104
0 0.000391 0.476042 0.017578 0.476042 0.017578 0.504167 0.000391 0.504167
0 0.027344 0.483333 0.052344 0.483333 0.052344 0.509375 0.027344 0.509375
0 0.013281 0.532812 0.033594 0.532812 0.033594 0.567708 0.013281 0.567708
0 0.055859 0.572396 0.080078 0.572396 0.080078 0.597917 0.055859 0.597917
0 0.069922 0.526042 0.089062 0.526042 0.089062 0.551042 0.069922 0.551042
0 0.133984 0.529167 0.161328 0.529167 0.161328 0.570312 0.133984 0.570312
0 0.022266 0.597917 0.040234 0.597917 0.040234 0.619271 0.022266 0.619271
0 0.040625 0.625521 0.066406 0.625521 0.066406 0.648438 0.040625 0.648438
0 0.000781 0.663021 0.024609 0.663021 0.024609 0.691146 0.000781 0.691146
0 0.026172 0.686458 0.044141 0.686458 0.044141 0.713542 0.026172 0.713542
0 0.048828 0.661458 0.067188 0.661458 0.067188 0.689583 0.048828 0.689583
0 0.077344 0.644792 0.095703 0.644792 0.095703 0.670833 0.077344 0.670833
0 0.082812 0.677083 0.105859 0.677083 0.105859 0.707292 0.082812 0.707292
0 0.122266 0.658854 0.141016 0.658854 0.141016 0.696354 0.122266 0.696354
0 0.071484 0.708854 0.089453 0.708854 0.089453 0.738021 0.071484 0.738021
0 0.0 0.702604 0.012891 0.702604 0.012891 0.723958 0.0 0.723958
0 0.033594 0.734375 0.055078 0.734375 0.055078 0.757292 0.033594 0.757292
0 0.01875 0.823438 0.0375 0.823438 0.0375 0.846354 0.01875 0.846354
0 0.05625 0.842188 0.078516 0.842188 0.078516 0.867708 0.05625 0.867708
0 0.076562 0.870312 0.096875 0.870312 0.096875 0.9 0.076562 0.9
0 0.098438 0.884896 0.116406 0.884896 0.116406 0.916146 0.098438 0.916146
0 0.026172 0.871354 0.045703 0.871354 0.045703 0.898958 0.026172 0.898958
0 0.060938 0.909896 0.077734 0.909896 0.077734 0.938542 0.060938 0.938542
0 0.085156 0.935417 0.102734 0.935417 0.102734 0.964583 0.085156 0.964583
0 0.024609 0.944271 0.050391 0.944271 0.050391 0.970312 0.024609 0.970312
0 0.125781 0.935938 0.139453 0.935938 0.139453 0.957292 0.125781 0.957292
0 0.1375 0.898438 0.153516 0.898438 0.153516 0.929688 0.1375 0.929688
0 0.169141 0.914062 0.186719 0.914062 0.186719 0.948438 0.169141 0.948438
0 0.191797 0.927083 0.209375 0.927083 0.209375 0.952083 0.191797 0.952083
0 0.208594 0.960938 0.229297 0.960938 0.229297 0.980729 0.208594 0.980729
0 0.000781 0.982812 0.018359 0.982812 0.018359 0.999479 0.000781 0.999479
0 0.15 0.672396 0.165234 0.672396 0.165234 0.711979 0.15 0.711979
0 0.142578 0.013542 0.162891 0.013542 0.162891 0.044792 0.142578 0.044792
0 0.192578 0.020833 0.214844 0.020833 0.214844 0.059896 0.192578 0.059896
0 0.243359 0.0 0.260547 0.0 0.260547 0.022396 0.243359 0.022396
0 0.264844 0.0 0.281641 0.0 0.281641 0.015625 0.264844 0.015625
0 0.093359 0.0 0.119531 0.0 0.119531 0.019271 0.093359 0.019271
0 0.292969 0.008333 0.312109 0.008333 0.312109 0.039062 0.292969 0.039062
0 0.339844 0.045833 0.359375 0.045833 0.359375 0.079688 0.339844 0.079688
0 0.375391 0.042708 0.396875 0.042708 0.396875 0.077083 0.375391 0.077083
0 0.361719 0.0 0.378906 0.0 0.378906 0.017188 0.361719 0.017188
0 0.401562 0.0 0.416797 0.0 0.416797 0.019271 0.401562 0.019271
0 0.306641 0.084896 0.322656 0.084896 0.322656 0.110938 0.306641 0.110938
0 0.303516 0.126562 0.323828 0.126562 0.323828 0.149479 0.303516 0.149479
0 0.303516 0.158854 0.324219 0.158854 0.324219 0.185417 0.303516 0.185417
0 0.204297 0.15 0.224609 0.15 0.224609 0.174479 0.204297 0.174479
0 0.209375 0.197917 0.229297 0.197917 0.229297 0.225521 0.209375 0.225521
0 0.292188 0.228646 0.307812 0.228646 0.307812 0.252604 0.292188 0.252604
0 0.299609 0.193229 0.321094 0.193229 0.321094 0.217708 0.299609 0.217708
0 0.349609 0.161458 0.367188 0.161458 0.367188 0.190625 0.349609 0.190625
0 0.159375 0.297917 0.174609 0.297917 0.174609 0.327604 0.159375 0.327604
0 0.19375 0.280729 0.209375 0.280729 0.209375 0.311458 0.19375 0.311458
0 0.204688 0.315625 0.223047 0.315625 0.223047 0.34375 0.204688 0.34375
0 0.218359 0.257812 0.235156 0.257812 0.235156 0.291667 0.218359 0.291667
0 0.2875 0.269271 0.305078 0.269271 0.305078 0.295833 0.2875 0.295833
0 0.182031 0.346354 0.2 0.346354 0.2 0.379688 0.182031 0.379688
0 0.250391 0.355729 0.26875 0.355729 0.26875 0.383333 0.250391 0.383333
0 0.228906 0.398438 0.245703 0.398438 0.245703 0.426042 0.228906 0.426042
0 0.177734 0.420312 0.19375 0.420312 0.19375 0.451562 0.177734 0.451562
0 0.200391 0.440625 0.219531 0.440625 0.219531 0.464062 0.200391 0.464062
0 0.198047 0.481771 0.21875 0.481771 0.21875 0.503125 0.198047 0.503125
0 0.254688 0.409896 0.26875 0.409896 0.26875 0.428125 0.254688 0.428125
0 0.258203 0.442708 0.273828 0.442708 0.273828 0.459375 0.258203 0.459375
0 0.258594 0.475521 0.276172 0.475521 0.276172 0.492708 0.258594 0.492708
0 0.223438 0.571875 0.242188 0.571875 0.242188 0.594792 0.223438 0.594792
0 0.253125 0.555208 0.278125 0.555208 0.278125 0.584375 0.253125 0.584375
0 0.282422 0.586458 0.305078 0.586458 0.305078 0.6125 0.282422 0.6125
0 0.280078 0.628125 0.305859 0.628125 0.305859 0.657812 0.280078 0.657812
0 0.249219 0.613542 0.267969 0.613542 0.267969 0.648438 0.249219 0.648438
0 0.307422 0.538021 0.332422 0.538021 0.332422 0.563021 0.307422 0.563021
0 0.225391 0.633854 0.241797 0.633854 0.241797 0.659896 0.225391 0.659896
0 0.233984 0.723438 0.255078 0.723438 0.255078 0.748438 0.233984 0.748438
0 0.266406 0.75625 0.290234 0.75625 0.290234 0.779167 0.266406 0.779167
0 0.333984 0.735938 0.350781 0.735938 0.350781 0.767708 0.333984 0.767708
0 0.357031 0.790104 0.376562 0.790104 0.376562 0.820833 0.357031 0.820833
0 0.377734 0.765104 0.396484 0.765104 0.396484 0.7875 0.377734 0.7875
0 0.308203 0.801562 0.322266 0.801562 0.322266 0.827083 0.308203 0.827083
0 0.295312 0.684896 0.316016 0.684896 0.316016 0.715625 0.295312 0.715625
0 0.309375 0.744792 0.326172 0.744792 0.326172 0.777604 0.309375 0.777604
0 0.332031 0.678646 0.351172 0.678646 0.351172 0.707292 0.332031 0.707292
0 0.266016 0.708333 0.282031 0.708333 0.282031 0.734896 0.266016 0.734896
0 0.188281 0.978125 0.205469 0.978125 0.205469 0.999479 0.188281 0.999479
0 0.498828 0.0 0.517188 0.0 0.517188 0.011979 0.498828 0.011979
0 0.522266 0.0 0.540234 0.0 0.540234 0.022917 0.522266 0.022917
0 0.482031 0.025 0.497266 0.025 0.497266 0.049479 0.482031 0.049479
0 0.501562 0.053125 0.517188 0.053125 0.517188 0.08125 0.501562 0.08125
0 0.446094 0.027604 0.465234 0.027604 0.465234 0.058854 0.446094 0.058854
0 0.461328 0.078125 0.477734 0.078125 0.477734 0.109896 0.461328 0.109896
0 0.494531 0.097917 0.5125 0.097917 0.5125 0.120833 0.494531 0.120833
0 0.545312 0.027604 0.562109 0.027604 0.562109 0.055208 0.545312 0.055208
0 0.573047 0.056771 0.591016 0.056771 0.591016 0.0875 0.573047 0.0875
0 0.573828 0.013542 0.589453 0.013542 0.589453 0.042708 0.573828 0.042708
0 0.549219 0.067188 0.564062 0.067188 0.564062 0.09375 0.549219 0.09375
0 0.430469 0.095312 0.448828 0.095312 0.448828 0.125 0.430469 0.125
0 0.404297 0.135417 0.428516 0.135417 0.428516 0.1625 0.404297 0.1625
0 0.431641 0.164583 0.451562 0.164583 0.451562 0.190104 0.431641 0.190104
0 0.457422 0.175 0.478906 0.175 0.478906 0.198438 0.457422 0.198438
0 0.464453 0.15 0.48125 0.15 0.48125 0.174479 0.464453 0.174479
0 0.486719 0.133854 0.505859 0.133854 0.505859 0.159896 0.486719 0.159896
0 0.505078 0.214062 0.519531 0.214062 0.519531 0.244271 0.505078 0.244271
0 0.522656 0.195833 0.544141 0.195833 0.544141 0.227604 0.522656 0.227604
0 0.437891 0.202083 0.457031 0.202083 0.457031 0.225521 0.437891 0.225521
0 0.402344 0.192188 0.425391 0.192188 0.425391 0.215104 0.402344 0.215104
0 0.365234 0.225 0.382812 0.225 0.382812 0.254688 0.365234 0.254688
0 0.407812 0.223958 0.426562 0.223958 0.426562 0.255729 0.407812 0.255729
0 0.316406 0.246875 0.334375 0.246875 0.334375 0.283333 0.316406 0.283333
0 0.335938 0.303125 0.352734 0.303125 0.352734 0.334375 0.335938 0.334375
0 0.380078 0.292708 0.400391 0.292708 0.400391 0.313542 0.380078 0.313542
0 0.392188 0.254688 0.408203 0.254688 0.408203 0.286458 0.392188 0.286458
0 0.483203 0.263542 0.506641 0.263542 0.506641 0.290104 0.483203 0.290104
0 0.452734 0.280208 0.471484 0.280208 0.471484 0.303646 0.452734 0.303646
0 0.6125 0.265625 0.632422 0.265625 0.632422 0.288021 0.6125 0.288021
0 0.480078 0.351562 0.508594 0.351562 0.508594 0.376562 0.480078 0.376562
0 0.599609 0.333333 0.615625 0.333333 0.615625 0.361458 0.599609 0.361458
0 0.628125 0.319792 0.648047 0.319792 0.648047 0.352083 0.628125 0.352083
0 0.653125 0.346354 0.668359 0.346354 0.668359 0.373438 0.653125 0.373438
0 0.658203 0.303646 0.679297 0.303646 0.679297 0.329688 0.658203 0.329688
0 0.649609 0.274479 0.666797 0.274479 0.666797 0.300521 0.649609 0.300521
0 0.671875 0.273958 0.687109 0.273958 0.687109 0.301042 0.671875 0.301042
0 0.642969 0.206771 0.666797 0.206771 0.666797 0.232292 0.642969 0.232292
0 0.644922 0.175 0.666016 0.175 0.666016 0.196875 0.644922 0.196875
0 0.6 0.084375 0.620312 0.084375 0.620312 0.11875 0.6 0.11875
0 0.626172 0.125521 0.651953 0.125521 0.651953 0.153125 0.626172 0.153125
0 0.660156 0.119271 0.680859 0.119271 0.680859 0.143229 0.660156 0.143229
0 0.671875 0.076042 0.691797 0.076042 0.691797 0.108854 0.671875 0.108854
0 0.593359 0.009375 0.610156 0.009375 0.610156 0.044271 0.593359 0.044271
0 0.626562 0.041667 0.645703 0.041667 0.645703 0.074479 0.626562 0.074479
0 0.669141 0.025521 0.686328 0.025521 0.686328 0.05625 0.669141 0.05625
0 0.692969 0.058333 0.712109 0.058333 0.712109 0.086458 0.692969 0.086458
0 0.569531 0.217708 0.594922 0.217708 0.594922 0.257812 0.569531 0.257812
0 0.348047 0.407292 0.367969 0.407292 0.367969 0.436979 0.348047 0.436979
0 0.373828 0.416667 0.392188 0.416667 0.392188 0.445833 0.373828 0.445833
0 0.416016 0.402604 0.439062 0.402604 0.439062 0.429688 0.416016 0.429688
0 0.387891 0.445312 0.410938 0.445312 0.410938 0.467708 0.387891 0.467708
0 0.425391 0.453646 0.445312 0.453646 0.445312 0.48125 0.425391 0.48125
0 0.353906 0.450521 0.375391 0.450521 0.375391 0.471354 0.353906 0.471354
0 0.398438 0.481771 0.419531 0.481771 0.419531 0.504167 0.398438 0.504167
0 0.348828 0.486979 0.366406 0.486979 0.366406 0.510417 0.348828 0.510417
0 0.307812 0.491146 0.329688 0.491146 0.329688 0.520833 0.307812 0.520833
0 0.371875 0.473958 0.394141 0.473958 0.394141 0.497396 0.371875 0.497396
0 0.355469 0.553646 0.373047 0.553646 0.373047 0.585938 0.355469 0.585938
0 0.382812 0.528125 0.407031 0.528125 0.407031 0.549479 0.382812 0.549479
0 0.416406 0.522917 0.439062 0.522917 0.439062 0.546354 0.416406 0.546354
0 0.465625 0.542188 0.483203 0.542188 0.483203 0.572396 0.465625 0.572396
0 0.332031 0.615104 0.355859 0.615104 0.355859 0.636979 0.332031 0.636979
0 0.359766 0.654688 0.380078 0.654688 0.380078 0.680729 0.359766 0.680729
0 0.398438 0.625521 0.419141 0.625521 0.419141 0.654167 0.398438 0.654167
0 0.377734 0.585938 0.401562 0.585938 0.401562 0.613021 0.377734 0.613021
0 0.4125 0.558333 0.432422 0.558333 0.432422 0.584896 0.4125 0.584896
0 0.45 0.596354 0.470312 0.596354 0.470312 0.621354 0.45 0.621354
0 0.486328 0.596875 0.510547 0.596875 0.510547 0.622917 0.486328 0.622917
0 0.491797 0.558854 0.512109 0.558854 0.512109 0.581771 0.491797 0.581771
0 0.440625 0.641667 0.460938 0.641667 0.460938 0.672396 0.440625 0.672396
0 0.417578 0.673958 0.438281 0.673958 0.438281 0.699479 0.417578 0.699479
0 0.406641 0.714062 0.425 0.714062 0.425 0.739583 0.406641 0.739583
0 0.420703 0.773438 0.441406 0.773438 0.441406 0.80625 0.420703 0.80625
0 0.457422 0.780729 0.477734 0.780729 0.477734 0.813542 0.457422 0.813542
0 0.458203 0.752083 0.475391 0.752083 0.475391 0.772396 0.458203 0.772396
0 0.485547 0.746875 0.505859 0.746875 0.505859 0.779167 0.485547 0.779167
0 0.517188 0.753125 0.537891 0.753125 0.537891 0.777083 0.517188 0.777083
0 0.348438 0.830208 0.364453 0.830208 0.364453 0.85 0.348438 0.85
0 0.376562 0.833854 0.395312 0.833854 0.395312 0.857292 0.376562 0.857292
0 0.414844 0.832812 0.430078 0.832812 0.430078 0.8625 0.414844 0.8625
0 0.439453 0.826562 0.455859 0.826562 0.455859 0.857812 0.439453 0.857812
0 0.423438 0.869792 0.440625 0.869792 0.440625 0.902083 0.423438 0.902083
0 0.448047 0.869271 0.463281 0.869271 0.463281 0.901562 0.448047 0.901562
0 0.394141 0.857812 0.407812 0.857812 0.407812 0.886458 0.394141 0.886458
0 0.366406 0.871875 0.380078 0.871875 0.380078 0.897917 0.366406 0.897917
0 0.395312 0.89375 0.412109 0.89375 0.412109 0.914583 0.395312 0.914583
0 0.416797 0.921354 0.438281 0.921354 0.438281 0.945312 0.416797 0.945312
0 0.497656 0.854167 0.512891 0.854167 0.512891 0.882292 0.497656 0.882292
0 0.509375 0.888021 0.526562 0.888021 0.526562 0.919792 0.509375 0.919792
0 0.541016 0.881771 0.554688 0.881771 0.554688 0.914583 0.541016 0.914583
0 0.530078 0.839062 0.545312 0.839062 0.545312 0.863542 0.530078 0.863542
0 0.551562 0.847917 0.566406 0.847917 0.566406 0.873438 0.551562 0.873438
0 0.572266 0.884896 0.589453 0.884896 0.589453 0.915625 0.572266 0.915625
0 0.517969 0.79375 0.538672 0.79375 0.538672 0.824479 0.517969 0.824479
0 0.546484 0.801042 0.5625 0.801042 0.5625 0.829167 0.546484 0.829167
0 0.591406 0.840104 0.609766 0.840104 0.609766 0.876562 0.591406 0.876562
0 0.566016 0.941667 0.586719 0.941667 0.586719 0.975521 0.566016 0.975521
0 0.599609 0.953125 0.622656 0.953125 0.622656 0.975 0.599609 0.975
0 0.635938 0.925521 0.655469 0.925521 0.655469 0.950521 0.635938 0.950521
0 0.665234 0.905208 0.685156 0.905208 0.685156 0.931771 0.665234 0.931771
0 0.607812 0.892188 0.625781 0.892188 0.625781 0.915625 0.607812 0.915625
0 0.626562 0.866667 0.647266 0.866667 0.647266 0.891146 0.626562 0.891146
0 0.685156 0.942708 0.703516 0.942708 0.703516 0.967708 0.685156 0.967708
0 0.722656 0.899479 0.742578 0.899479 0.742578 0.919271 0.722656 0.919271
0 0.7375 0.939062 0.766016 0.939062 0.766016 0.970312 0.7375 0.970312
0 0.776562 0.908854 0.79375 0.908854 0.79375 0.936979 0.776562 0.936979
0 0.801953 0.946354 0.817969 0.946354 0.817969 0.979688 0.801953 0.979688
0 0.819922 0.921875 0.838672 0.921875 0.838672 0.949479 0.819922 0.949479
0 0.844922 0.921875 0.860938 0.921875 0.860938 0.945312 0.844922 0.945312
0 0.879688 0.958333 0.907031 0.958333 0.907031 0.984896 0.879688 0.984896
0 0.853125 0.986458 0.870703 0.986458 0.870703 0.999479 0.853125 0.999479
0 0.516797 0.288542 0.535156 0.288542 0.535156 0.314062 0.516797 0.314062
0 0.548047 0.295833 0.564453 0.295833 0.564453 0.321354 0.548047 0.321354
0 0.458984 0.3125 0.48125 0.3125 0.48125 0.336458 0.458984 0.336458
0 0.516797 0.416146 0.536719 0.416146 0.536719 0.438021 0.516797 0.438021
0 0.558203 0.414583 0.573047 0.414583 0.573047 0.436458 0.558203 0.436458
0 0.581641 0.422396 0.599219 0.422396 0.599219 0.446354 0.581641 0.446354
0 0.547656 0.453646 0.572656 0.453646 0.572656 0.476042 0.547656 0.476042
0 0.499609 0.447396 0.516406 0.447396 0.516406 0.472396 0.499609 0.472396
0 0.521484 0.475521 0.542578 0.475521 0.542578 0.501562 0.521484 0.501562
0 0.528906 0.539062 0.552734 0.539062 0.552734 0.563542 0.528906 0.563542
0 0.514453 0.572917 0.532422 0.572917 0.532422 0.597917 0.514453 0.597917
0 0.539062 0.571354 0.558594 0.571354 0.558594 0.596354 0.539062 0.596354
0 0.483203 0.640104 0.499609 0.640104 0.499609 0.666146 0.483203 0.666146
0 0.524219 0.666146 0.540625 0.666146 0.540625 0.688542 0.524219 0.688542
0 0.522656 0.623438 0.538281 0.623438 0.538281 0.649479 0.522656 0.649479
0 0.544141 0.617708 0.558594 0.617708 0.558594 0.638542 0.544141 0.638542
0 0.469141 0.693229 0.484766 0.693229 0.484766 0.720833 0.469141 0.720833
0 0.785156 0.008333 0.805859 0.008333 0.805859 0.03125 0.785156 0.03125
0 0.799609 0.032292 0.816016 0.032292 0.816016 0.061979 0.799609 0.061979
0 0.814453 0.000521 0.834766 0.000521 0.834766 0.01875 0.814453 0.01875
0 0.85625 0.009896 0.873828 0.009896 0.873828 0.041667 0.85625 0.041667
0 0.918359 0.014583 0.939062 0.014583 0.939062 0.038542 0.918359 0.038542
0 0.9375 0.0 0.953516 0.0 0.953516 0.021875 0.9375 0.021875
0 0.959375 0.0 0.978125 0.0 0.978125 0.017708 0.959375 0.017708
0 0.971094 0.027604 0.992969 0.027604 0.992969 0.055208 0.971094 0.055208
0 0.9 0.047396 0.920703 0.047396 0.920703 0.071354 0.9 0.071354
0 0.914453 0.084375 0.934766 0.084375 0.934766 0.108854 0.914453 0.108854
0 0.939844 0.1125 0.957031 0.1125 0.957031 0.140104 0.939844 0.140104
0 0.916016 0.120312 0.937109 0.120312 0.937109 0.139062 0.916016 0.139062
0 0.679688 0.106771 0.707422 0.106771 0.707422 0.13125 0.679688 0.13125
0 0.761328 0.19375 0.777734 0.19375 0.777734 0.223438 0.761328 0.223438
0 0.783594 0.189583 0.799219 0.189583 0.799219 0.218229 0.783594 0.218229
0 0.810156 0.195312 0.830469 0.195312 0.830469 0.215625 0.810156 0.215625
0 0.766797 0.251563 0.789062 0.251563 0.789062 0.273438 0.766797 0.273438
0 0.808203 0.236458 0.828516 0.236458 0.828516 0.260938 0.808203 0.260938
0 0.823828 0.274479 0.839062 0.274479 0.839062 0.301562 0.823828 0.301562
0 0.844141 0.266667 0.863672 0.266667 0.863672 0.297396 0.844141 0.297396
0 0.803516 0.273438 0.819141 0.273438 0.819141 0.302083 0.803516 0.302083
0 0.775 0.279167 0.791406 0.279167 0.791406 0.3 0.775 0.3
0 0.765625 0.348958 0.786328 0.348958 0.786328 0.386458 0.765625 0.386458
0 0.787109 0.320312 0.810938 0.320312 0.810938 0.344792 0.787109 0.344792
0 0.828906 0.322396 0.853125 0.322396 0.853125 0.346875 0.828906 0.346875
0 0.836328 0.374479 0.860156 0.374479 0.860156 0.403646 0.836328 0.403646
0 0.730859 0.375 0.745703 0.375 0.745703 0.4 0.730859 0.4
0 0.749219 0.408333 0.763281 0.408333 0.763281 0.430729 0.749219 0.430729
0 0.779688 0.440104 0.792578 0.440104 0.792578 0.463542 0.779688 0.463542
0 0.973047 0.234896 0.991016 0.234896 0.991016 0.266146 0.973047 0.266146
0 0.976953 0.285417 0.995703 0.285417 0.995703 0.311979 0.976953 0.311979
0 0.932422 0.302604 0.95 0.302604 0.95 0.319271 0.932422 0.319271
0 0.910938 0.288021 0.930078 0.288021 0.930078 0.30625 0.910938 0.30625
0 0.916406 0.254167 0.933203 0.254167 0.933203 0.279688 0.916406 0.279688
0 0.874219 0.294792 0.890234 0.294792 0.890234 0.318229 0.874219 0.318229
0 0.884766 0.315625 0.907031 0.315625 0.907031 0.340104 0.884766 0.340104
0 0.982812 0.317708 0.999219 0.317708 0.999219 0.343229 0.982812 0.343229
0 0.8875 0.370833 0.902344 0.370833 0.902344 0.394792 0.8875 0.394792
0 0.923828 0.373438 0.939453 0.373438 0.939453 0.396875 0.923828 0.396875
0 0.955859 0.361458 0.972266 0.361458 0.972266 0.389062 0.955859 0.389062
0 0.924609 0.327604 0.944531 0.327604 0.944531 0.347396 0.924609 0.347396
0 0.857422 0.415104 0.875 0.415104 0.875 0.448438 0.857422 0.448438
0 0.919141 0.428646 0.935547 0.428646 0.935547 0.455729 0.919141 0.455729
0 0.941797 0.473438 0.963672 0.473438 0.963672 0.496875 0.941797 0.496875
0 0.825391 0.446354 0.839844 0.446354 0.839844 0.473958 0.825391 0.473958
0 0.846094 0.46875 0.863281 0.46875 0.863281 0.502083 0.846094 0.502083
0 0.867188 0.473438 0.883984 0.473438 0.883984 0.503125 0.867188 0.503125
0 0.895703 0.454688 0.914844 0.454688 0.914844 0.478646 0.895703 0.478646
0 0.897266 0.488021 0.917969 0.488021 0.917969 0.514062 0.897266 0.514062
0 0.921875 0.517708 0.943359 0.517708 0.943359 0.540104 0.921875 0.540104
0 0.951562 0.495833 0.967578 0.495833 0.967578 0.521354 0.951562 0.521354
0 0.974219 0.511979 0.992188 0.511979 0.992188 0.540104 0.974219 0.540104
0 0.990625 0.446354 0.999609 0.446354 0.999609 0.466146 0.990625 0.466146
0 0.636328 0.536979 0.655078 0.536979 0.655078 0.566146 0.636328 0.566146
0 0.657812 0.546875 0.68125 0.546875 0.68125 0.584896 0.657812 0.584896
0 0.690625 0.560417 0.706641 0.560417 0.706641 0.592708 0.690625 0.592708
0 0.710156 0.554167 0.725 0.554167 0.725 0.582812 0.710156 0.582812
0 0.710156 0.515104 0.728906 0.515104 0.728906 0.546875 0.710156 0.546875
0 0.733984 0.5625 0.750781 0.5625 0.750781 0.588542 0.733984 0.588542
0 0.712891 0.611458 0.740625 0.611458 0.740625 0.6375 0.712891 0.6375
0 0.608984 0.595833 0.630469 0.595833 0.630469 0.629688 0.608984 0.629688
0 0.6 0.640625 0.61875 0.640625 0.61875 0.669271 0.6 0.669271
0 0.63125 0.664583 0.651953 0.664583 0.651953 0.692188 0.63125 0.692188
0 0.674609 0.670312 0.692578 0.670312 0.692578 0.692708 0.674609 0.692708
0 0.691797 0.648438 0.708984 0.648438 0.708984 0.674479 0.691797 0.674479
0 0.730078 0.648958 0.750781 0.648958 0.750781 0.668229 0.730078 0.668229
0 0.607422 0.679167 0.624609 0.679167 0.624609 0.708854 0.607422 0.708854
0 0.639844 0.704167 0.658203 0.704167 0.658203 0.730729 0.639844 0.730729
0 0.614453 0.726042 0.632031 0.726042 0.632031 0.750521 0.614453 0.750521
0 0.593359 0.748958 0.610156 0.748958 0.610156 0.770312 0.593359 0.770312
0 0.613281 0.768229 0.635156 0.768229 0.635156 0.79375 0.613281 0.79375
0 0.613281 0.810417 0.632422 0.810417 0.632422 0.839062 0.613281 0.839062
0 0.641797 0.826042 0.658984 0.826042 0.658984 0.854688 0.641797 0.854688
0 0.667578 0.821354 0.683594 0.821354 0.683594 0.843229 0.667578 0.843229
0 0.684766 0.848958 0.700391 0.848958 0.700391 0.871354 0.684766 0.871354
0 0.70625 0.836458 0.723828 0.836458 0.723828 0.859896 0.70625 0.859896
0 0.695312 0.795312 0.7125 0.795312 0.7125 0.823958 0.695312 0.823958
0 0.659766 0.767708 0.678906 0.767708 0.678906 0.798958 0.659766 0.798958
0 0.716406 0.771354 0.735938 0.771354 0.735938 0.805729 0.716406 0.805729
0 0.75 0.801042 0.769922 0.801042 0.769922 0.820833 0.75 0.820833
0 0.764844 0.826042 0.782031 0.826042 0.782031 0.849479 0.764844 0.849479
0 0.742188 0.857812 0.760938 0.857812 0.760938 0.883333 0.742188 0.883333
0 0.684766 0.724479 0.701953 0.724479 0.701953 0.744271 0.684766 0.744271
0 0.712109 0.729167 0.732422 0.729167 0.732422 0.751562 0.712109 0.751562
0 0.732422 0.698958 0.753125 0.698958 0.753125 0.720833 0.732422 0.720833
0 0.757031 0.498438 0.774219 0.498438 0.774219 0.528125 0.757031 0.528125
0 0.794141 0.477604 0.813672 0.477604 0.813672 0.510417 0.794141 0.510417
0 0.817969 0.528646 0.836719 0.528646 0.836719 0.561979 0.817969 0.561979
0 0.853906 0.523958 0.870703 0.523958 0.870703 0.55 0.853906 0.55
0 0.877344 0.540625 0.894922 0.540625 0.894922 0.571875 0.877344 0.571875
0 0.907812 0.555729 0.924609 0.555729 0.924609 0.580208 0.907812 0.580208
0 0.9375 0.559896 0.958984 0.559896 0.958984 0.585938 0.9375 0.585938
0 0.850391 0.575521 0.866016 0.575521 0.866016 0.601562 0.850391 0.601562
0 0.932422 0.605208 0.954688 0.605208 0.954688 0.63125 0.932422 0.63125
0 0.9625 0.623438 0.981641 0.623438 0.981641 0.652083 0.9625 0.652083
0 0.864844 0.621354 0.8875 0.621354 0.8875 0.640104 0.864844 0.640104
0 0.916406 0.644792 0.9375 0.644792 0.9375 0.66875 0.916406 0.66875
0 0.953516 0.673958 0.969141 0.673958 0.969141 0.698958 0.953516 0.698958
0 0.990234 0.673438 0.999609 0.673438 0.999609 0.698958 0.990234 0.698958
0 0.809766 0.683854 0.8375 0.683854 0.8375 0.708854 0.809766 0.708854
0 0.760938 0.769792 0.778906 0.769792 0.778906 0.795833 0.760938 0.795833
0 0.785938 0.75 0.805859 0.75 0.805859 0.779167 0.785938 0.779167
0 0.849609 0.755208 0.869531 0.755208 0.869531 0.786458 0.849609 0.786458
0 0.897266 0.774479 0.925781 0.774479 0.925781 0.801042 0.897266 0.801042
0 0.898438 0.742708 0.922266 0.742708 0.922266 0.763021 0.898438 0.763021
0 0.906641 0.719271 0.929688 0.719271 0.929688 0.740104 0.906641 0.740104
0 0.802344 0.819271 0.819922 0.819271 0.819922 0.851042 0.802344 0.851042
0 0.825391 0.853125 0.845703 0.853125 0.845703 0.879688 0.825391 0.879688
0 0.850781 0.880208 0.872266 0.880208 0.872266 0.907292 0.850781 0.907292
0 0.889453 0.867708 0.916797 0.867708 0.916797 0.894271 0.889453 0.894271
0 0.869141 0.819271 0.889453 0.819271 0.889453 0.848438 0.869141 0.848438
0 0.899219 0.822396 0.922266 0.822396 0.922266 0.85 0.899219 0.85
0 0.829688 0.802604 0.850391 0.802604 0.850391 0.831771 0.829688 0.831771
0 0.966406 0.790104 0.984766 0.790104 0.984766 0.814583 0.966406 0.814583
0 0.985547 0.809375 0.999609 0.809375 0.999609 0.830208 0.985547 0.830208
0 0.928125 0.80625 0.954297 0.80625 0.954297 0.832292 0.928125 0.832292
0 0.969141 0.835417 0.994922 0.835417 0.994922 0.85625 0.969141 0.85625
0 0.952734 0.883333 0.980469 0.883333 0.980469 0.908333 0.952734 0.908333
0 0.899219 0.915625 0.921094 0.915625 0.921094 0.940625 0.899219 0.940625
0 0.920312 0.960417 0.939453 0.960417 0.939453 0.9875 0.920312 0.9875
0 0.944141 0.96875 0.960547 0.96875 0.960547 0.997917 0.944141 0.997917
0 0.973438 0.96875 0.99375 0.96875 0.99375 0.9875 0.973438 0.9875
0 0.989062 0.925521 0.999609 0.925521 0.999609 0.951562 0.989062 0.951562