0 0.08125 0.036458 0.101953 0.036458 0.101953 0.0625 0.08125 0.0625
0 0.100781 0.072917 0.116797 0.072917 0.116797 0.109375 0.100781 0.109375
0 0.119141 0.057812 0.1375 0.057812 0.1375 0.082812 0.119141 0.082812
0 0.164062 0.072396 0.178906 0.072396 0.178906 0.104167 0.164062 0.104167
0 0.140625 0.0 0.160156 0.0 0.160156 0.022396 0.140625 0.022396
0 0.124609 0.006771 0.140625 0.006771 0.140625 0.031771 0.124609 0.031771
0 0.0 0.059375 0.011328 0.059375 0.011328 0.085417 0.0 0.085417
0 0.029688 0.100521 0.047266 0.100521 0.047266 0.122917 0.029688 0.122917
0 0.036719 0.141667 0.060156 0.141667 0.060156 0.170833 0.036719 0.170833
0 0.008984 0.169792 0.028516 0.169792 0.028516 0.205729 0.008984 0.205729
0 0.044922 0.189583 0.064062 0.189583 0.064062 0.216667 0.044922 0.216667
0 0.090234 0.109896 0.104297 0.109896 0.104297 0.141667 0.090234 0.141667
0 0.0625 0.093229 0.076562 0.093229 0.076562 0.121354 0.0625 0.121354
0 0.123828 0.110938 0.151172 0.110938 0.151172 0.138021 0.123828 0.138021
0 0.134375 0.079688 0.155078 0.079688 0.155078 0.101562 0.134375 0.101562
0 0.116797 0.161979 0.141406 0.161979 0.141406 0.1875 0.116797 0.1875
0 0.137109 0.192188 0.159375 0.192188 0.159375 0.216667 0.137109 0.216667
0 0.161719 0.145312 0.180469 0.145312 0.180469 0.176042 0.161719 0.176042
0 0.191797 0.15 0.211719 0.15 0.211719 0.180729 0.191797 0.180729
0 0.0 0.24375 0.014844 0.24375 0.014844 0.275 0.0 0.275
0 0.025781 0.227083 0.044922 0.227083 0.044922 0.265625 0.025781 0.265625
0 0.026562 0.278646 0.04375 0.278646 0.04375 0.320833 0.026562 0.320833
0 0.069141 0.248438 0.086328 0.248438 0.086328 0.278646 0.069141 0.278646
0 0.092578 0.291146 0.117578 0.291146 0.117578 0.314583 0.092578 0.314583
0 0.079297 0.349479 0.102734 0.349479 0.102734 0.372917 0.079297 0.372917
0 0.102734 0.315104 0.125781 0.315104 0.125781 0.339062 0.102734 0.339062
0 0.133203 0.303646 0.148828 0.303646 0.148828 0.325 0.133203 0.325
0 0.151172 0.326042 0.166406 0.326042 0.166406 0.345312 0.151172 0.345312
0 0.142578 0.356771 0.160156 0.356771 0.160156 0.381771 0.142578 0.381771
0 0.101562 0.382292 0.124219 0.382292 0.124219 0.401562 0.101562 0.401562
0 0.081641 0.407292 0.102344 0.407292 0.102344 0.429688 0.081641 0.429688
0 0.054297 0.435417 0.072656 0.435417 0.072656 0.469271 0.054297 0.469271
0 0.030078 0.43125 0.047266 0.43125 0.047266 0.460417 0.030078 0.460417
0 0.0 0.426042 0.014453 0.426042 0.014453 0.463021 0.0 0.463021
0 0.005469 0.488021 0.019922 0.488021 0.019922 0.511979 0.005469 0.511979
0 0.025781 0.492708 0.044141 0.492708 0.044141 0.521875 0.025781 0.521875
0 0.023438 0.553125 0.048438 0.553125 0.048438 0.580208 0.023438 0.580208
0 0.064453 0.570833 0.082812 0.570833 0.082812 0.601562 0.064453 0.601562
0 0.085156 0.595833 0.107031 0.595833 0.107031 0.620833 0.085156 0.620833
0 0.052734 0.51875 0.072266 0.51875 0.072266 0.555208 0.052734 0.555208
0 0.108203 0.534375 0.127734 0.534375 0.127734 0.557292 0.108203 0.557292
0 0.128516 0.503646 0.153125 0.503646 0.153125 0.532812 0.128516 0.532812
0 0.091797 0.501042 0.112891 0.501042 0.112891 0.531771 0.091797 0.531771
0 0.161719 0.526042 0.182422 0.526042 0.182422 0.551042 0.161719 0.551042
0 0.190234 0.5375 0.207031 0.5375 0.207031 0.564583 0.190234 0.564583
0 0.163672 0.582292 0.189453 0.582292 0.189453 0.606771 0.163672 0.606771
0 0.196875 0.601042 0.215234 0.601042 0.215234 0.632292 0.196875 0.632292
0 0.166797 0.6375 0.187891 0.6375 0.187891 0.660938 0.166797 0.660938
0 0.139453 0.610417 0.160938 0.610417 0.160938 0.642188 0.139453 0.642188
0 0.116406 0.619271 0.137891 0.619271 0.137891 0.655729 0.116406 0.655729
0 0.186719 0.019792 0.210156 0.019792 0.210156 0.044792 0.186719 0.044792
0 0.210547 0.004167 0.233203 0.004167 0.233203 0.036458 0.210547 0.036458
0 0.196094 0.057812 0.215234 0.057812 0.215234 0.082812 0.196094 0.082812
0 0.183203 0.066146 0.198438 0.066146 0.198438 0.090625 0.183203 0.090625
0 0.237891 0.059375 0.258594 0.059375 0.258594 0.094271 0.237891 0.094271
0 0.267969 0.041667 0.284766 0.041667 0.284766 0.064583 0.267969 0.064583
0 0.269922 0.088542 0.287891 0.088542 0.287891 0.11875 0.269922 0.11875
0 0.321875 0.088542 0.339453 0.088542 0.339453 0.118229 0.321875 0.118229
0 0.368359 0.104167 0.387891 0.104167 0.387891 0.13125 0.368359 0.13125
0 0.226953 0.142708 0.247656 0.142708 0.247656 0.176042 0.226953 0.176042
0 0.239062 0.229688 0.262891 0.229688 0.262891 0.257292 0.239062 0.257292
0 0.28125 0.171354 0.296484 0.171354 0.296484 0.198958 0.28125 0.198958
0 0.194141 0.192708 0.212891 0.192708 0.212891 0.21875 0.194141 0.21875
0 0.209766 0.260938 0.230469 0.260938 0.230469 0.283854 0.209766 0.283854
0 0.175 0.246354 0.19375 0.246354 0.19375 0.267708 0.175 0.267708
0 0.095312 0.251042 0.113672 0.251042 0.113672 0.269271 0.095312 0.269271
0 0.138672 0.453646 0.158984 0.453646 0.158984 0.478646 0.138672 0.478646
0 0.109375 0.432292 0.13125 0.432292 0.13125 0.455729 0.109375 0.455729
0 0.194141 0.433333 0.217188 0.433333 0.217188 0.456771 0.194141 0.456771
0 0.194141 0.307292 0.210938 0.307292 0.210938 0.3375 0.194141 0.3375
0 0.213672 0.303646 0.230469 0.303646 0.230469 0.331771 0.213672 0.331771
0 0.172266 0.273958 0.189844 0.273958 0.189844 0.29375 0.172266 0.29375
0 0.253125 0.314062 0.269531 0.314062 0.269531 0.345312 0.253125 0.345312
0 0.277734 0.328125 0.294141 0.328125 0.294141 0.360938 0.277734 0.360938
0 0.2375 0.360417 0.257422 0.360417 0.257422 0.385938 0.2375 0.385938
0 0.204688 0.350521 0.222266 0.350521 0.222266 0.377083 0.204688 0.377083
0 0.266797 0.28125 0.284375 0.28125 0.284375 0.304688 0.266797 0.304688
0 0.288281 0.266667 0.30625 0.266667 0.30625 0.296875 0.288281 0.296875
0 0.314062 0.28125 0.331641 0.28125 0.331641 0.314062 0.314062 0.314062
0 0.242188 0.410417 0.262891 0.410417 0.262891 0.443229 0.242188 0.443229
0 0.301562 0.365104 0.320703 0.365104 0.320703 0.390625 0.301562 0.390625
0 0.332812 0.394792 0.349219 0.394792 0.349219 0.423438 0.332812 0.423438
0 0.348828 0.372396 0.366406 0.372396 0.366406 0.398958 0.348828 0.398958
0 0.295312 0.438542 0.310938 0.438542 0.310938 0.468229 0.295312 0.468229
0 0.313672 0.434375 0.329297 0.434375 0.329297 0.464062 0.313672 0.464062
0 0.350781 0.438542 0.367188 0.438542 0.367188 0.465104 0.350781 0.465104
0 0.284766 0.472917 0.301953 0.472917 0.301953 0.492188 0.284766 0.492188
0 0.242578 0.524479 0.266016 0.524479 0.266016 0.546875 0.242578 0.546875
0 0.234375 0.551562 0.258594 0.551562 0.258594 0.575 0.234375 0.575
0 0.225391 0.578125 0.239844 0.578125 0.239844 0.598958 0.225391 0.598958
0 0.077734 0.469271 0.096875 0.469271 0.096875 0.489062 0.077734 0.489062
0 0.042578 0.654688 0.063281 0.654688 0.063281 0.681771 0.042578 0.681771
0 0.1 0.65625 0.115234 0.65625 0.115234 0.68125 0.1 0.68125
0 0.184375 0.718229 0.206641 0.718229 0.206641 0.745833 0.184375 0.745833
0 0.156641 0.754167 0.180078 0.754167 0.180078 0.780729 0.156641 0.780729
0 0.164844 0.867188 0.185547 0.867188 0.185547 0.905729 0.164844 0.905729
0 0.145703 0.883854 0.166016 0.883854 0.166016 0.915625 0.145703 0.915625
0 0.180469 0.822917 0.205469 0.822917 0.205469 0.842708 0.180469 0.842708
0 0.135547 0.850521 0.153906 0.850521 0.153906 0.870312 0.135547 0.870312
0 0.214844 0.823958 0.233594 0.823958 0.233594 0.848958 0.214844 0.848958
0 0.221875 0.848438 0.243359 0.848438 0.243359 0.873958 0.221875 0.873958
0 0.172656 0.783854 0.193359 0.783854 0.193359 0.802604 0.172656 0.802604
0 0.205078 0.794271 0.227734 0.794271 0.227734 0.820833 0.205078 0.820833
0 0.258984 0.75625 0.285938 0.75625 0.285938 0.790104 0.258984 0.790104
0 0.3 0.791146 0.314062 0.791146 0.314062 0.819271 0.3 0.819271
0 0.315234 0.848438 0.335156 0.848438 0.335156 0.876562 0.315234 0.876562
0 0.2625 0.829688 0.275391 0.829688 0.275391 0.85 0.2625 0.85
0 0.253906 0.964583 0.275391 0.964583 0.275391 0.989062 0.253906 0.989062
0 0.237109 0.933333 0.260156 0.933333 0.260156 0.959375 0.237109 0.959375
0 0.182422 0.941667 0.202734 0.941667 0.202734 0.966146 0.182422 0.966146
0 0.2125 0.967188 0.228516 0.967188 0.228516 0.995833 0.2125 0.995833
0 0.258594 0.902083 0.275391 0.902083 0.275391 0.923438 0.258594 0.923438
0 0.260938 0.865625 0.277734 0.865625 0.277734 0.894271 0.260938 0.894271
0 0.309766 0.895312 0.330469 0.895312 0.330469 0.923438 0.309766 0.923438
0 0.312891 0.945833 0.326953 0.945833 0.326953 0.973958 0.312891 0.973958
0 0.341406 0.977083 0.365625 0.977083 0.365625 0.999479 0.341406 0.999479
0 0.361719 0.932292 0.376562 0.932292 0.376562 0.960417 0.361719 0.960417
0 0.414062 0.963021 0.436328 0.963021 0.436328 0.997396 0.414062 0.997396
0 0.453516 0.941667 0.471484 0.941667 0.471484 0.976562 0.453516 0.976562
0 0.500781 0.971354 0.520703 0.971354 0.520703 0.999479 0.500781 0.999479
0 0.350391 0.894792 0.372266 0.894792 0.372266 0.917708 0.350391 0.917708
0 0.367188 0.863542 0.389062 0.863542 0.389062 0.885938 0.367188 0.885938
0 0.408984 0.918229 0.428516 0.918229 0.428516 0.947396 0.408984 0.947396
0 0.290234 0.595833 0.307812 0.595833 0.307812 0.626562 0.290234 0.626562
0 0.260156 0.615625 0.279688 0.615625 0.279688 0.64375 0.260156 0.64375
0 0.317969 0.616146 0.336719 0.616146 0.336719 0.640625 0.317969 0.640625
0 0.341016 0.608854 0.365625 0.608854 0.365625 0.639062 0.341016 0.639062
0 0.346094 0.655208 0.366406 0.655208 0.366406 0.689062 0.346094 0.689062
0 0.318359 0.655729 0.339844 0.655729 0.339844 0.689062 0.318359 0.689062
0 0.300781 0.656771 0.316797 0.656771 0.316797 0.689062 0.300781 0.689062
0 0.276953 0.671354 0.29375 0.671354 0.29375 0.7 0.276953 0.7
0 0.25625 0.683333 0.275 0.683333 0.275 0.708333 0.25625 0.708333
0 0.246484 0.708333 0.273438 0.708333 0.273438 0.732292 0.246484 0.732292
0 0.225 0.723438 0.243359 0.723438 0.243359 0.754167 0.225 0.754167
0 0.327734 0.744792 0.349609 0.744792 0.349609 0.76875 0.327734 0.76875
0 0.362109 0.779688 0.383984 0.779688 0.383984 0.804167 0.362109 0.804167
0 0.319922 0.777083 0.340625 0.777083 0.340625 0.805729 0.319922 0.805729
0 0.364062 0.746875 0.388672 0.746875 0.388672 0.769271 0.364062 0.769271
0 0.353125 0.703125 0.379688 0.703125 0.379688 0.728646 0.353125 0.728646
0 0.408594 0.729688 0.425391 0.729688 0.425391 0.765625 0.408594 0.765625
0 0.361719 0.829688 0.380078 0.829688 0.380078 0.853646 0.361719 0.853646
0 0.296875 0.146875 0.322656 0.146875 0.322656 0.175 0.296875 0.175
0 0.364453 0.14375 0.386328 0.14375 0.386328 0.170312 0.364453 0.170312
0 0.404688 0.142708 0.425781 0.142708 0.425781 0.171875 0.404688 0.171875
0 0.398828 0.180729 0.417969 0.180729 0.417969 0.201562 0.398828 0.201562
0 0.366406 0.188542 0.385547 0.188542 0.385547 0.21875 0.366406 0.21875
0 0.410156 0.018229 0.428125 0.018229 0.428125 0.038021 0.410156 0.038021
0 0.455859 0.003125 0.469531 0.003125 0.469531 0.032812 0.455859 0.032812
0 0.478125 0.0 0.497656 0.0 0.497656 0.028125 0.478125 0.028125
0 0.475 0.047396 0.489844 0.047396 0.489844 0.076042 0.475 0.076042
0 0.494922 0.036458 0.509375 0.036458 0.509375 0.05625 0.494922 0.05625
0 0.512109 0.0 0.525 0.0 0.525 0.020312 0.512109 0.020312
0 0.529297 0.015625 0.546484 0.015625 0.546484 0.04375 0.529297 0.04375
0 0.569922 0.002604 0.591016 0.002604 0.591016 0.022396 0.569922 0.022396
0 0.305859 0.211979 0.323047 0.211979 0.323047 0.232812 0.305859 0.232812
0 0.329297 0.23125 0.351562 0.23125 0.351562 0.268229 0.329297 0.268229
0 0.35 0.272917 0.369531 0.272917 0.369531 0.297396 0.35 0.297396
0 0.375391 0.240625 0.392578 0.240625 0.392578 0.26875 0.375391 0.26875
0 0.382812 0.280208 0.4 0.280208 0.4 0.310938 0.382812 0.310938
0 0.407422 0.234896 0.430859 0.234896 0.430859 0.266146 0.407422 0.266146
0 0.435156 0.251042 0.453906 0.251042 0.453906 0.279167 0.435156 0.279167
0 0.419922 0.283854 0.437891 0.283854 0.437891 0.311458 0.419922 0.311458
0 0.447266 0.304167 0.464453 0.304167 0.464453 0.333333 0.447266 0.333333
0 0.394922 0.321354 0.408594 0.321354 0.408594 0.348438 0.394922 0.348438
0 0.417969 0.330729 0.435938 0.330729 0.435938 0.355208 0.417969 0.355208
0 0.417969 0.367708 0.439453 0.367708 0.439453 0.3875 0.417969 0.3875
0 0.542578 0.082812 0.565234 0.082812 0.565234 0.111979 0.542578 0.111979
0 0.577734 0.061979 0.601562 0.061979 0.601562 0.088542 0.577734 0.088542
0 0.614844 0.074479 0.631641 0.074479 0.631641 0.1 0.614844 0.1
0 0.637891 0.09375 0.653906 0.09375 0.653906 0.120833 0.637891 0.120833
0 0.660938 0.072917 0.674219 0.072917 0.674219 0.099479 0.660938 0.099479
0 0.664844 0.049479 0.6875 0.049479 0.6875 0.069271 0.664844 0.069271
0 0.665234 0.008854 0.690234 0.008854 0.690234 0.034896 0.665234 0.034896
0 0.710938 0.003646 0.723047 0.003646 0.723047 0.021875 0.710938 0.021875
0 0.583594 0.108333 0.606641 0.108333 0.606641 0.135417 0.583594 0.135417
0 0.58125 0.146354 0.604297 0.146354 0.604297 0.172396 0.58125 0.172396
0 0.550391 0.133854 0.571484 0.133854 0.571484 0.157292 0.550391 0.157292
0 0.564844 0.182812 0.583203 0.182812 0.583203 0.209375 0.564844 0.209375
0 0.587109 0.180208 0.605469 0.180208 0.605469 0.209375 0.587109 0.209375
0 0.614062 0.199479 0.635938 0.199479 0.635938 0.224479 0.614062 0.224479
0 0.644922 0.188542 0.662891 0.188542 0.662891 0.214062 0.644922 0.214062
0 0.638281 0.129688 0.658203 0.129688 0.658203 0.153646 0.638281 0.153646
0 0.662109 0.166146 0.68125 0.166146 0.68125 0.185417 0.662109 0.185417
0 0.673828 0.135417 0.694141 0.135417 0.694141 0.168229 0.673828 0.168229
0 0.690234 0.080729 0.708984 0.080729 0.708984 0.111458 0.690234 0.111458
0 0.712891 0.039062 0.734766 0.039062 0.734766 0.065104 0.712891 0.065104
0 0.738672 0.067188 0.759375 0.067188 0.759375 0.088021 0.738672 0.088021
0 0.718359 0.077604 0.738281 0.077604 0.738281 0.101562 0.718359 0.101562
0 0.738672 0.097917 0.757812 0.097917 0.757812 0.129688 0.738672 0.129688
0 0.765625 0.110417 0.786328 0.110417 0.786328 0.1375 0.765625 0.1375
0 0.714453 0.123438 0.731641 0.123438 0.731641 0.155208 0.714453 0.155208
0 0.626953 0.233854 0.651562 0.233854 0.651562 0.258854 0.626953 0.258854
0 0.668359 0.210417 0.689844 0.210417 0.689844 0.2375 0.668359 0.2375
0 0.69375 0.226042 0.713281 0.226042 0.713281 0.253125 0.69375 0.253125
0 0.710156 0.180729 0.727734 0.180729 0.727734 0.208854 0.710156 0.208854
0 0.684375 0.266146 0.702734 0.266146 0.702734 0.285938 0.684375 0.285938
0 0.710547 0.255208 0.728125 0.255208 0.728125 0.283854 0.710547 0.283854
0 0.732422 0.255729 0.753906 0.255729 0.753906 0.283854 0.732422 0.283854
0 0.747656 0.208854 0.766406 0.208854 0.766406 0.239583 0.747656 0.239583
0 0.798047 0.229167 0.8125 0.229167 0.8125 0.257292 0.798047 0.257292
0 0.762109 0.16875 0.782031 0.16875 0.782031 0.196354 0.762109 0.196354
0 0.796484 0.158854 0.816406 0.158854 0.816406 0.189062 0.796484 0.189062
0 0.810547 0.209896 0.828125 0.209896 0.828125 0.235417 0.810547 0.235417
0 0.836719 0.196875 0.853906 0.196875 0.853906 0.219792 0.836719 0.219792
0 0.842969 0.145833 0.863672 0.145833 0.863672 0.170312 0.842969 0.170312
0 0.855078 0.105208 0.876562 0.105208 0.876562 0.125521 0.855078 0.125521
0 0.873438 0.130729 0.894531 0.130729 0.894531 0.151042 0.873438 0.151042
0 0.888672 0.082812 0.912109 0.082812 0.912109 0.107812 0.888672 0.107812
0 0.922656 0.091146 0.941797 0.091146 0.941797 0.116667 0.922656 0.116667
0 0.753125 0.023438 0.775 0.023438 0.775 0.046875 0.753125 0.046875
0 0.775391 0.0 0.796875 0.0 0.796875 0.01875 0.775391 0.01875
0 0.789844 0.034375 0.813672 0.034375 0.813672 0.055208 0.789844 0.055208
0 0.824219 0.008854 0.842969 0.008854 0.842969 0.032812 0.824219 0.032812
0 0.824219 0.050521 0.84375 0.050521 0.84375 0.075521 0.824219 0.075521
0 0.856641 0.034375 0.874219 0.034375 0.874219 0.063542 0.856641 0.063542
0 0.866406 0.000521 0.884766 0.000521 0.884766 0.029688 0.866406 0.029688
0 0.898438 0.011979 0.923438 0.011979 0.923438 0.035938 0.898438 0.035938
0 0.91875 0.04375 0.936328 0.04375 0.936328 0.071354 0.91875 0.071354
0 0.944531 0.041146 0.961719 0.041146 0.961719 0.078125 0.944531 0.078125
0 0.464062 0.211458 0.478125 0.211458 0.478125 0.2375 0.464062 0.2375
0 0.485156 0.225 0.505859 0.225 0.505859 0.247917 0.485156 0.247917
0 0.480859 0.254167 0.496094 0.254167 0.496094 0.28125 0.480859 0.28125
0 0.546484 0.2875 0.564844 0.2875 0.564844 0.317708 0.546484 0.317708
0 0.577344 0.301562 0.592969 0.301562 0.592969 0.330208 0.577344 0.330208
0 0.494922 0.380729 0.514844 0.380729 0.514844 0.408854 0.494922 0.408854
0 0.527734 0.3375 0.546875 0.3375 0.546875 0.367708 0.527734 0.367708
0 0.606641 0.302083 0.621484 0.302083 0.621484 0.33125 0.606641 0.33125
0 0.522266 0.394271 0.545312 0.394271 0.545312 0.429167 0.522266 0.429167
0 0.551562 0.330208 0.570312 0.330208 0.570312 0.35625 0.551562 0.35625
0 0.552344 0.378646 0.575391 0.378646 0.575391 0.409896 0.552344 0.409896
0 0.59375 0.380208 0.609766 0.380208 0.609766 0.408333 0.59375 0.408333
0 0.622266 0.403646 0.638672 0.403646 0.638672 0.427083 0.622266 0.427083
0 0.628516 0.367188 0.649609 0.367188 0.649609 0.395833 0.628516 0.395833
0 0.655469 0.411979 0.676562 0.411979 0.676562 0.440104 0.655469 0.440104
0 0.599219 0.43125 0.622266 0.43125 0.622266 0.460417 0.599219 0.460417
0 0.624609 0.469271 0.645312 0.469271 0.645312 0.500521 0.624609 0.500521
0 0.589844 0.482812 0.608984 0.482812 0.608984 0.513542 0.589844 0.513542
0 0.550391 0.457812 0.571094 0.457812 0.571094 0.4875 0.550391 0.4875
0 0.491406 0.434375 0.514453 0.434375 0.514453 0.456771 0.491406 0.456771
0 0.468359 0.484896 0.492969 0.484896 0.492969 0.516146 0.468359 0.516146
0 0.556641 0.509375 0.582422 0.509375 0.582422 0.539062 0.556641 0.539062
0 0.512891 0.455729 0.529688 0.455729 0.529688 0.478125 0.512891 0.478125
0 0.494922 0.528125 0.516406 0.528125 0.516406 0.554167 0.494922 0.554167
0 0.428516 0.5375 0.45 0.5375 0.45 0.563542 0.428516 0.563542
0 0.482422 0.583854 0.503906 0.583854 0.503906 0.60625 0.482422 0.60625
0 0.471484 0.603125 0.489844 0.603125 0.489844 0.630729 0.471484 0.630729
0 0.45625 0.622396 0.473828 0.622396 0.473828 0.649479 0.45625 0.649479
0 0.469531 0.665625 0.494922 0.665625 0.494922 0.689062 0.469531 0.689062
0 0.501562 0.616667 0.521875 0.616667 0.521875 0.645312 0.501562 0.645312
0 0.560156 0.565625 0.580078 0.565625 0.580078 0.582812 0.560156 0.582812
0 0.516406 0.564062 0.538672 0.564062 0.538672 0.593229 0.516406 0.593229
0 0.562891 0.641667 0.5875 0.641667 0.5875 0.667708 0.562891 0.667708
0 0.482031 0.708333 0.502344 0.708333 0.502344 0.732292 0.482031 0.732292
0 0.510938 0.689583 0.528125 0.689583 0.528125 0.715104 0.510938 0.715104
0 0.562109 0.704167 0.583203 0.704167 0.583203 0.726042 0.562109 0.726042
0 0.557812 0.672917 0.578516 0.672917 0.578516 0.694271 0.557812 0.694271
0 0.46875 0.884896 0.486328 0.884896 0.486328 0.910938 0.46875 0.910938
0 0.474219 0.845833 0.496875 0.845833 0.496875 0.869792 0.474219 0.869792
0 0.501562 0.817188 0.519922 0.817188 0.519922 0.848438 0.501562 0.848438
0 0.524219 0.83125 0.543359 0.83125 0.543359 0.865625 0.524219 0.865625
0 0.560547 0.869792 0.582422 0.869792 0.582422 0.894792 0.560547 0.894792
0 0.546094 0.905729 0.567969 0.905729 0.567969 0.935417 0.546094 0.935417
0 0.521875 0.772396 0.545312 0.772396 0.545312 0.796875 0.521875 0.796875
0 0.555078 0.783333 0.579688 0.783333 0.579688 0.810417 0.555078 0.810417
0 0.589453 0.794792 0.608203 0.794792 0.608203 0.826042 0.589453 0.826042
0 0.626953 0.874479 0.644531 0.874479 0.644531 0.905208 0.626953 0.905208
0 0.5875 0.844271 0.607422 0.844271 0.607422 0.873438 0.5875 0.873438
0 0.539453 0.953646 0.560156 0.953646 0.560156 0.979688 0.539453 0.979688
0 0.575 0.941146 0.595312 0.941146 0.595312 0.964062 0.575 0.964062
0 0.600781 0.908333 0.614062 0.908333 0.614062 0.940104 0.600781 0.940104
0 0.638281 0.91875 0.658594 0.91875 0.658594 0.942188 0.638281 0.942188
0 0.478125 0.953646 0.491406 0.953646 0.491406 0.977604 0.478125 0.977604
0 0.466797 0.974479 0.485547 0.974479 0.485547 0.999479 0.466797 0.999479
0 0.63125 0.954688 0.650781 0.954688 0.650781 0.975521 0.63125 0.975521
0 0.651172 0.970833 0.671484 0.970833 0.671484 0.997917 0.651172 0.997917
0 0.667969 0.918229 0.689453 0.918229 0.689453 0.945312 0.667969 0.945312
0 0.654688 0.86875 0.671875 0.86875 0.671875 0.901042 0.654688 0.901042
0 0.677734 0.872917 0.7 0.872917 0.7 0.898438 0.677734 0.898438
0 0.636719 0.784375 0.657422 0.784375 0.657422 0.815625 0.636719 0.815625
0 0.65625 0.822396 0.681641 0.822396 0.681641 0.852083 0.65625 0.852083
0 0.669531 0.772396 0.689453 0.772396 0.689453 0.803646 0.669531 0.803646
0 0.602734 0.745312 0.623828 0.745312 0.623828 0.765625 0.602734 0.765625
0 0.589844 0.661979 0.606641 0.661979 0.606641 0.692708 0.589844 0.692708
0 0.611719 0.650521 0.633203 0.650521 0.633203 0.675 0.611719 0.675
0 0.598438 0.589062 0.623828 0.589062 0.623828 0.615625 0.598438 0.615625
0 0.664453 0.621354 0.692578 0.621354 0.692578 0.646875 0.664453 0.646875
0 0.633594 0.589062 0.653125 0.589062 0.653125 0.619792 0.633594 0.619792
0 0.663281 0.570312 0.684766 0.570312 0.684766 0.59375 0.663281 0.59375
0 0.648047 0.53125 0.666406 0.53125 0.666406 0.559896 0.648047 0.559896
0 0.680078 0.514062 0.701953 0.514062 0.701953 0.540104 0.680078 0.540104
0 0.69375 0.542708 0.710938 0.542708 0.710938 0.567708 0.69375 0.567708
0 0.687109 0.455208 0.70625 0.455208 0.70625 0.476562 0.687109 0.476562
0 0.657812 0.458854 0.673438 0.458854 0.673438 0.488021 0.657812 0.488021
0 0.675781 0.36875 0.698438 0.36875 0.698438 0.39375 0.675781 0.39375
0 0.627734 0.303646 0.651953 0.303646 0.651953 0.330729 0.627734 0.330729
0 0.966406 0.216667 0.984766 0.216667 0.984766 0.240625 0.966406 0.240625
0 0.987891 0.251563 0.999609 0.251563 0.999609 0.278125 0.987891 0.278125
0 0.91875 0.252604 0.94375 0.252604 0.94375 0.277604 0.91875 0.277604
0 0.914844 0.284375 0.9375 0.284375 0.9375 0.316667 0.914844 0.316667
0 0.950391 0.289583 0.967188 0.289583 0.967188 0.316667 0.950391 0.316667
0 0.982812 0.313542 0.999609 0.313542 0.999609 0.341667 0.982812 0.341667
0 0.939062 0.338021 0.957422 0.338021 0.957422 0.365625 0.939062 0.365625
0 0.967188 0.360417 0.991406 0.360417 0.991406 0.388021 0.967188 0.388021
0 0.904297 0.325 0.922656 0.325 0.922656 0.355208 0.904297 0.355208
0 0.879297 0.351042 0.897266 0.351042 0.897266 0.379688 0.879297 0.379688
0 0.910938 0.376042 0.93125 0.376042 0.93125 0.403646 0.910938 0.403646
0 0.969922 0.405208 0.987891 0.405208 0.987891 0.430208 0.969922 0.430208
0 0.8125 0.385417 0.829688 0.385417 0.829688 0.415104 0.8125 0.415104
0 0.844531 0.392708 0.866016 0.392708 0.866016 0.421354 0.844531 0.421354
0 0.858594 0.434375 0.878906 0.434375 0.878906 0.464062 0.858594 0.464062
0 0.884375 0.410417 0.903125 0.410417 0.903125 0.439062 0.884375 0.439062
0 0.914453 0.419271 0.932031 0.419271 0.932031 0.447396 0.914453 0.447396
0 0.836328 0.45 0.852734 0.45 0.852734 0.48125 0.836328 0.48125
0 0.795703 0.442188 0.820312 0.442188 0.820312 0.469792 0.795703 0.469792
0 0.777344 0.402083 0.796875 0.402083 0.796875 0.433333 0.777344 0.433333
0 0.958984 0.438542 0.977344 0.438542 0.977344 0.470312 0.958984 0.470312
0 0.981641 0.454167 0.997656 0.454167 0.997656 0.4875 0.981641 0.4875
0 0.858984 0.488021 0.878516 0.488021 0.878516 0.515625 0.858984 0.515625
0 0.814453 0.483333 0.838672 0.483333 0.838672 0.513021 0.814453 0.513021
0 0.88125 0.5125 0.899609 0.5125 0.899609 0.542188 0.88125 0.542188
0 0.910938 0.523958 0.93125 0.523958 0.93125 0.555729 0.910938 0.555729
0 0.966016 0.509375 0.986328 0.509375 0.986328 0.530208 0.966016 0.530208
0 0.7875 0.543229 0.807422 0.543229 0.807422 0.572917 0.7875 0.572917
0 0.817578 0.545312 0.834375 0.545312 0.834375 0.579688 0.817578 0.579688
0 0.855078 0.572396 0.876172 0.572396 0.876172 0.599479 0.855078 0.599479
0 0.886328 0.556771 0.909375 0.556771 0.909375 0.583854 0.886328 0.583854
0 0.907422 0.595833 0.926953 0.595833 0.926953 0.627083 0.907422 0.627083
0 0.929297 0.566667 0.946094 0.566667 0.946094 0.594792 0.929297 0.594792
0 0.858984 0.617188 0.883594 0.617188 0.883594 0.641146 0.858984 0.641146
0 0.785938 0.582812 0.810156 0.582812 0.810156 0.60625 0.785938 0.60625
0 0.771094 0.620833 0.788672 0.620833 0.788672 0.65 0.771094 0.65
0 0.805469 0.621875 0.828125 0.621875 0.828125 0.652083 0.805469 0.652083
0 0.836719 0.653125 0.851562 0.653125 0.851562 0.681771 0.836719 0.681771
0 0.808594 0.659896 0.827344 0.659896 0.827344 0.681771 0.808594 0.681771
0 0.820312 0.682292 0.838281 0.682292 0.838281 0.707812 0.820312 0.707812
0 0.789844 0.685417 0.809766 0.685417 0.809766 0.707292 0.789844 0.707292
0 0.782422 0.658854 0.804297 0.658854 0.804297 0.683333 0.782422 0.683333
0 0.967969 0.6875 0.989453 0.6875 0.989453 0.722917 0.967969 0.722917
0 0.906641 0.725 0.927734 0.725 0.927734 0.752604 0.906641 0.752604
0 0.961719 0.748438 0.979688 0.748438 0.979688 0.778646 0.961719 0.778646
0 0.939062 0.765625 0.959766 0.765625 0.959766 0.797917 0.939062 0.797917
0 0.980469 0.794792 0.999609 0.794792 0.999609 0.821354 0.980469 0.821354
0 0.918359 0.792708 0.938672 0.792708 0.938672 0.827604 0.918359 0.827604
0 0.948047 0.836458 0.973047 0.836458 0.973047 0.868229 0.948047 0.868229
0 0.894922 0.760938 0.914453 0.760938 0.914453 0.794792 0.894922 0.794792
0 0.845312 0.742188 0.867969 0.742188 0.867969 0.759896 0.845312 0.759896
0 0.852344 0.765104 0.874219 0.765104 0.874219 0.792708 0.852344 0.792708
0 0.822656 0.773438 0.847266 0.773438 0.847266 0.801562 0.822656 0.801562
0 0.771875 0.828646 0.788672 0.828646 0.788672 0.857292 0.771875 0.857292
0 0.811719 0.81875 0.832422 0.81875 0.832422 0.850521 0.811719 0.850521
0 0.809375 0.857812 0.832812 0.857812 0.832812 0.880208 0.809375 0.880208
0 0.846484 0.893229 0.861719 0.893229 0.861719 0.922396 0.846484 0.922396
0 0.863672 0.913542 0.881641 0.913542 0.881641 0.942708 0.863672 0.942708
0 0.866016 0.86875 0.895703 0.86875 0.895703 0.898958 0.866016 0.898958
0 0.845312 0.822917 0.864062 0.822917 0.864062 0.857812 0.845312 0.857812
0 0.930859 0.935417 0.952734 0.935417 0.952734 0.964062 0.930859 0.964062
0 0.978125 0.940625 0.994141 0.940625 0.994141 0.971354 0.978125 0.971354
0 0.955469 0.890104 0.979297 0.890104 0.979297 0.925 0.955469 0.925
0 0.904688 0.873438 0.925 0.873438 0.925 0.915104 0.904688 0.915104
0 0.889453 0.813021 0.912109 0.813021 0.912109 0.849479 0.889453 0.849479
0 0.908203 0.93125 0.926172 0.93125 0.926172 0.964062 0.908203 0.964062