0 0.730078 0.725 0.75 0.725 0.75 0.752604 0.730078 0.752604
0 0.7125 0.703646 0.735156 0.703646 0.735156 0.73125 0.7125 0.73125
0 0.816016 0.595833 0.830859 0.595833 0.830859 0.634375 0.816016 0.634375
0 0.630078 0.741667 0.652734 0.741667 0.652734 0.766667 0.630078 0.766667
0 0.581641 0.755729 0.603125 0.755729 0.603125 0.774479 0.581641 0.774479
0 0.58125 0.698438 0.607422 0.698438 0.607422 0.716667 0.58125 0.716667
0 0.614062 0.6625 0.640234 0.6625 0.640234 0.68125 0.614062 0.68125
0 0.708594 0.824479 0.725391 0.824479 0.725391 0.861458 0.708594 0.861458
0 0.758594 0.824479 0.774609 0.824479 0.774609 0.855729 0.758594 0.855729
0 0.7875 0.791667 0.805469 0.791667 0.805469 0.826562 0.7875 0.826562
0 0.817969 0.775521 0.841797 0.775521 0.841797 0.813021 0.817969 0.813021
0 0.822656 0.830208 0.842188 0.830208 0.842188 0.865625 0.822656 0.865625
0 0.667578 0.842188 0.688672 0.842188 0.688672 0.876562 0.667578 0.876562
0 0.692188 0.871354 0.708984 0.871354 0.708984 0.899479 0.692188 0.899479
0 0.669141 0.9 0.688281 0.9 0.688281 0.927604 0.669141 0.927604
0 0.708594 0.929688 0.732422 0.929688 0.732422 0.954167 0.708594 0.954167
0 0.744531 0.890625 0.768359 0.890625 0.768359 0.916146 0.744531 0.916146
0 0.736719 0.871354 0.755859 0.871354 0.755859 0.894271 0.736719 0.894271
0 0.753125 0.928125 0.776172 0.928125 0.776172 0.958854 0.753125 0.958854
0 0.796094 0.942708 0.817188 0.942708 0.817188 0.971875 0.796094 0.971875
0 0.813672 0.893229 0.837109 0.893229 0.837109 0.925521 0.813672 0.925521
0 0.7875 0.828125 0.808594 0.828125 0.808594 0.861458 0.7875 0.861458
0 0.958594 0.975521 0.976562 0.975521 0.976562 0.997396 0.958594 0.997396
0 0.930469 0.827083 0.947656 0.827083 0.947656 0.858333 0.930469 0.858333
0 0.902734 0.859896 0.926562 0.859896 0.926562 0.888542 0.902734 0.888542
0 0.865625 0.864062 0.884766 0.864062 0.884766 0.892188 0.865625 0.892188
0 0.891016 0.798438 0.908594 0.798438 0.908594 0.826042 0.891016 0.826042
0 0.878125 0.946354 0.896484 0.946354 0.896484 0.976042 0.878125 0.976042
0 0.850391 0.969271 0.870312 0.969271 0.870312 0.996875 0.850391 0.996875
0 0.823047 0.965625 0.841797 0.965625 0.841797 0.993229 0.823047 0.993229
0 0.885547 0.736979 0.90625 0.736979 0.90625 0.770833 0.885547 0.770833
0 0.9375 0.764583 0.963281 0.764583 0.963281 0.790104 0.9375 0.790104
0 0.95 0.797917 0.976562 0.797917 0.976562 0.829688 0.95 0.829688
0 0.853516 0.767188 0.879688 0.767188 0.879688 0.802604 0.853516 0.802604
0 0.831641 0.717708 0.852344 0.717708 0.852344 0.752604 0.831641 0.752604
0 0.723828 0.958333 0.740625 0.958333 0.740625 0.990625 0.723828 0.990625
0 0.670312 0.959896 0.687109 0.959896 0.687109 0.981771 0.670312 0.981771
0 0.639453 0.942708 0.660547 0.942708 0.660547 0.974479 0.639453 0.974479
0 0.609766 0.915104 0.628516 0.915104 0.628516 0.942708 0.609766 0.942708
0 0.616016 0.872917 0.6375 0.872917 0.6375 0.897396 0.616016 0.897396
0 0.650781 0.832292 0.664453 0.832292 0.664453 0.861458 0.650781 0.861458
0 0.615625 0.833333 0.638672 0.833333 0.638672 0.85625 0.615625 0.85625
0 0.566406 0.977604 0.579297 0.977604 0.579297 0.999479 0.566406 0.999479
0 0.579688 0.982292 0.604297 0.982292 0.604297 0.999479 0.579688 0.999479
0 0.560938 0.9 0.580469 0.9 0.580469 0.925521 0.560938 0.925521
0 0.537891 0.683854 0.558594 0.683854 0.558594 0.709896 0.537891 0.709896
0 0.548828 0.772917 0.572266 0.772917 0.572266 0.796354 0.548828 0.796354
0 0.522266 0.798958 0.548438 0.798958 0.548438 0.825521 0.522266 0.825521
0 0.537891 0.85625 0.559766 0.85625 0.559766 0.874479 0.537891 0.874479
0 0.490625 0.871875 0.517578 0.871875 0.517578 0.900521 0.490625 0.900521
0 0.501562 0.928646 0.526953 0.928646 0.526953 0.953646 0.501562 0.953646
0 0.528516 0.977083 0.555078 0.977083 0.555078 0.999479 0.528516 0.999479
0 0.444531 0.957292 0.465625 0.957292 0.465625 0.979167 0.444531 0.979167
0 0.441016 0.901042 0.460938 0.901042 0.460938 0.93125 0.441016 0.93125
0 0.423438 0.848958 0.449219 0.848958 0.449219 0.868229 0.423438 0.868229
0 0.380078 0.865104 0.405078 0.865104 0.405078 0.897917 0.380078 0.897917
0 0.4 0.93125 0.417969 0.93125 0.417969 0.960417 0.4 0.960417
0 0.3625 0.907812 0.391016 0.907812 0.391016 0.93125 0.3625 0.93125
0 0.359766 0.95625 0.380078 0.95625 0.380078 0.989583 0.359766 0.989583
0 0.323047 0.958333 0.339844 0.958333 0.339844 0.995312 0.323047 0.995312
0 0.292188 0.94375 0.314062 0.94375 0.314062 0.974479 0.292188 0.974479
0 0.414453 0.788021 0.440625 0.788021 0.440625 0.818229 0.414453 0.818229
0 0.446094 0.777604 0.468359 0.777604 0.468359 0.808333 0.446094 0.808333
0 0.489062 0.790625 0.512891 0.790625 0.512891 0.810938 0.489062 0.810938
0 0.495312 0.742188 0.518359 0.742188 0.518359 0.760417 0.495312 0.760417
0 0.436328 0.7125 0.463672 0.7125 0.463672 0.735417 0.436328 0.735417
0 0.452344 0.683854 0.476953 0.683854 0.476953 0.705208 0.452344 0.705208
0 0.496484 0.672396 0.521484 0.672396 0.521484 0.705729 0.496484 0.705729
0 0.519531 0.630208 0.542969 0.630208 0.542969 0.652604 0.519531 0.652604
0 0.580469 0.626562 0.603125 0.626562 0.603125 0.659375 0.580469 0.659375
0 0.618359 0.613021 0.644141 0.613021 0.644141 0.631771 0.618359 0.631771
0 0.576172 0.556771 0.599219 0.556771 0.599219 0.584896 0.576172 0.584896
0 0.550391 0.592708 0.580859 0.592708 0.580859 0.616146 0.550391 0.616146
0 0.492969 0.546354 0.519531 0.546354 0.519531 0.571875 0.492969 0.571875
0 0.477734 0.601042 0.501562 0.601042 0.501562 0.631771 0.477734 0.631771
0 0.438281 0.620833 0.464062 0.620833 0.464062 0.651562 0.438281 0.651562
0 0.785938 0.520312 0.810938 0.520312 0.810938 0.551562 0.785938 0.551562
0 0.764062 0.553646 0.791016 0.553646 0.791016 0.579167 0.764062 0.579167
0 0.748438 0.576042 0.770312 0.576042 0.770312 0.60625 0.748438 0.60625
0 0.720312 0.595312 0.744922 0.595312 0.744922 0.625 0.720312 0.625
0 0.718359 0.554688 0.739453 0.554688 0.739453 0.588021 0.718359 0.588021
0 0.687109 0.518229 0.712109 0.518229 0.712109 0.548438 0.687109 0.548438
0 0.742969 0.493229 0.775 0.493229 0.775 0.519271 0.742969 0.519271
0 0.737891 0.434896 0.764844 0.434896 0.764844 0.471875 0.737891 0.471875
0 0.707422 0.418229 0.726562 0.418229 0.726562 0.457292 0.707422 0.457292
0 0.694922 0.474479 0.724609 0.474479 0.724609 0.50625 0.694922 0.50625
0 0.671484 0.422917 0.691797 0.422917 0.691797 0.452083 0.671484 0.452083
0 0.627344 0.407292 0.646484 0.407292 0.646484 0.440625 0.627344 0.440625
0 0.589453 0.396875 0.610156 0.396875 0.610156 0.423958 0.589453 0.423958
0 0.555469 0.354688 0.576562 0.354688 0.576562 0.375 0.555469 0.375
0 0.616797 0.473958 0.645312 0.473958 0.645312 0.494271 0.616797 0.494271
0 0.642969 0.495312 0.664844 0.495312 0.664844 0.518229 0.642969 0.518229
0 0.658203 0.564583 0.682031 0.564583 0.682031 0.592708 0.658203 0.592708
0 0.689453 0.601042 0.713281 0.601042 0.713281 0.63125 0.689453 0.63125
0 0.614062 0.533333 0.637891 0.533333 0.637891 0.555208 0.614062 0.555208
0 0.572266 0.470833 0.599609 0.470833 0.599609 0.494271 0.572266 0.494271
0 0.555469 0.503646 0.576172 0.503646 0.576172 0.533333 0.555469 0.533333
0 0.522266 0.503646 0.540625 0.503646 0.540625 0.534375 0.522266 0.534375
0 0.50625 0.443229 0.531641 0.443229 0.531641 0.472396 0.50625 0.472396
0 0.475391 0.489583 0.500781 0.489583 0.500781 0.522917 0.475391 0.522917
0 0.434766 0.479688 0.457422 0.479688 0.457422 0.508333 0.434766 0.508333
0 0.939844 0.322396 0.967969 0.322396 0.967969 0.352083 0.939844 0.352083
0 0.952344 0.364583 0.980469 0.364583 0.980469 0.388542 0.952344 0.388542
0 0.042188 0.924479 0.06875 0.924479 0.06875 0.952083 0.042188 0.952083
0 0.082812 0.919792 0.099609 0.919792 0.099609 0.950521 0.082812 0.950521
0 0.134766 0.932812 0.153125 0.932812 0.153125 0.966667 0.134766 0.966667
0 0.117578 0.970833 0.139844 0.970833 0.139844 0.998958 0.117578 0.998958
0 0.086328 0.96875 0.105469 0.96875 0.105469 0.996875 0.086328 0.996875
0 0.050781 0.857292 0.070703 0.857292 0.070703 0.888021 0.050781 0.888021
0 0.080859 0.844792 0.102344 0.844792 0.102344 0.877604 0.080859 0.877604
0 0.103125 0.816146 0.126172 0.816146 0.126172 0.845833 0.103125 0.845833
0 0.141406 0.834375 0.159766 0.834375 0.159766 0.865625 0.141406 0.865625
0 0.155859 0.880208 0.176172 0.880208 0.176172 0.902083 0.155859 0.902083
0 0.182422 0.855208 0.198828 0.855208 0.198828 0.883333 0.182422 0.883333
0 0.214453 0.789583 0.237891 0.789583 0.237891 0.813542 0.214453 0.813542
0 0.219531 0.748958 0.240625 0.748958 0.240625 0.779167 0.219531 0.779167
0 0.0 0.879688 0.020703 0.879688 0.020703 0.902083 0.0 0.902083
0 0.002734 0.917708 0.019922 0.917708 0.019922 0.952083 0.002734 0.952083
0 0.326562 0.581771 0.343359 0.581771 0.343359 0.615625 0.326562 0.615625
0 0.313281 0.529167 0.330859 0.529167 0.330859 0.559896 0.313281 0.559896
0 0.301562 0.609896 0.321484 0.609896 0.321484 0.642708 0.301562 0.642708
0 0.278516 0.554167 0.294141 0.554167 0.294141 0.588021 0.278516 0.588021
0 0.243359 0.560417 0.260156 0.560417 0.260156 0.590625 0.243359 0.590625
0 0.223047 0.610938 0.242188 0.610938 0.242188 0.641146 0.223047 0.641146
0 0.198828 0.600521 0.215234 0.600521 0.215234 0.63125 0.198828 0.63125
0 0.184375 0.703646 0.206641 0.703646 0.206641 0.730208 0.184375 0.730208
0 0.167969 0.809375 0.182031 0.809375 0.182031 0.826042 0.167969 0.826042
0 0.108984 0.766146 0.132031 0.766146 0.132031 0.791667 0.108984 0.791667
0 0.071484 0.750521 0.087891 0.750521 0.087891 0.779688 0.071484 0.779688
0 0.029688 0.756771 0.049219 0.756771 0.049219 0.789583 0.029688 0.789583
0 0.032812 0.702604 0.049609 0.702604 0.049609 0.734896 0.032812 0.734896
0 0.0875 0.704688 0.105078 0.704688 0.105078 0.735417 0.0875 0.735417
0 0.123828 0.730729 0.145703 0.730729 0.145703 0.758854 0.123828 0.758854
0 0.118359 0.663021 0.144531 0.663021 0.144531 0.688542 0.118359 0.688542
0 0.069922 0.623438 0.087109 0.623438 0.087109 0.652083 0.069922 0.652083
0 0.043359 0.634896 0.059375 0.634896 0.059375 0.660938 0.043359 0.660938
0 0.0 0.694271 0.013281 0.694271 0.013281 0.727083 0.0 0.727083
0 0.055078 0.315625 0.082031 0.315625 0.082031 0.338021 0.055078 0.338021
0 0.039062 0.339583 0.057422 0.339583 0.057422 0.367708 0.039062 0.367708
0 0.066406 0.354688 0.090625 0.354688 0.090625 0.379167 0.066406 0.379167
0 0.103906 0.386979 0.13125 0.386979 0.13125 0.4125 0.103906 0.4125
0 0.099609 0.441146 0.126172 0.441146 0.126172 0.465625 0.099609 0.465625
0 0.098047 0.484896 0.123828 0.484896 0.123828 0.50625 0.098047 0.50625
0 0.104297 0.525 0.126172 0.525 0.126172 0.546875 0.104297 0.546875
0 0.140234 0.585938 0.163281 0.585938 0.163281 0.611458 0.140234 0.611458
0 0.158203 0.631771 0.182031 0.631771 0.182031 0.659375 0.158203 0.659375
0 0.112109 0.605729 0.134766 0.605729 0.134766 0.630729 0.112109 0.630729
0 0.098047 0.576562 0.117969 0.576562 0.117969 0.597917 0.098047 0.597917
0 0.079688 0.566146 0.103906 0.566146 0.103906 0.589062 0.079688 0.589062
0 0.044922 0.515104 0.069531 0.515104 0.069531 0.539583 0.044922 0.539583
0 0.033594 0.458854 0.05625 0.458854 0.05625 0.485417 0.033594 0.485417
0 0.065234 0.409896 0.091406 0.409896 0.091406 0.439062 0.065234 0.439062
0 0.032812 0.393229 0.052344 0.393229 0.052344 0.424479 0.032812 0.424479
0 0.188672 0.496354 0.204297 0.496354 0.204297 0.527604 0.188672 0.527604
0 0.164453 0.539583 0.182812 0.539583 0.182812 0.568229 0.164453 0.568229
0 0.210156 0.534896 0.228516 0.534896 0.228516 0.568229 0.210156 0.568229
0 0.232422 0.509375 0.254688 0.509375 0.254688 0.543229 0.232422 0.543229
0 0.232422 0.465625 0.260938 0.465625 0.260938 0.490625 0.232422 0.490625
0 0.214453 0.466146 0.235156 0.466146 0.235156 0.497917 0.214453 0.497917
0 0.239062 0.416146 0.260547 0.416146 0.260547 0.445833 0.239062 0.445833
0 0.315234 0.465625 0.338672 0.465625 0.338672 0.498438 0.315234 0.498438
0 0.312891 0.391667 0.333984 0.391667 0.333984 0.425 0.312891 0.425
0 0.349609 0.406771 0.374609 0.406771 0.374609 0.429688 0.349609 0.429688
0 0.397656 0.422917 0.418359 0.422917 0.418359 0.444792 0.397656 0.444792
0 0.422266 0.385938 0.445312 0.385938 0.445312 0.414583 0.422266 0.414583
0 0.408203 0.341146 0.432422 0.341146 0.432422 0.3625 0.408203 0.3625
0 0.411719 0.297917 0.432812 0.297917 0.432812 0.326562 0.411719 0.326562
0 0.384375 0.267708 0.415625 0.267708 0.415625 0.292188 0.384375 0.292188
0 0.359766 0.296354 0.387891 0.296354 0.387891 0.324479 0.359766 0.324479
0 0.378125 0.349479 0.396875 0.349479 0.396875 0.388542 0.378125 0.388542
0 0.351172 0.444271 0.371875 0.444271 0.371875 0.468229 0.351172 0.468229
0 0.165625 0.402083 0.186719 0.402083 0.186719 0.435938 0.165625 0.435938
0 0.2 0.388021 0.220312 0.388021 0.220312 0.413021 0.2 0.413021
0 0.245703 0.351562 0.265625 0.351562 0.265625 0.375521 0.245703 0.375521
0 0.180469 0.341146 0.206641 0.341146 0.206641 0.360938 0.180469 0.360938
0 0.113672 0.311458 0.141797 0.311458 0.141797 0.333333 0.113672 0.333333
0 0.148047 0.260938 0.164844 0.260938 0.164844 0.297396 0.148047 0.297396
0 0.179688 0.267708 0.203125 0.267708 0.203125 0.292188 0.179688 0.292188
0 0.248438 0.282292 0.270312 0.282292 0.270312 0.308854 0.248438 0.308854
0 0.316406 0.332812 0.347656 0.332812 0.347656 0.359896 0.316406 0.359896
0 0.298828 0.279167 0.326172 0.279167 0.326172 0.304167 0.298828 0.304167
0 0.305078 0.243229 0.327734 0.243229 0.327734 0.267708 0.305078 0.267708
0 0.333203 0.252604 0.363281 0.252604 0.363281 0.274479 0.333203 0.274479
0 0.097656 0.273438 0.123438 0.273438 0.123438 0.292708 0.097656 0.292708
0 0.102344 0.217188 0.123828 0.217188 0.123828 0.244792 0.102344 0.244792
0 0.063281 0.216667 0.090234 0.216667 0.090234 0.243229 0.063281 0.243229
0 0.054688 0.142188 0.078125 0.142188 0.078125 0.167708 0.054688 0.167708
0 0.093359 0.132812 0.112891 0.132812 0.112891 0.165104 0.093359 0.165104
0 0.128125 0.122917 0.146875 0.122917 0.146875 0.159375 0.128125 0.159375
0 0.151953 0.145833 0.174219 0.145833 0.174219 0.177083 0.151953 0.177083
0 0.189844 0.204688 0.214062 0.204688 0.214062 0.235417 0.189844 0.235417
0 0.227344 0.188542 0.244922 0.188542 0.244922 0.219792 0.227344 0.219792
0 0.257812 0.205208 0.289844 0.205208 0.289844 0.238542 0.257812 0.238542
0 0.215625 0.101562 0.238672 0.101562 0.238672 0.135417 0.215625 0.135417
0 0.265625 0.132292 0.291406 0.132292 0.291406 0.161979 0.265625 0.161979
0 0.288672 0.105729 0.310156 0.105729 0.310156 0.133854 0.288672 0.133854
0 0.305859 0.160417 0.334766 0.160417 0.334766 0.182812 0.305859 0.182812
0 0.310547 0.202083 0.335938 0.202083 0.335938 0.224479 0.310547 0.224479
0 0.347656 0.202083 0.375391 0.202083 0.375391 0.230208 0.347656 0.230208
0 0.353516 0.172396 0.382031 0.172396 0.382031 0.203125 0.353516 0.203125
0 0.199609 0.164062 0.219922 0.164062 0.219922 0.189062 0.199609 0.189062
0 0.198438 0.044271 0.217969 0.044271 0.217969 0.076562 0.198438 0.076562
0 0.151562 0.079688 0.180078 0.079688 0.180078 0.101562 0.151562 0.101562
0 0.128516 0.022917 0.153906 0.022917 0.153906 0.048438 0.128516 0.048438
0 0.144531 0.008854 0.160938 0.008854 0.160938 0.035417 0.144531 0.035417
0 0.154297 0.000521 0.173438 0.000521 0.173438 0.032812 0.154297 0.032812
0 0.100391 0.003646 0.119531 0.003646 0.119531 0.032292 0.100391 0.032292
0 0.117578 0.001042 0.138281 0.001042 0.138281 0.022396 0.117578 0.022396
0 0.090234 0.070833 0.114844 0.070833 0.114844 0.104688 0.090234 0.104688
0 0.058984 0.100521 0.088672 0.100521 0.088672 0.124479 0.058984 0.124479
0 0.054688 0.048958 0.073438 0.048958 0.073438 0.082812 0.054688 0.082812
0 0.728516 0.216667 0.752734 0.216667 0.752734 0.248958 0.728516 0.248958
0 0.775 0.211979 0.804297 0.211979 0.804297 0.235417 0.775 0.235417
0 0.817188 0.207292 0.843359 0.207292 0.843359 0.241146 0.817188 0.241146
0 0.815625 0.166146 0.832812 0.166146 0.832812 0.202083 0.815625 0.202083
0 0.840234 0.184375 0.861328 0.184375 0.861328 0.215104 0.840234 0.215104
0 0.857812 0.14375 0.883984 0.14375 0.883984 0.172396 0.857812 0.172396
0 0.86875 0.104688 0.888672 0.104688 0.888672 0.134896 0.86875 0.134896
0 0.874219 0.054167 0.893359 0.054167 0.893359 0.086458 0.874219 0.086458
0 0.820703 0.075 0.848438 0.075 0.848438 0.098438 0.820703 0.098438
0 0.811328 0.113021 0.833594 0.113021 0.833594 0.141667 0.811328 0.141667
0 0.775391 0.097396 0.800391 0.097396 0.800391 0.122396 0.775391 0.122396
0 0.753516 0.1375 0.781641 0.1375 0.781641 0.172396 0.753516 0.172396
0 0.722656 0.152604 0.744531 0.152604 0.744531 0.192708 0.722656 0.192708
0 0.680859 0.145312 0.700781 0.145312 0.700781 0.179688 0.680859 0.179688
0 0.682031 0.111458 0.714062 0.111458 0.714062 0.133333 0.682031 0.133333
0 0.727344 0.050521 0.744531 0.050521 0.744531 0.079688 0.727344 0.079688
0 0.766797 0.041146 0.794141 0.041146 0.794141 0.069792 0.766797 0.069792
0 0.812109 0.028646 0.839844 0.028646 0.839844 0.054167 0.812109 0.054167
0 0.698438 0.007812 0.727734 0.007812 0.727734 0.034896 0.698438 0.034896
0 0.675781 0.048958 0.695312 0.048958 0.695312 0.082812 0.675781 0.082812
0 0.635156 0.071875 0.666406 0.071875 0.666406 0.100521 0.635156 0.100521
0 0.648828 0.173958 0.675781 0.173958 0.675781 0.2125 0.648828 0.2125
0 0.621094 0.151562 0.646484 0.151562 0.646484 0.181771 0.621094 0.181771
0 0.583594 0.117708 0.601562 0.117708 0.601562 0.151562 0.583594 0.151562
0 0.559766 0.060417 0.585156 0.060417 0.585156 0.09375 0.559766 0.09375
0 0.553906 0.131771 0.574609 0.131771 0.574609 0.170833 0.553906 0.170833
0 0.512891 0.138542 0.5375 0.138542 0.5375 0.167188 0.512891 0.167188
0 0.523047 0.1 0.548047 0.1 0.548047 0.130729 0.523047 0.130729
0 0.533984 0.059896 0.553125 0.059896 0.553125 0.089583 0.533984 0.089583
0 0.588672 0.017708 0.610547 0.017708 0.610547 0.051042 0.588672 0.051042
0 0.656641 0.017188 0.676172 0.017188 0.676172 0.044271 0.656641 0.044271
0 0.544531 0.007812 0.565625 0.007812 0.565625 0.033333 0.544531 0.033333
0 0.499219 0.017708 0.525391 0.017708 0.525391 0.046354 0.499219 0.046354
0 0.459375 0.0 0.483594 0.0 0.483594 0.029688 0.459375 0.029688
0 0.440234 0.023958 0.465625 0.023958 0.465625 0.054167 0.440234 0.054167
0 0.433203 0.09375 0.45625 0.09375 0.45625 0.120833 0.433203 0.120833
0 0.454688 0.127083 0.477734 0.127083 0.477734 0.154167 0.454688 0.154167
0 0.471484 0.103125 0.494141 0.103125 0.494141 0.136979 0.471484 0.136979
0 0.501172 0.095312 0.518359 0.095312 0.518359 0.128646 0.501172 0.128646
0 0.410547 0.056771 0.439453 0.056771 0.439453 0.085417 0.410547 0.085417
0 0.376562 0.014062 0.398047 0.014062 0.398047 0.050521 0.376562 0.050521
0 0.404297 0.001042 0.435547 0.001042 0.435547 0.020312 0.404297 0.020312
0 0.626953 0.017708 0.645703 0.017708 0.645703 0.058333 0.626953 0.058333
0 0.765234 0.247396 0.795312 0.247396 0.795312 0.301562 0.765234 0.301562