0 0.338672 0.543229 0.364844 0.543229 0.364844 0.576042 0.338672 0.576042
0 0.375 0.540625 0.396875 0.540625 0.396875 0.576562 0.375 0.576562
0 0.413281 0.605208 0.444141 0.605208 0.444141 0.6375 0.413281 0.6375
0 0.412109 0.56875 0.438672 0.56875 0.438672 0.593229 0.412109 0.593229
0 0.367969 0.486979 0.395312 0.486979 0.395312 0.510417 0.367969 0.510417
0 0.335938 0.426042 0.357422 0.426042 0.357422 0.459896 0.335938 0.459896
0 0.330469 0.495833 0.357031 0.495833 0.357031 0.527604 0.330469 0.527604
0 0.439453 0.526042 0.46875 0.526042 0.46875 0.557812 0.439453 0.557812
0 0.449609 0.481771 0.476172 0.481771 0.476172 0.510417 0.449609 0.510417
0 0.48125 0.494792 0.507031 0.494792 0.507031 0.53125 0.48125 0.53125
0 0.508203 0.540104 0.539062 0.540104 0.539062 0.574479 0.508203 0.574479
0 0.493359 0.594271 0.526562 0.594271 0.526562 0.61875 0.493359 0.61875
0 0.464844 0.431771 0.483594 0.431771 0.483594 0.464583 0.464844 0.464583
0 0.429297 0.424479 0.446094 0.424479 0.446094 0.458333 0.429297 0.458333
0 0.416406 0.457812 0.441406 0.457812 0.441406 0.481771 0.416406 0.481771
0 0.376562 0.440104 0.4 0.440104 0.4 0.471875 0.376562 0.471875
0 0.396875 0.420833 0.422656 0.420833 0.422656 0.45 0.396875 0.45
0 0.357031 0.36875 0.380078 0.36875 0.380078 0.404167 0.357031 0.404167
0 0.324609 0.372396 0.354297 0.372396 0.354297 0.40625 0.324609 0.40625
0 0.288281 0.419792 0.315234 0.419792 0.315234 0.461979 0.288281 0.461979
0 0.274219 0.45 0.295703 0.45 0.295703 0.48125 0.274219 0.48125
0 0.551953 0.630729 0.569922 0.630729 0.569922 0.664583 0.551953 0.664583
0 0.516797 0.65 0.539062 0.65 0.539062 0.680729 0.516797 0.680729
0 0.583984 0.659896 0.604688 0.659896 0.604688 0.696354 0.583984 0.696354
0 0.617188 0.660938 0.640625 0.660938 0.640625 0.7 0.617188 0.7
0 0.610547 0.626042 0.633984 0.626042 0.633984 0.646875 0.610547 0.646875
0 0.584766 0.589583 0.613672 0.589583 0.613672 0.615625 0.584766 0.615625
0 0.584375 0.556771 0.611328 0.556771 0.611328 0.576562 0.584375 0.576562
0 0.560547 0.521354 0.585938 0.521354 0.585938 0.548438 0.560547 0.548438
0 0.621094 0.525 0.648828 0.525 0.648828 0.552604 0.621094 0.552604
0 0.665234 0.620312 0.691406 0.620312 0.691406 0.650521 0.665234 0.650521
0 0.700391 0.625 0.724219 0.625 0.724219 0.651562 0.700391 0.651562
0 0.516406 0.721875 0.533984 0.721875 0.533984 0.759375 0.516406 0.759375
0 0.480078 0.739583 0.503125 0.739583 0.503125 0.767708 0.480078 0.767708
0 0.459766 0.686458 0.483203 0.686458 0.483203 0.721875 0.459766 0.721875
0 0.455469 0.7625 0.474219 0.7625 0.474219 0.797917 0.455469 0.797917
0 0.428516 0.652083 0.45 0.652083 0.45 0.683854 0.428516 0.683854
0 0.397266 0.641146 0.416016 0.641146 0.416016 0.674479 0.397266 0.674479
0 0.428516 0.722396 0.440625 0.722396 0.440625 0.747917 0.428516 0.747917
0 0.527734 0.788542 0.550781 0.788542 0.550781 0.819792 0.527734 0.819792
0 0.559766 0.714583 0.583203 0.714583 0.583203 0.753646 0.559766 0.753646
0 0.580859 0.763021 0.607422 0.763021 0.607422 0.789583 0.580859 0.789583
0 0.612891 0.718229 0.630859 0.718229 0.630859 0.755729 0.612891 0.755729
0 0.634766 0.780729 0.663672 0.780729 0.663672 0.810417 0.634766 0.810417
0 0.646484 0.75 0.676953 0.75 0.676953 0.775 0.646484 0.775
0 0.665234 0.703125 0.689062 0.703125 0.689062 0.741146 0.665234 0.741146
0 0.660156 0.657812 0.676953 0.657812 0.676953 0.696875 0.660156 0.696875
0 0.716797 0.683333 0.739453 0.683333 0.739453 0.721875 0.716797 0.721875
0 0.740625 0.669271 0.761719 0.669271 0.761719 0.705729 0.740625 0.705729
0 0.590234 0.8375 0.616016 0.8375 0.616016 0.8625 0.590234 0.8625
0 0.599609 0.870833 0.624219 0.870833 0.624219 0.895833 0.599609 0.895833
0 0.563672 0.821354 0.584375 0.821354 0.584375 0.85 0.563672 0.85
0 0.53125 0.844792 0.560156 0.844792 0.560156 0.866146 0.53125 0.866146
0 0.55625 0.890625 0.583984 0.890625 0.583984 0.911458 0.55625 0.911458
0 0.739844 0.820833 0.768359 0.820833 0.768359 0.85 0.739844 0.85
0 0.766016 0.875 0.786719 0.875 0.786719 0.907292 0.766016 0.907292
0 0.722266 0.903646 0.740234 0.903646 0.740234 0.936458 0.722266 0.936458
0 0.678516 0.865625 0.702344 0.865625 0.702344 0.891667 0.678516 0.891667
0 0.670312 0.944271 0.689453 0.944271 0.689453 0.976562 0.670312 0.976562
0 0.614453 0.927604 0.641016 0.927604 0.641016 0.946354 0.614453 0.946354
0 0.764062 0.928125 0.787891 0.928125 0.787891 0.963542 0.764062 0.963542
0 0.801172 0.914583 0.821094 0.914583 0.821094 0.954167 0.801172 0.954167
0 0.816016 0.870833 0.837109 0.870833 0.837109 0.90625 0.816016 0.90625
0 0.840234 0.791667 0.862891 0.791667 0.862891 0.828125 0.840234 0.828125
0 0.865625 0.830729 0.892188 0.830729 0.892188 0.852083 0.865625 0.852083
0 0.874609 0.879688 0.899609 0.879688 0.899609 0.909375 0.874609 0.909375
0 0.839844 0.923438 0.862891 0.923438 0.862891 0.955208 0.839844 0.955208
0 0.839453 0.964062 0.860547 0.964062 0.860547 0.994792 0.839453 0.994792
0 0.865625 0.976042 0.886328 0.976042 0.886328 0.995833 0.865625 0.995833
0 0.709766 0.756771 0.737109 0.756771 0.737109 0.782292 0.709766 0.782292
0 0.744531 0.764062 0.761328 0.764062 0.761328 0.794792 0.744531 0.794792
0 0.762109 0.740625 0.782031 0.740625 0.782031 0.770312 0.762109 0.770312
0 0.775781 0.7125 0.798438 0.7125 0.798438 0.74375 0.775781 0.74375
0 0.8 0.671354 0.819922 0.671354 0.819922 0.711458 0.8 0.711458
0 0.819531 0.721354 0.8375 0.721354 0.8375 0.753646 0.819531 0.753646
0 0.909766 0.870312 0.939844 0.870312 0.939844 0.905729 0.909766 0.905729
0 0.965234 0.820833 0.989844 0.820833 0.989844 0.857292 0.965234 0.857292
0 0.968359 0.741146 0.994531 0.741146 0.994531 0.773438 0.968359 0.773438
0 0.920312 0.7 0.943359 0.7 0.943359 0.728646 0.920312 0.728646
0 0.925781 0.739583 0.946875 0.739583 0.946875 0.761979 0.925781 0.761979
0 0.886719 0.765625 0.911719 0.765625 0.911719 0.796354 0.886719 0.796354
0 0.844922 0.740625 0.873047 0.740625 0.873047 0.771354 0.844922 0.771354
0 0.864062 0.694271 0.882031 0.694271 0.882031 0.730208 0.864062 0.730208
0 0.834375 0.667188 0.859375 0.667188 0.859375 0.698438 0.834375 0.698438
0 0.870312 0.659375 0.899609 0.659375 0.899609 0.685417 0.870312 0.685417
0 0.96875 0.648958 0.990234 0.648958 0.990234 0.683333 0.96875 0.683333
0 0.953516 0.711979 0.980859 0.711979 0.980859 0.736979 0.953516 0.736979
0 0.832422 0.601042 0.861328 0.601042 0.861328 0.623958 0.832422 0.623958
0 0.751953 0.602604 0.78125 0.602604 0.78125 0.623958 0.751953 0.623958
0 0.847656 0.55 0.872656 0.55 0.872656 0.571354 0.847656 0.571354
0 0.920703 0.354167 0.938281 0.354167 0.938281 0.383854 0.920703 0.383854
0 0.910938 0.394792 0.933594 0.394792 0.933594 0.420833 0.910938 0.420833
0 0.883203 0.449479 0.907812 0.449479 0.907812 0.476562 0.883203 0.476562
0 0.85 0.467188 0.871484 0.467188 0.871484 0.497396 0.85 0.497396
0 0.795312 0.502604 0.825781 0.502604 0.825781 0.528125 0.795312 0.528125
0 0.73125 0.496354 0.762891 0.496354 0.762891 0.519271 0.73125 0.519271
0 0.769922 0.454167 0.798828 0.454167 0.798828 0.483854 0.769922 0.483854
0 0.814453 0.419271 0.840625 0.419271 0.840625 0.448438 0.814453 0.448438
0 0.855078 0.413021 0.876953 0.413021 0.876953 0.442708 0.855078 0.442708
0 0.884766 0.368229 0.904297 0.368229 0.904297 0.398958 0.884766 0.398958
0 0.791797 0.392708 0.816797 0.392708 0.816797 0.417188 0.791797 0.417188
0 0.754297 0.410417 0.783203 0.410417 0.783203 0.435938 0.754297 0.435938
0 0.717969 0.439583 0.749219 0.439583 0.749219 0.465104 0.717969 0.465104
0 0.682422 0.448438 0.7125 0.448438 0.7125 0.471875 0.682422 0.471875
0 0.905859 0.192188 0.927734 0.192188 0.927734 0.230208 0.905859 0.230208
0 0.894922 0.323958 0.916016 0.323958 0.916016 0.351562 0.894922 0.351562
0 0.869141 0.297917 0.886328 0.297917 0.886328 0.333854 0.869141 0.333854
0 0.832031 0.286979 0.858594 0.286979 0.858594 0.307812 0.832031 0.307812
0 0.819531 0.319792 0.842969 0.319792 0.842969 0.351042 0.819531 0.351042
0 0.786328 0.354688 0.814062 0.354688 0.814062 0.377083 0.786328 0.377083
0 0.779297 0.302604 0.80625 0.302604 0.80625 0.327083 0.779297 0.327083
0 0.765625 0.257292 0.790625 0.257292 0.790625 0.278646 0.765625 0.278646
0 0.714062 0.300521 0.745312 0.300521 0.745312 0.31875 0.714062 0.31875
0 0.716406 0.331771 0.744141 0.331771 0.744141 0.352083 0.716406 0.352083
0 0.685938 0.371875 0.710938 0.371875 0.710938 0.396875 0.685938 0.396875
0 0.848828 0.188021 0.872656 0.188021 0.872656 0.208854 0.848828 0.208854
0 0.829688 0.150521 0.857812 0.150521 0.857812 0.176042 0.829688 0.176042
0 0.769531 0.220833 0.796484 0.220833 0.796484 0.244792 0.769531 0.244792
0 0.740625 0.185417 0.761328 0.185417 0.761328 0.215625 0.740625 0.215625
0 0.766406 0.16875 0.794531 0.16875 0.794531 0.190625 0.766406 0.190625
0 0.799219 0.065104 0.819531 0.065104 0.819531 0.097917 0.799219 0.097917
0 0.810547 0.023958 0.835938 0.023958 0.835938 0.052083 0.810547 0.052083
0 0.746875 0.023438 0.776562 0.023438 0.776562 0.049479 0.746875 0.049479
0 0.725391 0.076562 0.753125 0.076562 0.753125 0.104688 0.725391 0.104688
0 0.748438 0.110938 0.779688 0.110938 0.779688 0.135938 0.748438 0.135938
0 0.708203 0.145833 0.734766 0.145833 0.734766 0.171875 0.708203 0.171875
0 0.701953 0.207812 0.726562 0.207812 0.726562 0.232812 0.701953 0.232812
0 0.679688 0.271875 0.704297 0.271875 0.704297 0.300521 0.679688 0.300521
0 0.664062 0.230208 0.683594 0.230208 0.683594 0.256771 0.664062 0.256771
0 0.628516 0.206771 0.657031 0.206771 0.657031 0.230729 0.628516 0.230729
0 0.662891 0.138021 0.689453 0.138021 0.689453 0.167708 0.662891 0.167708
0 0.633984 0.298958 0.658984 0.298958 0.658984 0.325 0.633984 0.325
0 0.608203 0.326562 0.634766 0.326562 0.634766 0.350521 0.608203 0.350521
0 0.575 0.371354 0.603516 0.371354 0.603516 0.396875 0.575 0.396875
0 0.590625 0.266667 0.617188 0.266667 0.617188 0.290625 0.590625 0.290625
0 0.586328 0.226562 0.608984 0.226562 0.608984 0.252083 0.586328 0.252083
0 0.552344 0.2375 0.574219 0.2375 0.574219 0.270833 0.552344 0.270833
0 0.613672 0.163542 0.638281 0.163542 0.638281 0.190104 0.613672 0.190104
0 0.571875 0.144271 0.595703 0.144271 0.595703 0.170312 0.571875 0.170312
0 0.535156 0.167188 0.564453 0.167188 0.564453 0.190625 0.535156 0.190625
0 0.563672 0.108854 0.590625 0.108854 0.590625 0.136979 0.563672 0.136979
0 0.614453 0.120312 0.6375 0.120312 0.6375 0.141667 0.614453 0.141667
0 0.647266 0.103125 0.674609 0.103125 0.674609 0.129688 0.647266 0.129688
0 0.648828 0.067708 0.678125 0.067708 0.678125 0.091667 0.648828 0.091667
0 0.638672 0.029167 0.660547 0.029167 0.660547 0.059375 0.638672 0.059375
0 0.684766 0.017188 0.705078 0.017188 0.705078 0.048438 0.684766 0.048438
0 0.597266 0.064583 0.624219 0.064583 0.624219 0.091146 0.597266 0.091146
0 0.591797 0.0125 0.61875 0.0125 0.61875 0.039583 0.591797 0.039583
0 0.550781 0.0 0.577734 0.0 0.577734 0.022917 0.550781 0.022917
0 0.519141 0.032812 0.543359 0.032812 0.543359 0.058854 0.519141 0.058854
0 0.519141 0.127604 0.541406 0.127604 0.541406 0.155729 0.519141 0.155729
0 0.501562 0.096875 0.530078 0.096875 0.530078 0.119271 0.501562 0.119271
0 0.474219 0.129167 0.492188 0.129167 0.492188 0.1625 0.474219 0.1625
0 0.467969 0.073958 0.491406 0.073958 0.491406 0.102083 0.467969 0.102083
0 0.457812 0.023958 0.479688 0.023958 0.479688 0.053125 0.457812 0.053125
0 0.407422 0.048438 0.431641 0.048438 0.431641 0.072917 0.407422 0.072917
0 0.433203 0.097396 0.458594 0.097396 0.458594 0.134896 0.433203 0.134896
0 0.366797 0.031771 0.382812 0.031771 0.382812 0.065104 0.366797 0.065104
0 0.335547 0.083333 0.363672 0.083333 0.363672 0.114062 0.335547 0.114062
0 0.355469 0.113021 0.38125 0.113021 0.38125 0.143229 0.355469 0.143229
0 0.401953 0.129167 0.425781 0.129167 0.425781 0.1625 0.401953 0.1625
0 0.433594 0.166146 0.462109 0.166146 0.462109 0.192708 0.433594 0.192708
0 0.491406 0.2 0.516797 0.2 0.516797 0.222396 0.491406 0.222396
0 0.535547 0.204167 0.559375 0.204167 0.559375 0.227083 0.535547 0.227083
0 0.510156 0.248438 0.535156 0.248438 0.535156 0.271875 0.510156 0.271875
0 0.475 0.232812 0.498828 0.232812 0.498828 0.255208 0.475 0.255208
0 0.49375 0.291667 0.524219 0.291667 0.524219 0.314062 0.49375 0.314062
0 0.465625 0.31875 0.491797 0.31875 0.491797 0.346875 0.465625 0.346875
0 0.433594 0.222396 0.454688 0.222396 0.454688 0.255729 0.433594 0.255729
0 0.385938 0.180729 0.408203 0.180729 0.408203 0.210938 0.385938 0.210938
0 0.348047 0.183333 0.376953 0.183333 0.376953 0.210938 0.348047 0.210938
0 0.380078 0.235938 0.407422 0.235938 0.407422 0.259896 0.380078 0.259896
0 0.375 0.273958 0.403125 0.273958 0.403125 0.295833 0.375 0.295833
0 0.169922 0.051042 0.190234 0.051042 0.190234 0.088021 0.169922 0.088021
0 0.111719 0.000521 0.141797 0.000521 0.141797 0.024479 0.111719 0.024479
0 0.043359 0.039062 0.073438 0.039062 0.073438 0.066146 0.043359 0.066146
0 0.080859 0.069792 0.105859 0.069792 0.105859 0.1 0.080859 0.1
0 0.140625 0.080729 0.168359 0.080729 0.168359 0.109896 0.140625 0.109896
0 0.090625 0.11875 0.123047 0.11875 0.123047 0.149479 0.090625 0.149479
0 0.095312 0.164062 0.125391 0.164062 0.125391 0.191667 0.095312 0.191667
0 0.048438 0.151562 0.072656 0.151562 0.072656 0.175 0.048438 0.175
0 0.021875 0.108854 0.048438 0.108854 0.048438 0.134896 0.021875 0.134896
0 0.190234 0.210417 0.212109 0.210417 0.212109 0.244792 0.190234 0.244792
0 0.109766 0.228646 0.135938 0.228646 0.135938 0.249479 0.109766 0.249479
0 0.066797 0.196875 0.086719 0.196875 0.086719 0.219271 0.066797 0.219271
0 0.026953 0.2 0.053516 0.2 0.053516 0.221354 0.026953 0.221354
0 0.060938 0.269271 0.078125 0.269271 0.078125 0.306771 0.060938 0.306771
0 0.03125 0.248438 0.05625 0.248438 0.05625 0.273438 0.03125 0.273438
0 0.003125 0.255729 0.021875 0.255729 0.021875 0.280729 0.003125 0.280729
0 0.070312 0.36875 0.092969 0.36875 0.092969 0.394792 0.070312 0.394792
0 0.037891 0.317188 0.060156 0.317188 0.060156 0.340625 0.037891 0.340625
0 0.078125 0.421354 0.1 0.421354 0.1 0.446354 0.078125 0.446354
0 0.062891 0.407292 0.08125 0.407292 0.08125 0.433333 0.062891 0.433333
0 0.051953 0.436979 0.069141 0.436979 0.069141 0.472396 0.051953 0.472396
0 0.011719 0.425 0.030078 0.425 0.030078 0.4625 0.011719 0.4625
0 0.019141 0.366667 0.038672 0.366667 0.038672 0.394792 0.019141 0.394792
0 0.006641 0.353125 0.021484 0.353125 0.021484 0.391667 0.006641 0.391667
0 0.0 0.4875 0.021094 0.4875 0.021094 0.513542 0.0 0.513542
0 0.109766 0.426562 0.126953 0.426562 0.126953 0.452083 0.109766 0.452083
0 0.0625 0.928646 0.083984 0.928646 0.083984 0.966146 0.0625 0.966146
0 0.045312 0.900521 0.0625 0.900521 0.0625 0.933333 0.045312 0.933333
0 0.027734 0.873958 0.050781 0.873958 0.050781 0.901042 0.027734 0.901042
0 0.070312 0.885417 0.096484 0.885417 0.096484 0.915625 0.070312 0.915625
0 0.101953 0.915625 0.122266 0.915625 0.122266 0.953125 0.101953 0.953125
0 0.160547 0.578125 0.180859 0.578125 0.180859 0.611979 0.160547 0.611979
0 0.190625 0.614583 0.207812 0.614583 0.207812 0.644792 0.190625 0.644792
0 0.229688 0.566146 0.245312 0.566146 0.245312 0.601042 0.229688 0.601042
0 0.241016 0.609896 0.262891 0.609896 0.262891 0.638542 0.241016 0.638542
0 0.198438 0.656771 0.221875 0.656771 0.221875 0.679167 0.198438 0.679167
0 0.145312 0.646875 0.174609 0.646875 0.174609 0.669792 0.145312 0.669792
0 0.126172 0.606771 0.147266 0.606771 0.147266 0.643229 0.126172 0.643229
0 0.093359 0.608854 0.110938 0.608854 0.110938 0.640104 0.093359 0.640104
0 0.123438 0.561979 0.144141 0.561979 0.144141 0.586458 0.123438 0.586458
0 0.145703 0.704688 0.165625 0.704688 0.165625 0.732812 0.145703 0.732812
0 0.178125 0.696875 0.201562 0.696875 0.201562 0.724479 0.178125 0.724479
0 0.102344 0.686458 0.131641 0.686458 0.131641 0.707292 0.102344 0.707292
0 0.066406 0.692708 0.088672 0.692708 0.088672 0.720312 0.066406 0.720312
0 0.031641 0.7125 0.058984 0.7125 0.058984 0.747917 0.031641 0.747917
0 0.089844 0.727604 0.109766 0.727604 0.109766 0.755729 0.089844 0.755729
0 0.117188 0.727083 0.142188 0.727083 0.142188 0.758333 0.117188 0.758333
0 0.105859 0.346354 0.13125 0.346354 0.13125 0.370312 0.105859 0.370312
0 0.182031 0.492708 0.199219 0.492708 0.199219 0.521875 0.182031 0.521875
0 0.205078 0.482292 0.225391 0.482292 0.225391 0.510938 0.205078 0.510938
0 0.239453 0.513021 0.260547 0.513021 0.260547 0.551562 0.239453 0.551562
0 0.257031 0.558333 0.280469 0.558333 0.280469 0.591146 0.257031 0.591146
0 0.286328 0.535417 0.307812 0.535417 0.307812 0.568229 0.286328 0.568229
0 0.298047 0.591667 0.317578 0.591667 0.317578 0.622396 0.298047 0.622396
0 0.293359 0.650521 0.316016 0.650521 0.316016 0.680729 0.293359 0.680729
0 0.332812 0.660938 0.346875 0.660938 0.346875 0.695312 0.332812 0.695312
0 0.283984 0.694271 0.305469 0.694271 0.305469 0.728646 0.283984 0.728646
0 0.248438 0.683854 0.275781 0.683854 0.275781 0.715104 0.248438 0.715104
0 0.321484 0.740625 0.338672 0.740625 0.338672 0.772917 0.321484 0.772917
0 0.35625 0.741146 0.375 0.741146 0.375 0.778646 0.35625 0.778646
0 0.326562 0.780208 0.347656 0.780208 0.347656 0.817708 0.326562 0.817708
0 0.278516 0.751042 0.301172 0.751042 0.301172 0.79375 0.278516 0.79375
0 0.230859 0.733333 0.254297 0.733333 0.254297 0.770833 0.230859 0.770833
0 0.167578 0.747396 0.187109 0.747396 0.187109 0.779688 0.167578 0.779688
0 0.135156 0.782292 0.162109 0.782292 0.162109 0.810417 0.135156 0.810417
0 0.117578 0.80625 0.141016 0.80625 0.141016 0.842708 0.117578 0.842708
0 0.158984 0.842708 0.183203 0.842708 0.183203 0.867188 0.158984 0.867188
0 0.202734 0.784375 0.232031 0.784375 0.232031 0.811979 0.202734 0.811979
0 0.247656 0.818229 0.266016 0.818229 0.266016 0.852083 0.247656 0.852083
0 0.208203 0.829688 0.229688 0.829688 0.229688 0.857292 0.208203 0.857292
0 0.285547 0.833854 0.303906 0.833854 0.303906 0.870833 0.285547 0.870833
0 0.319922 0.832812 0.346484 0.832812 0.346484 0.860938 0.319922 0.860938
0 0.009766 0.819792 0.029297 0.819792 0.029297 0.852083 0.009766 0.852083
0 0.042578 0.826562 0.062109 0.826562 0.062109 0.857812 0.042578 0.857812
0 0.084375 0.848958 0.112109 0.848958 0.112109 0.879167 0.084375 0.879167
0 0.071094 0.790104 0.093359 0.790104 0.093359 0.823438 0.071094 0.823438
0 0.552734 0.958333 0.573828 0.958333 0.573828 0.989583 0.552734 0.989583
0 0.59375 0.952083 0.615625 0.952083 0.615625 0.989583 0.59375 0.989583
0 0.500391 0.9125 0.521875 0.9125 0.521875 0.942188 0.500391 0.942188
0 0.467969 0.886979 0.488281 0.886979 0.488281 0.919792 0.467969 0.919792
0 0.430078 0.875 0.451953 0.875 0.451953 0.908854 0.430078 0.908854
0 0.387109 0.872917 0.414453 0.872917 0.414453 0.903125 0.387109 0.903125
0 0.369922 0.909896 0.396484 0.909896 0.396484 0.933854 0.369922 0.933854
0 0.451953 0.953125 0.483594 0.953125 0.483594 0.983333 0.451953 0.983333
0 0.389844 0.945833 0.419531 0.945833 0.419531 0.971354 0.389844 0.971354
0 0.349219 0.963542 0.372656 0.963542 0.372656 0.995833 0.349219 0.995833
0 0.316016 0.947396 0.334766 0.947396 0.334766 0.980208 0.316016 0.980208
0 0.316406 0.890104 0.337891 0.890104 0.337891 0.921354 0.316406 0.921354
0 0.273047 0.903646 0.299609 0.903646 0.299609 0.931771 0.273047 0.931771
0 0.269141 0.935417 0.294531 0.935417 0.294531 0.961979 0.269141 0.961979
0 0.248828 0.91875 0.266016 0.91875 0.266016 0.951042 0.248828 0.951042
0 0.205859 0.884896 0.225781 0.884896 0.225781 0.917708 0.205859 0.917708
0 0.166016 0.872917 0.192578 0.872917 0.192578 0.904688 0.166016 0.904688
0 0.129297 0.885417 0.156641 0.885417 0.156641 0.913542 0.129297 0.913542
0 0.191406 0.9375 0.219922 0.9375 0.219922 0.970833 0.191406 0.970833
0 0.157031 0.960417 0.180078 0.960417 0.180078 0.995312 0.157031 0.995312
0 0.255078 0.973958 0.278125 0.973958 0.278125 0.999479 0.255078 0.999479