0 0.0625 0.023438 0.089062 0.023438 0.089062 0.045833 0.0625 0.045833
0 0.108984 0.011458 0.134766 0.011458 0.134766 0.035938 0.108984 0.035938
0 0.108984 0.059896 0.133594 0.059896 0.133594 0.082292 0.108984 0.082292
0 0.076562 0.065625 0.096094 0.065625 0.096094 0.099479 0.076562 0.099479
0 0.040234 0.06875 0.064844 0.06875 0.064844 0.095833 0.040234 0.095833
0 0.026172 0.094271 0.044922 0.094271 0.044922 0.127083 0.026172 0.127083
0 0.067188 0.111458 0.0875 0.111458 0.0875 0.140104 0.067188 0.140104
0 0.110938 0.122396 0.130859 0.122396 0.130859 0.152604 0.110938 0.152604
0 0.135938 0.091667 0.158594 0.091667 0.158594 0.115104 0.135938 0.115104
0 0.145703 0.136979 0.165625 0.136979 0.165625 0.161979 0.145703 0.161979
0 0.183203 0.119271 0.203125 0.119271 0.203125 0.147917 0.183203 0.147917
0 0.197266 0.077604 0.216406 0.077604 0.216406 0.107812 0.197266 0.107812
0 0.225 0.09375 0.242578 0.09375 0.242578 0.132812 0.225 0.132812
0 0.256641 0.078125 0.277734 0.078125 0.277734 0.107812 0.256641 0.107812
0 0.288281 0.11875 0.308203 0.11875 0.308203 0.146875 0.288281 0.146875
0 0.300391 0.055729 0.323828 0.055729 0.323828 0.082812 0.300391 0.082812
0 0.042578 0.155729 0.063672 0.155729 0.063672 0.19375 0.042578 0.19375
0 0.086328 0.168229 0.112109 0.168229 0.112109 0.188542 0.086328 0.188542
0 0.111328 0.211979 0.133984 0.211979 0.133984 0.238542 0.111328 0.238542
0 0.158203 0.196354 0.177344 0.196354 0.177344 0.233854 0.158203 0.233854
0 0.193359 0.171354 0.210938 0.171354 0.210938 0.200521 0.193359 0.200521
0 0.005469 0.158333 0.024219 0.158333 0.024219 0.190104 0.005469 0.190104
0 0.010938 0.208333 0.038281 0.208333 0.038281 0.229688 0.010938 0.229688
0 0.079297 0.227604 0.103516 0.227604 0.103516 0.253125 0.079297 0.253125
0 0.246094 0.153646 0.269531 0.153646 0.269531 0.180208 0.246094 0.180208
0 0.229688 0.199479 0.249609 0.199479 0.249609 0.229167 0.229688 0.229167
0 0.260547 0.226562 0.283984 0.226562 0.283984 0.251042 0.260547 0.251042
0 0.2875 0.191146 0.314844 0.191146 0.314844 0.220312 0.2875 0.220312
0 0.104297 0.251563 0.123047 0.251563 0.123047 0.282812 0.104297 0.282812
0 0.1375 0.253125 0.159766 0.253125 0.159766 0.278125 0.1375 0.278125
0 0.207422 0.248438 0.233203 0.248438 0.233203 0.272917 0.207422 0.272917
0 0.00625 0.265104 0.023828 0.265104 0.023828 0.29375 0.00625 0.29375
0 0.004297 0.320312 0.022656 0.320312 0.022656 0.351562 0.004297 0.351562
0 0.039453 0.257812 0.058203 0.257812 0.058203 0.292188 0.039453 0.292188
0 0.065234 0.279167 0.083984 0.279167 0.083984 0.307812 0.065234 0.307812
0 0.098438 0.315625 0.118359 0.315625 0.118359 0.350521 0.098438 0.350521
0 0.133984 0.306771 0.156641 0.306771 0.156641 0.330208 0.133984 0.330208
0 0.178516 0.266667 0.196094 0.266667 0.196094 0.304688 0.178516 0.304688
0 0.146484 0.340625 0.166797 0.340625 0.166797 0.367708 0.146484 0.367708
0 0.177344 0.346875 0.200781 0.346875 0.200781 0.371875 0.177344 0.371875
0 0.225781 0.309375 0.248047 0.309375 0.248047 0.335417 0.225781 0.335417
0 0.275391 0.299479 0.301953 0.299479 0.301953 0.323438 0.275391 0.323438
0 0.285547 0.258854 0.308984 0.258854 0.308984 0.280208 0.285547 0.280208
0 0.322656 0.248438 0.341797 0.248438 0.341797 0.278646 0.322656 0.278646
0 0.346484 0.277604 0.369531 0.277604 0.369531 0.295833 0.346484 0.295833
0 0.35625 0.238021 0.381641 0.238021 0.381641 0.266667 0.35625 0.266667
0 0.352344 0.161458 0.369922 0.161458 0.369922 0.194271 0.352344 0.194271
0 0.201172 0.388021 0.21875 0.388021 0.21875 0.415104 0.201172 0.415104
0 0.096094 0.396354 0.119141 0.396354 0.119141 0.416146 0.096094 0.416146
0 0.151562 0.414062 0.173047 0.414062 0.173047 0.436458 0.151562 0.436458
0 0.107422 0.436458 0.13125 0.436458 0.13125 0.465104 0.107422 0.465104
0 0.059375 0.463542 0.078516 0.463542 0.078516 0.497917 0.059375 0.497917
0 0.214453 0.431771 0.236719 0.431771 0.236719 0.455729 0.214453 0.455729
0 0.247656 0.392188 0.269141 0.392188 0.269141 0.41875 0.247656 0.41875
0 0.279297 0.422917 0.304688 0.422917 0.304688 0.448438 0.279297 0.448438
0 0.093359 0.485417 0.119531 0.485417 0.119531 0.506771 0.093359 0.506771
0 0.150391 0.533333 0.175391 0.533333 0.175391 0.555729 0.150391 0.555729
0 0.104297 0.545833 0.130469 0.545833 0.130469 0.570312 0.104297 0.570312
0 0.227344 0.50625 0.253125 0.50625 0.253125 0.535417 0.227344 0.535417
0 0.272266 0.478125 0.296484 0.478125 0.296484 0.503646 0.272266 0.503646
0 0.247656 0.549479 0.273828 0.549479 0.273828 0.581771 0.247656 0.581771
0 0.344141 0.003646 0.362891 0.003646 0.362891 0.033854 0.344141 0.033854
0 0.265625 0.015104 0.284375 0.015104 0.284375 0.040104 0.265625 0.040104
0 0.326172 0.036458 0.342969 0.036458 0.342969 0.06875 0.326172 0.06875
0 0.374609 0.041667 0.398438 0.041667 0.398438 0.064583 0.374609 0.064583
0 0.385547 0.100521 0.406641 0.100521 0.406641 0.130208 0.385547 0.130208
0 0.353516 0.107292 0.373438 0.107292 0.373438 0.138542 0.353516 0.138542
0 0.326172 0.135417 0.346094 0.135417 0.346094 0.167708 0.326172 0.167708
0 0.382422 0.154167 0.401172 0.154167 0.401172 0.177604 0.382422 0.177604
0 0.379688 0.190104 0.403125 0.190104 0.403125 0.210417 0.379688 0.210417
0 0.328516 0.191667 0.349609 0.191667 0.349609 0.214062 0.328516 0.214062
0 0.403125 0.0 0.421094 0.0 0.421094 0.030729 0.403125 0.030729
0 0.479297 0.038021 0.504297 0.038021 0.504297 0.059896 0.479297 0.059896
0 0.536719 0.047396 0.562891 0.047396 0.562891 0.069271 0.536719 0.069271
0 0.492188 0.115625 0.51875 0.115625 0.51875 0.138542 0.492188 0.138542
0 0.538281 0.088021 0.558203 0.088021 0.558203 0.118229 0.538281 0.118229
0 0.564844 0.116667 0.589844 0.116667 0.589844 0.146354 0.564844 0.146354
0 0.580859 0.067708 0.601953 0.067708 0.601953 0.099479 0.580859 0.099479
0 0.463672 0.155729 0.484766 0.155729 0.484766 0.185938 0.463672 0.185938
0 0.464844 0.209375 0.489453 0.209375 0.489453 0.234375 0.464844 0.234375
0 0.522266 0.2 0.541406 0.2 0.541406 0.218229 0.522266 0.218229
0 0.544922 0.152604 0.570703 0.152604 0.570703 0.180729 0.544922 0.180729
0 0.588672 0.184375 0.615625 0.184375 0.615625 0.209375 0.588672 0.209375
0 0.542188 0.235938 0.567578 0.235938 0.567578 0.2625 0.542188 0.2625
0 0.509375 0.233854 0.526172 0.233854 0.526172 0.266667 0.509375 0.266667
0 0.474219 0.273438 0.501953 0.273438 0.501953 0.298438 0.474219 0.298438
0 0.526172 0.275 0.549219 0.275 0.549219 0.298438 0.526172 0.298438
0 0.528516 0.314062 0.55625 0.314062 0.55625 0.342188 0.528516 0.342188
0 0.505469 0.353125 0.533984 0.353125 0.533984 0.377604 0.505469 0.377604
0 0.458984 0.334896 0.484766 0.334896 0.484766 0.35625 0.458984 0.35625
0 0.473047 0.370833 0.499609 0.370833 0.499609 0.397396 0.473047 0.397396
0 0.321875 0.359896 0.345703 0.359896 0.345703 0.379688 0.321875 0.379688
0 0.294922 0.3875 0.323828 0.3875 0.323828 0.415104 0.294922 0.415104
0 0.312109 0.466667 0.336328 0.466667 0.336328 0.502083 0.312109 0.502083
0 0.354297 0.441667 0.376172 0.441667 0.376172 0.471875 0.354297 0.471875
0 0.369141 0.478646 0.391797 0.478646 0.391797 0.504687 0.369141 0.504687
0 0.348438 0.507292 0.368359 0.507292 0.368359 0.533854 0.348438 0.533854
0 0.475391 0.064062 0.491016 0.064062 0.491016 0.091667 0.475391 0.091667
0 0.614844 0.084375 0.632422 0.084375 0.632422 0.11875 0.614844 0.11875
0 0.629688 0.140625 0.655859 0.140625 0.655859 0.164583 0.629688 0.164583
0 0.663281 0.134375 0.689062 0.134375 0.689062 0.159375 0.663281 0.159375
0 0.689844 0.173958 0.715234 0.173958 0.715234 0.195312 0.689844 0.195312
0 0.667578 0.205208 0.687891 0.205208 0.687891 0.233854 0.667578 0.233854
0 0.635547 0.192188 0.655078 0.192188 0.655078 0.222396 0.635547 0.222396
0 0.588281 0.227083 0.611328 0.227083 0.611328 0.255729 0.588281 0.255729
0 0.63125 0.269271 0.654688 0.269271 0.654688 0.293229 0.63125 0.293229
0 0.573047 0.283333 0.598047 0.283333 0.598047 0.310417 0.573047 0.310417
0 0.628906 0.34375 0.658203 0.34375 0.658203 0.375 0.628906 0.375
0 0.66875 0.244792 0.689062 0.244792 0.689062 0.272917 0.66875 0.272917
0 0.692578 0.316667 0.712891 0.316667 0.712891 0.344792 0.692578 0.344792
0 0.703125 0.250521 0.726953 0.250521 0.726953 0.280208 0.703125 0.280208
0 0.722266 0.297917 0.746875 0.297917 0.746875 0.324479 0.722266 0.324479
0 0.762109 0.272396 0.787891 0.272396 0.787891 0.296875 0.762109 0.296875
0 0.698438 0.038542 0.71875 0.038542 0.71875 0.064062 0.698438 0.064062
0 0.721875 0.075 0.741797 0.075 0.741797 0.101562 0.721875 0.101562
0 0.780859 0.005729 0.802344 0.005729 0.802344 0.034375 0.780859 0.034375
0 0.748047 0.026562 0.763672 0.026562 0.763672 0.05625 0.748047 0.05625
0 0.659375 0.0 0.679297 0.0 0.679297 0.029688 0.659375 0.029688
0 0.547266 0.0 0.569531 0.0 0.569531 0.021875 0.547266 0.021875
0 0.95625 0.04375 0.976172 0.04375 0.976172 0.075521 0.95625 0.075521
0 0.875 0.083854 0.897266 0.083854 0.897266 0.117708 0.875 0.117708
0 0.855469 0.1375 0.875391 0.1375 0.875391 0.161979 0.855469 0.161979
0 0.914844 0.108854 0.942578 0.108854 0.942578 0.129688 0.914844 0.129688
0 0.971094 0.131771 0.989844 0.131771 0.989844 0.159375 0.971094 0.159375
0 0.945312 0.157292 0.965234 0.157292 0.965234 0.185938 0.945312 0.185938
0 0.926562 0.203125 0.948438 0.203125 0.948438 0.226562 0.926562 0.226562
0 0.964062 0.245312 0.983594 0.245312 0.983594 0.278125 0.964062 0.278125
0 0.953125 0.005729 0.974219 0.005729 0.974219 0.027083 0.953125 0.027083
0 0.928125 0.277604 0.945703 0.277604 0.945703 0.314062 0.928125 0.314062
0 0.897266 0.246354 0.921094 0.246354 0.921094 0.273438 0.897266 0.273438
0 0.808203 0.388021 0.832422 0.388021 0.832422 0.413021 0.808203 0.413021
0 0.867188 0.429167 0.888281 0.429167 0.888281 0.451042 0.867188 0.451042
0 0.766797 0.379167 0.793359 0.379167 0.793359 0.402083 0.766797 0.402083
0 0.787891 0.434375 0.809375 0.434375 0.809375 0.455208 0.787891 0.455208
0 0.823047 0.472396 0.835938 0.472396 0.835938 0.505729 0.823047 0.505729
0 0.846094 0.469792 0.871094 0.469792 0.871094 0.497396 0.846094 0.497396
0 0.876953 0.499479 0.899609 0.499479 0.899609 0.521875 0.876953 0.521875
0 0.850391 0.517188 0.871094 0.517188 0.871094 0.554688 0.850391 0.554688
0 0.766797 0.457292 0.789844 0.457292 0.789844 0.491667 0.766797 0.491667
0 0.791016 0.508333 0.814062 0.508333 0.814062 0.536458 0.791016 0.536458
0 0.726562 0.427604 0.757812 0.427604 0.757812 0.453646 0.726562 0.453646
0 0.705078 0.461979 0.726172 0.461979 0.726172 0.490625 0.705078 0.490625
0 0.735547 0.485417 0.759375 0.485417 0.759375 0.509896 0.735547 0.509896
0 0.754297 0.525 0.775391 0.525 0.775391 0.558333 0.754297 0.558333
0 0.671484 0.410417 0.695312 0.410417 0.695312 0.430208 0.671484 0.430208
0 0.648047 0.446354 0.665234 0.446354 0.665234 0.476042 0.648047 0.476042
0 0.666016 0.467188 0.682031 0.467188 0.682031 0.499479 0.666016 0.499479
0 0.669531 0.53125 0.689062 0.53125 0.689062 0.565104 0.669531 0.565104
0 0.701953 0.507812 0.724219 0.507812 0.724219 0.539583 0.701953 0.539583
0 0.617969 0.433854 0.638672 0.433854 0.638672 0.463542 0.617969 0.463542
0 0.546094 0.4 0.571875 0.4 0.571875 0.425 0.546094 0.425
0 0.584375 0.382812 0.607812 0.382812 0.607812 0.404167 0.584375 0.404167
0 0.573438 0.351562 0.602734 0.351562 0.602734 0.372396 0.573438 0.372396
0 0.478906 0.420312 0.503906 0.420312 0.503906 0.446875 0.478906 0.446875
0 0.502344 0.452604 0.523438 0.452604 0.523438 0.471875 0.502344 0.471875
0 0.321484 0.575521 0.347266 0.575521 0.347266 0.601042 0.321484 0.601042
0 0.3 0.53125 0.324219 0.53125 0.324219 0.560938 0.3 0.560938
0 0.362891 0.582292 0.383984 0.582292 0.383984 0.609896 0.362891 0.609896
0 0.371484 0.536979 0.396094 0.536979 0.396094 0.559896 0.371484 0.559896
0 0.474219 0.6 0.495703 0.6 0.495703 0.634896 0.474219 0.634896
0 0.518359 0.621354 0.539453 0.621354 0.539453 0.657812 0.518359 0.657812
0 0.479688 0.555208 0.502734 0.555208 0.502734 0.586979 0.479688 0.586979
0 0.50625 0.54375 0.526562 0.54375 0.526562 0.576562 0.50625 0.576562
0 0.536328 0.541146 0.557812 0.541146 0.557812 0.567708 0.536328 0.567708
0 0.547266 0.594271 0.573047 0.594271 0.573047 0.623438 0.547266 0.623438
0 0.56875 0.545833 0.592969 0.545833 0.592969 0.570833 0.56875 0.570833
0 0.588672 0.578125 0.607422 0.578125 0.607422 0.611979 0.588672 0.611979
0 0.633984 0.590625 0.651953 0.590625 0.651953 0.625 0.633984 0.625
0 0.576562 0.646875 0.594922 0.646875 0.594922 0.677604 0.576562 0.677604
0 0.524609 0.68125 0.546875 0.68125 0.546875 0.708854 0.524609 0.708854
0 0.505078 0.697396 0.524219 0.697396 0.524219 0.732292 0.505078 0.732292
0 0.533203 0.742188 0.555469 0.742188 0.555469 0.773438 0.533203 0.773438
0 0.579688 0.720312 0.597656 0.720312 0.597656 0.757812 0.579688 0.757812
0 0.620703 0.739583 0.637891 0.739583 0.637891 0.774479 0.620703 0.774479
0 0.457422 0.651562 0.477344 0.651562 0.477344 0.678125 0.457422 0.678125
0 0.452734 0.720312 0.477344 0.720312 0.477344 0.744792 0.452734 0.744792
0 0.476172 0.751562 0.496094 0.751562 0.496094 0.780729 0.476172 0.780729
0 0.48125 0.796354 0.501562 0.796354 0.501562 0.83125 0.48125 0.83125
0 0.520312 0.8 0.539062 0.8 0.539062 0.835417 0.520312 0.835417
0 0.448047 0.814583 0.464453 0.814583 0.464453 0.851562 0.448047 0.851562
0 0.420312 0.813542 0.436719 0.813542 0.436719 0.847396 0.420312 0.847396
0 0.355469 0.749479 0.375 0.749479 0.375 0.780729 0.355469 0.780729
0 0.341797 0.794271 0.365625 0.794271 0.365625 0.815625 0.341797 0.815625
0 0.419922 0.689062 0.439453 0.689062 0.439453 0.715104 0.419922 0.715104
0 0.196484 0.594271 0.219141 0.594271 0.219141 0.619792 0.196484 0.619792
0 0.273047 0.607292 0.300391 0.607292 0.300391 0.628646 0.273047 0.628646
0 0.2375 0.634896 0.25625 0.634896 0.25625 0.666667 0.2375 0.666667
0 0.261719 0.671354 0.284375 0.671354 0.284375 0.695312 0.261719 0.695312
0 0.294531 0.646354 0.316797 0.646354 0.316797 0.669271 0.294531 0.669271
0 0.35625 0.636458 0.375781 0.636458 0.375781 0.657812 0.35625 0.657812
0 0.283984 0.709896 0.305859 0.709896 0.305859 0.736979 0.283984 0.736979
0 0.321094 0.728125 0.337891 0.728125 0.337891 0.756771 0.321094 0.756771
0 0.264453 0.746354 0.291406 0.746354 0.291406 0.775521 0.264453 0.775521
0 0.221875 0.714583 0.250391 0.714583 0.250391 0.740625 0.221875 0.740625
0 0.285938 0.797917 0.309375 0.797917 0.309375 0.822396 0.285938 0.822396
0 0.153906 0.569271 0.178906 0.569271 0.178906 0.591146 0.153906 0.591146
0 0.155859 0.659375 0.180469 0.659375 0.180469 0.68125 0.155859 0.68125
0 0.087891 0.595833 0.103906 0.595833 0.103906 0.626562 0.087891 0.626562
0 0.108594 0.638542 0.130469 0.638542 0.130469 0.661979 0.108594 0.661979
0 0.01875 0.741146 0.035547 0.741146 0.035547 0.773958 0.01875 0.773958
0 0.161719 0.702604 0.188281 0.702604 0.188281 0.723438 0.161719 0.723438
0 0.001562 0.823958 0.025781 0.823958 0.025781 0.844792 0.001562 0.844792
0 0.028516 0.790104 0.046875 0.790104 0.046875 0.821875 0.028516 0.821875
0 0.050391 0.765104 0.068359 0.765104 0.068359 0.794792 0.050391 0.794792
0 0.117969 0.764062 0.132812 0.764062 0.132812 0.797396 0.117969 0.797396
0 0.124609 0.807812 0.141797 0.807812 0.141797 0.8375 0.124609 0.8375
0 0.146875 0.769792 0.163281 0.769792 0.163281 0.8 0.146875 0.8
0 0.166016 0.810417 0.187109 0.810417 0.187109 0.835938 0.166016 0.835938
0 0.179688 0.763542 0.203516 0.763542 0.203516 0.790104 0.179688 0.790104
0 0.203906 0.841667 0.227734 0.841667 0.227734 0.864583 0.203906 0.864583
0 0.248438 0.791146 0.264844 0.791146 0.264844 0.823958 0.248438 0.823958
0 0.259375 0.842708 0.285547 0.842708 0.285547 0.861979 0.259375 0.861979
0 0.012891 0.905729 0.029688 0.905729 0.029688 0.927604 0.012891 0.927604
0 0.119141 0.581771 0.137109 0.581771 0.137109 0.606771 0.119141 0.606771
0 0.329688 0.629688 0.350781 0.629688 0.350781 0.661979 0.329688 0.661979
0 0.603906 0.501042 0.621094 0.501042 0.621094 0.528646 0.603906 0.528646
0 0.636719 0.520312 0.65625 0.520312 0.65625 0.547396 0.636719 0.547396
0 0.703516 0.604688 0.727734 0.604688 0.727734 0.636979 0.703516 0.636979
0 0.732812 0.559896 0.756641 0.559896 0.756641 0.591146 0.732812 0.591146
0 0.765234 0.592188 0.792969 0.592188 0.792969 0.61875 0.765234 0.61875
0 0.792969 0.553125 0.811719 0.553125 0.811719 0.5875 0.792969 0.5875
0 0.825391 0.555729 0.842578 0.555729 0.842578 0.5875 0.825391 0.5875
0 0.835547 0.593229 0.853906 0.593229 0.853906 0.621875 0.835547 0.621875
0 0.876953 0.613021 0.896875 0.613021 0.896875 0.646875 0.876953 0.646875
0 0.869141 0.669792 0.889844 0.669792 0.889844 0.70625 0.869141 0.70625
0 0.813281 0.646875 0.835547 0.646875 0.835547 0.679167 0.813281 0.679167
0 0.748047 0.634375 0.767188 0.634375 0.767188 0.667708 0.748047 0.667708
0 0.719922 0.659896 0.740625 0.659896 0.740625 0.69375 0.719922 0.69375
0 0.678516 0.659375 0.697656 0.659375 0.697656 0.692708 0.678516 0.692708
0 0.648438 0.694271 0.666406 0.694271 0.666406 0.726042 0.648438 0.726042
0 0.693359 0.727083 0.716406 0.727083 0.716406 0.765104 0.693359 0.765104
0 0.729297 0.756771 0.744922 0.756771 0.744922 0.79375 0.729297 0.79375
0 0.791797 0.755729 0.8125 0.755729 0.8125 0.791146 0.791797 0.791146
0 0.680078 0.798438 0.701172 0.798438 0.701172 0.83125 0.680078 0.83125
0 0.708203 0.828125 0.725 0.828125 0.725 0.864062 0.708203 0.864062
0 0.751562 0.80625 0.769531 0.80625 0.769531 0.840625 0.751562 0.840625
0 0.776562 0.797917 0.798047 0.797917 0.798047 0.826562 0.776562 0.826562
0 0.776562 0.844271 0.801562 0.844271 0.801562 0.870833 0.776562 0.870833
0 0.801172 0.827083 0.821094 0.827083 0.821094 0.855208 0.801172 0.855208
0 0.757422 0.749479 0.774219 0.749479 0.774219 0.776042 0.757422 0.776042
0 0.835938 0.715104 0.855469 0.715104 0.855469 0.754688 0.835938 0.754688
0 0.846094 0.776042 0.862891 0.776042 0.862891 0.811979 0.846094 0.811979
0 0.792188 0.700521 0.817578 0.700521 0.817578 0.722917 0.792188 0.722917
0 0.970703 0.728646 0.990625 0.728646 0.990625 0.7625 0.970703 0.7625
0 0.95625 0.700521 0.978125 0.700521 0.978125 0.719792 0.95625 0.719792
0 0.875391 0.723438 0.896875 0.723438 0.896875 0.758333 0.875391 0.758333
0 0.919141 0.779167 0.935938 0.779167 0.935938 0.810938 0.919141 0.810938
0 0.880469 0.802604 0.904297 0.802604 0.904297 0.826562 0.880469 0.826562
0 0.919141 0.660417 0.934375 0.660417 0.934375 0.694792 0.919141 0.694792
0 0.926562 0.615625 0.951562 0.615625 0.951562 0.630729 0.926562 0.630729
0 0.955859 0.645833 0.98125 0.645833 0.98125 0.670833 0.955859 0.670833
0 0.967969 0.591146 0.985156 0.591146 0.985156 0.623438 0.967969 0.623438
0 0.896875 0.558854 0.914844 0.558854 0.914844 0.593229 0.896875 0.593229
0 0.945703 0.750521 0.9625 0.750521 0.9625 0.784896 0.945703 0.784896
0 0.910156 0.716146 0.923438 0.716146 0.923438 0.747396 0.910156 0.747396
0 0.886328 0.847917 0.907812 0.847917 0.907812 0.861979 0.886328 0.861979