0 0.274219 0.103125 0.289844 0.103125 0.289844 0.126042 0.274219 0.126042
0 0.241406 0.101042 0.255469 0.101042 0.255469 0.121354 0.241406 0.121354
0 0.254688 0.13125 0.269531 0.13125 0.269531 0.15 0.254688 0.15
0 0.222656 0.149479 0.240625 0.149479 0.240625 0.175 0.222656 0.175
0 0.197266 0.142708 0.214453 0.142708 0.214453 0.166146 0.197266 0.166146
0 0.292188 0.039583 0.311719 0.039583 0.311719 0.063542 0.292188 0.063542
0 0.358203 0.05625 0.376172 0.05625 0.376172 0.082292 0.358203 0.082292
0 0.317969 0.077083 0.335156 0.077083 0.335156 0.105208 0.317969 0.105208
0 0.414062 0.086458 0.430078 0.086458 0.430078 0.111979 0.414062 0.111979
0 0.436719 0.083854 0.454688 0.083854 0.454688 0.109896 0.436719 0.109896
0 0.296875 0.13125 0.314844 0.13125 0.314844 0.160938 0.296875 0.160938
0 0.261328 0.180208 0.276953 0.180208 0.276953 0.202604 0.261328 0.202604
0 0.194922 0.183854 0.214453 0.183854 0.214453 0.205729 0.194922 0.205729
0 0.164453 0.224479 0.184766 0.224479 0.184766 0.244792 0.164453 0.244792
0 0.204297 0.233854 0.220703 0.233854 0.220703 0.25625 0.204297 0.25625
0 0.229688 0.21875 0.246484 0.21875 0.246484 0.2375 0.229688 0.2375
0 0.290625 0.209375 0.307031 0.209375 0.307031 0.240625 0.290625 0.240625
0 0.211719 0.284896 0.228125 0.284896 0.228125 0.303646 0.211719 0.303646
0 0.161719 0.286979 0.180469 0.286979 0.180469 0.307812 0.161719 0.307812
0 0.144141 0.316667 0.161328 0.316667 0.161328 0.343229 0.144141 0.343229
0 0.284375 0.299479 0.301172 0.299479 0.301172 0.334375 0.284375 0.334375
0 0.249609 0.340625 0.264844 0.340625 0.264844 0.366667 0.249609 0.366667
0 0.214844 0.367188 0.23125 0.367188 0.23125 0.388021 0.214844 0.388021
0 0.237109 0.395833 0.254688 0.395833 0.254688 0.421875 0.237109 0.421875
0 0.298047 0.4 0.314062 0.4 0.314062 0.429688 0.298047 0.429688
0 0.312891 0.373438 0.326953 0.373438 0.326953 0.39375 0.312891 0.39375
0 0.320703 0.329688 0.335938 0.329688 0.335938 0.348438 0.320703 0.348438
0 0.126953 0.376042 0.143359 0.376042 0.143359 0.396875 0.126953 0.396875
0 0.184766 0.365625 0.197656 0.365625 0.197656 0.384896 0.184766 0.384896
0 0.157031 0.409896 0.172656 0.409896 0.172656 0.435938 0.157031 0.435938
0 0.114453 0.415104 0.132812 0.415104 0.132812 0.434896 0.114453 0.434896
0 0.433984 0.241146 0.454297 0.241146 0.454297 0.271875 0.433984 0.271875
0 0.432031 0.299479 0.449219 0.299479 0.449219 0.323958 0.432031 0.323958
0 0.40625 0.346875 0.420703 0.346875 0.420703 0.372917 0.40625 0.372917
0 0.379688 0.342708 0.394922 0.342708 0.394922 0.364583 0.379688 0.364583
0 0.361328 0.339062 0.374609 0.339062 0.374609 0.359375 0.361328 0.359375
0 0.353516 0.383854 0.369922 0.383854 0.369922 0.410417 0.353516 0.410417
0 0.395703 0.391667 0.417578 0.391667 0.417578 0.416146 0.395703 0.416146
0 0.439453 0.357292 0.458594 0.357292 0.458594 0.384896 0.439453 0.384896
0 0.481641 0.315104 0.498438 0.315104 0.498438 0.344792 0.481641 0.344792
0 0.514062 0.340625 0.533594 0.340625 0.533594 0.363021 0.514062 0.363021
0 0.480469 0.107812 0.503125 0.107812 0.503125 0.126562 0.480469 0.126562
0 0.466016 0.060417 0.483594 0.060417 0.483594 0.088542 0.466016 0.088542
0 0.532422 0.103646 0.55 0.103646 0.55 0.134375 0.532422 0.134375
0 0.501562 0.133854 0.520312 0.133854 0.520312 0.158854 0.501562 0.158854
0 0.419922 0.1375 0.439453 0.1375 0.439453 0.154688 0.419922 0.154688
0 0.423047 0.195312 0.441406 0.195312 0.441406 0.218229 0.423047 0.218229
0 0.503125 0.208333 0.523828 0.208333 0.523828 0.229167 0.503125 0.229167
0 0.535547 0.183333 0.558203 0.183333 0.558203 0.207292 0.535547 0.207292
0 0.539062 0.226562 0.558984 0.226562 0.558984 0.250521 0.539062 0.250521
0 0.378516 0.18125 0.396094 0.18125 0.396094 0.198958 0.378516 0.198958
0 0.39375 0.251563 0.409766 0.251563 0.409766 0.272396 0.39375 0.272396
0 0.451953 0.158333 0.470703 0.158333 0.470703 0.182812 0.451953 0.182812
0 0.497266 0.24375 0.516406 0.24375 0.516406 0.264062 0.497266 0.264062
0 0.639844 0.102083 0.657422 0.102083 0.657422 0.126042 0.639844 0.126042
0 0.650781 0.1375 0.665625 0.1375 0.665625 0.160417 0.650781 0.160417
0 0.588281 0.298958 0.610547 0.298958 0.610547 0.323958 0.588281 0.323958
0 0.566406 0.305208 0.583594 0.305208 0.583594 0.334375 0.566406 0.334375
0 0.612891 0.03125 0.632031 0.03125 0.632031 0.056771 0.612891 0.056771
0 0.669922 0.04375 0.689844 0.04375 0.689844 0.075 0.669922 0.075
0 0.683594 0.096875 0.700781 0.096875 0.700781 0.121354 0.683594 0.121354
0 0.689453 0.133333 0.705859 0.133333 0.705859 0.153646 0.689453 0.153646
0 0.5125 0.0625 0.528125 0.0625 0.528125 0.0875 0.5125 0.0875
0 0.576562 0.257292 0.598047 0.257292 0.598047 0.280208 0.576562 0.280208
0 0.680078 0.277604 0.698438 0.277604 0.698438 0.303125 0.680078 0.303125
0 0.668359 0.317708 0.683594 0.317708 0.683594 0.345833 0.668359 0.345833
0 0.679297 0.35 0.697266 0.35 0.697266 0.378646 0.679297 0.378646
0 0.709375 0.331771 0.728516 0.331771 0.728516 0.361979 0.709375 0.361979
0 0.713281 0.284375 0.732422 0.284375 0.732422 0.305729 0.713281 0.305729
0 0.717188 0.234375 0.732031 0.234375 0.732031 0.255729 0.717188 0.255729
0 0.679297 0.244792 0.698047 0.244792 0.698047 0.267708 0.679297 0.267708
0 0.711719 0.2 0.734766 0.2 0.734766 0.226042 0.711719 0.226042
0 0.749609 0.225 0.773438 0.225 0.773438 0.248958 0.749609 0.248958
0 0.755078 0.257292 0.775781 0.257292 0.775781 0.280208 0.755078 0.280208
0 0.7375 0.266146 0.753516 0.266146 0.753516 0.291667 0.7375 0.291667
0 0.776953 0.302604 0.79375 0.302604 0.79375 0.330729 0.776953 0.330729
0 0.789844 0.267188 0.807422 0.267188 0.807422 0.291146 0.789844 0.291146
0 0.79375 0.216146 0.814453 0.216146 0.814453 0.238542 0.79375 0.238542
0 0.809766 0.243229 0.832031 0.243229 0.832031 0.266146 0.809766 0.266146
0 0.812109 0.285938 0.832031 0.285938 0.832031 0.313021 0.812109 0.313021
0 0.804688 0.316667 0.823438 0.316667 0.823438 0.348438 0.804688 0.348438
0 0.841406 0.275521 0.860547 0.275521 0.860547 0.299479 0.841406 0.299479
0 0.857812 0.224479 0.878516 0.224479 0.878516 0.248438 0.857812 0.248438
0 0.890625 0.201042 0.910156 0.201042 0.910156 0.227604 0.890625 0.227604
0 0.905859 0.235417 0.926172 0.235417 0.926172 0.259375 0.905859 0.259375
0 0.899219 0.26875 0.926953 0.26875 0.926953 0.290625 0.899219 0.290625
0 0.777734 0.050521 0.798047 0.050521 0.798047 0.079167 0.777734 0.079167
0 0.807031 0.055208 0.823828 0.055208 0.823828 0.084375 0.807031 0.084375
0 0.748438 0.10625 0.765625 0.10625 0.765625 0.131771 0.748438 0.131771
0 0.776172 0.109375 0.793359 0.109375 0.793359 0.132812 0.776172 0.132812
0 0.758203 0.140104 0.775781 0.140104 0.775781 0.165625 0.758203 0.165625
0 0.803125 0.0 0.819922 0.0 0.819922 0.026562 0.803125 0.026562
0 0.7375 0.003646 0.757031 0.003646 0.757031 0.035417 0.7375 0.035417
0 0.775391 0.001042 0.791016 0.001042 0.791016 0.030729 0.775391 0.030729
0 0.762109 0.077604 0.784375 0.077604 0.784375 0.097917 0.762109 0.097917
0 0.961719 0.254688 0.983594 0.254688 0.983594 0.282812 0.961719 0.282812
0 0.945312 0.205208 0.9625 0.205208 0.9625 0.23125 0.945312 0.23125
0 0.93125 0.144792 0.946875 0.144792 0.946875 0.176042 0.93125 0.176042
0 0.935938 0.275 0.956641 0.275 0.956641 0.297396 0.935938 0.297396
0 0.914844 0.309896 0.933203 0.309896 0.933203 0.333854 0.914844 0.333854
0 0.889844 0.301042 0.907812 0.301042 0.907812 0.328646 0.889844 0.328646
0 0.765234 0.183854 0.781641 0.183854 0.781641 0.20625 0.765234 0.20625
0 0.729688 0.319271 0.749219 0.319271 0.749219 0.342708 0.729688 0.342708
0 0.507031 0.440625 0.529688 0.440625 0.529688 0.466667 0.507031 0.466667
0 0.521875 0.400521 0.541406 0.400521 0.541406 0.419792 0.521875 0.419792
0 0.562109 0.383333 0.584766 0.383333 0.584766 0.409896 0.562109 0.409896
0 0.550391 0.421354 0.573438 0.421354 0.573438 0.445312 0.550391 0.445312
0 0.538672 0.448958 0.560547 0.448958 0.560547 0.472917 0.538672 0.472917
0 0.512891 0.304167 0.534375 0.304167 0.534375 0.323958 0.512891 0.323958
0 0.469922 0.394271 0.484375 0.394271 0.484375 0.41875 0.469922 0.41875
0 0.465234 0.478125 0.481641 0.478125 0.481641 0.505729 0.465234 0.505729
0 0.501953 0.496354 0.515625 0.496354 0.515625 0.521875 0.501953 0.521875
0 0.908594 0.539062 0.925781 0.539062 0.925781 0.571875 0.908594 0.571875
0 0.750391 0.459375 0.776172 0.459375 0.776172 0.483333 0.750391 0.483333
0 0.755469 0.495833 0.778906 0.495833 0.778906 0.522917 0.755469 0.522917
0 0.774219 0.529167 0.794141 0.529167 0.794141 0.55 0.774219 0.55
0 0.805469 0.480729 0.83125 0.480729 0.83125 0.502604 0.805469 0.502604
0 0.844922 0.473958 0.865234 0.473958 0.865234 0.497396 0.844922 0.497396
0 0.780859 0.569271 0.802344 0.569271 0.802344 0.592188 0.780859 0.592188
0 0.817969 0.548958 0.838281 0.548958 0.838281 0.564062 0.817969 0.564062
0 0.853516 0.553646 0.867188 0.553646 0.867188 0.582292 0.853516 0.582292
0 0.689453 0.498958 0.712109 0.498958 0.712109 0.521354 0.689453 0.521354
0 0.829297 0.442708 0.844531 0.442708 0.844531 0.461458 0.829297 0.461458
0 0.085156 0.416667 0.100781 0.416667 0.100781 0.439062 0.085156 0.439062
0 0.179688 0.464583 0.199609 0.464583 0.199609 0.494792 0.179688 0.494792
0 0.207422 0.432812 0.226562 0.432812 0.226562 0.457292 0.207422 0.457292
0 0.230078 0.438542 0.25 0.438542 0.25 0.463021 0.230078 0.463021
0 0.257031 0.465104 0.271875 0.465104 0.271875 0.492708 0.257031 0.492708
0 0.228906 0.497396 0.244922 0.497396 0.244922 0.527083 0.228906 0.527083
0 0.301953 0.461979 0.316016 0.461979 0.316016 0.489062 0.301953 0.489062
0 0.282812 0.492188 0.296875 0.492188 0.296875 0.515625 0.282812 0.515625
0 0.204688 0.510938 0.221094 0.510938 0.221094 0.536458 0.204688 0.536458
0 0.158594 0.516146 0.178125 0.516146 0.178125 0.535938 0.158594 0.535938
0 0.188281 0.411979 0.206641 0.411979 0.206641 0.432292 0.188281 0.432292
0 0.108594 0.500521 0.125781 0.500521 0.125781 0.524479 0.108594 0.524479
0 0.101953 0.534375 0.126953 0.534375 0.126953 0.553646 0.101953 0.553646
0 0.144141 0.555208 0.160156 0.555208 0.160156 0.582812 0.144141 0.582812
0 0.210156 0.556771 0.223047 0.556771 0.223047 0.582812 0.210156 0.582812
0 0.228125 0.546875 0.241016 0.546875 0.241016 0.570833 0.228125 0.570833
0 0.252734 0.565104 0.267188 0.565104 0.267188 0.586979 0.252734 0.586979
0 0.267578 0.533333 0.284375 0.533333 0.284375 0.566146 0.267578 0.566146
0 0.390234 0.46875 0.407031 0.46875 0.407031 0.505208 0.390234 0.505208
0 0.419531 0.444271 0.439062 0.444271 0.439062 0.471354 0.419531 0.471354
0 0.421484 0.493229 0.440625 0.493229 0.440625 0.514583 0.421484 0.514583
0 0.326172 0.444271 0.342578 0.444271 0.342578 0.473438 0.326172 0.473438
0 0.387109 0.530729 0.408203 0.530729 0.408203 0.553646 0.387109 0.553646
0 0.386328 0.577604 0.407031 0.577604 0.407031 0.598958 0.386328 0.598958
0 0.348047 0.494271 0.363281 0.494271 0.363281 0.519271 0.348047 0.519271
0 0.108594 0.739583 0.132812 0.739583 0.132812 0.767708 0.108594 0.767708
0 0.178125 0.807292 0.196484 0.807292 0.196484 0.852604 0.178125 0.852604
0 0.066016 0.820833 0.089844 0.820833 0.089844 0.846354 0.066016 0.846354
0 0.096094 0.795833 0.118359 0.795833 0.118359 0.818229 0.096094 0.818229
0 0.110156 0.848438 0.129297 0.848438 0.129297 0.878646 0.110156 0.878646
0 0.080469 0.700521 0.102344 0.700521 0.102344 0.728125 0.080469 0.728125
0 0.111719 0.697917 0.129688 0.697917 0.129688 0.723958 0.111719 0.723958
0 0.203516 0.715625 0.223047 0.715625 0.223047 0.739062 0.203516 0.739062
0 0.242969 0.698958 0.260547 0.698958 0.260547 0.725 0.242969 0.725
0 0.2625 0.727083 0.283984 0.727083 0.283984 0.744792 0.2625 0.744792
0 0.028125 0.719271 0.046484 0.719271 0.046484 0.746354 0.028125 0.746354
0 0.059375 0.720833 0.079297 0.720833 0.079297 0.741667 0.059375 0.741667
0 0.03125 0.674479 0.050391 0.674479 0.050391 0.696354 0.03125 0.696354
0 0.082422 0.752083 0.099219 0.752083 0.099219 0.775 0.082422 0.775
0 0.045703 0.761979 0.067969 0.761979 0.067969 0.788021 0.045703 0.788021
0 0.110938 0.943229 0.131641 0.943229 0.131641 0.973958 0.110938 0.973958
0 0.141406 0.880208 0.159766 0.880208 0.159766 0.911979 0.141406 0.911979
0 0.132422 0.784896 0.149609 0.784896 0.149609 0.810417 0.132422 0.810417
0 0.230859 0.817188 0.254688 0.817188 0.254688 0.836979 0.230859 0.836979
0 0.207812 0.757812 0.232031 0.757812 0.232031 0.777083 0.207812 0.777083
0 0.266406 0.914583 0.285156 0.914583 0.285156 0.939062 0.266406 0.939062
0 0.249609 0.945312 0.269141 0.945312 0.269141 0.973958 0.249609 0.973958
0 0.025781 0.865104 0.042969 0.865104 0.042969 0.890625 0.025781 0.890625
0 0.056641 0.877604 0.072656 0.877604 0.072656 0.902083 0.056641 0.902083
0 0.341797 0.544271 0.362891 0.544271 0.362891 0.570833 0.341797 0.570833
0 0.286719 0.960417 0.302734 0.960417 0.302734 0.988542 0.286719 0.988542
0 0.320312 0.750521 0.342188 0.750521 0.342188 0.76875 0.320312 0.76875
0 0.315625 0.777083 0.337109 0.777083 0.337109 0.795833 0.315625 0.795833
0 0.275781 0.8625 0.295703 0.8625 0.295703 0.884375 0.275781 0.884375
0 0.572656 0.580208 0.594922 0.580208 0.594922 0.607292 0.572656 0.607292
0 0.658203 0.597396 0.676953 0.597396 0.676953 0.626562 0.658203 0.626562
0 0.634766 0.657292 0.651953 0.657292 0.651953 0.680729 0.634766 0.680729
0 0.651953 0.689062 0.666797 0.689062 0.666797 0.713021 0.651953 0.713021
0 0.623828 0.703646 0.641016 0.703646 0.641016 0.730208 0.623828 0.730208
0 0.551953 0.615625 0.570312 0.615625 0.570312 0.640104 0.551953 0.640104
0 0.580859 0.640104 0.598438 0.640104 0.598438 0.663021 0.580859 0.663021
0 0.607812 0.628646 0.625781 0.628646 0.625781 0.648438 0.607812 0.648438
0 0.538672 0.741146 0.563281 0.741146 0.563281 0.764583 0.538672 0.764583
0 0.469531 0.684896 0.485156 0.684896 0.485156 0.710417 0.469531 0.710417
0 0.455859 0.694271 0.470703 0.694271 0.470703 0.722396 0.455859 0.722396
0 0.469531 0.740625 0.486328 0.740625 0.486328 0.766667 0.469531 0.766667
0 0.696094 0.674479 0.7125 0.674479 0.7125 0.701042 0.696094 0.701042
0 0.679297 0.701562 0.696094 0.701562 0.696094 0.722396 0.679297 0.722396
0 0.640234 0.742188 0.658984 0.742188 0.658984 0.764062 0.640234 0.764062
0 0.735547 0.64375 0.753516 0.64375 0.753516 0.675521 0.735547 0.675521
0 0.680078 0.563542 0.696875 0.563542 0.696875 0.596354 0.680078 0.596354
0 0.610547 0.732292 0.628516 0.732292 0.628516 0.751042 0.610547 0.751042
0 0.623438 0.784375 0.641797 0.784375 0.641797 0.803125 0.623438 0.803125
0 0.576172 0.767188 0.591016 0.767188 0.591016 0.798958 0.576172 0.798958
0 0.463672 0.794792 0.482422 0.794792 0.482422 0.824479 0.463672 0.824479
0 0.558984 0.667188 0.578516 0.667188 0.578516 0.689583 0.558984 0.689583
0 0.601172 0.665104 0.61875 0.665104 0.61875 0.682812 0.601172 0.682812
0 0.635156 0.592188 0.649219 0.592188 0.649219 0.617188 0.635156 0.617188
0 0.477344 0.638542 0.493359 0.638542 0.493359 0.664062 0.477344 0.664062
0 0.524219 0.6625 0.537891 0.6625 0.537891 0.688021 0.524219 0.688021
0 0.498438 0.620833 0.516016 0.620833 0.516016 0.640104 0.498438 0.640104
0 0.680078 0.725 0.699609 0.725 0.699609 0.749479 0.680078 0.749479
0 0.95625 0.533333 0.976562 0.533333 0.976562 0.554688 0.95625 0.554688
0 0.846094 0.596354 0.868359 0.596354 0.868359 0.622917 0.846094 0.622917
0 0.879297 0.590625 0.900781 0.590625 0.900781 0.611458 0.879297 0.611458
0 0.935938 0.581771 0.957812 0.581771 0.957812 0.604167 0.935938 0.604167
0 0.942578 0.470312 0.963281 0.470312 0.963281 0.491667 0.942578 0.491667
0 0.775 0.605208 0.79375 0.605208 0.79375 0.627604 0.775 0.627604
0 0.819141 0.814062 0.8375 0.814062 0.8375 0.844271 0.819141 0.844271
0 0.841016 0.750521 0.862891 0.750521 0.862891 0.771354 0.841016 0.771354
0 0.83125 0.714583 0.855859 0.714583 0.855859 0.735938 0.83125 0.735938
0 0.714844 0.689062 0.730469 0.689062 0.730469 0.715104 0.714844 0.715104
0 0.744531 0.807292 0.758984 0.807292 0.758984 0.8375 0.744531 0.8375
0 0.903516 0.672917 0.926172 0.672917 0.926172 0.695312 0.903516 0.695312
0 0.932422 0.678646 0.956641 0.678646 0.956641 0.702604 0.932422 0.702604
0 0.873438 0.694271 0.899219 0.694271 0.899219 0.715104 0.873438 0.715104
0 0.813672 0.626562 0.833984 0.626562 0.833984 0.645312 0.813672 0.645312
0 0.767578 0.810938 0.783984 0.810938 0.783984 0.839583 0.767578 0.839583
0 0.797656 0.717188 0.823438 0.717188 0.823438 0.739062 0.797656 0.739062
0 0.724609 0.889062 0.741016 0.889062 0.741016 0.917708 0.724609 0.917708
0 0.642969 0.951562 0.660547 0.951562 0.660547 0.9875 0.642969 0.9875
0 0.652344 0.885417 0.667188 0.885417 0.667188 0.915625 0.652344 0.915625
0 0.636328 0.841146 0.65 0.841146 0.65 0.86875 0.636328 0.86875
0 0.65625 0.784375 0.671875 0.784375 0.671875 0.808854 0.65625 0.808854
0 0.4625 0.916146 0.481641 0.916146 0.481641 0.942708 0.4625 0.942708
0 0.488281 0.954688 0.508594 0.954688 0.508594 0.978125 0.488281 0.978125
0 0.488281 0.867708 0.507031 0.867708 0.507031 0.89375 0.488281 0.89375
0 0.504297 0.820833 0.518359 0.820833 0.518359 0.847396 0.504297 0.847396
0 0.590625 0.886458 0.605859 0.886458 0.605859 0.913542 0.590625 0.913542
0 0.442188 0.864062 0.462109 0.864062 0.462109 0.890625 0.442188 0.890625
0 0.410547 0.869271 0.427734 0.869271 0.427734 0.895833 0.410547 0.895833
0 0.457031 0.841667 0.475 0.841667 0.475 0.864062 0.457031 0.864062
0 0.613672 0.930208 0.626172 0.930208 0.626172 0.954167 0.613672 0.954167
0 0.3875 0.926562 0.407422 0.926562 0.407422 0.955729 0.3875 0.955729
0 0.298047 0.917188 0.320703 0.917188 0.320703 0.938542 0.298047 0.938542
0 0.433984 0.792708 0.451562 0.792708 0.451562 0.817188 0.433984 0.817188
0 0.340234 0.804688 0.35625 0.804688 0.35625 0.825521 0.340234 0.825521
0 0.316797 0.827604 0.335938 0.827604 0.335938 0.847396 0.316797 0.847396
0 0.312109 0.892188 0.324609 0.892188 0.324609 0.915104 0.312109 0.915104
0 0.449609 0.975 0.471094 0.975 0.471094 0.995833 0.449609 0.995833
0 0.505859 0.779688 0.524609 0.779688 0.524609 0.799479 0.505859 0.799479
0 0.135938 0.723438 0.153906 0.723438 0.153906 0.748958 0.135938 0.748958