0 0.497656 0.504687 0.516406 0.504687 0.516406 0.528125 0.497656 0.528125
0 0.516406 0.524479 0.536719 0.524479 0.536719 0.546875 0.516406 0.546875
0 0.495312 0.544271 0.513281 0.544271 0.513281 0.563021 0.495312 0.563021
0 0.466016 0.552083 0.488281 0.552083 0.488281 0.576562 0.466016 0.576562
0 0.460156 0.513021 0.483203 0.513021 0.483203 0.540625 0.460156 0.540625
0 0.428906 0.542188 0.451562 0.542188 0.451562 0.573958 0.428906 0.573958
0 0.49375 0.574479 0.515625 0.574479 0.515625 0.604167 0.49375 0.604167
0 0.531641 0.558854 0.550781 0.558854 0.550781 0.588021 0.531641 0.588021
0 0.524219 0.590625 0.549219 0.590625 0.549219 0.614583 0.524219 0.614583
0 0.525391 0.622396 0.544141 0.622396 0.544141 0.642708 0.525391 0.642708
0 0.492188 0.641667 0.514453 0.641667 0.514453 0.666667 0.492188 0.666667
0 0.474609 0.61875 0.494531 0.61875 0.494531 0.645312 0.474609 0.645312
0 0.466016 0.584375 0.484766 0.584375 0.484766 0.611458 0.466016 0.611458
0 0.432422 0.589062 0.450781 0.589062 0.450781 0.611979 0.432422 0.611979
0 0.442188 0.615104 0.465234 0.615104 0.465234 0.643229 0.442188 0.643229
0 0.416797 0.635938 0.436719 0.635938 0.436719 0.667708 0.416797 0.667708
0 0.518359 0.666146 0.536328 0.666146 0.536328 0.690104 0.518359 0.690104
0 0.564844 0.651562 0.578516 0.651562 0.578516 0.679688 0.564844 0.679688
0 0.547266 0.679167 0.569531 0.679167 0.569531 0.702083 0.547266 0.702083
0 0.539453 0.405208 0.55625 0.405208 0.55625 0.435417 0.539453 0.435417
0 0.545312 0.357292 0.567188 0.357292 0.567188 0.380208 0.545312 0.380208
0 0.511328 0.371875 0.53125 0.371875 0.53125 0.407292 0.511328 0.407292
0 0.510938 0.338021 0.533984 0.338021 0.533984 0.358333 0.510938 0.358333
0 0.510938 0.308854 0.536328 0.308854 0.536328 0.327604 0.510938 0.327604
0 0.460156 0.345833 0.481641 0.345833 0.481641 0.370833 0.460156 0.370833
0 0.483984 0.395312 0.499609 0.395312 0.499609 0.417188 0.483984 0.417188
0 0.458594 0.415625 0.475391 0.415625 0.475391 0.44375 0.458594 0.44375
0 0.426562 0.426562 0.449609 0.426562 0.449609 0.451562 0.426562 0.451562
0 0.424219 0.46875 0.442578 0.46875 0.442578 0.49375 0.424219 0.49375
0 0.4 0.445833 0.420703 0.445833 0.420703 0.469271 0.4 0.469271
0 0.390625 0.480208 0.410547 0.480208 0.410547 0.502083 0.390625 0.502083
0 0.370312 0.511979 0.389844 0.511979 0.389844 0.538021 0.370312 0.538021
0 0.354688 0.542708 0.376562 0.542708 0.376562 0.565625 0.354688 0.565625
0 0.320703 0.517188 0.341797 0.517188 0.341797 0.547917 0.320703 0.547917
0 0.338672 0.477083 0.358984 0.477083 0.358984 0.501042 0.338672 0.501042
0 0.350391 0.500521 0.368359 0.500521 0.368359 0.528646 0.350391 0.528646
0 0.442578 0.374479 0.462891 0.374479 0.462891 0.407292 0.442578 0.407292
0 0.426562 0.303125 0.444531 0.303125 0.444531 0.334375 0.426562 0.334375
0 0.394922 0.319271 0.410156 0.319271 0.410156 0.344792 0.394922 0.344792
0 0.374219 0.308854 0.392578 0.308854 0.392578 0.332292 0.374219 0.332292
0 0.369531 0.278646 0.392578 0.278646 0.392578 0.296875 0.369531 0.296875
0 0.395703 0.404688 0.417578 0.404688 0.417578 0.434375 0.395703 0.434375
0 0.366406 0.384375 0.384375 0.384375 0.384375 0.411979 0.366406 0.411979
0 0.378516 0.358854 0.398828 0.358854 0.398828 0.377083 0.378516 0.377083
0 0.351562 0.341667 0.370312 0.341667 0.370312 0.366667 0.351562 0.366667
0 0.335156 0.310938 0.351953 0.310938 0.351953 0.3375 0.335156 0.3375
0 0.308594 0.341146 0.331641 0.341146 0.331641 0.369792 0.308594 0.369792
0 0.328906 0.384896 0.353125 0.384896 0.353125 0.411979 0.328906 0.411979
0 0.337891 0.418229 0.363672 0.418229 0.363672 0.442708 0.337891 0.442708
0 0.369531 0.486458 0.383594 0.486458 0.383594 0.509375 0.369531 0.509375
0 0.323438 0.451042 0.340625 0.451042 0.340625 0.48125 0.323438 0.48125
0 0.298438 0.484896 0.319531 0.484896 0.319531 0.507292 0.298438 0.507292
0 0.278906 0.455729 0.295312 0.455729 0.295312 0.482292 0.278906 0.482292
0 0.29375 0.427083 0.317578 0.427083 0.317578 0.446354 0.29375 0.446354
0 0.289453 0.374479 0.311719 0.374479 0.311719 0.402604 0.289453 0.402604
0 0.374609 0.452083 0.391406 0.452083 0.391406 0.483854 0.374609 0.483854
0 0.263281 0.419792 0.282422 0.419792 0.282422 0.446354 0.263281 0.446354
0 0.241016 0.388021 0.262891 0.388021 0.262891 0.414583 0.241016 0.414583
0 0.639453 0.569271 0.664453 0.569271 0.664453 0.589583 0.639453 0.589583
0 0.673828 0.553646 0.694922 0.553646 0.694922 0.577083 0.673828 0.577083
0 0.746875 0.5375 0.765625 0.5375 0.765625 0.565625 0.746875 0.565625
0 0.733203 0.498438 0.752344 0.498438 0.752344 0.526562 0.733203 0.526562
0 0.701562 0.566667 0.720312 0.566667 0.720312 0.597917 0.701562 0.597917
0 0.727734 0.598438 0.746484 0.598438 0.746484 0.624479 0.727734 0.624479
0 0.772266 0.597917 0.791016 0.597917 0.791016 0.623438 0.772266 0.623438
0 0.799609 0.557812 0.817969 0.557812 0.817969 0.581771 0.799609 0.581771
0 0.81875 0.53125 0.834766 0.53125 0.834766 0.551562 0.81875 0.551562
0 0.84375 0.535417 0.859375 0.535417 0.859375 0.561458 0.84375 0.561458
0 0.844922 0.599479 0.858984 0.599479 0.858984 0.625 0.844922 0.625
0 0.860938 0.593229 0.874609 0.593229 0.874609 0.617188 0.860938 0.617188
0 0.640234 0.7 0.659375 0.7 0.659375 0.729167 0.640234 0.729167
0 0.683203 0.681771 0.700781 0.681771 0.700781 0.705208 0.683203 0.705208
0 0.604297 0.596354 0.626172 0.596354 0.626172 0.614062 0.604297 0.614062
0 0.636328 0.60625 0.655859 0.60625 0.655859 0.622917 0.636328 0.622917
0 0.613672 0.627604 0.628516 0.627604 0.628516 0.653125 0.613672 0.653125
0 0.628516 0.642188 0.646484 0.642188 0.646484 0.660938 0.628516 0.660938
0 0.658203 0.634896 0.674219 0.634896 0.674219 0.667708 0.658203 0.667708
0 0.6875 0.623958 0.709766 0.623958 0.709766 0.653125 0.6875 0.653125
0 0.728125 0.643229 0.749219 0.643229 0.749219 0.667188 0.728125 0.667188
0 0.710156 0.672917 0.730078 0.672917 0.730078 0.7 0.710156 0.7
0 0.735938 0.676562 0.753125 0.676562 0.753125 0.70625 0.735938 0.70625
0 0.758203 0.691667 0.776562 0.691667 0.776562 0.718229 0.758203 0.718229
0 0.760547 0.649479 0.779688 0.649479 0.779688 0.674479 0.760547 0.674479
0 0.782812 0.640104 0.801172 0.640104 0.801172 0.661979 0.782812 0.661979
0 0.788672 0.671875 0.807422 0.671875 0.807422 0.695312 0.788672 0.695312
0 0.717578 0.457292 0.734375 0.457292 0.734375 0.484375 0.717578 0.484375
0 0.683203 0.486979 0.707812 0.486979 0.707812 0.509375 0.683203 0.509375
0 0.669531 0.510938 0.689844 0.510938 0.689844 0.536979 0.669531 0.536979
0 0.632422 0.498438 0.658203 0.498438 0.658203 0.51875 0.632422 0.51875
0 0.644141 0.457812 0.663672 0.457812 0.663672 0.479167 0.644141 0.479167
0 0.684375 0.4375 0.702734 0.4375 0.702734 0.4625 0.684375 0.4625
0 0.644141 0.417708 0.670312 0.417708 0.670312 0.4375 0.644141 0.4375
0 0.633203 0.540104 0.655078 0.540104 0.655078 0.558333 0.633203 0.558333
0 0.672266 0.383333 0.697656 0.383333 0.697656 0.408854 0.672266 0.408854
0 0.708984 0.383333 0.732031 0.383333 0.732031 0.409375 0.708984 0.409375
0 0.806641 0.499479 0.829297 0.499479 0.829297 0.526042 0.806641 0.526042
0 0.825 0.430208 0.849609 0.430208 0.849609 0.452604 0.825 0.452604
0 0.853906 0.467708 0.873828 0.467708 0.873828 0.491146 0.853906 0.491146
0 0.736328 0.361979 0.766016 0.361979 0.766016 0.4 0.736328 0.4
0 0.705859 0.346875 0.723438 0.346875 0.723438 0.370833 0.705859 0.370833
0 0.904688 0.267708 0.923438 0.267708 0.923438 0.296875 0.904688 0.296875
0 0.889062 0.327604 0.905469 0.327604 0.905469 0.35 0.889062 0.35
0 0.869922 0.352083 0.884375 0.352083 0.884375 0.380208 0.869922 0.380208
0 0.854297 0.388542 0.873047 0.388542 0.873047 0.408333 0.854297 0.408333
0 0.825391 0.357812 0.839453 0.357812 0.839453 0.38125 0.825391 0.38125
0 0.84375 0.343229 0.858203 0.343229 0.858203 0.366146 0.84375 0.366146
0 0.834766 0.289062 0.85625 0.289062 0.85625 0.316667 0.834766 0.316667
0 0.880859 0.278125 0.898438 0.278125 0.898438 0.308333 0.880859 0.308333
0 0.857812 0.249479 0.878906 0.249479 0.878906 0.273958 0.857812 0.273958
0 0.8125 0.246354 0.830469 0.246354 0.830469 0.272917 0.8125 0.272917
0 0.780469 0.245312 0.8 0.245312 0.8 0.274479 0.780469 0.274479
0 0.762891 0.318229 0.784375 0.318229 0.784375 0.346354 0.762891 0.346354
0 0.732422 0.316146 0.755859 0.316146 0.755859 0.341667 0.732422 0.341667
0 0.740234 0.282292 0.760938 0.282292 0.760938 0.305729 0.740234 0.305729
0 0.745312 0.254167 0.764453 0.254167 0.764453 0.277083 0.745312 0.277083
0 0.773047 0.353125 0.79375 0.353125 0.79375 0.386979 0.773047 0.386979
0 0.689062 0.323958 0.709766 0.323958 0.709766 0.351562 0.689062 0.351562
0 0.9125 0.159896 0.928906 0.159896 0.928906 0.189583 0.9125 0.189583
0 0.896094 0.190625 0.915625 0.190625 0.915625 0.211458 0.896094 0.211458
0 0.869141 0.215104 0.888672 0.215104 0.888672 0.243229 0.869141 0.243229
0 0.84375 0.190625 0.861719 0.190625 0.861719 0.213542 0.84375 0.213542
0 0.840234 0.225 0.858594 0.225 0.858594 0.247396 0.840234 0.247396
0 0.816797 0.203125 0.833594 0.203125 0.833594 0.229688 0.816797 0.229688
0 0.803516 0.174479 0.822266 0.174479 0.822266 0.196875 0.803516 0.196875
0 0.785156 0.208333 0.802734 0.208333 0.802734 0.231771 0.785156 0.231771
0 0.880859 0.626042 0.89375 0.626042 0.89375 0.650521 0.880859 0.650521
0 0.891797 0.640104 0.907031 0.640104 0.907031 0.669271 0.891797 0.669271
0 0.9125 0.629167 0.928516 0.629167 0.928516 0.657292 0.9125 0.657292
0 0.919922 0.58125 0.940625 0.58125 0.940625 0.616146 0.919922 0.616146
0 0.946875 0.597917 0.958984 0.597917 0.958984 0.628125 0.946875 0.628125
0 0.9625 0.578125 0.978125 0.578125 0.978125 0.607812 0.9625 0.607812
0 0.888281 0.575 0.903906 0.575 0.903906 0.604688 0.888281 0.604688
0 0.951562 0.495312 0.973828 0.495312 0.973828 0.520312 0.951562 0.520312
0 0.958984 0.545833 0.978125 0.545833 0.978125 0.566146 0.958984 0.566146
0 0.984375 0.529688 0.999219 0.529688 0.999219 0.556771 0.984375 0.556771
0 0.928125 0.519792 0.944141 0.519792 0.944141 0.547917 0.928125 0.547917
0 0.911719 0.523438 0.926953 0.523438 0.926953 0.552083 0.911719 0.552083
0 0.891797 0.536458 0.908203 0.536458 0.908203 0.564583 0.891797 0.564583
0 0.874219 0.507292 0.892188 0.507292 0.892188 0.536458 0.874219 0.536458
0 0.953906 0.436458 0.974609 0.436458 0.974609 0.467188 0.953906 0.467188
0 0.980859 0.446875 0.999609 0.446875 0.999609 0.476562 0.980859 0.476562
0 0.936719 0.419792 0.955859 0.419792 0.955859 0.439583 0.936719 0.439583
0 0.945312 0.370833 0.960938 0.370833 0.960938 0.394792 0.945312 0.394792
0 0.980859 0.366146 0.999609 0.366146 0.999609 0.392708 0.980859 0.392708
0 0.919531 0.370312 0.935156 0.370312 0.935156 0.402083 0.919531 0.402083
0 0.948438 0.323958 0.965625 0.323958 0.965625 0.344271 0.948438 0.344271
0 0.962109 0.341146 0.973047 0.341146 0.973047 0.365104 0.962109 0.365104
0 0.810938 0.077083 0.835938 0.077083 0.835938 0.106771 0.810938 0.106771
0 0.786719 0.045833 0.808594 0.045833 0.808594 0.072917 0.786719 0.072917
0 0.807422 0.0 0.83125 0.0 0.83125 0.03125 0.807422 0.03125
0 0.773828 0.019271 0.799609 0.019271 0.799609 0.039583 0.773828 0.039583
0 0.759375 0.05625 0.779688 0.05625 0.779688 0.082292 0.759375 0.082292
0 0.776953 0.091667 0.795312 0.091667 0.795312 0.117188 0.776953 0.117188
0 0.746875 0.100521 0.765625 0.100521 0.765625 0.128125 0.746875 0.128125
0 0.698438 0.102083 0.715234 0.102083 0.715234 0.130208 0.698438 0.130208
0 0.700391 0.055729 0.722266 0.055729 0.722266 0.086458 0.700391 0.086458
0 0.685156 0.180208 0.705078 0.180208 0.705078 0.213542 0.685156 0.213542
0 0.688281 0.141146 0.707422 0.141146 0.707422 0.170312 0.688281 0.170312
0 0.665234 0.098438 0.685938 0.098438 0.685938 0.121875 0.665234 0.121875
0 0.658984 0.053646 0.682031 0.053646 0.682031 0.084896 0.658984 0.084896
0 0.691797 0.021875 0.708984 0.021875 0.708984 0.046354 0.691797 0.046354
0 0.65 0.155729 0.669531 0.155729 0.669531 0.184896 0.65 0.184896
0 0.652734 0.207812 0.668359 0.207812 0.668359 0.235938 0.652734 0.235938
0 0.630078 0.230729 0.645312 0.230729 0.645312 0.257812 0.630078 0.257812
0 0.599609 0.210938 0.618359 0.210938 0.618359 0.246354 0.599609 0.246354
0 0.575391 0.191146 0.595703 0.191146 0.595703 0.216667 0.575391 0.216667
0 0.593359 0.161979 0.609375 0.161979 0.609375 0.190104 0.593359 0.190104
0 0.596094 0.101042 0.616797 0.101042 0.616797 0.1375 0.596094 0.1375
0 0.616797 0.041146 0.634766 0.041146 0.634766 0.072917 0.616797 0.072917
0 0.591406 0.023958 0.6125 0.023958 0.6125 0.056771 0.591406 0.056771
0 0.634766 0.0 0.655078 0.0 0.655078 0.023438 0.634766 0.023438
0 0.552344 0.122396 0.570312 0.122396 0.570312 0.149479 0.552344 0.149479
0 0.563672 0.145833 0.584375 0.145833 0.584375 0.170833 0.563672 0.170833
0 0.550391 0.177083 0.569531 0.177083 0.569531 0.2 0.550391 0.2
0 0.566797 0.230208 0.581641 0.230208 0.581641 0.260417 0.566797 0.260417
0 0.529688 0.2 0.548438 0.2 0.548438 0.222396 0.529688 0.222396
0 0.523828 0.157292 0.544922 0.157292 0.544922 0.175 0.523828 0.175
0 0.508203 0.133854 0.524219 0.133854 0.524219 0.161458 0.508203 0.161458
0 0.496875 0.198438 0.516016 0.198438 0.516016 0.230208 0.496875 0.230208
0 0.417969 0.216667 0.447656 0.216667 0.447656 0.242188 0.417969 0.242188
0 0.385547 0.165625 0.407812 0.165625 0.407812 0.186979 0.385547 0.186979
0 0.469922 0.041146 0.494141 0.041146 0.494141 0.071875 0.469922 0.071875
0 0.501953 0.030729 0.525781 0.030729 0.525781 0.053125 0.501953 0.053125
0 0.435938 0.055729 0.455078 0.055729 0.455078 0.078125 0.435938 0.078125
0 0.403125 0.064062 0.423047 0.064062 0.423047 0.091146 0.403125 0.091146
0 0.385156 0.076562 0.408203 0.076562 0.408203 0.103646 0.385156 0.103646
0 0.376172 0.107812 0.396094 0.107812 0.396094 0.133854 0.376172 0.133854
0 0.359375 0.071875 0.381641 0.071875 0.381641 0.094792 0.359375 0.094792
0 0.359766 0.039583 0.378516 0.039583 0.378516 0.064062 0.359766 0.064062
0 0.414844 0.0 0.440234 0.0 0.440234 0.019271 0.414844 0.019271
0 0.335547 0.027083 0.355469 0.027083 0.355469 0.058333 0.335547 0.058333
0 0.302344 0.036979 0.328516 0.036979 0.328516 0.064583 0.302344 0.064583
0 0.354688 0.138021 0.370312 0.138021 0.370312 0.167708 0.354688 0.167708
0 0.324609 0.141667 0.348047 0.141667 0.348047 0.161458 0.324609 0.161458
0 0.276562 0.113021 0.299609 0.113021 0.299609 0.139583 0.276562 0.139583
0 0.247266 0.104167 0.271094 0.104167 0.271094 0.132812 0.247266 0.132812
0 0.371484 0.219271 0.394531 0.219271 0.394531 0.239583 0.371484 0.239583
0 0.335938 0.193229 0.360547 0.193229 0.360547 0.217188 0.335938 0.217188
0 0.345312 0.244792 0.371094 0.244792 0.371094 0.26875 0.345312 0.26875
0 0.305469 0.159896 0.321484 0.159896 0.321484 0.186979 0.305469 0.186979
0 0.272266 0.164583 0.292578 0.164583 0.292578 0.1875 0.272266 0.1875
0 0.26875 0.215625 0.293359 0.215625 0.293359 0.244271 0.26875 0.244271
0 0.277734 0.255729 0.298828 0.255729 0.298828 0.280729 0.277734 0.280729
0 0.305859 0.271875 0.328516 0.271875 0.328516 0.298958 0.305859 0.298958
0 0.225781 0.155729 0.244922 0.155729 0.244922 0.179167 0.225781 0.179167
0 0.196484 0.154688 0.219141 0.154688 0.219141 0.177083 0.196484 0.177083
0 0.216797 0.196354 0.24375 0.196354 0.24375 0.225 0.216797 0.225
0 0.216016 0.229688 0.244531 0.229688 0.244531 0.256771 0.216016 0.256771
0 0.217969 0.267188 0.242188 0.267188 0.242188 0.29375 0.217969 0.29375
0 0.244531 0.298438 0.261719 0.298438 0.261719 0.322917 0.244531 0.322917
0 0.266016 0.308854 0.285156 0.308854 0.285156 0.335417 0.266016 0.335417
0 0.258594 0.353125 0.283984 0.353125 0.283984 0.380208 0.258594 0.380208
0 0.229297 0.354688 0.249219 0.354688 0.249219 0.38125 0.229297 0.38125
0 0.202734 0.402083 0.226562 0.402083 0.226562 0.425 0.202734 0.425
0 0.195703 0.367188 0.223047 0.367188 0.223047 0.394271 0.195703 0.394271
0 0.177734 0.274479 0.205078 0.274479 0.205078 0.3 0.177734 0.3
0 0.141406 0.327604 0.167188 0.327604 0.167188 0.349479 0.141406 0.349479
0 0.161719 0.235417 0.1875 0.235417 0.1875 0.259375 0.161719 0.259375
0 0.162109 0.206771 0.188672 0.206771 0.188672 0.232292 0.162109 0.232292
0 0.155078 0.167708 0.180078 0.167708 0.180078 0.189062 0.155078 0.189062
0 0.139062 0.223438 0.160547 0.223438 0.160547 0.250521 0.139062 0.250521
0 0.138281 0.255208 0.155078 0.255208 0.155078 0.276042 0.138281 0.276042
0 0.108203 0.255729 0.124609 0.255729 0.124609 0.283333 0.108203 0.283333
0 0.159766 0.067708 0.185547 0.067708 0.185547 0.096875 0.159766 0.096875
0 0.064844 0.073958 0.089844 0.073958 0.089844 0.094792 0.064844 0.094792
0 0.05 0.085938 0.067969 0.085938 0.067969 0.117188 0.05 0.117188
0 0.027344 0.108333 0.048828 0.108333 0.048828 0.132292 0.027344 0.132292
0 0.012891 0.134896 0.035547 0.134896 0.035547 0.159375 0.012891 0.159375
0 0.0 0.084896 0.018359 0.084896 0.018359 0.111979 0.0 0.111979
0 0.044141 0.056771 0.064844 0.056771 0.064844 0.077083 0.044141 0.077083
0 0.052734 0.014583 0.072266 0.014583 0.072266 0.039583 0.052734 0.039583
0 0.019141 0.0125 0.039062 0.0125 0.039062 0.0375 0.019141 0.0375
0 0.005469 0.040625 0.028125 0.040625 0.028125 0.06875 0.005469 0.06875
0 0.916016 0.7125 0.939844 0.7125 0.939844 0.745312 0.916016 0.745312
0 0.930078 0.800521 0.952344 0.800521 0.952344 0.823438 0.930078 0.823438
0 0.941016 0.830729 0.957812 0.830729 0.957812 0.857812 0.941016 0.857812
0 0.96875 0.822917 0.986328 0.822917 0.986328 0.854688 0.96875 0.854688
0 0.967969 0.865625 0.986328 0.865625 0.986328 0.888542 0.967969 0.888542
0 0.943359 0.881771 0.959375 0.881771 0.959375 0.905208 0.943359 0.905208
0 0.966016 0.9 0.978906 0.9 0.978906 0.921354 0.966016 0.921354
0 0.977344 0.939583 0.994922 0.939583 0.994922 0.976042 0.977344 0.976042
0 0.930078 0.909375 0.945312 0.909375 0.945312 0.935938 0.930078 0.935938
0 0.892969 0.915625 0.9125 0.915625 0.9125 0.948438 0.892969 0.948438
0 0.882031 0.820312 0.905469 0.820312 0.905469 0.860938 0.882031 0.860938
0 0.917969 0.769271 0.937109 0.769271 0.937109 0.802083 0.917969 0.802083
0 0.89375 0.771354 0.9125 0.771354 0.9125 0.804688 0.89375 0.804688
0 0.853516 0.791667 0.869922 0.791667 0.869922 0.811458 0.853516 0.811458
0 0.853125 0.747917 0.871094 0.747917 0.871094 0.774479 0.853125 0.774479
0 0.832422 0.773958 0.850391 0.773958 0.850391 0.807812 0.832422 0.807812
0 0.839453 0.755729 0.860156 0.755729 0.860156 0.788542 0.839453 0.788542
0 0.882031 0.729167 0.9 0.729167 0.9 0.75625 0.882031 0.75625
0 0.810938 0.780729 0.83125 0.780729 0.83125 0.810938 0.810938 0.810938
0 0.8375 0.827604 0.85625 0.827604 0.85625 0.85625 0.8375 0.85625
0 0.812891 0.860938 0.835547 0.860938 0.835547 0.885938 0.812891 0.885938
0 0.792969 0.846875 0.810156 0.846875 0.810156 0.871354 0.792969 0.871354
0 0.810938 0.816146 0.832812 0.816146 0.832812 0.835417 0.810938 0.835417
0 0.765625 0.816667 0.783594 0.816667 0.783594 0.840625 0.765625 0.840625
0 0.741016 0.838021 0.758594 0.838021 0.758594 0.866667 0.741016 0.866667
0 0.754688 0.852083 0.777344 0.852083 0.777344 0.877604 0.754688 0.877604
0 0.796484 0.904688 0.822266 0.904688 0.822266 0.926042 0.796484 0.926042
0 0.855859 0.91875 0.871484 0.91875 0.871484 0.943229 0.855859 0.943229
0 0.853125 0.957812 0.864844 0.957812 0.864844 0.978125 0.853125 0.978125
0 0.831641 0.964583 0.846484 0.964583 0.846484 0.982812 0.831641 0.982812
0 0.783203 0.947917 0.799219 0.947917 0.799219 0.972917 0.783203 0.972917
0 0.763281 0.928646 0.776172 0.928646 0.776172 0.952604 0.763281 0.952604
0 0.721484 0.891146 0.742969 0.891146 0.742969 0.928125 0.721484 0.928125
0 0.699609 0.944792 0.71875 0.944792 0.71875 0.979167 0.699609 0.979167
0 0.654688 0.908854 0.678516 0.908854 0.678516 0.93125 0.654688 0.93125
0 0.671484 0.930729 0.692188 0.930729 0.692188 0.955729 0.671484 0.955729
0 0.625 0.945833 0.649609 0.945833 0.649609 0.971875 0.625 0.971875
0 0.660938 0.979167 0.676172 0.979167 0.676172 0.999479 0.660938 0.999479
0 0.680469 0.972917 0.696094 0.972917 0.696094 0.997396 0.680469 0.997396
0 0.4875 0.697396 0.514062 0.697396 0.514062 0.720312 0.4875 0.720312
0 0.533984 0.714062 0.560156 0.714062 0.560156 0.736979 0.533984 0.736979
0 0.569531 0.706771 0.592578 0.706771 0.592578 0.728646 0.569531 0.728646
0 0.573828 0.741146 0.593359 0.741146 0.593359 0.766146 0.573828 0.766146
0 0.527344 0.780729 0.553125 0.780729 0.553125 0.806771 0.527344 0.806771
0 0.5125 0.734375 0.530859 0.734375 0.530859 0.758854 0.5125 0.758854
0 0.475 0.734375 0.500391 0.734375 0.500391 0.764062 0.475 0.764062
0 0.462891 0.791667 0.49375 0.791667 0.49375 0.820833 0.462891 0.820833
0 0.432422 0.784375 0.457422 0.784375 0.457422 0.80625 0.432422 0.80625
0 0.419922 0.747917 0.444922 0.747917 0.444922 0.774479 0.419922 0.774479
0 0.439844 0.724479 0.461719 0.724479 0.461719 0.755208 0.439844 0.755208
0 0.575781 0.80625 0.594922 0.80625 0.594922 0.828125 0.575781 0.828125
0 0.591016 0.832292 0.605859 0.832292 0.605859 0.855208 0.591016 0.855208
0 0.591016 0.858333 0.608203 0.858333 0.608203 0.880208 0.591016 0.880208
0 0.562891 0.8625 0.580859 0.8625 0.580859 0.886979 0.562891 0.886979
0 0.528906 0.835938 0.549609 0.835938 0.549609 0.861458 0.528906 0.861458
0 0.528516 0.89375 0.549609 0.89375 0.549609 0.917708 0.528516 0.917708
0 0.497266 0.908854 0.512109 0.908854 0.512109 0.934375 0.497266 0.934375
0 0.479688 0.883333 0.497656 0.883333 0.497656 0.903646 0.479688 0.903646
0 0.499219 0.872396 0.520703 0.872396 0.520703 0.891146 0.499219 0.891146
0 0.492969 0.829688 0.516406 0.829688 0.516406 0.859375 0.492969 0.859375
0 0.466016 0.839583 0.484766 0.839583 0.484766 0.865104 0.466016 0.865104
0 0.447266 0.851042 0.467578 0.851042 0.467578 0.872396 0.447266 0.872396
0 0.030078 0.961979 0.049609 0.961979 0.049609 0.990104 0.030078 0.990104
0 0.057422 0.958333 0.074609 0.958333 0.074609 0.990625 0.057422 0.990625
0 0.0 0.905729 0.010156 0.905729 0.010156 0.938542 0.0 0.938542
0 0.115625 0.817188 0.137109 0.817188 0.137109 0.836979 0.115625 0.836979
0 0.148828 0.820312 0.173047 0.820312 0.173047 0.841667 0.148828 0.841667
0 0.165234 0.852604 0.187891 0.852604 0.187891 0.877083 0.165234 0.877083
0 0.149609 0.883854 0.171484 0.883854 0.171484 0.9125 0.149609 0.9125
0 0.115234 0.866667 0.139844 0.866667 0.139844 0.884896 0.115234 0.884896
0 0.094922 0.848958 0.112109 0.848958 0.112109 0.871875 0.094922 0.871875
0 0.073047 0.850521 0.092969 0.850521 0.092969 0.880729 0.073047 0.880729
0 0.084766 0.879167 0.101953 0.879167 0.101953 0.908854 0.084766 0.908854
0 0.108203 0.889062 0.127734 0.889062 0.127734 0.910417 0.108203 0.910417
0 0.178125 0.886979 0.205078 0.886979 0.205078 0.916146 0.178125 0.916146
0 0.158594 0.921875 0.176562 0.921875 0.176562 0.944792 0.158594 0.944792
0 0.178906 0.926562 0.200781 0.926562 0.200781 0.948958 0.178906 0.948958
0 0.208984 0.905208 0.226562 0.905208 0.226562 0.936458 0.208984 0.936458
0 0.209375 0.852604 0.235938 0.852604 0.235938 0.883854 0.209375 0.883854
0 0.2375 0.888542 0.255859 0.888542 0.255859 0.914062 0.2375 0.914062
0 0.267578 0.870833 0.287891 0.870833 0.287891 0.897917 0.267578 0.897917
0 0.266406 0.966146 0.286328 0.966146 0.286328 0.985417 0.266406 0.985417
0 0.409766 0.951562 0.429688 0.951562 0.429688 0.980208 0.409766 0.980208
0 0.385156 0.971875 0.409375 0.971875 0.409375 0.995833 0.385156 0.995833
0 0.356641 0.960417 0.371094 0.960417 0.371094 0.985938 0.356641 0.985938
0 0.325 0.961979 0.347266 0.961979 0.347266 0.982292 0.325 0.982292
0 0.326172 0.932292 0.346094 0.932292 0.346094 0.952604 0.326172 0.952604
0 0.380078 0.936458 0.399609 0.936458 0.399609 0.959896 0.380078 0.959896
0 0.358984 0.926042 0.373828 0.926042 0.373828 0.952083 0.358984 0.952083
0 0.3375 0.730208 0.355078 0.730208 0.355078 0.755208 0.3375 0.755208
0 0.326953 0.757292 0.345703 0.757292 0.345703 0.777083 0.326953 0.777083
0 0.320703 0.784375 0.346484 0.784375 0.346484 0.807292 0.320703 0.807292
0 0.31875 0.816146 0.341406 0.816146 0.341406 0.838021 0.31875 0.838021
0 0.2875 0.814062 0.30625 0.814062 0.30625 0.834896 0.2875 0.834896
0 0.265625 0.831771 0.280469 0.831771 0.280469 0.85625 0.265625 0.85625
0 0.283594 0.840625 0.301562 0.840625 0.301562 0.865625 0.283594 0.865625
0 0.247656 0.808854 0.266016 0.808854 0.266016 0.833333 0.247656 0.833333
0 0.229297 0.820833 0.25 0.820833 0.25 0.843229 0.229297 0.843229
0 0.206641 0.797396 0.224609 0.797396 0.224609 0.833333 0.206641 0.833333
0 0.237891 0.756771 0.260547 0.756771 0.260547 0.775521 0.237891 0.775521
0 0.271875 0.759896 0.294922 0.759896 0.294922 0.786979 0.271875 0.786979
0 0.291797 0.730729 0.316797 0.730729 0.316797 0.756771 0.291797 0.756771
0 0.300781 0.700521 0.323438 0.700521 0.323438 0.723958 0.300781 0.723958
0 0.248438 0.690104 0.269141 0.690104 0.269141 0.720312 0.248438 0.720312
0 0.284766 0.659896 0.306641 0.659896 0.306641 0.679167 0.284766 0.679167
0 0.211719 0.703125 0.227734 0.703125 0.227734 0.732812 0.211719 0.732812
0 0.166406 0.738021 0.184375 0.738021 0.184375 0.757812 0.166406 0.757812
0 0.138672 0.777083 0.160938 0.777083 0.160938 0.800521 0.138672 0.800521
0 0.130469 0.741667 0.154688 0.741667 0.154688 0.759896 0.130469 0.759896
0 0.105078 0.709375 0.128516 0.709375 0.128516 0.727604 0.105078 0.727604
0 0.132422 0.695833 0.15625 0.695833 0.15625 0.716667 0.132422 0.716667
0 0.096875 0.751042 0.119141 0.751042 0.119141 0.780208 0.096875 0.780208
0 0.108984 0.656771 0.133984 0.656771 0.133984 0.678646 0.108984 0.678646
0 0.149609 0.657292 0.173828 0.657292 0.173828 0.678646 0.149609 0.678646
0 0.126953 0.621354 0.152734 0.621354 0.152734 0.650521 0.126953 0.650521
0 0.169141 0.609375 0.192969 0.609375 0.192969 0.634896 0.169141 0.634896
0 0.199609 0.610417 0.225391 0.610417 0.225391 0.635938 0.199609 0.635938
0 0.03125 0.626042 0.057422 0.626042 0.057422 0.654167 0.03125 0.654167
0 0.069531 0.720833 0.087109 0.720833 0.087109 0.746354 0.069531 0.746354
0 0.026172 0.578125 0.05625 0.578125 0.05625 0.604688 0.026172 0.604688
0 0.084766 0.588021 0.105859 0.588021 0.105859 0.614062 0.084766 0.614062
0 0.122266 0.584896 0.147266 0.584896 0.147266 0.607292 0.122266 0.607292
0 0.148047 0.564583 0.170312 0.564583 0.170312 0.586979 0.148047 0.586979
0 0.166797 0.548438 0.189453 0.548438 0.189453 0.576562 0.166797 0.576562
0 0.194141 0.522917 0.217188 0.522917 0.217188 0.548958 0.194141 0.548958
0 0.152344 0.519792 0.182422 0.519792 0.182422 0.54375 0.152344 0.54375
0 0.157422 0.474479 0.179297 0.474479 0.179297 0.500521 0.157422 0.500521
0 0.121875 0.452083 0.147266 0.452083 0.147266 0.474479 0.121875 0.474479
0 0.123047 0.483333 0.148438 0.483333 0.148438 0.508333 0.123047 0.508333
0 0.094141 0.479688 0.118359 0.479688 0.118359 0.509375 0.094141 0.509375
0 0.111719 0.522396 0.132031 0.522396 0.132031 0.546354 0.111719 0.546354
0 0.098828 0.556771 0.126953 0.556771 0.126953 0.577083 0.098828 0.577083
0 0.069922 0.510417 0.094922 0.510417 0.094922 0.539583 0.069922 0.539583
0 0.045703 0.506771 0.0625 0.506771 0.0625 0.53125 0.045703 0.53125
0 0.060938 0.560938 0.078906 0.560938 0.078906 0.590625 0.060938 0.590625
0 0.121875 0.418229 0.146484 0.418229 0.146484 0.444792 0.121875 0.444792
0 0.055859 0.404688 0.084375 0.404688 0.084375 0.430729 0.055859 0.430729
0 0.044531 0.425521 0.070312 0.425521 0.070312 0.449479 0.044531 0.449479
0 0.017578 0.410938 0.041797 0.410938 0.041797 0.439583 0.017578 0.439583
0 0.032812 0.454688 0.061328 0.454688 0.061328 0.482292 0.032812 0.482292
0 0.014453 0.48125 0.039844 0.48125 0.039844 0.505729 0.014453 0.505729
0 0.015234 0.53125 0.035547 0.53125 0.035547 0.552604 0.015234 0.552604