0 0.088281 0.239583 0.102734 0.239583 0.102734 0.269792 0.088281 0.269792
0 0.070703 0.183854 0.088281 0.183854 0.088281 0.207292 0.070703 0.207292
0 0.065625 0.15 0.074609 0.15 0.074609 0.176042 0.065625 0.176042
0 0.027734 0.139583 0.043359 0.139583 0.043359 0.165625 0.027734 0.165625
0 0.045312 0.177604 0.058203 0.177604 0.058203 0.203646 0.045312 0.203646
0 0.108594 0.134375 0.122266 0.134375 0.122266 0.159375 0.108594 0.159375
0 0.138672 0.085417 0.159375 0.085417 0.159375 0.107292 0.138672 0.107292
0 0.155469 0.042188 0.181641 0.042188 0.181641 0.06875 0.155469 0.06875
0 0.132031 0.133333 0.147656 0.133333 0.147656 0.163542 0.132031 0.163542
0 0.109375 0.178646 0.126172 0.178646 0.126172 0.211458 0.109375 0.211458
0 0.140625 0.182292 0.159375 0.182292 0.159375 0.220312 0.140625 0.220312
0 0.165234 0.209896 0.185547 0.209896 0.185547 0.241146 0.165234 0.241146
0 0.179688 0.161979 0.196484 0.161979 0.196484 0.189062 0.179688 0.189062
0 0.008203 0.08125 0.019141 0.08125 0.019141 0.109896 0.008203 0.109896
0 0.038672 0.056771 0.05625 0.056771 0.05625 0.075 0.038672 0.075
0 0.045312 0.01875 0.060938 0.01875 0.060938 0.04375 0.045312 0.04375
0 0.075391 0.023958 0.1 0.023958 0.1 0.0375 0.075391 0.0375
0 0.071484 0.052604 0.091406 0.052604 0.091406 0.06875 0.071484 0.06875
0 0.096875 0.086458 0.114453 0.086458 0.114453 0.103646 0.096875 0.103646
0 0.203125 0.191667 0.216797 0.191667 0.216797 0.229688 0.203125 0.229688
0 0.216797 0.126562 0.234375 0.126562 0.234375 0.154167 0.216797 0.154167
0 0.188281 0.104688 0.208203 0.104688 0.208203 0.124479 0.188281 0.124479
0 0.169141 0.08125 0.1875 0.08125 0.1875 0.099479 0.169141 0.099479
0 0.257422 0.129167 0.271484 0.129167 0.271484 0.158333 0.257422 0.158333
0 0.308203 0.098438 0.329688 0.098438 0.329688 0.124479 0.308203 0.124479
0 0.254688 0.168229 0.278125 0.168229 0.278125 0.188021 0.254688 0.188021
0 0.23125 0.208333 0.246875 0.208333 0.246875 0.232292 0.23125 0.232292
0 0.103906 0.278646 0.121484 0.278646 0.121484 0.30625 0.103906 0.30625
0 0.092969 0.326562 0.109766 0.326562 0.109766 0.352604 0.092969 0.352604
0 0.128906 0.313542 0.146875 0.313542 0.146875 0.344792 0.128906 0.344792
0 0.160156 0.284896 0.175 0.284896 0.175 0.316667 0.160156 0.316667
0 0.181641 0.278646 0.205078 0.278646 0.205078 0.30625 0.181641 0.30625
0 0.191406 0.316146 0.208984 0.316146 0.208984 0.346354 0.191406 0.346354
0 0.260547 0.273438 0.282812 0.273438 0.282812 0.298438 0.260547 0.298438
0 0.249609 0.236979 0.268359 0.236979 0.268359 0.264583 0.249609 0.264583
0 0.276172 0.195312 0.299609 0.195312 0.299609 0.229688 0.276172 0.229688
0 0.319922 0.196875 0.338672 0.196875 0.338672 0.234896 0.319922 0.234896
0 0.341406 0.163021 0.371484 0.163021 0.371484 0.191667 0.341406 0.191667
0 0.349219 0.21875 0.367578 0.21875 0.367578 0.245312 0.349219 0.245312
0 0.35 0.254167 0.371484 0.254167 0.371484 0.276042 0.35 0.276042
0 0.298438 0.255208 0.323828 0.255208 0.323828 0.278646 0.298438 0.278646
0 0.316797 0.329167 0.342188 0.329167 0.342188 0.363021 0.316797 0.363021
0 0.357812 0.297917 0.38125 0.297917 0.38125 0.319271 0.357812 0.319271
0 0.356641 0.353646 0.377344 0.353646 0.377344 0.372396 0.356641 0.372396
0 0.353906 0.378646 0.375391 0.378646 0.375391 0.404688 0.353906 0.404688
0 0.273047 0.347396 0.300391 0.347396 0.300391 0.369792 0.273047 0.369792
0 0.253516 0.374479 0.274219 0.374479 0.274219 0.393229 0.253516 0.393229
0 0.191406 0.368229 0.212891 0.368229 0.212891 0.395833 0.191406 0.395833
0 0.149609 0.35 0.175 0.35 0.175 0.377604 0.149609 0.377604
0 0.062891 0.405729 0.085547 0.405729 0.085547 0.433333 0.062891 0.433333
0 0.074609 0.442188 0.101953 0.442188 0.101953 0.472396 0.074609 0.472396
0 0.136719 0.473438 0.165234 0.473438 0.165234 0.502083 0.136719 0.502083
0 0.177734 0.461458 0.202344 0.461458 0.202344 0.489062 0.177734 0.489062
0 0.191406 0.504687 0.219531 0.504687 0.219531 0.533333 0.191406 0.533333
0 0.228516 0.473438 0.256641 0.473438 0.256641 0.504687 0.228516 0.504687
0 0.227344 0.426562 0.250781 0.426562 0.250781 0.452604 0.227344 0.452604
0 0.272266 0.444792 0.303516 0.444792 0.303516 0.472396 0.272266 0.472396
0 0.282031 0.399479 0.305469 0.399479 0.305469 0.423958 0.282031 0.423958
0 0.324609 0.413542 0.351953 0.413542 0.351953 0.442188 0.324609 0.442188
0 0.320703 0.461458 0.343359 0.461458 0.343359 0.490625 0.320703 0.490625
0 0.272266 0.48125 0.290625 0.48125 0.290625 0.509896 0.272266 0.509896
0 0.275 0.530208 0.303516 0.530208 0.303516 0.556771 0.275 0.556771
0 0.323828 0.502083 0.344141 0.502083 0.344141 0.525521 0.323828 0.525521
0 0.016016 0.521354 0.040625 0.521354 0.040625 0.542188 0.016016 0.542188
0 0.015234 0.552604 0.042578 0.552604 0.042578 0.573438 0.015234 0.573438
0 0.103906 0.576042 0.122266 0.576042 0.122266 0.608333 0.103906 0.608333
0 0.083203 0.584896 0.100781 0.584896 0.100781 0.615104 0.083203 0.615104
0 0.012109 0.589062 0.035547 0.589062 0.035547 0.615104 0.012109 0.615104
0 0.055859 0.610938 0.076562 0.610938 0.076562 0.638542 0.055859 0.638542
0 0.043359 0.638021 0.062891 0.638021 0.062891 0.668229 0.043359 0.668229
0 0.010156 0.65 0.030859 0.65 0.030859 0.676042 0.010156 0.676042
0 0.111328 0.631771 0.132031 0.631771 0.132031 0.660417 0.111328 0.660417
0 0.083203 0.668229 0.109766 0.668229 0.109766 0.691667 0.083203 0.691667
0 0.0375 0.692708 0.060156 0.692708 0.060156 0.717708 0.0375 0.717708
0 0.215625 0.648438 0.238281 0.648438 0.238281 0.678646 0.215625 0.678646
0 0.147656 0.652604 0.164062 0.652604 0.164062 0.68125 0.147656 0.68125
0 0.118359 0.692708 0.141016 0.692708 0.141016 0.726562 0.118359 0.726562
0 0.075391 0.716146 0.094141 0.716146 0.094141 0.747396 0.075391 0.747396
0 0.029688 0.730208 0.049219 0.730208 0.049219 0.75625 0.029688 0.75625
0 0.014062 0.765104 0.032812 0.765104 0.032812 0.790104 0.014062 0.790104
0 0.0 0.825 0.022266 0.825 0.022266 0.853646 0.0 0.853646
0 0.036719 0.811979 0.054297 0.811979 0.054297 0.843229 0.036719 0.843229
0 0.065625 0.779688 0.093359 0.779688 0.093359 0.809896 0.065625 0.809896
0 0.101953 0.765104 0.121484 0.765104 0.121484 0.804688 0.101953 0.804688
0 0.153516 0.71875 0.176953 0.71875 0.176953 0.748438 0.153516 0.748438
0 0.170703 0.677083 0.183594 0.677083 0.183594 0.710938 0.170703 0.710938
0 0.23125 0.683333 0.251953 0.683333 0.251953 0.705729 0.23125 0.705729
0 0.215625 0.716146 0.238281 0.716146 0.238281 0.75 0.215625 0.75
0 0.253516 0.747396 0.282031 0.747396 0.282031 0.774479 0.253516 0.774479
0 0.263281 0.696354 0.278125 0.696354 0.278125 0.725521 0.263281 0.725521
0 0.21875 0.767708 0.242969 0.767708 0.242969 0.795312 0.21875 0.795312
0 0.250781 0.780729 0.267578 0.780729 0.267578 0.809896 0.250781 0.809896
0 0.138672 0.764062 0.157422 0.764062 0.157422 0.794271 0.138672 0.794271
0 0.167969 0.766667 0.188672 0.766667 0.188672 0.792708 0.167969 0.792708
0 0.138672 0.811979 0.162109 0.811979 0.162109 0.843229 0.138672 0.843229
0 0.085156 0.826562 0.105859 0.826562 0.105859 0.861458 0.085156 0.861458
0 0.026953 0.877083 0.051172 0.877083 0.051172 0.900521 0.026953 0.900521
0 0.049219 0.853646 0.070703 0.853646 0.070703 0.876042 0.049219 0.876042
0 0.025781 0.914583 0.054297 0.914583 0.054297 0.943229 0.025781 0.943229
0 0.004297 0.965104 0.030859 0.965104 0.030859 0.997917 0.004297 0.997917
0 0.073438 0.872917 0.091406 0.872917 0.091406 0.903125 0.073438 0.903125
0 0.1125 0.841667 0.132031 0.841667 0.132031 0.870833 0.1125 0.870833
0 0.197266 0.801562 0.216016 0.801562 0.216016 0.831771 0.197266 0.831771
0 0.167188 0.846875 0.189453 0.846875 0.189453 0.876042 0.167188 0.876042
0 0.230469 0.822396 0.246875 0.822396 0.246875 0.855208 0.230469 0.855208
0 0.217578 0.858854 0.235156 0.858854 0.235156 0.891667 0.217578 0.891667
0 0.251563 0.891146 0.267578 0.891146 0.267578 0.917188 0.251563 0.917188
0 0.2 0.903125 0.217969 0.903125 0.217969 0.926562 0.2 0.926562
0 0.210938 0.93125 0.228516 0.93125 0.228516 0.95625 0.210938 0.95625
0 0.157422 0.89375 0.173828 0.89375 0.173828 0.922396 0.157422 0.922396
0 0.172656 0.941667 0.193359 0.941667 0.193359 0.970833 0.172656 0.970833
0 0.096094 0.914583 0.115625 0.914583 0.115625 0.936979 0.096094 0.936979
0 0.076562 0.945833 0.098828 0.945833 0.098828 0.976042 0.076562 0.976042
0 0.043359 0.965104 0.064844 0.965104 0.064844 0.988542 0.043359 0.988542
0 0.480469 0.120312 0.498047 0.120312 0.498047 0.150521 0.480469 0.150521
0 0.509766 0.104688 0.530078 0.104688 0.530078 0.130729 0.509766 0.130729
0 0.565234 0.083854 0.589453 0.083854 0.589453 0.104688 0.565234 0.104688
0 0.507812 0.056771 0.530078 0.056771 0.530078 0.077604 0.507812 0.077604
0 0.601953 0.090625 0.627734 0.090625 0.627734 0.109896 0.601953 0.109896
0 0.576953 0.04375 0.597266 0.04375 0.597266 0.066146 0.576953 0.066146
0 0.607031 0.041146 0.623828 0.041146 0.623828 0.066146 0.607031 0.066146
0 0.644922 0.068229 0.654688 0.068229 0.654688 0.096875 0.644922 0.096875
0 0.680859 0.099479 0.708203 0.099479 0.708203 0.130729 0.680859 0.130729
0 0.621484 0.139583 0.635547 0.139583 0.635547 0.177604 0.621484 0.177604
0 0.557422 0.134375 0.580859 0.134375 0.580859 0.158333 0.557422 0.158333
0 0.518359 0.14375 0.539844 0.14375 0.539844 0.172396 0.518359 0.172396
0 0.535938 0.180208 0.557422 0.180208 0.557422 0.208854 0.535938 0.208854
0 0.452344 0.210938 0.472656 0.210938 0.472656 0.242708 0.452344 0.242708
0 0.492969 0.244792 0.516797 0.244792 0.516797 0.272396 0.492969 0.272396
0 0.566016 0.200521 0.586719 0.200521 0.586719 0.228125 0.566016 0.228125
0 0.591406 0.148958 0.610156 0.148958 0.610156 0.175 0.591406 0.175
0 0.609766 0.1875 0.623828 0.1875 0.623828 0.220312 0.609766 0.220312
0 0.616797 0.242188 0.629688 0.242188 0.629688 0.268229 0.616797 0.268229
0 0.558203 0.248958 0.584766 0.248958 0.584766 0.277604 0.558203 0.277604
0 0.513672 0.28125 0.545703 0.28125 0.545703 0.299479 0.513672 0.299479
0 0.492969 0.309896 0.51875 0.309896 0.51875 0.336979 0.492969 0.336979
0 0.466016 0.334375 0.485547 0.334375 0.485547 0.368229 0.466016 0.368229
0 0.301172 0.14375 0.321875 0.14375 0.321875 0.167188 0.301172 0.167188
0 0.385156 0.031771 0.402734 0.031771 0.402734 0.059375 0.385156 0.059375
0 0.405469 0.003646 0.423047 0.003646 0.423047 0.032292 0.405469 0.032292
0 0.328516 0.020312 0.357031 0.020312 0.357031 0.046354 0.328516 0.046354
0 0.332422 0.051562 0.357031 0.051562 0.357031 0.072396 0.332422 0.072396
0 0.276172 0.091667 0.291797 0.091667 0.291797 0.111458 0.276172 0.111458
0 0.239844 0.103125 0.250781 0.103125 0.250781 0.120312 0.239844 0.120312
0 0.221484 0.059375 0.239062 0.059375 0.239062 0.082812 0.221484 0.082812
0 0.197266 0.038542 0.214062 0.038542 0.214062 0.063542 0.197266 0.063542
0 0.446484 0.469271 0.466797 0.469271 0.466797 0.497917 0.446484 0.497917
0 0.407422 0.496875 0.426172 0.496875 0.426172 0.522917 0.407422 0.522917
0 0.387109 0.534375 0.400781 0.534375 0.400781 0.573438 0.387109 0.573438
0 0.410547 0.571875 0.428906 0.571875 0.428906 0.603125 0.410547 0.603125
0 0.449219 0.530208 0.466016 0.530208 0.466016 0.565625 0.449219 0.565625
0 0.478516 0.511979 0.501172 0.511979 0.501172 0.542188 0.478516 0.542188
0 0.5 0.483854 0.51875 0.483854 0.51875 0.523958 0.5 0.523958
0 0.509766 0.430208 0.533984 0.430208 0.533984 0.456771 0.509766 0.456771
0 0.490234 0.382292 0.514844 0.382292 0.514844 0.40625 0.490234 0.40625
0 0.535938 0.374479 0.557422 0.374479 0.557422 0.403646 0.535938 0.403646
0 0.533203 0.413542 0.556641 0.413542 0.556641 0.439583 0.533203 0.439583
0 0.576953 0.427604 0.602344 0.427604 0.602344 0.459375 0.576953 0.459375
0 0.597266 0.405729 0.620703 0.405729 0.620703 0.441146 0.597266 0.441146
0 0.632422 0.422917 0.654688 0.422917 0.654688 0.455208 0.632422 0.455208
0 0.669141 0.438021 0.689062 0.438021 0.689062 0.469792 0.669141 0.469792
0 0.675 0.484896 0.692969 0.484896 0.692969 0.51875 0.675 0.51875
0 0.611719 0.460417 0.631641 0.460417 0.631641 0.492708 0.611719 0.492708
0 0.636328 0.463021 0.651953 0.463021 0.651953 0.491667 0.636328 0.491667
0 0.581641 0.469271 0.60625 0.469271 0.60625 0.494271 0.581641 0.494271
0 0.603906 0.500521 0.626562 0.500521 0.626562 0.525521 0.603906 0.525521
0 0.555469 0.521354 0.582031 0.521354 0.582031 0.54375 0.555469 0.54375
0 0.535938 0.534375 0.555469 0.534375 0.555469 0.565625 0.535938 0.565625
0 0.5125 0.558854 0.535938 0.558854 0.535938 0.592708 0.5125 0.592708
0 0.441406 0.584896 0.458203 0.584896 0.458203 0.608333 0.441406 0.608333
0 0.485156 0.590104 0.505859 0.590104 0.505859 0.615104 0.485156 0.615104
0 0.460156 0.616146 0.477734 0.616146 0.477734 0.647396 0.460156 0.647396
0 0.411328 0.674479 0.435938 0.674479 0.435938 0.702083 0.411328 0.702083
0 0.438672 0.648438 0.458203 0.648438 0.458203 0.68125 0.438672 0.68125
0 0.406641 0.706771 0.432812 0.706771 0.432812 0.733333 0.406641 0.733333
0 0.371484 0.721354 0.390234 0.721354 0.390234 0.743229 0.371484 0.743229
0 0.401562 0.747396 0.425 0.747396 0.425 0.771875 0.401562 0.771875
0 0.458203 0.706771 0.485547 0.706771 0.485547 0.739583 0.458203 0.739583
0 0.485156 0.663021 0.503906 0.663021 0.503906 0.696875 0.485156 0.696875
0 0.520312 0.661458 0.537891 0.661458 0.537891 0.691667 0.520312 0.691667
0 0.501953 0.621354 0.519531 0.621354 0.519531 0.652604 0.501953 0.652604
0 0.540625 0.583854 0.571094 0.583854 0.571094 0.608333 0.540625 0.608333
0 0.575 0.555208 0.600391 0.555208 0.600391 0.579688 0.575 0.579688
0 0.561328 0.619792 0.578125 0.619792 0.578125 0.648958 0.561328 0.648958
0 0.586719 0.636979 0.608203 0.636979 0.608203 0.668229 0.586719 0.668229
0 0.557422 0.675521 0.572266 0.675521 0.572266 0.708333 0.557422 0.708333
0 0.607812 0.658854 0.628516 0.658854 0.628516 0.692708 0.607812 0.692708
0 0.629297 0.622396 0.646094 0.622396 0.646094 0.661458 0.629297 0.661458
0 0.698438 0.568229 0.717969 0.568229 0.717969 0.600521 0.698438 0.600521
0 0.722656 0.566667 0.742578 0.566667 0.742578 0.594271 0.722656 0.594271
0 0.728516 0.608333 0.751172 0.608333 0.751172 0.633333 0.728516 0.633333
0 0.725781 0.647396 0.741406 0.647396 0.741406 0.673438 0.725781 0.673438
0 0.763672 0.629167 0.787109 0.629167 0.787109 0.657812 0.763672 0.657812
0 0.804688 0.65 0.821484 0.65 0.821484 0.684896 0.804688 0.684896
0 0.648047 0.373438 0.677344 0.373438 0.677344 0.407292 0.648047 0.407292
0 0.696484 0.395312 0.723047 0.395312 0.723047 0.428125 0.696484 0.428125
0 0.727734 0.399479 0.743359 0.399479 0.743359 0.433333 0.727734 0.433333
0 0.682812 0.361458 0.702734 0.361458 0.702734 0.388021 0.682812 0.388021
0 0.603906 0.292708 0.622656 0.292708 0.622656 0.311458 0.603906 0.311458
0 0.658594 0.248958 0.682031 0.248958 0.682031 0.278646 0.658594 0.278646
0 0.657812 0.2125 0.685156 0.2125 0.685156 0.235938 0.657812 0.235938
0 0.659375 0.161979 0.685156 0.161979 0.685156 0.189062 0.659375 0.189062
0 0.694531 0.203125 0.723828 0.203125 0.723828 0.225521 0.694531 0.225521
0 0.7375 0.223958 0.760938 0.223958 0.760938 0.246354 0.7375 0.246354
0 0.702344 0.246354 0.733594 0.246354 0.733594 0.268229 0.702344 0.268229
0 0.711328 0.274479 0.729688 0.274479 0.729688 0.303646 0.711328 0.303646
0 0.730469 0.310938 0.746484 0.310938 0.746484 0.336979 0.730469 0.336979
0 0.751953 0.317708 0.775391 0.317708 0.775391 0.346354 0.751953 0.346354
0 0.715234 0.357812 0.741406 0.357812 0.741406 0.382812 0.715234 0.382812
0 0.748047 0.365625 0.772656 0.365625 0.772656 0.395833 0.748047 0.395833
0 0.761719 0.486458 0.784375 0.486458 0.784375 0.510938 0.761719 0.510938
0 0.738281 0.547396 0.764844 0.547396 0.764844 0.573438 0.738281 0.573438
0 0.785156 0.531771 0.8125 0.531771 0.8125 0.559375 0.785156 0.559375
0 0.791016 0.574479 0.814453 0.574479 0.814453 0.597917 0.791016 0.597917
0 0.771484 0.555208 0.784375 0.555208 0.784375 0.579688 0.771484 0.579688
0 0.814453 0.499479 0.835938 0.499479 0.835938 0.526562 0.814453 0.526562
0 0.802734 0.452604 0.824219 0.452604 0.824219 0.477604 0.802734 0.477604
0 0.777344 0.430208 0.796094 0.430208 0.796094 0.457812 0.777344 0.457812
0 0.798828 0.408333 0.819531 0.408333 0.819531 0.434375 0.798828 0.434375
0 0.809375 0.335938 0.823438 0.335938 0.823438 0.365625 0.809375 0.365625
0 0.836719 0.322917 0.855469 0.322917 0.855469 0.354167 0.836719 0.354167
0 0.862891 0.364062 0.877734 0.364062 0.877734 0.385417 0.862891 0.385417
0 0.880469 0.316146 0.9 0.316146 0.9 0.346354 0.880469 0.346354
0 0.891406 0.361458 0.905078 0.361458 0.905078 0.385417 0.891406 0.385417
0 0.820312 0.28125 0.841797 0.28125 0.841797 0.311458 0.820312 0.311458
0 0.908594 0.316146 0.936328 0.316146 0.936328 0.338542 0.908594 0.338542
0 0.916406 0.35 0.939062 0.35 0.939062 0.370833 0.916406 0.370833
0 0.746094 0.167188 0.764844 0.167188 0.764844 0.188021 0.746094 0.188021
0 0.76875 0.177604 0.783203 0.177604 0.783203 0.195833 0.76875 0.195833
0 0.734375 0.130729 0.753125 0.130729 0.753125 0.151562 0.734375 0.151562
0 0.717969 0.078646 0.747266 0.078646 0.747266 0.103646 0.717969 0.103646
0 0.734375 0.020312 0.758984 0.020312 0.758984 0.04375 0.734375 0.04375
0 0.801562 0.034375 0.825391 0.034375 0.825391 0.064583 0.801562 0.064583
0 0.814453 0.078646 0.840625 0.078646 0.840625 0.102083 0.814453 0.102083
0 0.805469 0.141146 0.830078 0.141146 0.830078 0.176042 0.805469 0.176042
0 0.833984 0.169792 0.850391 0.169792 0.850391 0.194271 0.833984 0.194271
0 0.889453 0.113542 0.924609 0.113542 0.924609 0.147917 0.889453 0.147917
0 0.880469 0.056771 0.907031 0.056771 0.907031 0.081771 0.880469 0.081771
0 0.878516 0.0125 0.897266 0.0125 0.897266 0.035938 0.878516 0.035938
0 0.848438 0.021354 0.871094 0.021354 0.871094 0.056771 0.848438 0.056771
0 0.915625 0.056771 0.927344 0.056771 0.927344 0.088021 0.915625 0.088021
0 0.941016 0.020312 0.961328 0.020312 0.961328 0.051562 0.941016 0.051562
0 0.971094 0.029167 0.986719 0.029167 0.986719 0.059375 0.971094 0.059375
0 0.944922 0.067188 0.958594 0.067188 0.958594 0.108854 0.944922 0.108854
0 0.971875 0.078646 0.991797 0.078646 0.991797 0.1125 0.971875 0.1125
0 0.947656 0.131771 0.966406 0.131771 0.966406 0.175 0.947656 0.175
0 0.922266 0.178646 0.942969 0.178646 0.942969 0.209896 0.922266 0.209896
0 0.893359 0.205729 0.913672 0.205729 0.913672 0.233333 0.893359 0.233333
0 0.785938 0.215104 0.815625 0.215104 0.815625 0.24375 0.785938 0.24375
0 0.914453 0.248958 0.938281 0.248958 0.938281 0.28125 0.914453 0.28125
0 0.967188 0.284896 0.990625 0.284896 0.990625 0.309896 0.967188 0.309896
0 0.981641 0.247396 0.999609 0.247396 0.999609 0.273438 0.981641 0.273438
0 0.965234 0.374479 0.984766 0.374479 0.984766 0.399479 0.965234 0.399479
0 0.942969 0.404688 0.967188 0.404688 0.967188 0.434375 0.942969 0.434375
0 0.888281 0.41875 0.917578 0.41875 0.917578 0.451562 0.888281 0.451562
0 0.862109 0.430208 0.888672 0.430208 0.888672 0.454167 0.862109 0.454167
0 0.837891 0.452604 0.860156 0.452604 0.860156 0.480208 0.837891 0.480208
0 0.895312 0.468229 0.917578 0.468229 0.917578 0.482812 0.895312 0.482812
0 0.933203 0.464062 0.948828 0.464062 0.948828 0.490625 0.933203 0.490625
0 0.960547 0.484896 0.984766 0.484896 0.984766 0.516146 0.960547 0.516146
0 0.914453 0.503125 0.936328 0.503125 0.936328 0.526562 0.914453 0.526562
0 0.8625 0.498438 0.883594 0.498438 0.883594 0.522396 0.8625 0.522396
0 0.873438 0.525521 0.891406 0.525521 0.891406 0.539583 0.873438 0.539583
0 0.894141 0.513542 0.907422 0.513542 0.907422 0.539062 0.894141 0.539062
0 0.853125 0.553646 0.869141 0.553646 0.869141 0.583854 0.853125 0.583854
0 0.877734 0.552083 0.898828 0.552083 0.898828 0.577083 0.877734 0.577083
0 0.900781 0.572917 0.923828 0.572917 0.923828 0.603125 0.900781 0.603125
0 0.946875 0.525521 0.971484 0.525521 0.971484 0.551562 0.946875 0.551562
0 0.932031 0.56875 0.949609 0.56875 0.949609 0.595833 0.932031 0.595833
0 0.972656 0.568229 0.996094 0.568229 0.996094 0.598958 0.972656 0.598958
0 0.95625 0.593229 0.972656 0.593229 0.972656 0.615104 0.95625 0.615104
0 0.885156 0.601042 0.909375 0.601042 0.909375 0.626042 0.885156 0.626042
0 0.834375 0.610938 0.864844 0.610938 0.864844 0.633854 0.834375 0.633854
0 0.734766 0.584375 0.753516 0.584375 0.753516 0.604167 0.734766 0.604167
0 0.612891 0.383333 0.626172 0.383333 0.626172 0.406771 0.612891 0.406771
0 0.628906 0.397396 0.641016 0.397396 0.641016 0.419792 0.628906 0.419792
0 0.666797 0.342708 0.686719 0.342708 0.686719 0.360938 0.666797 0.360938
0 0.655078 0.296354 0.669141 0.296354 0.669141 0.311979 0.655078 0.311979
0 0.639453 0.305729 0.657031 0.305729 0.657031 0.325 0.639453 0.325
0 0.585156 0.335938 0.610938 0.335938 0.610938 0.359896 0.585156 0.359896
0 0.54375 0.35 0.568359 0.35 0.568359 0.367188 0.54375 0.367188
0 0.571094 0.377083 0.595703 0.377083 0.595703 0.397396 0.571094 0.397396
0 0.614062 0.342708 0.63125 0.342708 0.63125 0.365625 0.614062 0.365625
0 0.939453 0.626562 0.962891 0.626562 0.962891 0.655208 0.939453 0.655208
0 0.923047 0.659375 0.949609 0.659375 0.949609 0.680208 0.923047 0.680208
0 0.920703 0.689583 0.944922 0.689583 0.944922 0.718229 0.920703 0.718229
0 0.878906 0.674479 0.903516 0.674479 0.903516 0.698438 0.878906 0.698438
0 0.858594 0.698958 0.877734 0.698958 0.877734 0.719792 0.858594 0.719792
0 0.829688 0.691667 0.850391 0.691667 0.850391 0.717708 0.829688 0.717708
0 0.762109 0.693229 0.781641 0.693229 0.781641 0.721354 0.762109 0.721354
0 0.715625 0.694271 0.736719 0.694271 0.736719 0.727604 0.715625 0.727604
0 0.635938 0.698958 0.65 0.698958 0.65 0.714583 0.635938 0.714583
0 0.671484 0.697396 0.686719 0.697396 0.686719 0.726042 0.671484 0.726042
0 0.586328 0.7125 0.603906 0.7125 0.603906 0.734896 0.586328 0.734896
0 0.546094 0.723438 0.567578 0.723438 0.567578 0.747396 0.546094 0.747396
0 0.665625 0.749479 0.684766 0.749479 0.684766 0.782292 0.665625 0.782292
0 0.61875 0.748438 0.632031 0.748438 0.632031 0.774479 0.61875 0.774479
0 0.608984 0.719792 0.625 0.719792 0.625 0.747396 0.608984 0.747396
0 0.571484 0.782812 0.587109 0.782812 0.587109 0.810938 0.571484 0.810938
0 0.527344 0.7625 0.545703 0.7625 0.545703 0.796354 0.527344 0.796354
0 0.504687 0.707292 0.527344 0.707292 0.527344 0.731771 0.504687 0.731771
0 0.483594 0.752604 0.503125 0.752604 0.503125 0.78125 0.483594 0.78125
0 0.448047 0.757812 0.473828 0.757812 0.473828 0.782292 0.448047 0.782292
0 0.474219 0.797396 0.489062 0.797396 0.489062 0.820833 0.474219 0.820833
0 0.741797 0.740625 0.764844 0.740625 0.764844 0.766667 0.741797 0.766667
0 0.737109 0.797396 0.758203 0.797396 0.758203 0.820312 0.737109 0.820312
0 0.8 0.713542 0.818359 0.713542 0.818359 0.742708 0.8 0.742708
0 0.835547 0.721875 0.860156 0.721875 0.860156 0.747917 0.835547 0.747917
0 0.875781 0.741667 0.887891 0.741667 0.887891 0.763542 0.875781 0.763542
0 0.900391 0.725 0.921094 0.725 0.921094 0.751562 0.900391 0.751562
0 0.930078 0.729167 0.948828 0.729167 0.948828 0.75 0.930078 0.75
0 0.908984 0.767708 0.932031 0.767708 0.932031 0.798438 0.908984 0.798438
0 0.890625 0.759375 0.904688 0.759375 0.904688 0.782812 0.890625 0.782812
0 0.844531 0.786458 0.864844 0.786458 0.864844 0.814583 0.844531 0.814583
0 0.811719 0.759896 0.832812 0.759896 0.832812 0.7875 0.811719 0.7875
0 0.429297 0.503125 0.446094 0.503125 0.446094 0.526562 0.429297 0.526562
0 0.378516 0.805208 0.399219 0.805208 0.399219 0.836458 0.378516 0.836458
0 0.409375 0.794271 0.427734 0.794271 0.427734 0.825521 0.409375 0.825521
0 0.434375 0.810417 0.453906 0.810417 0.453906 0.844792 0.434375 0.844792
0 0.383203 0.859375 0.409766 0.859375 0.409766 0.890625 0.383203 0.890625
0 0.355078 0.867708 0.375 0.867708 0.375 0.890625 0.355078 0.890625
0 0.322656 0.897917 0.343359 0.897917 0.343359 0.916146 0.322656 0.916146
0 0.35 0.91875 0.368359 0.91875 0.368359 0.946354 0.35 0.946354
0 0.325 0.947917 0.339453 0.947917 0.339453 0.964062 0.325 0.964062
0 0.401172 0.913542 0.426953 0.913542 0.426953 0.938021 0.401172 0.938021
0 0.460547 0.907812 0.486328 0.907812 0.486328 0.932812 0.460547 0.932812
0 0.476562 0.857292 0.492578 0.857292 0.492578 0.879688 0.476562 0.879688
0 0.497656 0.826562 0.517188 0.826562 0.517188 0.851562 0.497656 0.851562
0 0.525391 0.827604 0.548047 0.827604 0.548047 0.856771 0.525391 0.856771
0 0.572266 0.832292 0.589844 0.832292 0.589844 0.8625 0.572266 0.8625
0 0.554688 0.86875 0.580469 0.86875 0.580469 0.897917 0.554688 0.897917
0 0.520312 0.909896 0.542188 0.909896 0.542188 0.944271 0.520312 0.944271
0 0.551953 0.934896 0.567188 0.934896 0.567188 0.952083 0.551953 0.952083
0 0.595703 0.902604 0.621484 0.902604 0.621484 0.933854 0.595703 0.933854
0 0.617188 0.822396 0.634766 0.822396 0.634766 0.847917 0.617188 0.847917
0 0.64375 0.832292 0.662109 0.832292 0.662109 0.855729 0.64375 0.855729
0 0.670703 0.810417 0.692188 0.810417 0.692188 0.832812 0.670703 0.832812
0 0.636328 0.8875 0.658203 0.8875 0.658203 0.911979 0.636328 0.911979
0 0.673047 0.895833 0.696484 0.895833 0.696484 0.926042 0.673047 0.926042
0 0.6625 0.928646 0.678516 0.928646 0.678516 0.946354 0.6625 0.946354
0 0.705469 0.940104 0.721484 0.940104 0.721484 0.965104 0.705469 0.965104
0 0.733984 0.8875 0.75 0.8875 0.75 0.91875 0.733984 0.91875
0 0.758203 0.86875 0.780859 0.86875 0.780859 0.901042 0.758203 0.901042
0 0.754297 0.913542 0.768359 0.913542 0.768359 0.940104 0.754297 0.940104
0 0.779297 0.904688 0.791406 0.904688 0.791406 0.938021 0.779297 0.938021
0 0.79375 0.869792 0.814844 0.869792 0.814844 0.894792 0.79375 0.894792
0 0.821484 0.881771 0.835156 0.881771 0.835156 0.909896 0.821484 0.909896
0 0.846484 0.844271 0.869141 0.844271 0.869141 0.876562 0.846484 0.876562
0 0.807812 0.803125 0.826953 0.803125 0.826953 0.836458 0.807812 0.836458
0 0.777734 0.821354 0.796875 0.821354 0.796875 0.84375 0.777734 0.84375
0 0.629297 0.948958 0.65 0.948958 0.65 0.976562 0.629297 0.976562
0 0.482812 0.954688 0.506641 0.954688 0.506641 0.982292 0.482812 0.982292
0 0.660938 0.975 0.683594 0.975 0.683594 0.998958 0.660938 0.998958