0 0.025 0.058333 0.045312 0.058333 0.045312 0.077083 0.025 0.077083
0 0.064453 0.097396 0.082422 0.097396 0.082422 0.127083 0.064453 0.127083
0 0.082422 0.041667 0.097656 0.041667 0.097656 0.072396 0.082422 0.072396
0 0.1125 0.063021 0.129688 0.063021 0.129688 0.091667 0.1125 0.091667
0 0.100391 0.129167 0.119922 0.129167 0.119922 0.153646 0.100391 0.153646
0 0.063672 0.210417 0.089453 0.210417 0.089453 0.23125 0.063672 0.23125
0 0.007031 0.266667 0.035156 0.266667 0.035156 0.284896 0.007031 0.284896
0 0.055078 0.252083 0.077344 0.252083 0.077344 0.276042 0.055078 0.276042
0 0.092578 0.317188 0.119141 0.317188 0.119141 0.338542 0.092578 0.338542
0 0.110547 0.267708 0.128516 0.267708 0.128516 0.298438 0.110547 0.298438
0 0.159766 0.165104 0.176953 0.165104 0.176953 0.197917 0.159766 0.197917
0 0.184375 0.182292 0.204297 0.182292 0.204297 0.207292 0.184375 0.207292
0 0.184375 0.132812 0.201562 0.132812 0.201562 0.163542 0.184375 0.163542
0 0.176953 0.047396 0.2 0.047396 0.2 0.080208 0.176953 0.080208
0 0.141406 0.09375 0.163281 0.09375 0.163281 0.129167 0.141406 0.129167
0 0.019531 0.161458 0.035938 0.161458 0.035938 0.189062 0.019531 0.189062
0 0.198438 0.248438 0.217969 0.248438 0.217969 0.270312 0.198438 0.270312
0 0.210938 0.202604 0.225781 0.202604 0.225781 0.222396 0.210938 0.222396
0 0.152734 0.286979 0.169141 0.286979 0.169141 0.311458 0.152734 0.311458
0 0.198438 0.309896 0.215625 0.309896 0.215625 0.338542 0.198438 0.338542
0 0.278906 0.1375 0.300391 0.1375 0.300391 0.167188 0.278906 0.167188
0 0.257422 0.06875 0.281641 0.06875 0.281641 0.090625 0.257422 0.090625
0 0.322656 0.197917 0.339062 0.197917 0.339062 0.228646 0.322656 0.228646
0 0.353906 0.202604 0.374219 0.202604 0.374219 0.229167 0.353906 0.229167
0 0.343359 0.128125 0.365625 0.128125 0.365625 0.154688 0.343359 0.154688
0 0.273047 0.219792 0.297266 0.219792 0.297266 0.259896 0.273047 0.259896
0 0.234375 0.282812 0.255859 0.282812 0.255859 0.311458 0.234375 0.311458
0 0.342188 0.233333 0.360547 0.233333 0.360547 0.259896 0.342188 0.259896
0 0.429297 0.217188 0.449609 0.217188 0.449609 0.247396 0.429297 0.247396
0 0.416797 0.167708 0.437109 0.167708 0.437109 0.202604 0.416797 0.202604
0 0.401562 0.119792 0.426953 0.119792 0.426953 0.147917 0.401562 0.147917
0 0.401562 0.066146 0.422266 0.066146 0.422266 0.092188 0.401562 0.092188
0 0.3375 0.048958 0.357422 0.048958 0.357422 0.082292 0.3375 0.082292
0 0.266406 0.008333 0.289453 0.008333 0.289453 0.032812 0.266406 0.032812
0 0.359766 0.014062 0.375391 0.014062 0.375391 0.035417 0.359766 0.035417
0 0.393359 0.002083 0.412891 0.002083 0.412891 0.027604 0.393359 0.027604
0 0.448047 0.038542 0.471875 0.038542 0.471875 0.065104 0.448047 0.065104
0 0.456641 0.091146 0.475 0.091146 0.475 0.121875 0.456641 0.121875
0 0.310156 0.022396 0.33125 0.022396 0.33125 0.050521 0.310156 0.050521
0 0.489844 0.085938 0.510938 0.085938 0.510938 0.110938 0.489844 0.110938
0 0.4875 0.124479 0.510156 0.124479 0.510156 0.151562 0.4875 0.151562
0 0.480078 0.151562 0.503125 0.151562 0.503125 0.175521 0.480078 0.175521
0 0.522656 0.166146 0.546094 0.166146 0.546094 0.191667 0.522656 0.191667
0 0.525 0.061979 0.549609 0.061979 0.549609 0.083333 0.525 0.083333
0 0.475391 0.204688 0.494922 0.204688 0.494922 0.232812 0.475391 0.232812
0 0.11875 0.007812 0.132812 0.007812 0.132812 0.038021 0.11875 0.038021
0 0.496875 0.01875 0.515234 0.01875 0.515234 0.043229 0.496875 0.043229
0 0.622266 0.020833 0.639062 0.020833 0.639062 0.054167 0.622266 0.054167
0 0.698828 0.018229 0.718359 0.018229 0.718359 0.053125 0.698828 0.053125
0 0.700781 0.084375 0.723828 0.084375 0.723828 0.122396 0.700781 0.122396
0 0.636719 0.101562 0.655469 0.101562 0.655469 0.125521 0.636719 0.125521
0 0.561328 0.165625 0.578906 0.165625 0.578906 0.2 0.561328 0.2
0 0.678516 0.204688 0.704688 0.204688 0.704688 0.231771 0.678516 0.231771
0 0.664844 0.110417 0.682812 0.110417 0.682812 0.142708 0.664844 0.142708
0 0.735547 0.090104 0.754297 0.090104 0.754297 0.127083 0.735547 0.127083
0 0.738672 0.142708 0.757422 0.142708 0.757422 0.177083 0.738672 0.177083
0 0.764453 0.089062 0.781641 0.089062 0.781641 0.121354 0.764453 0.121354
0 0.728906 0.209896 0.752344 0.209896 0.752344 0.235938 0.728906 0.235938
0 0.749219 0.004688 0.766797 0.004688 0.766797 0.036458 0.749219 0.036458
0 0.610938 0.276042 0.629297 0.276042 0.629297 0.313542 0.610938 0.313542
0 0.642578 0.247396 0.665234 0.247396 0.665234 0.279167 0.642578 0.279167
0 0.498828 0.253646 0.522656 0.253646 0.522656 0.281771 0.498828 0.281771
0 0.4625 0.270833 0.481641 0.270833 0.481641 0.3 0.4625 0.3
0 0.477344 0.304167 0.500391 0.304167 0.500391 0.328125 0.477344 0.328125
0 0.475781 0.344271 0.494922 0.344271 0.494922 0.378646 0.475781 0.378646
0 0.500781 0.338542 0.520312 0.338542 0.520312 0.371875 0.500781 0.371875
0 0.548438 0.3375 0.567969 0.3375 0.567969 0.373438 0.548438 0.373438
0 0.569141 0.315104 0.588672 0.315104 0.588672 0.345833 0.569141 0.345833
0 0.579297 0.353646 0.599219 0.353646 0.599219 0.389062 0.579297 0.389062
0 0.636719 0.297396 0.655078 0.297396 0.655078 0.329167 0.636719 0.329167
0 0.622656 0.339583 0.640234 0.339583 0.640234 0.371354 0.622656 0.371354
0 0.678125 0.298958 0.698828 0.298958 0.698828 0.327083 0.678125 0.327083
0 0.705859 0.297396 0.726953 0.297396 0.726953 0.331771 0.705859 0.331771
0 0.682031 0.361979 0.698828 0.361979 0.698828 0.395833 0.682031 0.395833
0 0.810156 0.074479 0.826172 0.074479 0.826172 0.114583 0.810156 0.114583
0 0.865234 0.115625 0.883203 0.115625 0.883203 0.147396 0.865234 0.147396
0 0.808594 0.154688 0.822266 0.154688 0.822266 0.183854 0.808594 0.183854
0 0.792188 0.217708 0.814062 0.217708 0.814062 0.243229 0.792188 0.243229
0 0.864453 0.188021 0.880078 0.188021 0.880078 0.217708 0.864453 0.217708
0 0.896094 0.180208 0.915234 0.180208 0.915234 0.204167 0.896094 0.204167
0 0.911328 0.121875 0.926953 0.121875 0.926953 0.15625 0.911328 0.15625
0 0.860156 0.045833 0.879688 0.045833 0.879688 0.076042 0.860156 0.076042
0 0.898047 0.067708 0.923047 0.067708 0.923047 0.096354 0.898047 0.096354
0 0.772656 0.291667 0.788672 0.291667 0.788672 0.317188 0.772656 0.317188
0 0.745703 0.323958 0.763672 0.323958 0.763672 0.353125 0.745703 0.353125
0 0.787109 0.325 0.808594 0.325 0.808594 0.35625 0.787109 0.35625
0 0.770703 0.369271 0.792578 0.369271 0.792578 0.395833 0.770703 0.395833
0 0.815625 0.391146 0.831641 0.391146 0.831641 0.423438 0.815625 0.423438
0 0.852344 0.301042 0.869922 0.301042 0.869922 0.335938 0.852344 0.335938
0 0.825781 0.270312 0.850781 0.270312 0.850781 0.295833 0.825781 0.295833
0 0.831641 0.239583 0.85625 0.239583 0.85625 0.260417 0.831641 0.260417
0 0.869922 0.259896 0.891797 0.259896 0.891797 0.2875 0.869922 0.2875
0 0.904688 0.210417 0.923828 0.210417 0.923828 0.242708 0.904688 0.242708
0 0.959375 0.173958 0.975781 0.173958 0.975781 0.198438 0.959375 0.198438
0 0.945703 0.208854 0.964062 0.208854 0.964062 0.236979 0.945703 0.236979
0 0.920703 0.268229 0.941406 0.268229 0.941406 0.299479 0.920703 0.299479
0 0.890234 0.322396 0.912891 0.322396 0.912891 0.350521 0.890234 0.350521
0 0.95625 0.317188 0.980078 0.317188 0.980078 0.341146 0.95625 0.341146
0 0.978906 0.224479 0.996875 0.224479 0.996875 0.248958 0.978906 0.248958
0 0.983984 0.160938 0.999609 0.160938 0.999609 0.191667 0.983984 0.191667
0 0.068359 0.358333 0.093359 0.358333 0.093359 0.385417 0.068359 0.385417
0 0.11875 0.3875 0.133984 0.3875 0.133984 0.419792 0.11875 0.419792
0 0.233594 0.334375 0.260938 0.334375 0.260938 0.361458 0.233594 0.361458
0 0.233594 0.399479 0.262109 0.399479 0.262109 0.428646 0.233594 0.428646
0 0.209375 0.45 0.230469 0.45 0.230469 0.48125 0.209375 0.48125
0 0.308984 0.434896 0.328516 0.434896 0.328516 0.468229 0.308984 0.468229
0 0.334766 0.4125 0.353516 0.4125 0.353516 0.448958 0.334766 0.448958
0 0.358203 0.405729 0.373828 0.405729 0.373828 0.436979 0.358203 0.436979
0 0.265234 0.455208 0.283984 0.455208 0.283984 0.486979 0.265234 0.486979
0 0.109766 0.468229 0.133984 0.468229 0.133984 0.498438 0.109766 0.498438
0 0.065234 0.442708 0.086328 0.442708 0.086328 0.479167 0.065234 0.479167
0 0.011719 0.405729 0.039062 0.405729 0.039062 0.431771 0.011719 0.431771
0 0.023828 0.308854 0.049609 0.308854 0.049609 0.332292 0.023828 0.332292
0 0.137109 0.315104 0.155078 0.315104 0.155078 0.349479 0.137109 0.349479
0 0.164453 0.477604 0.189844 0.477604 0.189844 0.503125 0.164453 0.503125
0 0.110547 0.530208 0.133984 0.530208 0.133984 0.564062 0.110547 0.564062
0 0.15625 0.554688 0.173438 0.554688 0.173438 0.590625 0.15625 0.590625
0 0.232812 0.503125 0.250781 0.503125 0.250781 0.534375 0.232812 0.534375
0 0.241406 0.542188 0.258594 0.542188 0.258594 0.581771 0.241406 0.581771
0 0.281641 0.528646 0.308984 0.528646 0.308984 0.553646 0.281641 0.553646
0 0.3375 0.502083 0.35625 0.502083 0.35625 0.535938 0.3375 0.535938
0 0.357422 0.475 0.378125 0.475 0.378125 0.503125 0.357422 0.503125
0 0.382422 0.458854 0.402344 0.458854 0.402344 0.488021 0.382422 0.488021
0 0.370703 0.511458 0.394922 0.511458 0.394922 0.539062 0.370703 0.539062
0 0.031641 0.592708 0.063281 0.592708 0.063281 0.619271 0.031641 0.619271
0 0.084766 0.606771 0.107031 0.606771 0.107031 0.6375 0.084766 0.6375
0 0.070312 0.501042 0.089062 0.501042 0.089062 0.532812 0.070312 0.532812
0 0.121094 0.64375 0.145312 0.64375 0.145312 0.672917 0.121094 0.672917
0 0.033203 0.635417 0.051172 0.635417 0.051172 0.673958 0.033203 0.673958
0 0.098047 0.672917 0.119531 0.672917 0.119531 0.695833 0.098047 0.695833
0 0.171094 0.681771 0.190625 0.681771 0.190625 0.715104 0.171094 0.715104
0 0.002344 0.468229 0.027344 0.468229 0.027344 0.504167 0.002344 0.504167
0 0.017578 0.513021 0.040234 0.513021 0.040234 0.551562 0.017578 0.551562
0 0.211328 0.608854 0.230078 0.608854 0.230078 0.639583 0.211328 0.639583
0 0.274609 0.618229 0.294922 0.618229 0.294922 0.653646 0.274609 0.653646
0 0.207812 0.682292 0.229688 0.682292 0.229688 0.714062 0.207812 0.714062
0 0.277344 0.676042 0.300781 0.676042 0.300781 0.704688 0.277344 0.704688
0 0.310938 0.678125 0.327344 0.678125 0.327344 0.708854 0.310938 0.708854
0 0.335938 0.682812 0.364062 0.682812 0.364062 0.70625 0.335938 0.70625
0 0.235547 0.93125 0.259375 0.93125 0.259375 0.955729 0.235547 0.955729
0 0.24375 0.870312 0.267188 0.870312 0.267188 0.907292 0.24375 0.907292
0 0.283203 0.843229 0.307031 0.843229 0.307031 0.866667 0.283203 0.866667
0 0.178516 0.860938 0.203125 0.860938 0.203125 0.888021 0.178516 0.888021
0 0.183594 0.9 0.210547 0.9 0.210547 0.922917 0.183594 0.922917
0 0.119141 0.869271 0.141016 0.869271 0.141016 0.9 0.119141 0.9
0 0.110938 0.904167 0.127734 0.904167 0.127734 0.936979 0.110938 0.936979
0 0.154297 0.934896 0.172656 0.934896 0.172656 0.96875 0.154297 0.96875
0 0.126562 0.748438 0.149609 0.748438 0.149609 0.771354 0.126562 0.771354
0 0.096484 0.766146 0.120312 0.766146 0.120312 0.785938 0.096484 0.785938
0 0.1 0.717188 0.123828 0.717188 0.123828 0.739062 0.1 0.739062
0 0.253516 0.755208 0.279688 0.755208 0.279688 0.776042 0.253516 0.776042
0 0.319141 0.85 0.338281 0.85 0.338281 0.882812 0.319141 0.882812
0 0.346875 0.835417 0.368359 0.835417 0.368359 0.860417 0.346875 0.860417
0 0.349609 0.897396 0.375 0.897396 0.375 0.915104 0.349609 0.915104
0 0.335547 0.921875 0.360156 0.921875 0.360156 0.952083 0.335547 0.952083
0 0.311719 0.951042 0.334766 0.951042 0.334766 0.978125 0.311719 0.978125
0 0.296875 0.900521 0.317969 0.900521 0.317969 0.928646 0.296875 0.928646
0 0.376562 0.786458 0.399609 0.786458 0.399609 0.820312 0.376562 0.820312
0 0.314062 0.773438 0.339062 0.773438 0.339062 0.795312 0.314062 0.795312
0 0.271484 0.724479 0.294531 0.724479 0.294531 0.747396 0.271484 0.747396
0 0.017578 0.925 0.034375 0.925 0.034375 0.963021 0.017578 0.963021
0 0.450391 0.79375 0.473438 0.79375 0.473438 0.817708 0.450391 0.817708
0 0.409375 0.75 0.434375 0.75 0.434375 0.778125 0.409375 0.778125
0 0.464453 0.733854 0.484375 0.733854 0.484375 0.766667 0.464453 0.766667
0 0.355078 0.721875 0.380078 0.721875 0.380078 0.749479 0.355078 0.749479
0 0.410156 0.673958 0.429297 0.673958 0.429297 0.704688 0.410156 0.704688
0 0.464062 0.845833 0.485938 0.845833 0.485938 0.872917 0.464062 0.872917
0 0.492188 0.855729 0.5125 0.855729 0.5125 0.888542 0.492188 0.888542
0 0.417578 0.8875 0.442188 0.8875 0.442188 0.913542 0.417578 0.913542
0 0.453125 0.877083 0.473047 0.877083 0.473047 0.905729 0.453125 0.905729
0 0.389062 0.901042 0.410938 0.901042 0.410938 0.925 0.389062 0.925
0 0.423438 0.919271 0.446094 0.919271 0.446094 0.943229 0.423438 0.943229
0 0.485156 0.910417 0.505078 0.910417 0.505078 0.939583 0.485156 0.939583
0 0.374609 0.958333 0.399609 0.958333 0.399609 0.990104 0.374609 0.990104
0 0.441016 0.953125 0.466797 0.953125 0.466797 0.978646 0.441016 0.978646
0 0.584766 0.797917 0.607031 0.797917 0.607031 0.833333 0.584766 0.833333
0 0.618359 0.774479 0.638281 0.774479 0.638281 0.809896 0.618359 0.809896
0 0.667188 0.744271 0.686328 0.744271 0.686328 0.779688 0.667188 0.779688
0 0.566016 0.846354 0.585547 0.846354 0.585547 0.886458 0.566016 0.886458
0 0.560156 0.915104 0.577734 0.915104 0.577734 0.947396 0.560156 0.947396
0 0.607031 0.897396 0.623828 0.897396 0.623828 0.9375 0.607031 0.9375
0 0.631641 0.890104 0.650391 0.890104 0.650391 0.91875 0.631641 0.91875
0 0.622656 0.849479 0.642188 0.849479 0.642188 0.878125 0.622656 0.878125
0 0.647266 0.849479 0.667578 0.849479 0.667578 0.886458 0.647266 0.886458
0 0.700391 0.785938 0.719141 0.785938 0.719141 0.825521 0.700391 0.825521
0 0.726562 0.838542 0.746484 0.838542 0.746484 0.871875 0.726562 0.871875
0 0.683203 0.909896 0.701953 0.909896 0.701953 0.947396 0.683203 0.947396
0 0.605078 0.943229 0.623828 0.943229 0.623828 0.979167 0.605078 0.979167
0 0.757812 0.861458 0.778125 0.861458 0.778125 0.898958 0.757812 0.898958
0 0.787891 0.827083 0.807812 0.827083 0.807812 0.864062 0.787891 0.864062
0 0.806641 0.885938 0.828516 0.885938 0.828516 0.921875 0.806641 0.921875
0 0.811328 0.933854 0.83125 0.933854 0.83125 0.970833 0.811328 0.970833
0 0.755859 0.928125 0.773438 0.928125 0.773438 0.963542 0.755859 0.963542
0 0.723438 0.885938 0.742578 0.885938 0.742578 0.914583 0.723438 0.914583
0 0.651172 0.523958 0.669531 0.523958 0.669531 0.551562 0.651172 0.551562
0 0.615625 0.523958 0.637109 0.523958 0.637109 0.55625 0.615625 0.55625
0 0.588672 0.498438 0.610547 0.498438 0.610547 0.529167 0.588672 0.529167
0 0.607422 0.573958 0.624219 0.573958 0.624219 0.611458 0.607422 0.611458
0 0.547656 0.570833 0.566406 0.570833 0.566406 0.605208 0.547656 0.605208
0 0.554297 0.613021 0.573828 0.613021 0.573828 0.644271 0.554297 0.644271
0 0.527734 0.636979 0.548438 0.636979 0.548438 0.671875 0.527734 0.671875
0 0.492188 0.724479 0.512891 0.724479 0.512891 0.753646 0.492188 0.753646
0 0.478125 0.586458 0.496094 0.586458 0.496094 0.622396 0.478125 0.622396
0 0.519531 0.568229 0.536719 0.568229 0.536719 0.605208 0.519531 0.605208
0 0.480469 0.533854 0.503125 0.533854 0.503125 0.564062 0.480469 0.564062
0 0.757422 0.676042 0.777344 0.676042 0.777344 0.710417 0.757422 0.710417
0 0.772266 0.722917 0.790234 0.722917 0.790234 0.755729 0.772266 0.755729
0 0.7375 0.808333 0.75625 0.808333 0.75625 0.836458 0.7375 0.836458
0 0.812891 0.794271 0.836328 0.794271 0.836328 0.821875 0.812891 0.821875
0 0.79375 0.739062 0.815625 0.739062 0.815625 0.774479 0.79375 0.774479
0 0.805078 0.714062 0.83125 0.714062 0.83125 0.742708 0.805078 0.742708
0 0.803906 0.666667 0.833203 0.666667 0.833203 0.695312 0.803906 0.695312
0 0.459375 0.423438 0.480859 0.423438 0.480859 0.448438 0.459375 0.448438
0 0.440234 0.38125 0.462109 0.38125 0.462109 0.410417 0.440234 0.410417
0 0.411719 0.381771 0.433594 0.381771 0.433594 0.411979 0.411719 0.411979
0 0.436719 0.5 0.45625 0.5 0.45625 0.531771 0.436719 0.531771
0 0.464844 0.464583 0.484375 0.464583 0.484375 0.497396 0.464844 0.497396
0 0.432031 0.342708 0.454297 0.342708 0.454297 0.365625 0.432031 0.365625
0 0.574219 0.456771 0.595703 0.456771 0.595703 0.490625 0.574219 0.490625
0 0.630859 0.438542 0.653906 0.438542 0.653906 0.473438 0.630859 0.473438
0 0.617578 0.384375 0.637891 0.384375 0.637891 0.416146 0.617578 0.416146
0 0.508984 0.434896 0.534766 0.434896 0.534766 0.471875 0.508984 0.471875
0 0.368359 0.601562 0.392969 0.601562 0.392969 0.631771 0.368359 0.631771
0 0.310547 0.567708 0.338672 0.567708 0.338672 0.591146 0.310547 0.591146
0 0.319141 0.618229 0.347266 0.618229 0.347266 0.640104 0.319141 0.640104
0 0.197266 0.573958 0.221875 0.573958 0.221875 0.596354 0.197266 0.596354
0 0.823438 0.839062 0.842969 0.839062 0.842969 0.870833 0.823438 0.870833
0 0.863672 0.844792 0.880859 0.844792 0.880859 0.873438 0.863672 0.873438
0 0.844531 0.757292 0.865625 0.757292 0.865625 0.785417 0.844531 0.785417
0 0.873047 0.761979 0.891797 0.761979 0.891797 0.794271 0.873047 0.794271
0 0.894922 0.78125 0.912891 0.78125 0.912891 0.813542 0.894922 0.813542
0 0.908984 0.830729 0.93125 0.830729 0.93125 0.853646 0.908984 0.853646
0 0.914062 0.871354 0.936328 0.871354 0.936328 0.895833 0.914062 0.895833
0 0.900781 0.953646 0.921875 0.953646 0.921875 0.989062 0.900781 0.989062
0 0.950391 0.926042 0.971484 0.926042 0.971484 0.960938 0.950391 0.960938
0 0.910547 0.665104 0.926562 0.665104 0.926562 0.700521 0.910547 0.700521
0 0.871094 0.632292 0.895703 0.632292 0.895703 0.664062 0.871094 0.664062
0 0.945703 0.816146 0.964844 0.816146 0.964844 0.85 0.945703 0.85
0 0.975 0.773958 0.99375 0.773958 0.99375 0.804688 0.975 0.804688
0 0.705859 0.352083 0.723828 0.352083 0.723828 0.388021 0.705859 0.388021
0 0.688281 0.405729 0.70625 0.405729 0.70625 0.436979 0.688281 0.436979
0 0.737891 0.424479 0.755469 0.424479 0.755469 0.459375 0.737891 0.459375
0 0.786328 0.433854 0.807812 0.433854 0.807812 0.457292 0.786328 0.457292
0 0.85 0.45625 0.869922 0.45625 0.869922 0.483854 0.85 0.483854
0 0.871484 0.424479 0.890234 0.424479 0.890234 0.457292 0.871484 0.457292
0 0.897656 0.411979 0.921094 0.411979 0.921094 0.440625 0.897656 0.440625
0 0.874609 0.572396 0.891797 0.572396 0.891797 0.604167 0.874609 0.604167
0 0.839453 0.567708 0.861719 0.567708 0.861719 0.595833 0.839453 0.595833
0 0.812109 0.595833 0.828906 0.595833 0.828906 0.625521 0.812109 0.625521
0 0.891406 0.374479 0.914062 0.374479 0.914062 0.397396 0.891406 0.397396
0 0.855859 0.677604 0.882031 0.677604 0.882031 0.707292 0.855859 0.707292
0 0.915234 0.593229 0.934375 0.593229 0.934375 0.623958 0.915234 0.623958
0 0.935547 0.454688 0.954688 0.454688 0.954688 0.476562 0.935547 0.476562
0 0.947656 0.479167 0.967188 0.479167 0.967188 0.499479 0.947656 0.499479
0 0.943359 0.358333 0.964453 0.358333 0.964453 0.383333 0.943359 0.383333
0 0.955469 0.388542 0.980469 0.388542 0.980469 0.4125 0.955469 0.4125