0 0.105078 0.018229 0.122656 0.018229 0.122656 0.048958 0.105078 0.048958
0 0.066016 0.05625 0.088281 0.05625 0.088281 0.079167 0.066016 0.079167
0 0.030859 0.084896 0.05625 0.084896 0.05625 0.110417 0.030859 0.110417
0 0.079688 0.101042 0.10625 0.101042 0.10625 0.127604 0.079688 0.127604
0 0.113672 0.086979 0.130469 0.086979 0.130469 0.11875 0.113672 0.11875
0 0.048047 0.123438 0.070312 0.123438 0.070312 0.146354 0.048047 0.146354
0 0.047266 0.023958 0.067578 0.023958 0.067578 0.047917 0.047266 0.047917
0 0.078906 0.014583 0.100391 0.014583 0.100391 0.040625 0.078906 0.040625
0 0.167188 0.123438 0.188672 0.123438 0.188672 0.150521 0.167188 0.150521
0 0.15 0.082292 0.170312 0.082292 0.170312 0.10625 0.15 0.10625
0 0.207422 0.140625 0.228516 0.140625 0.228516 0.1625 0.207422 0.1625
0 0.213672 0.096875 0.2375 0.096875 0.2375 0.120833 0.213672 0.120833
0 0.308594 0.036458 0.324219 0.036458 0.324219 0.066146 0.308594 0.066146
0 0.297266 0.070312 0.319531 0.070312 0.319531 0.094271 0.297266 0.094271
0 0.263281 0.058333 0.286328 0.058333 0.286328 0.084375 0.263281 0.084375
0 0.275391 0.110938 0.295312 0.110938 0.295312 0.139583 0.275391 0.139583
0 0.246875 0.082812 0.265234 0.082812 0.265234 0.115625 0.246875 0.115625
0 0.221094 0.047917 0.242188 0.047917 0.242188 0.075 0.221094 0.075
0 0.260156 0.019792 0.285938 0.019792 0.285938 0.042188 0.260156 0.042188
0 0.116016 0.042188 0.138281 0.042188 0.138281 0.075 0.116016 0.075
0 0.145312 0.050521 0.162109 0.050521 0.162109 0.077083 0.145312 0.077083
0 0.360156 0.015104 0.38125 0.015104 0.38125 0.039062 0.360156 0.039062
0 0.330078 0.048438 0.348828 0.048438 0.348828 0.076042 0.330078 0.076042
0 0.357422 0.064583 0.373047 0.064583 0.373047 0.088542 0.357422 0.088542
0 0.354297 0.121354 0.371484 0.121354 0.371484 0.150521 0.354297 0.150521
0 0.321094 0.123438 0.338281 0.123438 0.338281 0.156771 0.321094 0.156771
0 0.189453 0.172917 0.20625 0.172917 0.20625 0.202604 0.189453 0.202604
0 0.257812 0.174479 0.279297 0.174479 0.279297 0.195312 0.257812 0.195312
0 0.074609 0.273958 0.094531 0.273958 0.094531 0.301562 0.074609 0.301562
0 0.066797 0.308333 0.089062 0.308333 0.089062 0.330208 0.066797 0.330208
0 0.033984 0.295312 0.055469 0.295312 0.055469 0.327604 0.033984 0.327604
0 0.002344 0.273958 0.022266 0.273958 0.022266 0.297917 0.002344 0.297917
0 0.133594 0.310417 0.148828 0.310417 0.148828 0.338021 0.133594 0.338021
0 0.122266 0.331771 0.139844 0.331771 0.139844 0.357292 0.122266 0.357292
0 0.105469 0.334375 0.119922 0.334375 0.119922 0.364583 0.105469 0.364583
0 0.031641 0.353646 0.049609 0.353646 0.049609 0.380208 0.031641 0.380208
0 0.022266 0.395312 0.045312 0.395312 0.045312 0.416667 0.022266 0.416667
0 0.160547 0.392708 0.179688 0.392708 0.179688 0.421875 0.160547 0.421875
0 0.171484 0.345833 0.189453 0.345833 0.189453 0.377604 0.171484 0.377604
0 0.132031 0.371875 0.152344 0.371875 0.152344 0.403646 0.132031 0.403646
0 0.197656 0.358854 0.215625 0.358854 0.215625 0.382292 0.197656 0.382292
0 0.231641 0.255208 0.248438 0.255208 0.248438 0.282812 0.231641 0.282812
0 0.219141 0.307812 0.244531 0.307812 0.244531 0.333333 0.219141 0.333333
0 0.250391 0.329688 0.271094 0.329688 0.271094 0.363021 0.250391 0.363021
0 0.254688 0.261979 0.270703 0.261979 0.270703 0.291146 0.254688 0.291146
0 0.316016 0.261979 0.334375 0.261979 0.334375 0.29375 0.316016 0.29375
0 0.352734 0.259896 0.36875 0.259896 0.36875 0.285938 0.352734 0.285938
0 0.359766 0.291146 0.378516 0.291146 0.378516 0.320312 0.359766 0.320312
0 0.321484 0.320312 0.339062 0.320312 0.339062 0.350521 0.321484 0.350521
0 0.291797 0.314062 0.308984 0.314062 0.308984 0.347917 0.291797 0.347917
0 0.344531 0.346354 0.366797 0.346354 0.366797 0.373438 0.344531 0.373438
0 0.378125 0.359896 0.395703 0.359896 0.395703 0.389062 0.378125 0.389062
0 0.332422 0.380729 0.349219 0.380729 0.349219 0.416146 0.332422 0.416146
0 0.295312 0.364062 0.313281 0.364062 0.313281 0.396354 0.295312 0.396354
0 0.575391 0.081771 0.594141 0.081771 0.594141 0.111979 0.575391 0.111979
0 0.530078 0.111979 0.552344 0.111979 0.552344 0.133854 0.530078 0.133854
0 0.512891 0.143229 0.537109 0.143229 0.537109 0.166667 0.512891 0.166667
0 0.478516 0.126562 0.498438 0.126562 0.498438 0.154688 0.478516 0.154688
0 0.453906 0.123958 0.475391 0.123958 0.475391 0.152083 0.453906 0.152083
0 0.460938 0.1625 0.485547 0.1625 0.485547 0.182812 0.460938 0.182812
0 0.571875 0.15625 0.594531 0.15625 0.594531 0.178646 0.571875 0.178646
0 0.485547 0.216146 0.505469 0.216146 0.505469 0.2375 0.485547 0.2375
0 0.526562 0.225521 0.543359 0.225521 0.543359 0.251042 0.526562 0.251042
0 0.5125 0.248438 0.53125 0.248438 0.53125 0.272396 0.5125 0.272396
0 0.479688 0.011979 0.499609 0.011979 0.499609 0.034375 0.479688 0.034375
0 0.3875 0.0 0.403516 0.0 0.403516 0.029688 0.3875 0.029688
0 0.524609 0.007292 0.545703 0.007292 0.545703 0.039062 0.524609 0.039062
0 0.554688 0.034896 0.574609 0.034896 0.574609 0.066146 0.554688 0.066146
0 0.522656 0.076562 0.549219 0.076562 0.549219 0.100521 0.522656 0.100521
0 0.651562 0.017708 0.668359 0.017708 0.668359 0.042708 0.651562 0.042708
0 0.608203 0.086458 0.631641 0.086458 0.631641 0.115104 0.608203 0.115104
0 0.596094 0.042188 0.617578 0.042188 0.617578 0.072917 0.596094 0.072917
0 0.679297 0.034896 0.703125 0.034896 0.703125 0.054688 0.679297 0.054688
0 0.669531 0.08125 0.69375 0.08125 0.69375 0.102083 0.669531 0.102083
0 0.657812 0.108333 0.682031 0.108333 0.682031 0.13125 0.657812 0.13125
0 0.630859 0.127604 0.648828 0.127604 0.648828 0.155729 0.630859 0.155729
0 0.675391 0.153125 0.694141 0.153125 0.694141 0.172396 0.675391 0.172396
0 0.705859 0.089583 0.722266 0.089583 0.722266 0.111979 0.705859 0.111979
0 0.723438 0.030208 0.744141 0.030208 0.744141 0.061458 0.723438 0.061458
0 0.630469 0.046354 0.652734 0.046354 0.652734 0.071354 0.630469 0.071354
0 0.760156 0.048958 0.777734 0.048958 0.777734 0.077083 0.760156 0.077083
0 0.764453 0.007292 0.783984 0.007292 0.783984 0.032292 0.764453 0.032292
0 0.561328 0.242188 0.583984 0.242188 0.583984 0.267708 0.561328 0.267708
0 0.539844 0.274479 0.562109 0.274479 0.562109 0.297396 0.539844 0.297396
0 0.484375 0.285938 0.507031 0.285938 0.507031 0.311458 0.484375 0.311458
0 0.644922 0.233333 0.666016 0.233333 0.666016 0.257292 0.644922 0.257292
0 0.458203 0.259375 0.479688 0.259375 0.479688 0.282292 0.458203 0.282292
0 0.804297 0.096354 0.823828 0.096354 0.823828 0.117708 0.804297 0.117708
0 0.805078 0.135938 0.832812 0.135938 0.832812 0.159896 0.805078 0.159896
0 0.788281 0.147917 0.807812 0.147917 0.807812 0.182812 0.788281 0.182812
0 0.807812 0.201042 0.827734 0.201042 0.827734 0.2375 0.807812 0.2375
0 0.838281 0.194271 0.85625 0.194271 0.85625 0.229167 0.838281 0.229167
0 0.869922 0.155729 0.889453 0.155729 0.889453 0.18125 0.869922 0.18125
0 0.752734 0.199479 0.776953 0.199479 0.776953 0.221354 0.752734 0.221354
0 0.773438 0.232292 0.792188 0.232292 0.792188 0.264062 0.773438 0.264062
0 0.789062 0.272917 0.805859 0.272917 0.805859 0.302604 0.789062 0.302604
0 0.816797 0.253646 0.834766 0.253646 0.834766 0.284375 0.816797 0.284375
0 0.837109 0.2625 0.855859 0.2625 0.855859 0.290625 0.837109 0.290625
0 0.891016 0.277604 0.914844 0.277604 0.914844 0.302083 0.891016 0.302083
0 0.919141 0.307812 0.938672 0.307812 0.938672 0.330208 0.919141 0.330208
0 0.89375 0.232292 0.912891 0.232292 0.912891 0.260417 0.89375 0.260417
0 0.736719 0.225 0.754688 0.225 0.754688 0.249479 0.736719 0.249479
0 0.746094 0.275 0.764844 0.275 0.764844 0.298958 0.746094 0.298958
0 0.760938 0.333333 0.782031 0.333333 0.782031 0.355729 0.760938 0.355729
0 0.820703 0.306771 0.841016 0.306771 0.841016 0.330208 0.820703 0.330208
0 0.813672 0.347396 0.837891 0.347396 0.837891 0.368229 0.813672 0.368229
0 0.853125 0.296354 0.875781 0.296354 0.875781 0.321354 0.853125 0.321354
0 0.980859 0.017708 0.999609 0.017708 0.999609 0.039062 0.980859 0.039062
0 0.792969 0.456771 0.815234 0.456771 0.815234 0.483333 0.792969 0.483333
0 0.826953 0.414583 0.845703 0.414583 0.845703 0.446875 0.826953 0.446875
0 0.862109 0.435938 0.887109 0.435938 0.887109 0.456771 0.862109 0.456771
0 0.873828 0.352083 0.896875 0.352083 0.896875 0.376562 0.873828 0.376562
0 0.902734 0.436458 0.926172 0.436458 0.926172 0.455208 0.902734 0.455208
0 0.903906 0.376562 0.923047 0.376562 0.923047 0.403125 0.903906 0.403125
0 0.937891 0.535417 0.960547 0.535417 0.960547 0.555729 0.937891 0.555729
0 0.894141 0.534896 0.91875 0.534896 0.91875 0.557812 0.894141 0.557812
0 0.912109 0.475521 0.928125 0.475521 0.928125 0.496354 0.912109 0.496354
0 0.907031 0.569792 0.926562 0.569792 0.926562 0.590104 0.907031 0.590104
0 0.870703 0.571875 0.896484 0.571875 0.896484 0.595312 0.870703 0.595312
0 0.845312 0.594792 0.861719 0.594792 0.861719 0.622917 0.845312 0.622917
0 0.532812 0.367188 0.55 0.367188 0.55 0.395312 0.532812 0.395312
0 0.487109 0.358333 0.508203 0.358333 0.508203 0.390104 0.487109 0.390104
0 0.471875 0.401562 0.495703 0.401562 0.495703 0.432292 0.471875 0.432292
0 0.469922 0.444792 0.491797 0.444792 0.491797 0.471354 0.469922 0.471354
0 0.508594 0.452083 0.526172 0.452083 0.526172 0.480729 0.508594 0.480729
0 0.505859 0.380208 0.524219 0.380208 0.524219 0.406771 0.505859 0.406771
0 0.554688 0.445312 0.573828 0.445312 0.573828 0.476042 0.554688 0.476042
0 0.534375 0.414583 0.553906 0.414583 0.553906 0.442708 0.534375 0.442708
0 0.533203 0.320312 0.550781 0.320312 0.550781 0.350521 0.533203 0.350521
0 0.56875 0.366667 0.591406 0.366667 0.591406 0.390104 0.56875 0.390104
0 0.579688 0.404167 0.603906 0.404167 0.603906 0.426042 0.579688 0.426042
0 0.591016 0.441667 0.610938 0.441667 0.610938 0.466667 0.591016 0.466667
0 0.677344 0.251563 0.694141 0.251563 0.694141 0.275521 0.677344 0.275521
0 0.611719 0.269271 0.633984 0.269271 0.633984 0.294792 0.611719 0.294792
0 0.591797 0.244792 0.611719 0.244792 0.611719 0.270833 0.591797 0.270833
0 0.658984 0.309896 0.678516 0.309896 0.678516 0.336458 0.658984 0.336458
0 0.633203 0.31875 0.656641 0.31875 0.656641 0.34375 0.633203 0.34375
0 0.615234 0.388021 0.632031 0.388021 0.632031 0.41875 0.615234 0.41875
0 0.643359 0.420312 0.665625 0.420312 0.665625 0.445312 0.643359 0.445312
0 0.729297 0.357292 0.748438 0.357292 0.748438 0.384896 0.729297 0.384896
0 0.764453 0.375 0.783594 0.375 0.783594 0.397917 0.764453 0.397917
0 0.736328 0.406771 0.754297 0.406771 0.754297 0.433854 0.736328 0.433854
0 0.710938 0.430208 0.730859 0.430208 0.730859 0.455208 0.710938 0.455208
0 0.725391 0.471875 0.744531 0.471875 0.744531 0.502083 0.725391 0.502083
0 0.692188 0.534896 0.713281 0.534896 0.713281 0.557292 0.692188 0.557292
0 0.635547 0.473958 0.658203 0.473958 0.658203 0.503646 0.635547 0.503646
0 0.833203 0.472396 0.855078 0.472396 0.855078 0.5 0.833203 0.5
0 0.869141 0.48125 0.892969 0.48125 0.892969 0.511458 0.869141 0.511458
0 0.531641 0.485938 0.557031 0.485938 0.557031 0.508333 0.531641 0.508333
0 0.516797 0.51875 0.535938 0.51875 0.535938 0.547396 0.516797 0.547396
0 0.544922 0.528646 0.562109 0.528646 0.562109 0.556771 0.544922 0.556771
0 0.576562 0.497917 0.595703 0.497917 0.595703 0.529688 0.576562 0.529688
0 0.574219 0.5375 0.596094 0.5375 0.596094 0.561458 0.574219 0.561458
0 0.612109 0.4875 0.630078 0.4875 0.630078 0.513542 0.612109 0.513542
0 0.608594 0.5375 0.630859 0.5375 0.630859 0.559896 0.608594 0.559896
0 0.287109 0.528125 0.302734 0.528125 0.302734 0.559896 0.287109 0.559896
0 0.321484 0.482292 0.3375 0.482292 0.3375 0.514583 0.321484 0.514583
0 0.303516 0.566667 0.323828 0.566667 0.323828 0.6 0.303516 0.6
0 0.355469 0.545833 0.377344 0.545833 0.377344 0.576562 0.355469 0.576562
0 0.394141 0.533854 0.415234 0.533854 0.415234 0.55625 0.394141 0.55625
0 0.388281 0.592188 0.404688 0.592188 0.404688 0.622396 0.388281 0.622396
0 0.264062 0.385417 0.285156 0.385417 0.285156 0.414583 0.264062 0.414583
0 0.198047 0.41875 0.222266 0.41875 0.222266 0.447917 0.198047 0.447917
0 0.161328 0.448438 0.1875 0.448438 0.1875 0.475 0.161328 0.475
0 0.121094 0.455729 0.146094 0.455729 0.146094 0.484375 0.121094 0.484375
0 0.159766 0.521354 0.178125 0.521354 0.178125 0.551042 0.159766 0.551042
0 0.255859 0.431771 0.275391 0.431771 0.275391 0.456771 0.255859 0.456771
0 0.353125 0.468229 0.377344 0.468229 0.377344 0.494792 0.353125 0.494792
0 0.295703 0.416146 0.314453 0.416146 0.314453 0.442708 0.295703 0.442708
0 0.051953 0.590625 0.074219 0.590625 0.074219 0.610938 0.051953 0.610938
0 0.019141 0.621875 0.036719 0.621875 0.036719 0.653125 0.019141 0.653125
0 0.230469 0.382812 0.244141 0.382812 0.244141 0.411979 0.230469 0.411979
0 0.098047 0.742708 0.119531 0.742708 0.119531 0.76875 0.098047 0.76875
0 0.071484 0.771875 0.090625 0.771875 0.090625 0.79375 0.071484 0.79375
0 0.08125 0.805208 0.100781 0.805208 0.100781 0.830729 0.08125 0.830729
0 0.073828 0.845312 0.096094 0.845312 0.096094 0.868229 0.073828 0.868229
0 0.127344 0.848438 0.145703 0.848438 0.145703 0.882812 0.127344 0.882812
0 0.046484 0.884375 0.066406 0.884375 0.066406 0.905208 0.046484 0.905208
0 0.053125 0.839583 0.071875 0.839583 0.071875 0.863542 0.053125 0.863542
0 0.353906 0.765104 0.371875 0.765104 0.371875 0.796875 0.353906 0.796875
0 0.3625 0.823958 0.385156 0.823958 0.385156 0.850521 0.3625 0.850521
0 0.292188 0.773958 0.319141 0.773958 0.319141 0.794792 0.292188 0.794792
0 0.321094 0.8125 0.342188 0.8125 0.342188 0.840104 0.321094 0.840104
0 0.339062 0.714583 0.360547 0.714583 0.360547 0.739062 0.339062 0.739062
0 0.213281 0.747396 0.233203 0.747396 0.233203 0.777604 0.213281 0.777604
0 0.233203 0.780208 0.255469 0.780208 0.255469 0.799479 0.233203 0.799479
0 0.273047 0.851562 0.295703 0.851562 0.295703 0.873438 0.273047 0.873438
0 0.310156 0.903646 0.333984 0.903646 0.333984 0.927083 0.310156 0.927083
0 0.212109 0.900521 0.232422 0.900521 0.232422 0.925 0.212109 0.925
0 0.246094 0.88125 0.266797 0.88125 0.266797 0.913021 0.246094 0.913021
0 0.201172 0.830208 0.225 0.830208 0.225 0.858333 0.201172 0.858333
0 0.246094 0.7375 0.265625 0.7375 0.265625 0.766667 0.246094 0.766667
0 0.469922 0.656771 0.490234 0.656771 0.490234 0.689583 0.469922 0.689583
0 0.465234 0.775 0.484766 0.775 0.484766 0.804688 0.465234 0.804688
0 0.496094 0.643229 0.514062 0.643229 0.514062 0.676042 0.496094 0.676042
0 0.557422 0.629167 0.575781 0.629167 0.575781 0.659896 0.557422 0.659896
0 0.538672 0.60625 0.563281 0.60625 0.563281 0.627604 0.538672 0.627604
0 0.548438 0.68125 0.571484 0.68125 0.571484 0.703125 0.548438 0.703125
0 0.531641 0.7 0.551953 0.7 0.551953 0.724479 0.531641 0.724479
0 0.506641 0.733333 0.527734 0.733333 0.527734 0.757812 0.506641 0.757812
0 0.517578 0.776042 0.5375 0.776042 0.5375 0.802083 0.517578 0.802083
0 0.562109 0.750521 0.583984 0.750521 0.583984 0.773958 0.562109 0.773958
0 0.304297 0.866667 0.328906 0.866667 0.328906 0.888542 0.304297 0.888542
0 0.245703 0.954688 0.269922 0.954688 0.269922 0.985938 0.245703 0.985938
0 0.016016 0.907812 0.041406 0.907812 0.041406 0.94375 0.016016 0.94375
0 0.102344 0.959896 0.117578 0.959896 0.117578 0.992708 0.102344 0.992708
0 0.259766 0.793229 0.277344 0.793229 0.277344 0.828646 0.259766 0.828646
0 0.274609 0.921875 0.300781 0.921875 0.300781 0.94375 0.274609 0.94375
0 0.074219 0.729688 0.098047 0.729688 0.098047 0.751562 0.074219 0.751562
0 0.746875 0.605208 0.764453 0.605208 0.764453 0.632292 0.746875 0.632292
0 0.768359 0.578646 0.790234 0.578646 0.790234 0.607812 0.768359 0.607812
0 0.816016 0.697917 0.840625 0.697917 0.840625 0.721354 0.816016 0.721354
0 0.8 0.707812 0.815625 0.707812 0.815625 0.728646 0.8 0.728646
0 0.861719 0.725 0.885547 0.725 0.885547 0.746875 0.861719 0.746875
0 0.812109 0.558854 0.831641 0.558854 0.831641 0.589583 0.812109 0.589583
0 0.882812 0.672396 0.905469 0.672396 0.905469 0.693229 0.882812 0.693229
0 0.93125 0.68125 0.948438 0.68125 0.948438 0.710417 0.93125 0.710417
0 0.912109 0.723958 0.9375 0.723958 0.9375 0.746875 0.912109 0.746875
0 0.936719 0.764062 0.953125 0.764062 0.953125 0.792188 0.936719 0.792188
0 0.718359 0.919271 0.739453 0.919271 0.739453 0.951562 0.718359 0.951562
0 0.757031 0.874479 0.769531 0.874479 0.769531 0.901042 0.757031 0.901042
0 0.764453 0.940104 0.784766 0.940104 0.784766 0.96875 0.764453 0.96875
0 0.760938 0.976042 0.783594 0.976042 0.783594 0.999479 0.760938 0.999479
0 0.836719 0.911979 0.859766 0.911979 0.859766 0.933854 0.836719 0.933854
0 0.874219 0.903646 0.895703 0.903646 0.895703 0.925521 0.874219 0.925521
0 0.814062 0.861979 0.836328 0.861979 0.836328 0.883854 0.814062 0.883854
0 0.785938 0.778125 0.804688 0.778125 0.804688 0.806771 0.785938 0.806771
0 0.783203 0.814062 0.801953 0.814062 0.801953 0.843229 0.783203 0.843229
0 0.634375 0.828125 0.656641 0.828125 0.656641 0.851042 0.634375 0.851042
0 0.594141 0.826562 0.611328 0.826562 0.611328 0.852604 0.594141 0.852604
0 0.60625 0.868229 0.626172 0.868229 0.626172 0.897917 0.60625 0.897917
0 0.507031 0.829688 0.530859 0.829688 0.530859 0.851042 0.507031 0.851042
0 0.562891 0.80625 0.585156 0.80625 0.585156 0.828125 0.562891 0.828125
0 0.523438 0.897917 0.543359 0.897917 0.543359 0.929688 0.523438 0.929688
0 0.485938 0.866667 0.509375 0.866667 0.509375 0.888542 0.485938 0.888542
0 0.614453 0.657812 0.635547 0.657812 0.635547 0.685938 0.614453 0.685938
0 0.656641 0.692188 0.672266 0.692188 0.672266 0.714062 0.656641 0.714062
0 0.626562 0.707292 0.646094 0.707292 0.646094 0.732812 0.626562 0.732812
0 0.585156 0.714062 0.6 0.714062 0.6 0.735417 0.585156 0.735417
0 0.608594 0.75 0.626172 0.75 0.626172 0.778125 0.608594 0.778125
0 0.653125 0.764062 0.670312 0.764062 0.670312 0.792188 0.653125 0.792188
0 0.678125 0.748438 0.696094 0.748438 0.696094 0.775521 0.678125 0.775521
0 0.679688 0.823438 0.704297 0.823438 0.704297 0.846354 0.679688 0.846354
0 0.69375 0.850521 0.715234 0.850521 0.715234 0.869792 0.69375 0.869792
0 0.728906 0.775 0.742969 0.775 0.742969 0.804688 0.728906 0.804688
0 0.677734 0.923958 0.699609 0.923958 0.699609 0.95625 0.677734 0.95625
0 0.686719 0.883854 0.704297 0.883854 0.704297 0.911458 0.686719 0.911458
0 0.707812 0.875521 0.724219 0.875521 0.724219 0.9 0.707812 0.9
0 0.631641 0.791146 0.65625 0.791146 0.65625 0.8125 0.631641 0.8125
0 0.593359 0.641667 0.615625 0.641667 0.615625 0.669792 0.593359 0.669792
0 0.920312 0.859375 0.936328 0.859375 0.936328 0.885938 0.920312 0.885938
0 0.897656 0.820312 0.917969 0.820312 0.917969 0.849479 0.897656 0.849479
0 0.877344 0.821875 0.891406 0.821875 0.891406 0.843229 0.877344 0.843229
0 0.899609 0.76875 0.924609 0.76875 0.924609 0.79375 0.899609 0.79375
0 0.845703 0.771875 0.865625 0.771875 0.865625 0.791667 0.845703 0.791667
0 0.815234 0.774479 0.836719 0.774479 0.836719 0.797396 0.815234 0.797396
0 0.953516 0.883854 0.974219 0.883854 0.974219 0.907292 0.953516 0.907292
0 0.951172 0.830729 0.974219 0.830729 0.974219 0.864583 0.951172 0.864583
0 0.920312 0.929167 0.938672 0.929167 0.938672 0.955729 0.920312 0.955729
0 0.831641 0.814583 0.85 0.814583 0.85 0.844792 0.831641 0.844792
0 0.818359 0.729688 0.846875 0.729688 0.846875 0.755208 0.818359 0.755208
0 0.660547 0.852604 0.680469 0.852604 0.680469 0.877604 0.660547 0.877604
0 0.561719 0.857292 0.584766 0.857292 0.584766 0.892188 0.561719 0.892188
0 0.558203 0.916146 0.578516 0.916146 0.578516 0.940104 0.558203 0.940104