0 0.028906 0.021875 0.046094 0.021875 0.046094 0.044792 0.028906 0.044792
0 0.060156 0.025521 0.083594 0.025521 0.083594 0.046354 0.060156 0.046354
0 0.003906 0.031771 0.021094 0.031771 0.021094 0.051562 0.003906 0.051562
0 0.034766 0.073438 0.060156 0.073438 0.060156 0.092708 0.034766 0.092708
0 0.076172 0.066146 0.101562 0.066146 0.101562 0.092188 0.076172 0.092188
0 0.116016 0.060938 0.132422 0.060938 0.132422 0.089062 0.116016 0.089062
0 0.153906 0.051562 0.166797 0.051562 0.166797 0.079167 0.153906 0.079167
0 0.163672 0.085417 0.183984 0.085417 0.183984 0.115625 0.163672 0.115625
0 0.113672 0.101042 0.129688 0.101042 0.129688 0.126042 0.113672 0.126042
0 0.089453 0.134375 0.112109 0.134375 0.112109 0.154167 0.089453 0.154167
0 0.058203 0.127083 0.076953 0.127083 0.076953 0.152083 0.058203 0.152083
0 0.021094 0.132812 0.038672 0.132812 0.038672 0.150521 0.021094 0.150521
0 0.192969 0.085417 0.208203 0.085417 0.208203 0.113542 0.192969 0.113542
0 0.218359 0.079688 0.23125 0.079688 0.23125 0.103125 0.218359 0.103125
0 0.227734 0.113542 0.244141 0.113542 0.244141 0.136458 0.227734 0.136458
0 0.184375 0.130729 0.201562 0.130729 0.201562 0.160417 0.184375 0.160417
0 0.158984 0.152083 0.182031 0.152083 0.182031 0.172396 0.158984 0.172396
0 0.010938 0.159896 0.028125 0.159896 0.028125 0.18125 0.010938 0.18125
0 0.033203 0.174479 0.055078 0.174479 0.055078 0.194271 0.033203 0.194271
0 0.0625 0.178646 0.080469 0.178646 0.080469 0.202083 0.0625 0.202083
0 0.087109 0.207812 0.109375 0.207812 0.109375 0.223958 0.087109 0.223958
0 0.120312 0.181771 0.135547 0.181771 0.135547 0.210417 0.120312 0.210417
0 0.145312 0.184375 0.16875 0.184375 0.16875 0.206771 0.145312 0.206771
0 0.00625 0.247917 0.026953 0.247917 0.026953 0.267708 0.00625 0.267708
0 0.048438 0.251042 0.072656 0.251042 0.072656 0.273438 0.048438 0.273438
0 0.097266 0.250521 0.121484 0.250521 0.121484 0.269792 0.097266 0.269792
0 0.098438 0.280208 0.119531 0.280208 0.119531 0.300521 0.098438 0.300521
0 0.155469 0.251563 0.178516 0.251563 0.178516 0.271354 0.155469 0.271354
0 0.148047 0.283333 0.171094 0.283333 0.171094 0.305208 0.148047 0.305208
0 0.151172 0.314062 0.173438 0.314062 0.173438 0.333854 0.151172 0.333854
0 0.182031 0.302083 0.203125 0.302083 0.203125 0.328646 0.182031 0.328646
0 0.092969 0.30625 0.112891 0.30625 0.112891 0.325521 0.092969 0.325521
0 0.050781 0.310417 0.064453 0.310417 0.064453 0.338021 0.050781 0.338021
0 0.069141 0.303646 0.085938 0.303646 0.085938 0.327083 0.069141 0.327083
0 0.041016 0.368229 0.063672 0.368229 0.063672 0.389062 0.041016 0.389062
0 0.067578 0.335417 0.082422 0.335417 0.082422 0.358333 0.067578 0.358333
0 0.096094 0.342188 0.115625 0.342188 0.115625 0.364062 0.096094 0.364062
0 0.133984 0.351562 0.150781 0.351562 0.150781 0.380729 0.133984 0.380729
0 0.164062 0.364583 0.185547 0.364583 0.185547 0.391667 0.164062 0.391667
0 0.101172 0.382292 0.120703 0.382292 0.120703 0.401562 0.101172 0.401562
0 0.075 0.384896 0.091406 0.384896 0.091406 0.415104 0.075 0.415104
0 0.058594 0.421875 0.073438 0.421875 0.073438 0.454688 0.058594 0.454688
0 0.119922 0.438542 0.138281 0.438542 0.138281 0.461979 0.119922 0.461979
0 0.110156 0.478646 0.133203 0.478646 0.133203 0.501042 0.110156 0.501042
0 0.142578 0.483333 0.164062 0.483333 0.164062 0.509896 0.142578 0.509896
0 0.0 0.458333 0.0125 0.458333 0.0125 0.482812 0.0 0.482812
0 0.006641 0.417708 0.023828 0.417708 0.023828 0.436458 0.006641 0.436458
0 0.004688 0.354167 0.021875 0.354167 0.021875 0.383854 0.004688 0.383854
0 0.090625 0.435938 0.107031 0.435938 0.107031 0.465625 0.090625 0.465625
0 0.0 0.501042 0.016797 0.501042 0.016797 0.531771 0.0 0.531771
0 0.038672 0.525521 0.054297 0.525521 0.054297 0.552604 0.038672 0.552604
0 0.019531 0.570312 0.036328 0.570312 0.036328 0.6 0.019531 0.6
0 0.058203 0.567188 0.076172 0.567188 0.076172 0.598438 0.058203 0.598438
0 0.073047 0.508854 0.096094 0.508854 0.096094 0.530729 0.073047 0.530729
0 0.034375 0.485417 0.064453 0.485417 0.064453 0.510417 0.034375 0.510417
0 0.142188 0.527083 0.161328 0.527083 0.161328 0.554167 0.142188 0.554167
0 0.1125 0.542708 0.129688 0.542708 0.129688 0.568229 0.1125 0.568229
0 0.257812 0.107812 0.278516 0.107812 0.278516 0.143229 0.257812 0.143229
0 0.275391 0.056771 0.292969 0.056771 0.292969 0.073438 0.275391 0.073438
0 0.307422 0.109375 0.328516 0.109375 0.328516 0.124479 0.307422 0.124479
0 0.341406 0.020833 0.359375 0.020833 0.359375 0.047917 0.341406 0.047917
0 0.372656 0.005208 0.386328 0.005208 0.386328 0.036458 0.372656 0.036458
0 0.399219 0.00625 0.416406 0.00625 0.416406 0.039062 0.399219 0.039062
0 0.428125 0.021875 0.450391 0.021875 0.450391 0.041146 0.428125 0.041146
0 0.336328 0.076042 0.358203 0.076042 0.358203 0.095833 0.336328 0.095833
0 0.373438 0.063542 0.395703 0.063542 0.395703 0.085938 0.373438 0.085938
0 0.404297 0.069271 0.426172 0.069271 0.426172 0.094792 0.404297 0.094792
0 0.441797 0.053646 0.462891 0.053646 0.462891 0.078646 0.441797 0.078646
0 0.483984 0.004688 0.510156 0.004688 0.510156 0.029167 0.483984 0.029167
0 0.519922 0.023438 0.54375 0.023438 0.54375 0.043229 0.519922 0.043229
0 0.474609 0.059896 0.494531 0.059896 0.494531 0.0875 0.474609 0.0875
0 0.457422 0.109375 0.473047 0.109375 0.473047 0.1375 0.457422 0.1375
0 0.480469 0.115625 0.501172 0.115625 0.501172 0.138542 0.480469 0.138542
0 0.410938 0.105729 0.430078 0.105729 0.430078 0.125 0.410938 0.125
0 0.535547 0.101562 0.557812 0.101562 0.557812 0.124479 0.535547 0.124479
0 0.555469 0.0375 0.574219 0.0375 0.574219 0.066667 0.555469 0.066667
0 0.641797 0.0 0.665234 0.0 0.665234 0.020312 0.641797 0.020312
0 0.605859 0.011458 0.629688 0.011458 0.629688 0.033854 0.605859 0.033854
0 0.589062 0.035938 0.605469 0.035938 0.605469 0.065104 0.589062 0.065104
0 0.608984 0.060417 0.628516 0.060417 0.628516 0.080729 0.608984 0.080729
0 0.569141 0.080208 0.586328 0.080208 0.586328 0.103646 0.569141 0.103646
0 0.602344 0.104167 0.621875 0.104167 0.621875 0.132812 0.602344 0.132812
0 0.578906 0.122917 0.598828 0.122917 0.598828 0.15 0.578906 0.15
0 0.557812 0.148958 0.577344 0.148958 0.577344 0.172917 0.557812 0.172917
0 0.603516 0.174479 0.625391 0.174479 0.625391 0.19375 0.603516 0.19375
0 0.704297 0.002083 0.723828 0.002083 0.723828 0.01875 0.704297 0.01875
0 0.673047 0.013021 0.686719 0.013021 0.686719 0.039062 0.673047 0.039062
0 0.661328 0.069271 0.682812 0.069271 0.682812 0.090625 0.661328 0.090625
0 0.725 0.078125 0.746484 0.078125 0.746484 0.1 0.725 0.1
0 0.749219 0.017708 0.769531 0.017708 0.769531 0.050521 0.749219 0.050521
0 0.653906 0.109896 0.676562 0.109896 0.676562 0.134375 0.653906 0.134375
0 0.694141 0.1 0.718359 0.1 0.718359 0.121875 0.694141 0.121875
0 0.550391 0.196354 0.569531 0.196354 0.569531 0.214583 0.550391 0.214583
0 0.692969 0.141146 0.717578 0.141146 0.717578 0.158333 0.692969 0.158333
0 0.708203 0.164062 0.729688 0.164062 0.729688 0.186458 0.708203 0.186458
0 0.66875 0.171354 0.690625 0.171354 0.690625 0.188021 0.66875 0.188021
0 0.725 0.200521 0.746484 0.200521 0.746484 0.21875 0.725 0.21875
0 0.764453 0.207292 0.782422 0.207292 0.782422 0.236458 0.764453 0.236458
0 0.788281 0.234896 0.811328 0.234896 0.811328 0.25625 0.788281 0.25625
0 0.738672 0.240104 0.764453 0.240104 0.764453 0.264583 0.738672 0.264583
0 0.689844 0.230729 0.714062 0.230729 0.714062 0.251563 0.689844 0.251563
0 0.695703 0.203646 0.718359 0.203646 0.718359 0.220312 0.695703 0.220312
0 0.869922 0.019271 0.884375 0.019271 0.884375 0.050521 0.869922 0.050521
0 0.9 0.039062 0.915625 0.039062 0.915625 0.065104 0.9 0.065104
0 0.940234 0.045312 0.957812 0.045312 0.957812 0.079167 0.940234 0.079167
0 0.972656 0.021354 0.987891 0.021354 0.987891 0.053125 0.972656 0.053125
0 0.860156 0.072917 0.874609 0.072917 0.874609 0.101042 0.860156 0.101042
0 0.901953 0.081771 0.920703 0.081771 0.920703 0.107292 0.901953 0.107292
0 0.916797 0.110417 0.941406 0.110417 0.941406 0.126562 0.916797 0.126562
0 0.977344 0.095833 0.990234 0.095833 0.990234 0.129688 0.977344 0.129688
0 0.905469 0.147396 0.921094 0.147396 0.921094 0.175521 0.905469 0.175521
0 0.940234 0.158333 0.955859 0.158333 0.955859 0.188021 0.940234 0.188021
0 0.971094 0.158333 0.989062 0.158333 0.989062 0.184375 0.971094 0.184375
0 0.955078 0.206771 0.974219 0.206771 0.974219 0.228125 0.955078 0.228125
0 0.985156 0.217708 0.999219 0.217708 0.999219 0.247917 0.985156 0.247917
0 0.952734 0.385417 0.969531 0.385417 0.969531 0.417188 0.952734 0.417188
0 0.975781 0.441146 0.992969 0.441146 0.992969 0.470312 0.975781 0.470312
0 0.950781 0.466667 0.974609 0.466667 0.974609 0.489583 0.950781 0.489583
0 0.979688 0.499479 0.999609 0.499479 0.999609 0.520312 0.979688 0.520312
0 0.942578 0.511458 0.970312 0.511458 0.970312 0.528125 0.942578 0.528125
0 0.936719 0.544792 0.954297 0.544792 0.954297 0.572396 0.936719 0.572396
0 0.9375 0.595312 0.964453 0.595312 0.964453 0.61875 0.9375 0.61875
0 0.985156 0.634896 0.999609 0.634896 0.999609 0.670312 0.985156 0.670312
0 0.985547 0.702083 0.999609 0.702083 0.999609 0.728125 0.985547 0.728125
0 0.954297 0.755208 0.972656 0.755208 0.972656 0.783854 0.954297 0.783854
0 0.228516 0.153125 0.246484 0.153125 0.246484 0.178125 0.228516 0.178125
0 0.279688 0.166667 0.298828 0.166667 0.298828 0.186458 0.279688 0.186458
0 0.322656 0.161979 0.344531 0.161979 0.344531 0.186979 0.322656 0.186979
0 0.305469 0.197917 0.319922 0.197917 0.319922 0.227083 0.305469 0.227083
0 0.242188 0.195833 0.258203 0.195833 0.258203 0.230208 0.242188 0.230208
0 0.321094 0.238021 0.339062 0.238021 0.339062 0.261979 0.321094 0.261979
0 0.354688 0.225 0.372656 0.225 0.372656 0.252604 0.354688 0.252604
0 0.34375 0.132292 0.367969 0.132292 0.367969 0.153125 0.34375 0.153125
0 0.394922 0.18125 0.421484 0.18125 0.421484 0.206771 0.394922 0.206771
0 0.429688 0.196354 0.45625 0.196354 0.45625 0.222396 0.429688 0.222396
0 0.378906 0.213542 0.396094 0.213542 0.396094 0.233854 0.378906 0.233854
0 0.395312 0.236458 0.419531 0.236458 0.419531 0.254167 0.395312 0.254167
0 0.428906 0.253125 0.443359 0.253125 0.443359 0.286979 0.428906 0.286979
0 0.450781 0.265104 0.46875 0.265104 0.46875 0.290104 0.450781 0.290104
0 0.471875 0.243229 0.488672 0.243229 0.488672 0.266667 0.471875 0.266667
0 0.499219 0.263542 0.516016 0.263542 0.516016 0.295312 0.499219 0.295312
0 0.54375 0.278646 0.56875 0.278646 0.56875 0.300521 0.54375 0.300521
0 0.532031 0.305729 0.555078 0.305729 0.555078 0.328125 0.532031 0.328125
0 0.578125 0.313542 0.596484 0.313542 0.596484 0.339062 0.578125 0.339062
0 0.583203 0.273438 0.608203 0.273438 0.608203 0.297396 0.583203 0.297396
0 0.617969 0.24375 0.639844 0.24375 0.639844 0.265625 0.617969 0.265625
0 0.659375 0.2375 0.676953 0.2375 0.676953 0.258333 0.659375 0.258333
0 0.632031 0.274479 0.653516 0.274479 0.653516 0.294271 0.632031 0.294271
0 0.690234 0.278125 0.712891 0.278125 0.712891 0.303125 0.690234 0.303125
0 0.766406 0.261979 0.790234 0.261979 0.790234 0.283854 0.766406 0.283854
0 0.785547 0.290104 0.8 0.290104 0.8 0.319271 0.785547 0.319271
0 0.808594 0.334896 0.824219 0.334896 0.824219 0.364583 0.808594 0.364583
0 0.766797 0.331771 0.785547 0.331771 0.785547 0.355729 0.766797 0.355729
0 0.742188 0.341146 0.759766 0.341146 0.759766 0.371875 0.742188 0.371875
0 0.731641 0.299479 0.747656 0.299479 0.747656 0.326562 0.731641 0.326562
0 0.892578 0.269271 0.912891 0.269271 0.912891 0.299479 0.892578 0.299479
0 0.309766 0.285417 0.329688 0.285417 0.329688 0.305208 0.309766 0.305208
0 0.355078 0.279167 0.374609 0.279167 0.374609 0.303125 0.355078 0.303125
0 0.277734 0.30625 0.294531 0.30625 0.294531 0.332292 0.277734 0.332292
0 0.264062 0.264062 0.284375 0.264062 0.284375 0.290625 0.264062 0.290625
0 0.259766 0.338021 0.277734 0.338021 0.277734 0.363542 0.259766 0.363542
0 0.28125 0.367188 0.296094 0.367188 0.296094 0.396875 0.28125 0.396875
0 0.243359 0.363542 0.260547 0.363542 0.260547 0.395312 0.243359 0.395312
0 0.306641 0.353125 0.325391 0.353125 0.325391 0.378125 0.306641 0.378125
0 0.355078 0.35625 0.369922 0.35625 0.369922 0.379688 0.355078 0.379688
0 0.368359 0.329688 0.387109 0.329688 0.387109 0.354688 0.368359 0.354688
0 0.389062 0.286458 0.405859 0.286458 0.405859 0.316667 0.389062 0.316667
0 0.407422 0.321354 0.424219 0.321354 0.424219 0.342188 0.407422 0.342188
0 0.434375 0.311979 0.453906 0.311979 0.453906 0.334375 0.434375 0.334375
0 0.421094 0.350521 0.441797 0.350521 0.441797 0.371875 0.421094 0.371875
0 0.460938 0.329167 0.476953 0.329167 0.476953 0.357292 0.460938 0.357292
0 0.441016 0.389062 0.462109 0.389062 0.462109 0.413542 0.441016 0.413542
0 0.398438 0.380208 0.421484 0.380208 0.421484 0.413542 0.398438 0.413542
0 0.169531 0.428125 0.185547 0.428125 0.185547 0.451042 0.169531 0.451042
0 0.185938 0.463021 0.203906 0.463021 0.203906 0.485938 0.185938 0.485938
0 0.218359 0.430729 0.233984 0.430729 0.233984 0.460417 0.218359 0.460417
0 0.258594 0.433333 0.276172 0.433333 0.276172 0.4625 0.258594 0.4625
0 0.241406 0.457812 0.260156 0.457812 0.260156 0.485417 0.241406 0.485417
0 0.267578 0.489062 0.284766 0.489062 0.284766 0.518229 0.267578 0.518229
0 0.219531 0.501562 0.2375 0.501562 0.2375 0.527604 0.219531 0.527604
0 0.180859 0.513021 0.199609 0.513021 0.199609 0.534375 0.180859 0.534375
0 0.215625 0.53125 0.232422 0.53125 0.232422 0.553646 0.215625 0.553646
0 0.297656 0.404688 0.317188 0.404688 0.317188 0.430729 0.297656 0.430729
0 0.331641 0.401042 0.349609 0.401042 0.349609 0.424479 0.331641 0.424479
0 0.347656 0.428646 0.371875 0.428646 0.371875 0.453646 0.347656 0.453646
0 0.369141 0.405729 0.386719 0.405729 0.386719 0.432812 0.369141 0.432812
0 0.310156 0.448958 0.327734 0.448958 0.327734 0.472396 0.310156 0.472396
0 0.330469 0.46875 0.346484 0.46875 0.346484 0.494271 0.330469 0.494271
0 0.353906 0.465104 0.371484 0.465104 0.371484 0.489062 0.353906 0.489062
0 0.38125 0.461979 0.397656 0.461979 0.397656 0.486979 0.38125 0.486979
0 0.413281 0.484896 0.428125 0.484896 0.428125 0.513021 0.413281 0.513021
0 0.369531 0.5 0.384766 0.5 0.384766 0.530208 0.369531 0.530208
0 0.441406 0.458333 0.457812 0.458333 0.457812 0.484375 0.441406 0.484375
0 0.476172 0.477604 0.498828 0.477604 0.498828 0.508854 0.476172 0.508854
0 0.515625 0.514583 0.532422 0.514583 0.532422 0.534375 0.515625 0.534375
0 0.528906 0.457292 0.554688 0.457292 0.554688 0.478646 0.528906 0.478646
0 0.542969 0.339062 0.563281 0.339062 0.563281 0.358333 0.542969 0.358333
0 0.567578 0.365104 0.591406 0.365104 0.591406 0.383333 0.567578 0.383333
0 0.527344 0.361979 0.549609 0.361979 0.549609 0.385938 0.527344 0.385938
0 0.550781 0.402083 0.575391 0.402083 0.575391 0.425 0.550781 0.425
0 0.586719 0.404688 0.609375 0.404688 0.609375 0.425 0.586719 0.425
0 0.575781 0.441667 0.598047 0.441667 0.598047 0.463021 0.575781 0.463021
0 0.608984 0.316667 0.623828 0.316667 0.623828 0.353646 0.608984 0.353646
0 0.621875 0.375 0.638672 0.375 0.638672 0.399479 0.621875 0.399479
0 0.648438 0.378125 0.66875 0.378125 0.66875 0.401562 0.648438 0.401562
0 0.639062 0.413021 0.655859 0.413021 0.655859 0.433854 0.639062 0.433854
0 0.646094 0.315625 0.660547 0.315625 0.660547 0.344792 0.646094 0.344792
0 0.674219 0.325521 0.695703 0.325521 0.695703 0.344271 0.674219 0.344271
0 0.715625 0.391667 0.739062 0.391667 0.739062 0.414583 0.715625 0.414583
0 0.764062 0.369271 0.7875 0.369271 0.7875 0.393229 0.764062 0.393229
0 0.805469 0.383854 0.826953 0.383854 0.826953 0.404688 0.805469 0.404688
0 0.576562 0.501562 0.599609 0.501562 0.599609 0.522396 0.576562 0.522396
0 0.621875 0.494792 0.646875 0.494792 0.646875 0.519271 0.621875 0.519271
0 0.613672 0.452604 0.633984 0.452604 0.633984 0.477604 0.613672 0.477604
0 0.657031 0.477083 0.680859 0.477083 0.680859 0.499479 0.657031 0.499479
0 0.683984 0.521354 0.703906 0.521354 0.703906 0.549479 0.683984 0.549479
0 0.546875 0.525 0.563281 0.525 0.563281 0.545833 0.546875 0.545833
0 0.570312 0.540104 0.589844 0.540104 0.589844 0.559375 0.570312 0.559375
0 0.833594 0.420833 0.846094 0.420833 0.846094 0.444792 0.833594 0.444792
0 0.834375 0.451042 0.850391 0.451042 0.850391 0.46875 0.834375 0.46875
0 0.821094 0.461458 0.836328 0.461458 0.836328 0.479167 0.821094 0.479167
0 0.791797 0.445312 0.814453 0.445312 0.814453 0.467188 0.791797 0.467188
0 0.738281 0.428125 0.762109 0.428125 0.762109 0.452604 0.738281 0.452604
0 0.742188 0.469271 0.766406 0.469271 0.766406 0.489583 0.742188 0.489583
0 0.766406 0.514583 0.789453 0.514583 0.789453 0.539062 0.766406 0.539062
0 0.816406 0.5 0.832422 0.5 0.832422 0.527083 0.816406 0.527083
0 0.730859 0.501042 0.746484 0.501042 0.746484 0.533333 0.730859 0.533333
0 0.113672 0.688542 0.130078 0.688542 0.130078 0.71875 0.113672 0.71875
0 0.138281 0.675 0.161719 0.675 0.161719 0.695312 0.138281 0.695312
0 0.148438 0.723958 0.169531 0.723958 0.169531 0.741667 0.148438 0.741667
0 0.182812 0.691667 0.199609 0.691667 0.199609 0.725 0.182812 0.725
0 0.209375 0.661458 0.228906 0.661458 0.228906 0.689062 0.209375 0.689062
0 0.216016 0.718229 0.237891 0.718229 0.237891 0.744792 0.216016 0.744792
0 0.187891 0.763021 0.208594 0.763021 0.208594 0.785938 0.187891 0.785938
0 0.247656 0.666146 0.265234 0.666146 0.265234 0.701042 0.247656 0.701042
0 0.282812 0.677083 0.300391 0.677083 0.300391 0.705208 0.282812 0.705208
0 0.306641 0.7 0.325 0.7 0.325 0.726042 0.306641 0.726042
0 0.348047 0.603646 0.373828 0.603646 0.373828 0.630729 0.348047 0.630729
0 0.34375 0.71875 0.360156 0.71875 0.360156 0.745312 0.34375 0.745312
0 0.327344 0.697917 0.342969 0.697917 0.342969 0.716667 0.327344 0.716667
0 0.498828 0.589583 0.515234 0.589583 0.515234 0.609375 0.498828 0.609375
0 0.471094 0.60625 0.491016 0.60625 0.491016 0.627083 0.471094 0.627083
0 0.494922 0.623958 0.510938 0.623958 0.510938 0.648438 0.494922 0.648438
0 0.525781 0.63125 0.542578 0.63125 0.542578 0.653646 0.525781 0.653646
0 0.552734 0.622396 0.575391 0.622396 0.575391 0.64375 0.552734 0.64375
0 0.432812 0.666667 0.449219 0.666667 0.449219 0.688542 0.432812 0.688542
0 0.453906 0.661458 0.476562 0.661458 0.476562 0.681771 0.453906 0.681771
0 0.476953 0.702083 0.500391 0.702083 0.500391 0.729167 0.476953 0.729167
0 0.510156 0.678125 0.528906 0.678125 0.528906 0.699479 0.510156 0.699479
0 0.614062 0.601562 0.635156 0.601562 0.635156 0.622917 0.614062 0.622917
0 0.658984 0.628125 0.679297 0.628125 0.679297 0.647917 0.658984 0.647917
0 0.791016 0.581771 0.804297 0.581771 0.804297 0.606771 0.791016 0.606771
0 0.766406 0.551042 0.785156 0.551042 0.785156 0.565625 0.766406 0.565625
0 0.762109 0.580729 0.779688 0.580729 0.779688 0.600521 0.762109 0.600521
0 0.733203 0.623438 0.75625 0.623438 0.75625 0.643229 0.733203 0.643229
0 0.703516 0.665104 0.722656 0.665104 0.722656 0.690104 0.703516 0.690104
0 0.730469 0.668229 0.746875 0.668229 0.746875 0.695312 0.730469 0.695312
0 0.707422 0.721875 0.731641 0.721875 0.731641 0.744271 0.707422 0.744271
0 0.661719 0.678125 0.682812 0.678125 0.682812 0.704688 0.661719 0.704688
0 0.660938 0.715625 0.686719 0.715625 0.686719 0.739583 0.660938 0.739583
0 0.633984 0.695312 0.650391 0.695312 0.650391 0.721354 0.633984 0.721354
0 0.702344 0.767708 0.722266 0.767708 0.722266 0.791667 0.702344 0.791667
0 0.729297 0.78125 0.750391 0.78125 0.750391 0.800521 0.729297 0.800521
0 0.755469 0.755208 0.768359 0.755208 0.768359 0.782292 0.755469 0.782292
0 0.101953 0.792708 0.119141 0.792708 0.119141 0.811979 0.101953 0.811979
0 0.132031 0.797917 0.158594 0.797917 0.158594 0.817188 0.132031 0.817188
0 0.127344 0.829167 0.15 0.829167 0.15 0.850521 0.127344 0.850521
0 0.1 0.817708 0.119141 0.817708 0.119141 0.838542 0.1 0.838542
0 0.139453 0.865625 0.164844 0.865625 0.164844 0.8875 0.139453 0.8875
0 0.179297 0.849479 0.201953 0.849479 0.201953 0.876562 0.179297 0.876562
0 0.197656 0.810417 0.222656 0.810417 0.222656 0.83125 0.197656 0.83125
0 0.164844 0.80625 0.189062 0.80625 0.189062 0.821875 0.164844 0.821875
0 0.237109 0.783333 0.260156 0.783333 0.260156 0.809896 0.237109 0.809896
0 0.297266 0.754688 0.319531 0.754688 0.319531 0.775521 0.297266 0.775521
0 0.334375 0.765104 0.353906 0.765104 0.353906 0.788542 0.334375 0.788542
0 0.367578 0.780729 0.383984 0.780729 0.383984 0.809375 0.367578 0.809375
0 0.383984 0.816146 0.398438 0.816146 0.398438 0.846354 0.383984 0.846354
0 0.348438 0.829688 0.370703 0.829688 0.370703 0.852604 0.348438 0.852604
0 0.321484 0.848438 0.339062 0.848438 0.339062 0.874479 0.321484 0.874479
0 0.252344 0.851562 0.273438 0.851562 0.273438 0.883333 0.252344 0.883333
0 0.287109 0.805729 0.314453 0.805729 0.314453 0.826042 0.287109 0.826042
0 0.174219 0.935417 0.191406 0.935417 0.191406 0.955729 0.174219 0.955729
0 0.221875 0.923438 0.2375 0.923438 0.2375 0.952083 0.221875 0.952083
0 0.246484 0.920833 0.260547 0.920833 0.260547 0.955208 0.246484 0.955208
0 0.196484 0.878125 0.222656 0.878125 0.222656 0.903125 0.196484 0.903125
0 0.292188 0.89375 0.316406 0.89375 0.316406 0.922396 0.292188 0.922396
0 0.321875 0.925521 0.339062 0.925521 0.339062 0.954688 0.321875 0.954688
0 0.340234 0.896354 0.357812 0.896354 0.357812 0.923438 0.340234 0.923438
0 0.375391 0.893229 0.39375 0.893229 0.39375 0.913021 0.375391 0.913021
0 0.386719 0.935938 0.404297 0.935938 0.404297 0.957292 0.386719 0.957292
0 0.355859 0.963021 0.379297 0.963021 0.379297 0.980208 0.355859 0.980208
0 0.298438 0.974479 0.325 0.974479 0.325 0.993229 0.298438 0.993229
0 0.415625 0.972917 0.440234 0.972917 0.440234 0.999479 0.415625 0.999479
0 0.419531 0.839583 0.432031 0.839583 0.432031 0.864062 0.419531 0.864062
0 0.452344 0.8125 0.467969 0.8125 0.467969 0.839583 0.452344 0.839583
0 0.452734 0.771354 0.475781 0.771354 0.475781 0.796354 0.452734 0.796354
0 0.480078 0.783333 0.497656 0.783333 0.497656 0.80625 0.480078 0.80625
0 0.416016 0.789583 0.432031 0.789583 0.432031 0.818229 0.416016 0.818229
0 0.492969 0.836458 0.507422 0.836458 0.507422 0.855729 0.492969 0.855729
0 0.5125 0.804167 0.533203 0.804167 0.533203 0.826042 0.5125 0.826042
0 0.505469 0.761979 0.526953 0.761979 0.526953 0.783333 0.505469 0.783333
0 0.553125 0.772396 0.576953 0.772396 0.576953 0.789583 0.553125 0.789583
0 0.520312 0.872917 0.537891 0.872917 0.537891 0.890104 0.520312 0.890104
0 0.478906 0.894792 0.492969 0.894792 0.492969 0.913021 0.478906 0.913021
0 0.471094 0.739062 0.492578 0.739062 0.492578 0.760417 0.471094 0.760417
0 0.539062 0.705208 0.557031 0.705208 0.557031 0.725 0.539062 0.725
0 0.552344 0.730208 0.575391 0.730208 0.575391 0.751562 0.552344 0.751562
0 0.576562 0.702604 0.594141 0.702604 0.594141 0.728125 0.576562 0.728125
0 0.599609 0.740625 0.624609 0.740625 0.624609 0.765104 0.599609 0.765104
0 0.500391 0.959375 0.526953 0.959375 0.526953 0.979167 0.500391 0.979167
0 0.536719 0.920833 0.554688 0.920833 0.554688 0.945312 0.536719 0.945312
0 0.569531 0.913542 0.588672 0.913542 0.588672 0.936458 0.569531 0.936458
0 0.598047 0.903646 0.616016 0.903646 0.616016 0.928646 0.598047 0.928646
0 0.615234 0.94375 0.643359 0.94375 0.643359 0.969792 0.615234 0.969792
0 0.568359 0.968229 0.585156 0.968229 0.585156 0.990104 0.568359 0.990104
0 0.559375 0.858333 0.582422 0.858333 0.582422 0.880208 0.559375 0.880208
0 0.597656 0.867188 0.620703 0.867188 0.620703 0.888021 0.597656 0.888021
0 0.542969 0.822396 0.564844 0.822396 0.564844 0.842708 0.542969 0.842708
0 0.594141 0.778646 0.614453 0.778646 0.614453 0.797396 0.594141 0.797396
0 0.612109 0.814062 0.632812 0.814062 0.632812 0.831771 0.612109 0.831771
0 0.643359 0.790625 0.667188 0.790625 0.667188 0.814583 0.643359 0.814583
0 0.684375 0.795312 0.703516 0.795312 0.703516 0.81875 0.684375 0.81875
0 0.723438 0.822917 0.747266 0.822917 0.747266 0.842188 0.723438 0.842188
0 0.676172 0.851042 0.696484 0.851042 0.696484 0.871354 0.676172 0.871354
0 0.701562 0.871354 0.722656 0.871354 0.722656 0.891146 0.701562 0.891146
0 0.662109 0.883333 0.684766 0.883333 0.684766 0.903646 0.662109 0.903646
0 0.638672 0.857812 0.655469 0.857812 0.655469 0.883333 0.638672 0.883333