0 0.031641 0.005729 0.055078 0.005729 0.055078 0.041146 0.031641 0.041146
0 0.090234 0.024479 0.117578 0.024479 0.117578 0.051042 0.090234 0.051042
0 0.041406 0.068229 0.067188 0.068229 0.067188 0.093229 0.041406 0.093229
0 0.076562 0.094792 0.098438 0.094792 0.098438 0.120312 0.076562 0.120312
0 0.026953 0.14375 0.048828 0.14375 0.048828 0.180208 0.026953 0.180208
0 0.052734 0.161458 0.072266 0.161458 0.072266 0.191667 0.052734 0.191667
0 0.036328 0.209375 0.055078 0.209375 0.055078 0.241146 0.036328 0.241146
0 0.075 0.188542 0.100391 0.188542 0.100391 0.215625 0.075 0.215625
0 0.088281 0.132292 0.107031 0.132292 0.107031 0.160417 0.088281 0.160417
0 0.121484 0.136458 0.139844 0.136458 0.139844 0.163021 0.121484 0.163021
0 0.134766 0.093229 0.155078 0.093229 0.155078 0.113542 0.134766 0.113542
0 0.123438 0.054167 0.138672 0.054167 0.138672 0.081771 0.123438 0.081771
0 0.155469 0.054688 0.176562 0.054688 0.176562 0.074479 0.155469 0.074479
0 0.158984 0.00625 0.181641 0.00625 0.181641 0.027604 0.158984 0.027604
0 0.198438 0.134896 0.221484 0.134896 0.221484 0.158333 0.198438 0.158333
0 0.184375 0.172396 0.204688 0.172396 0.204688 0.203125 0.184375 0.203125
0 0.161328 0.186979 0.182031 0.186979 0.182031 0.209375 0.161328 0.209375
0 0.15625 0.227083 0.176562 0.227083 0.176562 0.245312 0.15625 0.245312
0 0.173438 0.25 0.194141 0.25 0.194141 0.273958 0.173438 0.273958
0 0.197266 0.225 0.217969 0.225 0.217969 0.254167 0.197266 0.254167
0 0.219141 0.166667 0.237891 0.166667 0.237891 0.198438 0.219141 0.198438
0 0.238281 0.209375 0.259375 0.209375 0.259375 0.235938 0.238281 0.235938
0 0.271875 0.144271 0.296484 0.144271 0.296484 0.169271 0.271875 0.169271
0 0.278516 0.202604 0.297266 0.202604 0.297266 0.229688 0.278516 0.229688
0 0.251563 0.271354 0.276172 0.271354 0.276172 0.295833 0.251563 0.295833
0 0.285938 0.270312 0.309766 0.270312 0.309766 0.292708 0.285938 0.292708
0 0.239844 0.295312 0.259375 0.295312 0.259375 0.323958 0.239844 0.323958
0 0.160156 0.307812 0.185938 0.307812 0.185938 0.327083 0.160156 0.327083
0 0.116406 0.289583 0.138281 0.289583 0.138281 0.313542 0.116406 0.313542
0 0.06875 0.321354 0.092578 0.321354 0.092578 0.339583 0.06875 0.339583
0 0.100391 0.34375 0.122266 0.34375 0.122266 0.366146 0.100391 0.366146
0 0.24375 0.078646 0.2625 0.078646 0.2625 0.107812 0.24375 0.107812
0 0.270703 0.05625 0.285547 0.05625 0.285547 0.081771 0.270703 0.081771
0 0.260938 0.102083 0.2875 0.102083 0.2875 0.127083 0.260938 0.127083
0 0.3125 0.111458 0.334375 0.111458 0.334375 0.135938 0.3125 0.135938
0 0.313672 0.052083 0.332422 0.052083 0.332422 0.083854 0.313672 0.083854
0 0.299609 0.030208 0.322266 0.030208 0.322266 0.052604 0.299609 0.052604
0 0.364844 0.091667 0.385156 0.091667 0.385156 0.121875 0.364844 0.121875
0 0.317969 0.171354 0.345703 0.171354 0.345703 0.197396 0.317969 0.197396
0 0.316016 0.208333 0.337109 0.208333 0.337109 0.234375 0.316016 0.234375
0 0.367969 0.167708 0.391797 0.167708 0.391797 0.192188 0.367969 0.192188
0 0.401953 0.2 0.422266 0.2 0.422266 0.232292 0.401953 0.232292
0 0.373047 0.219271 0.394141 0.219271 0.394141 0.241667 0.373047 0.241667
0 0.403125 0.249479 0.423047 0.249479 0.423047 0.278125 0.403125 0.278125
0 0.371094 0.276562 0.389453 0.276562 0.389453 0.302083 0.371094 0.302083
0 0.323438 0.283333 0.346875 0.283333 0.346875 0.309375 0.323438 0.309375
0 0.348438 0.308333 0.373828 0.308333 0.373828 0.33125 0.348438 0.33125
0 0.310547 0.323958 0.330469 0.323958 0.330469 0.344792 0.310547 0.344792
0 0.257812 0.376562 0.283203 0.376562 0.283203 0.402083 0.257812 0.402083
0 0.307812 0.363021 0.333203 0.363021 0.333203 0.390625 0.307812 0.390625
0 0.208984 0.343229 0.232812 0.343229 0.232812 0.364583 0.208984 0.364583
0 0.176953 0.367188 0.200781 0.367188 0.200781 0.386458 0.176953 0.386458
0 0.1875 0.414062 0.210938 0.414062 0.210938 0.433854 0.1875 0.433854
0 0.353516 0.38125 0.376562 0.38125 0.376562 0.407292 0.353516 0.407292
0 0.385156 0.404688 0.405469 0.404688 0.405469 0.435417 0.385156 0.435417
0 0.357422 0.422917 0.375781 0.422917 0.375781 0.444271 0.357422 0.444271
0 0.376953 0.442708 0.396875 0.442708 0.396875 0.464583 0.376953 0.464583
0 0.420312 0.41875 0.436719 0.41875 0.436719 0.448438 0.420312 0.448438
0 0.283984 0.428125 0.303906 0.428125 0.303906 0.454688 0.283984 0.454688
0 0.451562 0.473958 0.472266 0.473958 0.472266 0.513021 0.451562 0.513021
0 0.486328 0.413021 0.507812 0.413021 0.507812 0.447396 0.486328 0.447396
0 0.496875 0.460417 0.51875 0.460417 0.51875 0.492188 0.496875 0.492188
0 0.526172 0.459375 0.546875 0.459375 0.546875 0.491146 0.526172 0.491146
0 0.526172 0.409896 0.554688 0.409896 0.554688 0.434375 0.526172 0.434375
0 0.508203 0.343229 0.528906 0.343229 0.528906 0.373958 0.508203 0.373958
0 0.544922 0.333854 0.576172 0.333854 0.576172 0.361979 0.544922 0.361979
0 0.523438 0.288542 0.546094 0.288542 0.546094 0.314583 0.523438 0.314583
0 0.491797 0.240625 0.514844 0.240625 0.514844 0.2625 0.491797 0.2625
0 0.556641 0.290104 0.582812 0.290104 0.582812 0.317708 0.556641 0.317708
0 0.505859 0.197396 0.527344 0.197396 0.527344 0.221875 0.505859 0.221875
0 0.519922 0.222396 0.543359 0.222396 0.543359 0.245312 0.519922 0.245312
0 0.567578 0.244271 0.595312 0.244271 0.595312 0.267188 0.567578 0.267188
0 0.595312 0.2 0.619531 0.2 0.619531 0.222396 0.595312 0.222396
0 0.617969 0.236979 0.641797 0.236979 0.641797 0.264062 0.617969 0.264062
0 0.648828 0.275 0.671875 0.275 0.671875 0.302083 0.648828 0.302083
0 0.619141 0.295833 0.635547 0.295833 0.635547 0.319792 0.619141 0.319792
0 0.583984 0.320833 0.603125 0.320833 0.603125 0.354167 0.583984 0.354167
0 0.397656 0.0 0.416016 0.0 0.416016 0.020312 0.397656 0.020312
0 0.430859 0.001562 0.451562 0.001562 0.451562 0.029167 0.430859 0.029167
0 0.417188 0.044271 0.439453 0.044271 0.439453 0.072917 0.417188 0.072917
0 0.453906 0.065104 0.475781 0.065104 0.475781 0.091146 0.453906 0.091146
0 0.426172 0.090104 0.448438 0.090104 0.448438 0.11875 0.426172 0.11875
0 0.460156 0.114583 0.480469 0.114583 0.480469 0.146354 0.460156 0.146354
0 0.489844 0.1125 0.508203 0.1125 0.508203 0.140625 0.489844 0.140625
0 0.507812 0.088021 0.524609 0.088021 0.524609 0.111979 0.507812 0.111979
0 0.479297 0.04375 0.496094 0.04375 0.496094 0.073438 0.479297 0.073438
0 0.528516 0.033854 0.544141 0.033854 0.544141 0.066146 0.528516 0.066146
0 0.569922 0.04375 0.593359 0.04375 0.593359 0.076562 0.569922 0.076562
0 0.537109 0.103646 0.55625 0.103646 0.55625 0.132292 0.537109 0.132292
0 0.573438 0.107292 0.594141 0.107292 0.594141 0.134896 0.573438 0.134896
0 0.554688 0.140625 0.578516 0.140625 0.578516 0.165104 0.554688 0.165104
0 0.603125 0.0875 0.622266 0.0875 0.622266 0.113542 0.603125 0.113542
0 0.641797 0.029688 0.665234 0.029688 0.665234 0.05625 0.641797 0.05625
0 0.637891 0.085938 0.657812 0.085938 0.657812 0.110938 0.637891 0.110938
0 0.680469 0.055208 0.704688 0.055208 0.704688 0.080208 0.680469 0.080208
0 0.648047 0.120833 0.669922 0.120833 0.669922 0.148438 0.648047 0.148438
0 0.661719 0.166146 0.681641 0.166146 0.681641 0.191146 0.661719 0.191146
0 0.692578 0.155729 0.717578 0.155729 0.717578 0.179688 0.692578 0.179688
0 0.708203 0.0 0.731641 0.0 0.731641 0.016146 0.708203 0.016146
0 0.7625 0.0 0.782031 0.0 0.782031 0.030208 0.7625 0.030208
0 0.757812 0.064062 0.783984 0.064062 0.783984 0.09375 0.757812 0.09375
0 0.736719 0.09375 0.756641 0.09375 0.756641 0.1125 0.736719 0.1125
0 0.744531 0.114583 0.769922 0.114583 0.769922 0.135417 0.744531 0.135417
0 0.730469 0.144792 0.757812 0.144792 0.757812 0.167188 0.730469 0.167188
0 0.736719 0.183333 0.759375 0.183333 0.759375 0.206771 0.736719 0.206771
0 0.763672 0.200521 0.785547 0.200521 0.785547 0.225 0.763672 0.225
0 0.758594 0.2375 0.784766 0.2375 0.784766 0.265625 0.758594 0.265625
0 0.708984 0.217708 0.734375 0.217708 0.734375 0.242708 0.708984 0.242708
0 0.657422 0.218229 0.683203 0.218229 0.683203 0.242708 0.657422 0.242708
0 0.697656 0.250521 0.723438 0.250521 0.723438 0.275521 0.697656 0.275521
0 0.725781 0.297917 0.750391 0.297917 0.750391 0.318229 0.725781 0.318229
0 0.714844 0.318229 0.733203 0.318229 0.733203 0.342708 0.714844 0.342708
0 0.725781 0.35 0.744922 0.35 0.744922 0.376562 0.725781 0.376562
0 0.669922 0.342708 0.696484 0.342708 0.696484 0.363021 0.669922 0.363021
0 0.682812 0.368229 0.704297 0.368229 0.704297 0.393229 0.682812 0.393229
0 0.609375 0.364583 0.627734 0.364583 0.627734 0.386458 0.609375 0.386458
0 0.635938 0.379167 0.655078 0.379167 0.655078 0.407292 0.635938 0.407292
0 0.583594 0.398438 0.601562 0.398438 0.601562 0.427604 0.583594 0.427604
0 0.796484 0.03125 0.812109 0.03125 0.812109 0.068229 0.796484 0.068229
0 0.802734 0.136458 0.829688 0.136458 0.829688 0.167188 0.802734 0.167188
0 0.869922 0.101042 0.892578 0.101042 0.892578 0.125 0.869922 0.125
0 0.898047 0.073958 0.917969 0.073958 0.917969 0.097917 0.898047 0.097917
0 0.828516 0.003125 0.848828 0.003125 0.848828 0.030729 0.828516 0.030729
0 0.894531 0.015104 0.912891 0.015104 0.912891 0.040104 0.894531 0.040104
0 0.908203 0.033854 0.928516 0.033854 0.928516 0.060938 0.908203 0.060938
0 0.941406 0.027083 0.967188 0.027083 0.967188 0.051562 0.941406 0.051562
0 0.934766 0.065104 0.955469 0.065104 0.955469 0.092708 0.934766 0.092708
0 0.955469 0.101562 0.979688 0.101562 0.979688 0.125521 0.955469 0.125521
0 0.899219 0.123438 0.925781 0.123438 0.925781 0.145833 0.899219 0.145833
0 0.944141 0.136979 0.967578 0.136979 0.967578 0.161979 0.944141 0.161979
0 0.870703 0.153125 0.896094 0.153125 0.896094 0.175521 0.870703 0.175521
0 0.879688 0.193229 0.902344 0.193229 0.902344 0.215104 0.879688 0.215104
0 0.914844 0.186458 0.935156 0.186458 0.935156 0.211979 0.914844 0.211979
0 0.944531 0.185417 0.965625 0.185417 0.965625 0.216146 0.944531 0.216146
0 0.977734 0.161979 0.996094 0.161979 0.996094 0.186979 0.977734 0.186979
0 0.852734 0.241146 0.874609 0.241146 0.874609 0.267188 0.852734 0.267188
0 0.889844 0.234896 0.913281 0.234896 0.913281 0.259375 0.889844 0.259375
0 0.926562 0.272917 0.953516 0.272917 0.953516 0.298438 0.926562 0.298438
0 0.899609 0.297396 0.916016 0.297396 0.916016 0.326042 0.899609 0.326042
0 0.848438 0.305729 0.867969 0.305729 0.867969 0.333333 0.848438 0.333333
0 0.926172 0.340625 0.946875 0.340625 0.946875 0.363021 0.926172 0.363021
0 0.9625 0.356771 0.989062 0.356771 0.989062 0.382292 0.9625 0.382292
0 0.941797 0.379167 0.961328 0.379167 0.961328 0.408854 0.941797 0.408854
0 0.970312 0.390625 0.993359 0.390625 0.993359 0.410938 0.970312 0.410938
0 0.962109 0.458854 0.9875 0.458854 0.9875 0.484375 0.962109 0.484375
0 0.927734 0.423438 0.948047 0.423438 0.948047 0.455729 0.927734 0.455729
0 0.976172 0.413021 0.999609 0.413021 0.999609 0.442708 0.976172 0.442708
0 0.940625 0.496354 0.966016 0.496354 0.966016 0.525521 0.940625 0.525521
0 0.903125 0.484896 0.925391 0.484896 0.925391 0.504687 0.903125 0.504687
0 0.894141 0.447917 0.912891 0.447917 0.912891 0.470312 0.894141 0.470312
0 0.869922 0.445833 0.888672 0.445833 0.888672 0.476042 0.869922 0.476042
0 0.846875 0.472917 0.865234 0.472917 0.865234 0.505729 0.846875 0.505729
0 0.825781 0.428125 0.844922 0.428125 0.844922 0.460417 0.825781 0.460417
0 0.806641 0.392188 0.822656 0.392188 0.822656 0.421875 0.806641 0.421875
0 0.866016 0.336458 0.885156 0.336458 0.885156 0.361458 0.866016 0.361458
0 0.739844 0.41875 0.758984 0.41875 0.758984 0.446354 0.739844 0.446354
0 0.773438 0.445312 0.789453 0.445312 0.789453 0.475 0.773438 0.475
0 0.80625 0.452083 0.824219 0.452083 0.824219 0.484375 0.80625 0.484375
0 0.706641 0.425 0.725 0.425 0.725 0.455208 0.706641 0.455208
0 0.746484 0.471354 0.765625 0.471354 0.765625 0.499479 0.746484 0.499479
0 0.710547 0.476562 0.737891 0.476562 0.737891 0.503125 0.710547 0.503125
0 0.657422 0.459375 0.675781 0.459375 0.675781 0.483333 0.657422 0.483333
0 0.768359 0.498438 0.787109 0.498438 0.787109 0.528646 0.768359 0.528646
0 0.823047 0.526562 0.844922 0.526562 0.844922 0.551562 0.823047 0.551562
0 0.1 0.250521 0.122656 0.250521 0.122656 0.272917 0.1 0.272917
0 0.079688 0.275 0.103125 0.275 0.103125 0.297396 0.079688 0.297396
0 0.002734 0.221354 0.025 0.221354 0.025 0.253125 0.002734 0.253125
0 0.144531 0.358854 0.169531 0.358854 0.169531 0.381771 0.144531 0.381771
0 0.129297 0.384896 0.155078 0.384896 0.155078 0.408854 0.129297 0.408854
0 0.079688 0.384896 0.108984 0.384896 0.108984 0.410417 0.079688 0.410417
0 0.069531 0.417708 0.096875 0.417708 0.096875 0.44375 0.069531 0.44375
0 0.046875 0.410938 0.068359 0.410938 0.068359 0.436979 0.046875 0.436979
0 0.037109 0.34375 0.058594 0.34375 0.058594 0.380208 0.037109 0.380208
0 0.032031 0.448438 0.060938 0.448438 0.060938 0.476042 0.032031 0.476042
0 0.077344 0.4625 0.101172 0.4625 0.101172 0.484375 0.077344 0.484375
0 0.132812 0.421875 0.164844 0.421875 0.164844 0.444271 0.132812 0.444271
0 0.145703 0.453646 0.173047 0.453646 0.173047 0.478646 0.145703 0.478646
0 0.214062 0.460938 0.238672 0.460938 0.238672 0.490104 0.214062 0.490104
0 0.255078 0.45 0.280078 0.45 0.280078 0.472396 0.255078 0.472396
0 0.303125 0.466667 0.323438 0.466667 0.323438 0.490104 0.303125 0.490104
0 0.341016 0.466667 0.369922 0.466667 0.369922 0.493229 0.341016 0.493229
0 0.380078 0.474479 0.408984 0.474479 0.408984 0.494792 0.380078 0.494792
0 0.383984 0.520312 0.404688 0.520312 0.404688 0.549479 0.383984 0.549479
0 0.335547 0.525 0.35625 0.525 0.35625 0.547396 0.335547 0.547396
0 0.318359 0.49375 0.341016 0.49375 0.341016 0.521875 0.318359 0.521875
0 0.280859 0.495833 0.297656 0.495833 0.297656 0.528125 0.280859 0.528125
0 0.241016 0.501562 0.267969 0.501562 0.267969 0.531771 0.241016 0.531771
0 0.192188 0.499479 0.217969 0.499479 0.217969 0.532812 0.192188 0.532812
0 0.155078 0.497396 0.176562 0.497396 0.176562 0.521354 0.155078 0.521354
0 0.111719 0.500521 0.139844 0.500521 0.139844 0.527083 0.111719 0.527083
0 0.078516 0.522917 0.098047 0.522917 0.098047 0.546875 0.078516 0.546875
0 0.135547 0.540104 0.160156 0.540104 0.160156 0.564583 0.135547 0.564583
0 0.10625 0.548438 0.128906 0.548438 0.128906 0.573438 0.10625 0.573438
0 0.107812 0.576042 0.130859 0.576042 0.130859 0.604167 0.107812 0.604167
0 0.153125 0.595312 0.177734 0.595312 0.177734 0.621875 0.153125 0.621875
0 0.196094 0.577083 0.215625 0.577083 0.215625 0.607812 0.196094 0.607812
0 0.223438 0.570312 0.248438 0.570312 0.248438 0.595312 0.223438 0.595312
0 0.21875 0.625521 0.235938 0.625521 0.235938 0.652604 0.21875 0.652604
0 0.242969 0.649479 0.267969 0.649479 0.267969 0.669271 0.242969 0.669271
0 0.275391 0.622396 0.299609 0.622396 0.299609 0.652083 0.275391 0.652083
0 0.296484 0.571354 0.315625 0.571354 0.315625 0.604167 0.296484 0.604167
0 0.322656 0.616146 0.348438 0.616146 0.348438 0.645833 0.322656 0.645833
0 0.355469 0.627083 0.372266 0.627083 0.372266 0.658333 0.355469 0.658333
0 0.354297 0.574479 0.371094 0.574479 0.371094 0.605729 0.354297 0.605729
0 0.377734 0.577604 0.397266 0.577604 0.397266 0.614583 0.377734 0.614583
0 0.423438 0.539583 0.441016 0.539583 0.441016 0.564583 0.423438 0.564583
0 0.426562 0.579167 0.446875 0.579167 0.446875 0.606771 0.426562 0.606771
0 0.579688 0.4625 0.603906 0.4625 0.603906 0.484375 0.579688 0.484375
0 0.531641 0.508854 0.552734 0.508854 0.552734 0.533333 0.531641 0.533333
0 0.705859 0.51875 0.724609 0.51875 0.724609 0.546354 0.705859 0.546354
0 0.732031 0.529167 0.753516 0.529167 0.753516 0.555208 0.732031 0.555208
0 0.671094 0.521875 0.692188 0.521875 0.692188 0.552083 0.671094 0.552083
0 0.652734 0.543229 0.671094 0.543229 0.671094 0.571354 0.652734 0.571354
0 0.625391 0.552083 0.647656 0.552083 0.647656 0.579688 0.625391 0.579688
0 0.603906 0.526562 0.625781 0.526562 0.625781 0.551042 0.603906 0.551042
0 0.596484 0.572396 0.621484 0.572396 0.621484 0.601562 0.596484 0.601562
0 0.548828 0.585417 0.576953 0.585417 0.576953 0.610417 0.548828 0.610417
0 0.570703 0.609896 0.592969 0.609896 0.592969 0.633333 0.570703 0.633333
0 0.639453 0.6 0.658984 0.6 0.658984 0.632292 0.639453 0.632292
0 0.666797 0.607292 0.683984 0.607292 0.683984 0.640625 0.666797 0.640625
0 0.694141 0.572917 0.721094 0.572917 0.721094 0.594271 0.694141 0.594271
0 0.760156 0.577083 0.789453 0.577083 0.789453 0.598958 0.760156 0.598958
0 0.738281 0.609896 0.754688 0.609896 0.754688 0.639583 0.738281 0.639583
0 0.763672 0.624479 0.780859 0.624479 0.780859 0.652083 0.763672 0.652083
0 0.953125 0.552604 0.973438 0.552604 0.973438 0.576042 0.953125 0.576042
0 0.885156 0.517188 0.907812 0.517188 0.907812 0.543229 0.885156 0.543229
0 0.899219 0.533333 0.921875 0.533333 0.921875 0.560938 0.899219 0.560938
0 0.863672 0.582812 0.883594 0.582812 0.883594 0.620833 0.863672 0.620833
0 0.847656 0.596875 0.867188 0.596875 0.867188 0.616667 0.847656 0.616667
0 0.824219 0.604688 0.843359 0.604688 0.843359 0.626042 0.824219 0.626042
0 0.983594 0.579167 0.999609 0.579167 0.999609 0.611979 0.983594 0.611979
0 0.987891 0.5375 0.999609 0.5375 0.999609 0.564062 0.987891 0.564062
0 0.933984 0.624479 0.961328 0.624479 0.961328 0.645833 0.933984 0.645833
0 0.876172 0.655729 0.897266 0.655729 0.897266 0.684375 0.876172 0.684375
0 0.928906 0.663542 0.951953 0.663542 0.951953 0.680729 0.928906 0.680729
0 0.9625 0.691146 0.982031 0.691146 0.982031 0.709896 0.9625 0.709896
0 0.946484 0.720312 0.971875 0.720312 0.971875 0.740104 0.946484 0.740104
0 0.908203 0.685938 0.926562 0.685938 0.926562 0.717188 0.908203 0.717188
0 0.852734 0.692188 0.873828 0.692188 0.873828 0.714583 0.852734 0.714583
0 0.859766 0.728646 0.885547 0.728646 0.885547 0.748958 0.859766 0.748958
0 0.901562 0.759375 0.91875 0.759375 0.91875 0.7875 0.901562 0.7875
0 0.939062 0.756771 0.960938 0.756771 0.960938 0.778125 0.939062 0.778125
0 0.942188 0.797396 0.957031 0.797396 0.957031 0.822917 0.942188 0.822917
0 0.976953 0.797396 0.994922 0.797396 0.994922 0.824479 0.976953 0.824479
0 0.528906 0.625 0.547266 0.625 0.547266 0.653125 0.528906 0.653125
0 0.459375 0.653125 0.479297 0.653125 0.479297 0.683333 0.459375 0.683333
0 0.499609 0.655208 0.521484 0.655208 0.521484 0.683333 0.499609 0.683333
0 0.535156 0.680729 0.555469 0.680729 0.555469 0.706771 0.535156 0.706771
0 0.588672 0.665625 0.607812 0.665625 0.607812 0.695312 0.588672 0.695312
0 0.621094 0.671875 0.638672 0.671875 0.638672 0.703125 0.621094 0.703125
0 0.648438 0.690625 0.667188 0.690625 0.667188 0.720312 0.648438 0.720312
0 0.669922 0.709375 0.689453 0.709375 0.689453 0.739583 0.669922 0.739583
0 0.692188 0.6625 0.709375 0.6625 0.709375 0.690104 0.692188 0.690104
0 0.728906 0.664583 0.75625 0.664583 0.75625 0.685417 0.728906 0.685417
0 0.783203 0.653646 0.809375 0.653646 0.809375 0.678646 0.783203 0.678646
0 0.798438 0.694271 0.818359 0.694271 0.818359 0.714062 0.798438 0.714062
0 0.786328 0.717188 0.807422 0.717188 0.807422 0.738021 0.786328 0.738021
0 0.760156 0.74375 0.78125 0.74375 0.78125 0.777604 0.760156 0.777604
0 0.718359 0.709375 0.742578 0.709375 0.742578 0.729167 0.718359 0.729167
0 0.713281 0.742188 0.735156 0.742188 0.735156 0.765104 0.713281 0.765104
0 0.728516 0.776562 0.747266 0.776562 0.747266 0.80625 0.728516 0.80625
0 0.821094 0.752083 0.837109 0.752083 0.837109 0.784896 0.821094 0.784896
0 0.861719 0.772917 0.878516 0.772917 0.878516 0.793229 0.861719 0.793229
0 0.942578 0.832812 0.961328 0.832812 0.961328 0.864583 0.942578 0.864583
0 0.913672 0.821875 0.929297 0.821875 0.929297 0.852083 0.913672 0.852083
0 0.866406 0.822917 0.885938 0.822917 0.885938 0.85 0.866406 0.85
0 0.875 0.873438 0.903516 0.873438 0.903516 0.905208 0.875 0.905208
0 0.870703 0.917188 0.8875 0.917188 0.8875 0.935938 0.870703 0.935938
0 0.85 0.897917 0.867188 0.897917 0.867188 0.931771 0.85 0.931771
0 0.826953 0.850521 0.848047 0.850521 0.848047 0.875 0.826953 0.875
0 0.807031 0.889583 0.835547 0.889583 0.835547 0.914062 0.807031 0.914062
0 0.798828 0.839062 0.817969 0.839062 0.817969 0.873958 0.798828 0.873958
0 0.790625 0.79375 0.812891 0.79375 0.812891 0.814583 0.790625 0.814583
0 0.757031 0.820833 0.773828 0.820833 0.773828 0.846875 0.757031 0.846875
0 0.763281 0.901562 0.783984 0.901562 0.783984 0.931771 0.763281 0.931771
0 0.736328 0.894271 0.755078 0.894271 0.755078 0.915104 0.736328 0.915104
0 0.730469 0.86875 0.750781 0.86875 0.750781 0.893229 0.730469 0.893229
0 0.713672 0.85 0.731641 0.85 0.731641 0.877604 0.713672 0.877604
0 0.694531 0.793229 0.712891 0.793229 0.712891 0.821875 0.694531 0.821875
0 0.665234 0.849479 0.685547 0.849479 0.685547 0.889583 0.665234 0.889583
0 0.654297 0.773958 0.669922 0.773958 0.669922 0.803646 0.654297 0.803646
0 0.606641 0.723958 0.625 0.723958 0.625 0.745312 0.606641 0.745312
0 0.632422 0.815625 0.65625 0.815625 0.65625 0.836979 0.632422 0.836979
0 0.621484 0.869271 0.647266 0.869271 0.647266 0.892188 0.621484 0.892188
0 0.605469 0.839583 0.623438 0.839583 0.623438 0.864062 0.605469 0.864062
0 0.578125 0.816667 0.595312 0.816667 0.595312 0.84375 0.578125 0.84375
0 0.582422 0.765104 0.600781 0.765104 0.600781 0.796875 0.582422 0.796875
0 0.551953 0.721354 0.579297 0.721354 0.579297 0.744271 0.551953 0.744271
0 0.311328 0.663542 0.330469 0.663542 0.330469 0.692708 0.311328 0.692708
0 0.284766 0.678646 0.302344 0.678646 0.302344 0.707812 0.284766 0.707812
0 0.322266 0.707812 0.348047 0.707812 0.348047 0.732812 0.322266 0.732812
0 0.444922 0.714062 0.463281 0.714062 0.463281 0.7375 0.444922 0.7375
0 0.492969 0.703646 0.514062 0.703646 0.514062 0.729688 0.492969 0.729688
0 0.492188 0.7375 0.517578 0.7375 0.517578 0.759375 0.492188 0.759375
0 0.525 0.78125 0.545703 0.78125 0.545703 0.80625 0.525 0.80625
0 0.558203 0.785938 0.579297 0.785938 0.579297 0.816146 0.558203 0.816146
0 0.551953 0.83125 0.575 0.83125 0.575 0.859896 0.551953 0.859896
0 0.530469 0.855208 0.552734 0.855208 0.552734 0.877083 0.530469 0.877083
0 0.491016 0.830729 0.519141 0.830729 0.519141 0.853646 0.491016 0.853646
0 0.475781 0.777604 0.505469 0.777604 0.505469 0.797396 0.475781 0.797396
0 0.442578 0.776042 0.466406 0.776042 0.466406 0.811979 0.442578 0.811979
0 0.416016 0.782812 0.442969 0.782812 0.442969 0.817708 0.416016 0.817708
0 0.024609 0.582812 0.049609 0.582812 0.049609 0.602604 0.024609 0.602604
0 0.037109 0.6125 0.059766 0.6125 0.059766 0.642708 0.037109 0.642708
0 0.069922 0.611458 0.095312 0.611458 0.095312 0.634375 0.069922 0.634375
0 0.059766 0.649479 0.088672 0.649479 0.088672 0.670833 0.059766 0.670833
0 0.110547 0.6625 0.134375 0.6625 0.134375 0.683854 0.110547 0.683854
0 0.139844 0.702083 0.163281 0.702083 0.163281 0.722917 0.139844 0.722917
0 0.079688 0.684375 0.103125 0.684375 0.103125 0.701042 0.079688 0.701042
0 0.097266 0.716146 0.119531 0.716146 0.119531 0.741146 0.097266 0.741146
0 0.128906 0.735417 0.157812 0.735417 0.157812 0.758333 0.128906 0.758333
0 0.085938 0.756771 0.105078 0.756771 0.105078 0.786979 0.085938 0.786979
0 0.116797 0.766667 0.140625 0.766667 0.140625 0.788021 0.116797 0.788021
0 0.155469 0.764583 0.179297 0.764583 0.179297 0.794271 0.155469 0.794271
0 0.010547 0.638021 0.029688 0.638021 0.029688 0.666667 0.010547 0.666667
0 0.042578 0.675 0.0625 0.675 0.0625 0.703646 0.042578 0.703646
0 0.067969 0.709375 0.088281 0.709375 0.088281 0.738542 0.067969 0.738542
0 0.034766 0.720312 0.060938 0.720312 0.060938 0.749479 0.034766 0.749479
0 0.004297 0.723438 0.024609 0.723438 0.024609 0.752604 0.004297 0.752604
0 0.049609 0.789062 0.078906 0.789062 0.078906 0.813542 0.049609 0.813542
0 0.014062 0.770833 0.035547 0.770833 0.035547 0.796354 0.014062 0.796354
0 0.125781 0.809896 0.148828 0.809896 0.148828 0.834896 0.125781 0.834896
0 0.167969 0.810417 0.187891 0.810417 0.187891 0.835417 0.167969 0.835417
0 0.199609 0.805208 0.21875 0.805208 0.21875 0.833333 0.199609 0.833333
0 0.020312 0.832812 0.039844 0.832812 0.039844 0.860417 0.020312 0.860417
0 0.019531 0.881771 0.041016 0.881771 0.041016 0.914062 0.019531 0.914062
0 0.047656 0.910417 0.077734 0.910417 0.077734 0.934375 0.047656 0.934375
0 0.088281 0.864583 0.112109 0.864583 0.112109 0.892188 0.088281 0.892188
0 0.126562 0.875 0.148438 0.875 0.148438 0.902083 0.126562 0.902083
0 0.160938 0.863021 0.183984 0.863021 0.183984 0.891146 0.160938 0.891146
0 0.191797 0.864062 0.209375 0.864062 0.209375 0.895312 0.191797 0.895312
0 0.156641 0.922917 0.177734 0.922917 0.177734 0.946875 0.156641 0.946875
0 0.101562 0.933854 0.123047 0.933854 0.123047 0.952083 0.101562 0.952083
0 0.125781 0.952604 0.143359 0.952604 0.143359 0.977604 0.125781 0.977604
0 0.159766 0.971875 0.180469 0.971875 0.180469 0.992188 0.159766 0.992188
0 0.221094 0.938542 0.238281 0.938542 0.238281 0.965104 0.221094 0.965104
0 0.096094 0.964062 0.117969 0.964062 0.117969 0.992188 0.096094 0.992188
0 0.053906 0.964062 0.076172 0.964062 0.076172 0.988021 0.053906 0.988021
0 0.335547 0.855729 0.354297 0.855729 0.354297 0.888021 0.335547 0.888021
0 0.366406 0.861979 0.386328 0.861979 0.386328 0.894271 0.366406 0.894271
0 0.2875 0.883854 0.305859 0.883854 0.305859 0.910417 0.2875 0.910417
0 0.251563 0.888542 0.269531 0.888542 0.269531 0.919271 0.251563 0.919271
0 0.272656 0.918229 0.291797 0.918229 0.291797 0.947396 0.272656 0.947396
0 0.314844 0.926042 0.335156 0.926042 0.335156 0.955208 0.314844 0.955208
0 0.345312 0.9 0.360547 0.9 0.360547 0.923438 0.345312 0.923438
0 0.369141 0.909375 0.387891 0.909375 0.387891 0.940625 0.369141 0.940625
0 0.396875 0.922917 0.414062 0.922917 0.414062 0.950521 0.396875 0.950521
0 0.402344 0.884375 0.420703 0.884375 0.420703 0.913542 0.402344 0.913542
0 0.438281 0.917708 0.458984 0.917708 0.458984 0.947917 0.438281 0.947917
0 0.566797 0.930208 0.591016 0.930208 0.591016 0.958854 0.566797 0.958854
0 0.539062 0.946354 0.568359 0.946354 0.568359 0.974479 0.539062 0.974479
0 0.516406 0.9625 0.537109 0.9625 0.537109 0.995312 0.516406 0.995312
0 0.459766 0.956771 0.477734 0.956771 0.477734 0.983333 0.459766 0.983333
0 0.434375 0.966146 0.450391 0.966146 0.450391 0.995833 0.434375 0.995833
0 0.345703 0.971875 0.367969 0.971875 0.367969 0.998438 0.345703 0.998438
0 0.265234 0.963542 0.291406 0.963542 0.291406 0.994271 0.265234 0.994271
0 0.233203 0.978125 0.252344 0.978125 0.252344 0.998438 0.233203 0.998438
0 0.631641 0.980729 0.6625 0.980729 0.6625 0.998438 0.631641 0.998438