0 0.298438 0.683333 0.316797 0.683333 0.316797 0.707812 0.298438 0.707812
0 0.322266 0.623958 0.339453 0.623958 0.339453 0.65625 0.322266 0.65625
0 0.285938 0.552604 0.304297 0.552604 0.304297 0.575521 0.285938 0.575521
0 0.210156 0.510417 0.225 0.510417 0.225 0.533333 0.210156 0.533333
0 0.246875 0.456771 0.260938 0.456771 0.260938 0.480729 0.246875 0.480729
0 0.271484 0.601562 0.286328 0.601562 0.286328 0.628125 0.271484 0.628125
0 0.354297 0.521354 0.36875 0.521354 0.36875 0.541667 0.354297 0.541667
0 0.367969 0.550521 0.385156 0.550521 0.385156 0.567188 0.367969 0.567188
0 0.366797 0.585417 0.381641 0.585417 0.381641 0.607812 0.366797 0.607812
0 0.328516 0.564062 0.343359 0.564062 0.343359 0.585938 0.328516 0.585938
0 0.401953 0.650521 0.418359 0.650521 0.418359 0.673438 0.401953 0.673438
0 0.391797 0.604167 0.408984 0.604167 0.408984 0.629688 0.391797 0.629688
0 0.2 0.686979 0.216797 0.686979 0.216797 0.703125 0.2 0.703125
0 0.228516 0.699479 0.246875 0.699479 0.246875 0.722396 0.228516 0.722396
0 0.266406 0.720312 0.283594 0.720312 0.283594 0.744271 0.266406 0.744271
0 0.146094 0.709896 0.161719 0.709896 0.161719 0.726042 0.146094 0.726042
0 0.355859 0.667708 0.376172 0.667708 0.376172 0.686458 0.355859 0.686458
0 0.344141 0.7125 0.358984 0.7125 0.358984 0.735417 0.344141 0.735417
0 0.398047 0.704167 0.412109 0.704167 0.412109 0.728125 0.398047 0.728125
0 0.474219 0.629167 0.485938 0.629167 0.485938 0.644271 0.474219 0.644271
0 0.455859 0.546875 0.474219 0.546875 0.474219 0.569271 0.455859 0.569271
0 0.491406 0.546354 0.508203 0.546354 0.508203 0.576562 0.491406 0.576562
0 0.528516 0.577083 0.541797 0.577083 0.541797 0.603646 0.528516 0.603646
0 0.552344 0.625 0.564062 0.625 0.564062 0.648438 0.552344 0.648438
0 0.505469 0.636458 0.523438 0.636458 0.523438 0.665104 0.505469 0.665104
0 0.492188 0.592708 0.507422 0.592708 0.507422 0.619792 0.492188 0.619792
0 0.503125 0.469792 0.519922 0.469792 0.519922 0.501042 0.503125 0.501042
0 0.540625 0.479688 0.555469 0.479688 0.555469 0.501042 0.540625 0.501042
0 0.479297 0.468229 0.495312 0.468229 0.495312 0.494271 0.479297 0.494271
0 0.133203 0.568229 0.151172 0.568229 0.151172 0.591146 0.133203 0.591146
0 0.162891 0.741667 0.182422 0.741667 0.182422 0.757812 0.162891 0.757812
0 0.237109 0.120833 0.253906 0.120833 0.253906 0.144271 0.237109 0.144271
0 0.275781 0.258854 0.295312 0.258854 0.295312 0.275 0.275781 0.275
0 0.340625 0.323438 0.35625 0.323438 0.35625 0.339583 0.340625 0.339583
0 0.270312 0.343229 0.282422 0.343229 0.282422 0.365625 0.270312 0.365625
0 0.042969 0.803125 0.059766 0.803125 0.059766 0.819792 0.042969 0.819792
0 0.158984 0.464062 0.175 0.464062 0.175 0.488542 0.158984 0.488542
0 0.120312 0.458333 0.137891 0.458333 0.137891 0.481771 0.120312 0.481771
0 0.268359 0.401562 0.282422 0.401562 0.282422 0.422917 0.268359 0.422917
0 0.294531 0.405208 0.310547 0.405208 0.310547 0.428646 0.294531 0.428646
0 0.330469 0.378125 0.34375 0.378125 0.34375 0.401562 0.330469 0.401562
0 0.425781 0.460417 0.439844 0.460417 0.439844 0.481771 0.425781 0.481771
0 0.162891 0.794271 0.173438 0.794271 0.173438 0.811979 0.162891 0.811979
0 0.185547 0.769792 0.204297 0.769792 0.204297 0.795833 0.185547 0.795833
0 0.194922 0.810417 0.210156 0.810417 0.210156 0.830208 0.194922 0.830208
0 0.165625 0.651042 0.180859 0.651042 0.180859 0.670833 0.165625 0.670833
0 0.200781 0.73125 0.215234 0.73125 0.215234 0.756771 0.200781 0.756771
0 0.221094 0.764583 0.237891 0.764583 0.237891 0.788542 0.221094 0.788542
0 0.242578 0.808333 0.264453 0.808333 0.264453 0.827083 0.242578 0.827083
0 0.308594 0.748958 0.323828 0.748958 0.323828 0.778646 0.308594 0.778646
0 0.342969 0.773958 0.359375 0.773958 0.359375 0.799479 0.342969 0.799479
0 0.366406 0.745312 0.383594 0.745312 0.383594 0.766667 0.366406 0.766667
0 0.237109 0.860417 0.258203 0.860417 0.258203 0.882292 0.237109 0.882292
0 0.264844 0.089583 0.282422 0.089583 0.282422 0.110417 0.264844 0.110417
0 0.319531 0.076042 0.335938 0.076042 0.335938 0.097917 0.319531 0.097917
0 0.215625 0.221354 0.237109 0.221354 0.237109 0.240625 0.215625 0.240625
0 0.339844 0.155729 0.366406 0.155729 0.366406 0.182812 0.339844 0.182812
0 0.50625 0.056771 0.523438 0.056771 0.523438 0.086979 0.50625 0.086979
0 0.554297 0.044792 0.571875 0.044792 0.571875 0.064062 0.554297 0.064062
0 0.296875 0.013021 0.312109 0.013021 0.312109 0.029688 0.296875 0.029688
0 0.178906 0.091146 0.195312 0.091146 0.195312 0.108854 0.178906 0.108854
0 0.346094 0.101042 0.364453 0.101042 0.364453 0.121354 0.346094 0.121354
0 0.363672 0.0625 0.382031 0.0625 0.382031 0.078646 0.363672 0.078646
0 0.36875 0.019792 0.391016 0.019792 0.391016 0.043229 0.36875 0.043229
0 0.303125 0.20625 0.319922 0.20625 0.319922 0.220833 0.303125 0.220833
0 0.446875 0.211458 0.462109 0.211458 0.462109 0.226562 0.446875 0.226562
0 0.50625 0.177604 0.523047 0.177604 0.523047 0.194792 0.50625 0.194792
0 0.459766 0.347917 0.477734 0.347917 0.477734 0.370833 0.459766 0.370833
0 0.486328 0.106771 0.503125 0.106771 0.503125 0.130729 0.486328 0.130729
0 0.539844 0.096354 0.559375 0.096354 0.559375 0.114583 0.539844 0.114583
0 0.475781 0.035417 0.493359 0.035417 0.493359 0.048958 0.475781 0.048958
0 0.50625 0.335417 0.523047 0.335417 0.523047 0.365104 0.50625 0.365104
0 0.521875 0.230208 0.534766 0.230208 0.534766 0.25625 0.521875 0.25625
0 0.457031 0.273438 0.473828 0.273438 0.473828 0.294271 0.457031 0.294271
0 0.380078 0.221875 0.39375 0.221875 0.39375 0.243229 0.380078 0.243229
0 0.486719 0.071354 0.499609 0.071354 0.499609 0.091146 0.486719 0.091146
0 0.569141 0.358333 0.583984 0.358333 0.583984 0.386458 0.569141 0.386458
0 0.556641 0.307292 0.570312 0.307292 0.570312 0.333854 0.556641 0.333854
0 0.585938 0.230208 0.603516 0.230208 0.603516 0.260417 0.585938 0.260417
0 0.596875 0.290104 0.616406 0.290104 0.616406 0.3125 0.596875 0.3125
0 0.607812 0.336458 0.626562 0.336458 0.626562 0.358333 0.607812 0.358333
0 0.605859 0.370312 0.621484 0.370312 0.621484 0.391146 0.605859 0.391146
0 0.6375 0.372917 0.653125 0.372917 0.653125 0.395312 0.6375 0.395312
0 0.643359 0.313021 0.661719 0.313021 0.661719 0.333333 0.643359 0.333333
0 0.557422 0.167188 0.574219 0.167188 0.574219 0.186458 0.557422 0.186458
0 0.646094 0.2625 0.665625 0.2625 0.665625 0.28125 0.646094 0.28125
0 0.667969 0.05625 0.684375 0.05625 0.684375 0.083854 0.667969 0.083854
0 0.697656 0.060417 0.7125 0.060417 0.7125 0.084896 0.697656 0.084896
0 0.648047 0.123438 0.660156 0.123438 0.660156 0.149479 0.648047 0.149479
0 0.678906 0.101042 0.697266 0.101042 0.697266 0.128125 0.678906 0.128125
0 0.620703 0.069792 0.635547 0.069792 0.635547 0.097396 0.620703 0.097396
0 0.585938 0.107812 0.601953 0.107812 0.601953 0.132292 0.585938 0.132292
0 0.605469 0.154688 0.623438 0.154688 0.623438 0.172917 0.605469 0.172917
0 0.63125 0.183854 0.646875 0.183854 0.646875 0.213542 0.63125 0.213542
0 0.572266 0.082812 0.589844 0.082812 0.589844 0.107292 0.572266 0.107292
0 0.684375 0.188542 0.700391 0.188542 0.700391 0.216146 0.684375 0.216146
0 0.734375 0.167708 0.752734 0.167708 0.752734 0.197396 0.734375 0.197396
0 0.776172 0.138021 0.794531 0.138021 0.794531 0.167188 0.776172 0.167188
0 0.764844 0.220312 0.784375 0.220312 0.784375 0.242708 0.764844 0.242708
0 0.730469 0.110417 0.750391 0.110417 0.750391 0.135417 0.730469 0.135417
0 0.837109 0.117708 0.852344 0.117708 0.852344 0.144792 0.837109 0.144792
0 0.835938 0.246354 0.853125 0.246354 0.853125 0.279167 0.835938 0.279167
0 0.778906 0.035938 0.79375 0.035938 0.79375 0.063542 0.778906 0.063542
0 0.807422 0.006771 0.827344 0.006771 0.827344 0.032292 0.807422 0.032292
0 0.833984 0.04375 0.855469 0.04375 0.855469 0.064062 0.833984 0.064062
0 0.883594 0.016146 0.903906 0.016146 0.903906 0.046354 0.883594 0.046354
0 0.618359 0.467708 0.632812 0.467708 0.632812 0.499479 0.618359 0.499479
0 0.560156 0.563542 0.573047 0.563542 0.573047 0.585938 0.560156 0.585938
0 0.586719 0.561458 0.601562 0.561458 0.601562 0.5875 0.586719 0.5875
0 0.635156 0.526562 0.652734 0.526562 0.652734 0.551562 0.635156 0.551562
0 0.6875 0.544271 0.704297 0.544271 0.704297 0.56875 0.6875 0.56875
0 0.672266 0.578125 0.691016 0.578125 0.691016 0.601562 0.672266 0.601562
0 0.595703 0.605729 0.610547 0.605729 0.610547 0.631771 0.595703 0.631771
0 0.617188 0.592708 0.634766 0.592708 0.634766 0.619792 0.617188 0.619792
0 0.725781 0.443229 0.742578 0.443229 0.742578 0.467708 0.725781 0.467708
0 0.764062 0.385417 0.785156 0.385417 0.785156 0.414062 0.764062 0.414062
0 0.736328 0.390625 0.751172 0.390625 0.751172 0.420312 0.736328 0.420312
0 0.755078 0.333854 0.771875 0.333854 0.771875 0.357812 0.755078 0.357812
0 0.798828 0.370312 0.813672 0.370312 0.813672 0.395833 0.798828 0.395833
0 0.823438 0.352604 0.838281 0.352604 0.838281 0.377083 0.823438 0.377083
0 0.848828 0.395312 0.866016 0.395312 0.866016 0.424479 0.848828 0.424479
0 0.688281 0.486458 0.703906 0.486458 0.703906 0.509896 0.688281 0.509896
0 0.557422 0.6875 0.568359 0.6875 0.568359 0.708854 0.557422 0.708854
0 0.601953 0.657812 0.616797 0.657812 0.616797 0.675 0.601953 0.675
0 0.795312 0.818229 0.808984 0.818229 0.808984 0.836458 0.795312 0.836458
0 0.764453 0.841667 0.783594 0.841667 0.783594 0.861458 0.764453 0.861458
0 0.752734 0.884896 0.767969 0.884896 0.767969 0.90625 0.752734 0.90625
0 0.792578 0.910938 0.814844 0.910938 0.814844 0.928125 0.792578 0.928125
0 0.801172 0.854688 0.822656 0.854688 0.822656 0.874479 0.801172 0.874479
0 0.841406 0.850521 0.857422 0.850521 0.857422 0.874479 0.841406 0.874479
0 0.850391 0.810417 0.863672 0.810417 0.863672 0.829688 0.850391 0.829688
0 0.840625 0.732812 0.857422 0.732812 0.857422 0.751042 0.840625 0.751042
0 0.873047 0.702083 0.885938 0.702083 0.885938 0.727604 0.873047 0.727604
0 0.910547 0.688021 0.923828 0.688021 0.923828 0.714062 0.910547 0.714062
0 0.901953 0.746875 0.917578 0.746875 0.917578 0.775 0.901953 0.775
0 0.868359 0.7625 0.883203 0.7625 0.883203 0.782812 0.868359 0.782812
0 0.920703 0.794271 0.939062 0.794271 0.939062 0.814062 0.920703 0.814062
0 0.946484 0.769271 0.962109 0.769271 0.962109 0.790104 0.946484 0.790104
0 0.964062 0.736458 0.980469 0.736458 0.980469 0.7625 0.964062 0.7625
0 0.946094 0.64375 0.959766 0.64375 0.959766 0.669271 0.946094 0.669271
0 0.977734 0.632812 0.993359 0.632812 0.993359 0.656771 0.977734 0.656771
0 0.936328 0.694271 0.953125 0.694271 0.953125 0.714583 0.936328 0.714583
0 0.906641 0.83125 0.919531 0.83125 0.919531 0.853646 0.906641 0.853646
0 0.871094 0.838021 0.887109 0.838021 0.887109 0.858854 0.871094 0.858854
0 0.942578 0.847917 0.960156 0.847917 0.960156 0.869271 0.942578 0.869271
0 0.864453 0.905729 0.884375 0.905729 0.884375 0.920312 0.864453 0.920312
0 0.863672 0.977083 0.885938 0.977083 0.885938 0.996354 0.863672 0.996354
0 0.942188 0.969271 0.962109 0.969271 0.962109 0.990104 0.942188 0.990104
0 0.894922 0.947917 0.915625 0.947917 0.915625 0.971354 0.894922 0.971354
0 0.830859 0.917188 0.846875 0.917188 0.846875 0.939583 0.830859 0.939583
0 0.840625 0.310417 0.860938 0.310417 0.860938 0.334375 0.840625 0.334375
0 0.754688 0.284896 0.776953 0.284896 0.776953 0.30625 0.754688 0.30625
0 0.792188 0.33125 0.808203 0.33125 0.808203 0.352604 0.792188 0.352604
0 0.900781 0.222396 0.918359 0.222396 0.918359 0.256771 0.900781 0.256771
0 0.899219 0.271875 0.917578 0.271875 0.917578 0.290104 0.899219 0.290104
0 0.949219 0.278125 0.967969 0.278125 0.967969 0.296875 0.949219 0.296875
0 0.930859 0.240625 0.95 0.240625 0.95 0.267708 0.930859 0.267708
0 0.888672 0.318229 0.905469 0.318229 0.905469 0.345312 0.888672 0.345312
0 0.896484 0.371354 0.914453 0.371354 0.914453 0.390625 0.896484 0.390625
0 0.876562 0.093229 0.892578 0.093229 0.892578 0.115104 0.876562 0.115104
0 0.922266 0.099479 0.935156 0.099479 0.935156 0.117188 0.922266 0.117188
0 0.956641 0.15625 0.970703 0.15625 0.970703 0.183333 0.956641 0.183333
0 0.927734 0.155208 0.941406 0.155208 0.941406 0.180208 0.927734 0.180208
0 0.930469 0.197396 0.947266 0.197396 0.947266 0.219792 0.930469 0.219792
0 0.916016 0.096875 0.935547 0.096875 0.935547 0.121354 0.916016 0.121354
0 0.928125 0.316146 0.938672 0.316146 0.938672 0.336979 0.928125 0.336979
0 0.902344 0.167188 0.915625 0.167188 0.915625 0.190625 0.902344 0.190625
0 0.685547 0.242708 0.7 0.242708 0.7 0.275521 0.685547 0.275521
0 0.140625 0.105729 0.159766 0.105729 0.159766 0.132292 0.140625 0.132292
0 0.165234 0.254167 0.186719 0.254167 0.186719 0.272396 0.165234 0.272396
0 0.146875 0.301042 0.159375 0.301042 0.159375 0.324479 0.146875 0.324479
0 0.189844 0.392188 0.204297 0.392188 0.204297 0.420833 0.189844 0.420833
0 0.108594 0.080729 0.123047 0.080729 0.123047 0.105729 0.108594 0.105729
0 0.175781 0.00625 0.198438 0.00625 0.198438 0.027604 0.175781 0.027604
0 0.1625 0.356771 0.176172 0.356771 0.176172 0.376562 0.1625 0.376562
0 0.110938 0.369271 0.128906 0.369271 0.128906 0.384375 0.110938 0.384375
0 0.101172 0.420833 0.116016 0.420833 0.116016 0.444792 0.101172 0.444792
0 0.435156 0.408333 0.453906 0.408333 0.453906 0.426042 0.435156 0.426042
0 0.715625 0.559896 0.727734 0.559896 0.727734 0.581771 0.715625 0.581771
0 0.517188 0.4 0.538281 0.4 0.538281 0.419792 0.517188 0.419792
0 0.555859 0.425521 0.571094 0.425521 0.571094 0.455208 0.555859 0.455208
0 0.496875 0.267708 0.513281 0.267708 0.513281 0.292708 0.496875 0.292708