0 0.412891 0.471354 0.425781 0.471354 0.425781 0.495833 0.412891 0.495833
0 0.433203 0.496875 0.449609 0.496875 0.449609 0.523958 0.433203 0.523958
0 0.473047 0.519271 0.492188 0.519271 0.492188 0.539062 0.473047 0.539062
0 0.430469 0.564062 0.457422 0.564062 0.457422 0.582812 0.430469 0.582812
0 0.459375 0.610417 0.476953 0.610417 0.476953 0.630729 0.459375 0.630729
0 0.333594 0.552083 0.351953 0.552083 0.351953 0.569792 0.333594 0.569792
0 0.295312 0.517188 0.315625 0.517188 0.315625 0.540625 0.295312 0.540625
0 0.397266 0.424479 0.411328 0.424479 0.411328 0.453125 0.397266 0.453125
0 0.430859 0.425521 0.447656 0.425521 0.447656 0.45625 0.430859 0.45625
0 0.457031 0.426562 0.469922 0.426562 0.469922 0.452604 0.457031 0.452604
0 0.438672 0.371354 0.458203 0.371354 0.458203 0.395312 0.438672 0.395312
0 0.426562 0.330729 0.445703 0.330729 0.445703 0.358333 0.426562 0.358333
0 0.490625 0.360417 0.508203 0.360417 0.508203 0.389062 0.490625 0.389062
0 0.473047 0.318229 0.491016 0.318229 0.491016 0.347917 0.473047 0.347917
0 0.525781 0.350521 0.537891 0.350521 0.537891 0.379688 0.525781 0.379688
0 0.271875 0.339583 0.289453 0.339583 0.289453 0.372396 0.271875 0.372396
0 0.363672 0.33125 0.378125 0.33125 0.378125 0.353125 0.363672 0.353125
0 0.413672 0.626042 0.438281 0.626042 0.438281 0.651042 0.413672 0.651042
0 0.454297 0.645312 0.474219 0.645312 0.474219 0.670312 0.454297 0.670312
0 0.489453 0.684896 0.510547 0.684896 0.510547 0.708333 0.489453 0.708333
0 0.532031 0.701042 0.547266 0.701042 0.547266 0.725521 0.532031 0.725521
0 0.440234 0.685938 0.457422 0.685938 0.457422 0.708854 0.440234 0.708854
0 0.367188 0.686458 0.386719 0.686458 0.386719 0.703646 0.367188 0.703646
0 0.398047 0.715625 0.412891 0.715625 0.412891 0.741146 0.398047 0.741146
0 0.379297 0.733333 0.394922 0.733333 0.394922 0.758333 0.379297 0.758333
0 0.460547 0.735417 0.476172 0.735417 0.476172 0.761458 0.460547 0.761458
0 0.512891 0.752604 0.535156 0.752604 0.535156 0.779688 0.512891 0.779688
0 0.597656 0.686979 0.610938 0.686979 0.610938 0.714062 0.597656 0.714062
0 0.622266 0.703125 0.639453 0.703125 0.639453 0.731771 0.622266 0.731771
0 0.663672 0.651042 0.6875 0.651042 0.6875 0.668229 0.663672 0.668229
0 0.628906 0.60625 0.655078 0.60625 0.655078 0.628646 0.628906 0.628646
0 0.625781 0.475 0.641797 0.475 0.641797 0.501042 0.625781 0.501042
0 0.619141 0.436979 0.636328 0.436979 0.636328 0.461458 0.619141 0.461458
0 0.651562 0.436458 0.671875 0.436458 0.671875 0.461979 0.651562 0.461979
0 0.671094 0.405729 0.691406 0.405729 0.691406 0.431771 0.671094 0.431771
0 0.664453 0.486458 0.683203 0.486458 0.683203 0.508854 0.664453 0.508854
0 0.707031 0.482292 0.726172 0.482292 0.726172 0.504167 0.707031 0.504167
0 0.710547 0.576562 0.729688 0.576562 0.729688 0.597396 0.710547 0.597396
0 0.696484 0.689062 0.716016 0.689062 0.716016 0.718229 0.696484 0.718229
0 0.642969 0.726562 0.658203 0.726562 0.658203 0.752083 0.642969 0.752083
0 0.337891 0.300521 0.356641 0.300521 0.356641 0.327604 0.337891 0.327604
0 0.366016 0.271875 0.382031 0.271875 0.382031 0.297917 0.366016 0.297917
0 0.400391 0.28125 0.417578 0.28125 0.417578 0.305729 0.400391 0.305729
0 0.436328 0.246354 0.460156 0.246354 0.460156 0.269792 0.436328 0.269792
0 0.421484 0.204167 0.439062 0.204167 0.439062 0.232812 0.421484 0.232812
0 0.378516 0.189062 0.392578 0.189062 0.392578 0.214583 0.378516 0.214583
0 0.341016 0.2125 0.362109 0.2125 0.362109 0.240625 0.341016 0.240625
0 0.244531 0.255729 0.263281 0.255729 0.263281 0.289062 0.244531 0.289062
0 0.287891 0.290625 0.303516 0.290625 0.303516 0.317708 0.287891 0.317708
0 0.294531 0.234896 0.309766 0.234896 0.309766 0.263021 0.294531 0.263021
0 0.288672 0.173958 0.304297 0.173958 0.304297 0.202604 0.288672 0.202604
0 0.342578 0.155208 0.362891 0.155208 0.362891 0.186979 0.342578 0.186979
0 0.282031 0.126562 0.303906 0.126562 0.303906 0.155729 0.282031 0.155729
0 0.323828 0.113021 0.342969 0.113021 0.342969 0.140625 0.323828 0.140625
0 0.257812 0.135417 0.275781 0.135417 0.275781 0.166146 0.257812 0.166146
0 0.223047 0.201042 0.238281 0.201042 0.238281 0.229167 0.223047 0.229167
0 0.2 0.260417 0.220703 0.260417 0.220703 0.290625 0.2 0.290625
0 0.191797 0.322396 0.210156 0.322396 0.210156 0.34375 0.191797 0.34375
0 0.139453 0.260417 0.167969 0.260417 0.167969 0.286458 0.139453 0.286458
0 0.133984 0.211458 0.154297 0.211458 0.154297 0.235417 0.133984 0.235417
0 0.187109 0.179688 0.204297 0.179688 0.204297 0.207292 0.187109 0.207292
0 0.158203 0.166146 0.176172 0.166146 0.176172 0.189062 0.158203 0.189062
0 0.139844 0.379167 0.158984 0.379167 0.158984 0.403125 0.139844 0.403125
0 0.237109 0.534375 0.253516 0.534375 0.253516 0.553125 0.237109 0.553125
0 0.169531 0.543229 0.192969 0.543229 0.192969 0.563021 0.169531 0.563021
0 0.478906 0.228125 0.502344 0.228125 0.502344 0.257812 0.478906 0.257812
0 0.528516 0.278125 0.543359 0.278125 0.543359 0.302083 0.528516 0.302083
0 0.555078 0.269271 0.571094 0.269271 0.571094 0.294792 0.555078 0.294792
0 0.528516 0.219792 0.542188 0.219792 0.542188 0.247396 0.528516 0.247396
0 0.533203 0.152083 0.550781 0.152083 0.550781 0.184375 0.533203 0.184375
0 0.446484 0.154688 0.462109 0.154688 0.462109 0.184896 0.446484 0.184896
0 0.414453 0.133333 0.433203 0.133333 0.433203 0.164062 0.414453 0.164062
0 0.391406 0.151562 0.408594 0.151562 0.408594 0.176042 0.391406 0.176042
0 0.438281 0.088542 0.458203 0.088542 0.458203 0.115625 0.438281 0.115625
0 0.495312 0.120833 0.507422 0.120833 0.507422 0.145312 0.495312 0.145312
0 0.592969 0.10625 0.60625 0.10625 0.60625 0.132292 0.592969 0.132292
0 0.643359 0.180729 0.660938 0.180729 0.660938 0.208333 0.643359 0.208333
0 0.664062 0.13125 0.687891 0.13125 0.687891 0.15 0.664062 0.15
0 0.035156 0.116146 0.060938 0.116146 0.060938 0.138542 0.035156 0.138542
0 0.050391 0.201562 0.074219 0.201562 0.074219 0.228125 0.050391 0.228125
0 0.102344 0.205208 0.117969 0.205208 0.117969 0.236979 0.102344 0.236979
0 0.123047 0.148958 0.141406 0.148958 0.141406 0.173438 0.123047 0.173438
0 0.137891 0.095833 0.155078 0.095833 0.155078 0.120312 0.137891 0.120312
0 0.121094 0.051562 0.142188 0.051562 0.142188 0.075 0.121094 0.075
0 0.162891 0.052083 0.179297 0.052083 0.179297 0.08125 0.162891 0.08125
0 0.189844 0.033854 0.207812 0.033854 0.207812 0.063542 0.189844 0.063542
0 0.199219 0.072917 0.21875 0.072917 0.21875 0.102083 0.199219 0.102083
0 0.171875 0.094792 0.187891 0.094792 0.187891 0.122396 0.171875 0.122396
0 0.2625 0.080729 0.279297 0.080729 0.279297 0.10625 0.2625 0.10625
0 0.068359 0.321354 0.084375 0.321354 0.084375 0.343229 0.068359 0.343229
0 0.092578 0.285417 0.107031 0.285417 0.107031 0.314583 0.092578 0.314583
0 0.005078 0.265104 0.019922 0.265104 0.019922 0.291667 0.005078 0.291667
0 0.00625 0.347917 0.017969 0.347917 0.017969 0.372917 0.00625 0.372917
0 0.013672 0.406771 0.030469 0.406771 0.030469 0.435417 0.013672 0.435417
0 0.046094 0.39375 0.063672 0.39375 0.063672 0.417188 0.046094 0.417188
0 0.092578 0.415625 0.110547 0.415625 0.110547 0.429688 0.092578 0.429688
0 0.112891 0.494271 0.130078 0.494271 0.130078 0.517188 0.112891 0.517188
0 0.057031 0.568229 0.071875 0.568229 0.071875 0.585417 0.057031 0.585417
0 0.093359 0.573958 0.112109 0.573958 0.112109 0.591667 0.093359 0.591667
0 0.122656 0.583333 0.142969 0.583333 0.142969 0.600521 0.122656 0.600521
0 0.10625 0.615104 0.127734 0.615104 0.127734 0.632292 0.10625 0.632292
0 0.091406 0.647917 0.110547 0.647917 0.110547 0.669792 0.091406 0.669792
0 0.066016 0.710417 0.086328 0.710417 0.086328 0.729167 0.066016 0.729167
0 0.047266 0.741146 0.086719 0.741146 0.086719 0.764062 0.047266 0.764062
0 0.089062 0.764062 0.107422 0.764062 0.107422 0.780208 0.089062 0.780208
0 0.047266 0.780208 0.073047 0.780208 0.073047 0.793229 0.047266 0.793229
0 0.050781 0.826562 0.072656 0.826562 0.072656 0.845833 0.050781 0.845833
0 0.005078 0.822396 0.025391 0.822396 0.025391 0.847917 0.005078 0.847917
0 0.120703 0.790104 0.144141 0.790104 0.144141 0.808854 0.120703 0.808854
0 0.164453 0.835417 0.181641 0.835417 0.181641 0.8625 0.164453 0.8625
0 0.082031 0.880729 0.105859 0.880729 0.105859 0.904688 0.082031 0.904688
0 0.136719 0.901042 0.162109 0.901042 0.162109 0.931771 0.136719 0.931771
0 0.026172 0.929167 0.04375 0.929167 0.04375 0.947917 0.026172 0.947917
0 0.064844 0.923438 0.085938 0.923438 0.085938 0.943229 0.064844 0.943229
0 0.029297 0.973958 0.051172 0.973958 0.051172 0.994271 0.029297 0.994271
0 0.172266 0.886458 0.1875 0.886458 0.1875 0.909375 0.172266 0.909375
0 0.183203 0.940625 0.20625 0.940625 0.20625 0.961979 0.183203 0.961979
0 0.001172 0.742708 0.020703 0.742708 0.020703 0.763542 0.001172 0.763542
0 0.283594 0.933854 0.308203 0.933854 0.308203 0.951562 0.283594 0.951562
0 0.329297 0.940625 0.346094 0.940625 0.346094 0.961458 0.329297 0.961458
0 0.387109 0.956771 0.401172 0.956771 0.401172 0.98125 0.387109 0.98125
0 0.391016 0.853125 0.409375 0.853125 0.409375 0.878646 0.391016 0.878646
0 0.432422 0.914062 0.458984 0.914062 0.458984 0.943229 0.432422 0.943229
0 0.402734 0.763542 0.422656 0.763542 0.422656 0.79375 0.402734 0.79375
0 0.485156 0.780208 0.505859 0.780208 0.505859 0.809896 0.485156 0.809896
0 0.318359 0.05 0.335547 0.05 0.335547 0.075521 0.318359 0.075521
0 0.578125 0.013542 0.596484 0.013542 0.596484 0.04375 0.578125 0.04375
0 0.557812 0.070312 0.575391 0.070312 0.575391 0.101042 0.557812 0.101042
0 0.708594 0.019271 0.731641 0.019271 0.731641 0.044271 0.708594 0.044271
0 0.703516 0.080729 0.721094 0.080729 0.721094 0.105729 0.703516 0.105729
0 0.686719 0.197917 0.707422 0.197917 0.707422 0.224479 0.686719 0.224479
0 0.680078 0.275521 0.7 0.275521 0.7 0.297917 0.680078 0.297917
0 0.721484 0.147917 0.742188 0.147917 0.742188 0.173958 0.721484 0.173958
0 0.737109 0.194792 0.755859 0.194792 0.755859 0.228646 0.737109 0.228646
0 0.735547 0.099479 0.757422 0.099479 0.757422 0.117708 0.735547 0.117708
0 0.607422 0.750521 0.628516 0.750521 0.628516 0.774479 0.607422 0.774479
0 0.564453 0.892708 0.580469 0.892708 0.580469 0.920833 0.564453 0.920833
0 0.603906 0.932812 0.61875 0.932812 0.61875 0.959896 0.603906 0.959896
0 0.574219 0.949479 0.591016 0.949479 0.591016 0.969271 0.574219 0.969271
0 0.740625 0.683854 0.757422 0.683854 0.757422 0.709375 0.740625 0.709375
0 0.712109 0.743229 0.730859 0.743229 0.730859 0.763542 0.712109 0.763542
0 0.753516 0.602083 0.779297 0.602083 0.779297 0.627083 0.753516 0.627083
0 0.741797 0.416146 0.757031 0.416146 0.757031 0.439062 0.741797 0.439062
0 0.764062 0.325 0.780078 0.325 0.780078 0.353646 0.764062 0.353646
0 0.773047 0.375 0.788672 0.375 0.788672 0.407292 0.773047 0.407292
0 0.78125 0.446354 0.794531 0.446354 0.794531 0.474479 0.78125 0.474479
0 0.782031 0.508854 0.797656 0.508854 0.797656 0.535938 0.782031 0.535938
0 0.776172 0.693229 0.791797 0.693229 0.791797 0.722396 0.776172 0.722396
0 0.771484 0.749479 0.787891 0.749479 0.787891 0.771354 0.771484 0.771354
0 0.789844 0.203646 0.8125 0.203646 0.8125 0.232292 0.789844 0.232292
0 0.741016 0.275521 0.755078 0.275521 0.755078 0.302083 0.741016 0.302083
0 0.794141 0.045833 0.819141 0.045833 0.819141 0.065625 0.794141 0.065625
0 0.757422 0.064062 0.774219 0.064062 0.774219 0.091146 0.757422 0.091146
0 0.777344 0.107292 0.8 0.107292 0.8 0.125521 0.777344 0.125521
0 0.819141 0.165625 0.838281 0.165625 0.838281 0.188542 0.819141 0.188542
0 0.823047 0.213542 0.839453 0.213542 0.839453 0.239583 0.823047 0.239583
0 0.852344 0.130729 0.874609 0.130729 0.874609 0.152604 0.852344 0.152604
0 0.844141 0.010938 0.860156 0.010938 0.860156 0.035938 0.844141 0.035938
0 0.873047 0.054688 0.889453 0.054688 0.889453 0.086458 0.873047 0.086458
0 0.861328 0.173958 0.877344 0.173958 0.877344 0.200521 0.861328 0.200521
0 0.853125 0.265625 0.876172 0.265625 0.876172 0.281771 0.853125 0.281771
0 0.840625 0.344792 0.856641 0.344792 0.856641 0.370312 0.840625 0.370312
0 0.816797 0.416667 0.833203 0.416667 0.833203 0.440625 0.816797 0.440625
0 0.791406 0.41875 0.80625 0.41875 0.80625 0.436458 0.791406 0.436458
0 0.858984 0.410417 0.876172 0.410417 0.876172 0.436458 0.858984 0.436458
0 0.839453 0.443229 0.857031 0.443229 0.857031 0.465104 0.839453 0.465104
0 0.935156 0.333854 0.964062 0.333854 0.964062 0.359375 0.935156 0.359375
0 0.883984 0.215625 0.905859 0.215625 0.905859 0.242708 0.883984 0.242708
0 0.927734 0.216667 0.944922 0.216667 0.944922 0.244792 0.927734 0.244792
0 0.970703 0.273958 0.990234 0.273958 0.990234 0.294271 0.970703 0.294271
0 0.809375 0.481771 0.829688 0.481771 0.829688 0.504167 0.809375 0.504167
0 0.844922 0.54375 0.870312 0.54375 0.870312 0.566146 0.844922 0.566146
0 0.934375 0.539062 0.952734 0.539062 0.952734 0.566146 0.934375 0.566146
0 0.983984 0.359375 0.999219 0.359375 0.999219 0.386458 0.983984 0.386458
0 0.909375 0.58125 0.934375 0.58125 0.934375 0.599479 0.909375 0.599479
0 0.853125 0.58125 0.878906 0.58125 0.878906 0.597396 0.853125 0.597396
0 0.854688 0.639062 0.875781 0.639062 0.875781 0.654688 0.854688 0.654688
0 0.923438 0.630729 0.941406 0.630729 0.941406 0.645833 0.923438 0.645833
0 0.823047 0.669271 0.839844 0.669271 0.839844 0.685417 0.823047 0.685417
0 0.895312 0.679167 0.912109 0.679167 0.912109 0.70625 0.895312 0.70625
0 0.855469 0.676042 0.878906 0.676042 0.878906 0.692708 0.855469 0.692708
0 0.926562 0.690104 0.949219 0.690104 0.949219 0.710938 0.926562 0.710938
0 0.870312 0.71875 0.896875 0.71875 0.896875 0.735938 0.870312 0.735938
0 0.810938 0.732812 0.831641 0.732812 0.831641 0.748438 0.810938 0.748438
0 0.868359 0.769792 0.889844 0.769792 0.889844 0.788542 0.868359 0.788542
0 0.901953 0.768229 0.917188 0.768229 0.917188 0.795833 0.901953 0.795833
0 0.546484 0.964583 0.561719 0.964583 0.561719 0.994792 0.546484 0.994792
0 0.714062 0.964583 0.735156 0.964583 0.735156 0.99375 0.714062 0.99375
0 0.744922 0.941146 0.765234 0.941146 0.765234 0.963542 0.744922 0.963542
0 0.766797 0.969792 0.785938 0.969792 0.785938 0.995833 0.766797 0.995833
0 0.822656 0.974479 0.840234 0.974479 0.840234 0.998958 0.822656 0.998958
0 0.930078 0.955729 0.950391 0.955729 0.950391 0.980208 0.930078 0.980208
0 0.964453 0.956771 0.980469 0.956771 0.980469 0.974479 0.964453 0.974479
0 0.980469 0.878646 0.999609 0.878646 0.999609 0.902083 0.980469 0.902083
0 0.59375 0.023958 0.61875 0.023958 0.61875 0.05 0.59375 0.05
0 0.655859 0.225521 0.680078 0.225521 0.680078 0.251563 0.655859 0.251563