0 0.049609 0.021875 0.078125 0.021875 0.078125 0.05 0.049609 0.05
0 0.021094 0.076562 0.044531 0.076562 0.044531 0.104688 0.021094 0.104688
0 0.054688 0.085417 0.074609 0.085417 0.074609 0.107812 0.054688 0.107812
0 0.078906 0.061979 0.098828 0.061979 0.098828 0.085417 0.078906 0.085417
0 0.116406 0.101042 0.140625 0.101042 0.140625 0.127083 0.116406 0.127083
0 0.059766 0.134896 0.079688 0.134896 0.079688 0.172917 0.059766 0.172917
0 0.095703 0.1625 0.117969 0.1625 0.117969 0.188542 0.095703 0.188542
0 0.148047 0.136979 0.168359 0.136979 0.168359 0.160417 0.148047 0.160417
0 0.204297 0.029688 0.223438 0.029688 0.223438 0.054167 0.204297 0.054167
0 0.193359 0.107812 0.213281 0.107812 0.213281 0.130208 0.193359 0.130208
0 0.15 0.179167 0.175 0.179167 0.175 0.204167 0.15 0.204167
0 0.173438 0.223958 0.193359 0.223958 0.193359 0.253125 0.173438 0.253125
0 0.048047 0.251042 0.068359 0.251042 0.068359 0.285417 0.048047 0.285417
0 0.035547 0.296354 0.053906 0.296354 0.053906 0.328125 0.035547 0.328125
0 0.046484 0.332812 0.066797 0.332812 0.066797 0.357292 0.046484 0.357292
0 0.073828 0.292708 0.096875 0.292708 0.096875 0.314583 0.073828 0.314583
0 0.133594 0.272917 0.162891 0.272917 0.162891 0.298958 0.133594 0.298958
0 0.183984 0.280208 0.199609 0.280208 0.199609 0.309896 0.183984 0.309896
0 0.2125 0.261979 0.233203 0.261979 0.233203 0.291146 0.2125 0.291146
0 0.252734 0.239062 0.271094 0.239062 0.271094 0.270833 0.252734 0.270833
0 0.264453 0.166667 0.284766 0.166667 0.284766 0.197396 0.264453 0.197396
0 0.336328 0.008333 0.357812 0.008333 0.357812 0.033333 0.336328 0.033333
0 0.310156 0.05625 0.330078 0.05625 0.330078 0.08125 0.310156 0.08125
0 0.335938 0.092188 0.355078 0.092188 0.355078 0.115104 0.335938 0.115104
0 0.313672 0.133333 0.334766 0.133333 0.334766 0.169792 0.313672 0.169792
0 0.370703 0.029167 0.394531 0.029167 0.394531 0.05 0.370703 0.05
0 0.356641 0.066146 0.379688 0.066146 0.379688 0.089583 0.356641 0.089583
0 0.303906 0.230729 0.324219 0.230729 0.324219 0.253125 0.303906 0.253125
0 0.340234 0.170833 0.358984 0.170833 0.358984 0.196354 0.340234 0.196354
0 0.154688 0.321875 0.171484 0.321875 0.171484 0.35 0.154688 0.35
0 0.116406 0.366667 0.1375 0.366667 0.1375 0.394792 0.116406 0.394792
0 0.073438 0.336458 0.095703 0.336458 0.095703 0.364583 0.073438 0.364583
0 0.102734 0.322396 0.130859 0.322396 0.130859 0.344792 0.102734 0.344792
0 0.086328 0.219792 0.108984 0.219792 0.108984 0.242188 0.086328 0.242188
0 0.042969 0.415104 0.065234 0.415104 0.065234 0.442708 0.042969 0.442708
0 0.072266 0.403125 0.093359 0.403125 0.093359 0.426562 0.072266 0.426562
0 0.03125 0.761979 0.053906 0.761979 0.053906 0.784375 0.03125 0.784375
0 0.026953 0.803125 0.049609 0.803125 0.049609 0.823438 0.026953 0.823438
0 0.091406 0.859375 0.108594 0.859375 0.108594 0.884375 0.091406 0.884375
0 0.217188 0.777604 0.24375 0.777604 0.24375 0.803125 0.217188 0.803125
0 0.266016 0.763021 0.290234 0.763021 0.290234 0.79375 0.266016 0.79375
0 0.300781 0.842188 0.322266 0.842188 0.322266 0.874479 0.300781 0.874479
0 0.314453 0.879167 0.337109 0.879167 0.337109 0.904688 0.314453 0.904688
0 0.353125 0.867708 0.371484 0.867708 0.371484 0.9 0.353125 0.9
0 0.383203 0.888021 0.398047 0.888021 0.398047 0.916146 0.383203 0.916146
0 0.174219 0.700521 0.203125 0.700521 0.203125 0.723438 0.174219 0.723438
0 0.162109 0.726562 0.181641 0.726562 0.181641 0.753125 0.162109 0.753125
0 0.154688 0.639062 0.175 0.639062 0.175 0.674479 0.154688 0.674479
0 0.197656 0.641667 0.219922 0.641667 0.219922 0.6625 0.197656 0.6625
0 0.230078 0.673438 0.253125 0.673438 0.253125 0.697917 0.230078 0.697917
0 0.246094 0.710938 0.261719 0.710938 0.261719 0.733333 0.246094 0.733333
0 0.194141 0.576042 0.215625 0.576042 0.215625 0.602083 0.194141 0.602083
0 0.146094 0.564583 0.167578 0.564583 0.167578 0.583854 0.146094 0.583854
0 0.117578 0.59375 0.14375 0.59375 0.14375 0.621875 0.117578 0.621875
0 0.010156 0.917708 0.037109 0.917708 0.037109 0.948438 0.010156 0.948438
0 0.055859 0.905208 0.075391 0.905208 0.075391 0.927604 0.055859 0.927604
0 0.041406 0.945312 0.058984 0.945312 0.058984 0.973438 0.041406 0.973438
0 0.289453 0.915104 0.310547 0.915104 0.310547 0.947396 0.289453 0.947396
0 0.115234 0.635938 0.136719 0.635938 0.136719 0.667188 0.115234 0.667188
0 0.104297 0.534375 0.130469 0.534375 0.130469 0.558333 0.104297 0.558333
0 0.126953 0.494792 0.152734 0.494792 0.152734 0.515104 0.126953 0.515104
0 0.157031 0.515104 0.178516 0.515104 0.178516 0.542188 0.157031 0.542188
0 0.198047 0.528646 0.217188 0.528646 0.217188 0.552604 0.198047 0.552604
0 0.193359 0.484896 0.213281 0.484896 0.213281 0.510417 0.193359 0.510417
0 0.235547 0.465625 0.252734 0.465625 0.252734 0.502083 0.235547 0.502083
0 0.261719 0.477604 0.281641 0.477604 0.281641 0.513542 0.261719 0.513542
0 0.266406 0.565104 0.289453 0.565104 0.289453 0.599479 0.266406 0.599479
0 0.298047 0.620312 0.316406 0.620312 0.316406 0.640625 0.298047 0.640625
0 0.314453 0.65 0.337891 0.65 0.337891 0.684375 0.314453 0.684375
0 0.270312 0.680208 0.294922 0.680208 0.294922 0.7125 0.270312 0.7125
0 0.292188 0.723958 0.314453 0.723958 0.314453 0.747917 0.292188 0.747917
0 0.286328 0.489583 0.305859 0.489583 0.305859 0.523958 0.286328 0.523958
0 0.305078 0.545312 0.328125 0.545312 0.328125 0.576042 0.305078 0.576042
0 0.332031 0.955729 0.349219 0.955729 0.349219 0.986458 0.332031 0.986458
0 0.349219 0.938021 0.370703 0.938021 0.370703 0.959896 0.349219 0.959896
0 0.382031 0.954167 0.403125 0.954167 0.403125 0.985417 0.382031 0.985417
0 0.410547 0.894792 0.428125 0.894792 0.428125 0.923438 0.410547 0.923438
0 0.425 0.954167 0.452344 0.954167 0.452344 0.977083 0.425 0.977083
0 0.354688 0.415104 0.373828 0.415104 0.373828 0.449479 0.354688 0.449479
0 0.383984 0.411458 0.403906 0.411458 0.403906 0.445312 0.383984 0.445312
0 0.387891 0.364583 0.411328 0.364583 0.411328 0.386979 0.387891 0.386979
0 0.428906 0.418229 0.453125 0.418229 0.453125 0.440625 0.428906 0.440625
0 0.453125 0.447396 0.470703 0.447396 0.470703 0.482812 0.453125 0.482812
0 0.383984 0.478646 0.405469 0.478646 0.405469 0.503125 0.383984 0.503125
0 0.338672 0.528646 0.357031 0.528646 0.357031 0.563542 0.338672 0.563542
0 0.377344 0.576562 0.398828 0.576562 0.398828 0.614583 0.377344 0.614583
0 0.414062 0.546875 0.435547 0.546875 0.435547 0.58125 0.414062 0.58125
0 0.450781 0.541146 0.473438 0.541146 0.473438 0.567708 0.450781 0.567708
0 0.476562 0.514062 0.495703 0.514062 0.495703 0.547917 0.476562 0.547917
0 0.34375 0.721875 0.364453 0.721875 0.364453 0.741667 0.34375 0.741667
0 0.451562 0.752083 0.472266 0.752083 0.472266 0.778646 0.451562 0.778646
0 0.455859 0.602083 0.475 0.602083 0.475 0.627083 0.455859 0.627083
0 0.428125 0.630729 0.448438 0.630729 0.448438 0.653646 0.428125 0.653646
0 0.314062 0.451042 0.3375 0.451042 0.3375 0.475521 0.314062 0.475521
0 0.460938 0.834375 0.486328 0.834375 0.486328 0.859896 0.460938 0.859896
0 0.458203 0.876562 0.481641 0.876562 0.481641 0.905208 0.458203 0.905208
0 0.502344 0.936979 0.521875 0.936979 0.521875 0.964583 0.502344 0.964583
0 0.514062 0.836979 0.532812 0.836979 0.532812 0.866146 0.514062 0.866146
0 0.542969 0.753125 0.569141 0.753125 0.569141 0.777083 0.542969 0.777083
0 0.574219 0.719271 0.596875 0.719271 0.596875 0.74375 0.574219 0.74375
0 0.614844 0.716146 0.638281 0.716146 0.638281 0.742708 0.614844 0.742708
0 0.627344 0.771354 0.654297 0.771354 0.654297 0.798958 0.627344 0.798958
0 0.653125 0.817708 0.678906 0.817708 0.678906 0.840104 0.653125 0.840104
0 0.601953 0.848958 0.623438 0.848958 0.623438 0.872396 0.601953 0.872396
0 0.598828 0.900521 0.61875 0.900521 0.61875 0.934375 0.598828 0.934375
0 0.628516 0.885938 0.644531 0.885938 0.644531 0.910938 0.628516 0.910938
0 0.700781 0.854688 0.717578 0.854688 0.717578 0.881771 0.700781 0.881771
0 0.661328 0.864583 0.68125 0.864583 0.68125 0.888021 0.661328 0.888021
0 0.64375 0.920312 0.666016 0.920312 0.666016 0.956771 0.64375 0.956771
0 0.602734 0.964062 0.623828 0.964062 0.623828 0.994271 0.602734 0.994271
0 0.690234 0.948438 0.712109 0.948438 0.712109 0.974479 0.690234 0.974479
0 0.7 0.779167 0.725391 0.779167 0.725391 0.804167 0.7 0.804167
0 0.745312 0.79375 0.766016 0.79375 0.766016 0.824479 0.745312 0.824479
0 0.771094 0.765104 0.792188 0.765104 0.792188 0.785938 0.771094 0.785938
0 0.785938 0.803125 0.810547 0.803125 0.810547 0.827083 0.785938 0.827083
0 0.830859 0.789583 0.847266 0.789583 0.847266 0.815625 0.830859 0.815625
0 0.819922 0.855729 0.839453 0.855729 0.839453 0.885417 0.819922 0.885417
0 0.772266 0.878125 0.797656 0.878125 0.797656 0.903646 0.772266 0.903646
0 0.739844 0.841667 0.763281 0.841667 0.763281 0.863021 0.739844 0.863021
0 0.739453 0.946875 0.757422 0.946875 0.757422 0.975 0.739453 0.975
0 0.788281 0.654167 0.810938 0.654167 0.810938 0.677604 0.788281 0.677604
0 0.819922 0.70625 0.840625 0.70625 0.840625 0.732812 0.819922 0.732812
0 0.669922 0.715104 0.687891 0.715104 0.687891 0.742708 0.669922 0.742708
0 0.817578 0.614583 0.839844 0.614583 0.839844 0.648438 0.817578 0.648438
0 0.835547 0.583854 0.855469 0.583854 0.855469 0.607292 0.835547 0.607292
0 0.735938 0.613021 0.760938 0.613021 0.760938 0.641667 0.735938 0.641667
0 0.701172 0.582812 0.722266 0.582812 0.722266 0.610417 0.701172 0.610417
0 0.615234 0.604167 0.639062 0.604167 0.639062 0.626042 0.615234 0.626042
0 0.912109 0.939062 0.937891 0.939062 0.937891 0.964583 0.912109 0.964583
0 0.958203 0.967188 0.978125 0.967188 0.978125 0.986458 0.958203 0.986458
0 0.976562 0.861458 0.999609 0.861458 0.999609 0.886458 0.976562 0.886458
0 0.887109 0.602083 0.912109 0.602083 0.912109 0.628125 0.887109 0.628125
0 0.859375 0.613542 0.883594 0.613542 0.883594 0.635417 0.859375 0.635417
0 0.849609 0.648958 0.867188 0.648958 0.867188 0.672396 0.849609 0.672396
0 0.791016 0.551042 0.810156 0.551042 0.810156 0.585417 0.791016 0.585417
0 0.944922 0.477083 0.969922 0.477083 0.969922 0.50625 0.944922 0.50625
0 0.953125 0.410417 0.973047 0.410417 0.973047 0.436979 0.953125 0.436979
0 0.914844 0.430208 0.936328 0.430208 0.936328 0.449479 0.914844 0.449479
0 0.878906 0.457292 0.901172 0.457292 0.901172 0.483854 0.878906 0.483854
0 0.899609 0.528646 0.91875 0.528646 0.91875 0.551042 0.899609 0.551042
0 0.658984 0.520833 0.681641 0.520833 0.681641 0.544271 0.658984 0.544271
0 0.620312 0.513021 0.64375 0.513021 0.64375 0.536458 0.620312 0.536458
0 0.629688 0.466146 0.647266 0.466146 0.647266 0.497396 0.629688 0.497396
0 0.658203 0.459375 0.677344 0.459375 0.677344 0.483854 0.658203 0.483854
0 0.745703 0.403646 0.7625 0.403646 0.7625 0.44375 0.745703 0.44375
0 0.812891 0.371354 0.834375 0.371354 0.834375 0.405729 0.812891 0.405729
0 0.84375 0.345833 0.866406 0.345833 0.866406 0.374479 0.84375 0.374479
0 0.876172 0.332292 0.892969 0.332292 0.892969 0.363542 0.876172 0.363542
0 0.859375 0.391146 0.878906 0.391146 0.878906 0.418229 0.859375 0.418229
0 0.882812 0.385938 0.903125 0.385938 0.903125 0.413542 0.882812 0.413542
0 0.903125 0.366667 0.925391 0.366667 0.925391 0.392708 0.903125 0.392708
0 0.939844 0.340104 0.965625 0.340104 0.965625 0.367708 0.939844 0.367708
0 0.841406 0.309896 0.864062 0.309896 0.864062 0.335938 0.841406 0.335938
0 0.833984 0.264062 0.860156 0.264062 0.860156 0.290625 0.833984 0.290625
0 0.878125 0.227604 0.903906 0.227604 0.903906 0.249479 0.878125 0.249479
0 0.917969 0.193229 0.944141 0.193229 0.944141 0.21875 0.917969 0.21875
0 0.800391 0.244271 0.817969 0.244271 0.817969 0.269271 0.800391 0.269271
0 0.902344 0.255208 0.919531 0.255208 0.919531 0.277083 0.902344 0.277083
0 0.927344 0.277083 0.953516 0.277083 0.953516 0.299479 0.927344 0.299479
0 0.729297 0.201042 0.745312 0.201042 0.745312 0.231771 0.729297 0.231771
0 0.783203 0.195312 0.803516 0.195312 0.803516 0.223438 0.783203 0.223438
0 0.607422 0.197396 0.626172 0.197396 0.626172 0.231771 0.607422 0.231771
0 0.675391 0.141146 0.703125 0.141146 0.703125 0.176562 0.675391 0.176562
0 0.710938 0.127604 0.734766 0.127604 0.734766 0.154688 0.710938 0.154688
0 0.702344 0.178125 0.724219 0.178125 0.724219 0.20625 0.702344 0.20625
0 0.655078 0.225521 0.673047 0.225521 0.673047 0.260417 0.655078 0.260417
0 0.562891 0.193229 0.582422 0.193229 0.582422 0.220312 0.562891 0.220312
0 0.603516 0.123438 0.623828 0.123438 0.623828 0.15 0.603516 0.15
0 0.646484 0.093229 0.668359 0.093229 0.668359 0.119792 0.646484 0.119792
0 0.842188 0.126562 0.866016 0.126562 0.866016 0.153646 0.842188 0.153646
0 0.916797 0.655729 0.941406 0.655729 0.941406 0.673958 0.916797 0.673958
0 0.874609 0.645312 0.89375 0.645312 0.89375 0.668229 0.874609 0.668229
0 0.7 0.531771 0.719922 0.531771 0.719922 0.553125 0.7 0.553125
0 0.646094 0.588021 0.665625 0.588021 0.665625 0.619792 0.646094 0.619792
0 0.582812 0.489062 0.609375 0.489062 0.609375 0.513021 0.582812 0.513021
0 0.59375 0.403125 0.617188 0.403125 0.617188 0.426042 0.59375 0.426042
0 0.744922 0.496875 0.767188 0.496875 0.767188 0.517708 0.744922 0.517708
0 0.767188 0.447396 0.787891 0.447396 0.787891 0.475 0.767188 0.475
0 0.724219 0.464062 0.742578 0.464062 0.742578 0.495833 0.724219 0.495833
0 0.646484 0.698438 0.664062 0.698438 0.664062 0.715625 0.646484 0.715625
0 0.679297 0.777604 0.698047 0.777604 0.698047 0.795312 0.679297 0.795312
0 0.562109 0.422917 0.58125 0.422917 0.58125 0.447917 0.562109 0.447917
0 0.882031 0.560938 0.907812 0.560938 0.907812 0.581771 0.882031 0.581771
0 0.455859 0.263542 0.476172 0.263542 0.476172 0.286979 0.455859 0.286979
0 0.490625 0.286979 0.5125 0.286979 0.5125 0.310938 0.490625 0.310938
0 0.523047 0.232292 0.542578 0.232292 0.542578 0.264583 0.523047 0.264583
0 0.534375 0.278646 0.558203 0.278646 0.558203 0.305729 0.534375 0.305729
0 0.529688 0.167188 0.554688 0.167188 0.554688 0.202083 0.529688 0.202083
0 0.523828 0.124479 0.546094 0.124479 0.546094 0.155729 0.523828 0.155729
0 0.562891 0.127604 0.582422 0.127604 0.582422 0.153646 0.562891 0.153646
0 0.532812 0.068229 0.554688 0.068229 0.554688 0.098438 0.532812 0.098438
0 0.534375 0.03125 0.559766 0.03125 0.559766 0.054167 0.534375 0.054167
0 0.597656 0.020833 0.621094 0.020833 0.621094 0.048958 0.597656 0.048958
0 0.683594 0.004688 0.704688 0.004688 0.704688 0.039062 0.683594 0.039062
0 0.668359 0.057292 0.686719 0.057292 0.686719 0.075521 0.668359 0.075521
0 0.765234 0.017708 0.781641 0.017708 0.781641 0.046875 0.765234 0.046875
0 0.729688 0.072396 0.751562 0.072396 0.751562 0.100521 0.729688 0.100521
0 0.879688 0.082292 0.900781 0.082292 0.900781 0.105729 0.879688 0.105729
0 0.908203 0.059375 0.929688 0.059375 0.929688 0.084375 0.908203 0.084375
0 0.914453 0.107292 0.938672 0.107292 0.938672 0.132812 0.914453 0.132812
0 0.903906 0.148958 0.923438 0.148958 0.923438 0.173958 0.903906 0.173958
0 0.937109 0.139583 0.958203 0.139583 0.958203 0.164062 0.937109 0.164062
0 0.465234 0.129167 0.483594 0.129167 0.483594 0.160417 0.465234 0.160417
0 0.788672 0.022396 0.808594 0.022396 0.808594 0.045833 0.788672 0.045833
0 0.558984 0.317188 0.580469 0.317188 0.580469 0.336979 0.558984 0.336979
0 0.496094 0.194271 0.519141 0.194271 0.519141 0.222396 0.496094 0.222396
0 0.816406 0.177083 0.834375 0.177083 0.834375 0.198958 0.816406 0.198958