0 0.057422 0.018229 0.084375 0.018229 0.084375 0.042708 0.057422 0.042708
0 0.122266 0.005729 0.142969 0.005729 0.142969 0.024479 0.122266 0.024479
0 0.017188 0.075 0.0375 0.075 0.0375 0.107292 0.017188 0.107292
0 0.043359 0.076562 0.060547 0.076562 0.060547 0.103646 0.043359 0.103646
0 0.061719 0.097917 0.085938 0.097917 0.085938 0.125521 0.061719 0.125521
0 0.088281 0.067188 0.113281 0.067188 0.113281 0.092188 0.088281 0.092188
0 0.117578 0.058854 0.142578 0.058854 0.142578 0.082812 0.117578 0.082812
0 0.109766 0.093229 0.125391 0.093229 0.125391 0.127083 0.109766 0.127083
0 0.028516 0.119792 0.050391 0.119792 0.050391 0.145833 0.028516 0.145833
0 0.057422 0.134375 0.080469 0.134375 0.080469 0.159375 0.057422 0.159375
0 0.198438 0.024479 0.221484 0.024479 0.221484 0.046875 0.198438 0.046875
0 0.198438 0.002083 0.219531 0.002083 0.219531 0.022917 0.198438 0.022917
0 0.288672 0.002604 0.3125 0.002604 0.3125 0.022396 0.288672 0.022396
0 0.3 0.0375 0.328516 0.0375 0.328516 0.070833 0.3 0.070833
0 0.201953 0.121875 0.225391 0.121875 0.225391 0.160417 0.201953 0.160417
0 0.157422 0.109896 0.178906 0.109896 0.178906 0.135938 0.157422 0.135938
0 0.1375 0.144271 0.163672 0.144271 0.163672 0.173438 0.1375 0.173438
0 0.164062 0.185938 0.186328 0.185938 0.186328 0.211458 0.164062 0.211458
0 0.253516 0.122917 0.279688 0.122917 0.279688 0.145833 0.253516 0.145833
0 0.275 0.15625 0.300781 0.15625 0.300781 0.177083 0.275 0.177083
0 0.314062 0.091146 0.337109 0.091146 0.337109 0.119271 0.314062 0.119271
0 0.342578 0.094271 0.364844 0.094271 0.364844 0.125 0.342578 0.125
0 0.346484 0.05 0.369531 0.05 0.369531 0.075521 0.346484 0.075521
0 0.371094 0.065625 0.391406 0.065625 0.391406 0.094792 0.371094 0.094792
0 0.336719 0.158854 0.360547 0.158854 0.360547 0.182812 0.336719 0.182812
0 0.292188 0.127083 0.311719 0.127083 0.311719 0.157292 0.292188 0.157292
0 0.455469 0.015625 0.470703 0.015625 0.470703 0.042708 0.455469 0.042708
0 0.479688 0.010417 0.500781 0.010417 0.500781 0.033854 0.479688 0.033854
0 0.491406 0.057292 0.515625 0.057292 0.515625 0.079167 0.491406 0.079167
0 0.499609 0.079688 0.519141 0.079688 0.519141 0.098438 0.499609 0.098438
0 0.525391 0.072917 0.548828 0.072917 0.548828 0.104688 0.525391 0.104688
0 0.453906 0.088021 0.474219 0.088021 0.474219 0.115104 0.453906 0.115104
0 0.476953 0.111458 0.498828 0.111458 0.498828 0.138021 0.476953 0.138021
0 0.54375 0.10625 0.567969 0.10625 0.567969 0.128646 0.54375 0.128646
0 0.582031 0.102604 0.60625 0.102604 0.60625 0.126042 0.582031 0.126042
0 0.586328 0.071354 0.610547 0.071354 0.610547 0.097396 0.586328 0.097396
0 0.564844 0.021875 0.592188 0.021875 0.592188 0.046354 0.564844 0.046354
0 0.621875 0.045833 0.643359 0.045833 0.643359 0.069271 0.621875 0.069271
0 0.657812 0.065625 0.683984 0.065625 0.683984 0.088021 0.657812 0.088021
0 0.649219 0.027604 0.672266 0.027604 0.672266 0.047396 0.649219 0.047396
0 0.628516 0.108854 0.65 0.108854 0.65 0.138542 0.628516 0.138542
0 0.735547 0.045312 0.75625 0.045312 0.75625 0.066667 0.735547 0.066667
0 0.7875 0.046875 0.806641 0.046875 0.806641 0.071354 0.7875 0.071354
0 0.818359 0.005208 0.837109 0.005208 0.837109 0.036458 0.818359 0.036458
0 0.834375 0.061458 0.859375 0.061458 0.859375 0.086458 0.834375 0.086458
0 0.874219 0.0125 0.897656 0.0125 0.897656 0.0375 0.874219 0.0375
0 0.796094 0.09375 0.819141 0.09375 0.819141 0.123438 0.796094 0.123438
0 0.746875 0.089062 0.769141 0.089062 0.769141 0.106771 0.746875 0.106771
0 0.75 0.111458 0.772656 0.111458 0.772656 0.13125 0.75 0.13125
0 0.828516 0.105729 0.854688 0.105729 0.854688 0.126562 0.828516 0.126562
0 0.900391 0.084375 0.925391 0.084375 0.925391 0.108333 0.900391 0.108333
0 0.876172 0.110417 0.900781 0.110417 0.900781 0.130208 0.876172 0.130208
0 0.890234 0.138542 0.9125 0.138542 0.9125 0.160417 0.890234 0.160417
0 0.917578 0.151042 0.937109 0.151042 0.937109 0.177604 0.917578 0.177604
0 0.938672 0.054167 0.959766 0.054167 0.959766 0.073958 0.938672 0.073958
0 0.951172 0.076042 0.977734 0.076042 0.977734 0.103125 0.951172 0.103125
0 0.976172 0.115625 0.999609 0.115625 0.999609 0.140625 0.976172 0.140625
0 0.862109 0.167708 0.880859 0.167708 0.880859 0.196354 0.862109 0.196354
0 0.886719 0.171354 0.907422 0.171354 0.907422 0.194792 0.886719 0.194792
0 0.822656 0.157292 0.843359 0.157292 0.843359 0.186458 0.822656 0.186458
0 0.777734 0.144792 0.802344 0.144792 0.802344 0.165625 0.777734 0.165625
0 0.775391 0.183333 0.797266 0.183333 0.797266 0.208854 0.775391 0.208854
0 0.732031 0.173438 0.750391 0.173438 0.750391 0.203646 0.732031 0.203646
0 0.844141 0.198958 0.870312 0.198958 0.870312 0.229167 0.844141 0.229167
0 0.815234 0.213542 0.832812 0.213542 0.832812 0.240625 0.815234 0.240625
0 0.746484 0.205208 0.765234 0.205208 0.765234 0.236458 0.746484 0.236458
0 0.782812 0.21875 0.803125 0.21875 0.803125 0.242708 0.782812 0.242708
0 0.665625 0.121875 0.683203 0.121875 0.683203 0.148958 0.665625 0.148958
0 0.683203 0.154688 0.699609 0.154688 0.699609 0.179688 0.683203 0.179688
0 0.645312 0.179167 0.669922 0.179167 0.669922 0.203646 0.645312 0.203646
0 0.691406 0.197917 0.711328 0.197917 0.711328 0.228125 0.691406 0.228125
0 0.615234 0.142188 0.639844 0.142188 0.639844 0.167708 0.615234 0.167708
0 0.642188 0.214062 0.665625 0.214062 0.665625 0.235938 0.642188 0.235938
0 0.648828 0.238021 0.670703 0.238021 0.670703 0.256771 0.648828 0.256771
0 0.916406 0.246354 0.940625 0.246354 0.940625 0.269271 0.916406 0.269271
0 0.925 0.217708 0.948828 0.217708 0.948828 0.239062 0.925 0.239062
0 0.964062 0.231771 0.986328 0.231771 0.986328 0.261458 0.964062 0.261458
0 0.962891 0.198958 0.985156 0.198958 0.985156 0.222396 0.962891 0.222396
0 0.950391 0.002083 0.972266 0.002083 0.972266 0.021875 0.950391 0.021875
0 0.916797 0.0 0.934766 0.0 0.934766 0.023438 0.916797 0.023438
0 0.949219 0.33125 0.967969 0.33125 0.967969 0.364062 0.949219 0.364062
0 0.876562 0.311458 0.900391 0.311458 0.900391 0.338542 0.876562 0.338542
0 0.908984 0.291146 0.926172 0.291146 0.926172 0.307812 0.908984 0.307812
0 0.907812 0.35625 0.926172 0.35625 0.926172 0.388542 0.907812 0.388542
0 0.951953 0.401562 0.976562 0.401562 0.976562 0.427604 0.951953 0.427604
0 0.960938 0.445312 0.982812 0.445312 0.982812 0.480208 0.960938 0.480208
0 0.919141 0.454688 0.939062 0.454688 0.939062 0.479688 0.919141 0.479688
0 0.966406 0.494271 0.984766 0.494271 0.984766 0.519271 0.966406 0.519271
0 0.928125 0.495833 0.946484 0.495833 0.946484 0.525521 0.928125 0.525521
0 0.955078 0.525 0.976562 0.525 0.976562 0.55625 0.955078 0.55625
0 0.939453 0.547917 0.963281 0.547917 0.963281 0.575 0.939453 0.575
0 0.899609 0.542708 0.923047 0.542708 0.923047 0.573958 0.899609 0.573958
0 0.876172 0.490104 0.894922 0.490104 0.894922 0.525521 0.876172 0.525521
0 0.852344 0.448958 0.871875 0.448958 0.871875 0.481771 0.852344 0.481771
0 0.852344 0.531771 0.876172 0.531771 0.876172 0.552604 0.852344 0.552604
0 0.81875 0.528125 0.839844 0.528125 0.839844 0.558333 0.81875 0.558333
0 0.807031 0.451562 0.826562 0.451562 0.826562 0.482812 0.807031 0.482812
0 0.784766 0.433333 0.802344 0.433333 0.802344 0.463021 0.784766 0.463021
0 0.905078 0.600521 0.927344 0.600521 0.927344 0.626562 0.905078 0.626562
0 0.867188 0.579688 0.882812 0.579688 0.882812 0.611458 0.867188 0.611458
0 0.870703 0.640104 0.889844 0.640104 0.889844 0.669792 0.870703 0.669792
0 0.966797 0.651042 0.982031 0.651042 0.982031 0.680208 0.966797 0.680208
0 0.917578 0.644792 0.944531 0.644792 0.944531 0.675 0.917578 0.675
0 0.801172 0.590625 0.817578 0.590625 0.817578 0.621354 0.801172 0.621354
0 0.794531 0.561979 0.815234 0.561979 0.815234 0.582812 0.794531 0.582812
0 0.832812 0.592188 0.849609 0.592188 0.849609 0.626042 0.832812 0.626042
0 0.780078 0.613542 0.798047 0.613542 0.798047 0.647917 0.780078 0.647917
0 0.819141 0.669271 0.837109 0.669271 0.837109 0.701042 0.819141 0.701042
0 0.939453 0.692708 0.959375 0.692708 0.959375 0.71875 0.939453 0.71875
0 0.908203 0.704688 0.925391 0.704688 0.925391 0.727604 0.908203 0.727604
0 0.879688 0.723958 0.907422 0.723958 0.907422 0.744271 0.879688 0.744271
0 0.878906 0.686458 0.896875 0.686458 0.896875 0.716146 0.878906 0.716146
0 0.823828 0.708854 0.844922 0.708854 0.844922 0.732812 0.823828 0.732812
0 0.847266 0.699479 0.865234 0.699479 0.865234 0.725521 0.847266 0.725521
0 0.910156 0.773438 0.931641 0.773438 0.931641 0.795833 0.910156 0.795833
0 0.853516 0.758854 0.871484 0.758854 0.871484 0.789583 0.853516 0.789583
0 0.882031 0.799479 0.901172 0.799479 0.901172 0.827083 0.882031 0.827083
0 0.91875 0.827604 0.939844 0.827604 0.939844 0.854167 0.91875 0.854167
0 0.882422 0.864583 0.907422 0.864583 0.907422 0.892708 0.882422 0.892708
0 0.841016 0.821354 0.860938 0.821354 0.860938 0.853646 0.841016 0.853646
0 0.906641 0.905208 0.923438 0.905208 0.923438 0.935417 0.906641 0.935417
0 0.876172 0.965625 0.896094 0.965625 0.896094 0.994792 0.876172 0.994792
0 0.841406 0.919271 0.857422 0.919271 0.857422 0.950521 0.841406 0.950521
0 0.820703 0.881771 0.836328 0.881771 0.836328 0.914062 0.820703 0.914062
0 0.8125 0.936979 0.830469 0.936979 0.830469 0.970312 0.8125 0.970312
0 0.86875 0.905729 0.889062 0.905729 0.889062 0.934375 0.86875 0.934375
0 0.785156 0.863021 0.803125 0.863021 0.803125 0.897917 0.785156 0.897917
0 0.782031 0.963542 0.8 0.963542 0.8 0.995833 0.782031 0.995833
0 0.750391 0.853646 0.769531 0.853646 0.769531 0.886979 0.750391 0.886979
0 0.750391 0.811458 0.769531 0.811458 0.769531 0.836979 0.750391 0.836979
0 0.783984 0.798958 0.803516 0.798958 0.803516 0.821354 0.783984 0.821354
0 0.808594 0.797396 0.827734 0.797396 0.827734 0.830208 0.808594 0.830208
0 0.032031 0.169792 0.058594 0.169792 0.058594 0.198438 0.032031 0.198438
0 0.084766 0.167708 0.111328 0.167708 0.111328 0.193229 0.084766 0.193229
0 0.063281 0.204688 0.085156 0.204688 0.085156 0.230729 0.063281 0.230729
0 0.030078 0.227083 0.055859 0.227083 0.055859 0.252604 0.030078 0.252604
0 0.084766 0.219271 0.105078 0.219271 0.105078 0.251042 0.084766 0.251042
0 0.114844 0.238542 0.134766 0.238542 0.134766 0.270833 0.114844 0.270833
0 0.146875 0.239583 0.169141 0.239583 0.169141 0.265104 0.146875 0.265104
0 0.219531 0.221875 0.240234 0.221875 0.240234 0.249479 0.219531 0.249479
0 0.266797 0.184375 0.293359 0.184375 0.293359 0.213021 0.266797 0.213021
0 0.267578 0.231771 0.289844 0.231771 0.289844 0.254688 0.267578 0.254688
0 0.239844 0.279167 0.266016 0.279167 0.266016 0.303646 0.239844 0.303646
0 0.192969 0.258333 0.208984 0.258333 0.208984 0.286458 0.192969 0.286458
0 0.175391 0.291146 0.193359 0.291146 0.193359 0.325 0.175391 0.325
0 0.15 0.284375 0.167969 0.284375 0.167969 0.314062 0.15 0.314062
0 0.072656 0.292188 0.098828 0.292188 0.098828 0.315625 0.072656 0.315625
0 0.122266 0.292708 0.139844 0.292708 0.139844 0.321354 0.122266 0.321354
0 0.069531 0.334896 0.089453 0.334896 0.089453 0.356771 0.069531 0.356771
0 0.283594 0.285417 0.304688 0.285417 0.304688 0.311458 0.283594 0.311458
0 0.326562 0.279688 0.352344 0.279688 0.352344 0.302083 0.326562 0.302083
0 0.306641 0.23125 0.329297 0.23125 0.329297 0.254167 0.306641 0.254167
0 0.298047 0.189583 0.319141 0.189583 0.319141 0.216667 0.298047 0.216667
0 0.336328 0.210938 0.358984 0.210938 0.358984 0.238021 0.336328 0.238021
0 0.358984 0.196354 0.378125 0.196354 0.378125 0.221354 0.358984 0.221354
0 0.032812 0.340104 0.052734 0.340104 0.052734 0.361979 0.032812 0.361979
0 0.102344 0.351562 0.125391 0.351562 0.125391 0.374479 0.102344 0.374479
0 0.163672 0.346354 0.18125 0.346354 0.18125 0.378125 0.163672 0.378125
0 0.198047 0.31875 0.217188 0.31875 0.217188 0.353646 0.198047 0.353646
0 0.233594 0.319792 0.260938 0.319792 0.260938 0.346354 0.233594 0.346354
0 0.105078 0.383333 0.128906 0.383333 0.128906 0.404688 0.105078 0.404688
0 0.254688 0.352083 0.275781 0.352083 0.275781 0.371875 0.254688 0.371875
0 0.315625 0.316667 0.341797 0.316667 0.341797 0.341146 0.315625 0.341146
0 0.288281 0.345833 0.310547 0.345833 0.310547 0.369792 0.288281 0.369792
0 0.333203 0.346354 0.353516 0.346354 0.353516 0.365104 0.333203 0.365104
0 0.400781 0.260938 0.423047 0.260938 0.423047 0.299479 0.400781 0.299479
0 0.029297 0.450521 0.051953 0.450521 0.051953 0.478125 0.029297 0.478125
0 0.0 0.476562 0.021094 0.476562 0.021094 0.503125 0.0 0.503125
0 0.027734 0.505208 0.054688 0.505208 0.054688 0.531771 0.027734 0.531771
0 0.050391 0.466667 0.069531 0.466667 0.069531 0.496875 0.050391 0.496875
0 0.1125 0.486979 0.130078 0.486979 0.130078 0.516667 0.1125 0.516667
0 0.044141 0.554688 0.066406 0.554688 0.066406 0.586458 0.044141 0.586458
0 0.007422 0.558854 0.027734 0.558854 0.027734 0.590625 0.007422 0.590625
0 0.073047 0.572917 0.094922 0.572917 0.094922 0.607812 0.073047 0.607812
0 0.023047 0.617708 0.043359 0.617708 0.043359 0.647396 0.023047 0.647396
0 0.087891 0.627604 0.107031 0.627604 0.107031 0.660938 0.087891 0.660938
0 0.054688 0.646875 0.075 0.646875 0.075 0.677604 0.054688 0.677604
0 0.077344 0.684375 0.095703 0.684375 0.095703 0.718229 0.077344 0.718229
0 0.153906 0.549479 0.178516 0.549479 0.178516 0.576042 0.153906 0.576042
0 0.162891 0.590104 0.182422 0.590104 0.182422 0.618229 0.162891 0.618229
0 0.133984 0.625521 0.153906 0.625521 0.153906 0.6625 0.133984 0.6625
0 0.106641 0.661458 0.121875 0.661458 0.121875 0.691667 0.106641 0.691667
0 0.193359 0.572917 0.208984 0.572917 0.208984 0.604688 0.193359 0.604688
0 0.023047 0.702604 0.040625 0.702604 0.040625 0.738542 0.023047 0.738542
0 0.053516 0.703125 0.071094 0.703125 0.071094 0.729688 0.053516 0.729688
0 0.027734 0.760417 0.04375 0.760417 0.04375 0.786979 0.027734 0.786979
0 0.060156 0.748958 0.078125 0.748958 0.078125 0.780208 0.060156 0.780208
0 0.080469 0.78125 0.097266 0.78125 0.097266 0.815104 0.080469 0.815104
0 0.100391 0.738542 0.115625 0.738542 0.115625 0.76875 0.100391 0.76875
0 0.117969 0.75 0.136719 0.75 0.136719 0.783333 0.117969 0.783333
0 0.117578 0.701562 0.133984 0.701562 0.133984 0.730729 0.117578 0.730729
0 0.186719 0.424479 0.211328 0.424479 0.211328 0.449479 0.186719 0.449479
0 0.169531 0.459375 0.191016 0.459375 0.191016 0.481771 0.169531 0.481771
0 0.210938 0.454167 0.237891 0.454167 0.237891 0.483333 0.210938 0.483333
0 0.240625 0.489583 0.264844 0.489583 0.264844 0.515104 0.240625 0.515104
0 0.201172 0.5 0.227734 0.5 0.227734 0.520833 0.201172 0.520833
0 0.261328 0.436458 0.285938 0.436458 0.285938 0.459896 0.261328 0.459896
0 0.295312 0.496354 0.323047 0.496354 0.323047 0.523958 0.295312 0.523958
0 0.317969 0.429688 0.336328 0.429688 0.336328 0.457292 0.317969 0.457292
0 0.255078 0.540104 0.277734 0.540104 0.277734 0.563542 0.255078 0.563542
0 0.249609 0.572396 0.275781 0.572396 0.275781 0.596354 0.249609 0.596354
0 0.297266 0.558333 0.325 0.558333 0.325 0.583333 0.297266 0.583333
0 0.294141 0.424479 0.311719 0.424479 0.311719 0.449479 0.294141 0.449479
0 0.336719 0.431771 0.351953 0.431771 0.351953 0.458333 0.336719 0.458333
0 0.366797 0.446354 0.389453 0.446354 0.389453 0.472396 0.366797 0.472396
0 0.395703 0.430208 0.414062 0.430208 0.414062 0.461979 0.395703 0.461979
0 0.344922 0.494792 0.363281 0.494792 0.363281 0.520833 0.344922 0.520833
0 0.394922 0.5 0.413672 0.5 0.413672 0.53125 0.394922 0.53125
0 0.35625 0.517188 0.382031 0.517188 0.382031 0.540625 0.35625 0.540625
0 0.438672 0.511979 0.450391 0.511979 0.450391 0.533854 0.438672 0.533854
0 0.437109 0.551042 0.459375 0.551042 0.459375 0.577604 0.437109 0.577604
0 0.404297 0.551562 0.427734 0.551562 0.427734 0.577604 0.404297 0.577604
0 0.340625 0.579167 0.363281 0.579167 0.363281 0.602604 0.340625 0.602604
0 0.309375 0.595833 0.332031 0.595833 0.332031 0.623438 0.309375 0.623438
0 0.359375 0.615625 0.377734 0.615625 0.377734 0.6375 0.359375 0.6375
0 0.4 0.617188 0.422656 0.617188 0.422656 0.642708 0.4 0.642708
0 0.455078 0.591146 0.483203 0.591146 0.483203 0.614062 0.455078 0.614062
0 0.471875 0.628646 0.494141 0.628646 0.494141 0.656771 0.471875 0.656771
0 0.508203 0.542188 0.526172 0.542188 0.526172 0.569792 0.508203 0.569792
0 0.528516 0.573438 0.544141 0.573438 0.544141 0.604167 0.528516 0.604167
0 0.228516 0.632812 0.248828 0.632812 0.248828 0.661979 0.228516 0.661979
0 0.266406 0.631771 0.287891 0.631771 0.287891 0.665625 0.266406 0.665625
0 0.249609 0.673438 0.276172 0.673438 0.276172 0.700521 0.249609 0.700521
0 0.3125 0.646875 0.339453 0.646875 0.339453 0.668229 0.3125 0.668229
0 0.321094 0.676562 0.344141 0.676562 0.344141 0.700521 0.321094 0.700521
0 0.303516 0.705208 0.319531 0.705208 0.319531 0.734896 0.303516 0.734896
0 0.198438 0.659375 0.214453 0.659375 0.214453 0.692708 0.198438 0.692708
0 0.176172 0.688021 0.194531 0.688021 0.194531 0.714583 0.176172 0.714583
0 0.162109 0.708333 0.180469 0.708333 0.180469 0.741146 0.162109 0.741146
0 0.147656 0.710938 0.163281 0.710938 0.163281 0.744792 0.147656 0.744792
0 0.161719 0.746354 0.185938 0.746354 0.185938 0.771875 0.161719 0.771875
0 0.214844 0.773438 0.234375 0.773438 0.234375 0.804167 0.214844 0.804167
0 0.182422 0.776562 0.201172 0.776562 0.201172 0.809375 0.182422 0.809375
0 0.167578 0.827083 0.190625 0.827083 0.190625 0.848438 0.167578 0.848438
0 0.158984 0.789062 0.174219 0.789062 0.174219 0.820312 0.158984 0.820312
0 0.208594 0.828125 0.230859 0.828125 0.230859 0.854688 0.208594 0.854688
0 0.238281 0.794792 0.260938 0.794792 0.260938 0.823438 0.238281 0.823438
0 0.238672 0.834375 0.264062 0.834375 0.264062 0.860417 0.238672 0.860417
0 0.278516 0.818229 0.300781 0.818229 0.300781 0.842188 0.278516 0.842188
0 0.2625 0.7125 0.281641 0.7125 0.281641 0.733854 0.2625 0.733854
0 0.333984 0.748438 0.360547 0.748438 0.360547 0.776562 0.333984 0.776562
0 0.328125 0.840625 0.352734 0.840625 0.352734 0.8625 0.328125 0.8625
0 0.290234 0.857292 0.313672 0.857292 0.313672 0.885417 0.290234 0.885417
0 0.206641 0.861979 0.228516 0.861979 0.228516 0.892708 0.206641 0.892708
0 0.243359 0.8875 0.265625 0.8875 0.265625 0.915104 0.243359 0.915104
0 0.191406 0.913021 0.217188 0.913021 0.217188 0.935417 0.191406 0.935417
0 0.234375 0.939062 0.253906 0.939062 0.253906 0.964062 0.234375 0.964062
0 0.258594 0.919792 0.277734 0.919792 0.277734 0.953125 0.258594 0.953125
0 0.201172 0.968229 0.213672 0.968229 0.213672 0.997396 0.201172 0.997396
0 0.279688 0.951562 0.302734 0.951562 0.302734 0.975 0.279688 0.975
0 0.289062 0.911979 0.306641 0.911979 0.306641 0.938021 0.289062 0.938021
0 0.319922 0.93125 0.345312 0.93125 0.345312 0.953646 0.319922 0.953646
0 0.314453 0.883854 0.335547 0.883854 0.335547 0.906771 0.314453 0.906771
0 0.330078 0.903125 0.346875 0.903125 0.346875 0.923958 0.330078 0.923958
0 0.395312 0.950521 0.416016 0.950521 0.416016 0.986458 0.395312 0.986458
0 0.352734 0.949479 0.375781 0.949479 0.375781 0.973958 0.352734 0.973958
0 0.437109 0.964583 0.454297 0.964583 0.454297 0.992188 0.437109 0.992188
0 0.369141 0.878125 0.391016 0.878125 0.391016 0.911979 0.369141 0.911979
0 0.408984 0.916146 0.433594 0.916146 0.433594 0.942708 0.408984 0.942708
0 0.451172 0.905208 0.470312 0.905208 0.470312 0.936979 0.451172 0.936979
0 0.408203 0.795833 0.432031 0.795833 0.432031 0.81875 0.408203 0.81875
0 0.372266 0.829167 0.397656 0.829167 0.397656 0.847917 0.372266 0.847917
0 0.404688 0.840625 0.428125 0.840625 0.428125 0.867188 0.404688 0.867188
0 0.410156 0.882812 0.433594 0.882812 0.433594 0.907812 0.410156 0.907812
0 0.447656 0.835417 0.465625 0.835417 0.465625 0.866667 0.447656 0.866667
0 0.383203 0.760938 0.406641 0.760938 0.406641 0.78125 0.383203 0.78125
0 0.367578 0.704688 0.390625 0.704688 0.390625 0.729688 0.367578 0.729688
0 0.391797 0.68125 0.407422 0.68125 0.407422 0.713021 0.391797 0.713021
0 0.381641 0.636458 0.399219 0.636458 0.399219 0.666146 0.381641 0.666146
0 0.4125 0.679167 0.433203 0.679167 0.433203 0.699479 0.4125 0.699479
0 0.415234 0.717708 0.436328 0.717708 0.436328 0.742188 0.415234 0.742188
0 0.446484 0.707812 0.467578 0.707812 0.467578 0.73125 0.446484 0.73125
0 0.4625 0.725521 0.479688 0.725521 0.479688 0.751042 0.4625 0.751042
0 0.456641 0.668229 0.480859 0.668229 0.480859 0.693229 0.456641 0.693229
0 0.433984 0.642708 0.454688 0.642708 0.454688 0.66875 0.433984 0.66875
0 0.432031 0.177604 0.457422 0.177604 0.457422 0.201562 0.432031 0.201562
0 0.449609 0.208333 0.472266 0.208333 0.472266 0.231771 0.449609 0.231771
0 0.463672 0.239062 0.485547 0.239062 0.485547 0.265104 0.463672 0.265104
0 0.472266 0.271354 0.496094 0.271354 0.496094 0.290625 0.472266 0.290625
0 0.451562 0.302604 0.476953 0.302604 0.476953 0.327083 0.451562 0.327083
0 0.490625 0.193229 0.516406 0.193229 0.516406 0.223438 0.490625 0.223438
0 0.530078 0.220833 0.554688 0.220833 0.554688 0.242708 0.530078 0.242708
0 0.502344 0.231771 0.523828 0.231771 0.523828 0.257812 0.502344 0.257812
0 0.503516 0.276562 0.527734 0.276562 0.527734 0.305208 0.503516 0.305208
0 0.491406 0.323438 0.521484 0.323438 0.521484 0.343229 0.491406 0.343229
0 0.457031 0.3375 0.481641 0.3375 0.481641 0.360417 0.457031 0.360417
0 0.519141 0.353646 0.539453 0.353646 0.539453 0.378125 0.519141 0.378125
0 0.535547 0.291146 0.559766 0.291146 0.559766 0.314062 0.535547 0.314062
0 0.495703 0.150521 0.51875 0.150521 0.51875 0.173438 0.495703 0.173438
0 0.536719 0.164062 0.555078 0.164062 0.555078 0.188542 0.536719 0.188542
0 0.566797 0.172396 0.587891 0.172396 0.587891 0.197396 0.566797 0.197396
0 0.571484 0.141146 0.599219 0.141146 0.599219 0.160938 0.571484 0.160938
0 0.602344 0.223438 0.623828 0.223438 0.623828 0.248958 0.602344 0.248958
0 0.569531 0.226042 0.591406 0.226042 0.591406 0.246354 0.569531 0.246354
0 0.570703 0.255729 0.589453 0.255729 0.589453 0.277083 0.570703 0.277083
0 0.574609 0.306771 0.596875 0.306771 0.596875 0.326042 0.574609 0.326042
0 0.58125 0.342188 0.603906 0.342188 0.603906 0.361979 0.58125 0.361979
0 0.620312 0.301562 0.644922 0.301562 0.644922 0.326562 0.620312 0.326562
0 0.655469 0.304688 0.68125 0.304688 0.68125 0.327083 0.655469 0.327083
0 0.650391 0.271875 0.673438 0.271875 0.673438 0.294271 0.650391 0.294271
0 0.628906 0.250521 0.655469 0.250521 0.655469 0.272396 0.628906 0.272396
0 0.832422 0.356771 0.857031 0.356771 0.857031 0.376042 0.832422 0.376042
0 0.845312 0.391146 0.872656 0.391146 0.872656 0.420833 0.845312 0.420833
0 0.802734 0.388021 0.826953 0.388021 0.826953 0.413021 0.802734 0.413021
0 0.836719 0.420312 0.857031 0.420312 0.857031 0.444792 0.836719 0.444792
0 0.767188 0.414583 0.783594 0.414583 0.783594 0.444271 0.767188 0.444271
0 0.721875 0.413021 0.739844 0.413021 0.739844 0.440104 0.721875 0.440104
0 0.701953 0.361458 0.729688 0.361458 0.729688 0.389062 0.701953 0.389062
0 0.677344 0.392708 0.694922 0.392708 0.694922 0.417708 0.677344 0.417708
0 0.920312 0.302604 0.941016 0.302604 0.941016 0.328646 0.920312 0.328646
0 0.728906 0.494271 0.748047 0.494271 0.748047 0.524479 0.728906 0.524479
0 0.776172 0.498438 0.794922 0.498438 0.794922 0.532812 0.776172 0.532812
0 0.727344 0.453646 0.74375 0.453646 0.74375 0.482292 0.727344 0.482292
0 0.751172 0.535938 0.767188 0.535938 0.767188 0.566146 0.751172 0.566146
0 0.689453 0.432292 0.705859 0.432292 0.705859 0.468229 0.689453 0.468229
0 0.694922 0.527083 0.712891 0.527083 0.712891 0.565104 0.694922 0.565104
0 0.6625 0.48125 0.684766 0.48125 0.684766 0.504687 0.6625 0.504687
0 0.649219 0.539583 0.666797 0.539583 0.666797 0.569271 0.649219 0.569271
0 0.714453 0.581771 0.732031 0.581771 0.732031 0.613021 0.714453 0.613021
0 0.682812 0.589583 0.701562 0.589583 0.701562 0.616667 0.682812 0.616667
0 0.753906 0.623958 0.771484 0.623958 0.771484 0.649479 0.753906 0.649479
0 0.739062 0.651562 0.757031 0.651562 0.757031 0.683333 0.739062 0.683333
0 0.773047 0.699479 0.794141 0.699479 0.794141 0.721354 0.773047 0.721354
0 0.717969 0.627604 0.734375 0.627604 0.734375 0.659375 0.717969 0.659375
0 0.682031 0.751562 0.70625 0.751562 0.70625 0.770312 0.682031 0.770312
0 0.688281 0.778646 0.7125 0.778646 0.7125 0.802604 0.688281 0.802604
0 0.639844 0.773438 0.6625 0.773438 0.6625 0.801562 0.639844 0.801562
0 0.646875 0.717708 0.671094 0.717708 0.671094 0.740104 0.646875 0.740104
0 0.664453 0.657812 0.68125 0.657812 0.68125 0.685938 0.664453 0.685938
0 0.688281 0.664583 0.705078 0.664583 0.705078 0.694271 0.688281 0.694271
0 0.599609 0.713542 0.616797 0.713542 0.616797 0.733854 0.599609 0.733854
0 0.626953 0.824479 0.647656 0.824479 0.647656 0.859375 0.626953 0.859375
0 0.595703 0.846875 0.617969 0.846875 0.617969 0.875521 0.595703 0.875521
0 0.6 0.792708 0.623828 0.792708 0.623828 0.816146 0.6 0.816146
0 0.604688 0.739062 0.625781 0.739062 0.625781 0.760417 0.604688 0.760417
0 0.710547 0.915625 0.735156 0.915625 0.735156 0.945833 0.710547 0.945833
0 0.651953 0.977604 0.663672 0.977604 0.663672 0.995833 0.651953 0.995833
0 0.655469 0.95625 0.675391 0.95625 0.675391 0.974479 0.655469 0.974479
0 0.598047 0.895833 0.613281 0.895833 0.613281 0.923438 0.598047 0.923438
0 0.544141 0.791146 0.570312 0.791146 0.570312 0.821354 0.544141 0.821354
0 0.527734 0.826042 0.550781 0.826042 0.550781 0.848438 0.527734 0.848438
0 0.550781 0.85 0.566016 0.85 0.566016 0.880729 0.550781 0.880729
0 0.573047 0.868229 0.591016 0.868229 0.591016 0.891146 0.573047 0.891146
0 0.560938 0.931771 0.582031 0.931771 0.582031 0.949479 0.560938 0.949479
0 0.645703 0.843229 0.6625 0.843229 0.6625 0.867708 0.645703 0.867708
0 0.460547 0.959375 0.481641 0.959375 0.481641 0.991146 0.460547 0.991146
0 0.570312 0.404688 0.595312 0.404688 0.595312 0.423958 0.570312 0.423958
0 0.563672 0.439062 0.585547 0.439062 0.585547 0.459375 0.563672 0.459375
0 0.534375 0.45625 0.556641 0.45625 0.556641 0.483333 0.534375 0.483333
0 0.573438 0.470312 0.603516 0.470312 0.603516 0.5 0.573438 0.5
0 0.553125 0.496354 0.575781 0.496354 0.575781 0.519792 0.553125 0.519792
0 0.603125 0.429688 0.627344 0.429688 0.627344 0.455208 0.603125 0.455208
0 0.622656 0.477604 0.641016 0.477604 0.641016 0.511458 0.622656 0.511458
0 0.615234 0.521354 0.632031 0.521354 0.632031 0.548438 0.615234 0.548438
0 0.5625 0.53125 0.590234 0.53125 0.590234 0.55625 0.5625 0.55625
0 0.553125 0.580208 0.575781 0.580208 0.575781 0.609896 0.553125 0.609896
0 0.587109 0.560417 0.606641 0.560417 0.606641 0.588542 0.587109 0.588542
0 0.6 0.588021 0.619531 0.588021 0.619531 0.610938 0.6 0.610938
0 0.644531 0.589583 0.6625 0.589583 0.6625 0.616667 0.644531 0.616667
0 0.621094 0.619792 0.644141 0.619792 0.644141 0.642708 0.621094 0.642708
0 0.656641 0.614062 0.674219 0.614062 0.674219 0.642708 0.656641 0.642708
0 0.567578 0.75 0.586328 0.75 0.586328 0.781771 0.567578 0.781771
0 0.54375 0.720833 0.5625 0.720833 0.5625 0.752083 0.54375 0.752083
0 0.580859 0.714062 0.597266 0.714062 0.597266 0.748438 0.580859 0.748438