0 0.167578 0.046875 0.185547 0.046875 0.185547 0.076562 0.167578 0.076562
0 0.221484 0.024479 0.2375 0.024479 0.2375 0.055208 0.221484 0.055208
0 0.252734 0.007812 0.275391 0.007812 0.275391 0.035417 0.252734 0.035417
0 0.274219 0.040625 0.292969 0.040625 0.292969 0.070833 0.274219 0.070833
0 0.316016 0.01875 0.332812 0.01875 0.332812 0.050521 0.316016 0.050521
0 0.342188 0.039583 0.360938 0.039583 0.360938 0.067188 0.342188 0.067188
0 0.362891 0.075521 0.382422 0.075521 0.382422 0.103125 0.362891 0.103125
0 0.394922 0.092708 0.414844 0.092708 0.414844 0.121354 0.394922 0.121354
0 0.302344 0.096875 0.327734 0.096875 0.327734 0.122396 0.302344 0.122396
0 0.355859 0.122917 0.376562 0.122917 0.376562 0.147396 0.355859 0.147396
0 0.382812 0.027604 0.407031 0.027604 0.407031 0.053125 0.382812 0.053125
0 0.201953 0.123958 0.225 0.123958 0.225 0.148958 0.201953 0.148958
0 0.23125 0.147917 0.249219 0.147917 0.249219 0.177083 0.23125 0.177083
0 0.273047 0.135417 0.2875 0.135417 0.2875 0.169792 0.273047 0.169792
0 0.3125 0.147396 0.327344 0.147396 0.327344 0.176042 0.3125 0.176042
0 0.368359 0.189583 0.386328 0.189583 0.386328 0.215625 0.368359 0.215625
0 0.296875 0.197396 0.314062 0.197396 0.314062 0.220833 0.296875 0.220833
0 0.255078 0.196354 0.273047 0.196354 0.273047 0.220833 0.255078 0.220833
0 0.223047 0.205729 0.241406 0.205729 0.241406 0.227604 0.223047 0.227604
0 0.188672 0.180208 0.214844 0.180208 0.214844 0.206771 0.188672 0.206771
0 0.133203 0.189583 0.153125 0.189583 0.153125 0.223958 0.133203 0.223958
0 0.173438 0.223438 0.194141 0.223438 0.194141 0.253125 0.173438 0.253125
0 0.2625 0.101562 0.2875 0.101562 0.2875 0.125521 0.2625 0.125521
0 0.157031 0.145312 0.172266 0.145312 0.172266 0.176562 0.157031 0.176562
0 0.185938 0.014062 0.198438 0.014062 0.198438 0.042708 0.185938 0.042708
0 0.444141 0.055729 0.460156 0.055729 0.460156 0.088021 0.444141 0.088021
0 0.471484 0.040104 0.485938 0.040104 0.485938 0.069792 0.471484 0.069792
0 0.496094 0.034896 0.513672 0.034896 0.513672 0.058333 0.496094 0.058333
0 0.503125 0.069792 0.519922 0.069792 0.519922 0.1 0.503125 0.1
0 0.525781 0.113542 0.548828 0.113542 0.548828 0.136458 0.525781 0.136458
0 0.563281 0.122917 0.578906 0.122917 0.578906 0.150521 0.563281 0.150521
0 0.583203 0.020312 0.605469 0.020312 0.605469 0.046354 0.583203 0.046354
0 0.631641 0.064583 0.650781 0.064583 0.650781 0.086979 0.631641 0.086979
0 0.632812 0.034896 0.650781 0.034896 0.650781 0.055208 0.632812 0.055208
0 0.666016 0.036458 0.684766 0.036458 0.684766 0.061458 0.666016 0.061458
0 0.698047 0.036458 0.7125 0.036458 0.7125 0.061979 0.698047 0.061979
0 0.694531 0.074479 0.713281 0.074479 0.713281 0.101562 0.694531 0.101562
0 0.666016 0.086979 0.683594 0.086979 0.683594 0.116146 0.666016 0.116146
0 0.409766 0.155208 0.428125 0.155208 0.428125 0.175521 0.409766 0.175521
0 0.422266 0.128646 0.440625 0.128646 0.440625 0.150521 0.422266 0.150521
0 0.451562 0.164062 0.473828 0.164062 0.473828 0.185938 0.451562 0.185938
0 0.464062 0.122917 0.4875 0.122917 0.4875 0.146875 0.464062 0.146875
0 0.502344 0.153125 0.519141 0.153125 0.519141 0.182812 0.502344 0.182812
0 0.546875 0.161458 0.56875 0.161458 0.56875 0.182812 0.546875 0.182812
0 0.408594 0.197396 0.428125 0.197396 0.428125 0.221354 0.408594 0.221354
0 0.199609 0.269271 0.224609 0.269271 0.224609 0.290625 0.199609 0.290625
0 0.233984 0.242708 0.255859 0.242708 0.255859 0.263021 0.233984 0.263021
0 0.276562 0.288542 0.297656 0.288542 0.297656 0.305208 0.276562 0.305208
0 0.219531 0.319792 0.239062 0.319792 0.239062 0.340104 0.219531 0.340104
0 0.244141 0.371875 0.264062 0.371875 0.264062 0.390625 0.244141 0.390625
0 0.270703 0.315625 0.295312 0.315625 0.295312 0.335417 0.270703 0.335417
0 0.310156 0.354167 0.326172 0.354167 0.326172 0.388021 0.310156 0.388021
0 0.332422 0.280729 0.357422 0.280729 0.357422 0.301562 0.332422 0.301562
0 0.375781 0.295312 0.396875 0.295312 0.396875 0.318229 0.375781 0.318229
0 0.381641 0.352604 0.398047 0.352604 0.398047 0.385417 0.381641 0.385417
0 0.347656 0.377604 0.364453 0.377604 0.364453 0.405208 0.347656 0.405208
0 0.267188 0.388021 0.284375 0.388021 0.284375 0.410417 0.267188 0.410417
0 0.300781 0.409375 0.315625 0.409375 0.315625 0.436458 0.300781 0.436458
0 0.323047 0.409896 0.336328 0.409896 0.336328 0.440625 0.323047 0.440625
0 0.506641 0.208854 0.528516 0.208854 0.528516 0.230729 0.506641 0.230729
0 0.507422 0.236979 0.526172 0.236979 0.526172 0.259896 0.507422 0.259896
0 0.528125 0.265104 0.540234 0.265104 0.540234 0.289062 0.528125 0.289062
0 0.548438 0.257292 0.5625 0.257292 0.5625 0.283854 0.548438 0.283854
0 0.462891 0.241146 0.479297 0.241146 0.479297 0.280729 0.462891 0.280729
0 0.425391 0.254167 0.444531 0.254167 0.444531 0.280729 0.425391 0.280729
0 0.534766 0.202604 0.549219 0.202604 0.549219 0.225 0.534766 0.225
0 0.417578 0.321875 0.43125 0.321875 0.43125 0.348958 0.417578 0.348958
0 0.451172 0.313021 0.46875 0.313021 0.46875 0.334896 0.451172 0.334896
0 0.495703 0.322917 0.516016 0.322917 0.516016 0.346875 0.495703 0.346875
0 0.514062 0.348958 0.531641 0.348958 0.531641 0.376042 0.514062 0.376042
0 0.447266 0.346354 0.469141 0.346354 0.469141 0.371875 0.447266 0.371875
0 0.439844 0.384896 0.455859 0.384896 0.455859 0.411458 0.439844 0.411458
0 0.399219 0.416146 0.417969 0.416146 0.417969 0.441667 0.399219 0.441667
0 0.422266 0.428125 0.44375 0.428125 0.44375 0.454167 0.422266 0.454167
0 0.382031 0.458854 0.401953 0.458854 0.401953 0.478125 0.382031 0.478125
0 0.398438 0.505208 0.4125 0.505208 0.4125 0.535938 0.398438 0.535938
0 0.380469 0.535938 0.396875 0.535938 0.396875 0.563542 0.380469 0.563542
0 0.302344 0.46875 0.328125 0.46875 0.328125 0.492188 0.302344 0.492188
0 0.271484 0.438021 0.289453 0.438021 0.289453 0.466667 0.271484 0.466667
0 0.076562 0.319271 0.094141 0.319271 0.094141 0.340104 0.076562 0.340104
0 0.044531 0.324479 0.063672 0.324479 0.063672 0.345312 0.044531 0.345312
0 0.091797 0.348958 0.107422 0.348958 0.107422 0.377083 0.091797 0.377083
0 0.110547 0.393229 0.129688 0.393229 0.129688 0.417708 0.110547 0.417708
0 0.062891 0.354167 0.076172 0.354167 0.076172 0.385938 0.062891 0.385938
0 0.021484 0.368229 0.0375 0.368229 0.0375 0.397396 0.021484 0.397396
0 0.041016 0.425521 0.057422 0.425521 0.057422 0.45 0.041016 0.45
0 0.0 0.419271 0.023828 0.419271 0.023828 0.445312 0.0 0.445312
0 0.120703 0.447917 0.138672 0.447917 0.138672 0.473438 0.120703 0.473438
0 0.140625 0.48125 0.154688 0.48125 0.154688 0.511458 0.140625 0.511458
0 0.107812 0.476562 0.121094 0.476562 0.121094 0.5125 0.107812 0.5125
0 0.074609 0.477604 0.090625 0.477604 0.090625 0.508333 0.074609 0.508333
0 0.171484 0.514062 0.186719 0.514062 0.186719 0.545833 0.171484 0.545833
0 0.205078 0.479167 0.219141 0.479167 0.219141 0.508854 0.205078 0.508854
0 0.215625 0.505729 0.235547 0.505729 0.235547 0.533854 0.215625 0.533854
0 0.0 0.477083 0.019922 0.477083 0.019922 0.504167 0.0 0.504167
0 0.028125 0.504687 0.045312 0.504687 0.045312 0.534896 0.028125 0.534896
0 0.073828 0.529688 0.09375 0.529688 0.09375 0.553646 0.073828 0.553646
0 0.013281 0.548438 0.031641 0.548438 0.031641 0.577083 0.013281 0.577083
0 0.048438 0.566667 0.070312 0.566667 0.070312 0.588542 0.048438 0.588542
0 0.091016 0.572396 0.106641 0.572396 0.106641 0.607812 0.091016 0.607812
0 0.128906 0.542708 0.144922 0.542708 0.144922 0.575521 0.128906 0.575521
0 0.151953 0.574479 0.169141 0.574479 0.169141 0.603646 0.151953 0.603646
0 0.178516 0.583333 0.195312 0.583333 0.195312 0.607812 0.178516 0.607812
0 0.190625 0.558854 0.208203 0.558854 0.208203 0.5875 0.190625 0.5875
0 0.221875 0.563021 0.237891 0.563021 0.237891 0.590104 0.221875 0.590104
0 0.026953 0.603646 0.049609 0.603646 0.049609 0.629688 0.026953 0.629688
0 0.052344 0.633333 0.066406 0.633333 0.066406 0.651562 0.052344 0.651562
0 0.06875 0.620833 0.08125 0.620833 0.08125 0.645833 0.06875 0.645833
0 0.105078 0.632812 0.119922 0.632812 0.119922 0.663021 0.105078 0.663021
0 0.007422 0.7125 0.023047 0.7125 0.023047 0.735417 0.007422 0.735417
0 0.259766 0.558854 0.278516 0.558854 0.278516 0.584375 0.259766 0.584375
0 0.244922 0.597396 0.2625 0.597396 0.2625 0.626042 0.244922 0.626042
0 0.197266 0.6125 0.213672 0.6125 0.213672 0.643229 0.197266 0.643229
0 0.222266 0.634375 0.244531 0.634375 0.244531 0.654688 0.222266 0.654688
0 0.15625 0.615104 0.173438 0.615104 0.173438 0.644792 0.15625 0.644792
0 0.127344 0.65625 0.14375 0.65625 0.14375 0.679167 0.127344 0.679167
0 0.237109 0.673958 0.252344 0.673958 0.252344 0.703125 0.237109 0.703125
0 0.173438 0.709375 0.19375 0.709375 0.19375 0.728646 0.173438 0.728646
0 0.220312 0.718229 0.24375 0.718229 0.24375 0.741667 0.220312 0.741667
0 0.191016 0.739062 0.211719 0.739062 0.211719 0.763021 0.191016 0.763021
0 0.204297 0.667708 0.222656 0.667708 0.222656 0.690625 0.204297 0.690625
0 0.108984 0.803646 0.122266 0.803646 0.122266 0.83125 0.108984 0.83125
0 0.128125 0.838542 0.149219 0.838542 0.149219 0.866146 0.128125 0.866146
0 0.167188 0.850521 0.182812 0.850521 0.182812 0.878125 0.167188 0.878125
0 0.222266 0.830208 0.237891 0.830208 0.237891 0.861458 0.222266 0.861458
0 0.189453 0.828125 0.2125 0.828125 0.2125 0.852604 0.189453 0.852604
0 0.209375 0.907292 0.229297 0.907292 0.229297 0.940625 0.209375 0.940625
0 0.083984 0.821875 0.103516 0.821875 0.103516 0.844792 0.083984 0.844792
0 0.005469 0.9375 0.022266 0.9375 0.022266 0.973438 0.005469 0.973438
0 0.033594 0.935938 0.053125 0.935938 0.053125 0.955208 0.033594 0.955208
0 0.086328 0.925 0.103516 0.925 0.103516 0.95625 0.086328 0.95625
0 0.064062 0.851042 0.081641 0.851042 0.081641 0.872917 0.064062 0.872917
0 0.101562 0.967708 0.128906 0.967708 0.128906 0.990625 0.101562 0.990625
0 0.155859 0.94375 0.179297 0.94375 0.179297 0.970312 0.155859 0.970312
0 0.135156 0.918229 0.151172 0.918229 0.151172 0.945833 0.135156 0.945833
0 0.110156 0.897917 0.128125 0.897917 0.128125 0.922396 0.110156 0.922396
0 0.355859 0.691667 0.373047 0.691667 0.373047 0.717708 0.355859 0.717708
0 0.369531 0.728125 0.389062 0.728125 0.389062 0.750521 0.369531 0.750521
0 0.407031 0.729167 0.427734 0.729167 0.427734 0.757812 0.407031 0.757812
0 0.447656 0.732292 0.469922 0.732292 0.469922 0.755208 0.447656 0.755208
0 0.446875 0.698438 0.462891 0.698438 0.462891 0.722917 0.446875 0.722917
0 0.4625 0.681771 0.485156 0.681771 0.485156 0.704688 0.4625 0.704688
0 0.282812 0.934896 0.298047 0.934896 0.298047 0.968229 0.282812 0.968229
0 0.313672 0.952604 0.330078 0.952604 0.330078 0.983854 0.313672 0.983854
0 0.325 0.9125 0.342188 0.9125 0.342188 0.935417 0.325 0.935417
0 0.344141 0.896875 0.361719 0.896875 0.361719 0.923958 0.344141 0.923958
0 0.329688 0.807292 0.349609 0.807292 0.349609 0.828125 0.329688 0.828125
0 0.333594 0.766146 0.346875 0.766146 0.346875 0.792188 0.333594 0.792188
0 0.361328 0.760417 0.380078 0.760417 0.380078 0.789583 0.361328 0.789583
0 0.388672 0.808854 0.412109 0.808854 0.412109 0.826562 0.388672 0.826562
0 0.357422 0.836979 0.376562 0.836979 0.376562 0.859896 0.357422 0.859896
0 0.400781 0.775521 0.425391 0.775521 0.425391 0.798438 0.400781 0.798438
0 0.454297 0.795312 0.478906 0.795312 0.478906 0.816146 0.454297 0.816146
0 0.484766 0.816667 0.510156 0.816667 0.510156 0.845312 0.484766 0.845312
0 0.45625 0.865625 0.473828 0.865625 0.473828 0.893229 0.45625 0.893229
0 0.374609 0.955729 0.395703 0.955729 0.395703 0.979688 0.374609 0.979688
0 0.391406 0.924479 0.406641 0.924479 0.406641 0.953646 0.391406 0.953646
0 0.412891 0.936979 0.430469 0.936979 0.430469 0.959896 0.412891 0.959896
0 0.419141 0.882812 0.4375 0.882812 0.4375 0.907812 0.419141 0.907812
0 0.721094 0.002083 0.747266 0.002083 0.747266 0.025 0.721094 0.025
0 0.750781 0.033854 0.769922 0.033854 0.769922 0.05625 0.750781 0.05625
0 0.723828 0.046354 0.742188 0.046354 0.742188 0.069792 0.723828 0.069792
0 0.685938 0.117188 0.707812 0.117188 0.707812 0.138542 0.685938 0.138542
0 0.728906 0.090104 0.750781 0.090104 0.750781 0.109375 0.728906 0.109375
0 0.747266 0.157292 0.768359 0.157292 0.768359 0.189062 0.747266 0.189062
0 0.790234 0.173438 0.810547 0.173438 0.810547 0.204688 0.790234 0.204688
0 0.722656 0.214583 0.745703 0.214583 0.745703 0.240625 0.722656 0.240625
0 0.760547 0.226042 0.784375 0.226042 0.784375 0.252083 0.760547 0.252083
0 0.796094 0.265625 0.814453 0.265625 0.814453 0.290104 0.796094 0.290104
0 0.819531 0.233854 0.838281 0.233854 0.838281 0.258854 0.819531 0.258854
0 0.852344 0.227083 0.873438 0.227083 0.873438 0.258854 0.852344 0.258854
0 0.844922 0.182292 0.865234 0.182292 0.865234 0.205729 0.844922 0.205729
0 0.811328 0.127083 0.832422 0.127083 0.832422 0.152083 0.811328 0.152083
0 0.833203 0.082292 0.85 0.082292 0.85 0.117188 0.833203 0.117188
0 0.858594 0.092188 0.878516 0.092188 0.878516 0.127083 0.858594 0.127083
0 0.856641 0.150521 0.879297 0.150521 0.879297 0.174479 0.856641 0.174479
0 0.653906 0.25625 0.670703 0.25625 0.670703 0.291146 0.653906 0.291146
0 0.681641 0.252083 0.698438 0.252083 0.698438 0.286979 0.681641 0.286979
0 0.706641 0.270833 0.725391 0.270833 0.725391 0.3 0.706641 0.3
0 0.758984 0.290104 0.780859 0.290104 0.780859 0.317188 0.758984 0.317188
0 0.811328 0.319271 0.831641 0.319271 0.831641 0.353125 0.811328 0.353125
0 0.866016 0.321354 0.880469 0.321354 0.880469 0.352083 0.866016 0.352083
0 0.878516 0.28125 0.901172 0.28125 0.901172 0.303646 0.878516 0.303646
0 0.905469 0.238542 0.925 0.238542 0.925 0.264062 0.905469 0.264062
0 0.946094 0.183333 0.967969 0.183333 0.967969 0.210417 0.946094 0.210417
0 0.930859 0.148438 0.95625 0.148438 0.95625 0.18125 0.930859 0.18125
0 0.966016 0.120312 0.986328 0.120312 0.986328 0.142708 0.966016 0.142708
0 0.953516 0.088021 0.975391 0.088021 0.975391 0.113542 0.953516 0.113542
0 0.935938 0.058333 0.957812 0.058333 0.957812 0.078646 0.935938 0.078646
0 0.919141 0.077604 0.939062 0.077604 0.939062 0.107812 0.919141 0.107812
0 0.902344 0.107812 0.922266 0.107812 0.922266 0.134896 0.902344 0.134896
0 0.883594 0.177604 0.898828 0.177604 0.898828 0.210417 0.883594 0.210417
0 0.604297 0.325 0.628125 0.325 0.628125 0.345833 0.604297 0.345833
0 0.653125 0.335417 0.673047 0.335417 0.673047 0.363021 0.653125 0.363021
0 0.675781 0.3125 0.695312 0.3125 0.695312 0.340625 0.675781 0.340625
0 0.714062 0.309375 0.728516 0.309375 0.728516 0.336979 0.714062 0.336979
0 0.735938 0.3125 0.748828 0.3125 0.748828 0.342188 0.735938 0.342188
0 0.759766 0.331771 0.773438 0.331771 0.773438 0.356771 0.759766 0.356771
0 0.717578 0.365625 0.733203 0.365625 0.733203 0.395312 0.717578 0.395312
0 0.694141 0.361979 0.713672 0.361979 0.713672 0.389062 0.694141 0.389062
0 0.614453 0.358854 0.628906 0.358854 0.628906 0.391146 0.614453 0.391146
0 0.592969 0.371875 0.609375 0.371875 0.609375 0.399479 0.592969 0.399479
0 0.631641 0.390104 0.649609 0.390104 0.649609 0.422917 0.631641 0.422917
0 0.669141 0.396354 0.684766 0.396354 0.684766 0.41875 0.669141 0.41875
0 0.680859 0.429167 0.703125 0.429167 0.703125 0.452083 0.680859 0.452083
0 0.728516 0.438542 0.752734 0.438542 0.752734 0.469271 0.728516 0.469271
0 0.778906 0.465625 0.798828 0.465625 0.798828 0.495312 0.778906 0.495312
0 0.582812 0.403125 0.600391 0.403125 0.600391 0.438021 0.582812 0.438021
0 0.612109 0.429167 0.631641 0.429167 0.631641 0.458854 0.612109 0.458854
0 0.548828 0.432812 0.571484 0.432812 0.571484 0.461458 0.548828 0.461458
0 0.529297 0.45625 0.551953 0.45625 0.551953 0.482292 0.529297 0.482292
0 0.549219 0.486458 0.56875 0.486458 0.56875 0.514583 0.549219 0.514583
0 0.486719 0.464062 0.501172 0.464062 0.501172 0.489062 0.486719 0.489062
0 0.509766 0.486458 0.532422 0.486458 0.532422 0.508333 0.509766 0.508333
0 0.467188 0.547396 0.481641 0.547396 0.481641 0.577083 0.467188 0.577083
0 0.505078 0.525 0.524609 0.525 0.524609 0.545833 0.505078 0.545833
0 0.508203 0.55625 0.531641 0.55625 0.531641 0.575521 0.508203 0.575521
0 0.5375 0.529167 0.555859 0.529167 0.555859 0.553646 0.5375 0.553646
0 0.5625 0.528125 0.582812 0.528125 0.582812 0.55625 0.5625 0.55625
0 0.591797 0.546875 0.610156 0.546875 0.610156 0.575521 0.591797 0.575521
0 0.600391 0.507292 0.621094 0.507292 0.621094 0.535417 0.600391 0.535417
0 0.965625 0.2125 0.985156 0.2125 0.985156 0.247396 0.965625 0.247396
0 0.930469 0.308333 0.951172 0.308333 0.951172 0.336979 0.930469 0.336979
0 0.894922 0.317188 0.917969 0.317188 0.917969 0.346354 0.894922 0.346354
0 0.884766 0.360417 0.90625 0.360417 0.90625 0.386458 0.884766 0.386458
0 0.837891 0.384896 0.858594 0.384896 0.858594 0.410938 0.837891 0.410938
0 0.9375 0.382292 0.961719 0.382292 0.961719 0.403125 0.9375 0.403125
0 0.961719 0.44375 0.983203 0.44375 0.983203 0.467708 0.961719 0.467708
0 0.903516 0.417708 0.926953 0.417708 0.926953 0.439583 0.903516 0.439583
0 0.897656 0.453646 0.921094 0.453646 0.921094 0.476042 0.897656 0.476042
0 0.822656 0.445833 0.841797 0.445833 0.841797 0.468229 0.822656 0.468229
0 0.869141 0.459896 0.886719 0.459896 0.886719 0.488542 0.869141 0.488542
0 0.882031 0.507292 0.907031 0.507292 0.907031 0.536979 0.882031 0.536979
0 0.967578 0.472917 0.989062 0.472917 0.989062 0.49375 0.967578 0.49375
0 0.985156 0.294271 0.999609 0.294271 0.999609 0.315104 0.985156 0.315104
0 0.679688 0.459375 0.701953 0.459375 0.701953 0.488021 0.679688 0.488021
0 0.694531 0.5 0.713672 0.5 0.713672 0.529688 0.694531 0.529688
0 0.723047 0.494792 0.74375 0.494792 0.74375 0.522917 0.723047 0.522917
0 0.628125 0.506771 0.64375 0.506771 0.64375 0.534896 0.628125 0.534896
0 0.684766 0.541667 0.703125 0.541667 0.703125 0.572396 0.684766 0.572396
0 0.725391 0.556771 0.750391 0.556771 0.750391 0.580208 0.725391 0.580208
0 0.785547 0.547396 0.810156 0.547396 0.810156 0.576042 0.785547 0.576042
0 0.8125 0.5125 0.830469 0.5125 0.830469 0.546875 0.8125 0.546875
0 0.843359 0.540104 0.864062 0.540104 0.864062 0.570833 0.843359 0.570833
0 0.861719 0.582812 0.878516 0.582812 0.878516 0.607812 0.861719 0.607812
0 0.821484 0.591667 0.842188 0.591667 0.842188 0.619271 0.821484 0.619271
0 0.729688 0.595312 0.752344 0.595312 0.752344 0.620833 0.729688 0.620833
0 0.723047 0.643229 0.744922 0.643229 0.744922 0.671354 0.723047 0.671354
0 0.690625 0.605729 0.710938 0.605729 0.710938 0.638021 0.690625 0.638021
0 0.531641 0.578125 0.554297 0.578125 0.554297 0.603646 0.531641 0.603646
0 0.562109 0.584375 0.576953 0.584375 0.576953 0.609375 0.562109 0.609375
0 0.566797 0.621354 0.583594 0.621354 0.583594 0.646875 0.566797 0.646875
0 0.613672 0.577604 0.631641 0.577604 0.631641 0.605729 0.613672 0.605729
0 0.659375 0.620833 0.673828 0.620833 0.673828 0.648958 0.659375 0.648958
0 0.493359 0.7125 0.520312 0.7125 0.520312 0.740104 0.493359 0.740104
0 0.516797 0.758333 0.537891 0.758333 0.537891 0.789583 0.516797 0.789583
0 0.528906 0.822396 0.547656 0.822396 0.547656 0.85625 0.528906 0.85625
0 0.477734 0.75 0.504297 0.75 0.504297 0.778125 0.477734 0.778125
0 0.509375 0.848958 0.522266 0.848958 0.522266 0.873438 0.509375 0.873438
0 0.517578 0.878125 0.536719 0.878125 0.536719 0.902083 0.517578 0.902083
0 0.499609 0.965104 0.517969 0.965104 0.517969 0.994271 0.499609 0.994271
0 0.555859 0.96875 0.572266 0.96875 0.572266 0.996354 0.555859 0.996354
0 0.571094 0.950521 0.585938 0.950521 0.585938 0.974479 0.571094 0.974479
0 0.591406 0.919271 0.605859 0.919271 0.605859 0.946875 0.591406 0.946875
0 0.603906 0.903646 0.621484 0.903646 0.621484 0.928646 0.603906 0.928646
0 0.638672 0.946875 0.658594 0.946875 0.658594 0.976042 0.638672 0.976042
0 0.619531 0.969792 0.633203 0.969792 0.633203 0.999479 0.619531 0.999479
0 0.666016 0.965104 0.682422 0.965104 0.682422 0.999479 0.666016 0.999479
0 0.709766 0.968229 0.732031 0.968229 0.732031 0.993229 0.709766 0.993229
0 0.744531 0.956771 0.760156 0.956771 0.760156 0.989062 0.744531 0.989062
0 0.724609 0.900521 0.750781 0.900521 0.750781 0.927604 0.724609 0.927604
0 0.657031 0.876562 0.673438 0.876562 0.673438 0.903125 0.657031 0.903125
0 0.654297 0.821354 0.671484 0.821354 0.671484 0.848438 0.654297 0.848438
0 0.684375 0.831771 0.70625 0.831771 0.70625 0.855729 0.684375 0.855729
0 0.707422 0.865625 0.717969 0.865625 0.717969 0.89375 0.707422 0.89375
0 0.740234 0.848438 0.753906 0.848438 0.753906 0.872917 0.740234 0.872917
0 0.758594 0.866667 0.774219 0.866667 0.774219 0.896875 0.758594 0.896875
0 0.683984 0.659896 0.702734 0.659896 0.702734 0.6875 0.683984 0.6875
0 0.711719 0.691667 0.732812 0.691667 0.732812 0.716667 0.711719 0.716667
0 0.725391 0.723958 0.746875 0.723958 0.746875 0.746354 0.725391 0.746354
0 0.760547 0.721354 0.782812 0.721354 0.782812 0.744792 0.760547 0.744792
0 0.793359 0.69375 0.809375 0.69375 0.809375 0.726562 0.793359 0.726562
0 0.828516 0.708854 0.842188 0.708854 0.842188 0.740625 0.828516 0.740625
0 0.794141 0.635938 0.820312 0.635938 0.820312 0.663021 0.794141 0.663021
0 0.761719 0.669792 0.782812 0.669792 0.782812 0.695312 0.761719 0.695312
0 0.842969 0.696354 0.864062 0.696354 0.864062 0.719271 0.842969 0.719271
0 0.859766 0.658333 0.878516 0.658333 0.878516 0.684896 0.859766 0.684896
0 0.456641 0.603125 0.475781 0.603125 0.475781 0.623438 0.456641 0.623438
0 0.494922 0.614062 0.509375 0.614062 0.509375 0.643229 0.494922 0.643229
0 0.974609 0.958854 0.992969 0.958854 0.992969 0.991146 0.974609 0.991146
0 0.942188 0.955208 0.962109 0.955208 0.962109 0.982812 0.942188 0.982812
0 0.901562 0.952604 0.916016 0.952604 0.916016 0.982812 0.901562 0.982812
0 0.941016 0.905208 0.960547 0.905208 0.960547 0.926042 0.941016 0.926042
0 0.963281 0.864583 0.980078 0.864583 0.980078 0.893229 0.963281 0.893229
0 0.918359 0.869271 0.941016 0.869271 0.941016 0.892188 0.918359 0.892188
0 0.870312 0.875 0.893359 0.875 0.893359 0.898438 0.870312 0.898438
0 0.908594 0.907812 0.922266 0.907812 0.922266 0.940625 0.908594 0.940625
0 0.855078 0.900521 0.870703 0.900521 0.870703 0.924479 0.855078 0.924479
0 0.880469 0.783333 0.901562 0.783333 0.901562 0.799479 0.880469 0.799479
0 0.887891 0.814583 0.908594 0.814583 0.908594 0.845312 0.887891 0.845312
0 0.93125 0.814583 0.951172 0.814583 0.951172 0.841667 0.93125 0.841667
0 0.934766 0.775 0.955078 0.775 0.955078 0.805208 0.934766 0.805208
0 0.967578 0.809896 0.986719 0.809896 0.986719 0.841667 0.967578 0.841667
0 0.940234 0.691667 0.957422 0.691667 0.957422 0.721875 0.940234 0.721875
0 0.96875 0.690625 0.988281 0.690625 0.988281 0.718229 0.96875 0.718229
0 0.980078 0.741146 0.995703 0.741146 0.995703 0.771354 0.980078 0.771354
0 0.916797 0.721875 0.933203 0.721875 0.933203 0.750521 0.916797 0.750521
0 0.885938 0.904167 0.898828 0.904167 0.898828 0.932812 0.885938 0.932812
0 0.854688 0.935417 0.876562 0.935417 0.876562 0.958854 0.854688 0.958854
0 0.918359 0.981771 0.944141 0.981771 0.944141 0.999479 0.918359 0.999479