0 0.306641 0.019271 0.321094 0.019271 0.321094 0.052083 0.306641 0.052083
0 0.330859 0.032812 0.349219 0.032812 0.349219 0.058333 0.330859 0.058333
0 0.276172 0.003646 0.299609 0.003646 0.299609 0.026562 0.276172 0.026562
0 0.349609 0.0 0.367188 0.0 0.367188 0.025521 0.349609 0.025521
0 0.408984 0.014062 0.428125 0.014062 0.428125 0.044792 0.408984 0.044792
0 0.402734 0.093229 0.416797 0.093229 0.416797 0.129688 0.402734 0.129688
0 0.366406 0.086458 0.387109 0.086458 0.387109 0.114583 0.366406 0.114583
0 0.342969 0.098438 0.358203 0.098438 0.358203 0.129688 0.342969 0.129688
0 0.313281 0.102604 0.328516 0.102604 0.328516 0.129688 0.313281 0.129688
0 0.290625 0.091146 0.30625 0.091146 0.30625 0.114062 0.290625 0.114062
0 0.276172 0.046354 0.29375 0.046354 0.29375 0.076042 0.276172 0.076042
0 0.226953 0.025521 0.251563 0.025521 0.251563 0.055208 0.226953 0.055208
0 0.239062 0.093229 0.259766 0.093229 0.259766 0.114062 0.239062 0.114062
0 0.262891 0.114583 0.279297 0.114583 0.279297 0.145312 0.262891 0.145312
0 0.299609 0.148958 0.315234 0.148958 0.315234 0.177604 0.299609 0.177604
0 0.333203 0.160417 0.348828 0.160417 0.348828 0.185938 0.333203 0.185938
0 0.36875 0.127083 0.383984 0.127083 0.383984 0.157292 0.36875 0.157292
0 0.150391 0.1375 0.167969 0.1375 0.167969 0.168229 0.150391 0.168229
0 0.194531 0.126042 0.205859 0.126042 0.205859 0.153125 0.194531 0.153125
0 0.221094 0.126042 0.234766 0.126042 0.234766 0.154688 0.221094 0.154688
0 0.228516 0.157812 0.249219 0.157812 0.249219 0.179688 0.228516 0.179688
0 0.275781 0.180729 0.294531 0.180729 0.294531 0.202083 0.275781 0.202083
0 0.244531 0.208333 0.261328 0.208333 0.261328 0.231771 0.244531 0.231771
0 0.289844 0.228646 0.301953 0.228646 0.301953 0.256771 0.289844 0.256771
0 0.315625 0.215104 0.328906 0.215104 0.328906 0.247396 0.315625 0.247396
0 0.173047 0.102083 0.1875 0.102083 0.1875 0.130729 0.173047 0.130729
0 0.207422 0.063542 0.223438 0.063542 0.223438 0.093229 0.207422 0.093229
0 0.116016 0.180208 0.129688 0.180208 0.129688 0.200521 0.116016 0.200521
0 0.182812 0.178125 0.198047 0.178125 0.198047 0.208854 0.182812 0.208854
0 0.205078 0.183854 0.21875 0.183854 0.21875 0.209375 0.205078 0.209375
0 0.130859 0.243229 0.146094 0.243229 0.146094 0.268229 0.130859 0.268229
0 0.098438 0.255208 0.113672 0.255208 0.113672 0.286458 0.098438 0.286458
0 0.051172 0.240625 0.063672 0.240625 0.063672 0.258333 0.051172 0.258333
0 0.076562 0.265104 0.091016 0.265104 0.091016 0.294271 0.076562 0.294271
0 0.121094 0.281771 0.132031 0.281771 0.132031 0.304688 0.121094 0.304688
0 0.14375 0.292708 0.157422 0.292708 0.157422 0.324479 0.14375 0.324479
0 0.173047 0.319271 0.185156 0.319271 0.185156 0.344271 0.173047 0.344271
0 0.003906 0.310938 0.017578 0.310938 0.017578 0.335417 0.003906 0.335417
0 0.025 0.270833 0.037891 0.270833 0.037891 0.293229 0.025 0.293229
0 0.040234 0.353646 0.053516 0.353646 0.053516 0.376562 0.040234 0.376562
0 0.110156 0.330729 0.123828 0.330729 0.123828 0.366667 0.110156 0.366667
0 0.078906 0.395833 0.102734 0.395833 0.102734 0.418229 0.078906 0.418229
0 0.185938 0.258854 0.203125 0.258854 0.203125 0.288542 0.185938 0.288542
0 0.244141 0.265625 0.261719 0.265625 0.261719 0.292708 0.244141 0.292708
0 0.258594 0.297917 0.275781 0.297917 0.275781 0.319792 0.258594 0.319792
0 0.247266 0.335938 0.266016 0.335938 0.266016 0.35625 0.247266 0.35625
0 0.286328 0.323958 0.300391 0.323958 0.300391 0.355729 0.286328 0.355729
0 0.301172 0.280208 0.323047 0.280208 0.323047 0.308854 0.301172 0.308854
0 0.222266 0.283333 0.235547 0.283333 0.235547 0.308854 0.222266 0.308854
0 0.151172 0.219271 0.169531 0.219271 0.169531 0.246354 0.151172 0.246354
0 0.380469 0.153646 0.398438 0.153646 0.398438 0.168229 0.380469 0.168229
0 0.444531 0.148958 0.459375 0.148958 0.459375 0.173958 0.444531 0.173958
0 0.405859 0.177604 0.416016 0.177604 0.416016 0.202083 0.405859 0.202083
0 0.433203 0.185938 0.446484 0.185938 0.446484 0.213542 0.433203 0.213542
0 0.374609 0.182292 0.391797 0.182292 0.391797 0.205208 0.374609 0.205208
0 0.395703 0.227083 0.415234 0.227083 0.415234 0.25 0.395703 0.25
0 0.347656 0.205208 0.366016 0.205208 0.366016 0.234896 0.347656 0.234896
0 0.371875 0.265625 0.391797 0.265625 0.391797 0.288021 0.371875 0.288021
0 0.394922 0.295312 0.415234 0.295312 0.415234 0.320312 0.394922 0.320312
0 0.416016 0.266667 0.432031 0.266667 0.432031 0.29375 0.416016 0.29375
0 0.333984 0.256771 0.350781 0.256771 0.350781 0.277083 0.333984 0.277083
0 0.341797 0.2875 0.3625 0.2875 0.3625 0.309375 0.341797 0.309375
0 0.337109 0.318229 0.35625 0.318229 0.35625 0.341667 0.337109 0.341667
0 0.000781 0.427083 0.012891 0.427083 0.012891 0.458854 0.000781 0.458854
0 0.027734 0.435417 0.041016 0.435417 0.041016 0.466146 0.027734 0.466146
0 0.057422 0.425521 0.071875 0.425521 0.071875 0.456771 0.057422 0.456771
0 0.082812 0.446354 0.104297 0.446354 0.104297 0.467188 0.082812 0.467188
0 0.119922 0.457292 0.142188 0.457292 0.142188 0.478646 0.119922 0.478646
0 0.129688 0.423958 0.151953 0.423958 0.151953 0.45 0.129688 0.45
0 0.182031 0.428125 0.200781 0.428125 0.200781 0.452083 0.182031 0.452083
0 0.130078 0.375 0.145703 0.375 0.145703 0.400521 0.130078 0.400521
0 0.148438 0.357812 0.164844 0.357812 0.164844 0.380208 0.148438 0.380208
0 0.178516 0.36875 0.192188 0.36875 0.192188 0.401562 0.178516 0.401562
0 0.195703 0.370833 0.208984 0.370833 0.208984 0.397917 0.195703 0.397917
0 0.228125 0.409896 0.244531 0.409896 0.244531 0.436979 0.228125 0.436979
0 0.256641 0.424479 0.271484 0.424479 0.271484 0.450521 0.256641 0.450521
0 0.301953 0.383854 0.316406 0.383854 0.316406 0.415625 0.301953 0.415625
0 0.316797 0.351562 0.341797 0.351562 0.341797 0.372396 0.316797 0.372396
0 0.349609 0.369271 0.364844 0.369271 0.364844 0.394271 0.349609 0.394271
0 0.248828 0.375 0.267969 0.375 0.267969 0.401042 0.248828 0.401042
0 0.374609 0.3375 0.394531 0.3375 0.394531 0.3625 0.374609 0.3625
0 0.541016 0.0 0.558984 0.0 0.558984 0.026562 0.541016 0.026562
0 0.517969 0.029688 0.538281 0.029688 0.538281 0.052604 0.517969 0.052604
0 0.489062 0.045833 0.507422 0.045833 0.507422 0.079167 0.489062 0.079167
0 0.557812 0.054167 0.577734 0.054167 0.577734 0.083333 0.557812 0.083333
0 0.583203 0.026562 0.603125 0.026562 0.603125 0.052604 0.583203 0.052604
0 0.615234 0.022917 0.635938 0.022917 0.635938 0.046875 0.615234 0.046875
0 0.63125 0.0 0.651562 0.0 0.651562 0.019271 0.63125 0.019271
0 0.667578 0.0 0.688672 0.0 0.688672 0.011979 0.667578 0.011979
0 0.643359 0.027604 0.665234 0.027604 0.665234 0.048958 0.643359 0.048958
0 0.635938 0.076042 0.660547 0.076042 0.660547 0.1 0.635938 0.1
0 0.644141 0.108333 0.666797 0.108333 0.666797 0.134896 0.644141 0.134896
0 0.594531 0.086979 0.615234 0.086979 0.615234 0.107292 0.594531 0.107292
0 0.526172 0.105729 0.546875 0.105729 0.546875 0.132292 0.526172 0.132292
0 0.567188 0.107292 0.584375 0.107292 0.584375 0.143229 0.567188 0.143229
0 0.598828 0.123958 0.621484 0.123958 0.621484 0.145833 0.598828 0.145833
0 0.640625 0.151042 0.657812 0.151042 0.657812 0.184375 0.640625 0.184375
0 0.578125 0.166146 0.597266 0.166146 0.597266 0.193229 0.578125 0.193229
0 0.604297 0.190625 0.620703 0.190625 0.620703 0.213542 0.604297 0.213542
0 0.534375 0.154688 0.553516 0.154688 0.553516 0.175 0.534375 0.175
0 0.494531 0.178646 0.509766 0.178646 0.509766 0.209896 0.494531 0.209896
0 0.544531 0.204167 0.560547 0.204167 0.560547 0.226562 0.544531 0.226562
0 0.581641 0.229167 0.602344 0.229167 0.602344 0.253646 0.581641 0.253646
0 0.619531 0.230729 0.635938 0.230729 0.635938 0.257292 0.619531 0.257292
0 0.644141 0.244792 0.658594 0.244792 0.658594 0.273958 0.644141 0.273958
0 0.673047 0.207812 0.688672 0.207812 0.688672 0.238021 0.673047 0.238021
0 0.510547 0.209375 0.525781 0.209375 0.525781 0.2375 0.510547 0.2375
0 0.486719 0.258854 0.505859 0.258854 0.505859 0.291146 0.486719 0.291146
0 0.526562 0.270833 0.543359 0.270833 0.543359 0.29375 0.526562 0.29375
0 0.555078 0.238542 0.567969 0.238542 0.567969 0.265625 0.555078 0.265625
0 0.569922 0.270833 0.588672 0.270833 0.588672 0.295312 0.569922 0.295312
0 0.599219 0.274479 0.614453 0.274479 0.614453 0.302604 0.599219 0.302604
0 0.526172 0.226562 0.543359 0.226562 0.543359 0.254688 0.526172 0.254688
0 0.542578 0.063542 0.554688 0.063542 0.554688 0.092708 0.542578 0.092708
0 0.673438 0.053646 0.688672 0.053646 0.688672 0.071875 0.673438 0.071875
0 0.769922 0.0 0.791016 0.0 0.791016 0.015104 0.769922 0.015104
0 0.840625 0.0 0.858984 0.0 0.858984 0.019271 0.840625 0.019271
0 0.923828 0.003125 0.947266 0.003125 0.947266 0.023438 0.923828 0.023438
0 0.898047 0.0 0.915234 0.0 0.915234 0.015625 0.898047 0.015625
0 0.896094 0.054688 0.912891 0.054688 0.912891 0.077604 0.896094 0.077604
0 0.828516 0.038021 0.852344 0.038021 0.852344 0.056771 0.828516 0.056771
0 0.780469 0.044792 0.798047 0.044792 0.798047 0.071875 0.780469 0.071875
0 0.798047 0.090104 0.817578 0.090104 0.817578 0.117188 0.798047 0.117188
0 0.798438 0.058854 0.821484 0.058854 0.821484 0.084375 0.798438 0.084375
0 0.832422 0.067708 0.855859 0.067708 0.855859 0.093229 0.832422 0.093229
0 0.833594 0.104688 0.855859 0.104688 0.855859 0.125 0.833594 0.125
0 0.875391 0.081771 0.896094 0.081771 0.896094 0.103646 0.875391 0.103646
0 0.878125 0.117188 0.896875 0.117188 0.896875 0.134375 0.878125 0.134375
0 0.888281 0.133333 0.909375 0.133333 0.909375 0.159896 0.888281 0.159896
0 0.922266 0.1375 0.949219 0.1375 0.949219 0.166667 0.922266 0.166667
0 0.914453 0.070312 0.926562 0.070312 0.926562 0.101562 0.914453 0.101562
0 0.989844 0.064062 0.999609 0.064062 0.999609 0.094271 0.989844 0.094271
0 0.767188 0.224479 0.789062 0.224479 0.789062 0.247917 0.767188 0.247917
0 0.819141 0.202083 0.838672 0.202083 0.838672 0.222396 0.819141 0.222396
0 0.834375 0.225521 0.861719 0.225521 0.861719 0.248438 0.834375 0.248438
0 0.732422 0.242708 0.755078 0.242708 0.755078 0.270833 0.732422 0.270833
0 0.763672 0.276562 0.782812 0.276562 0.782812 0.306771 0.763672 0.306771
0 0.796094 0.308333 0.810938 0.308333 0.810938 0.334896 0.796094 0.334896
0 0.81875 0.305208 0.834766 0.305208 0.834766 0.331771 0.81875 0.331771
0 0.83125 0.279167 0.852734 0.279167 0.852734 0.300521 0.83125 0.300521
0 0.872266 0.272396 0.886328 0.272396 0.886328 0.3 0.872266 0.3
0 0.892969 0.240104 0.905859 0.240104 0.905859 0.270312 0.892969 0.270312
0 0.919531 0.238021 0.938672 0.238021 0.938672 0.26875 0.919531 0.26875
0 0.951562 0.220833 0.967188 0.220833 0.967188 0.246354 0.951562 0.246354
0 0.728906 0.29375 0.748828 0.29375 0.748828 0.330729 0.728906 0.330729
0 0.755469 0.351562 0.775781 0.351562 0.775781 0.377604 0.755469 0.377604
0 0.710938 0.345833 0.7375 0.345833 0.7375 0.36875 0.710938 0.36875
0 0.773047 0.325 0.793359 0.325 0.793359 0.356771 0.773047 0.356771
0 0.803516 0.35 0.825391 0.35 0.825391 0.375521 0.803516 0.375521
0 0.834766 0.365104 0.858203 0.365104 0.858203 0.388021 0.834766 0.388021
0 0.861328 0.30625 0.875 0.30625 0.875 0.335417 0.861328 0.335417
0 0.902344 0.28125 0.917969 0.28125 0.917969 0.315104 0.902344 0.315104
0 0.885156 0.333854 0.904297 0.333854 0.904297 0.360417 0.885156 0.360417
0 0.914453 0.352083 0.930078 0.352083 0.930078 0.379688 0.914453 0.379688
0 0.962891 0.24375 0.981641 0.24375 0.981641 0.266146 0.962891 0.266146
0 0.950391 0.288542 0.966406 0.288542 0.966406 0.318229 0.950391 0.318229
0 0.948828 0.325 0.965234 0.325 0.965234 0.358854 0.948828 0.358854
0 0.980078 0.321354 0.993359 0.321354 0.993359 0.347917 0.980078 0.347917
0 0.988672 0.355208 0.999609 0.355208 0.999609 0.386979 0.988672 0.386979
0 0.947656 0.377604 0.966406 0.377604 0.966406 0.40625 0.947656 0.40625
0 0.988672 0.422396 0.999609 0.422396 0.999609 0.445312 0.988672 0.445312
0 0.928906 0.270833 0.947656 0.270833 0.947656 0.297917 0.928906 0.297917
0 0.921094 0.400521 0.941797 0.400521 0.941797 0.423438 0.921094 0.423438
0 0.909375 0.425 0.925391 0.425 0.925391 0.451562 0.909375 0.451562
0 0.971094 0.491146 0.991406 0.491146 0.991406 0.523958 0.971094 0.523958
0 0.885547 0.459896 0.902734 0.459896 0.902734 0.485417 0.885547 0.485417
0 0.9 0.533854 0.918359 0.533854 0.918359 0.559896 0.9 0.559896
0 0.86875 0.55 0.89375 0.55 0.89375 0.576042 0.86875 0.576042
0 0.9 0.576042 0.920703 0.576042 0.920703 0.598438 0.9 0.598438
0 0.938672 0.574479 0.954688 0.574479 0.954688 0.607292 0.938672 0.607292
0 0.963281 0.590104 0.981641 0.590104 0.981641 0.615625 0.963281 0.615625
0 0.977734 0.626042 0.995703 0.626042 0.995703 0.652604 0.977734 0.652604
0 0.939453 0.667188 0.961719 0.667188 0.961719 0.699479 0.939453 0.699479
0 0.683984 0.441667 0.707031 0.441667 0.707031 0.466146 0.683984 0.466146
0 0.729688 0.448438 0.746484 0.448438 0.746484 0.46875 0.729688 0.46875
0 0.749219 0.425521 0.769141 0.425521 0.769141 0.44375 0.749219 0.44375
0 0.73125 0.39375 0.751562 0.39375 0.751562 0.415625 0.73125 0.415625
0 0.766797 0.382812 0.781641 0.382812 0.781641 0.411979 0.766797 0.411979
0 0.790234 0.380208 0.807812 0.380208 0.807812 0.411979 0.790234 0.411979
0 0.810156 0.422396 0.835938 0.422396 0.835938 0.44375 0.810156 0.44375
0 0.830078 0.458333 0.853516 0.458333 0.853516 0.479167 0.830078 0.479167
0 0.789844 0.457292 0.805469 0.457292 0.805469 0.486979 0.789844 0.486979
0 0.805078 0.495312 0.821875 0.495312 0.821875 0.527083 0.805078 0.527083
0 0.826562 0.507812 0.842969 0.507812 0.842969 0.535417 0.826562 0.535417
0 0.756641 0.480208 0.770703 0.480208 0.770703 0.510938 0.756641 0.510938
0 0.719141 0.477083 0.740625 0.477083 0.740625 0.501042 0.719141 0.501042
0 0.69375 0.482292 0.708594 0.482292 0.708594 0.50625 0.69375 0.50625
0 0.706641 0.521354 0.725781 0.521354 0.725781 0.541667 0.706641 0.541667
0 0.852734 0.392188 0.875391 0.392188 0.875391 0.413542 0.852734 0.413542
0 0.860938 0.420312 0.882031 0.420312 0.882031 0.442708 0.860938 0.442708
0 0.025391 0.523958 0.050391 0.523958 0.050391 0.55 0.025391 0.55
0 0.063281 0.529167 0.089844 0.529167 0.089844 0.555208 0.063281 0.555208
0 0.101172 0.528125 0.125781 0.528125 0.125781 0.552604 0.101172 0.552604
0 0.113672 0.560417 0.136328 0.560417 0.136328 0.585417 0.113672 0.585417
0 0.141406 0.542188 0.159766 0.542188 0.159766 0.573438 0.141406 0.573438
0 0.076172 0.591667 0.098438 0.591667 0.098438 0.615104 0.076172 0.615104
0 0.019531 0.584896 0.035938 0.584896 0.035938 0.611979 0.019531 0.611979
0 0.024219 0.635417 0.04375 0.635417 0.04375 0.664062 0.024219 0.664062
0 0.053516 0.619792 0.072266 0.619792 0.072266 0.64375 0.053516 0.64375
0 0.126562 0.613542 0.148047 0.613542 0.148047 0.638021 0.126562 0.638021
0 0.098438 0.630729 0.114062 0.630729 0.114062 0.661979 0.098438 0.661979
0 0.164844 0.630208 0.180469 0.630208 0.180469 0.664583 0.164844 0.664583
0 0.059375 0.657812 0.082812 0.657812 0.082812 0.6875 0.059375 0.6875
0 0.141016 0.668229 0.155078 0.668229 0.155078 0.69375 0.141016 0.69375
0 0.005078 0.715104 0.017969 0.715104 0.017969 0.751562 0.005078 0.751562
0 0.052344 0.697917 0.064453 0.697917 0.064453 0.729688 0.052344 0.729688
0 0.070703 0.722396 0.094141 0.722396 0.094141 0.743229 0.070703 0.743229
0 0.106641 0.703125 0.126172 0.703125 0.126172 0.725521 0.106641 0.725521
0 0.029688 0.761979 0.054297 0.761979 0.054297 0.786979 0.029688 0.786979
0 0.001172 0.821354 0.022266 0.821354 0.022266 0.846875 0.001172 0.846875
0 0.040234 0.805208 0.058594 0.805208 0.058594 0.826042 0.040234 0.826042
0 0.089062 0.785417 0.104297 0.785417 0.104297 0.815104 0.089062 0.815104
0 0.0 0.765625 0.017188 0.765625 0.017188 0.789062 0.0 0.789062
0 0.120312 0.741146 0.1375 0.741146 0.1375 0.763542 0.120312 0.763542
0 0.079297 0.745833 0.099219 0.745833 0.099219 0.769792 0.079297 0.769792
0 0.119531 0.804688 0.1375 0.804688 0.1375 0.826042 0.119531 0.826042
0 0.164062 0.679167 0.178906 0.679167 0.178906 0.700521 0.164062 0.700521
0 0.160547 0.7125 0.178516 0.7125 0.178516 0.728646 0.160547 0.728646
0 0.015234 0.976562 0.034375 0.976562 0.034375 0.999479 0.015234 0.999479
0 0.057812 0.973438 0.076172 0.973438 0.076172 0.998438 0.057812 0.998438
0 0.098047 0.971354 0.117578 0.971354 0.117578 0.997917 0.098047 0.997917
0 0.019531 0.947917 0.040625 0.947917 0.040625 0.96875 0.019531 0.96875
0 0.054688 0.915104 0.078906 0.915104 0.078906 0.942708 0.054688 0.942708
0 0.085156 0.934375 0.100391 0.934375 0.100391 0.964062 0.085156 0.964062
0 0.111328 0.909375 0.132422 0.909375 0.132422 0.934375 0.111328 0.934375
0 0.140625 0.847917 0.162109 0.847917 0.162109 0.871354 0.140625 0.871354
0 0.139062 0.885417 0.164844 0.885417 0.164844 0.907812 0.139062 0.907812
0 0.183594 0.910938 0.204688 0.910938 0.204688 0.936979 0.183594 0.936979
0 0.164844 0.941667 0.183203 0.941667 0.183203 0.975521 0.164844 0.975521
0 0.187109 0.970312 0.205859 0.970312 0.205859 0.999479 0.187109 0.999479
0 0.142969 0.951042 0.157031 0.951042 0.157031 0.980729 0.142969 0.980729
0 0.171875 0.819271 0.192578 0.819271 0.192578 0.839583 0.171875 0.839583
0 0.180469 0.866146 0.202734 0.866146 0.202734 0.886979 0.180469 0.886979
0 0.222266 0.934896 0.241406 0.934896 0.241406 0.970833 0.222266 0.970833
0 0.265234 0.877083 0.277734 0.877083 0.277734 0.908333 0.265234 0.908333
0 0.317969 0.906771 0.336719 0.906771 0.336719 0.933854 0.317969 0.933854
0 0.544531 0.356771 0.562891 0.356771 0.562891 0.377083 0.544531 0.377083
0 0.575 0.38125 0.589453 0.38125 0.589453 0.406771 0.575 0.406771
0 0.597266 0.426562 0.610938 0.426562 0.610938 0.453646 0.597266 0.453646
0 0.569922 0.453646 0.589453 0.453646 0.589453 0.486979 0.569922 0.486979
0 0.532812 0.441146 0.559375 0.441146 0.559375 0.467188 0.532812 0.467188
0 0.544922 0.397917 0.563281 0.397917 0.563281 0.430729 0.544922 0.430729
0 0.505078 0.365625 0.523438 0.365625 0.523438 0.388542 0.505078 0.388542
0 0.516406 0.396875 0.536328 0.396875 0.536328 0.425 0.516406 0.425
0 0.483594 0.405729 0.504687 0.405729 0.504687 0.434375 0.483594 0.434375
0 0.458203 0.405208 0.473828 0.405208 0.473828 0.439583 0.458203 0.439583
0 0.475 0.446875 0.493359 0.446875 0.493359 0.476042 0.475 0.476042
0 0.526562 0.483854 0.544141 0.483854 0.544141 0.519271 0.526562 0.519271
0 0.551562 0.497917 0.566406 0.497917 0.566406 0.521875 0.551562 0.521875
0 0.585547 0.524479 0.608984 0.524479 0.608984 0.555729 0.585547 0.555729
0 0.498438 0.539062 0.521094 0.539062 0.521094 0.564062 0.498438 0.564062
0 0.333594 0.456771 0.357031 0.456771 0.357031 0.479688 0.333594 0.479688
0 0.394922 0.448958 0.417188 0.448958 0.417188 0.470833 0.394922 0.470833
0 0.428906 0.475521 0.445312 0.475521 0.445312 0.504687 0.428906 0.504687
0 0.434375 0.514583 0.448438 0.514583 0.448438 0.546354 0.434375 0.546354
0 0.377344 0.494792 0.396875 0.494792 0.396875 0.517188 0.377344 0.517188
0 0.298047 0.513021 0.316406 0.513021 0.316406 0.532292 0.298047 0.532292
0 0.332031 0.509375 0.348438 0.509375 0.348438 0.540625 0.332031 0.540625
0 0.273828 0.535417 0.289062 0.535417 0.289062 0.565625 0.273828 0.565625
0 0.297656 0.548438 0.318359 0.548438 0.318359 0.569792 0.297656 0.569792
0 0.351172 0.553125 0.374219 0.553125 0.374219 0.577604 0.351172 0.577604
0 0.399609 0.532292 0.413281 0.532292 0.413281 0.568229 0.399609 0.568229
0 0.177344 0.789583 0.194141 0.789583 0.194141 0.809896 0.177344 0.809896
0 0.267188 0.765104 0.285938 0.765104 0.285938 0.7875 0.267188 0.7875
0 0.291406 0.747396 0.308984 0.747396 0.308984 0.775 0.291406 0.775
0 0.280859 0.728646 0.297656 0.728646 0.297656 0.752083 0.280859 0.752083
0 0.261719 0.694792 0.276953 0.694792 0.276953 0.727604 0.261719 0.727604
0 0.282031 0.678646 0.299609 0.678646 0.299609 0.7125 0.282031 0.7125
0 0.306641 0.679688 0.323047 0.679688 0.323047 0.710417 0.306641 0.710417
0 0.260938 0.664583 0.275391 0.664583 0.275391 0.6875 0.260938 0.6875
0 0.323438 0.735417 0.3375 0.735417 0.3375 0.76875 0.323438 0.76875
0 0.303906 0.774479 0.319922 0.774479 0.319922 0.795312 0.303906 0.795312
0 0.35625 0.743229 0.372266 0.743229 0.372266 0.763021 0.35625 0.763021
0 0.244141 0.609375 0.264453 0.609375 0.264453 0.638542 0.244141 0.638542
0 0.283203 0.614062 0.302734 0.614062 0.302734 0.648438 0.283203 0.648438
0 0.316016 0.631771 0.333594 0.631771 0.333594 0.660417 0.316016 0.660417
0 0.272266 0.580729 0.29375 0.580729 0.29375 0.603646 0.272266 0.603646
0 0.300781 0.58125 0.317969 0.58125 0.317969 0.605729 0.300781 0.605729
0 0.461328 0.516667 0.474609 0.516667 0.474609 0.540104 0.461328 0.540104
0 0.475781 0.566146 0.492969 0.566146 0.492969 0.601042 0.475781 0.601042
0 0.502344 0.589583 0.523047 0.589583 0.523047 0.621875 0.502344 0.621875
0 0.430078 0.576562 0.446094 0.576562 0.446094 0.602604 0.430078 0.602604
0 0.381641 0.609375 0.405078 0.609375 0.405078 0.63125 0.381641 0.63125
0 0.431641 0.628125 0.449219 0.628125 0.449219 0.651562 0.431641 0.651562
0 0.417578 0.655208 0.439453 0.655208 0.439453 0.677083 0.417578 0.677083
0 0.470312 0.616667 0.486719 0.616667 0.486719 0.646875 0.470312 0.646875
0 0.346094 0.706771 0.369141 0.706771 0.369141 0.727083 0.346094 0.727083
0 0.373828 0.666667 0.385156 0.666667 0.385156 0.693229 0.373828 0.693229
0 0.332031 0.651562 0.348438 0.651562 0.348438 0.670312 0.332031 0.670312
0 0.350781 0.588542 0.369531 0.588542 0.369531 0.604167 0.350781 0.604167
0 0.503516 0.632292 0.522656 0.632292 0.522656 0.649479 0.503516 0.649479
0 0.512891 0.660417 0.530078 0.660417 0.530078 0.685417 0.512891 0.685417
0 0.482812 0.676042 0.499609 0.676042 0.499609 0.698958 0.482812 0.698958
0 0.471094 0.705729 0.494531 0.705729 0.494531 0.726562 0.471094 0.726562
0 0.451172 0.686458 0.469922 0.686458 0.469922 0.713542 0.451172 0.713542
0 0.420703 0.699479 0.441406 0.699479 0.441406 0.720833 0.420703 0.720833
0 0.388672 0.717188 0.405078 0.717188 0.405078 0.74375 0.388672 0.74375
0 0.327344 0.803646 0.346094 0.803646 0.346094 0.828646 0.327344 0.828646
0 0.354688 0.818229 0.380469 0.818229 0.380469 0.836458 0.354688 0.836458
0 0.366797 0.771875 0.385938 0.771875 0.385938 0.792708 0.366797 0.792708
0 0.410938 0.767188 0.427344 0.767188 0.427344 0.79375 0.410938 0.79375
0 0.444531 0.755729 0.462891 0.755729 0.462891 0.779167 0.444531 0.779167
0 0.462891 0.788021 0.480859 0.788021 0.480859 0.811458 0.462891 0.811458
0 0.412109 0.80625 0.426562 0.80625 0.426562 0.829688 0.412109 0.829688
0 0.450781 0.835417 0.475 0.835417 0.475 0.860938 0.450781 0.860938
0 0.391797 0.830729 0.414062 0.830729 0.414062 0.854167 0.391797 0.854167
0 0.332812 0.848958 0.348047 0.848958 0.348047 0.872396 0.332812 0.872396
0 0.385156 0.869271 0.400781 0.869271 0.400781 0.9 0.385156 0.9
0 0.4125 0.883333 0.426172 0.883333 0.426172 0.90625 0.4125 0.90625
0 0.429688 0.858333 0.446484 0.858333 0.446484 0.888021 0.429688 0.888021
0 0.355078 0.884896 0.369922 0.884896 0.369922 0.909896 0.355078 0.909896
0 0.354688 0.936458 0.373438 0.936458 0.373438 0.956771 0.354688 0.956771
0 0.330859 0.945312 0.347656 0.945312 0.347656 0.979688 0.330859 0.979688
0 0.372656 0.967708 0.391406 0.967708 0.391406 0.988021 0.372656 0.988021
0 0.732812 0.515625 0.746094 0.515625 0.746094 0.540104 0.732812 0.540104
0 0.757812 0.533333 0.775 0.533333 0.775 0.551562 0.757812 0.551562
0 0.721094 0.611458 0.737891 0.611458 0.737891 0.641667 0.721094 0.641667
0 0.753906 0.616146 0.776172 0.616146 0.776172 0.643229 0.753906 0.643229
0 0.691797 0.625 0.716016 0.625 0.716016 0.648438 0.691797 0.648438
0 0.653125 0.642188 0.669922 0.642188 0.669922 0.676042 0.653125 0.676042
0 0.689453 0.672917 0.711328 0.672917 0.711328 0.704167 0.689453 0.704167
0 0.733594 0.659375 0.749219 0.659375 0.749219 0.691146 0.733594 0.691146
0 0.758984 0.676042 0.778125 0.676042 0.778125 0.701042 0.758984 0.701042
0 0.622656 0.665104 0.642188 0.665104 0.642188 0.696875 0.622656 0.696875
0 0.600391 0.676042 0.61875 0.676042 0.61875 0.70625 0.600391 0.70625
0 0.523828 0.886458 0.544141 0.886458 0.544141 0.909375 0.523828 0.909375
0 0.569922 0.876042 0.586719 0.876042 0.586719 0.904688 0.569922 0.904688
0 0.617188 0.872396 0.632031 0.872396 0.632031 0.902083 0.617188 0.902083
0 0.600391 0.810938 0.617578 0.810938 0.617578 0.840104 0.600391 0.840104
0 0.622656 0.806771 0.639844 0.806771 0.639844 0.839062 0.622656 0.839062
0 0.651562 0.81875 0.668359 0.81875 0.668359 0.846354 0.651562 0.846354
0 0.559766 0.810938 0.574609 0.810938 0.574609 0.841667 0.559766 0.841667
0 0.566406 0.757812 0.581641 0.757812 0.581641 0.791146 0.566406 0.791146
0 0.592969 0.778125 0.618359 0.778125 0.618359 0.801562 0.592969 0.801562
0 0.577734 0.731771 0.596875 0.731771 0.596875 0.754167 0.577734 0.754167
0 0.616797 0.723958 0.632422 0.723958 0.632422 0.750521 0.616797 0.750521
0 0.645703 0.732292 0.667969 0.732292 0.667969 0.754167 0.645703 0.754167
0 0.675391 0.708854 0.689453 0.708854 0.689453 0.736458 0.675391 0.736458
0 0.747656 0.7125 0.76875 0.7125 0.76875 0.734375 0.747656 0.734375
0 0.713672 0.707292 0.730859 0.707292 0.730859 0.734375 0.713672 0.734375
0 0.725 0.748438 0.749219 0.748438 0.749219 0.770312 0.725 0.770312
0 0.671094 0.771875 0.696094 0.771875 0.696094 0.795833 0.671094 0.795833
0 0.704297 0.798438 0.720312 0.798438 0.720312 0.826562 0.704297 0.826562
0 0.722656 0.780729 0.743359 0.780729 0.743359 0.801042 0.722656 0.801042
0 0.546875 0.903125 0.560156 0.903125 0.560156 0.929688 0.546875 0.929688
0 0.553906 0.954688 0.574219 0.954688 0.574219 0.971875 0.553906 0.971875
0 0.587109 0.904688 0.601172 0.904688 0.601172 0.932292 0.587109 0.932292
0 0.64375 0.904167 0.657422 0.904167 0.657422 0.934375 0.64375 0.934375
0 0.652734 0.86875 0.669531 0.86875 0.669531 0.893229 0.652734 0.893229
0 0.665234 0.975521 0.682422 0.975521 0.682422 0.993229 0.665234 0.993229
0 0.686719 0.889583 0.703125 0.889583 0.703125 0.915104 0.686719 0.915104
0 0.704688 0.91875 0.719141 0.91875 0.719141 0.942188 0.704688 0.942188
0 0.739453 0.975521 0.757031 0.975521 0.757031 0.996354 0.739453 0.996354
0 0.752734 0.925521 0.769141 0.925521 0.769141 0.952604 0.752734 0.952604
0 0.726172 0.901562 0.742188 0.901562 0.742188 0.929167 0.726172 0.929167
0 0.753906 0.89375 0.777734 0.89375 0.777734 0.914062 0.753906 0.914062
0 0.785938 0.877604 0.803906 0.877604 0.803906 0.906771 0.785938 0.906771
0 0.8125 0.89375 0.83125 0.89375 0.83125 0.928646 0.8125 0.928646
0 0.795703 0.948958 0.812109 0.948958 0.812109 0.981771 0.795703 0.981771
0 0.813281 0.952604 0.827734 0.952604 0.827734 0.981771 0.813281 0.981771
0 0.772656 0.950521 0.787109 0.950521 0.787109 0.977083 0.772656 0.977083
0 0.833984 0.943229 0.848438 0.943229 0.848438 0.972917 0.833984 0.972917
0 0.878906 0.928125 0.897656 0.928125 0.897656 0.947396 0.878906 0.947396
0 0.846484 0.869792 0.860547 0.869792 0.860547 0.901042 0.846484 0.901042
0 0.876172 0.866667 0.894531 0.866667 0.894531 0.896354 0.876172 0.896354
0 0.717188 0.841146 0.739062 0.841146 0.739062 0.863021 0.717188 0.863021
0 0.758594 0.835938 0.777344 0.835938 0.777344 0.858333 0.758594 0.858333
0 0.741016 0.807812 0.75625 0.807812 0.75625 0.830208 0.741016 0.830208
0 0.788281 0.828646 0.804297 0.828646 0.804297 0.851562 0.788281 0.851562
0 0.767969 0.798958 0.780859 0.798958 0.780859 0.819792 0.767969 0.819792
0 0.843359 0.820833 0.864453 0.820833 0.864453 0.841667 0.843359 0.841667
0 0.886328 0.820312 0.907422 0.820312 0.907422 0.844271 0.886328 0.844271
0 0.923047 0.840104 0.934375 0.840104 0.934375 0.864062 0.923047 0.864062
0 0.939062 0.818229 0.959375 0.818229 0.959375 0.840625 0.939062 0.840625
0 0.910156 0.765104 0.929297 0.765104 0.929297 0.788021 0.910156 0.788021
0 0.946094 0.775521 0.967578 0.775521 0.967578 0.794792 0.946094 0.794792
0 0.879688 0.770312 0.895703 0.770312 0.895703 0.798438 0.879688 0.798438
0 0.860156 0.770312 0.876953 0.770312 0.876953 0.801562 0.860156 0.801562
0 0.824219 0.767188 0.841406 0.767188 0.841406 0.797917 0.824219 0.797917
0 0.817969 0.819792 0.830469 0.819792 0.830469 0.838021 0.817969 0.838021
0 0.8375 0.619792 0.857812 0.619792 0.857812 0.641146 0.8375 0.641146
0 0.820703 0.661979 0.842969 0.661979 0.842969 0.682292 0.820703 0.682292
0 0.832031 0.704688 0.854688 0.704688 0.854688 0.740104 0.832031 0.740104
0 0.866016 0.696354 0.886328 0.696354 0.886328 0.719271 0.866016 0.719271
0 0.878516 0.726562 0.898438 0.726562 0.898438 0.749479 0.878516 0.749479
0 0.921875 0.708854 0.938672 0.708854 0.938672 0.735938 0.921875 0.735938
0 0.948047 0.720312 0.971875 0.720312 0.971875 0.742188 0.948047 0.742188
0 0.980859 0.692188 0.999219 0.692188 0.999219 0.718229 0.980859 0.718229
0 0.884375 0.669792 0.905859 0.669792 0.905859 0.692188 0.884375 0.692188
0 0.914844 0.648438 0.938672 0.648438 0.938672 0.669271 0.914844 0.669271
0 0.885156 0.622396 0.907812 0.622396 0.907812 0.644792 0.885156 0.644792
0 0.866797 0.598958 0.882812 0.598958 0.882812 0.618229 0.866797 0.618229
0 0.983984 0.759896 0.999609 0.759896 0.999609 0.790625 0.983984 0.790625
0 0.986719 0.725521 0.999609 0.725521 0.999609 0.74375 0.986719 0.74375