0 0.340625 0.546875 0.358203 0.546875 0.358203 0.580208 0.340625 0.580208
0 0.381641 0.544271 0.404297 0.544271 0.404297 0.565625 0.381641 0.565625
0 0.414844 0.539062 0.433594 0.539062 0.433594 0.563021 0.414844 0.563021
0 0.372266 0.502083 0.391406 0.502083 0.391406 0.524479 0.372266 0.524479
0 0.337891 0.480208 0.354688 0.480208 0.354688 0.507812 0.337891 0.507812
0 0.299609 0.459375 0.321094 0.459375 0.321094 0.486979 0.299609 0.486979
0 0.301953 0.50625 0.320312 0.50625 0.320312 0.5375 0.301953 0.5375
0 0.266016 0.475521 0.285547 0.475521 0.285547 0.501042 0.266016 0.501042
0 0.322656 0.440625 0.338672 0.440625 0.338672 0.466146 0.322656 0.466146
0 0.350781 0.411979 0.366016 0.411979 0.366016 0.436979 0.350781 0.436979
0 0.374609 0.384896 0.395703 0.384896 0.395703 0.405729 0.374609 0.405729
0 0.390625 0.431771 0.407812 0.431771 0.407812 0.458854 0.390625 0.458854
0 0.428516 0.426042 0.451562 0.426042 0.451562 0.465104 0.428516 0.465104
0 0.461328 0.542708 0.481641 0.542708 0.481641 0.572396 0.461328 0.572396
0 0.391016 0.607292 0.411719 0.607292 0.411719 0.63125 0.391016 0.63125
0 0.318359 0.536458 0.334375 0.536458 0.334375 0.561979 0.318359 0.561979
0 0.407422 0.503646 0.429297 0.503646 0.429297 0.528646 0.407422 0.528646
0 0.444922 0.490625 0.4625 0.490625 0.4625 0.522917 0.444922 0.522917
0 0.487891 0.511979 0.505859 0.511979 0.505859 0.5375 0.487891 0.5375
0 0.419531 0.601042 0.437109 0.601042 0.437109 0.622917 0.419531 0.622917
0 0.478516 0.470833 0.497266 0.470833 0.497266 0.499479 0.478516 0.499479
0 0.485547 0.409375 0.502344 0.409375 0.502344 0.443229 0.485547 0.443229
0 0.456641 0.365625 0.480469 0.365625 0.480469 0.386458 0.456641 0.386458
0 0.402734 0.388542 0.425 0.388542 0.425 0.407812 0.402734 0.407812
0 0.434375 0.7125 0.457812 0.7125 0.457812 0.734896 0.434375 0.734896
0 0.404297 0.740104 0.424609 0.740104 0.424609 0.759375 0.404297 0.759375
0 0.376562 0.765625 0.398438 0.765625 0.398438 0.788542 0.376562 0.788542
0 0.462891 0.686979 0.482422 0.686979 0.482422 0.704688 0.462891 0.704688
0 0.519922 0.664583 0.539453 0.664583 0.539453 0.690104 0.519922 0.690104
0 0.504297 0.704167 0.525391 0.704167 0.525391 0.725521 0.504297 0.725521
0 0.464062 0.726042 0.484766 0.726042 0.484766 0.74375 0.464062 0.74375
0 0.434766 0.751562 0.457422 0.751562 0.457422 0.780729 0.434766 0.780729
0 0.408984 0.784375 0.427344 0.784375 0.427344 0.808854 0.408984 0.808854
0 0.583203 0.78125 0.598828 0.78125 0.598828 0.808854 0.583203 0.808854
0 0.557422 0.796875 0.573438 0.796875 0.573438 0.824479 0.557422 0.824479
0 0.552734 0.720833 0.569141 0.720833 0.569141 0.740104 0.552734 0.740104
0 0.585156 0.726042 0.605859 0.726042 0.605859 0.748438 0.585156 0.748438
0 0.595312 0.636979 0.617969 0.636979 0.617969 0.658333 0.595312 0.658333
0 0.615234 0.615104 0.641406 0.615104 0.641406 0.636979 0.615234 0.636979
0 0.598047 0.571354 0.621094 0.571354 0.621094 0.593229 0.598047 0.593229
0 0.570312 0.536979 0.589844 0.536979 0.589844 0.561979 0.570312 0.561979
0 0.59375 0.532812 0.617578 0.532812 0.617578 0.556771 0.59375 0.556771
0 0.254297 0.692708 0.281641 0.692708 0.281641 0.710938 0.254297 0.710938
0 0.250781 0.621354 0.267188 0.621354 0.267188 0.646354 0.250781 0.646354
0 0.209766 0.560938 0.233984 0.560938 0.233984 0.584896 0.209766 0.584896
0 0.192188 0.521354 0.210547 0.521354 0.210547 0.543229 0.192188 0.543229
0 0.585156 0.493229 0.612109 0.493229 0.612109 0.519271 0.585156 0.519271
0 0.618359 0.482812 0.637109 0.482812 0.637109 0.505729 0.618359 0.505729
0 0.636328 0.507812 0.658984 0.507812 0.658984 0.534896 0.636328 0.534896
0 0.648828 0.460938 0.663281 0.460938 0.663281 0.490625 0.648828 0.490625
0 0.615625 0.428125 0.636719 0.428125 0.636719 0.456771 0.615625 0.456771
0 0.587891 0.447396 0.609766 0.447396 0.609766 0.469792 0.587891 0.469792
0 0.654297 0.392708 0.673828 0.392708 0.673828 0.420833 0.654297 0.420833
0 0.686719 0.4375 0.703516 0.4375 0.703516 0.470312 0.686719 0.470312
0 0.721094 0.481771 0.740234 0.481771 0.740234 0.506771 0.721094 0.506771
0 0.669531 0.548958 0.697266 0.548958 0.697266 0.572917 0.669531 0.572917
0 0.671484 0.61875 0.691406 0.61875 0.691406 0.643229 0.671484 0.643229
0 0.660547 0.653646 0.680469 0.653646 0.680469 0.677604 0.660547 0.677604
0 0.739844 0.619271 0.759375 0.619271 0.759375 0.645833 0.739844 0.645833
0 0.762109 0.596875 0.779688 0.596875 0.779688 0.627083 0.762109 0.627083
0 0.725391 0.663021 0.750391 0.663021 0.750391 0.682812 0.725391 0.682812
0 0.783594 0.645833 0.800781 0.645833 0.800781 0.68125 0.783594 0.68125
0 0.499219 0.457292 0.515234 0.457292 0.515234 0.485417 0.499219 0.485417
0 0.401953 0.348438 0.425391 0.348438 0.425391 0.371354 0.401953 0.371354
0 0.358984 0.350521 0.378906 0.350521 0.378906 0.372396 0.358984 0.372396
0 0.552344 0.365625 0.567578 0.365625 0.567578 0.390625 0.552344 0.390625
0 0.585156 0.382292 0.606641 0.382292 0.606641 0.414583 0.585156 0.414583
0 0.587109 0.340104 0.608984 0.340104 0.608984 0.365104 0.587109 0.365104
0 0.621484 0.358333 0.642578 0.358333 0.642578 0.379688 0.621484 0.379688
0 0.557031 0.305208 0.570703 0.305208 0.570703 0.335938 0.557031 0.335938
0 0.583984 0.283854 0.605078 0.283854 0.605078 0.30625 0.583984 0.30625
0 0.616797 0.3 0.633984 0.3 0.633984 0.328646 0.616797 0.328646
0 0.648438 0.294271 0.669922 0.294271 0.669922 0.315104 0.648438 0.315104
0 0.690625 0.295312 0.708203 0.295312 0.708203 0.327604 0.690625 0.327604
0 0.665625 0.341146 0.683594 0.341146 0.683594 0.368229 0.665625 0.368229
0 0.706641 0.335938 0.731641 0.335938 0.731641 0.361979 0.706641 0.361979
0 0.696484 0.384375 0.714453 0.384375 0.714453 0.407292 0.696484 0.407292
0 0.714453 0.419271 0.735547 0.419271 0.735547 0.441146 0.714453 0.441146
0 0.480469 0.335938 0.498047 0.335938 0.498047 0.35625 0.480469 0.35625
0 0.459766 0.307292 0.475391 0.307292 0.475391 0.332292 0.459766 0.332292
0 0.436719 0.322396 0.457422 0.322396 0.457422 0.35 0.436719 0.35
0 0.397266 0.279688 0.418359 0.279688 0.418359 0.309896 0.397266 0.309896
0 0.428906 0.259375 0.444922 0.259375 0.444922 0.285417 0.428906 0.285417
0 0.496094 0.268229 0.508203 0.268229 0.508203 0.296354 0.496094 0.296354
0 0.595703 0.243229 0.619922 0.243229 0.619922 0.277604 0.595703 0.277604
0 0.733594 0.390625 0.752734 0.390625 0.752734 0.417708 0.733594 0.417708
0 0.740625 0.326042 0.759375 0.326042 0.759375 0.357812 0.740625 0.357812
0 0.769922 0.35625 0.785547 0.35625 0.785547 0.384896 0.769922 0.384896
0 0.755469 0.379688 0.771484 0.379688 0.771484 0.403646 0.755469 0.403646
0 0.765234 0.422917 0.782812 0.422917 0.782812 0.444271 0.765234 0.444271
0 0.654297 0.251042 0.678125 0.251042 0.678125 0.272396 0.654297 0.272396
0 0.733594 0.274479 0.757422 0.274479 0.757422 0.294792 0.733594 0.294792
0 0.758984 0.248958 0.779688 0.248958 0.779688 0.276042 0.758984 0.276042
0 0.262891 0.327604 0.280469 0.327604 0.280469 0.354167 0.262891 0.354167
0 0.283984 0.330729 0.301172 0.330729 0.301172 0.357292 0.283984 0.357292
0 0.2625 0.383333 0.281641 0.383333 0.281641 0.410417 0.2625 0.410417
0 0.243359 0.366667 0.260156 0.366667 0.260156 0.393229 0.243359 0.393229
0 0.344531 0.317188 0.364453 0.317188 0.364453 0.336979 0.344531 0.336979
0 0.344141 0.286979 0.362891 0.286979 0.362891 0.303646 0.344141 0.303646
0 0.338672 0.252083 0.355078 0.252083 0.355078 0.279688 0.338672 0.279688
0 0.373828 0.230208 0.392578 0.230208 0.392578 0.263542 0.373828 0.263542
0 0.414844 0.230729 0.429297 0.230729 0.429297 0.257292 0.414844 0.257292
0 0.398047 0.222396 0.410156 0.222396 0.410156 0.248958 0.398047 0.248958
0 0.465625 0.227604 0.480078 0.227604 0.480078 0.25625 0.465625 0.25625
0 0.395312 0.167708 0.412109 0.167708 0.412109 0.195833 0.395312 0.195833
0 0.449219 0.158333 0.473438 0.158333 0.473438 0.18125 0.449219 0.18125
0 0.360547 0.186979 0.378516 0.186979 0.378516 0.213021 0.360547 0.213021
0 0.328125 0.184896 0.344922 0.184896 0.344922 0.2125 0.328125 0.2125
0 0.301953 0.20625 0.318359 0.20625 0.318359 0.233333 0.301953 0.233333
0 0.271484 0.213021 0.287891 0.213021 0.287891 0.241146 0.271484 0.241146
0 0.241016 0.191146 0.257812 0.191146 0.257812 0.222396 0.241016 0.222396
0 0.25625 0.246354 0.273828 0.246354 0.273828 0.274479 0.25625 0.274479
0 0.218359 0.232292 0.242969 0.232292 0.242969 0.254688 0.218359 0.254688
0 0.209375 0.297917 0.234766 0.297917 0.234766 0.322917 0.209375 0.322917
0 0.197656 0.372396 0.211719 0.372396 0.211719 0.401562 0.197656 0.401562
0 0.217578 0.351562 0.235156 0.351562 0.235156 0.377604 0.217578 0.377604
0 0.188281 0.334896 0.202734 0.334896 0.202734 0.360417 0.188281 0.360417
0 0.170312 0.306771 0.194922 0.306771 0.194922 0.322917 0.170312 0.322917
0 0.160156 0.335938 0.182031 0.335938 0.182031 0.357812 0.160156 0.357812
0 0.175391 0.183854 0.196875 0.183854 0.196875 0.209375 0.175391 0.209375
0 0.206641 0.184375 0.226172 0.184375 0.226172 0.214062 0.206641 0.214062
0 0.170703 0.245312 0.192188 0.245312 0.192188 0.275 0.170703 0.275
0 0.169531 0.146875 0.188281 0.146875 0.188281 0.166667 0.169531 0.166667
0 0.325781 0.134896 0.345703 0.134896 0.345703 0.161979 0.325781 0.161979
0 0.273828 0.156771 0.287891 0.156771 0.287891 0.177083 0.273828 0.177083
0 0.254297 0.139062 0.269141 0.139062 0.269141 0.161979 0.254297 0.161979
0 0.200391 0.099479 0.221875 0.099479 0.221875 0.122917 0.200391 0.122917
0 0.239453 0.114062 0.255859 0.114062 0.255859 0.138021 0.239453 0.138021
0 0.250391 0.082812 0.267969 0.082812 0.267969 0.106771 0.250391 0.106771
0 0.284375 0.115104 0.307422 0.115104 0.307422 0.141667 0.284375 0.141667
0 0.309766 0.10625 0.326172 0.10625 0.326172 0.133333 0.309766 0.133333
0 0.342969 0.092708 0.362891 0.092708 0.362891 0.119271 0.342969 0.119271
0 0.399219 0.089062 0.426562 0.089062 0.426562 0.115104 0.399219 0.115104
0 0.436328 0.111458 0.462109 0.111458 0.462109 0.141146 0.436328 0.141146
0 0.162109 0.554688 0.181641 0.554688 0.181641 0.589062 0.162109 0.589062
0 0.132812 0.578646 0.155859 0.578646 0.155859 0.603125 0.132812 0.603125
0 0.103125 0.542188 0.123047 0.542188 0.123047 0.561979 0.103125 0.561979
0 0.068359 0.539062 0.086328 0.539062 0.086328 0.560417 0.068359 0.560417
0 0.066797 0.580729 0.082812 0.580729 0.082812 0.608854 0.066797 0.608854
0 0.038672 0.583333 0.060547 0.583333 0.060547 0.613542 0.038672 0.613542
0 0.008984 0.540104 0.025391 0.540104 0.025391 0.567708 0.008984 0.567708
0 0.079688 0.471354 0.092188 0.471354 0.092188 0.496875 0.079688 0.496875
0 0.041406 0.526562 0.060938 0.526562 0.060938 0.546354 0.041406 0.546354
0 0.142578 0.509896 0.167188 0.509896 0.167188 0.5375 0.142578 0.5375
0 0.076562 0.378125 0.094922 0.378125 0.094922 0.405729 0.076562 0.405729
0 0.045703 0.426562 0.072656 0.426562 0.072656 0.448438 0.045703 0.448438
0 0.027344 0.361979 0.05 0.361979 0.05 0.388021 0.027344 0.388021
0 0.004297 0.394271 0.022266 0.394271 0.022266 0.420833 0.004297 0.420833
0 0.042578 0.288021 0.0625 0.288021 0.0625 0.307292 0.042578 0.307292
0 0.023438 0.027604 0.044531 0.027604 0.044531 0.05625 0.023438 0.05625
0 0.066797 0.058854 0.085547 0.058854 0.085547 0.080729 0.066797 0.080729
0 0.095703 0.016146 0.120703 0.016146 0.120703 0.039062 0.095703 0.039062
0 0.137109 0.041146 0.159766 0.041146 0.159766 0.064062 0.137109 0.064062
0 0.11875 0.064062 0.1375 0.064062 0.1375 0.085417 0.11875 0.085417
0 0.089844 0.101042 0.110938 0.101042 0.110938 0.128646 0.089844 0.128646
0 0.080078 0.131771 0.098047 0.131771 0.098047 0.157292 0.080078 0.157292
0 0.131641 0.156771 0.153516 0.156771 0.153516 0.179167 0.131641 0.179167
0 0.023438 0.085417 0.040625 0.085417 0.040625 0.108333 0.023438 0.108333
0 0.041406 0.1125 0.055078 0.1125 0.055078 0.132292 0.041406 0.132292
0 0.242969 0.039583 0.272266 0.039583 0.272266 0.066667 0.242969 0.066667
0 0.0 0.230729 0.019531 0.230729 0.019531 0.259896 0.0 0.259896
0 0.106641 0.499479 0.127344 0.499479 0.127344 0.520833 0.106641 0.520833
0 0.187109 0.597396 0.203516 0.597396 0.203516 0.619271 0.187109 0.619271
0 0.195312 0.667188 0.216406 0.667188 0.216406 0.6875 0.195312 0.6875
0 0.172656 0.635417 0.194922 0.635417 0.194922 0.659896 0.172656 0.659896
0 0.140234 0.628646 0.160938 0.628646 0.160938 0.647917 0.140234 0.647917
0 0.113281 0.645312 0.130078 0.645312 0.130078 0.671875 0.113281 0.671875
0 0.004297 0.611979 0.025 0.611979 0.025 0.644792 0.004297 0.644792
0 0.0 0.666146 0.018359 0.666146 0.018359 0.693229 0.0 0.693229
0 0.032812 0.709896 0.053516 0.709896 0.053516 0.739583 0.032812 0.739583
0 0.05 0.69375 0.073047 0.69375 0.073047 0.716146 0.05 0.716146
0 0.074609 0.654167 0.091406 0.654167 0.091406 0.68125 0.074609 0.68125
0 0.100391 0.678646 0.119922 0.678646 0.119922 0.706771 0.100391 0.706771
0 0.127344 0.709896 0.143359 0.709896 0.143359 0.73125 0.127344 0.73125
0 0.166797 0.721875 0.187891 0.721875 0.187891 0.746875 0.166797 0.746875
0 0.122656 0.763542 0.145312 0.763542 0.145312 0.790625 0.122656 0.790625
0 0.216406 0.702604 0.244141 0.702604 0.244141 0.726042 0.216406 0.726042
0 0.220312 0.744271 0.24375 0.744271 0.24375 0.766146 0.220312 0.766146
0 0.178906 0.748958 0.207812 0.748958 0.207812 0.770833 0.178906 0.770833
0 0.363672 0.005729 0.380859 0.005729 0.380859 0.027604 0.363672 0.027604
0 0.443359 0.017188 0.4625 0.017188 0.4625 0.051042 0.443359 0.051042
0 0.540625 0.070833 0.564453 0.070833 0.564453 0.098438 0.540625 0.098438
0 0.540625 0.008854 0.557031 0.008854 0.557031 0.040625 0.540625 0.040625
0 0.562109 0.023438 0.582422 0.023438 0.582422 0.053125 0.562109 0.053125
0 0.536328 0.11875 0.553906 0.11875 0.553906 0.146875 0.536328 0.146875
0 0.023828 0.829688 0.055469 0.829688 0.055469 0.856771 0.023828 0.856771
0 0.002344 0.795312 0.033203 0.795312 0.033203 0.819792 0.002344 0.819792
0 0.040234 0.775 0.056641 0.775 0.056641 0.796354 0.040234 0.796354
0 0.111719 0.820312 0.132812 0.820312 0.132812 0.850521 0.111719 0.850521
0 0.081641 0.866146 0.105078 0.866146 0.105078 0.886979 0.081641 0.886979
0 0.078516 0.845833 0.095703 0.845833 0.095703 0.867708 0.078516 0.867708
0 0.055859 0.910417 0.079297 0.910417 0.079297 0.934375 0.055859 0.934375
0 0.073828 0.96875 0.100391 0.96875 0.100391 0.995312 0.073828 0.995312
0 0.100391 0.925 0.124219 0.925 0.124219 0.954688 0.100391 0.954688
0 0.137891 0.939062 0.157422 0.939062 0.157422 0.963542 0.137891 0.963542
0 0.14375 0.883854 0.165234 0.883854 0.165234 0.908333 0.14375 0.908333
0 0.166016 0.919792 0.183594 0.919792 0.183594 0.942188 0.166016 0.942188
0 0.192969 0.892708 0.216406 0.892708 0.216406 0.919792 0.192969 0.919792
0 0.205859 0.928125 0.227344 0.928125 0.227344 0.959375 0.205859 0.959375
0 0.0 0.857812 0.021484 0.857812 0.021484 0.882812 0.0 0.882812
0 0.0625 0.491667 0.083984 0.491667 0.083984 0.521354 0.0625 0.521354
0 0.185938 0.790625 0.209375 0.790625 0.209375 0.815625 0.185938 0.815625
0 0.241797 0.832812 0.261719 0.832812 0.261719 0.858854 0.241797 0.858854
0 0.25 0.790104 0.275781 0.790104 0.275781 0.814062 0.25 0.814062
0 0.301953 0.882292 0.320703 0.882292 0.320703 0.913542 0.301953 0.913542
0 0.3375 0.851042 0.358594 0.851042 0.358594 0.883333 0.3375 0.883333
0 0.371875 0.81875 0.391797 0.81875 0.391797 0.845312 0.371875 0.845312
0 0.385547 0.843229 0.405859 0.843229 0.405859 0.866667 0.385547 0.866667
0 0.380078 0.880208 0.397656 0.880208 0.397656 0.908333 0.380078 0.908333
0 0.3625 0.918229 0.382031 0.918229 0.382031 0.944271 0.3625 0.944271
0 0.332422 0.9125 0.357031 0.9125 0.357031 0.933854 0.332422 0.933854
0 0.3125 0.933854 0.330469 0.933854 0.330469 0.958854 0.3125 0.958854
0 0.240625 0.921875 0.257031 0.921875 0.257031 0.94375 0.240625 0.94375
0 0.330469 0.956771 0.354297 0.956771 0.354297 0.976562 0.330469 0.976562
0 0.378516 0.964583 0.402734 0.964583 0.402734 0.989062 0.378516 0.989062
0 0.404688 0.9125 0.423828 0.9125 0.423828 0.936458 0.404688 0.936458
0 0.414844 0.971354 0.434766 0.971354 0.434766 0.998958 0.414844 0.998958
0 0.440625 0.958854 0.460156 0.958854 0.460156 0.982812 0.440625 0.982812
0 0.457422 0.823958 0.484375 0.823958 0.484375 0.844271 0.457422 0.844271
0 0.495703 0.821875 0.517578 0.821875 0.517578 0.848958 0.495703 0.848958
0 0.454688 0.890104 0.470703 0.890104 0.470703 0.918229 0.454688 0.918229
0 0.45625 0.934375 0.473828 0.934375 0.473828 0.9625 0.45625 0.9625
0 0.492969 0.901562 0.509375 0.901562 0.509375 0.926042 0.492969 0.926042
0 0.494531 0.951042 0.512109 0.951042 0.512109 0.981771 0.494531 0.981771
0 0.53125 0.901562 0.549609 0.901562 0.549609 0.938542 0.53125 0.938542
0 0.529688 0.821875 0.544922 0.821875 0.544922 0.844792 0.529688 0.844792
0 0.570312 0.853125 0.589062 0.853125 0.589062 0.886979 0.570312 0.886979
0 0.605469 0.855729 0.628906 0.855729 0.628906 0.881771 0.605469 0.881771
0 0.614453 0.883854 0.635156 0.883854 0.635156 0.907292 0.614453 0.907292
0 0.582812 0.938021 0.601953 0.938021 0.601953 0.970312 0.582812 0.970312
0 0.560547 0.963021 0.580859 0.963021 0.580859 0.993229 0.560547 0.993229
0 0.612891 0.963021 0.636719 0.963021 0.636719 0.985938 0.612891 0.985938
0 0.630078 0.91875 0.646875 0.91875 0.646875 0.948438 0.630078 0.948438
0 0.660938 0.934896 0.68125 0.934896 0.68125 0.965625 0.660938 0.965625
0 0.682031 0.980729 0.696484 0.980729 0.696484 0.999479 0.682031 0.999479
0 0.644531 0.839583 0.657422 0.839583 0.657422 0.867708 0.644531 0.867708
0 0.673047 0.886979 0.688281 0.886979 0.688281 0.905208 0.673047 0.905208
0 0.763281 0.864583 0.783984 0.864583 0.783984 0.896354 0.763281 0.896354
0 0.780469 0.901042 0.794141 0.901042 0.794141 0.926562 0.780469 0.926562
0 0.796875 0.925 0.814062 0.925 0.814062 0.953125 0.796875 0.953125
0 0.816406 0.844271 0.832031 0.844271 0.832031 0.879167 0.816406 0.879167
0 0.745312 0.801042 0.766797 0.801042 0.766797 0.825521 0.745312 0.825521
0 0.721484 0.794792 0.739062 0.794792 0.739062 0.809896 0.721484 0.809896
0 0.703125 0.752604 0.724609 0.752604 0.724609 0.779167 0.703125 0.779167
0 0.695703 0.702083 0.713672 0.702083 0.713672 0.730729 0.695703 0.730729
0 0.739453 0.692708 0.757031 0.692708 0.757031 0.720833 0.739453 0.720833
0 0.726562 0.738542 0.739453 0.738542 0.739453 0.760417 0.726562 0.760417
0 0.758984 0.729167 0.780469 0.729167 0.780469 0.746354 0.758984 0.746354
0 0.742578 0.879167 0.757422 0.879167 0.757422 0.905208 0.742578 0.905208
0 0.739844 0.198958 0.766406 0.198958 0.766406 0.222917 0.739844 0.222917
0 0.694531 0.177083 0.715625 0.177083 0.715625 0.208333 0.694531 0.208333
0 0.627344 0.198958 0.654297 0.198958 0.654297 0.221875 0.627344 0.221875
0 0.598438 0.178646 0.619531 0.178646 0.619531 0.206771 0.598438 0.206771
0 0.578125 0.132292 0.598828 0.132292 0.598828 0.164062 0.578125 0.164062
0 0.549219 0.121875 0.574609 0.121875 0.574609 0.152083 0.549219 0.152083
0 0.590234 0.075 0.616406 0.075 0.616406 0.107292 0.590234 0.107292
0 0.627734 0.061458 0.648047 0.061458 0.648047 0.094792 0.627734 0.094792
0 0.655078 0.094271 0.674219 0.094271 0.674219 0.130729 0.655078 0.130729
0 0.607812 0.127604 0.625391 0.127604 0.625391 0.149479 0.607812 0.149479
0 0.643359 0.147917 0.667188 0.147917 0.667188 0.169271 0.643359 0.169271
0 0.680859 0.134375 0.701562 0.134375 0.701562 0.155729 0.680859 0.155729
0 0.6625 0.175 0.684766 0.175 0.684766 0.198438 0.6625 0.198438
0 0.728125 0.127604 0.749609 0.127604 0.749609 0.146354 0.728125 0.146354
0 0.73125 0.166146 0.751953 0.166146 0.751953 0.192708 0.73125 0.192708
0 0.769922 0.138021 0.79375 0.138021 0.79375 0.171354 0.769922 0.171354
0 0.780078 0.206771 0.804297 0.206771 0.804297 0.230208 0.780078 0.230208
0 0.807031 0.235417 0.826562 0.235417 0.826562 0.272917 0.807031 0.272917
0 0.609766 0.032812 0.636328 0.032812 0.636328 0.059375 0.609766 0.059375
0 0.639062 0.006771 0.658203 0.006771 0.658203 0.033333 0.639062 0.033333
0 0.659375 0.001042 0.677344 0.001042 0.677344 0.015625 0.659375 0.015625
0 0.694531 0.0 0.712891 0.0 0.712891 0.017188 0.694531 0.017188
0 0.727344 0.003646 0.743359 0.003646 0.743359 0.031771 0.727344 0.031771
0 0.755859 0.013021 0.773047 0.013021 0.773047 0.041667 0.755859 0.041667
0 0.733203 0.069792 0.746094 0.069792 0.746094 0.097917 0.733203 0.097917
0 0.764062 0.067708 0.783594 0.067708 0.783594 0.105729 0.764062 0.105729
0 0.705859 0.051042 0.722656 0.051042 0.722656 0.080208 0.705859 0.080208
0 0.68125 0.023438 0.697266 0.023438 0.697266 0.055208 0.68125 0.055208
0 0.708203 0.022917 0.720312 0.022917 0.720312 0.044792 0.708203 0.044792
0 0.859766 0.005208 0.875781 0.005208 0.875781 0.045833 0.859766 0.045833
0 0.802344 0.096354 0.825 0.096354 0.825 0.119792 0.802344 0.119792
0 0.791016 0.030208 0.815625 0.030208 0.815625 0.056771 0.791016 0.056771
0 0.890234 0.35 0.915234 0.35 0.915234 0.376042 0.890234 0.376042
0 0.889453 0.298438 0.907031 0.298438 0.907031 0.328125 0.889453 0.328125
0 0.883594 0.241667 0.899609 0.241667 0.899609 0.267708 0.883594 0.267708
0 0.878906 0.474479 0.901562 0.474479 0.901562 0.500521 0.878906 0.500521
0 0.85 0.495312 0.870312 0.495312 0.870312 0.522396 0.85 0.522396
0 0.858203 0.534375 0.880859 0.534375 0.880859 0.558854 0.858203 0.558854
0 0.867188 0.576042 0.892578 0.576042 0.892578 0.60625 0.867188 0.60625
0 0.892188 0.519271 0.909766 0.519271 0.909766 0.548958 0.892188 0.548958
0 0.9125 0.489062 0.93125 0.489062 0.93125 0.520833 0.9125 0.520833
0 0.897656 0.428125 0.914844 0.428125 0.914844 0.458333 0.897656 0.458333
0 0.783984 0.741667 0.801562 0.741667 0.801562 0.775521 0.783984 0.775521
0 0.834766 0.746875 0.850391 0.746875 0.850391 0.773438 0.834766 0.773438
0 0.850391 0.711458 0.870312 0.711458 0.870312 0.730729 0.850391 0.730729
0 0.828516 0.673438 0.845703 0.673438 0.845703 0.696875 0.828516 0.696875
0 0.859375 0.664062 0.880078 0.664062 0.880078 0.690625 0.859375 0.690625
0 0.836719 0.630729 0.853125 0.630729 0.853125 0.658333 0.836719 0.658333
0 0.808594 0.648958 0.825781 0.648958 0.825781 0.673958 0.808594 0.673958
0 0.894531 0.647917 0.913281 0.647917 0.913281 0.680208 0.894531 0.680208
0 0.903125 0.707292 0.919922 0.707292 0.919922 0.735938 0.903125 0.735938
0 0.9 0.761458 0.919922 0.761458 0.919922 0.792188 0.9 0.792188
0 0.838672 0.795833 0.859766 0.795833 0.859766 0.820833 0.838672 0.820833
0 0.800781 0.704688 0.816797 0.704688 0.816797 0.739583 0.800781 0.739583
0 0.809766 0.589583 0.826562 0.589583 0.826562 0.629167 0.809766 0.629167
0 0.858203 0.613021 0.883203 0.613021 0.883203 0.640625 0.858203 0.640625
0 0.880078 0.792188 0.9 0.792188 0.9 0.822396 0.880078 0.822396
0 0.916016 0.798958 0.935156 0.798958 0.935156 0.827083 0.916016 0.827083
0 0.932422 0.428125 0.950781 0.428125 0.950781 0.4625 0.932422 0.4625
0 0.938281 0.483854 0.955469 0.483854 0.955469 0.516146 0.938281 0.516146
0 0.918359 0.55 0.939062 0.55 0.939062 0.573438 0.918359 0.573438
0 0.946484 0.570312 0.966406 0.570312 0.966406 0.600521 0.946484 0.600521
0 0.958594 0.536979 0.975781 0.536979 0.975781 0.5625 0.958594 0.5625
0 0.971094 0.496875 0.990234 0.496875 0.990234 0.527604 0.971094 0.527604
0 0.792188 0.346875 0.812109 0.346875 0.812109 0.373958 0.792188 0.373958
0 0.924219 0.314583 0.94375 0.314583 0.94375 0.35 0.924219 0.35
0 0.951172 0.381771 0.973438 0.381771 0.973438 0.415104 0.951172 0.415104
0 0.951953 0.307292 0.975 0.307292 0.975 0.341667 0.951953 0.341667
0 0.911328 0.2625 0.933984 0.2625 0.933984 0.291667 0.911328 0.291667
0 0.960547 0.253125 0.982422 0.253125 0.982422 0.2875 0.960547 0.2875
0 0.94375 0.2 0.971875 0.2 0.971875 0.224479 0.94375 0.224479
0 0.966406 0.176042 0.984766 0.176042 0.984766 0.213021 0.966406 0.213021
0 0.982031 0.34375 0.998047 0.34375 0.998047 0.371875 0.982031 0.371875
0 0.821094 0.970833 0.841016 0.970833 0.841016 0.999479 0.821094 0.999479
0 0.852734 0.95625 0.870312 0.95625 0.870312 0.986458 0.852734 0.986458
0 0.851562 0.902083 0.867969 0.902083 0.867969 0.936458 0.851562 0.936458
0 0.877734 0.883854 0.898438 0.883854 0.898438 0.907812 0.877734 0.907812
0 0.847266 0.846875 0.865625 0.846875 0.865625 0.874479 0.847266 0.874479
0 0.891797 0.839583 0.90625 0.839583 0.90625 0.867188 0.891797 0.867188
0 0.910547 0.863542 0.926172 0.863542 0.926172 0.890104 0.910547 0.890104
0 0.939062 0.803646 0.953906 0.803646 0.953906 0.831771 0.939062 0.831771
0 0.948047 0.848438 0.964453 0.848438 0.964453 0.878646 0.948047 0.878646
0 0.869922 0.742188 0.891406 0.742188 0.891406 0.767708 0.869922 0.767708
0 0.944922 0.739062 0.962891 0.739062 0.962891 0.760417 0.944922 0.760417
0 0.971484 0.754688 0.989453 0.754688 0.989453 0.775 0.971484 0.775
0 0.960938 0.793229 0.979688 0.793229 0.979688 0.819792 0.960938 0.819792
0 0.909766 0.948958 0.925781 0.948958 0.925781 0.978646 0.909766 0.978646
0 0.887891 0.922396 0.900781 0.922396 0.900781 0.948438 0.887891 0.948438
0 0.969531 0.928125 0.987109 0.928125 0.987109 0.958333 0.969531 0.958333
0 0.774609 0.789583 0.787891 0.789583 0.787891 0.816146 0.774609 0.816146
0 0.951562 0.702083 0.973438 0.702083 0.973438 0.723438 0.951562 0.723438
0 0.135938 0.261979 0.158203 0.261979 0.158203 0.285417 0.135938 0.285417
0 0.365625 0.454688 0.385938 0.454688 0.385938 0.484896 0.365625 0.484896
0 0.428516 0.570312 0.45625 0.570312 0.45625 0.591667 0.428516 0.591667
0 0.225391 0.652604 0.249219 0.652604 0.249219 0.673958 0.225391 0.673958
0 0.259375 0.74375 0.283594 0.74375 0.283594 0.775 0.259375 0.775
0 0.044531 0.397396 0.067188 0.397396 0.067188 0.418229 0.044531 0.418229
0 0.420703 0.874479 0.450781 0.874479 0.450781 0.915625 0.420703 0.915625
0 0.956641 0.454688 0.978516 0.454688 0.978516 0.483854 0.956641 0.483854
0 0.933984 0.223958 0.958984 0.223958 0.958984 0.252083 0.933984 0.252083
0 0.952344 0.128125 0.969531 0.128125 0.969531 0.163542 0.952344 0.163542
0 0.902344 0.029688 0.932422 0.029688 0.932422 0.052083 0.902344 0.052083
0 0.988281 0.403125 0.999609 0.403125 0.999609 0.434375 0.988281 0.434375
0 0.958594 0.000521 0.984766 0.000521 0.984766 0.026562 0.958594 0.026562
0 0.935938 0.0 0.954297 0.0 0.954297 0.019271 0.935938 0.019271
0 0.840625 0.002083 0.863281 0.002083 0.863281 0.021875 0.840625 0.021875
0 0.982422 0.609375 0.998438 0.609375 0.998438 0.630729 0.982422 0.630729