0 0.13125 0.035938 0.148047 0.035938 0.148047 0.055729 0.13125 0.055729
0 0.147656 0.009375 0.165625 0.009375 0.165625 0.031771 0.147656 0.031771
0 0.242578 0.034896 0.257812 0.034896 0.257812 0.059896 0.242578 0.059896
0 0.191406 0.071354 0.20625 0.071354 0.20625 0.09375 0.191406 0.09375
0 0.174609 0.075 0.189453 0.075 0.189453 0.098438 0.174609 0.098438
0 0.114453 0.115625 0.135547 0.115625 0.135547 0.134375 0.114453 0.134375
0 0.114844 0.083854 0.132422 0.083854 0.132422 0.097396 0.114844 0.097396
0 0.084766 0.115104 0.097656 0.115104 0.097656 0.139062 0.084766 0.139062
0 0.135938 0.141667 0.155469 0.141667 0.155469 0.161458 0.135938 0.161458
0 0.159766 0.122917 0.175781 0.122917 0.175781 0.142188 0.159766 0.142188
0 0.209375 0.039583 0.225391 0.039583 0.225391 0.064062 0.209375 0.064062
0 0.260547 0.071875 0.275391 0.071875 0.275391 0.09375 0.260547 0.09375
0 0.235547 0.069792 0.252344 0.069792 0.252344 0.094792 0.235547 0.094792
0 0.223047 0.110417 0.241016 0.110417 0.241016 0.129167 0.223047 0.129167
0 0.285547 0.082812 0.301172 0.082812 0.301172 0.108854 0.285547 0.108854
0 0.219531 0.143229 0.233984 0.143229 0.233984 0.164062 0.219531 0.164062
0 0.256641 0.156771 0.273047 0.156771 0.273047 0.18125 0.256641 0.18125
0 0.277344 0.020833 0.288672 0.020833 0.288672 0.041146 0.277344 0.041146
0 0.309766 0.045312 0.320703 0.045312 0.320703 0.065625 0.309766 0.065625
0 0.310156 0.104167 0.328516 0.104167 0.328516 0.125 0.310156 0.125
0 0.312891 0.133854 0.330078 0.133854 0.330078 0.155729 0.312891 0.155729
0 0.333203 0.04375 0.347266 0.04375 0.347266 0.067188 0.333203 0.067188
0 0.371484 0.044271 0.390234 0.044271 0.390234 0.070833 0.371484 0.070833
0 0.438672 0.025521 0.457422 0.025521 0.457422 0.049479 0.438672 0.049479
0 0.485156 0.066667 0.503906 0.066667 0.503906 0.085938 0.485156 0.085938
0 0.462109 0.071354 0.480078 0.071354 0.480078 0.090625 0.462109 0.090625
0 0.457031 0.094792 0.476562 0.094792 0.476562 0.111979 0.457031 0.111979
0 0.423438 0.078646 0.440234 0.078646 0.440234 0.100521 0.423438 0.100521
0 0.388672 0.08125 0.404297 0.08125 0.404297 0.104688 0.388672 0.104688
0 0.379297 0.130208 0.396094 0.130208 0.396094 0.157292 0.379297 0.157292
0 0.367578 0.159896 0.383594 0.159896 0.383594 0.185938 0.367578 0.185938
0 0.426953 0.161458 0.448438 0.161458 0.448438 0.190104 0.426953 0.190104
0 0.494922 0.189583 0.514844 0.189583 0.514844 0.2125 0.494922 0.2125
0 0.4875 0.221354 0.502344 0.221354 0.502344 0.247396 0.4875 0.247396
0 0.453516 0.230729 0.471484 0.230729 0.471484 0.254688 0.453516 0.254688
0 0.450781 0.194792 0.469922 0.194792 0.469922 0.216146 0.450781 0.216146
0 0.574609 0.234896 0.596484 0.234896 0.596484 0.25625 0.574609 0.25625
0 0.610547 0.169792 0.630469 0.169792 0.630469 0.200521 0.610547 0.200521
0 0.653125 0.171354 0.668359 0.171354 0.668359 0.202604 0.653125 0.202604
0 0.628906 0.228125 0.650391 0.228125 0.650391 0.251563 0.628906 0.251563
0 0.671094 0.2375 0.690234 0.2375 0.690234 0.263021 0.671094 0.263021
0 0.701562 0.232292 0.720703 0.232292 0.720703 0.258854 0.701562 0.258854
0 0.600391 0.272396 0.616016 0.272396 0.616016 0.295833 0.600391 0.295833
0 0.616016 0.302083 0.634375 0.302083 0.634375 0.326562 0.616016 0.326562
0 0.250781 0.277083 0.269141 0.277083 0.269141 0.298438 0.250781 0.298438
0 0.332812 0.284896 0.351562 0.284896 0.351562 0.30625 0.332812 0.30625
0 0.3625 0.273438 0.378125 0.273438 0.378125 0.293229 0.3625 0.293229
0 0.370703 0.317188 0.391406 0.317188 0.391406 0.335417 0.370703 0.335417
0 0.407812 0.191667 0.425391 0.191667 0.425391 0.214062 0.407812 0.214062
0 0.418359 0.236458 0.434375 0.236458 0.434375 0.264062 0.418359 0.264062
0 0.385938 0.214062 0.403125 0.214062 0.403125 0.239062 0.385938 0.239062
0 0.340625 0.198958 0.360156 0.198958 0.360156 0.220833 0.340625 0.220833
0 0.327734 0.361979 0.344922 0.361979 0.344922 0.390104 0.327734 0.390104
0 0.365234 0.358854 0.387891 0.358854 0.387891 0.379688 0.365234 0.379688
0 0.339844 0.33125 0.357031 0.33125 0.357031 0.354688 0.339844 0.354688
0 0.403516 0.378646 0.419922 0.378646 0.419922 0.403646 0.403516 0.403646
0 0.419531 0.359896 0.439062 0.359896 0.439062 0.379167 0.419531 0.379167
0 0.371484 0.395312 0.389453 0.395312 0.389453 0.414062 0.371484 0.414062
0 0.222266 0.202083 0.237891 0.202083 0.237891 0.223438 0.222266 0.223438
0 0.248438 0.217708 0.265234 0.217708 0.265234 0.236979 0.248438 0.236979
0 0.308984 0.189062 0.328906 0.189062 0.328906 0.208854 0.308984 0.208854
0 0.1875 0.208333 0.199609 0.208333 0.199609 0.232292 0.1875 0.232292
0 0.172656 0.186979 0.186328 0.186979 0.186328 0.208333 0.172656 0.208333
0 0.155469 0.201042 0.170312 0.201042 0.170312 0.223958 0.155469 0.223958
0 0.195312 0.251563 0.215234 0.251563 0.215234 0.273958 0.195312 0.273958
0 0.202344 0.309896 0.217969 0.309896 0.217969 0.326042 0.202344 0.326042
0 0.164844 0.278646 0.180469 0.278646 0.180469 0.296875 0.164844 0.296875
0 0.125391 0.175521 0.141016 0.175521 0.141016 0.194792 0.125391 0.194792
0 0.1375 0.199479 0.150391 0.199479 0.150391 0.223958 0.1375 0.223958
0 0.148438 0.243229 0.168359 0.243229 0.168359 0.261979 0.148438 0.261979
0 0.091797 0.206771 0.10625 0.206771 0.10625 0.233333 0.091797 0.233333
0 0.078125 0.232292 0.098438 0.232292 0.098438 0.255208 0.078125 0.255208
0 0.048047 0.222917 0.064062 0.222917 0.064062 0.243229 0.048047 0.243229
0 0.030859 0.248438 0.048828 0.248438 0.048828 0.270833 0.030859 0.270833
0 0.099609 0.175521 0.114844 0.175521 0.114844 0.198438 0.099609 0.198438
0 0.059375 0.275521 0.080078 0.275521 0.080078 0.296354 0.059375 0.296354
0 0.081641 0.293229 0.097656 0.293229 0.097656 0.316146 0.081641 0.316146
0 0.124609 0.258854 0.142969 0.258854 0.142969 0.286458 0.124609 0.286458
0 0.112891 0.323438 0.133203 0.323438 0.133203 0.351562 0.112891 0.351562
0 0.066016 0.326042 0.084766 0.326042 0.084766 0.353646 0.066016 0.353646
0 0.103906 0.372917 0.121875 0.372917 0.121875 0.391667 0.103906 0.391667
0 0.144531 0.357292 0.163281 0.357292 0.163281 0.38125 0.144531 0.38125
0 0.166016 0.403125 0.183203 0.403125 0.183203 0.421875 0.166016 0.421875
0 0.134766 0.423438 0.148828 0.423438 0.148828 0.44375 0.134766 0.44375
0 0.092969 0.408333 0.1125 0.408333 0.1125 0.424479 0.092969 0.424479
0 0.172656 0.457812 0.196875 0.457812 0.196875 0.481771 0.172656 0.481771
0 0.205469 0.417188 0.225391 0.417188 0.225391 0.439583 0.205469 0.439583
0 0.083203 0.474479 0.102734 0.474479 0.102734 0.493229 0.083203 0.493229
0 0.039844 0.478646 0.061328 0.478646 0.061328 0.497396 0.039844 0.497396
0 0.083984 0.508333 0.105078 0.508333 0.105078 0.524479 0.083984 0.524479
0 0.128516 0.509375 0.147656 0.509375 0.147656 0.532292 0.128516 0.532292
0 0.032812 0.511979 0.050391 0.511979 0.050391 0.527083 0.032812 0.527083
0 0.057812 0.520833 0.073047 0.520833 0.073047 0.546354 0.057812 0.546354
0 0.173828 0.325 0.19375 0.325 0.19375 0.347396 0.173828 0.347396
0 0.187109 0.365625 0.205078 0.365625 0.205078 0.3875 0.187109 0.3875
0 0.218359 0.391146 0.236328 0.391146 0.236328 0.413021 0.218359 0.413021
0 0.083594 0.543229 0.10625 0.543229 0.10625 0.564062 0.083594 0.564062
0 0.125391 0.572396 0.144141 0.572396 0.144141 0.591146 0.125391 0.591146
0 0.283594 0.439062 0.303906 0.439062 0.303906 0.466146 0.283594 0.466146
0 0.238281 0.429167 0.259766 0.429167 0.259766 0.448958 0.238281 0.448958
0 0.221875 0.446354 0.239453 0.446354 0.239453 0.468229 0.221875 0.468229
0 0.227734 0.491667 0.244922 0.491667 0.244922 0.514583 0.227734 0.514583
0 0.273438 0.484375 0.292578 0.484375 0.292578 0.509375 0.273438 0.509375
0 0.303125 0.420312 0.321875 0.420312 0.321875 0.441667 0.303125 0.441667
0 0.25 0.383854 0.267188 0.383854 0.267188 0.407292 0.25 0.407292
0 0.298828 0.386979 0.317969 0.386979 0.317969 0.409375 0.298828 0.409375
0 0.245312 0.532292 0.266016 0.532292 0.266016 0.554688 0.245312 0.554688
0 0.155078 0.549479 0.173828 0.549479 0.173828 0.567188 0.155078 0.567188
0 0.022656 0.444271 0.041016 0.444271 0.041016 0.466667 0.022656 0.466667
0 0.027734 0.55 0.051172 0.55 0.051172 0.568229 0.027734 0.568229
0 0.007031 0.576042 0.026172 0.576042 0.026172 0.593229 0.007031 0.593229
0 0.057031 0.575 0.073047 0.575 0.073047 0.598438 0.057031 0.598438
0 0.086719 0.598438 0.103906 0.598438 0.103906 0.621875 0.086719 0.621875
0 0.008203 0.610417 0.027344 0.610417 0.027344 0.628646 0.008203 0.628646
0 0.045312 0.639583 0.068359 0.639583 0.068359 0.661458 0.045312 0.661458
0 0.020312 0.671875 0.042188 0.671875 0.042188 0.691146 0.020312 0.691146
0 0.102344 0.575521 0.119141 0.575521 0.119141 0.596354 0.102344 0.596354
0 0.133203 0.6 0.149609 0.6 0.149609 0.619792 0.133203 0.619792
0 0.137891 0.625521 0.159766 0.625521 0.159766 0.644792 0.137891 0.644792
0 0.167969 0.644792 0.187109 0.644792 0.187109 0.665104 0.167969 0.665104
0 0.130078 0.666146 0.152734 0.666146 0.152734 0.685417 0.130078 0.685417
0 0.198828 0.648438 0.214062 0.648438 0.214062 0.673438 0.198828 0.673438
0 0.229297 0.670833 0.248047 0.670833 0.248047 0.689583 0.229297 0.689583
0 0.082422 0.688542 0.103516 0.688542 0.103516 0.711458 0.082422 0.711458
0 0.058203 0.724479 0.080078 0.724479 0.080078 0.745833 0.058203 0.745833
0 0.017188 0.720312 0.034375 0.720312 0.034375 0.735938 0.017188 0.735938
0 0.132031 0.700521 0.151562 0.700521 0.151562 0.719271 0.132031 0.719271
0 0.041406 0.750521 0.0625 0.750521 0.0625 0.771875 0.041406 0.771875
0 0.0125 0.766667 0.031641 0.766667 0.031641 0.784896 0.0125 0.784896
0 0.069922 0.8 0.090625 0.8 0.090625 0.822917 0.069922 0.822917
0 0.08125 0.742708 0.099609 0.742708 0.099609 0.766146 0.08125 0.766146
0 0.107812 0.752083 0.125781 0.752083 0.125781 0.776042 0.107812 0.776042
0 0.013672 0.805208 0.03125 0.805208 0.03125 0.830729 0.013672 0.830729
0 0.027344 0.847917 0.04375 0.847917 0.04375 0.870833 0.027344 0.870833
0 0.168359 0.800521 0.188281 0.800521 0.188281 0.821354 0.168359 0.821354
0 0.145703 0.814062 0.162891 0.814062 0.162891 0.840104 0.145703 0.840104
0 0.086328 0.832812 0.101562 0.832812 0.101562 0.852604 0.086328 0.852604
0 0.144922 0.876042 0.162891 0.876042 0.162891 0.904167 0.144922 0.904167
0 0.201953 0.691667 0.221875 0.691667 0.221875 0.710938 0.201953 0.710938
0 0.201953 0.745312 0.220312 0.745312 0.220312 0.765104 0.201953 0.765104
0 0.166797 0.761979 0.183984 0.761979 0.183984 0.790104 0.166797 0.790104
0 0.108203 0.897917 0.129297 0.897917 0.129297 0.916667 0.108203 0.916667
0 0.030859 0.921354 0.053125 0.921354 0.053125 0.942188 0.030859 0.942188
0 0.075 0.932292 0.091406 0.932292 0.091406 0.951042 0.075 0.951042
0 0.088281 0.965625 0.110938 0.965625 0.110938 0.988021 0.088281 0.988021
0 0.017188 0.970312 0.035547 0.970312 0.035547 0.999479 0.017188 0.999479
0 0.167578 0.844792 0.185938 0.844792 0.185938 0.866667 0.167578 0.866667
0 0.2 0.857292 0.216406 0.857292 0.216406 0.873438 0.2 0.873438
0 0.217578 0.89375 0.232031 0.89375 0.232031 0.910417 0.217578 0.910417
0 0.237891 0.841667 0.254297 0.841667 0.254297 0.859896 0.237891 0.859896
0 0.257422 0.897396 0.276562 0.897396 0.276562 0.922396 0.257422 0.922396
0 0.28125 0.881771 0.297656 0.881771 0.297656 0.907292 0.28125 0.907292
0 0.257812 0.818229 0.275391 0.818229 0.275391 0.841667 0.257812 0.841667
0 0.189453 0.911979 0.208984 0.911979 0.208984 0.932292 0.189453 0.932292
0 0.228125 0.932812 0.245312 0.932812 0.245312 0.955729 0.228125 0.955729
0 0.280469 0.954688 0.301172 0.954688 0.301172 0.986458 0.280469 0.986458
0 0.170703 0.957292 0.191797 0.957292 0.191797 0.976042 0.170703 0.976042
0 0.230859 0.978646 0.247266 0.978646 0.247266 0.996354 0.230859 0.996354
0 0.326562 0.953646 0.347266 0.953646 0.347266 0.979167 0.326562 0.979167
0 0.309766 0.886979 0.326172 0.886979 0.326172 0.907292 0.309766 0.907292
0 0.306641 0.840625 0.321484 0.840625 0.321484 0.853646 0.306641 0.853646
0 0.234375 0.768229 0.250781 0.768229 0.250781 0.790625 0.234375 0.790625
0 0.258984 0.75 0.275 0.75 0.275 0.773438 0.258984 0.773438
0 0.289453 0.755729 0.306641 0.755729 0.306641 0.778646 0.289453 0.778646
0 0.276953 0.785938 0.294922 0.785938 0.294922 0.808333 0.276953 0.808333
0 0.317188 0.775521 0.333984 0.775521 0.333984 0.794271 0.317188 0.794271
0 0.31875 0.689062 0.339453 0.689062 0.339453 0.713542 0.31875 0.713542
0 0.316016 0.739062 0.337109 0.739062 0.337109 0.759375 0.316016 0.759375
0 0.455859 0.836979 0.476172 0.836979 0.476172 0.858333 0.455859 0.858333
0 0.425 0.836979 0.442188 0.836979 0.442188 0.859375 0.425 0.859375
0 0.415625 0.805208 0.433594 0.805208 0.433594 0.823438 0.415625 0.823438
0 0.416016 0.867708 0.435156 0.867708 0.435156 0.886458 0.416016 0.886458
0 0.4875 0.854167 0.509766 0.854167 0.509766 0.876562 0.4875 0.876562
0 0.464062 0.806771 0.482812 0.806771 0.482812 0.826562 0.464062 0.826562
0 0.446484 0.774479 0.465625 0.774479 0.465625 0.798438 0.446484 0.798438
0 0.421094 0.898438 0.435547 0.898438 0.435547 0.917708 0.421094 0.917708
0 0.446484 0.894792 0.463672 0.894792 0.463672 0.921354 0.446484 0.921354
0 0.467188 0.913542 0.486719 0.913542 0.486719 0.933854 0.467188 0.933854
0 0.471484 0.967188 0.490625 0.967188 0.490625 0.99375 0.471484 0.99375
0 0.511328 0.947917 0.527344 0.947917 0.527344 0.971354 0.511328 0.971354
0 0.541797 0.959375 0.560156 0.959375 0.560156 0.984375 0.541797 0.984375
0 0.530469 0.923438 0.548047 0.923438 0.548047 0.942708 0.530469 0.942708
0 0.521094 0.896354 0.538281 0.896354 0.538281 0.913542 0.521094 0.913542
0 0.553906 0.8625 0.573438 0.8625 0.573438 0.892188 0.553906 0.892188
0 0.563672 0.936458 0.583203 0.936458 0.583203 0.964583 0.563672 0.964583
0 0.645312 0.957292 0.660547 0.957292 0.660547 0.971354 0.645312 0.971354
0 0.652734 0.922396 0.664844 0.922396 0.664844 0.941667 0.652734 0.941667
0 0.617969 0.898958 0.631641 0.898958 0.631641 0.921875 0.617969 0.921875
0 0.591797 0.919271 0.608594 0.919271 0.608594 0.942708 0.591797 0.942708
0 0.569141 0.975521 0.589844 0.975521 0.589844 0.999479 0.569141 0.999479
0 0.70625 0.944271 0.726172 0.944271 0.726172 0.965104 0.70625 0.965104
0 0.75 0.976562 0.765234 0.976562 0.765234 0.997396 0.75 0.997396
0 0.746875 0.948438 0.766406 0.948438 0.766406 0.972396 0.746875 0.972396
0 0.695312 0.896875 0.711719 0.896875 0.711719 0.914062 0.695312 0.914062
0 0.766797 0.884896 0.783203 0.884896 0.783203 0.905208 0.766797 0.905208
0 0.774219 0.91875 0.791016 0.91875 0.791016 0.942188 0.774219 0.942188
0 0.804688 0.9 0.826172 0.9 0.826172 0.919792 0.804688 0.919792
0 0.741797 0.826562 0.760547 0.826562 0.760547 0.849479 0.741797 0.849479
0 0.698828 0.816146 0.722656 0.816146 0.722656 0.841667 0.698828 0.841667
0 0.666797 0.846875 0.685938 0.846875 0.685938 0.867708 0.666797 0.867708
0 0.715234 0.790625 0.733594 0.790625 0.733594 0.814062 0.715234 0.814062
0 0.742578 0.782292 0.757422 0.782292 0.757422 0.809375 0.742578 0.809375
0 0.824219 0.84375 0.846094 0.84375 0.846094 0.869271 0.824219 0.869271
0 0.7875 0.841146 0.808203 0.841146 0.808203 0.864583 0.7875 0.864583
0 0.885938 0.838542 0.907031 0.838542 0.907031 0.860417 0.885938 0.860417
0 0.885156 0.956771 0.903906 0.956771 0.903906 0.977604 0.885156 0.977604
0 0.919922 0.900521 0.941406 0.900521 0.941406 0.921354 0.919922 0.921354
0 0.9375 0.9625 0.957031 0.9625 0.957031 0.989583 0.9375 0.989583
0 0.825781 0.778646 0.842578 0.778646 0.842578 0.804167 0.825781 0.804167
0 0.844531 0.804167 0.858984 0.804167 0.858984 0.828646 0.844531 0.828646
0 0.777344 0.767708 0.792578 0.767708 0.792578 0.79375 0.777344 0.79375
0 0.884766 0.8 0.904688 0.8 0.904688 0.823958 0.884766 0.823958
0 0.64375 0.745312 0.665234 0.745312 0.665234 0.775 0.64375 0.775
0 0.653906 0.817708 0.671484 0.817708 0.671484 0.838021 0.653906 0.838021
0 0.570312 0.779167 0.586328 0.779167 0.586328 0.805729 0.570312 0.805729
0 0.56875 0.823438 0.588281 0.823438 0.588281 0.846354 0.56875 0.846354
0 0.601562 0.858333 0.620312 0.858333 0.620312 0.878646 0.601562 0.878646
0 0.639062 0.876562 0.659375 0.876562 0.659375 0.902083 0.639062 0.902083
0 0.629297 0.783854 0.646094 0.783854 0.646094 0.814062 0.629297 0.814062
0 0.529688 0.792708 0.549609 0.792708 0.549609 0.809896 0.529688 0.809896
0 0.596094 0.682292 0.614844 0.682292 0.614844 0.699479 0.596094 0.699479
0 0.554297 0.666146 0.572656 0.666146 0.572656 0.688542 0.554297 0.688542
0 0.571875 0.699479 0.586719 0.699479 0.586719 0.722396 0.571875 0.722396
0 0.685547 0.730729 0.704297 0.730729 0.704297 0.755208 0.685547 0.755208
0 0.334375 0.416146 0.351172 0.416146 0.351172 0.440104 0.334375 0.440104
0 0.315234 0.490625 0.334766 0.490625 0.334766 0.516146 0.315234 0.516146
0 0.358984 0.476562 0.377734 0.476562 0.377734 0.5 0.358984 0.5
0 0.391406 0.482292 0.407812 0.482292 0.407812 0.502604 0.391406 0.502604
0 0.425 0.416667 0.441406 0.416667 0.441406 0.434896 0.425 0.434896
0 0.375 0.421875 0.390625 0.421875 0.390625 0.442188 0.375 0.442188
0 0.420703 0.4625 0.437109 0.4625 0.437109 0.486979 0.420703 0.486979
0 0.45625 0.486979 0.471484 0.486979 0.471484 0.507812 0.45625 0.507812
0 0.439062 0.442708 0.458984 0.442708 0.458984 0.464062 0.439062 0.464062
0 0.461328 0.432812 0.476953 0.432812 0.476953 0.457812 0.461328 0.457812
0 0.287891 0.536979 0.307812 0.536979 0.307812 0.555729 0.287891 0.555729
0 0.35 0.524479 0.365625 0.524479 0.365625 0.547917 0.35 0.547917
0 0.383594 0.522917 0.403125 0.522917 0.403125 0.546875 0.383594 0.546875
0 0.372266 0.558854 0.390234 0.558854 0.390234 0.584375 0.372266 0.584375
0 0.399609 0.564583 0.417969 0.564583 0.417969 0.586458 0.399609 0.586458
0 0.422266 0.513542 0.442578 0.513542 0.442578 0.533333 0.422266 0.533333
0 0.324609 0.452083 0.343359 0.452083 0.343359 0.471875 0.324609 0.471875
0 0.533594 0.308333 0.553516 0.308333 0.553516 0.333854 0.533594 0.333854
0 0.520703 0.329688 0.539844 0.329688 0.539844 0.351042 0.520703 0.351042
0 0.548047 0.372396 0.567969 0.372396 0.567969 0.395833 0.548047 0.395833
0 0.565234 0.302604 0.584766 0.302604 0.584766 0.321354 0.565234 0.321354
0 0.510938 0.390625 0.526953 0.390625 0.526953 0.419792 0.510938 0.419792
0 0.632422 0.345833 0.650781 0.345833 0.650781 0.365625 0.632422 0.365625
0 0.603906 0.370833 0.621094 0.370833 0.621094 0.391146 0.603906 0.391146
0 0.572656 0.35625 0.591016 0.35625 0.591016 0.38125 0.572656 0.38125
0 0.542969 0.275521 0.560938 0.275521 0.560938 0.3 0.542969 0.3
0 0.591797 0.335938 0.609766 0.335938 0.609766 0.355729 0.591797 0.355729
0 0.601562 0.428646 0.623828 0.428646 0.623828 0.448958 0.601562 0.448958
0 0.565234 0.418229 0.585156 0.418229 0.585156 0.4375 0.565234 0.4375
0 0.454297 0.389062 0.469531 0.389062 0.469531 0.410417 0.454297 0.410417
0 0.411719 0.321875 0.426172 0.321875 0.426172 0.339583 0.411719 0.339583
0 0.662109 0.425 0.678906 0.425 0.678906 0.442708 0.662109 0.442708
0 0.560156 0.461458 0.577344 0.461458 0.577344 0.482812 0.560156 0.482812
0 0.601562 0.482292 0.622266 0.482292 0.622266 0.504687 0.601562 0.504687
0 0.6375 0.448958 0.654688 0.448958 0.654688 0.471875 0.6375 0.471875
0 0.630859 0.411979 0.645703 0.411979 0.645703 0.436979 0.630859 0.436979
0 0.442188 0.677083 0.4625 0.677083 0.4625 0.697917 0.442188 0.697917
0 0.428906 0.716667 0.447266 0.716667 0.447266 0.738021 0.428906 0.738021
0 0.482812 0.657292 0.498438 0.657292 0.498438 0.681771 0.482812 0.681771
0 0.505078 0.65 0.522656 0.65 0.522656 0.676042 0.505078 0.676042
0 0.462891 0.705208 0.482812 0.705208 0.482812 0.728646 0.462891 0.728646
0 0.501953 0.6875 0.524609 0.6875 0.524609 0.708854 0.501953 0.708854
0 0.517969 0.745833 0.536328 0.745833 0.536328 0.772396 0.517969 0.772396
0 0.480469 0.750521 0.495703 0.750521 0.495703 0.779688 0.480469 0.779688
0 0.507031 0.821875 0.526953 0.821875 0.526953 0.844792 0.507031 0.844792
0 0.333203 0.814062 0.356641 0.814062 0.356641 0.836458 0.333203 0.836458
0 0.2625 0.705729 0.280078 0.705729 0.280078 0.735417 0.2625 0.735417
0 0.263672 0.665625 0.281641 0.665625 0.281641 0.682292 0.263672 0.682292
0 0.299219 0.651042 0.318359 0.651042 0.318359 0.669792 0.299219 0.669792
0 0.271094 0.632812 0.291797 0.632812 0.291797 0.655208 0.271094 0.655208
0 0.328906 0.638021 0.347266 0.638021 0.347266 0.661458 0.328906 0.661458
0 0.560938 0.534375 0.580859 0.534375 0.580859 0.551042 0.560938 0.551042
0 0.569141 0.501042 0.591406 0.501042 0.591406 0.521875 0.569141 0.521875
0 0.648438 0.496875 0.672656 0.496875 0.672656 0.519792 0.648438 0.519792
0 0.701953 0.511458 0.720703 0.511458 0.720703 0.538021 0.701953 0.538021
0 0.623047 0.521354 0.644922 0.521354 0.644922 0.543229 0.623047 0.543229
0 0.602344 0.552604 0.624609 0.552604 0.624609 0.573958 0.602344 0.573958
0 0.580469 0.570833 0.599609 0.570833 0.599609 0.594792 0.580469 0.594792
0 0.606641 0.5875 0.625391 0.5875 0.625391 0.606771 0.606641 0.606771
0 0.635938 0.564062 0.654297 0.564062 0.654297 0.593229 0.635938 0.593229
0 0.662109 0.572396 0.681641 0.572396 0.681641 0.598958 0.662109 0.598958
0 0.691406 0.595833 0.711719 0.595833 0.711719 0.620833 0.691406 0.620833
0 0.742578 0.541146 0.763672 0.541146 0.763672 0.559375 0.742578 0.559375
0 0.735938 0.510417 0.756641 0.510417 0.756641 0.529688 0.735938 0.529688
0 0.735156 0.625521 0.756641 0.625521 0.756641 0.647396 0.735156 0.647396
0 0.739453 0.471875 0.760938 0.471875 0.760938 0.490625 0.739453 0.490625
0 0.788281 0.592708 0.810547 0.592708 0.810547 0.618229 0.788281 0.618229
0 0.795703 0.506771 0.810938 0.506771 0.810938 0.531771 0.795703 0.531771
0 0.730859 0.666146 0.748828 0.666146 0.748828 0.686458 0.730859 0.686458
0 0.755469 0.657292 0.771094 0.657292 0.771094 0.682812 0.755469 0.682812
0 0.782031 0.646875 0.798047 0.646875 0.798047 0.66875 0.782031 0.66875
0 0.7625 0.688021 0.78125 0.688021 0.78125 0.7125 0.7625 0.7125
0 0.555078 0.039583 0.570703 0.039583 0.570703 0.064583 0.555078 0.064583
0 0.523047 0.041667 0.542969 0.041667 0.542969 0.0625 0.523047 0.0625
0 0.498828 0.015625 0.514453 0.015625 0.514453 0.040625 0.498828 0.040625
0 0.497266 0.128646 0.514453 0.128646 0.514453 0.152604 0.497266 0.152604
0 0.619141 0.093229 0.635938 0.093229 0.635938 0.118229 0.619141 0.118229
0 0.595703 0.126042 0.610547 0.126042 0.610547 0.148438 0.595703 0.148438
0 0.575 0.119792 0.592578 0.119792 0.592578 0.154167 0.575 0.154167
0 0.636328 0.059375 0.655859 0.059375 0.655859 0.084375 0.636328 0.084375
0 0.646875 0.096875 0.665625 0.096875 0.665625 0.120833 0.646875 0.120833
0 0.677734 0.110938 0.697266 0.110938 0.697266 0.133854 0.677734 0.133854
0 0.692578 0.078646 0.7125 0.078646 0.7125 0.102083 0.692578 0.102083
0 0.429297 0.121354 0.447266 0.121354 0.447266 0.148958 0.429297 0.148958
0 0.462109 0.127083 0.480469 0.127083 0.480469 0.145312 0.462109 0.145312
0 0.40625 0.0 0.425781 0.0 0.425781 0.017708 0.40625 0.017708
0 0.520703 0.002604 0.542188 0.002604 0.542188 0.022917 0.520703 0.022917
0 0.472656 0.004688 0.493359 0.004688 0.493359 0.022396 0.472656 0.022396
0 0.359766 0.086979 0.375781 0.086979 0.375781 0.108333 0.359766 0.108333
0 0.297656 0.346875 0.315234 0.346875 0.315234 0.365625 0.297656 0.365625
0 0.225 0.355729 0.241406 0.355729 0.241406 0.376042 0.225 0.376042
0 0.237891 0.328646 0.258984 0.328646 0.258984 0.352604 0.237891 0.352604
0 0.880469 0.764062 0.900781 0.764062 0.900781 0.785938 0.880469 0.785938
0 0.850391 0.757812 0.869922 0.757812 0.869922 0.779688 0.850391 0.779688
0 0.801953 0.733333 0.821875 0.733333 0.821875 0.754688 0.801953 0.754688
0 0.825 0.721875 0.842969 0.721875 0.842969 0.742188 0.825 0.742188
0 0.855078 0.717708 0.873438 0.717708 0.873438 0.736979 0.855078 0.736979
0 0.854688 0.678646 0.875 0.678646 0.875 0.695833 0.854688 0.695833
0 0.821875 0.657812 0.843359 0.657812 0.843359 0.680208 0.821875 0.680208
0 0.805469 0.629167 0.826562 0.629167 0.826562 0.65 0.805469 0.65
0 0.840625 0.630208 0.858984 0.630208 0.858984 0.651562 0.840625 0.651562
0 0.863672 0.603646 0.882422 0.603646 0.882422 0.624479 0.863672 0.624479
0 0.870703 0.630208 0.889844 0.630208 0.889844 0.651562 0.870703 0.651562
0 0.973438 0.875 0.993359 0.875 0.993359 0.894792 0.973438 0.894792
0 0.977344 0.810417 0.997266 0.810417 0.997266 0.83125 0.977344 0.83125
0 0.967578 0.7625 0.984375 0.7625 0.984375 0.790104 0.967578 0.790104
0 0.924609 0.765104 0.945312 0.765104 0.945312 0.7875 0.924609 0.7875
0 0.934375 0.831771 0.952734 0.831771 0.952734 0.847396 0.934375 0.847396
0 0.915625 0.860938 0.934375 0.860938 0.934375 0.885938 0.915625 0.885938
0 0.939453 0.652083 0.957812 0.652083 0.957812 0.676562 0.939453 0.676562
0 0.972656 0.653125 0.9875 0.653125 0.9875 0.675521 0.972656 0.675521
0 0.941406 0.707812 0.961719 0.707812 0.961719 0.728646 0.941406 0.728646
0 0.980078 0.720312 0.996094 0.720312 0.996094 0.742188 0.980078 0.742188
0 0.916016 0.663542 0.933984 0.663542 0.933984 0.684896 0.916016 0.684896
0 0.909375 0.616667 0.927344 0.616667 0.927344 0.643229 0.909375 0.643229
0 0.853125 0.248438 0.876562 0.248438 0.876562 0.268229 0.853125 0.268229
0 0.836328 0.278125 0.855859 0.278125 0.855859 0.3 0.836328 0.3
0 0.812109 0.254167 0.83125 0.254167 0.83125 0.273438 0.812109 0.273438
0 0.789453 0.222917 0.807031 0.222917 0.807031 0.248438 0.789453 0.248438
0 0.794141 0.275 0.810156 0.275 0.810156 0.293229 0.794141 0.293229
0 0.793359 0.307812 0.814844 0.307812 0.814844 0.335938 0.793359 0.335938
0 0.803516 0.360938 0.818359 0.360938 0.818359 0.382812 0.803516 0.382812
0 0.851953 0.345833 0.870703 0.345833 0.870703 0.366667 0.851953 0.366667
0 0.881641 0.35 0.9 0.35 0.9 0.369792 0.881641 0.369792
0 0.908594 0.346354 0.925391 0.346354 0.925391 0.366667 0.908594 0.366667
0 0.832031 0.364062 0.847656 0.364062 0.847656 0.3875 0.832031 0.3875
0 0.9 0.305729 0.917969 0.305729 0.917969 0.325 0.9 0.325
0 0.947656 0.326042 0.967188 0.326042 0.967188 0.342708 0.947656 0.342708
0 0.945312 0.360938 0.9625 0.360938 0.9625 0.379688 0.945312 0.379688
0 0.835938 0.085938 0.855859 0.085938 0.855859 0.108333 0.835938 0.108333
0 0.859375 0.055208 0.879688 0.055208 0.879688 0.074479 0.859375 0.074479
0 0.886328 0.089583 0.907031 0.089583 0.907031 0.113021 0.886328 0.113021
0 0.750391 0.145312 0.772266 0.145312 0.772266 0.169792 0.750391 0.169792
0 0.742969 0.183854 0.764844 0.183854 0.764844 0.205208 0.742969 0.205208
0 0.796094 0.178125 0.815625 0.178125 0.815625 0.193229 0.796094 0.193229
0 0.69375 0.138542 0.713672 0.138542 0.713672 0.163542 0.69375 0.163542
0 0.885156 0.126042 0.903125 0.126042 0.903125 0.145833 0.885156 0.145833
0 0.889062 0.022917 0.907031 0.022917 0.907031 0.046354 0.889062 0.046354
0 0.801562 0.004167 0.820312 0.004167 0.820312 0.021875 0.801562 0.021875
0 0.934375 0.021354 0.954297 0.021354 0.954297 0.045312 0.934375 0.045312
0 0.940625 0.072917 0.958203 0.072917 0.958203 0.097396 0.940625 0.097396
0 0.864844 0.009896 0.882031 0.009896 0.882031 0.028646 0.864844 0.028646
0 0.969141 0.042708 0.985156 0.042708 0.985156 0.06875 0.969141 0.06875
0 0.979297 0.086458 0.997656 0.086458 0.997656 0.107292 0.979297 0.107292
0 0.95625 0.202604 0.978125 0.202604 0.978125 0.227083 0.95625 0.227083
0 0.978516 0.181771 0.996484 0.181771 0.996484 0.206771 0.978516 0.206771
0 0.825781 0.229688 0.847266 0.229688 0.847266 0.251042 0.825781 0.251042
0 0.766797 0.2125 0.783594 0.2125 0.783594 0.231771 0.766797 0.231771
0 0.733594 0.225521 0.75 0.225521 0.75 0.247396 0.733594 0.247396
0 0.700391 0.277083 0.718359 0.277083 0.718359 0.304167 0.700391 0.304167
0 0.663281 0.267708 0.684375 0.267708 0.684375 0.29375 0.663281 0.29375
0 0.644531 0.295312 0.663281 0.295312 0.663281 0.319792 0.644531 0.319792
0 0.713672 0.317188 0.730469 0.317188 0.730469 0.340104 0.713672 0.340104
0 0.741016 0.320833 0.758984 0.320833 0.758984 0.3375 0.741016 0.3375
0 0.764062 0.284896 0.781641 0.284896 0.781641 0.303125 0.764062 0.303125
0 0.667969 0.332812 0.688281 0.332812 0.688281 0.353646 0.667969 0.353646
0 0.640625 0.381771 0.654688 0.381771 0.654688 0.401042 0.640625 0.401042
0 0.696094 0.391146 0.712109 0.391146 0.712109 0.411979 0.696094 0.411979
0 0.726953 0.381771 0.745703 0.381771 0.745703 0.400521 0.726953 0.400521
0 0.744922 0.417708 0.762109 0.417708 0.762109 0.4375 0.744922 0.4375
0 0.754297 0.366146 0.769531 0.366146 0.769531 0.3875 0.754297 0.3875
0 0.812109 0.391146 0.830078 0.391146 0.830078 0.415104 0.812109 0.415104
0 0.712109 0.448438 0.728125 0.448438 0.728125 0.474479 0.712109 0.474479
0 0.734766 0.441667 0.751953 0.441667 0.751953 0.465104 0.734766 0.465104
0 0.748828 0.246354 0.769531 0.246354 0.769531 0.265625 0.748828 0.265625
0 0.779688 0.358333 0.797266 0.358333 0.797266 0.379688 0.779688 0.379688
0 0.891406 0.402604 0.911328 0.402604 0.911328 0.425 0.891406 0.425
0 0.857422 0.434375 0.875 0.434375 0.875 0.459375 0.857422 0.459375
0 0.885156 0.445833 0.904688 0.445833 0.904688 0.466146 0.885156 0.466146
0 0.915234 0.431771 0.934375 0.431771 0.934375 0.45625 0.915234 0.45625
0 0.934375 0.405208 0.952734 0.405208 0.952734 0.426042 0.934375 0.426042
0 0.973047 0.385417 0.991797 0.385417 0.991797 0.403646 0.973047 0.403646
0 0.904297 0.467708 0.919922 0.467708 0.919922 0.491667 0.904297 0.491667
0 0.866406 0.474479 0.885547 0.474479 0.885547 0.495833 0.866406 0.495833
0 0.817578 0.501042 0.833594 0.501042 0.833594 0.525 0.817578 0.525
0 0.850391 0.508854 0.867188 0.508854 0.867188 0.532812 0.850391 0.532812
0 0.898047 0.559896 0.914062 0.559896 0.914062 0.582292 0.898047 0.582292
0 0.939844 0.556771 0.964453 0.556771 0.964453 0.580729 0.939844 0.580729
0 0.939844 0.509375 0.955469 0.509375 0.955469 0.531771 0.939844 0.531771
0 0.848828 0.54375 0.869531 0.54375 0.869531 0.5625 0.848828 0.5625
0 0.761328 0.446875 0.780078 0.446875 0.780078 0.471354 0.761328 0.471354