0 0.0 0.007812 0.016406 0.007812 0.016406 0.034375 0.0 0.034375
0 0.019922 0.043229 0.0375 0.043229 0.0375 0.065625 0.019922 0.065625
0 0.032422 0.095312 0.05 0.095312 0.05 0.124479 0.032422 0.124479
0 0.064062 0.091146 0.080078 0.091146 0.080078 0.115104 0.064062 0.115104
0 0.055469 0.039583 0.071094 0.039583 0.071094 0.066146 0.055469 0.066146
0 0.104297 0.015104 0.122656 0.015104 0.122656 0.044271 0.104297 0.044271
0 0.0875 0.039583 0.106641 0.039583 0.106641 0.064062 0.0875 0.064062
0 0.104688 0.090625 0.121875 0.090625 0.121875 0.107812 0.104688 0.107812
0 0.148828 0.073438 0.169141 0.073438 0.169141 0.094792 0.148828 0.094792
0 0.142578 0.032292 0.160938 0.032292 0.160938 0.054688 0.142578 0.054688
0 0.0375 0.004167 0.054688 0.004167 0.054688 0.027083 0.0375 0.027083
0 0.216016 0.046875 0.234375 0.046875 0.234375 0.064062 0.216016 0.064062
0 0.216016 0.099479 0.235938 0.099479 0.235938 0.119271 0.216016 0.119271
0 0.008594 0.143229 0.029688 0.143229 0.029688 0.1625 0.008594 0.1625
0 0.071875 0.160417 0.085938 0.160417 0.085938 0.188542 0.071875 0.188542
0 0.116406 0.154688 0.130859 0.154688 0.130859 0.182812 0.116406 0.182812
0 0.033594 0.207812 0.048047 0.207812 0.048047 0.230208 0.033594 0.230208
0 0.0 0.181771 0.017188 0.181771 0.017188 0.198958 0.0 0.198958
0 0.064453 0.246875 0.084766 0.246875 0.084766 0.264062 0.064453 0.264062
0 0.103516 0.214583 0.122656 0.214583 0.122656 0.233333 0.103516 0.233333
0 0.010938 0.229167 0.023828 0.229167 0.023828 0.247917 0.010938 0.247917
0 0.037891 0.265104 0.050781 0.265104 0.050781 0.290104 0.037891 0.290104
0 0.109375 0.274479 0.130078 0.274479 0.130078 0.298958 0.109375 0.298958
0 0.144922 0.152604 0.160156 0.152604 0.160156 0.183854 0.144922 0.183854
0 0.206641 0.184896 0.221484 0.184896 0.221484 0.207812 0.206641 0.207812
0 0.221484 0.220312 0.236719 0.220312 0.236719 0.246875 0.221484 0.246875
0 0.225391 0.272396 0.241406 0.272396 0.241406 0.296875 0.225391 0.296875
0 0.161719 0.291146 0.176953 0.291146 0.176953 0.316667 0.161719 0.316667
0 0.0875 0.290625 0.103906 0.290625 0.103906 0.309896 0.0875 0.309896
0 0.108984 0.323438 0.126172 0.323438 0.126172 0.352604 0.108984 0.352604
0 0.076172 0.323438 0.097266 0.323438 0.097266 0.342708 0.076172 0.342708
0 0.189062 0.314062 0.204688 0.314062 0.204688 0.334896 0.189062 0.334896
0 0.142578 0.314583 0.15625 0.314583 0.15625 0.338021 0.142578 0.338021
0 0.165234 0.340104 0.18125 0.340104 0.18125 0.364062 0.165234 0.364062
0 0.021484 0.314583 0.040234 0.314583 0.040234 0.334896 0.021484 0.334896
0 0.049219 0.34375 0.066797 0.34375 0.066797 0.364062 0.049219 0.364062
0 0.192188 0.278125 0.211328 0.278125 0.211328 0.301562 0.192188 0.301562
0 0.053516 0.29375 0.069922 0.29375 0.069922 0.321875 0.053516 0.321875
0 0.173047 0.145833 0.189062 0.145833 0.189062 0.164583 0.173047 0.164583
0 0.184375 0.114583 0.204688 0.114583 0.204688 0.133854 0.184375 0.133854
0 0.226562 0.14375 0.241406 0.14375 0.241406 0.165104 0.226562 0.165104
0 0.259375 0.153125 0.276562 0.153125 0.276562 0.175 0.259375 0.175
0 0.270703 0.177604 0.285156 0.177604 0.285156 0.2 0.270703 0.2
0 0.248438 0.191667 0.264453 0.191667 0.264453 0.222917 0.248438 0.222917
0 0.257812 0.252083 0.274609 0.252083 0.274609 0.279688 0.257812 0.279688
0 0.276562 0.242188 0.292578 0.242188 0.292578 0.2625 0.276562 0.2625
0 0.283594 0.202604 0.301562 0.202604 0.301562 0.228125 0.283594 0.228125
0 0.25 0.006771 0.269922 0.006771 0.269922 0.038542 0.25 0.038542
0 0.392188 0.096875 0.408203 0.096875 0.408203 0.130208 0.392188 0.130208
0 0.36875 0.054167 0.386719 0.054167 0.386719 0.082812 0.36875 0.082812
0 0.414062 0.056771 0.434375 0.056771 0.434375 0.079688 0.414062 0.079688
0 0.419922 0.107292 0.439062 0.107292 0.439062 0.127604 0.419922 0.127604
0 0.348047 0.116146 0.366797 0.116146 0.366797 0.136979 0.348047 0.136979
0 0.382031 0.152604 0.400781 0.152604 0.400781 0.180729 0.382031 0.180729
0 0.471484 0.090625 0.492969 0.090625 0.492969 0.114062 0.471484 0.114062
0 0.457422 0.122917 0.471094 0.122917 0.471094 0.143229 0.457422 0.143229
0 0.482422 0.133854 0.495312 0.133854 0.495312 0.161458 0.482422 0.161458
0 0.434766 0.148958 0.453125 0.148958 0.453125 0.170833 0.434766 0.170833
0 0.560938 0.013542 0.576953 0.013542 0.576953 0.04375 0.560938 0.04375
0 0.584375 0.034375 0.601172 0.034375 0.601172 0.058333 0.584375 0.058333
0 0.532812 0.035417 0.547266 0.035417 0.547266 0.059896 0.532812 0.059896
0 0.498047 0.042708 0.513672 0.042708 0.513672 0.06875 0.498047 0.06875
0 0.45625 0.036979 0.475391 0.036979 0.475391 0.051562 0.45625 0.051562
0 0.658594 0.017708 0.673828 0.017708 0.673828 0.045833 0.658594 0.045833
0 0.694141 0.026042 0.7125 0.026042 0.7125 0.048958 0.694141 0.048958
0 0.673047 0.066667 0.690625 0.066667 0.690625 0.090104 0.673047 0.090104
0 0.677734 0.117708 0.696875 0.117708 0.696875 0.1375 0.677734 0.1375
0 0.732422 0.046354 0.751562 0.046354 0.751562 0.076042 0.732422 0.076042
0 0.70625 0.068229 0.723047 0.068229 0.723047 0.092708 0.70625 0.092708
0 0.717578 0.101042 0.735156 0.101042 0.735156 0.125521 0.717578 0.125521
0 0.748438 0.118229 0.763281 0.118229 0.763281 0.139583 0.748438 0.139583
0 0.764062 0.095312 0.78125 0.095312 0.78125 0.122917 0.764062 0.122917
0 0.775391 0.059896 0.795703 0.059896 0.795703 0.082812 0.775391 0.082812
0 0.821094 0.092188 0.838281 0.092188 0.838281 0.113021 0.821094 0.113021
0 0.842578 0.050521 0.859766 0.050521 0.859766 0.079688 0.842578 0.079688
0 0.809766 0.029688 0.828125 0.029688 0.828125 0.054167 0.809766 0.054167
0 0.801953 0.126562 0.819141 0.126562 0.819141 0.152604 0.801953 0.152604
0 0.717578 0.140625 0.7375 0.140625 0.7375 0.168229 0.717578 0.168229
0 0.916406 0.073438 0.933594 0.073438 0.933594 0.096875 0.916406 0.096875
0 0.891406 0.077083 0.911328 0.077083 0.911328 0.099479 0.891406 0.099479
0 0.8875 0.044271 0.907031 0.044271 0.907031 0.066667 0.8875 0.066667
0 0.959766 0.157812 0.975 0.157812 0.975 0.178646 0.959766 0.178646
0 0.977344 0.188542 0.998047 0.188542 0.998047 0.205208 0.977344 0.205208
0 0.937891 0.194271 0.957812 0.194271 0.957812 0.219271 0.937891 0.219271
0 0.954297 0.245312 0.972266 0.245312 0.972266 0.260938 0.954297 0.260938
0 0.902734 0.215625 0.923047 0.215625 0.923047 0.238542 0.902734 0.238542
0 0.908594 0.175 0.928516 0.175 0.928516 0.192708 0.908594 0.192708
0 0.979297 0.271875 0.998047 0.271875 0.998047 0.29375 0.979297 0.29375
0 0.953516 0.30625 0.967578 0.30625 0.967578 0.324479 0.953516 0.324479
0 0.953125 0.355729 0.966016 0.355729 0.966016 0.370312 0.953125 0.370312
0 0.959766 0.405729 0.977344 0.405729 0.977344 0.423438 0.959766 0.423438
0 0.976562 0.456771 0.992969 0.456771 0.992969 0.476042 0.976562 0.476042
0 0.927344 0.395833 0.942188 0.395833 0.942188 0.415104 0.927344 0.415104
0 0.743359 0.290625 0.764453 0.290625 0.764453 0.307292 0.743359 0.307292
0 0.702734 0.268229 0.725781 0.268229 0.725781 0.291667 0.702734 0.291667
0 0.715625 0.242708 0.734766 0.242708 0.734766 0.265104 0.715625 0.265104
0 0.680859 0.328646 0.7 0.328646 0.7 0.358333 0.680859 0.358333
0 0.720312 0.321875 0.735156 0.321875 0.735156 0.352083 0.720312 0.352083
0 0.762891 0.329167 0.779688 0.329167 0.779688 0.360938 0.762891 0.360938
0 0.732422 0.347396 0.753125 0.347396 0.753125 0.372917 0.732422 0.372917
0 0.644531 0.372917 0.658203 0.372917 0.658203 0.398438 0.644531 0.398438
0 0.656641 0.319792 0.672266 0.319792 0.672266 0.346875 0.656641 0.346875
0 0.687891 0.378125 0.707031 0.378125 0.707031 0.406771 0.687891 0.406771
0 0.880859 0.253125 0.896875 0.253125 0.896875 0.26875 0.880859 0.26875
0 0.846875 0.258333 0.864062 0.258333 0.864062 0.278125 0.846875 0.278125
0 0.847656 0.197396 0.870703 0.197396 0.870703 0.219271 0.847656 0.219271
0 0.874219 0.224479 0.891016 0.224479 0.891016 0.248958 0.874219 0.248958
0 0.376172 0.227604 0.394531 0.227604 0.394531 0.253125 0.376172 0.253125
0 0.354297 0.196875 0.375 0.196875 0.375 0.219792 0.354297 0.219792
0 0.406641 0.208333 0.422656 0.208333 0.422656 0.238021 0.406641 0.238021
0 0.436719 0.244792 0.452344 0.244792 0.452344 0.272917 0.436719 0.272917
0 0.409375 0.252604 0.427734 0.252604 0.427734 0.283854 0.409375 0.283854
0 0.462109 0.290625 0.480469 0.290625 0.480469 0.314583 0.462109 0.314583
0 0.490234 0.278646 0.508203 0.278646 0.508203 0.301042 0.490234 0.301042
0 0.496484 0.327604 0.515625 0.327604 0.515625 0.352083 0.496484 0.352083
0 0.492969 0.38125 0.508984 0.38125 0.508984 0.411458 0.492969 0.411458
0 0.4625 0.365104 0.482812 0.365104 0.482812 0.385417 0.4625 0.385417
0 0.463672 0.1875 0.480859 0.1875 0.480859 0.209896 0.463672 0.209896
0 0.492969 0.208854 0.508984 0.208854 0.508984 0.234375 0.492969 0.234375
0 0.519531 0.227604 0.539062 0.227604 0.539062 0.255208 0.519531 0.255208
0 0.409766 0.296354 0.426562 0.296354 0.426562 0.333854 0.409766 0.333854
0 0.365625 0.390104 0.38125 0.390104 0.38125 0.4125 0.365625 0.4125
0 0.378125 0.419792 0.397266 0.419792 0.397266 0.448958 0.378125 0.448958
0 0.403906 0.414062 0.422656 0.414062 0.422656 0.438542 0.403906 0.438542
0 0.430859 0.408333 0.45 0.408333 0.45 0.432812 0.430859 0.432812
0 0.439453 0.451042 0.455859 0.451042 0.455859 0.483333 0.439453 0.483333
0 0.401562 0.451562 0.41875 0.451562 0.41875 0.478646 0.401562 0.478646
0 0.285156 0.304688 0.302734 0.304688 0.302734 0.334896 0.285156 0.334896
0 0.435938 0.313542 0.448828 0.313542 0.448828 0.334896 0.435938 0.334896
0 0.401562 0.370833 0.415234 0.370833 0.415234 0.397917 0.401562 0.397917
0 0.423047 0.360417 0.44375 0.360417 0.44375 0.386979 0.423047 0.386979
0 0.313672 0.382812 0.330469 0.382812 0.330469 0.408854 0.313672 0.408854
0 0.519922 0.094792 0.538672 0.094792 0.538672 0.119792 0.519922 0.119792
0 0.558594 0.094792 0.577344 0.094792 0.577344 0.120833 0.558594 0.120833
0 0.528516 0.150521 0.545703 0.150521 0.545703 0.178125 0.528516 0.178125
0 0.55625 0.14375 0.574219 0.14375 0.574219 0.165625 0.55625 0.165625
0 0.507031 0.170833 0.524219 0.170833 0.524219 0.195312 0.507031 0.195312
0 0.54375 0.195312 0.563281 0.195312 0.563281 0.220833 0.54375 0.220833
0 0.467578 0.229167 0.485156 0.229167 0.485156 0.255729 0.467578 0.255729
0 0.432422 0.196875 0.450781 0.196875 0.450781 0.215625 0.432422 0.215625
0 0.25 0.296354 0.269922 0.296354 0.269922 0.323958 0.25 0.323958
0 0.228516 0.325 0.245312 0.325 0.245312 0.354167 0.228516 0.354167
0 0.252344 0.356771 0.271094 0.356771 0.271094 0.382292 0.252344 0.382292
0 0.361719 0.35 0.385938 0.35 0.385938 0.367188 0.361719 0.367188
0 0.219922 0.383854 0.239062 0.383854 0.239062 0.413542 0.219922 0.413542
0 0.204297 0.352604 0.220312 0.352604 0.220312 0.378125 0.204297 0.378125
0 0.175 0.381771 0.192969 0.381771 0.192969 0.403646 0.175 0.403646
0 0.175781 0.432812 0.196484 0.432812 0.196484 0.453125 0.175781 0.453125
0 0.260938 0.418229 0.278906 0.418229 0.278906 0.448958 0.260938 0.448958
0 0.363672 0.469792 0.38125 0.469792 0.38125 0.492708 0.363672 0.492708
0 0.055859 0.390104 0.075391 0.390104 0.075391 0.410417 0.055859 0.410417
0 0.11875 0.433333 0.133594 0.433333 0.133594 0.454688 0.11875 0.454688
0 0.084375 0.457292 0.103516 0.457292 0.103516 0.473438 0.084375 0.473438
0 0.045312 0.439062 0.063672 0.439062 0.063672 0.461979 0.045312 0.461979
0 0.111328 0.474479 0.126562 0.474479 0.126562 0.499479 0.111328 0.499479
0 0.196484 0.492708 0.212891 0.492708 0.212891 0.521354 0.196484 0.521354
0 0.174609 0.516667 0.190625 0.516667 0.190625 0.536458 0.174609 0.536458
0 0.082422 0.50625 0.103906 0.50625 0.103906 0.526562 0.082422 0.526562
0 0.163672 0.464062 0.182812 0.464062 0.182812 0.490104 0.163672 0.490104
0 0.020312 0.450521 0.0375 0.450521 0.0375 0.471875 0.020312 0.471875
0 0.019922 0.484375 0.039453 0.484375 0.039453 0.504167 0.019922 0.504167
0 0.044531 0.509375 0.061328 0.509375 0.061328 0.526562 0.044531 0.526562
0 0.058984 0.533333 0.075391 0.533333 0.075391 0.55 0.058984 0.55
0 0.0125 0.588021 0.036328 0.588021 0.036328 0.608333 0.0125 0.608333
0 0.038672 0.622917 0.057031 0.622917 0.057031 0.640625 0.038672 0.640625
0 0.094922 0.619271 0.109375 0.619271 0.109375 0.638021 0.094922 0.638021
0 0.071875 0.640625 0.089844 0.640625 0.089844 0.667708 0.071875 0.667708
0 0.041406 0.667708 0.061719 0.667708 0.061719 0.685417 0.041406 0.685417
0 0.087109 0.685938 0.107031 0.685938 0.107031 0.704167 0.087109 0.704167
0 0.000781 0.955729 0.023047 0.955729 0.023047 0.979167 0.000781 0.979167
0 0.0375 0.952604 0.055078 0.952604 0.055078 0.976042 0.0375 0.976042
0 0.047266 0.901562 0.067969 0.901562 0.067969 0.925 0.047266 0.925
0 0.001172 0.8875 0.023047 0.8875 0.023047 0.914583 0.001172 0.914583
0 0.029688 0.861458 0.048047 0.861458 0.048047 0.884375 0.029688 0.884375
0 0.096094 0.901042 0.112891 0.901042 0.112891 0.929688 0.096094 0.929688
0 0.071484 0.949479 0.083984 0.949479 0.083984 0.977083 0.071484 0.977083
0 0.124609 0.928646 0.140234 0.928646 0.140234 0.956771 0.124609 0.956771
0 0.131641 0.878646 0.144531 0.878646 0.144531 0.902604 0.131641 0.902604
0 0.167578 0.898438 0.190234 0.898438 0.190234 0.922396 0.167578 0.922396
0 0.062891 0.841667 0.082031 0.841667 0.082031 0.865625 0.062891 0.865625
0 0.034766 0.815104 0.05 0.815104 0.05 0.840625 0.034766 0.840625
0 0.022266 0.779167 0.039062 0.779167 0.039062 0.806771 0.022266 0.806771
0 0.075781 0.782292 0.094141 0.782292 0.094141 0.80625 0.075781 0.80625
0 0.109375 0.761979 0.126562 0.761979 0.126562 0.788021 0.109375 0.788021
0 0.16875 0.844792 0.186719 0.844792 0.186719 0.866667 0.16875 0.866667
0 0.192969 0.868229 0.207031 0.868229 0.207031 0.889062 0.192969 0.889062
0 0.186719 0.767188 0.207031 0.767188 0.207031 0.790104 0.186719 0.790104
0 0.219141 0.791667 0.241016 0.791667 0.241016 0.813542 0.219141 0.813542
0 0.201953 0.838021 0.222656 0.838021 0.222656 0.861979 0.201953 0.861979
0 0.148047 0.78125 0.164453 0.78125 0.164453 0.804688 0.148047 0.804688
0 0.251172 0.914062 0.266406 0.914062 0.266406 0.94375 0.251172 0.94375
0 0.220703 0.921875 0.237891 0.921875 0.237891 0.948438 0.220703 0.948438
0 0.192578 0.949479 0.210547 0.949479 0.210547 0.976042 0.192578 0.976042
0 0.226953 0.96875 0.247656 0.96875 0.247656 0.992188 0.226953 0.992188
0 0.235547 0.866667 0.255469 0.866667 0.255469 0.899479 0.235547 0.899479
0 0.260156 0.866667 0.276172 0.866667 0.276172 0.897917 0.260156 0.897917
0 0.287109 0.864062 0.304297 0.864062 0.304297 0.893229 0.287109 0.893229
0 0.283594 0.922917 0.299609 0.922917 0.299609 0.948438 0.283594 0.948438
0 0.303125 0.920312 0.317578 0.920312 0.317578 0.951562 0.303125 0.951562
0 0.132422 0.717188 0.149219 0.717188 0.149219 0.744792 0.132422 0.744792
0 0.051172 0.718229 0.071094 0.718229 0.071094 0.736458 0.051172 0.736458
0 0.014453 0.708333 0.032031 0.708333 0.032031 0.736979 0.014453 0.736979
0 0.05 0.758854 0.064844 0.758854 0.064844 0.779688 0.05 0.779688
0 0.0 0.742708 0.022656 0.742708 0.022656 0.766146 0.0 0.766146
0 0.166406 0.701042 0.182812 0.701042 0.182812 0.727083 0.166406 0.727083
0 0.1375 0.673958 0.153516 0.673958 0.153516 0.696354 0.1375 0.696354
0 0.131641 0.621875 0.146875 0.621875 0.146875 0.645312 0.131641 0.645312
0 0.160547 0.663542 0.176953 0.663542 0.176953 0.683854 0.160547 0.683854
0 0.179297 0.736458 0.198828 0.736458 0.198828 0.75625 0.179297 0.75625
0 0.185938 0.681771 0.200781 0.681771 0.200781 0.707812 0.185938 0.707812
0 0.213672 0.735417 0.230469 0.735417 0.230469 0.758854 0.213672 0.758854
0 0.114062 0.643229 0.128516 0.643229 0.128516 0.667708 0.114062 0.667708
0 0.287891 0.584896 0.303125 0.584896 0.303125 0.614583 0.287891 0.614583
0 0.326562 0.576042 0.343359 0.576042 0.343359 0.6 0.326562 0.6
0 0.253906 0.593229 0.273047 0.593229 0.273047 0.621354 0.253906 0.621354
0 0.317188 0.657292 0.337109 0.657292 0.337109 0.681771 0.317188 0.681771
0 0.275391 0.635417 0.294141 0.635417 0.294141 0.660417 0.275391 0.660417
0 0.262109 0.686458 0.277734 0.686458 0.277734 0.719271 0.262109 0.719271
0 0.292969 0.670312 0.311328 0.670312 0.311328 0.698438 0.292969 0.698438
0 0.326953 0.696875 0.345312 0.696875 0.345312 0.71875 0.326953 0.71875
0 0.358594 0.680208 0.378516 0.680208 0.378516 0.704688 0.358594 0.704688
0 0.361719 0.640104 0.384766 0.640104 0.384766 0.660417 0.361719 0.660417
0 0.304688 0.613542 0.324609 0.613542 0.324609 0.635938 0.304688 0.635938
0 0.360938 0.593229 0.381641 0.593229 0.381641 0.616667 0.360938 0.616667
0 0.314062 0.734375 0.332422 0.734375 0.332422 0.756771 0.314062 0.756771
0 0.341797 0.7625 0.361719 0.7625 0.361719 0.789062 0.341797 0.789062
0 0.298438 0.78125 0.316016 0.78125 0.316016 0.800521 0.298438 0.800521
0 0.316406 0.804688 0.337109 0.804688 0.337109 0.826042 0.316406 0.826042
0 0.344531 0.817188 0.366406 0.817188 0.366406 0.844271 0.344531 0.844271
0 0.39375 0.636979 0.419922 0.636979 0.419922 0.659375 0.39375 0.659375
0 0.398438 0.601042 0.421875 0.601042 0.421875 0.621875 0.398438 0.621875
0 0.417188 0.678125 0.441016 0.678125 0.441016 0.698958 0.417188 0.698958
0 0.434375 0.720312 0.456641 0.720312 0.456641 0.741146 0.434375 0.741146
0 0.409766 0.751562 0.432812 0.751562 0.432812 0.773958 0.409766 0.773958
0 0.442969 0.794271 0.462891 0.794271 0.462891 0.813021 0.442969 0.813021
0 0.407422 0.824479 0.426562 0.824479 0.426562 0.841667 0.407422 0.841667
0 0.394141 0.788021 0.412891 0.788021 0.412891 0.80625 0.394141 0.80625
0 0.458203 0.83125 0.476562 0.83125 0.476562 0.847396 0.458203 0.847396
0 0.425781 0.857812 0.448438 0.857812 0.448438 0.876562 0.425781 0.876562
0 0.408203 0.904167 0.425 0.904167 0.425 0.928646 0.408203 0.928646
0 0.438672 0.892708 0.452734 0.892708 0.452734 0.914062 0.438672 0.914062
0 0.460938 0.891667 0.474219 0.891667 0.474219 0.916667 0.460938 0.916667
0 0.467188 0.856771 0.485938 0.856771 0.485938 0.879167 0.467188 0.879167
0 0.371094 0.874479 0.391016 0.874479 0.391016 0.890104 0.371094 0.890104
0 0.652734 0.898438 0.670703 0.898438 0.670703 0.925521 0.652734 0.925521
0 0.673828 0.932292 0.689453 0.932292 0.689453 0.956771 0.673828 0.956771
0 0.704688 0.945833 0.723828 0.945833 0.723828 0.967708 0.704688 0.967708
0 0.7375 0.927083 0.753125 0.927083 0.753125 0.949479 0.7375 0.949479
0 0.694531 0.891667 0.710156 0.891667 0.710156 0.919792 0.694531 0.919792
0 0.667969 0.978646 0.690234 0.978646 0.690234 0.999479 0.667969 0.999479
0 0.647266 0.943229 0.660938 0.943229 0.660938 0.968229 0.647266 0.968229
0 0.595312 0.933333 0.612891 0.933333 0.612891 0.954688 0.595312 0.954688
0 0.616406 0.904688 0.634766 0.904688 0.634766 0.926042 0.616406 0.926042
0 0.618359 0.865625 0.6375 0.865625 0.6375 0.886458 0.618359 0.886458
0 0.673828 0.860938 0.692578 0.860938 0.692578 0.880729 0.673828 0.880729
0 0.755469 0.898958 0.776953 0.898958 0.776953 0.920833 0.755469 0.920833
0 0.779297 0.872917 0.797266 0.872917 0.797266 0.898958 0.779297 0.898958
0 0.804297 0.916146 0.825391 0.916146 0.825391 0.935938 0.804297 0.935938
0 0.800391 0.959896 0.816016 0.959896 0.816016 0.988542 0.800391 0.988542
0 0.765625 0.963542 0.783203 0.963542 0.783203 0.985938 0.765625 0.985938
0 0.576562 0.961458 0.593359 0.961458 0.593359 0.988021 0.576562 0.988021
0 0.623438 0.957812 0.639062 0.957812 0.639062 0.980208 0.623438 0.980208
0 0.714062 0.886458 0.731641 0.886458 0.731641 0.905208 0.714062 0.905208
0 0.541797 0.949479 0.557422 0.949479 0.557422 0.973958 0.541797 0.973958
0 0.880859 0.898438 0.898828 0.898438 0.898828 0.920312 0.880859 0.920312
0 0.847266 0.923958 0.866797 0.923958 0.866797 0.942708 0.847266 0.942708
0 0.837891 0.964062 0.854688 0.964062 0.854688 0.989583 0.837891 0.989583
0 0.852344 0.873958 0.869922 0.873958 0.869922 0.895833 0.852344 0.895833
0 0.887891 0.9375 0.908203 0.9375 0.908203 0.957292 0.887891 0.957292
0 0.496094 0.965625 0.514844 0.965625 0.514844 0.989062 0.496094 0.989062
0 0.515625 0.934896 0.533203 0.934896 0.533203 0.960417 0.515625 0.960417
0 0.480859 0.735417 0.5 0.735417 0.5 0.765625 0.480859 0.765625
0 0.564844 0.708854 0.584766 0.708854 0.584766 0.739062 0.564844 0.739062
0 0.598828 0.733333 0.614453 0.733333 0.614453 0.756771 0.598828 0.756771
0 0.635547 0.758854 0.651562 0.758854 0.651562 0.782292 0.635547 0.782292
0 0.66875 0.694271 0.686328 0.694271 0.686328 0.723958 0.66875 0.723958
0 0.647656 0.718229 0.668359 0.718229 0.668359 0.744792 0.647656 0.744792
0 0.587891 0.686458 0.610938 0.686458 0.610938 0.714062 0.587891 0.714062
0 0.619922 0.664062 0.637109 0.664062 0.637109 0.683333 0.619922 0.683333
0 0.667969 0.660417 0.685156 0.660417 0.685156 0.680729 0.667969 0.680729
0 0.702734 0.678646 0.719141 0.678646 0.719141 0.703125 0.702734 0.703125
0 0.716016 0.710417 0.733984 0.710417 0.733984 0.738021 0.716016 0.738021
0 0.75625 0.7 0.769531 0.7 0.769531 0.722917 0.75625 0.722917
0 0.766406 0.744271 0.780469 0.744271 0.780469 0.771875 0.766406 0.771875
0 0.715625 0.747396 0.732422 0.747396 0.732422 0.770833 0.715625 0.770833
0 0.741406 0.749479 0.755469 0.749479 0.755469 0.775521 0.741406 0.775521
0 0.537109 0.548438 0.55 0.548438 0.55 0.577083 0.537109 0.577083
0 0.555469 0.534375 0.577734 0.534375 0.577734 0.555208 0.555469 0.555208
0 0.592969 0.566667 0.611328 0.566667 0.611328 0.590625 0.592969 0.590625
0 0.600781 0.623958 0.620703 0.623958 0.620703 0.651042 0.600781 0.651042
0 0.644531 0.625521 0.666797 0.625521 0.666797 0.652083 0.644531 0.652083
0 0.543359 0.597396 0.565234 0.597396 0.565234 0.617708 0.543359 0.617708
0 0.511328 0.55 0.527734 0.55 0.527734 0.575521 0.511328 0.575521
0 0.519141 0.511979 0.541406 0.511979 0.541406 0.534896 0.519141 0.534896
0 0.551953 0.494792 0.575781 0.494792 0.575781 0.516667 0.551953 0.516667
0 0.530859 0.644792 0.548047 0.644792 0.548047 0.671354 0.530859 0.671354
0 0.561328 0.636458 0.579297 0.636458 0.579297 0.658333 0.561328 0.658333
0 0.966406 0.736458 0.982812 0.736458 0.982812 0.766146 0.966406 0.766146
0 0.933984 0.731771 0.953516 0.731771 0.953516 0.766146 0.933984 0.766146
0 0.910156 0.734896 0.930859 0.734896 0.930859 0.768229 0.910156 0.768229
0 0.88125 0.738542 0.902734 0.738542 0.902734 0.771875 0.88125 0.771875
0 0.861328 0.708333 0.879297 0.708333 0.879297 0.734375 0.861328 0.734375
0 0.835156 0.695833 0.850781 0.695833 0.850781 0.723438 0.835156 0.723438
0 0.811328 0.735938 0.833594 0.735938 0.833594 0.753125 0.811328 0.753125
0 0.802344 0.764062 0.817578 0.764062 0.817578 0.788542 0.802344 0.788542
0 0.832031 0.765104 0.844922 0.765104 0.844922 0.790104 0.832031 0.790104
0 0.839844 0.746875 0.855859 0.746875 0.855859 0.767708 0.839844 0.767708
0 0.626953 0.558333 0.644922 0.558333 0.644922 0.583854 0.626953 0.583854
0 0.657812 0.566667 0.677344 0.566667 0.677344 0.590625 0.657812 0.590625
0 0.692188 0.54375 0.709375 0.54375 0.709375 0.571875 0.692188 0.571875
0 0.652344 0.519271 0.674219 0.519271 0.674219 0.535938 0.652344 0.535938
0 0.617578 0.513542 0.635547 0.513542 0.635547 0.532812 0.617578 0.532812
0 0.684766 0.477083 0.700391 0.477083 0.700391 0.501562 0.684766 0.501562
0 0.714062 0.5125 0.729688 0.5125 0.729688 0.533854 0.714062 0.533854
0 0.753125 0.553646 0.766016 0.553646 0.766016 0.579167 0.753125 0.579167
0 0.725391 0.588021 0.740234 0.588021 0.740234 0.611458 0.725391 0.611458
0 0.749219 0.597396 0.762891 0.597396 0.762891 0.625 0.749219 0.625
0 0.7125 0.640104 0.73125 0.640104 0.73125 0.6625 0.7125 0.6625
0 0.769922 0.630729 0.784375 0.630729 0.784375 0.651562 0.769922 0.651562
0 0.775391 0.578646 0.789453 0.578646 0.789453 0.603125 0.775391 0.603125
0 0.805469 0.569792 0.823047 0.569792 0.823047 0.589062 0.805469 0.589062
0 0.791016 0.504167 0.810547 0.504167 0.810547 0.530208 0.791016 0.530208
0 0.769531 0.458333 0.785938 0.458333 0.785938 0.4875 0.769531 0.4875
0 0.740234 0.448438 0.75625 0.448438 0.75625 0.477083 0.740234 0.477083
0 0.715234 0.435938 0.730859 0.435938 0.730859 0.464583 0.715234 0.464583
0 0.660156 0.427604 0.679297 0.427604 0.679297 0.457292 0.660156 0.457292
0 0.627344 0.469271 0.646094 0.469271 0.646094 0.490625 0.627344 0.490625
0 0.841797 0.586979 0.859766 0.586979 0.859766 0.609896 0.841797 0.609896
0 0.864453 0.617188 0.880469 0.617188 0.880469 0.640625 0.864453 0.640625
0 0.835156 0.631771 0.853906 0.631771 0.853906 0.657812 0.835156 0.657812
0 0.775781 0.663542 0.79375 0.663542 0.79375 0.686979 0.775781 0.686979
0 0.80625 0.6625 0.821875 0.6625 0.821875 0.679688 0.80625 0.679688
0 0.80625 0.698438 0.821094 0.698438 0.821094 0.71875 0.80625 0.71875
0 0.784766 0.725 0.796484 0.725 0.796484 0.746875 0.784766 0.746875
0 0.927344 0.551562 0.945703 0.551562 0.945703 0.578646 0.927344 0.578646
0 0.891016 0.596875 0.908594 0.596875 0.908594 0.630729 0.891016 0.630729
0 0.884375 0.664583 0.899219 0.664583 0.899219 0.696354 0.884375 0.696354
0 0.9125 0.651562 0.930078 0.651562 0.930078 0.676562 0.9125 0.676562
0 0.909375 0.690104 0.927734 0.690104 0.927734 0.716146 0.909375 0.716146
0 0.941797 0.673438 0.960938 0.673438 0.960938 0.701042 0.941797 0.701042
0 0.88125 0.514583 0.897656 0.514583 0.897656 0.545312 0.88125 0.545312
0 0.840234 0.541667 0.860547 0.541667 0.860547 0.565104 0.840234 0.565104
0 0.824609 0.501042 0.839453 0.501042 0.839453 0.522917 0.824609 0.522917
0 0.9 0.520833 0.914453 0.520833 0.914453 0.547917 0.9 0.547917
0 0.919922 0.502083 0.935938 0.502083 0.935938 0.523958 0.919922 0.523958
0 0.937891 0.614583 0.957031 0.614583 0.957031 0.640104 0.937891 0.640104
0 0.960156 0.56875 0.980469 0.56875 0.980469 0.590625 0.960156 0.590625
0 0.981641 0.596875 0.999609 0.596875 0.999609 0.616667 0.981641 0.616667
0 0.981641 0.636458 0.999609 0.636458 0.999609 0.651562 0.981641 0.651562
0 0.962109 0.641146 0.980078 0.641146 0.980078 0.674479 0.962109 0.674479
0 0.954297 0.535938 0.975 0.535938 0.975 0.555208 0.954297 0.555208
0 0.945312 0.486979 0.959375 0.486979 0.959375 0.514062 0.945312 0.514062
0 0.981641 0.692188 0.997656 0.692188 0.997656 0.720312 0.981641 0.720312
0 0.608203 0.352604 0.625391 0.352604 0.625391 0.380729 0.608203 0.380729
0 0.605859 0.417188 0.622656 0.417188 0.622656 0.440625 0.605859 0.440625
0 0.569531 0.444271 0.588281 0.444271 0.588281 0.469792 0.569531 0.469792
0 0.539062 0.447396 0.555859 0.447396 0.555859 0.46875 0.539062 0.46875
0 0.353906 0.154688 0.369922 0.154688 0.369922 0.178125 0.353906 0.178125
0 0.754297 0.383854 0.773438 0.383854 0.773438 0.414062 0.754297 0.414062
0 0.731641 0.396354 0.751172 0.396354 0.751172 0.422917 0.731641 0.422917
0 0.791016 0.417188 0.805469 0.417188 0.805469 0.438542 0.791016 0.438542
0 0.873828 0.428125 0.887891 0.428125 0.887891 0.449479 0.873828 0.449479
0 0.907422 0.431771 0.925781 0.431771 0.925781 0.450521 0.907422 0.450521
0 0.850781 0.471354 0.86875 0.471354 0.86875 0.489583 0.850781 0.489583
0 0.925391 0.464062 0.944922 0.464062 0.944922 0.479688 0.925391 0.479688
0 0.869922 0.333854 0.8875 0.333854 0.8875 0.352083 0.869922 0.352083
0 0.875391 0.363021 0.897266 0.363021 0.897266 0.386458 0.875391 0.386458
0 0.912891 0.354167 0.928906 0.354167 0.928906 0.372917 0.912891 0.372917
0 0.843359 0.386458 0.861328 0.386458 0.861328 0.404167 0.843359 0.404167
0 0.908984 0.299479 0.927344 0.299479 0.927344 0.31875 0.908984 0.31875
0 0.877344 0.286979 0.897266 0.286979 0.897266 0.307292 0.877344 0.307292
0 0.894922 0.396354 0.912109 0.396354 0.912109 0.413542 0.894922 0.413542
0 0.839453 0.320312 0.858594 0.320312 0.858594 0.340625 0.839453 0.340625