0 0.382812 0.140625 0.401172 0.140625 0.401172 0.170312 0.382812 0.170312
0 0.414062 0.151562 0.431641 0.151562 0.431641 0.182292 0.414062 0.182292
0 0.39375 0.192188 0.411719 0.192188 0.411719 0.219792 0.39375 0.219792
0 0.361719 0.15625 0.376172 0.15625 0.376172 0.185938 0.361719 0.185938
0 0.475781 0.145833 0.496484 0.145833 0.496484 0.176562 0.475781 0.176562
0 0.448438 0.182292 0.463672 0.182292 0.463672 0.209375 0.448438 0.209375
0 0.484375 0.198438 0.501172 0.198438 0.501172 0.227604 0.484375 0.227604
0 0.464453 0.24375 0.48125 0.24375 0.48125 0.271875 0.464453 0.271875
0 0.422266 0.241146 0.441797 0.241146 0.441797 0.272917 0.422266 0.272917
0 0.354297 0.246354 0.372656 0.246354 0.372656 0.270312 0.354297 0.270312
0 0.30625 0.260938 0.323828 0.260938 0.323828 0.290625 0.30625 0.290625
0 0.327344 0.284896 0.350781 0.284896 0.350781 0.303646 0.327344 0.303646
0 0.308203 0.318229 0.33125 0.318229 0.33125 0.342708 0.308203 0.342708
0 0.365234 0.331771 0.388281 0.331771 0.388281 0.363021 0.365234 0.363021
0 0.405078 0.292188 0.419922 0.292188 0.419922 0.315104 0.405078 0.315104
0 0.480859 0.321875 0.499219 0.321875 0.499219 0.341667 0.480859 0.341667
0 0.488281 0.371354 0.505469 0.371354 0.505469 0.402604 0.488281 0.402604
0 0.553125 0.231771 0.573438 0.231771 0.573438 0.253646 0.553125 0.253646
0 0.582812 0.281771 0.601562 0.281771 0.601562 0.314583 0.582812 0.314583
0 0.45 0.089583 0.468359 0.089583 0.468359 0.122917 0.45 0.122917
0 0.417188 0.076042 0.435547 0.076042 0.435547 0.111458 0.417188 0.111458
0 0.480078 0.063021 0.498047 0.063021 0.498047 0.089583 0.480078 0.089583
0 0.502344 0.106771 0.521875 0.106771 0.521875 0.133854 0.502344 0.133854
0 0.173828 0.084896 0.194141 0.084896 0.194141 0.116146 0.173828 0.116146
0 0.207422 0.10625 0.223438 0.10625 0.223438 0.132292 0.207422 0.132292
0 0.210547 0.05 0.228516 0.05 0.228516 0.077604 0.210547 0.077604
0 0.177734 0.028646 0.194922 0.028646 0.194922 0.057292 0.177734 0.057292
0 0.138672 0.034896 0.161719 0.034896 0.161719 0.066667 0.138672 0.066667
0 0.108984 0.073958 0.128516 0.073958 0.128516 0.110417 0.108984 0.110417
0 0.142969 0.091667 0.163672 0.091667 0.163672 0.127604 0.142969 0.127604
0 0.110156 0.147917 0.130859 0.147917 0.130859 0.18125 0.110156 0.18125
0 0.135547 0.184375 0.158594 0.184375 0.158594 0.210417 0.135547 0.210417
0 0.171094 0.127604 0.190234 0.127604 0.190234 0.160417 0.171094 0.160417
0 0.000781 0.014583 0.020703 0.014583 0.020703 0.047917 0.000781 0.047917
0 0.032422 0.011458 0.049219 0.011458 0.049219 0.0375 0.032422 0.0375
0 0.030078 0.055729 0.053516 0.055729 0.053516 0.081771 0.030078 0.081771
0 0.082812 0.116667 0.102734 0.116667 0.102734 0.152083 0.082812 0.152083
0 0.050781 0.085938 0.067969 0.085938 0.067969 0.1125 0.050781 0.1125
0 0.041016 0.154167 0.063672 0.154167 0.063672 0.178125 0.041016 0.178125
0 0.021484 0.179167 0.039844 0.179167 0.039844 0.201042 0.021484 0.201042
0 0.088672 0.041667 0.103906 0.041667 0.103906 0.066146 0.088672 0.066146
0 0.059375 0.194271 0.08125 0.194271 0.08125 0.229167 0.059375 0.229167
0 0.099219 0.219792 0.117188 0.219792 0.117188 0.245312 0.099219 0.245312
0 0.009375 0.233854 0.028906 0.233854 0.028906 0.256771 0.009375 0.256771
0 0.031641 0.259896 0.050391 0.259896 0.050391 0.284375 0.031641 0.284375
0 0.100391 0.284375 0.122266 0.284375 0.122266 0.308854 0.100391 0.308854
0 0.016016 0.405729 0.037109 0.405729 0.037109 0.427604 0.016016 0.427604
0 0.025781 0.438021 0.044141 0.438021 0.044141 0.463542 0.025781 0.463542
0 0.013672 0.477083 0.033594 0.477083 0.033594 0.503646 0.013672 0.503646
0 0.040625 0.490104 0.060938 0.490104 0.060938 0.523438 0.040625 0.523438
0 0.241016 0.404688 0.257031 0.404688 0.257031 0.438021 0.241016 0.438021
0 0.247266 0.466146 0.267969 0.466146 0.267969 0.493229 0.247266 0.493229
0 0.234766 0.507812 0.257812 0.507812 0.257812 0.531771 0.234766 0.531771
0 0.279688 0.426562 0.294141 0.426562 0.294141 0.460417 0.279688 0.460417
0 0.305469 0.463542 0.328125 0.463542 0.328125 0.485417 0.305469 0.485417
0 0.313672 0.534375 0.332812 0.534375 0.332812 0.566146 0.313672 0.566146
0 0.270312 0.557812 0.287891 0.557812 0.287891 0.594271 0.270312 0.594271
0 0.234766 0.564583 0.253516 0.564583 0.253516 0.590104 0.234766 0.590104
0 0.298438 0.392708 0.314453 0.392708 0.314453 0.414583 0.298438 0.414583
0 0.268359 0.385417 0.285156 0.385417 0.285156 0.415625 0.268359 0.415625
0 0.329688 0.402604 0.347266 0.402604 0.347266 0.431771 0.329688 0.431771
0 0.352344 0.439062 0.383984 0.439062 0.383984 0.457812 0.352344 0.457812
0 0.367578 0.392708 0.388672 0.392708 0.388672 0.422917 0.367578 0.422917
0 0.5125 0.006771 0.531641 0.006771 0.531641 0.034375 0.5125 0.034375
0 0.502344 0.048958 0.520312 0.048958 0.520312 0.075 0.502344 0.075
0 0.542969 0.03125 0.562109 0.03125 0.562109 0.053646 0.542969 0.053646
0 0.538281 0.075521 0.556641 0.075521 0.556641 0.106771 0.538281 0.106771
0 0.564062 0.135417 0.586719 0.135417 0.586719 0.161458 0.564062 0.161458
0 0.624609 0.033333 0.646094 0.033333 0.646094 0.056771 0.624609 0.056771
0 0.664453 0.036458 0.687109 0.036458 0.687109 0.057812 0.664453 0.057812
0 0.6 0.091146 0.623438 0.091146 0.623438 0.118229 0.6 0.118229
0 0.63125 0.125521 0.649219 0.125521 0.649219 0.155729 0.63125 0.155729
0 0.662891 0.108333 0.684375 0.108333 0.684375 0.14375 0.662891 0.14375
0 0.707422 0.113021 0.726953 0.113021 0.726953 0.134375 0.707422 0.134375
0 0.690234 0.146354 0.707812 0.146354 0.707812 0.16875 0.690234 0.16875
0 0.524609 0.156771 0.544531 0.156771 0.544531 0.186979 0.524609 0.186979
0 0.55625 0.195312 0.573828 0.195312 0.573828 0.221875 0.55625 0.221875
0 0.589844 0.197396 0.605469 0.197396 0.605469 0.232812 0.589844 0.232812
0 0.621875 0.194792 0.641797 0.194792 0.641797 0.222396 0.621875 0.222396
0 0.652344 0.196354 0.670703 0.196354 0.670703 0.227604 0.652344 0.227604
0 0.683594 0.222917 0.704297 0.222917 0.704297 0.258333 0.683594 0.258333
0 0.708984 0.157292 0.729688 0.157292 0.729688 0.189062 0.708984 0.189062
0 0.751172 0.220312 0.767578 0.220312 0.767578 0.241146 0.751172 0.241146
0 0.766797 0.250521 0.784766 0.250521 0.784766 0.282292 0.766797 0.282292
0 0.741797 0.277604 0.762109 0.277604 0.762109 0.302083 0.741797 0.302083
0 0.619922 0.267708 0.640234 0.267708 0.640234 0.301042 0.619922 0.301042
0 0.658594 0.282292 0.678516 0.282292 0.678516 0.308854 0.658594 0.308854
0 0.883984 0.238542 0.903906 0.238542 0.903906 0.269792 0.883984 0.269792
0 0.862891 0.0875 0.887891 0.0875 0.887891 0.118229 0.862891 0.118229
0 0.848047 0.221354 0.868359 0.221354 0.868359 0.25625 0.848047 0.25625
0 0.814453 0.244792 0.832422 0.244792 0.832422 0.272917 0.814453 0.272917
0 0.971484 0.025521 0.989062 0.025521 0.989062 0.058854 0.971484 0.058854
0 0.938281 0.031771 0.957812 0.031771 0.957812 0.063542 0.938281 0.063542
0 0.877344 0.039583 0.897656 0.039583 0.897656 0.067708 0.877344 0.067708
0 0.902734 0.079688 0.922266 0.079688 0.922266 0.103125 0.902734 0.103125
0 0.935156 0.125521 0.951562 0.125521 0.951562 0.159375 0.935156 0.159375
0 0.933984 0.083333 0.953906 0.083333 0.953906 0.110938 0.933984 0.110938
0 0.982031 0.166146 0.996484 0.166146 0.996484 0.196354 0.982031 0.196354
0 0.667578 0.365104 0.692188 0.365104 0.692188 0.393229 0.667578 0.393229
0 0.644531 0.322917 0.665234 0.322917 0.665234 0.353125 0.644531 0.353125
0 0.679297 0.319792 0.698047 0.319792 0.698047 0.349479 0.679297 0.349479
0 0.721484 0.346354 0.741406 0.346354 0.741406 0.38125 0.721484 0.38125
0 0.683984 0.4 0.705078 0.4 0.705078 0.426042 0.683984 0.426042
0 0.703125 0.438542 0.721875 0.438542 0.721875 0.467708 0.703125 0.467708
0 0.752734 0.401562 0.769141 0.401562 0.769141 0.433854 0.752734 0.433854
0 0.785547 0.335417 0.809766 0.335417 0.809766 0.355208 0.785547 0.355208
0 0.802344 0.389583 0.823047 0.389583 0.823047 0.415625 0.802344 0.415625
0 0.861719 0.311458 0.884766 0.311458 0.884766 0.335938 0.861719 0.335938
0 0.833203 0.345312 0.855469 0.345312 0.855469 0.370833 0.833203 0.370833
0 0.842188 0.392708 0.863672 0.392708 0.863672 0.418229 0.842188 0.418229
0 0.886328 0.367708 0.910547 0.367708 0.910547 0.392188 0.886328 0.392188
0 0.871875 0.4375 0.887891 0.4375 0.887891 0.460938 0.871875 0.460938
0 0.85 0.442708 0.866406 0.442708 0.866406 0.46875 0.85 0.46875
0 0.901172 0.29375 0.916797 0.29375 0.916797 0.317188 0.901172 0.317188
0 0.791406 0.435938 0.814844 0.435938 0.814844 0.459896 0.791406 0.459896
0 0.785156 0.486979 0.808203 0.486979 0.808203 0.510938 0.785156 0.510938
0 0.757422 0.510938 0.780859 0.510938 0.780859 0.541667 0.757422 0.541667
0 0.734375 0.454167 0.750391 0.454167 0.750391 0.483333 0.734375 0.483333
0 0.730469 0.528646 0.748438 0.528646 0.748438 0.5625 0.730469 0.5625
0 0.688281 0.475 0.704688 0.475 0.704688 0.501562 0.688281 0.501562
0 0.7 0.514062 0.716016 0.514062 0.716016 0.547917 0.7 0.547917
0 0.803516 0.532292 0.819531 0.532292 0.819531 0.556771 0.803516 0.556771
0 0.968359 0.447396 0.987109 0.447396 0.987109 0.478125 0.968359 0.478125
0 0.927344 0.482292 0.947656 0.482292 0.947656 0.504167 0.927344 0.504167
0 0.939844 0.509896 0.960938 0.509896 0.960938 0.538542 0.939844 0.538542
0 0.916016 0.5375 0.930469 0.5375 0.930469 0.565625 0.916016 0.565625
0 0.940234 0.563542 0.960938 0.563542 0.960938 0.593229 0.940234 0.593229
0 0.969141 0.548438 0.985547 0.548438 0.985547 0.583854 0.969141 0.583854
0 0.817969 0.288021 0.8375 0.288021 0.8375 0.320312 0.817969 0.320312
0 0.785547 0.270312 0.804688 0.270312 0.804688 0.300521 0.785547 0.300521
0 0.885938 0.843229 0.904297 0.843229 0.904297 0.875521 0.885938 0.875521
0 0.836719 0.861979 0.862109 0.861979 0.862109 0.886458 0.836719 0.886458
0 0.853125 0.796875 0.870703 0.796875 0.870703 0.827083 0.853125 0.827083
0 0.819922 0.801042 0.837891 0.801042 0.837891 0.829688 0.819922 0.829688
0 0.793359 0.778646 0.808594 0.778646 0.808594 0.808333 0.793359 0.808333
0 0.797656 0.706771 0.814453 0.706771 0.814453 0.730208 0.797656 0.730208
0 0.825781 0.716667 0.841797 0.716667 0.841797 0.744271 0.825781 0.744271
0 0.853125 0.713021 0.869531 0.713021 0.869531 0.744271 0.853125 0.744271
0 0.966406 0.879688 0.984375 0.879688 0.984375 0.9125 0.966406 0.9125
0 0.935938 0.852604 0.953125 0.852604 0.953125 0.88125 0.935938 0.88125
0 0.888281 0.936458 0.908203 0.936458 0.908203 0.965625 0.888281 0.965625
0 0.928516 0.973958 0.946484 0.973958 0.946484 0.998958 0.928516 0.998958
0 0.859375 0.631771 0.878906 0.631771 0.878906 0.654167 0.859375 0.654167
0 0.835156 0.665625 0.854297 0.665625 0.854297 0.684896 0.835156 0.684896
0 0.878125 0.658854 0.892969 0.658854 0.892969 0.688021 0.878125 0.688021
0 0.907812 0.663021 0.925 0.663021 0.925 0.697396 0.907812 0.697396
0 0.942188 0.704167 0.962109 0.704167 0.962109 0.728646 0.942188 0.728646
0 0.833203 0.9375 0.858984 0.9375 0.858984 0.965104 0.833203 0.965104
0 0.789062 0.967188 0.808984 0.967188 0.808984 0.993229 0.789062 0.993229
0 0.805469 0.905208 0.827734 0.905208 0.827734 0.922396 0.805469 0.922396
0 0.7375 0.871875 0.751953 0.871875 0.751953 0.894792 0.7375 0.894792
0 0.890234 0.721875 0.904297 0.721875 0.904297 0.746875 0.890234 0.746875
0 0.729688 0.601562 0.746484 0.601562 0.746484 0.634375 0.729688 0.634375
0 0.670703 0.584375 0.687891 0.584375 0.687891 0.613021 0.670703 0.613021
0 0.676172 0.644271 0.691016 0.644271 0.691016 0.673958 0.676172 0.673958
0 0.648047 0.677083 0.664844 0.677083 0.664844 0.707812 0.648047 0.707812
0 0.646484 0.564583 0.662891 0.564583 0.662891 0.592708 0.646484 0.592708
0 0.771484 0.566667 0.795703 0.566667 0.795703 0.591146 0.771484 0.591146
0 0.592969 0.946354 0.616016 0.946354 0.616016 0.969792 0.592969 0.969792
0 0.564062 0.922917 0.589062 0.922917 0.589062 0.946354 0.564062 0.946354
0 0.520312 0.941667 0.539844 0.941667 0.539844 0.966667 0.520312 0.966667
0 0.579297 0.882292 0.597656 0.882292 0.597656 0.904167 0.579297 0.904167
0 0.302734 0.789583 0.326172 0.789583 0.326172 0.811458 0.302734 0.811458
0 0.351562 0.808854 0.372266 0.808854 0.372266 0.838021 0.351562 0.838021
0 0.325781 0.834896 0.35 0.834896 0.35 0.864062 0.325781 0.864062
0 0.303906 0.857812 0.324609 0.857812 0.324609 0.892188 0.303906 0.892188
0 0.394531 0.857812 0.419922 0.857812 0.419922 0.883333 0.394531 0.883333
0 0.438281 0.879688 0.464844 0.879688 0.464844 0.898438 0.438281 0.898438
0 0.414453 0.908333 0.430469 0.908333 0.430469 0.94375 0.414453 0.94375
0 0.248047 0.803646 0.274609 0.803646 0.274609 0.829167 0.248047 0.829167
0 0.270312 0.759896 0.285938 0.759896 0.285938 0.791146 0.270312 0.791146
0 0.251172 0.935417 0.267188 0.935417 0.267188 0.960938 0.251172 0.960938
0 0.281641 0.958333 0.305859 0.958333 0.305859 0.986458 0.281641 0.986458
0 0.31875 0.942708 0.343359 0.942708 0.343359 0.970833 0.31875 0.970833
0 0.366016 0.948958 0.384375 0.948958 0.384375 0.973958 0.366016 0.973958
0 0.347266 0.869792 0.363672 0.869792 0.363672 0.898438 0.347266 0.898438
0 0.592188 0.548958 0.611719 0.548958 0.611719 0.576562 0.592188 0.576562
0 0.607812 0.591146 0.623438 0.591146 0.623438 0.621875 0.607812 0.621875
0 0.574219 0.589583 0.591797 0.589583 0.591797 0.617188 0.574219 0.617188
0 0.606641 0.670833 0.619141 0.670833 0.619141 0.700521 0.606641 0.700521
0 0.573828 0.645312 0.59375 0.645312 0.59375 0.664583 0.573828 0.664583
0 0.560156 0.672396 0.580859 0.672396 0.580859 0.697396 0.560156 0.697396
0 0.570312 0.704688 0.589844 0.704688 0.589844 0.725521 0.570312 0.725521
0 0.494531 0.614583 0.514062 0.614583 0.514062 0.639583 0.494531 0.639583
0 0.527734 0.553646 0.544141 0.553646 0.544141 0.586458 0.527734 0.586458
0 0.555469 0.5375 0.573047 0.5375 0.573047 0.568229 0.555469 0.568229
0 0.499219 0.534375 0.519922 0.534375 0.519922 0.571354 0.499219 0.571354
0 0.599219 0.495312 0.616406 0.495312 0.616406 0.53125 0.599219 0.53125
0 0.465234 0.544271 0.484375 0.544271 0.484375 0.572396 0.465234 0.572396
0 0.432422 0.547917 0.450391 0.547917 0.450391 0.578646 0.432422 0.578646
0 0.389062 0.526562 0.407031 0.526562 0.407031 0.558854 0.389062 0.558854
0 0.420703 0.476562 0.439062 0.476562 0.439062 0.502604 0.420703 0.502604
0 0.444141 0.4625 0.461719 0.4625 0.461719 0.4875 0.444141 0.4875
0 0.466797 0.441146 0.484766 0.441146 0.484766 0.463021 0.466797 0.463021
0 0.51875 0.416667 0.538672 0.416667 0.538672 0.445833 0.51875 0.445833
0 0.618359 0.475521 0.635547 0.475521 0.635547 0.505208 0.618359 0.505208
0 0.645312 0.465104 0.663281 0.465104 0.663281 0.501562 0.645312 0.501562
0 0.602734 0.339062 0.624219 0.339062 0.624219 0.359896 0.602734 0.359896
0 0.59375 0.375521 0.6125 0.375521 0.6125 0.398438 0.59375 0.398438
0 0.545312 0.329688 0.567188 0.329688 0.567188 0.348958 0.545312 0.348958
0 0.39375 0.653125 0.415234 0.653125 0.415234 0.680208 0.39375 0.680208
0 0.091797 0.807292 0.111328 0.807292 0.111328 0.838021 0.091797 0.838021
0 0.078125 0.845312 0.102344 0.845312 0.102344 0.875521 0.078125 0.875521
0 0.05 0.839583 0.067188 0.839583 0.067188 0.866146 0.05 0.866146
0 0.01875 0.84375 0.035156 0.84375 0.035156 0.873438 0.01875 0.873438
0 0.047656 0.94375 0.064844 0.94375 0.064844 0.975521 0.047656 0.975521
0 0.010156 0.932812 0.025 0.932812 0.025 0.9625 0.010156 0.9625
0 0.101562 0.755208 0.11875 0.755208 0.11875 0.791146 0.101562 0.791146
0 0.139062 0.804688 0.160156 0.804688 0.160156 0.83125 0.139062 0.83125
0 0.159375 0.834375 0.176172 0.834375 0.176172 0.866667 0.159375 0.866667
0 0.191406 0.754167 0.209375 0.754167 0.209375 0.778646 0.191406 0.778646
0 0.173438 0.755208 0.190234 0.755208 0.190234 0.786979 0.173438 0.786979
0 0.225391 0.764583 0.243359 0.764583 0.243359 0.791146 0.225391 0.791146
0 0.215234 0.800521 0.232812 0.800521 0.232812 0.825521 0.215234 0.825521
0 0.118359 0.860938 0.140625 0.860938 0.140625 0.884375 0.118359 0.884375
0 0.138281 0.902083 0.157422 0.902083 0.157422 0.932812 0.138281 0.932812
0 0.090234 0.969271 0.1125 0.969271 0.1125 0.99375 0.090234 0.99375
0 0.269531 0.844792 0.290234 0.844792 0.290234 0.869792 0.269531 0.869792
0 0.212891 0.922396 0.228906 0.922396 0.228906 0.955208 0.212891 0.955208
0 0.149609 0.960417 0.173438 0.960417 0.173438 0.986458 0.149609 0.986458
0 0.196875 0.615625 0.217969 0.615625 0.217969 0.639062 0.196875 0.639062
0 0.135156 0.754688 0.153125 0.754688 0.153125 0.782292 0.135156 0.782292
0 0.319531 0.617708 0.332422 0.617708 0.332422 0.641667 0.319531 0.641667
0 0.483203 0.961979 0.505078 0.961979 0.505078 0.985938 0.483203 0.985938