0 0.083203 0.071875 0.096875 0.071875 0.096875 0.092708 0.083203 0.092708
0 0.112109 0.065104 0.126562 0.065104 0.126562 0.088542 0.112109 0.088542
0 0.106641 0.014062 0.118359 0.014062 0.118359 0.034375 0.106641 0.034375
0 0.141406 0.026562 0.155859 0.026562 0.155859 0.046354 0.141406 0.046354
0 0.185156 0.043229 0.198047 0.043229 0.198047 0.059375 0.185156 0.059375
0 0.146875 0.088542 0.159766 0.088542 0.159766 0.105729 0.146875 0.105729
0 0.189453 0.097917 0.203516 0.097917 0.203516 0.117188 0.189453 0.117188
0 0.228125 0.081771 0.242578 0.081771 0.242578 0.098958 0.228125 0.098958
0 0.060547 0.10625 0.071875 0.10625 0.071875 0.125521 0.060547 0.125521
0 0.074609 0.131771 0.085156 0.131771 0.085156 0.154688 0.074609 0.154688
0 0.098047 0.130729 0.110547 0.130729 0.110547 0.151042 0.098047 0.151042
0 0.119922 0.148438 0.131641 0.148438 0.131641 0.16875 0.119922 0.16875
0 0.139844 0.139062 0.153516 0.139062 0.153516 0.157292 0.139844 0.157292
0 0.176562 0.132812 0.188281 0.132812 0.188281 0.154167 0.176562 0.154167
0 0.153125 0.182292 0.169141 0.182292 0.169141 0.194792 0.153125 0.194792
0 0.055078 0.183854 0.068359 0.183854 0.068359 0.202604 0.055078 0.202604
0 0.0125 0.207292 0.026172 0.207292 0.026172 0.223438 0.0125 0.223438
0 0.045703 0.226042 0.057031 0.226042 0.057031 0.244271 0.045703 0.244271
0 0.074609 0.210417 0.087891 0.210417 0.087891 0.234375 0.074609 0.234375
0 0.251172 0.107812 0.268359 0.107812 0.268359 0.138021 0.251172 0.138021
0 0.210938 0.152604 0.230078 0.152604 0.230078 0.173438 0.210938 0.173438
0 0.180859 0.178125 0.196484 0.178125 0.196484 0.200521 0.180859 0.200521
0 0.251172 0.168229 0.267188 0.168229 0.267188 0.19375 0.251172 0.19375
0 0.233203 0.193229 0.249609 0.193229 0.249609 0.213542 0.233203 0.213542
0 0.017969 0.286458 0.036719 0.286458 0.036719 0.303646 0.017969 0.303646
0 0.019922 0.318229 0.037109 0.318229 0.037109 0.342708 0.019922 0.342708
0 0.046094 0.326042 0.060547 0.326042 0.060547 0.353646 0.046094 0.353646
0 0.001562 0.373958 0.022656 0.373958 0.022656 0.395833 0.001562 0.395833
0 0.045312 0.384375 0.060547 0.384375 0.060547 0.402604 0.045312 0.402604
0 0.099219 0.336458 0.117578 0.336458 0.117578 0.359375 0.099219 0.359375
0 0.040625 0.438021 0.058594 0.438021 0.058594 0.457292 0.040625 0.457292
0 0.085547 0.392188 0.099219 0.392188 0.099219 0.421875 0.085547 0.421875
0 0.116797 0.382812 0.133594 0.382812 0.133594 0.400521 0.116797 0.400521
0 0.069141 0.258854 0.084766 0.258854 0.084766 0.289062 0.069141 0.289062
0 0.114453 0.283333 0.132422 0.283333 0.132422 0.301562 0.114453 0.301562
0 0.149219 0.222396 0.159766 0.222396 0.159766 0.24375 0.149219 0.24375
0 0.175 0.230208 0.189453 0.230208 0.189453 0.257812 0.175 0.257812
0 0.160156 0.279688 0.175391 0.279688 0.175391 0.303125 0.160156 0.303125
0 0.196484 0.203125 0.210938 0.203125 0.210938 0.227604 0.196484 0.227604
0 0.206641 0.239583 0.225 0.239583 0.225 0.261979 0.206641 0.261979
0 0.253516 0.247917 0.270312 0.247917 0.270312 0.277083 0.253516 0.277083
0 0.290234 0.228646 0.305469 0.228646 0.305469 0.254688 0.290234 0.254688
0 0.296484 0.185417 0.309375 0.185417 0.309375 0.209375 0.296484 0.209375
0 0.321094 0.192188 0.338281 0.192188 0.338281 0.215104 0.321094 0.215104
0 0.36875 0.015104 0.387891 0.015104 0.387891 0.035417 0.36875 0.035417
0 0.402344 0.003646 0.421484 0.003646 0.421484 0.023958 0.402344 0.023958
0 0.375391 0.048438 0.39375 0.048438 0.39375 0.06875 0.375391 0.06875
0 0.407422 0.066146 0.422266 0.066146 0.422266 0.090104 0.407422 0.090104
0 0.437109 0.0625 0.451172 0.0625 0.451172 0.089062 0.437109 0.089062
0 0.457422 0.044792 0.475781 0.044792 0.475781 0.0625 0.457422 0.0625
0 0.460547 0.084375 0.478125 0.084375 0.478125 0.102604 0.460547 0.102604
0 0.442969 0.110938 0.457812 0.110938 0.457812 0.141146 0.442969 0.141146
0 0.376953 0.1125 0.387109 0.1125 0.387109 0.136458 0.376953 0.136458
0 0.402734 0.107812 0.414453 0.107812 0.414453 0.132292 0.402734 0.132292
0 0.419922 0.154167 0.437891 0.154167 0.437891 0.175521 0.419922 0.175521
0 0.452734 0.171875 0.466406 0.171875 0.466406 0.198958 0.452734 0.198958
0 0.476172 0.136979 0.494531 0.136979 0.494531 0.157292 0.476172 0.157292
0 0.517578 0.145312 0.533984 0.145312 0.533984 0.16875 0.517578 0.16875
0 0.515625 0.109375 0.528125 0.109375 0.528125 0.133333 0.515625 0.133333
0 0.497266 0.001562 0.516016 0.001562 0.516016 0.025521 0.497266 0.025521
0 0.548047 0.026042 0.564844 0.026042 0.564844 0.057812 0.548047 0.057812
0 0.546875 0.081771 0.560547 0.081771 0.560547 0.105208 0.546875 0.105208
0 0.629297 0.000521 0.646094 0.000521 0.646094 0.029688 0.629297 0.029688
0 0.590625 0.030208 0.605859 0.030208 0.605859 0.051042 0.590625 0.051042
0 0.607812 0.076042 0.622656 0.076042 0.622656 0.104688 0.607812 0.104688
0 0.630859 0.060938 0.644922 0.060938 0.644922 0.089583 0.630859 0.089583
0 0.648828 0.080729 0.667578 0.080729 0.667578 0.103646 0.648828 0.103646
0 0.668359 0.041667 0.687109 0.041667 0.687109 0.064583 0.668359 0.064583
0 0.675 0.004167 0.694531 0.004167 0.694531 0.026562 0.675 0.026562
0 0.578516 0.096354 0.595312 0.096354 0.595312 0.113542 0.578516 0.113542
0 0.511719 0.244792 0.528125 0.244792 0.528125 0.272917 0.511719 0.272917
0 0.542578 0.286979 0.560156 0.286979 0.560156 0.307292 0.542578 0.307292
0 0.555469 0.251563 0.573047 0.251563 0.573047 0.278646 0.555469 0.278646
0 0.535547 0.228125 0.555469 0.228125 0.555469 0.247917 0.535547 0.247917
0 0.517578 0.213542 0.534766 0.213542 0.534766 0.232812 0.517578 0.232812
0 0.578516 0.218229 0.592969 0.218229 0.592969 0.242708 0.578516 0.242708
0 0.539062 0.176042 0.55625 0.176042 0.55625 0.196354 0.539062 0.196354
0 0.594531 0.194792 0.613672 0.194792 0.613672 0.213021 0.594531 0.213021
0 0.576953 0.152083 0.598438 0.152083 0.598438 0.172917 0.576953 0.172917
0 0.605078 0.127604 0.624219 0.127604 0.624219 0.152604 0.605078 0.152604
0 0.907031 0.0 0.920312 0.0 0.920312 0.019792 0.907031 0.019792
0 0.834766 0.00625 0.847266 0.00625 0.847266 0.022917 0.834766 0.022917
0 0.817969 0.045833 0.834375 0.045833 0.834375 0.066146 0.817969 0.066146
0 0.868359 0.027604 0.886719 0.027604 0.886719 0.044792 0.868359 0.044792
0 0.951172 0.036458 0.964062 0.036458 0.964062 0.060417 0.951172 0.060417
0 0.976953 0.055208 0.991797 0.055208 0.991797 0.083333 0.976953 0.083333
0 0.917578 0.056771 0.932812 0.056771 0.932812 0.084896 0.917578 0.084896
0 0.895312 0.078646 0.912109 0.078646 0.912109 0.097917 0.895312 0.097917
0 0.938672 0.098438 0.955469 0.098438 0.955469 0.123958 0.938672 0.123958
0 0.987891 0.102083 0.999609 0.102083 0.999609 0.121875 0.987891 0.121875
0 0.876562 0.091146 0.890625 0.091146 0.890625 0.121354 0.876562 0.121354
0 0.833594 0.097917 0.850781 0.097917 0.850781 0.129688 0.833594 0.129688
0 0.800781 0.073438 0.816016 0.073438 0.816016 0.092708 0.800781 0.092708
0 0.79375 0.103646 0.809375 0.103646 0.809375 0.13125 0.79375 0.13125
0 0.766406 0.0875 0.783203 0.0875 0.783203 0.114062 0.766406 0.114062
0 0.768359 0.136458 0.782422 0.136458 0.782422 0.164583 0.768359 0.164583
0 0.819141 0.142708 0.83125 0.142708 0.83125 0.1625 0.819141 0.1625
0 0.787891 0.178646 0.808203 0.178646 0.808203 0.196354 0.787891 0.196354
0 0.877344 0.143229 0.890625 0.143229 0.890625 0.16875 0.877344 0.16875
0 0.916406 0.126042 0.93125 0.126042 0.93125 0.156771 0.916406 0.156771
0 0.728125 0.221875 0.744922 0.221875 0.744922 0.240104 0.728125 0.240104
0 0.751172 0.191146 0.764844 0.191146 0.764844 0.215104 0.751172 0.215104
0 0.689062 0.233333 0.701953 0.233333 0.701953 0.255729 0.689062 0.255729
0 0.684375 0.281771 0.699609 0.281771 0.699609 0.313021 0.684375 0.313021
0 0.712891 0.298438 0.733594 0.298438 0.733594 0.318229 0.712891 0.318229
0 0.724609 0.260417 0.746484 0.260417 0.746484 0.283854 0.724609 0.283854
0 0.763672 0.247396 0.777344 0.247396 0.777344 0.271875 0.763672 0.271875
0 0.801172 0.261458 0.814062 0.261458 0.814062 0.293229 0.801172 0.293229
0 0.803516 0.218229 0.817578 0.218229 0.817578 0.244271 0.803516 0.244271
0 0.854688 0.188021 0.873047 0.188021 0.873047 0.207812 0.854688 0.207812
0 0.851953 0.223958 0.866016 0.223958 0.866016 0.246875 0.851953 0.246875
0 0.830859 0.165625 0.846094 0.165625 0.846094 0.192188 0.830859 0.192188
0 0.964844 0.176562 0.979688 0.176562 0.979688 0.193229 0.964844 0.193229
0 0.990234 0.211979 0.999609 0.211979 0.999609 0.229167 0.990234 0.229167
0 0.927344 0.254167 0.94375 0.254167 0.94375 0.273958 0.927344 0.273958
0 0.959375 0.28125 0.978125 0.28125 0.978125 0.297396 0.959375 0.297396
0 0.973438 0.315104 0.989844 0.315104 0.989844 0.336979 0.973438 0.336979
0 0.940625 0.307292 0.955469 0.307292 0.955469 0.327083 0.940625 0.327083
0 0.925781 0.332812 0.940625 0.332812 0.940625 0.354167 0.925781 0.354167
0 0.962891 0.353125 0.983984 0.353125 0.983984 0.374479 0.962891 0.374479
0 0.655469 0.260938 0.671484 0.260938 0.671484 0.286458 0.655469 0.286458
0 0.622266 0.303125 0.637109 0.303125 0.637109 0.321875 0.622266 0.321875
0 0.663672 0.327083 0.682031 0.327083 0.682031 0.350521 0.663672 0.350521
0 0.60625 0.340625 0.628125 0.340625 0.628125 0.360417 0.60625 0.360417
0 0.642578 0.361458 0.659766 0.361458 0.659766 0.379167 0.642578 0.379167
0 0.660547 0.394271 0.674219 0.394271 0.674219 0.417708 0.660547 0.417708
0 0.698047 0.380208 0.718359 0.380208 0.718359 0.402083 0.698047 0.402083
0 0.715234 0.349479 0.734766 0.349479 0.734766 0.369792 0.715234 0.369792
0 0.633203 0.407292 0.648828 0.407292 0.648828 0.430729 0.633203 0.430729
0 0.670312 0.429167 0.692188 0.429167 0.692188 0.444792 0.670312 0.444792
0 0.714844 0.438542 0.736719 0.438542 0.736719 0.458333 0.714844 0.458333
0 0.701172 0.466146 0.714844 0.466146 0.714844 0.489583 0.701172 0.489583
0 0.722656 0.478125 0.738281 0.478125 0.738281 0.5 0.722656 0.5
0 0.745703 0.469271 0.758984 0.469271 0.758984 0.495833 0.745703 0.495833
0 0.773828 0.475 0.786719 0.475 0.786719 0.503646 0.773828 0.503646
0 0.754297 0.423438 0.771484 0.423438 0.771484 0.442708 0.754297 0.442708
0 0.767969 0.322396 0.785938 0.322396 0.785938 0.352604 0.767969 0.352604
0 0.744141 0.314583 0.760156 0.314583 0.760156 0.34375 0.744141 0.34375
0 0.789844 0.332812 0.805859 0.332812 0.805859 0.361458 0.789844 0.361458
0 0.805469 0.383854 0.820703 0.383854 0.820703 0.408854 0.805469 0.408854
0 0.916797 0.373958 0.930859 0.373958 0.930859 0.393229 0.916797 0.393229
0 0.901953 0.3875 0.915234 0.3875 0.915234 0.414062 0.901953 0.414062
0 0.975781 0.390104 0.990234 0.390104 0.990234 0.415625 0.975781 0.415625
0 0.992188 0.369271 0.999609 0.369271 0.999609 0.396875 0.992188 0.396875
0 0.938281 0.406771 0.953125 0.406771 0.953125 0.426042 0.938281 0.426042
0 0.952734 0.438021 0.973438 0.438021 0.973438 0.457812 0.952734 0.457812
0 0.91875 0.435417 0.933203 0.435417 0.933203 0.466146 0.91875 0.466146
0 0.900391 0.48125 0.919141 0.48125 0.919141 0.501562 0.900391 0.501562
0 0.936328 0.477604 0.951562 0.477604 0.951562 0.495312 0.936328 0.495312
0 0.860547 0.458333 0.872266 0.458333 0.872266 0.484375 0.860547 0.484375
0 0.826562 0.467708 0.842969 0.467708 0.842969 0.4875 0.826562 0.4875
0 0.790625 0.443229 0.809375 0.443229 0.809375 0.464583 0.790625 0.464583
0 0.959375 0.498958 0.980078 0.498958 0.980078 0.520833 0.959375 0.520833
0 0.955078 0.541146 0.973438 0.541146 0.973438 0.567708 0.955078 0.567708
0 0.951172 0.585938 0.966016 0.585938 0.966016 0.615104 0.951172 0.615104
0 0.904688 0.516146 0.921484 0.516146 0.921484 0.539062 0.904688 0.539062
0 0.844141 0.525 0.858984 0.525 0.858984 0.553125 0.844141 0.553125
0 0.853516 0.5625 0.867578 0.5625 0.867578 0.592708 0.853516 0.592708
0 0.827344 0.576562 0.84375 0.576562 0.84375 0.598438 0.827344 0.598438
0 0.809766 0.525521 0.822266 0.525521 0.822266 0.548958 0.809766 0.548958
0 0.921484 0.583333 0.937109 0.583333 0.937109 0.607812 0.921484 0.607812
0 0.719922 0.519271 0.7375 0.519271 0.7375 0.535938 0.719922 0.535938
0 0.745703 0.535417 0.759375 0.535417 0.759375 0.554688 0.745703 0.554688
0 0.769922 0.518229 0.783203 0.518229 0.783203 0.543229 0.769922 0.543229
0 0.779297 0.592188 0.792188 0.592188 0.792188 0.615625 0.779297 0.615625
0 0.796875 0.580729 0.809766 0.580729 0.809766 0.603125 0.796875 0.603125
0 0.755859 0.56875 0.775781 0.56875 0.775781 0.586458 0.755859 0.586458
0 0.858203 0.620312 0.877734 0.620312 0.877734 0.641667 0.858203 0.641667
0 0.883203 0.6625 0.903516 0.6625 0.903516 0.681771 0.883203 0.681771
0 0.908203 0.6375 0.926172 0.6375 0.926172 0.659375 0.908203 0.659375
0 0.840234 0.651562 0.858203 0.651562 0.858203 0.673958 0.840234 0.673958
0 0.982422 0.717708 0.999609 0.717708 0.999609 0.735938 0.982422 0.735938
0 0.976953 0.759896 0.99375 0.759896 0.99375 0.786979 0.976953 0.786979
0 0.894531 0.771875 0.915625 0.771875 0.915625 0.796354 0.894531 0.796354
0 0.922656 0.795312 0.945703 0.795312 0.945703 0.816667 0.922656 0.816667
0 0.978125 0.795312 0.999609 0.795312 0.999609 0.816146 0.978125 0.816146
0 0.939453 0.828646 0.960156 0.828646 0.960156 0.851562 0.939453 0.851562
0 0.966016 0.8625 0.983984 0.8625 0.983984 0.882812 0.966016 0.882812
0 0.987891 0.847396 0.999609 0.847396 0.999609 0.869271 0.987891 0.869271
0 0.820703 0.943229 0.834375 0.943229 0.834375 0.972396 0.820703 0.972396
0 0.785547 0.965625 0.802344 0.965625 0.802344 0.988021 0.785547 0.988021
0 0.868359 0.969792 0.879688 0.969792 0.879688 0.991146 0.868359 0.991146
0 0.98125 0.967188 0.999609 0.967188 0.999609 0.988021 0.98125 0.988021
0 0.310156 0.294792 0.330078 0.294792 0.330078 0.313542 0.310156 0.313542
0 0.309375 0.344271 0.328906 0.344271 0.328906 0.367708 0.309375 0.367708
0 0.272656 0.326562 0.283594 0.326562 0.283594 0.35 0.272656 0.35
0 0.233203 0.348438 0.245312 0.348438 0.245312 0.372917 0.233203 0.372917
0 0.227344 0.39375 0.249609 0.39375 0.249609 0.411979 0.227344 0.411979
0 0.263281 0.36875 0.277734 0.36875 0.277734 0.395312 0.263281 0.395312
0 0.210156 0.340104 0.225 0.340104 0.225 0.365104 0.210156 0.365104
0 0.400391 0.3 0.413281 0.3 0.413281 0.327604 0.400391 0.327604
0 0.422656 0.335938 0.44375 0.335938 0.44375 0.358854 0.422656 0.358854
0 0.434766 0.368229 0.452734 0.368229 0.452734 0.389583 0.434766 0.389583
0 0.384766 0.340104 0.397656 0.340104 0.397656 0.361979 0.384766 0.361979
0 0.395703 0.373438 0.409766 0.373438 0.409766 0.4 0.395703 0.4
0 0.352734 0.359896 0.367188 0.359896 0.367188 0.385938 0.352734 0.385938
0 0.339844 0.316667 0.354688 0.316667 0.354688 0.339062 0.339844 0.339062
0 0.166406 0.33125 0.178125 0.33125 0.178125 0.354688 0.166406 0.354688
0 0.131641 0.427083 0.142188 0.427083 0.142188 0.45 0.131641 0.45
0 0.145703 0.450521 0.157422 0.450521 0.157422 0.474479 0.145703 0.474479
0 0.083594 0.465104 0.101172 0.465104 0.101172 0.498438 0.083594 0.498438
0 0.117969 0.477083 0.132812 0.477083 0.132812 0.503125 0.117969 0.503125
0 0.015625 0.478646 0.032422 0.478646 0.032422 0.504167 0.015625 0.504167
0 0.037109 0.496875 0.055469 0.496875 0.055469 0.522396 0.037109 0.522396
0 0.013672 0.541146 0.024609 0.541146 0.024609 0.565104 0.013672 0.565104
0 0.080859 0.522396 0.095703 0.522396 0.095703 0.54375 0.080859 0.54375
0 0.0 0.616667 0.011328 0.616667 0.011328 0.639062 0.0 0.639062
0 0.026953 0.596354 0.047656 0.596354 0.047656 0.615104 0.026953 0.615104
0 0.071484 0.592708 0.092188 0.592708 0.092188 0.614062 0.071484 0.614062
0 0.111719 0.608854 0.13125 0.608854 0.13125 0.630729 0.111719 0.630729
0 0.048828 0.63125 0.066406 0.63125 0.066406 0.657812 0.048828 0.657812
0 0.021094 0.642188 0.041797 0.642188 0.041797 0.659375 0.021094 0.659375
0 0.067578 0.671354 0.083203 0.671354 0.083203 0.690104 0.067578 0.690104
0 0.297266 0.383333 0.317188 0.383333 0.317188 0.399479 0.297266 0.399479
0 0.248438 0.426042 0.267188 0.426042 0.267188 0.444792 0.248438 0.444792
0 0.326562 0.405208 0.344141 0.405208 0.344141 0.435417 0.326562 0.435417
0 0.356641 0.415625 0.370703 0.415625 0.370703 0.440104 0.356641 0.440104
0 0.284766 0.442188 0.305859 0.442188 0.305859 0.457812 0.284766 0.457812
0 0.326562 0.455208 0.351172 0.455208 0.351172 0.486458 0.326562 0.486458
0 0.229297 0.455729 0.245312 0.455729 0.245312 0.476042 0.229297 0.476042
0 0.244531 0.490104 0.258594 0.490104 0.258594 0.513021 0.244531 0.513021
0 0.251172 0.522396 0.26875 0.522396 0.26875 0.545833 0.251172 0.545833
0 0.210156 0.515625 0.222656 0.515625 0.222656 0.544792 0.210156 0.544792
0 0.279688 0.493229 0.292578 0.493229 0.292578 0.517188 0.279688 0.517188
0 0.305078 0.505729 0.322266 0.505729 0.322266 0.528646 0.305078 0.528646
0 0.322266 0.523958 0.337891 0.523958 0.337891 0.55 0.322266 0.55
0 0.411328 0.422917 0.426562 0.422917 0.426562 0.445312 0.411328 0.445312
0 0.479688 0.472396 0.499219 0.472396 0.499219 0.511979 0.479688 0.511979
0 0.408594 0.500521 0.426562 0.500521 0.426562 0.523438 0.408594 0.523438
0 0.347656 0.498438 0.368359 0.498438 0.368359 0.525521 0.347656 0.525521
0 0.031641 0.677604 0.049609 0.677604 0.049609 0.698438 0.031641 0.698438
0 0.01875 0.739583 0.034766 0.739583 0.034766 0.765625 0.01875 0.765625
0 0.044531 0.745833 0.058984 0.745833 0.058984 0.770312 0.044531 0.770312
0 0.058594 0.780729 0.074219 0.780729 0.074219 0.810417 0.058594 0.810417
0 0.014062 0.808854 0.033203 0.808854 0.033203 0.826042 0.014062 0.826042
0 0.067969 0.826562 0.0875 0.826562 0.0875 0.847396 0.067969 0.847396
0 0.096094 0.848438 0.109766 0.848438 0.109766 0.870833 0.096094 0.870833
0 0.120703 0.785938 0.137109 0.785938 0.137109 0.8125 0.120703 0.8125
0 0.1625 0.780208 0.175781 0.780208 0.175781 0.807292 0.1625 0.807292
0 0.169531 0.816667 0.182422 0.816667 0.182422 0.841667 0.169531 0.841667
0 0.207422 0.783333 0.219531 0.783333 0.219531 0.806771 0.207422 0.806771
0 0.107031 0.922396 0.119922 0.922396 0.119922 0.946875 0.107031 0.946875
0 0.127344 0.901042 0.146094 0.901042 0.146094 0.916667 0.127344 0.916667
0 0.169922 0.894271 0.19375 0.894271 0.19375 0.908854 0.169922 0.908854
0 0.166406 0.930729 0.185547 0.930729 0.185547 0.949479 0.166406 0.949479
0 0.172656 0.982292 0.194531 0.982292 0.194531 0.997917 0.172656 0.997917
0 0.105469 0.965625 0.121094 0.965625 0.121094 0.992188 0.105469 0.992188
0 0.083594 0.955729 0.1 0.955729 0.1 0.979167 0.083594 0.979167
0 0.208594 0.970312 0.223047 0.970312 0.223047 0.995833 0.208594 0.995833
0 0.236328 0.960417 0.249609 0.960417 0.249609 0.98125 0.236328 0.98125
0 0.262891 0.939062 0.275391 0.939062 0.275391 0.958854 0.262891 0.958854
0 0.287109 0.975 0.307031 0.975 0.307031 0.995312 0.287109 0.995312
0 0.250391 0.839062 0.26875 0.839062 0.26875 0.867708 0.250391 0.867708
0 0.288672 0.888021 0.308594 0.888021 0.308594 0.905208 0.288672 0.905208
0 0.321875 0.865104 0.344531 0.865104 0.344531 0.888542 0.321875 0.888542
0 0.307422 0.809375 0.323828 0.809375 0.323828 0.834375 0.307422 0.834375
0 0.352734 0.836979 0.373438 0.836979 0.373438 0.859375 0.352734 0.859375
0 0.238672 0.786458 0.254297 0.786458 0.254297 0.80625 0.238672 0.80625
0 0.265625 0.758854 0.279297 0.758854 0.279297 0.782292 0.265625 0.782292
0 0.288672 0.745312 0.299609 0.745312 0.299609 0.770833 0.288672 0.770833
0 0.337109 0.755208 0.35625 0.755208 0.35625 0.773958 0.337109 0.773958
0 0.257422 0.719792 0.269922 0.719792 0.269922 0.745833 0.257422 0.745833
0 0.234766 0.717188 0.249219 0.717188 0.249219 0.745833 0.234766 0.745833
0 0.144922 0.690104 0.158594 0.690104 0.158594 0.719792 0.144922 0.719792
0 0.178516 0.666146 0.201172 0.666146 0.201172 0.697917 0.178516 0.697917
0 0.229297 0.654167 0.249219 0.654167 0.249219 0.680729 0.229297 0.680729
0 0.267188 0.671875 0.285938 0.671875 0.285938 0.690625 0.267188 0.690625
0 0.222656 0.563542 0.235547 0.563542 0.235547 0.589583 0.222656 0.589583
0 0.24375 0.584375 0.266016 0.584375 0.266016 0.611979 0.24375 0.611979
0 0.290234 0.559896 0.314062 0.559896 0.314062 0.578646 0.290234 0.578646
0 0.331641 0.552604 0.351953 0.552604 0.351953 0.575 0.331641 0.575
0 0.365234 0.549479 0.379688 0.549479 0.379688 0.568229 0.365234 0.568229
0 0.357812 0.584375 0.371094 0.584375 0.371094 0.608854 0.357812 0.608854
0 0.365234 0.619271 0.383984 0.619271 0.383984 0.641667 0.365234 0.641667
0 0.326562 0.630208 0.3375 0.630208 0.3375 0.657812 0.326562 0.657812
0 0.376953 0.680208 0.390625 0.680208 0.390625 0.706771 0.376953 0.706771
0 0.376172 0.733333 0.392188 0.733333 0.392188 0.754688 0.376172 0.754688
0 0.412891 0.678646 0.428906 0.678646 0.428906 0.711458 0.412891 0.711458
0 0.383984 0.578125 0.401953 0.578125 0.401953 0.601042 0.383984 0.601042
0 0.408594 0.580208 0.427344 0.580208 0.427344 0.608333 0.408594 0.608333
0 0.423828 0.528646 0.442578 0.528646 0.442578 0.5625 0.423828 0.5625
0 0.439062 0.969271 0.451562 0.969271 0.451562 0.993229 0.439062 0.993229
0 0.469141 0.947396 0.483203 0.947396 0.483203 0.977604 0.469141 0.977604
0 0.508594 0.939062 0.522266 0.939062 0.522266 0.960938 0.508594 0.960938
0 0.536719 0.877083 0.555469 0.877083 0.555469 0.905208 0.536719 0.905208
0 0.575781 0.847917 0.597266 0.847917 0.597266 0.872396 0.575781 0.872396
0 0.616406 0.845312 0.628906 0.845312 0.628906 0.864583 0.616406 0.864583
0 0.646875 0.898438 0.667578 0.898438 0.667578 0.922917 0.646875 0.922917
0 0.674609 0.879167 0.69375 0.879167 0.69375 0.905208 0.674609 0.905208
0 0.703125 0.841146 0.728906 0.841146 0.728906 0.865625 0.703125 0.865625
0 0.639062 0.821354 0.660547 0.821354 0.660547 0.842708 0.639062 0.842708
0 0.594141 0.776562 0.615234 0.776562 0.615234 0.802083 0.594141 0.802083
0 0.554297 0.773438 0.572656 0.773438 0.572656 0.796875 0.554297 0.796875
0 0.545703 0.724479 0.560547 0.724479 0.560547 0.753125 0.545703 0.753125
0 0.579688 0.736458 0.603906 0.736458 0.603906 0.758333 0.579688 0.758333
0 0.516406 0.727604 0.532812 0.727604 0.532812 0.758333 0.516406 0.758333
0 0.489844 0.758333 0.510547 0.758333 0.510547 0.779167 0.489844 0.779167
0 0.674219 0.949479 0.691797 0.949479 0.691797 0.973958 0.674219 0.973958
0 0.669531 0.914583 0.691016 0.914583 0.691016 0.935938 0.669531 0.935938
0 0.576953 0.511458 0.595703 0.511458 0.595703 0.535938 0.576953 0.535938
0 0.544922 0.51875 0.566016 0.51875 0.566016 0.543229 0.544922 0.543229
0 0.608984 0.575521 0.620312 0.575521 0.620312 0.607812 0.608984 0.607812
0 0.63125 0.614062 0.648047 0.614062 0.648047 0.635938 0.63125 0.635938
0 0.574609 0.6 0.589062 0.6 0.589062 0.625 0.574609 0.625
0 0.545312 0.604688 0.563672 0.604688 0.563672 0.622396 0.545312 0.622396
0 0.553125 0.564062 0.567188 0.564062 0.567188 0.584896 0.553125 0.584896
0 0.640625 0.5625 0.658594 0.5625 0.658594 0.580208 0.640625 0.580208
0 0.506641 0.683854 0.526953 0.683854 0.526953 0.702083 0.506641 0.702083
0 0.540625 0.666667 0.555078 0.666667 0.555078 0.693229 0.540625 0.693229
0 0.555078 0.640625 0.575 0.640625 0.575 0.657292 0.555078 0.657292
0 0.58125 0.666146 0.601562 0.666146 0.601562 0.685417 0.58125 0.685417
0 0.624609 0.682292 0.6375 0.682292 0.6375 0.70625 0.624609 0.70625
0 0.478516 0.698958 0.494531 0.698958 0.494531 0.731771 0.478516 0.731771
0 0.507031 0.625521 0.524609 0.625521 0.524609 0.658854 0.507031 0.658854
0 0.672656 0.784375 0.686328 0.784375 0.686328 0.807812 0.672656 0.807812
0 0.709375 0.782812 0.731641 0.782812 0.731641 0.798958 0.709375 0.798958
0 0.669141 0.720833 0.685938 0.720833 0.685938 0.743229 0.669141 0.743229
0 0.710547 0.729167 0.730078 0.729167 0.730078 0.745833 0.710547 0.745833
0 0.723828 0.759375 0.741016 0.759375 0.741016 0.779167 0.723828 0.779167
0 0.635156 0.745312 0.655859 0.745312 0.655859 0.759896 0.635156 0.759896
0 0.748047 0.718229 0.768359 0.718229 0.768359 0.738542 0.748047 0.738542
0 0.689453 0.676562 0.703125 0.676562 0.703125 0.701042 0.689453 0.701042
0 0.719922 0.688542 0.739844 0.688542 0.739844 0.706771 0.719922 0.706771
0 0.660547 0.665625 0.670703 0.665625 0.670703 0.694792 0.660547 0.694792
0 0.691016 0.643229 0.708984 0.643229 0.708984 0.660938 0.691016 0.660938
0 0.738281 0.65625 0.757422 0.65625 0.757422 0.672396 0.738281 0.672396