0 0.162109 0.285417 0.177344 0.285417 0.177344 0.317188 0.162109 0.317188
0 0.183984 0.294271 0.2125 0.294271 0.2125 0.31875 0.183984 0.31875
0 0.176953 0.324479 0.201172 0.324479 0.201172 0.35 0.176953 0.35
0 0.226562 0.33125 0.243359 0.33125 0.243359 0.364062 0.226562 0.364062
0 0.119531 0.319792 0.140234 0.319792 0.140234 0.342708 0.119531 0.342708
0 0.112109 0.358854 0.133594 0.358854 0.133594 0.377604 0.112109 0.377604
0 0.141016 0.390625 0.160938 0.390625 0.160938 0.419271 0.141016 0.419271
0 0.182422 0.402083 0.206641 0.402083 0.206641 0.425 0.182422 0.425
0 0.165625 0.448958 0.185156 0.448958 0.185156 0.471875 0.165625 0.471875
0 0.119141 0.422917 0.137109 0.422917 0.137109 0.451042 0.119141 0.451042
0 0.070312 0.429688 0.086328 0.429688 0.086328 0.452083 0.070312 0.452083
0 0.085547 0.457812 0.1 0.457812 0.1 0.477604 0.085547 0.477604
0 0.25 0.372917 0.266797 0.372917 0.266797 0.401042 0.25 0.401042
0 0.279297 0.385938 0.295312 0.385938 0.295312 0.419271 0.279297 0.419271
0 0.228125 0.433333 0.244922 0.433333 0.244922 0.4625 0.228125 0.4625
0 0.175781 0.488021 0.197656 0.488021 0.197656 0.509375 0.175781 0.509375
0 0.370312 0.06875 0.387109 0.06875 0.387109 0.103646 0.370312 0.103646
0 0.319531 0.009375 0.3375 0.009375 0.3375 0.040625 0.319531 0.040625
0 0.273047 0.006771 0.289062 0.006771 0.289062 0.039062 0.273047 0.039062
0 0.277344 0.099479 0.291016 0.099479 0.291016 0.126562 0.277344 0.126562
0 0.245312 0.017188 0.260938 0.017188 0.260938 0.046354 0.245312 0.046354
0 0.501953 0.054167 0.521094 0.054167 0.521094 0.070312 0.501953 0.070312
0 0.486328 0.042708 0.500781 0.042708 0.500781 0.064062 0.486328 0.064062
0 0.431641 0.014583 0.454688 0.014583 0.454688 0.032812 0.431641 0.032812
0 0.566797 0.080729 0.588281 0.080729 0.588281 0.115104 0.566797 0.115104
0 0.510938 0.083854 0.528516 0.083854 0.528516 0.113021 0.510938 0.113021
0 0.45625 0.075 0.474219 0.075 0.474219 0.099479 0.45625 0.099479
0 0.4625 0.116146 0.482031 0.116146 0.482031 0.134896 0.4625 0.134896
0 0.400781 0.1125 0.423438 0.1125 0.423438 0.134896 0.400781 0.134896
0 0.43125 0.091667 0.446484 0.091667 0.446484 0.119792 0.43125 0.119792
0 0.612891 0.075521 0.637109 0.075521 0.637109 0.097396 0.612891 0.097396
0 0.625 0.103646 0.646484 0.103646 0.646484 0.122396 0.625 0.122396
0 0.625781 0.158333 0.642578 0.158333 0.642578 0.185417 0.625781 0.185417
0 0.592969 0.155729 0.609766 0.155729 0.609766 0.186979 0.592969 0.186979
0 0.571094 0.164583 0.586328 0.164583 0.586328 0.194271 0.571094 0.194271
0 0.479688 0.152083 0.503906 0.152083 0.503906 0.176562 0.479688 0.176562
0 0.752734 0.018229 0.772266 0.018229 0.772266 0.040104 0.752734 0.040104
0 0.739844 0.048438 0.758984 0.048438 0.758984 0.070833 0.739844 0.070833
0 0.720703 0.033333 0.735938 0.033333 0.735938 0.053646 0.720703 0.053646
0 0.800391 0.051042 0.825781 0.051042 0.825781 0.072917 0.800391 0.072917
0 0.855859 0.054688 0.874219 0.054688 0.874219 0.083333 0.855859 0.083333
0 0.840234 0.095312 0.860547 0.095312 0.860547 0.125 0.840234 0.125
0 0.780469 0.119792 0.804688 0.119792 0.804688 0.144271 0.780469 0.144271
0 0.736719 0.123438 0.756641 0.123438 0.756641 0.150521 0.736719 0.150521
0 0.921094 0.064583 0.936719 0.064583 0.936719 0.090104 0.921094 0.090104
0 0.976172 0.05 0.994141 0.05 0.994141 0.081771 0.976172 0.081771
0 0.945703 0.107292 0.963281 0.107292 0.963281 0.135938 0.945703 0.135938
0 0.982422 0.11875 0.998047 0.11875 0.998047 0.148958 0.982422 0.148958
0 0.901172 0.102604 0.924219 0.102604 0.924219 0.123438 0.901172 0.123438
0 0.902344 0.153646 0.925391 0.153646 0.925391 0.176042 0.902344 0.176042
0 0.935547 0.180208 0.951172 0.180208 0.951172 0.207812 0.935547 0.207812
0 0.905469 0.208854 0.930859 0.208854 0.930859 0.232292 0.905469 0.232292
0 0.803516 0.209896 0.830078 0.209896 0.830078 0.233333 0.803516 0.233333
0 0.816406 0.251563 0.839844 0.251563 0.839844 0.271354 0.816406 0.271354
0 0.849609 0.252083 0.86875 0.252083 0.86875 0.270312 0.849609 0.270312
0 0.795312 0.171875 0.813672 0.171875 0.813672 0.196354 0.795312 0.196354
0 0.788672 0.267188 0.805859 0.267188 0.805859 0.295833 0.788672 0.295833
0 0.885547 0.301562 0.915234 0.301562 0.915234 0.322917 0.885547 0.322917
0 0.883984 0.351042 0.908984 0.351042 0.908984 0.371354 0.883984 0.371354
0 0.923438 0.359375 0.945703 0.359375 0.945703 0.380208 0.923438 0.380208
0 0.963672 0.320833 0.980469 0.320833 0.980469 0.341146 0.963672 0.341146
0 0.980859 0.392188 0.999219 0.392188 0.999219 0.409375 0.980859 0.409375
0 0.816797 0.363542 0.842969 0.363542 0.842969 0.388542 0.816797 0.388542
0 0.816406 0.402083 0.838281 0.402083 0.838281 0.427604 0.816406 0.427604
0 0.765234 0.408854 0.789453 0.408854 0.789453 0.43125 0.765234 0.43125
0 0.737109 0.277604 0.755859 0.277604 0.755859 0.30625 0.737109 0.30625
0 0.744531 0.23125 0.766406 0.23125 0.766406 0.257812 0.744531 0.257812
0 0.921875 0.439583 0.942188 0.439583 0.942188 0.461979 0.921875 0.461979
0 0.942969 0.490104 0.961328 0.490104 0.961328 0.520312 0.942969 0.520312
0 0.908594 0.522917 0.930078 0.522917 0.930078 0.547396 0.908594 0.547396
0 0.891016 0.484896 0.908594 0.484896 0.908594 0.515104 0.891016 0.515104
0 0.847656 0.455208 0.873047 0.455208 0.873047 0.478125 0.847656 0.478125
0 0.844531 0.5 0.866016 0.5 0.866016 0.522917 0.844531 0.522917
0 0.954688 0.565104 0.975781 0.565104 0.975781 0.582292 0.954688 0.582292
0 0.957812 0.528646 0.979297 0.528646 0.979297 0.551042 0.957812 0.551042
0 0.954688 0.605208 0.970703 0.605208 0.970703 0.630208 0.954688 0.630208
0 0.894531 0.556771 0.920312 0.556771 0.920312 0.578646 0.894531 0.578646
0 0.886719 0.617188 0.908203 0.617188 0.908203 0.641146 0.886719 0.641146
0 0.799609 0.486458 0.820703 0.486458 0.820703 0.511458 0.799609 0.511458
0 0.796094 0.540104 0.816406 0.540104 0.816406 0.570312 0.796094 0.570312
0 0.828125 0.534375 0.846484 0.534375 0.846484 0.567188 0.828125 0.567188
0 0.854297 0.5625 0.874609 0.5625 0.874609 0.5875 0.854297 0.5875
0 0.816406 0.607812 0.8375 0.607812 0.8375 0.629688 0.816406 0.629688
0 0.740234 0.517708 0.757812 0.517708 0.757812 0.54375 0.740234 0.54375
0 0.756641 0.465104 0.773438 0.465104 0.773438 0.485938 0.756641 0.485938
0 0.809766 0.644271 0.833203 0.644271 0.833203 0.671875 0.809766 0.671875
0 0.803516 0.68125 0.826953 0.68125 0.826953 0.7 0.803516 0.7
0 0.829297 0.710417 0.850391 0.710417 0.850391 0.740104 0.829297 0.740104
0 0.860547 0.745833 0.881641 0.745833 0.881641 0.767188 0.860547 0.767188
0 0.857031 0.658333 0.874609 0.658333 0.874609 0.684375 0.857031 0.684375
0 0.886719 0.680729 0.909375 0.680729 0.909375 0.701042 0.886719 0.701042
0 0.769141 0.698438 0.7875 0.698438 0.7875 0.728646 0.769141 0.728646
0 0.782031 0.74375 0.803516 0.74375 0.803516 0.770833 0.782031 0.770833
0 0.810547 0.759375 0.828906 0.759375 0.828906 0.786979 0.810547 0.786979
0 0.89375 0.71875 0.910156 0.71875 0.910156 0.746354 0.89375 0.746354
0 0.916406 0.779167 0.932422 0.779167 0.932422 0.808333 0.916406 0.808333
0 0.855859 0.783854 0.875 0.783854 0.875 0.808333 0.855859 0.808333
0 0.907812 0.826562 0.930859 0.826562 0.930859 0.849479 0.907812 0.849479
0 0.946094 0.805208 0.964453 0.805208 0.964453 0.824479 0.946094 0.824479
0 0.832422 0.861458 0.854688 0.861458 0.854688 0.88125 0.832422 0.88125
0 0.785938 0.834896 0.808594 0.834896 0.808594 0.852083 0.785938 0.852083
0 0.968359 0.742188 0.986719 0.742188 0.986719 0.770312 0.968359 0.770312
0 0.926172 0.704688 0.948047 0.704688 0.948047 0.728125 0.926172 0.728125
0 0.762109 0.801562 0.784766 0.801562 0.784766 0.822396 0.762109 0.822396
0 0.744531 0.772917 0.763672 0.772917 0.763672 0.796354 0.744531 0.796354
0 0.685156 0.730208 0.698828 0.730208 0.698828 0.756771 0.685156 0.756771
0 0.741797 0.926042 0.759375 0.926042 0.759375 0.956771 0.741797 0.956771
0 0.861719 0.840104 0.876562 0.840104 0.876562 0.856771 0.861719 0.856771
0 0.655859 0.757292 0.671875 0.757292 0.671875 0.783333 0.655859 0.783333
0 0.651172 0.7 0.674219 0.7 0.674219 0.721875 0.651172 0.721875
0 0.626953 0.748438 0.642578 0.748438 0.642578 0.769792 0.626953 0.769792
0 0.592188 0.720312 0.612891 0.720312 0.612891 0.741146 0.592188 0.741146
0 0.572266 0.754167 0.594531 0.754167 0.594531 0.779167 0.572266 0.779167
0 0.548438 0.692708 0.567969 0.692708 0.567969 0.723958 0.548438 0.723958
0 0.617578 0.684896 0.638281 0.684896 0.638281 0.705729 0.617578 0.705729
0 0.622656 0.401042 0.638672 0.401042 0.638672 0.432292 0.622656 0.432292
0 0.652734 0.388021 0.677734 0.388021 0.677734 0.406771 0.652734 0.406771
0 0.676172 0.419271 0.698828 0.419271 0.698828 0.439062 0.676172 0.439062
0 0.669922 0.459896 0.691406 0.459896 0.691406 0.489583 0.669922 0.489583
0 0.708203 0.483333 0.725781 0.483333 0.725781 0.513021 0.708203 0.513021
0 0.636328 0.496354 0.655859 0.496354 0.655859 0.523438 0.636328 0.523438
0 0.606641 0.458854 0.629688 0.458854 0.629688 0.48125 0.606641 0.48125
0 0.596094 0.502083 0.623438 0.502083 0.623438 0.524479 0.596094 0.524479
0 0.562891 0.445312 0.58125 0.445312 0.58125 0.473958 0.562891 0.473958
0 0.596094 0.408333 0.611328 0.408333 0.611328 0.434896 0.596094 0.434896
0 0.619141 0.545312 0.642578 0.545312 0.642578 0.569271 0.619141 0.569271
0 0.663672 0.553125 0.682422 0.553125 0.682422 0.585938 0.663672 0.585938
0 0.546484 0.53125 0.570703 0.53125 0.570703 0.551562 0.546484 0.551562
0 0.562109 0.560938 0.578906 0.560938 0.578906 0.595312 0.562109 0.595312
0 0.643359 0.606771 0.661719 0.606771 0.661719 0.638021 0.643359 0.638021
0 0.597266 0.591146 0.6125 0.591146 0.6125 0.624479 0.597266 0.624479
0 0.507031 0.530729 0.531641 0.530729 0.531641 0.551562 0.507031 0.551562
0 0.511719 0.602083 0.532812 0.602083 0.532812 0.627083 0.511719 0.627083
0 0.705078 0.678125 0.721875 0.678125 0.721875 0.708854 0.705078 0.708854
0 0.678516 0.673438 0.694922 0.673438 0.694922 0.702083 0.678516 0.702083
0 0.74375 0.677083 0.764062 0.677083 0.764062 0.697917 0.74375 0.697917
0 0.701562 0.924479 0.717578 0.924479 0.717578 0.953125 0.701562 0.953125
0 0.671094 0.928125 0.689844 0.928125 0.689844 0.95625 0.671094 0.95625
0 0.615625 0.864062 0.634766 0.864062 0.634766 0.885938 0.615625 0.885938
0 0.642969 0.966146 0.65625 0.966146 0.65625 0.992708 0.642969 0.992708
0 0.605469 0.941146 0.624609 0.941146 0.624609 0.961458 0.605469 0.961458
0 0.587891 0.904167 0.613672 0.904167 0.613672 0.923438 0.587891 0.923438
0 0.651562 0.8875 0.669922 0.8875 0.669922 0.902604 0.651562 0.902604
0 0.547656 0.879167 0.570312 0.879167 0.570312 0.897917 0.547656 0.897917
0 0.536328 0.972917 0.555859 0.972917 0.555859 0.992188 0.536328 0.992188
0 0.797266 0.954167 0.817578 0.954167 0.817578 0.977604 0.797266 0.977604
0 0.84375 0.972917 0.860547 0.972917 0.860547 0.998958 0.84375 0.998958
0 0.86875 0.965625 0.888672 0.965625 0.888672 0.995312 0.86875 0.995312
0 0.722266 0.553646 0.738672 0.553646 0.738672 0.579167 0.722266 0.579167
0 0.749609 0.633333 0.771875 0.633333 0.771875 0.653646 0.749609 0.653646
0 0.728906 0.646875 0.747656 0.646875 0.747656 0.663542 0.728906 0.663542
0 0.751172 0.6 0.772266 0.6 0.772266 0.61875 0.751172 0.61875
0 0.560547 0.644271 0.579688 0.644271 0.579688 0.675 0.560547 0.675
0 0.533594 0.636458 0.550781 0.636458 0.550781 0.660417 0.533594 0.660417
0 0.505859 0.645312 0.523438 0.645312 0.523438 0.670312 0.505859 0.670312
0 0.512109 0.689062 0.528906 0.689062 0.528906 0.71875 0.512109 0.71875
0 0.389062 0.977083 0.415234 0.977083 0.415234 0.999479 0.389062 0.999479
0 0.3875 0.935417 0.407812 0.935417 0.407812 0.961458 0.3875 0.961458
0 0.391016 0.845833 0.410938 0.845833 0.410938 0.861979 0.391016 0.861979
0 0.366406 0.808333 0.381641 0.808333 0.381641 0.83125 0.366406 0.83125
0 0.256641 0.743229 0.276172 0.743229 0.276172 0.760938 0.256641 0.760938
0 0.291016 0.758333 0.313672 0.758333 0.313672 0.782292 0.291016 0.782292
0 0.262891 0.775521 0.279688 0.775521 0.279688 0.795833 0.262891 0.795833
0 0.341797 0.786458 0.364062 0.786458 0.364062 0.808333 0.341797 0.808333
0 0.333984 0.711458 0.357031 0.711458 0.357031 0.733333 0.333984 0.733333
0 0.344531 0.746354 0.369531 0.746354 0.369531 0.766146 0.344531 0.766146
0 0.325 0.666667 0.348828 0.666667 0.348828 0.688542 0.325 0.688542
0 0.291797 0.614062 0.311328 0.614062 0.311328 0.644271 0.291797 0.644271
0 0.289453 0.689583 0.309375 0.689583 0.309375 0.711458 0.289453 0.711458
0 0.2375 0.682812 0.251953 0.682812 0.251953 0.702604 0.2375 0.702604
0 0.214844 0.707812 0.230469 0.707812 0.230469 0.735938 0.214844 0.735938
0 0.387109 0.632292 0.406641 0.632292 0.406641 0.656771 0.387109 0.656771
0 0.375 0.714583 0.396094 0.714583 0.396094 0.742708 0.375 0.742708
0 0.367969 0.884896 0.397266 0.884896 0.397266 0.909375 0.367969 0.909375
0 0.332422 0.895833 0.353516 0.895833 0.353516 0.915625 0.332422 0.915625
0 0.305859 0.084896 0.332031 0.084896 0.332031 0.111979 0.305859 0.111979
0 0.299219 0.139062 0.321094 0.139062 0.321094 0.161458 0.299219 0.161458
0 0.2875 0.178125 0.302734 0.178125 0.302734 0.209375 0.2875 0.209375
0 0.342969 0.113021 0.366406 0.113021 0.366406 0.134375 0.342969 0.134375
0 0.33125 0.158854 0.351172 0.158854 0.351172 0.184896 0.33125 0.184896
0 0.36875 0.173438 0.385547 0.173438 0.385547 0.198958 0.36875 0.198958
0 0.438672 0.163021 0.4625 0.163021 0.4625 0.183333 0.438672 0.183333
0 0.381641 0.194271 0.403906 0.194271 0.403906 0.222917 0.381641 0.222917
0 0.422266 0.210417 0.439453 0.210417 0.439453 0.240104 0.422266 0.240104
0 0.455469 0.228125 0.472656 0.228125 0.472656 0.252604 0.455469 0.252604
0 0.529297 0.225521 0.545312 0.225521 0.545312 0.251042 0.529297 0.251042
0 0.551172 0.204688 0.569141 0.204688 0.569141 0.239583 0.551172 0.239583
0 0.566016 0.260938 0.583203 0.260938 0.583203 0.294792 0.566016 0.294792
0 0.546094 0.294792 0.561328 0.294792 0.561328 0.320833 0.546094 0.320833
0 0.466016 0.267708 0.483203 0.267708 0.483203 0.300521 0.466016 0.300521
0 0.420312 0.278646 0.437109 0.278646 0.437109 0.305208 0.420312 0.305208
0 0.754297 0.195312 0.781641 0.195312 0.781641 0.220312 0.754297 0.220312
0 0.707422 0.236458 0.725 0.236458 0.725 0.264062 0.707422 0.264062
0 0.703125 0.280208 0.719922 0.280208 0.719922 0.305729 0.703125 0.305729
0 0.614453 0.246354 0.629297 0.246354 0.629297 0.28125 0.614453 0.28125
0 0.593359 0.270833 0.610938 0.270833 0.610938 0.297917 0.593359 0.297917
0 0.592969 0.210938 0.610156 0.210938 0.610156 0.236979 0.592969 0.236979
0 0.527344 0.333854 0.553125 0.333854 0.553125 0.357812 0.527344 0.357812
0 0.498438 0.309896 0.516016 0.309896 0.516016 0.333333 0.498438 0.333333
0 0.459375 0.347917 0.476172 0.347917 0.476172 0.373958 0.459375 0.373958
0 0.715625 0.186979 0.732812 0.186979 0.732812 0.214583 0.715625 0.214583
0 0.394531 0.320833 0.4125 0.320833 0.4125 0.338021 0.394531 0.338021
0 0.437891 0.333854 0.452344 0.333854 0.452344 0.359375 0.437891 0.359375
0 0.387891 0.257812 0.4125 0.257812 0.4125 0.274479 0.387891 0.274479
0 0.308594 0.510938 0.326562 0.510938 0.326562 0.534896 0.308594 0.534896
0 0.325781 0.483854 0.342969 0.483854 0.342969 0.509896 0.325781 0.509896
0 0.351562 0.466146 0.367969 0.466146 0.367969 0.489062 0.351562 0.489062
0 0.371094 0.509896 0.389844 0.509896 0.389844 0.530208 0.371094 0.530208
0 0.276562 0.475521 0.29375 0.475521 0.29375 0.510938 0.276562 0.510938
0 0.340234 0.559375 0.366406 0.559375 0.366406 0.589062 0.340234 0.589062
0 0.309375 0.570312 0.326953 0.570312 0.326953 0.604167 0.309375 0.604167
0 0.267578 0.554688 0.283984 0.554688 0.283984 0.589062 0.267578 0.589062
0 0.223828 0.539583 0.242578 0.539583 0.242578 0.560938 0.223828 0.560938
0 0.219922 0.49375 0.235547 0.49375 0.235547 0.514583 0.219922 0.514583
0 0.312891 0.425 0.335938 0.425 0.335938 0.444271 0.312891 0.444271
0 0.335156 0.38125 0.352734 0.38125 0.352734 0.410938 0.335156 0.410938
0 0.309766 0.391146 0.326562 0.391146 0.326562 0.414062 0.309766 0.414062
0 0.503516 0.498438 0.526172 0.498438 0.526172 0.516146 0.503516 0.516146
0 0.310547 0.188021 0.325 0.188021 0.325 0.208333 0.310547 0.208333
0 0.282422 0.336979 0.299219 0.336979 0.299219 0.361979 0.282422 0.361979
0 0.119531 0.527604 0.139844 0.527604 0.139844 0.548438 0.119531 0.548438
0 0.143359 0.544271 0.160156 0.544271 0.160156 0.571875 0.143359 0.571875
0 0.183984 0.548438 0.203906 0.548438 0.203906 0.573958 0.183984 0.573958
0 0.092969 0.557292 0.114844 0.557292 0.114844 0.584896 0.092969 0.584896
0 0.078516 0.594271 0.096094 0.594271 0.096094 0.627604 0.078516 0.627604
0 0.144531 0.708333 0.155078 0.708333 0.155078 0.727604 0.144531 0.727604
0 0.169141 0.647917 0.185938 0.647917 0.185938 0.672396 0.169141 0.672396
0 0.214062 0.884896 0.24375 0.884896 0.24375 0.908333 0.214062 0.908333
0 0.257422 0.854167 0.282812 0.854167 0.282812 0.872396 0.257422 0.872396
0 0.287109 0.826042 0.307422 0.826042 0.307422 0.845312 0.287109 0.845312
0 0.225781 0.773438 0.242969 0.773438 0.242969 0.793229 0.225781 0.793229
0 0.341797 0.939062 0.362891 0.939062 0.362891 0.958854 0.341797 0.958854
0 0.284766 0.91875 0.308984 0.91875 0.308984 0.941667 0.284766 0.941667
0 0.255469 0.954167 0.279688 0.954167 0.279688 0.978646 0.255469 0.978646
0 0.226953 0.921875 0.253516 0.921875 0.253516 0.94375 0.226953 0.94375
0 0.273828 0.891146 0.292578 0.891146 0.292578 0.909375 0.273828 0.909375
0 0.175 0.895833 0.192578 0.895833 0.192578 0.926562 0.175 0.926562
0 0.136719 0.917708 0.15625 0.917708 0.15625 0.944271 0.136719 0.944271
0 0.160547 0.954167 0.178906 0.954167 0.178906 0.978646 0.160547 0.978646
0 0.214453 0.964062 0.230859 0.964062 0.230859 0.993229 0.214453 0.993229
0 0.191406 0.73125 0.20625 0.73125 0.20625 0.763542 0.191406 0.763542
0 0.153125 0.766146 0.167969 0.766146 0.167969 0.804167 0.153125 0.804167
0 0.101562 0.904167 0.123828 0.904167 0.123828 0.926562 0.101562 0.926562
0 0.125781 0.8625 0.147266 0.8625 0.147266 0.886458 0.125781 0.886458
0 0.1 0.944792 0.120703 0.944792 0.120703 0.970833 0.1 0.970833
0 0.039844 0.975521 0.060156 0.975521 0.060156 0.997396 0.039844 0.997396
0 0.004297 0.934896 0.021875 0.934896 0.021875 0.965104 0.004297 0.965104
0 0.042578 0.796354 0.067578 0.796354 0.067578 0.816667 0.042578 0.816667
0 0.096094 0.732292 0.112109 0.732292 0.112109 0.763542 0.096094 0.763542
0 0.0375 0.591667 0.05625 0.591667 0.05625 0.622917 0.0375 0.622917
0 0.041406 0.649479 0.066406 0.649479 0.066406 0.66875 0.041406 0.66875
0 0.086719 0.513021 0.103516 0.513021 0.103516 0.5375 0.086719 0.5375
0 0.197656 0.601562 0.212109 0.601562 0.212109 0.630208 0.197656 0.630208
0 0.234375 0.576562 0.25 0.576562 0.25 0.6 0.234375 0.6
0 0.089844 0.694792 0.105859 0.694792 0.105859 0.722917 0.089844 0.722917
0 0.105469 0.625 0.119922 0.625 0.119922 0.658854 0.105469 0.658854
0 0.135938 0.621875 0.154297 0.621875 0.154297 0.657292 0.135938 0.657292
0 0.062891 0.935938 0.076953 0.935938 0.076953 0.953646 0.062891 0.953646