0 0.021094 0.0 0.040234 0.0 0.040234 0.031771 0.021094 0.031771
0 0.059766 0.023958 0.08125 0.023958 0.08125 0.052083 0.059766 0.052083
0 0.101562 0.01875 0.125391 0.01875 0.125391 0.046354 0.101562 0.046354
0 0.066797 0.0 0.09375 0.0 0.09375 0.014062 0.066797 0.014062
0 0.001562 0.052604 0.019141 0.052604 0.019141 0.073958 0.001562 0.073958
0 0.030078 0.045833 0.047266 0.045833 0.047266 0.06875 0.030078 0.06875
0 0.012891 0.091146 0.031641 0.091146 0.031641 0.115625 0.012891 0.115625
0 0.034375 0.117188 0.048047 0.117188 0.048047 0.14375 0.034375 0.14375
0 0.060938 0.095833 0.080078 0.095833 0.080078 0.119271 0.060938 0.119271
0 0.094922 0.072917 0.114062 0.072917 0.114062 0.104688 0.094922 0.104688
0 0.130469 0.078646 0.15 0.078646 0.15 0.102083 0.130469 0.102083
0 0.151562 0.053125 0.169531 0.053125 0.169531 0.073958 0.151562 0.073958
0 0.178906 0.044271 0.195703 0.044271 0.195703 0.067188 0.178906 0.067188
0 0.177344 0.008333 0.194531 0.008333 0.194531 0.026042 0.177344 0.026042
0 0.214453 0.0 0.230859 0.0 0.230859 0.016667 0.214453 0.016667
0 0.242578 0.003646 0.2625 0.003646 0.2625 0.027604 0.242578 0.027604
0 0.212891 0.039583 0.232031 0.039583 0.232031 0.055208 0.212891 0.055208
0 0.306641 0.044271 0.321484 0.044271 0.321484 0.070833 0.306641 0.070833
0 0.172656 0.089062 0.192188 0.089062 0.192188 0.108333 0.172656 0.108333
0 0.145312 0.1125 0.164453 0.1125 0.164453 0.132292 0.145312 0.132292
0 0.083984 0.111458 0.10625 0.111458 0.10625 0.132292 0.083984 0.132292
0 0.06875 0.139583 0.089453 0.139583 0.089453 0.1625 0.06875 0.1625
0 0.006641 0.160938 0.025391 0.160938 0.025391 0.188021 0.006641 0.188021
0 0.048047 0.171875 0.068359 0.171875 0.068359 0.19375 0.048047 0.19375
0 0.023047 0.190104 0.044141 0.190104 0.044141 0.209896 0.023047 0.209896
0 0.0 0.209896 0.013672 0.209896 0.013672 0.243229 0.0 0.243229
0 0.028125 0.233333 0.046875 0.233333 0.046875 0.257292 0.028125 0.257292
0 0.0 0.257292 0.019141 0.257292 0.019141 0.276562 0.0 0.276562
0 0.136328 0.145312 0.158594 0.145312 0.158594 0.163542 0.136328 0.163542
0 0.086719 0.206771 0.105859 0.206771 0.105859 0.229688 0.086719 0.229688
0 0.385938 0.0 0.406641 0.0 0.406641 0.031771 0.385938 0.031771
0 0.329688 0.034375 0.342969 0.034375 0.342969 0.058333 0.329688 0.058333
0 0.354688 0.072917 0.375 0.072917 0.375 0.098438 0.354688 0.098438
0 0.376953 0.055729 0.394922 0.055729 0.394922 0.090104 0.376953 0.090104
0 0.417578 0.014062 0.435156 0.014062 0.435156 0.0375 0.417578 0.0375
0 0.45625 0.035938 0.476953 0.035938 0.476953 0.064062 0.45625 0.064062
0 0.480078 0.08125 0.494531 0.08125 0.494531 0.108333 0.480078 0.108333
0 0.515625 0.055729 0.533594 0.055729 0.533594 0.083854 0.515625 0.083854
0 0.553906 0.026562 0.569531 0.026562 0.569531 0.054688 0.553906 0.054688
0 0.430078 0.083854 0.444141 0.083854 0.444141 0.106771 0.430078 0.106771
0 0.410938 0.1 0.425 0.1 0.425 0.118229 0.410938 0.118229
0 0.406641 0.125 0.421875 0.125 0.421875 0.148958 0.406641 0.148958
0 0.451172 0.101042 0.462891 0.101042 0.462891 0.128125 0.451172 0.128125
0 0.488672 0.125 0.501953 0.125 0.501953 0.15 0.488672 0.15
0 0.516797 0.116146 0.534766 0.116146 0.534766 0.143229 0.516797 0.143229
0 0.542578 0.098438 0.561719 0.098438 0.561719 0.130208 0.542578 0.130208
0 0.535156 0.147917 0.551562 0.147917 0.551562 0.179688 0.535156 0.179688
0 0.509766 0.165625 0.525391 0.165625 0.525391 0.191146 0.509766 0.191146
0 0.476953 0.166146 0.493359 0.166146 0.493359 0.192708 0.476953 0.192708
0 0.44375 0.146354 0.458594 0.146354 0.458594 0.179688 0.44375 0.179688
0 0.420703 0.18125 0.436719 0.18125 0.436719 0.2125 0.420703 0.2125
0 0.381641 0.190104 0.405469 0.190104 0.405469 0.214062 0.381641 0.214062
0 0.330859 0.128125 0.348438 0.128125 0.348438 0.154167 0.330859 0.154167
0 0.373047 0.128125 0.385938 0.128125 0.385938 0.15625 0.373047 0.15625
0 0.335938 0.163021 0.353125 0.163021 0.353125 0.185417 0.335938 0.185417
0 0.330469 0.075521 0.347266 0.075521 0.347266 0.1 0.330469 0.1
0 0.25 0.136458 0.264844 0.136458 0.264844 0.16875 0.25 0.16875
0 0.246094 0.182812 0.267969 0.182812 0.267969 0.207812 0.246094 0.207812
0 0.281641 0.181771 0.3 0.181771 0.3 0.207812 0.281641 0.207812
0 0.322266 0.186979 0.341406 0.186979 0.341406 0.20625 0.322266 0.20625
0 0.310156 0.2125 0.333594 0.2125 0.333594 0.235938 0.310156 0.235938
0 0.225 0.179688 0.241797 0.179688 0.241797 0.20625 0.225 0.20625
0 0.264062 0.227604 0.280078 0.227604 0.280078 0.254167 0.264062 0.254167
0 0.286328 0.252083 0.30625 0.252083 0.30625 0.276042 0.286328 0.276042
0 0.3125 0.247396 0.323438 0.247396 0.323438 0.275521 0.3125 0.275521
0 0.343359 0.295312 0.3625 0.295312 0.3625 0.318229 0.343359 0.318229
0 0.191797 0.191146 0.203906 0.191146 0.203906 0.211458 0.191797 0.211458
0 0.187109 0.217708 0.203125 0.217708 0.203125 0.24375 0.187109 0.24375
0 0.2125 0.25 0.228516 0.25 0.228516 0.280729 0.2125 0.280729
0 0.2375 0.282812 0.258594 0.282812 0.258594 0.301042 0.2375 0.301042
0 0.220703 0.326042 0.237109 0.326042 0.237109 0.346354 0.220703 0.346354
0 0.194531 0.328646 0.210938 0.328646 0.210938 0.351042 0.194531 0.351042
0 0.151953 0.264583 0.170312 0.264583 0.170312 0.28125 0.151953 0.28125
0 0.273828 0.300521 0.293359 0.300521 0.293359 0.320312 0.273828 0.320312
0 0.321875 0.304688 0.335156 0.304688 0.335156 0.329688 0.321875 0.329688
0 0.336328 0.335938 0.357031 0.335938 0.357031 0.358333 0.336328 0.358333
0 0.373438 0.322917 0.389453 0.322917 0.389453 0.352083 0.373438 0.352083
0 0.377344 0.279167 0.396875 0.279167 0.396875 0.302083 0.377344 0.302083
0 0.385156 0.242708 0.404688 0.242708 0.404688 0.267708 0.385156 0.267708
0 0.422266 0.225521 0.440234 0.225521 0.440234 0.256771 0.422266 0.256771
0 0.640625 0.001042 0.659375 0.001042 0.659375 0.020833 0.640625 0.020833
0 0.620312 0.0 0.6375 0.0 0.6375 0.017188 0.620312 0.017188
0 0.589453 0.034375 0.610547 0.034375 0.610547 0.058333 0.589453 0.058333
0 0.588672 0.082292 0.607031 0.082292 0.607031 0.110417 0.588672 0.110417
0 0.526953 0.0 0.552344 0.0 0.552344 0.023438 0.526953 0.023438
0 0.566406 0.134896 0.586328 0.134896 0.586328 0.167708 0.566406 0.167708
0 0.603906 0.134896 0.625781 0.134896 0.625781 0.164583 0.603906 0.164583
0 0.584766 0.16875 0.612109 0.16875 0.612109 0.191667 0.584766 0.191667
0 0.58125 0.208333 0.601172 0.208333 0.601172 0.227083 0.58125 0.227083
0 0.535547 0.206771 0.556641 0.206771 0.556641 0.234896 0.535547 0.234896
0 0.557812 0.25625 0.581641 0.25625 0.581641 0.278646 0.557812 0.278646
0 0.507812 0.220833 0.528906 0.220833 0.528906 0.246875 0.507812 0.246875
0 0.478125 0.219271 0.501953 0.219271 0.501953 0.245833 0.478125 0.245833
0 0.504687 0.255208 0.526172 0.255208 0.526172 0.2875 0.504687 0.2875
0 0.468359 0.253646 0.488281 0.253646 0.488281 0.275521 0.468359 0.275521
0 0.71875 0.0 0.741797 0.0 0.741797 0.027083 0.71875 0.027083
0 0.756641 0.006771 0.773828 0.006771 0.773828 0.038542 0.756641 0.038542
0 0.778906 0.045312 0.795703 0.045312 0.795703 0.077083 0.778906 0.077083
0 0.712891 0.041146 0.733984 0.041146 0.733984 0.070833 0.712891 0.070833
0 0.698438 0.073438 0.720703 0.073438 0.720703 0.10625 0.698438 0.10625
0 0.742188 0.082292 0.760547 0.082292 0.760547 0.1125 0.742188 0.1125
0 0.790625 0.077604 0.809375 0.077604 0.809375 0.101562 0.790625 0.101562
0 0.782812 0.115625 0.801172 0.115625 0.801172 0.141667 0.782812 0.141667
0 0.764844 0.148438 0.784375 0.148438 0.784375 0.175521 0.764844 0.175521
0 0.711719 0.121875 0.733984 0.121875 0.733984 0.146875 0.711719 0.146875
0 0.699219 0.150521 0.716797 0.150521 0.716797 0.173438 0.699219 0.173438
0 0.736719 0.164583 0.756641 0.164583 0.756641 0.183333 0.736719 0.183333
0 0.679297 0.160417 0.694141 0.160417 0.694141 0.188021 0.679297 0.188021
0 0.806641 0.0 0.821094 0.0 0.821094 0.020833 0.806641 0.020833
0 0.842969 0.017188 0.857812 0.017188 0.857812 0.041146 0.842969 0.041146
0 0.871875 0.018229 0.883594 0.018229 0.883594 0.046354 0.871875 0.046354
0 0.902734 0.023438 0.917188 0.023438 0.917188 0.051042 0.902734 0.051042
0 0.917969 0.00625 0.93125 0.00625 0.93125 0.030729 0.917969 0.030729
0 0.946094 0.016146 0.960547 0.016146 0.960547 0.038021 0.946094 0.038021
0 0.932422 0.04375 0.948828 0.04375 0.948828 0.069271 0.932422 0.069271
0 0.960547 0.040104 0.974219 0.040104 0.974219 0.067188 0.960547 0.067188
0 0.820703 0.063021 0.837891 0.063021 0.837891 0.0875 0.820703 0.0875
0 0.887891 0.064583 0.903906 0.064583 0.903906 0.089583 0.887891 0.089583
0 0.909375 0.079688 0.926172 0.079688 0.926172 0.101042 0.909375 0.101042
0 0.879688 0.105208 0.9 0.105208 0.9 0.135938 0.879688 0.135938
0 0.914453 0.108333 0.935938 0.108333 0.935938 0.130729 0.914453 0.130729
0 0.835938 0.1125 0.851953 0.1125 0.851953 0.136458 0.835938 0.136458
0 0.855469 0.142708 0.879297 0.142708 0.879297 0.165104 0.855469 0.165104
0 0.945703 0.110417 0.965625 0.110417 0.965625 0.135938 0.945703 0.135938
0 0.975 0.103646 0.996484 0.103646 0.996484 0.128646 0.975 0.128646
0 0.933203 0.134896 0.953906 0.134896 0.953906 0.156771 0.933203 0.156771
0 0.936719 0.172396 0.955469 0.172396 0.955469 0.194792 0.936719 0.194792
0 0.808594 0.147917 0.828906 0.147917 0.828906 0.172396 0.808594 0.172396
0 0.836328 0.178125 0.853125 0.178125 0.853125 0.203125 0.836328 0.203125
0 0.865625 0.192188 0.886719 0.192188 0.886719 0.217188 0.865625 0.217188
0 0.891016 0.176042 0.911328 0.176042 0.911328 0.206771 0.891016 0.206771
0 0.898438 0.233333 0.914453 0.233333 0.914453 0.257292 0.898438 0.257292
0 0.920703 0.218229 0.936719 0.218229 0.936719 0.242708 0.920703 0.242708
0 0.945703 0.226562 0.962891 0.226562 0.962891 0.247917 0.945703 0.247917
0 0.978906 0.25625 0.992969 0.25625 0.992969 0.282812 0.978906 0.282812
0 0.955078 0.259896 0.973047 0.259896 0.973047 0.279688 0.955078 0.279688
0 0.701953 0.190104 0.722656 0.190104 0.722656 0.216667 0.701953 0.216667
0 0.736719 0.192188 0.757422 0.192188 0.757422 0.209896 0.736719 0.209896
0 0.765625 0.188542 0.785547 0.188542 0.785547 0.215625 0.765625 0.215625
0 0.795312 0.199479 0.812109 0.199479 0.812109 0.225521 0.795312 0.225521
0 0.758203 0.233333 0.775781 0.233333 0.775781 0.25625 0.758203 0.25625
0 0.766797 0.258854 0.783984 0.258854 0.783984 0.285938 0.766797 0.285938
0 0.790625 0.274479 0.808203 0.274479 0.808203 0.300521 0.790625 0.300521
0 0.817578 0.286458 0.839453 0.286458 0.839453 0.310938 0.817578 0.310938
0 0.730078 0.270312 0.751953 0.270312 0.751953 0.292188 0.730078 0.292188
0 0.717188 0.233333 0.736719 0.233333 0.736719 0.257292 0.717188 0.257292
0 0.684375 0.207812 0.696094 0.207812 0.696094 0.235417 0.684375 0.235417
0 0.678906 0.252604 0.690625 0.252604 0.690625 0.278646 0.678906 0.278646
0 0.523828 0.317188 0.539453 0.317188 0.539453 0.341667 0.523828 0.341667
0 0.55 0.313542 0.570312 0.313542 0.570312 0.341146 0.55 0.341146
0 0.567188 0.289062 0.584766 0.289062 0.584766 0.317188 0.567188 0.317188
0 0.695312 0.295312 0.716016 0.295312 0.716016 0.317188 0.695312 0.317188
0 0.728125 0.302083 0.748828 0.302083 0.748828 0.321875 0.728125 0.321875
0 0.7875 0.324479 0.808594 0.324479 0.808594 0.348958 0.7875 0.348958
0 0.830859 0.348438 0.849609 0.348438 0.849609 0.369792 0.830859 0.369792
0 0.804297 0.358854 0.826562 0.358854 0.826562 0.379688 0.804297 0.379688
0 0.819922 0.320312 0.835938 0.320312 0.835938 0.339062 0.819922 0.339062
0 0.867969 0.352604 0.887109 0.352604 0.887109 0.379688 0.867969 0.379688
0 0.892969 0.347396 0.911328 0.347396 0.911328 0.371354 0.892969 0.371354
0 0.874219 0.310938 0.890234 0.310938 0.890234 0.333333 0.874219 0.333333
0 0.919531 0.307292 0.936328 0.307292 0.936328 0.335938 0.919531 0.335938
0 0.921484 0.367188 0.946875 0.367188 0.946875 0.386458 0.921484 0.386458
0 0.966016 0.331771 0.979688 0.331771 0.979688 0.356771 0.966016 0.356771
0 0.889844 0.383854 0.905078 0.383854 0.905078 0.40625 0.889844 0.40625
0 0.878125 0.408854 0.891797 0.408854 0.891797 0.430208 0.878125 0.430208
0 0.854688 0.414583 0.871094 0.414583 0.871094 0.439062 0.854688 0.439062
0 0.841016 0.382812 0.858984 0.382812 0.858984 0.410417 0.841016 0.410417
0 0.910938 0.432812 0.926172 0.432812 0.926172 0.455729 0.910938 0.455729
0 0.890234 0.444792 0.903906 0.444792 0.903906 0.469792 0.890234 0.469792
0 0.923828 0.458854 0.94375 0.458854 0.94375 0.480729 0.923828 0.480729
0 0.944922 0.440104 0.961719 0.440104 0.961719 0.46875 0.944922 0.46875
0 0.967188 0.426042 0.988281 0.426042 0.988281 0.448438 0.967188 0.448438
0 0.953516 0.506771 0.970703 0.506771 0.970703 0.530208 0.953516 0.530208
0 0.860547 0.478125 0.878516 0.478125 0.878516 0.505208 0.860547 0.505208
0 0.905859 0.500521 0.921484 0.500521 0.921484 0.527083 0.905859 0.527083
0 0.623828 0.35625 0.644531 0.35625 0.644531 0.380208 0.623828 0.380208
0 0.679297 0.333854 0.701562 0.333854 0.701562 0.355208 0.679297 0.355208
0 0.713281 0.333854 0.734375 0.333854 0.734375 0.35625 0.713281 0.35625
0 0.738281 0.359896 0.758984 0.359896 0.758984 0.384375 0.738281 0.384375
0 0.697656 0.389062 0.721094 0.389062 0.721094 0.413542 0.697656 0.413542
0 0.787891 0.390625 0.807812 0.390625 0.807812 0.420833 0.787891 0.420833
0 0.738281 0.436979 0.751562 0.436979 0.751562 0.463542 0.738281 0.463542
0 0.771875 0.435938 0.788672 0.435938 0.788672 0.465625 0.771875 0.465625
0 0.818359 0.440625 0.837109 0.440625 0.837109 0.464583 0.818359 0.464583
0 0.704297 0.441146 0.726562 0.441146 0.726562 0.465104 0.704297 0.465104
0 0.410547 0.291146 0.430469 0.291146 0.430469 0.310938 0.410547 0.310938
0 0.441016 0.309896 0.457422 0.309896 0.457422 0.332812 0.441016 0.332812
0 0.466406 0.296875 0.480078 0.296875 0.480078 0.327083 0.466406 0.327083
0 0.484375 0.299479 0.503125 0.299479 0.503125 0.325 0.484375 0.325
0 0.500391 0.353125 0.517969 0.353125 0.517969 0.371354 0.500391 0.371354
0 0.482422 0.360417 0.496094 0.360417 0.496094 0.3875 0.482422 0.3875
0 0.426953 0.359896 0.447656 0.359896 0.447656 0.375521 0.426953 0.375521
0 0.414844 0.319271 0.435156 0.319271 0.435156 0.344271 0.414844 0.344271
0 0.389453 0.352604 0.405078 0.352604 0.405078 0.380729 0.389453 0.380729
0 0.418359 0.39375 0.442969 0.39375 0.442969 0.414583 0.418359 0.414583
0 0.455469 0.380729 0.474609 0.380729 0.474609 0.402083 0.455469 0.402083
0 0.340625 0.375521 0.358594 0.375521 0.358594 0.404688 0.340625 0.404688
0 0.371094 0.3875 0.389844 0.3875 0.389844 0.414583 0.371094 0.414583
0 0.453906 0.414583 0.469141 0.414583 0.469141 0.4375 0.453906 0.4375
0 0.352734 0.432812 0.367578 0.432812 0.367578 0.458854 0.352734 0.458854
0 0.338281 0.457292 0.353906 0.457292 0.353906 0.482812 0.338281 0.482812
0 0.310156 0.414583 0.329297 0.414583 0.329297 0.442708 0.310156 0.442708
0 0.292188 0.425521 0.307031 0.425521 0.307031 0.449479 0.292188 0.449479
0 0.270703 0.414583 0.290234 0.414583 0.290234 0.435417 0.270703 0.435417
0 0.257422 0.369792 0.273828 0.369792 0.273828 0.395833 0.257422 0.395833
0 0.284766 0.351562 0.301953 0.351562 0.301953 0.385417 0.284766 0.385417
0 0.029297 0.396354 0.046484 0.396354 0.046484 0.421875 0.029297 0.421875
0 0.075 0.384896 0.094141 0.384896 0.094141 0.415104 0.075 0.415104
0 0.108594 0.403125 0.124609 0.403125 0.124609 0.432292 0.108594 0.432292
0 0.134375 0.396875 0.147656 0.396875 0.147656 0.421875 0.134375 0.421875
0 0.157812 0.402083 0.177734 0.402083 0.177734 0.425 0.157812 0.425
0 0.130469 0.435417 0.147656 0.435417 0.147656 0.458333 0.130469 0.458333
0 0.104688 0.446354 0.124219 0.446354 0.124219 0.474479 0.104688 0.474479
0 0.064453 0.416667 0.080078 0.416667 0.080078 0.44375 0.064453 0.44375
0 0.042969 0.425 0.057812 0.425 0.057812 0.45 0.042969 0.45
0 0.048047 0.4625 0.064844 0.4625 0.064844 0.491146 0.048047 0.491146
0 0.033203 0.496354 0.053516 0.496354 0.053516 0.523438 0.033203 0.523438
0 0.069531 0.503125 0.087109 0.503125 0.087109 0.526562 0.069531 0.526562
0 0.100781 0.502604 0.119531 0.502604 0.119531 0.521354 0.100781 0.521354
0 0.1125 0.529688 0.126562 0.529688 0.126562 0.558333 0.1125 0.558333
0 0.145703 0.522917 0.159766 0.522917 0.159766 0.553646 0.145703 0.553646
0 0.033203 0.546875 0.05 0.546875 0.05 0.572917 0.033203 0.572917
0 0.073828 0.536979 0.097266 0.536979 0.097266 0.560938 0.073828 0.560938
0 0.064453 0.571875 0.081641 0.571875 0.081641 0.596875 0.064453 0.596875
0 0.132812 0.467188 0.152734 0.467188 0.152734 0.4875 0.132812 0.4875
0 0.146875 0.489583 0.165625 0.489583 0.165625 0.515625 0.146875 0.515625
0 0.171094 0.500521 0.190234 0.500521 0.190234 0.533333 0.171094 0.533333
0 0.189453 0.458854 0.205469 0.458854 0.205469 0.479167 0.189453 0.479167
0 0.0 0.542188 0.008594 0.542188 0.008594 0.56875 0.0 0.56875
0 0.003516 0.570833 0.017188 0.570833 0.017188 0.602083 0.003516 0.602083
0 0.026172 0.595833 0.042969 0.595833 0.042969 0.623958 0.026172 0.623958
0 0.049219 0.611979 0.064062 0.611979 0.064062 0.633854 0.049219 0.633854
0 0.079688 0.601042 0.095703 0.601042 0.095703 0.629688 0.079688 0.629688
0 0.105469 0.603646 0.119141 0.603646 0.119141 0.634896 0.105469 0.634896
0 0.135547 0.604167 0.151562 0.604167 0.151562 0.630729 0.135547 0.630729
0 0.14375 0.575 0.159766 0.575 0.159766 0.598958 0.14375 0.598958
0 0.170312 0.566667 0.185547 0.566667 0.185547 0.591667 0.170312 0.591667
0 0.164453 0.60625 0.177734 0.60625 0.177734 0.639583 0.164453 0.639583
0 0.154297 0.654688 0.171875 0.654688 0.171875 0.684375 0.154297 0.684375
0 0.126172 0.633854 0.145312 0.633854 0.145312 0.651562 0.126172 0.651562
0 0.130469 0.666146 0.145703 0.666146 0.145703 0.688021 0.130469 0.688021
0 0.111719 0.657812 0.126953 0.657812 0.126953 0.683854 0.111719 0.683854
0 0.082812 0.646875 0.105469 0.646875 0.105469 0.672396 0.082812 0.672396
0 0.089062 0.691146 0.107812 0.691146 0.107812 0.71875 0.089062 0.71875
0 0.119141 0.708854 0.136719 0.708854 0.136719 0.731771 0.119141 0.731771
0 0.15625 0.702604 0.16875 0.702604 0.16875 0.722396 0.15625 0.722396
0 0.148047 0.7375 0.166406 0.7375 0.166406 0.758854 0.148047 0.758854
0 0.174219 0.742188 0.192188 0.742188 0.192188 0.765104 0.174219 0.765104
0 0.026953 0.652604 0.044922 0.652604 0.044922 0.676042 0.026953 0.676042
0 0.044141 0.692708 0.060938 0.692708 0.060938 0.719792 0.044141 0.719792
0 0.016016 0.701562 0.033203 0.701562 0.033203 0.726042 0.016016 0.726042
0 0.219141 0.46875 0.232422 0.46875 0.232422 0.488542 0.219141 0.488542
0 0.232422 0.516667 0.246875 0.516667 0.246875 0.542188 0.232422 0.542188
0 0.25625 0.516667 0.26875 0.516667 0.26875 0.542188 0.25625 0.542188
0 0.28125 0.534375 0.301172 0.534375 0.301172 0.561979 0.28125 0.561979
0 0.208203 0.518229 0.223047 0.518229 0.223047 0.545833 0.208203 0.545833
0 0.195703 0.559896 0.210547 0.559896 0.210547 0.583333 0.195703 0.583333
0 0.197656 0.595833 0.219531 0.595833 0.219531 0.613542 0.197656 0.613542
0 0.235938 0.588542 0.253516 0.588542 0.253516 0.6125 0.235938 0.6125
0 0.259375 0.563021 0.281641 0.563021 0.281641 0.589062 0.259375 0.589062
0 0.307031 0.575 0.324219 0.575 0.324219 0.593229 0.307031 0.593229
0 0.280078 0.602083 0.303516 0.602083 0.303516 0.627083 0.280078 0.627083
0 0.264453 0.622917 0.280078 0.622917 0.280078 0.65 0.264453 0.65
0 0.306641 0.642188 0.323828 0.642188 0.323828 0.667188 0.306641 0.667188
0 0.199609 0.632812 0.218359 0.632812 0.218359 0.661979 0.199609 0.661979
0 0.656641 0.439583 0.669141 0.439583 0.669141 0.461979 0.656641 0.461979
0 0.639453 0.425 0.650781 0.425 0.650781 0.452083 0.639453 0.452083
0 0.557422 0.421875 0.578516 0.421875 0.578516 0.440625 0.557422 0.440625
0 0.571484 0.460417 0.591016 0.460417 0.591016 0.476042 0.571484 0.476042
0 0.535938 0.446354 0.549609 0.446354 0.549609 0.466146 0.535938 0.466146
0 0.512891 0.455729 0.525 0.455729 0.525 0.476042 0.512891 0.476042
0 0.519141 0.478646 0.540625 0.478646 0.540625 0.496875 0.519141 0.496875
0 0.532812 0.503125 0.553906 0.503125 0.553906 0.527604 0.532812 0.527604
0 0.568359 0.496354 0.589453 0.496354 0.589453 0.526042 0.568359 0.526042
0 0.589844 0.517188 0.611719 0.517188 0.611719 0.544271 0.589844 0.544271
0 0.621484 0.480208 0.644141 0.480208 0.644141 0.505729 0.621484 0.505729
0 0.622266 0.514583 0.640625 0.514583 0.640625 0.542188 0.622266 0.542188
0 0.612891 0.561979 0.635547 0.561979 0.635547 0.586458 0.612891 0.586458
0 0.576562 0.560938 0.595312 0.560938 0.595312 0.584375 0.576562 0.584375
0 0.538672 0.548438 0.560156 0.548438 0.560156 0.56875 0.538672 0.56875
0 0.417188 0.510938 0.437109 0.510938 0.437109 0.541667 0.417188 0.541667
0 0.442188 0.515625 0.458984 0.515625 0.458984 0.543229 0.442188 0.543229
0 0.445703 0.554167 0.458594 0.554167 0.458594 0.583854 0.445703 0.583854
0 0.469141 0.55 0.485938 0.55 0.485938 0.582812 0.469141 0.582812
0 0.491406 0.535417 0.511328 0.535417 0.511328 0.561458 0.491406 0.561458
0 0.509766 0.578646 0.528125 0.578646 0.528125 0.607812 0.509766 0.607812
0 0.553906 0.592188 0.571094 0.592188 0.571094 0.618229 0.553906 0.618229
0 0.574609 0.618229 0.589844 0.618229 0.589844 0.646875 0.574609 0.646875
0 0.550781 0.643229 0.569531 0.643229 0.569531 0.668229 0.550781 0.668229
0 0.507422 0.624479 0.526172 0.624479 0.526172 0.647396 0.507422 0.647396
0 0.466406 0.603646 0.492578 0.603646 0.492578 0.628125 0.466406 0.628125
0 0.413281 0.557292 0.434766 0.557292 0.434766 0.579688 0.413281 0.579688
0 0.433203 0.622917 0.446875 0.622917 0.446875 0.645833 0.433203 0.645833
0 0.4625 0.646875 0.478906 0.646875 0.478906 0.668229 0.4625 0.668229
0 0.45 0.676562 0.465625 0.676562 0.465625 0.700521 0.45 0.700521
0 0.409766 0.648438 0.425391 0.648438 0.425391 0.670833 0.409766 0.670833
0 0.417188 0.684896 0.431641 0.684896 0.431641 0.709896 0.417188 0.709896
0 0.391797 0.685417 0.410938 0.685417 0.410938 0.7125 0.391797 0.7125
0 0.403125 0.728646 0.425391 0.728646 0.425391 0.749479 0.403125 0.749479
0 0.441016 0.719792 0.460156 0.719792 0.460156 0.742708 0.441016 0.742708
0 0.472266 0.710938 0.490234 0.710938 0.490234 0.736458 0.472266 0.736458
0 0.499219 0.679688 0.515234 0.679688 0.515234 0.703646 0.499219 0.703646
0 0.527734 0.663021 0.544531 0.663021 0.544531 0.689062 0.527734 0.689062
0 0.576172 0.665104 0.591797 0.665104 0.591797 0.690104 0.576172 0.690104
0 0.618359 0.676042 0.637109 0.676042 0.637109 0.704688 0.618359 0.704688
0 0.283203 0.659375 0.3 0.659375 0.3 0.688542 0.283203 0.688542
0 0.233984 0.677083 0.252734 0.677083 0.252734 0.698958 0.233984 0.698958
0 0.259375 0.661979 0.272656 0.661979 0.272656 0.691667 0.259375 0.691667
0 0.204297 0.714062 0.219141 0.714062 0.219141 0.740104 0.204297 0.740104
0 0.246094 0.726562 0.262891 0.726562 0.262891 0.745833 0.246094 0.745833
0 0.302734 0.717188 0.316797 0.717188 0.316797 0.739583 0.302734 0.739583
0 0.303516 0.750521 0.317578 0.750521 0.317578 0.777083 0.303516 0.777083
0 0.0 0.736979 0.010547 0.736979 0.010547 0.759896 0.0 0.759896
0 0.001172 0.765625 0.016016 0.765625 0.016016 0.786979 0.001172 0.786979
0 0.0 0.797917 0.014844 0.797917 0.014844 0.817708 0.0 0.817708
0 0.001172 0.892188 0.017188 0.892188 0.017188 0.918229 0.001172 0.918229
0 0.028125 0.860938 0.045312 0.860938 0.045312 0.885938 0.028125 0.885938
0 0.065625 0.864583 0.079297 0.864583 0.079297 0.893229 0.065625 0.893229
0 0.090625 0.861458 0.103906 0.861458 0.103906 0.888021 0.090625 0.888021
0 0.065234 0.827604 0.086328 0.827604 0.086328 0.849479 0.065234 0.849479
0 0.050391 0.758854 0.071094 0.758854 0.071094 0.792188 0.050391 0.792188
0 0.079688 0.778646 0.098828 0.778646 0.098828 0.801042 0.079688 0.801042
0 0.095703 0.738542 0.117578 0.738542 0.117578 0.765625 0.095703 0.765625
0 0.117969 0.76875 0.135156 0.76875 0.135156 0.794271 0.117969 0.794271
0 0.159375 0.816146 0.178516 0.816146 0.178516 0.836979 0.159375 0.836979
0 0.118359 0.833333 0.137891 0.833333 0.137891 0.858333 0.118359 0.858333
0 0.155469 0.851562 0.171484 0.851562 0.171484 0.877083 0.155469 0.877083
0 0.187109 0.838021 0.204688 0.838021 0.204688 0.863542 0.187109 0.863542
0 0.173047 0.777604 0.189453 0.777604 0.189453 0.803646 0.173047 0.803646
0 0.199609 0.772396 0.216797 0.772396 0.216797 0.796354 0.199609 0.796354
0 0.203906 0.808333 0.223828 0.808333 0.223828 0.83125 0.203906 0.83125
0 0.233594 0.819271 0.248047 0.819271 0.248047 0.846354 0.233594 0.846354
0 0.247266 0.786979 0.261719 0.786979 0.261719 0.814062 0.247266 0.814062
0 0.270312 0.800521 0.283984 0.800521 0.283984 0.832812 0.270312 0.832812
0 0.288281 0.79375 0.300391 0.79375 0.300391 0.820833 0.288281 0.820833
0 0.301953 0.810938 0.316797 0.810938 0.316797 0.8375 0.301953 0.8375
0 0.220703 0.879688 0.237109 0.879688 0.237109 0.899479 0.220703 0.899479
0 0.046875 0.90625 0.062891 0.90625 0.062891 0.932812 0.046875 0.932812
0 0.06875 0.936979 0.086719 0.936979 0.086719 0.965625 0.06875 0.965625
0 0.090625 0.896354 0.105859 0.896354 0.105859 0.921875 0.090625 0.921875
0 0.115625 0.888021 0.128516 0.888021 0.128516 0.916667 0.115625 0.916667
0 0.117969 0.931771 0.133203 0.931771 0.133203 0.954688 0.117969 0.954688
0 0.141797 0.882292 0.15625 0.882292 0.15625 0.904688 0.141797 0.904688
0 0.168359 0.922917 0.186719 0.922917 0.186719 0.948958 0.168359 0.948958
0 0.146875 0.957292 0.167188 0.957292 0.167188 0.976042 0.146875 0.976042
0 0.140234 0.980208 0.163281 0.980208 0.163281 0.998958 0.140234 0.998958
0 0.196484 0.903125 0.214453 0.903125 0.214453 0.929167 0.196484 0.929167
0 0.210156 0.927604 0.229297 0.927604 0.229297 0.951562 0.210156 0.951562
0 0.237109 0.946354 0.253906 0.946354 0.253906 0.974479 0.237109 0.974479
0 0.208594 0.970833 0.224219 0.970833 0.224219 0.997917 0.208594 0.997917
0 0.262109 0.904688 0.283984 0.904688 0.283984 0.9375 0.262109 0.9375
0 0.317969 0.972396 0.335938 0.972396 0.335938 0.999479 0.317969 0.999479
0 0.291016 0.978646 0.301953 0.978646 0.301953 0.997917 0.291016 0.997917
0 0.257422 0.984896 0.269922 0.984896 0.269922 0.999479 0.257422 0.999479
0 0.346094 0.970833 0.360156 0.970833 0.360156 0.994792 0.346094 0.994792
0 0.342188 0.917708 0.357422 0.917708 0.357422 0.946354 0.342188 0.946354
0 0.366016 0.910417 0.386328 0.910417 0.386328 0.934896 0.366016 0.934896
0 0.38125 0.870833 0.398047 0.870833 0.398047 0.898438 0.38125 0.898438
0 0.403516 0.915625 0.417969 0.915625 0.417969 0.946875 0.403516 0.946875
0 0.38125 0.980729 0.394922 0.980729 0.394922 0.996875 0.38125 0.996875
0 0.728906 0.496875 0.75 0.496875 0.75 0.513021 0.728906 0.513021
0 0.741016 0.53125 0.767188 0.53125 0.767188 0.552604 0.741016 0.552604
0 0.775391 0.4875 0.792578 0.4875 0.792578 0.513021 0.775391 0.513021
0 0.808984 0.490625 0.830078 0.490625 0.830078 0.509375 0.808984 0.509375
0 0.798047 0.522396 0.819141 0.522396 0.819141 0.542188 0.798047 0.542188
0 0.821875 0.53125 0.839844 0.53125 0.839844 0.547396 0.821875 0.547396
0 0.869141 0.527604 0.880469 0.527604 0.880469 0.546354 0.869141 0.546354
0 0.879688 0.571354 0.901172 0.571354 0.901172 0.588021 0.879688 0.588021
0 0.907422 0.551562 0.928906 0.551562 0.928906 0.575521 0.907422 0.575521
0 0.85 0.560938 0.867188 0.560938 0.867188 0.583333 0.85 0.583333
0 0.703906 0.484896 0.723828 0.484896 0.723828 0.505729 0.703906 0.505729
0 0.811328 0.560417 0.832031 0.560417 0.832031 0.578125 0.811328 0.578125
0 0.832422 0.629167 0.855859 0.629167 0.855859 0.642708 0.832422 0.642708
0 0.860547 0.648958 0.878516 0.648958 0.878516 0.668229 0.860547 0.668229
0 0.759766 0.660417 0.778125 0.660417 0.778125 0.6875 0.759766 0.6875
0 0.75 0.604167 0.770312 0.604167 0.770312 0.626042 0.75 0.626042
0 0.778906 0.611458 0.799219 0.611458 0.799219 0.627083 0.778906 0.627083
0 0.782812 0.639583 0.797656 0.639583 0.797656 0.659375 0.782812 0.659375
0 0.696875 0.645833 0.715625 0.645833 0.715625 0.671875 0.696875 0.671875
0 0.729297 0.664062 0.748438 0.664062 0.748438 0.690625 0.729297 0.690625
0 0.722656 0.611458 0.738281 0.611458 0.738281 0.635417 0.722656 0.635417
0 0.675781 0.641667 0.694922 0.641667 0.694922 0.66875 0.675781 0.66875
0 0.613281 0.624479 0.629688 0.624479 0.629688 0.638021 0.613281 0.638021
0 0.624219 0.595312 0.64375 0.595312 0.64375 0.610417 0.624219 0.610417
0 0.965625 0.577604 0.980078 0.577604 0.980078 0.609896 0.965625 0.609896
0 0.985156 0.617708 0.999609 0.617708 0.999609 0.64375 0.985156 0.64375
0 0.978125 0.655208 0.994922 0.655208 0.994922 0.674479 0.978125 0.674479
0 0.926172 0.639062 0.944531 0.639062 0.944531 0.659375 0.926172 0.659375
0 0.911719 0.6875 0.926953 0.6875 0.926953 0.709375 0.911719 0.709375
0 0.94375 0.696875 0.957031 0.696875 0.957031 0.714583 0.94375 0.714583
0 0.959375 0.720312 0.978906 0.720312 0.978906 0.742188 0.959375 0.742188
0 0.926562 0.735417 0.946484 0.735417 0.946484 0.754167 0.926562 0.754167
0 0.905859 0.755208 0.925391 0.755208 0.925391 0.775 0.905859 0.775
0 0.925781 0.778125 0.938281 0.778125 0.938281 0.792188 0.925781 0.792188
0 0.912109 0.797917 0.933984 0.797917 0.933984 0.818229 0.912109 0.818229
0 0.853906 0.715625 0.872656 0.715625 0.872656 0.744792 0.853906 0.744792
0 0.833203 0.791146 0.858594 0.791146 0.858594 0.809896 0.833203 0.809896
0 0.853516 0.817188 0.872656 0.817188 0.872656 0.842708 0.853516 0.842708
0 0.902734 0.833333 0.921875 0.833333 0.921875 0.857292 0.902734 0.857292
0 0.859766 0.857292 0.882812 0.857292 0.882812 0.875521 0.859766 0.875521
0 0.867188 0.886458 0.887891 0.886458 0.887891 0.906771 0.867188 0.906771
0 0.8375 0.900521 0.860547 0.900521 0.860547 0.917708 0.8375 0.917708
0 0.85625 0.939583 0.878125 0.939583 0.878125 0.959375 0.85625 0.959375
0 0.826172 0.932812 0.848047 0.932812 0.848047 0.954167 0.826172 0.954167
0 0.835938 0.966146 0.857422 0.966146 0.857422 0.986979 0.835938 0.986979
0 0.807812 0.986979 0.826172 0.986979 0.826172 0.998958 0.807812 0.998958
0 0.779688 0.948438 0.805469 0.948438 0.805469 0.969271 0.779688 0.969271
0 0.794141 0.902604 0.816016 0.902604 0.816016 0.929688 0.794141 0.929688
0 0.764062 0.909375 0.785156 0.909375 0.785156 0.935417 0.764062 0.935417
0 0.748438 0.977604 0.772266 0.977604 0.772266 0.999479 0.748438 0.999479
0 0.712891 0.934896 0.740625 0.934896 0.740625 0.963021 0.712891 0.963021
0 0.737891 0.872396 0.757031 0.872396 0.757031 0.908854 0.737891 0.908854
0 0.769922 0.863021 0.790625 0.863021 0.790625 0.891146 0.769922 0.891146
0 0.801953 0.833854 0.823828 0.833854 0.823828 0.855208 0.801953 0.855208
0 0.772266 0.823438 0.794922 0.823438 0.794922 0.851042 0.772266 0.851042
0 0.748828 0.822396 0.766797 0.822396 0.766797 0.844271 0.748828 0.844271
0 0.848047 0.68125 0.863672 0.68125 0.863672 0.703125 0.848047 0.703125
0 0.817188 0.700521 0.838281 0.700521 0.838281 0.726562 0.817188 0.726562
0 0.773828 0.689062 0.789844 0.689062 0.789844 0.7125 0.773828 0.7125
0 0.792188 0.719271 0.808984 0.719271 0.808984 0.742708 0.792188 0.742708
0 0.747656 0.716667 0.767969 0.716667 0.767969 0.741146 0.747656 0.741146
0 0.791016 0.759375 0.808203 0.759375 0.808203 0.782292 0.791016 0.782292
0 0.794922 0.8 0.817188 0.8 0.817188 0.818229 0.794922 0.818229
0 0.758984 0.775 0.777344 0.775 0.777344 0.795312 0.758984 0.795312
0 0.739453 0.785938 0.755078 0.785938 0.755078 0.807812 0.739453 0.807812
0 0.6875 0.680729 0.705078 0.680729 0.705078 0.704688 0.6875 0.704688
0 0.708203 0.713021 0.726562 0.713021 0.726562 0.741146 0.708203 0.741146
0 0.675 0.709896 0.691406 0.709896 0.691406 0.739583 0.675 0.739583
0 0.690625 0.751562 0.708203 0.751562 0.708203 0.769792 0.690625 0.769792
0 0.615625 0.715625 0.635547 0.715625 0.635547 0.736458 0.615625 0.736458
0 0.626953 0.752083 0.646875 0.752083 0.646875 0.772396 0.626953 0.772396
0 0.372266 0.71875 0.384375 0.71875 0.384375 0.741146 0.372266 0.741146
0 0.353516 0.747396 0.366016 0.747396 0.366016 0.763021 0.353516 0.763021
0 0.357422 0.776562 0.378906 0.776562 0.378906 0.793229 0.357422 0.793229
0 0.387109 0.786458 0.398438 0.786458 0.398438 0.807812 0.387109 0.807812
0 0.420312 0.770312 0.435938 0.770312 0.435938 0.799479 0.420312 0.799479
0 0.390234 0.821875 0.408594 0.821875 0.408594 0.842188 0.390234 0.842188
0 0.430859 0.817708 0.443359 0.817708 0.443359 0.840625 0.430859 0.840625
0 0.460938 0.819271 0.478906 0.819271 0.478906 0.846354 0.460938 0.846354
0 0.457812 0.775 0.482031 0.775 0.482031 0.795833 0.457812 0.795833
0 0.490625 0.744271 0.510156 0.744271 0.510156 0.767708 0.490625 0.767708
0 0.516797 0.771875 0.5375 0.771875 0.5375 0.794792 0.516797 0.794792
0 0.504297 0.809896 0.524609 0.809896 0.524609 0.838021 0.504297 0.838021
0 0.423828 0.866667 0.441016 0.866667 0.441016 0.882292 0.423828 0.882292
0 0.457422 0.885417 0.471094 0.885417 0.471094 0.911458 0.457422 0.911458
0 0.480469 0.859896 0.498828 0.859896 0.498828 0.881771 0.480469 0.881771
0 0.485547 0.889062 0.505859 0.889062 0.505859 0.909896 0.485547 0.909896
0 0.488672 0.928646 0.509375 0.928646 0.509375 0.953646 0.488672 0.953646
0 0.433203 0.907812 0.448828 0.907812 0.448828 0.929167 0.433203 0.929167
0 0.446094 0.933854 0.462891 0.933854 0.462891 0.959375 0.446094 0.959375
0 0.421484 0.961458 0.439453 0.961458 0.439453 0.984896 0.421484 0.984896
0 0.600781 0.920312 0.620312 0.920312 0.620312 0.953125 0.600781 0.953125
0 0.595312 0.977604 0.612109 0.977604 0.612109 0.999479 0.595312 0.999479
0 0.556641 0.965104 0.575 0.965104 0.575 0.983854 0.556641 0.983854
0 0.621875 0.977604 0.635938 0.977604 0.635938 0.997917 0.621875 0.997917
0 0.628906 0.901562 0.649609 0.901562 0.649609 0.925521 0.628906 0.925521
0 0.676172 0.917708 0.699609 0.917708 0.699609 0.933854 0.676172 0.933854
0 0.676562 0.954167 0.694141 0.954167 0.694141 0.971354 0.676562 0.971354
0 0.677734 0.879688 0.696484 0.879688 0.696484 0.903125 0.677734 0.903125
0 0.657031 0.861458 0.676562 0.861458 0.676562 0.884896 0.657031 0.884896
0 0.638281 0.843229 0.658203 0.843229 0.658203 0.865625 0.638281 0.865625
0 0.680078 0.819271 0.702344 0.819271 0.702344 0.845833 0.680078 0.845833
0 0.660938 0.789062 0.680859 0.789062 0.680859 0.813021 0.660938 0.813021
0 0.535156 0.803646 0.55 0.803646 0.55 0.825 0.535156 0.825
0 0.594922 0.783333 0.610156 0.783333 0.610156 0.80625 0.594922 0.80625
0 0.550781 0.744271 0.565234 0.744271 0.565234 0.768229 0.550781 0.768229
0 0.561719 0.722396 0.582812 0.722396 0.582812 0.741667 0.561719 0.741667
0 0.585156 0.698438 0.602344 0.698438 0.602344 0.723438 0.585156 0.723438