0 0.052734 0.096354 0.076562 0.096354 0.076562 0.119792 0.052734 0.119792
0 0.089453 0.117708 0.109375 0.117708 0.109375 0.144271 0.089453 0.144271
0 0.088672 0.05625 0.108594 0.05625 0.108594 0.083854 0.088672 0.083854
0 0.127734 0.102604 0.144922 0.102604 0.144922 0.135938 0.127734 0.135938
0 0.116406 0.024479 0.136328 0.024479 0.136328 0.052083 0.116406 0.052083
0 0.151562 0.05625 0.175391 0.05625 0.175391 0.080729 0.151562 0.080729
0 0.191016 0.055208 0.210156 0.055208 0.210156 0.091146 0.191016 0.091146
0 0.167969 0.105208 0.189453 0.105208 0.189453 0.134896 0.167969 0.134896
0 0.211719 0.109375 0.237891 0.109375 0.237891 0.134896 0.211719 0.134896
0 0.236328 0.072917 0.259375 0.072917 0.259375 0.101562 0.236328 0.101562
0 0.228516 0.027604 0.257031 0.027604 0.257031 0.054167 0.228516 0.054167
0 0.283203 0.093229 0.310156 0.093229 0.310156 0.115625 0.283203 0.115625
0 0.334766 0.082812 0.357812 0.082812 0.357812 0.107292 0.334766 0.107292
0 0.323828 0.052083 0.346875 0.052083 0.346875 0.072917 0.323828 0.072917
0 0.35625 0.045833 0.377734 0.045833 0.377734 0.067708 0.35625 0.067708
0 0.373828 0.0125 0.394531 0.0125 0.394531 0.042188 0.373828 0.042188
0 0.400781 0.052083 0.416797 0.052083 0.416797 0.079688 0.400781 0.079688
0 0.369922 0.066667 0.388672 0.066667 0.388672 0.094271 0.369922 0.094271
0 0.360156 0.113542 0.383984 0.113542 0.383984 0.136979 0.360156 0.136979
0 0.332422 0.121875 0.351562 0.121875 0.351562 0.147396 0.332422 0.147396
0 0.292578 0.134896 0.314062 0.134896 0.314062 0.153646 0.292578 0.153646
0 0.280078 0.164062 0.300781 0.164062 0.300781 0.189583 0.280078 0.189583
0 0.257031 0.18125 0.276172 0.18125 0.276172 0.203646 0.257031 0.203646
0 0.005859 0.076562 0.023047 0.076562 0.023047 0.10625 0.005859 0.10625
0 0.047266 0.060938 0.064453 0.060938 0.064453 0.092188 0.047266 0.092188
0 0.020312 0.089583 0.039844 0.089583 0.039844 0.117188 0.020312 0.117188
0 0.250781 0.120312 0.272266 0.120312 0.272266 0.141667 0.250781 0.141667
0 0.110547 0.148438 0.13125 0.148438 0.13125 0.179167 0.110547 0.179167
0 0.033984 0.145312 0.057422 0.145312 0.057422 0.166667 0.033984 0.166667
0 0.016797 0.178125 0.033203 0.178125 0.033203 0.20625 0.016797 0.20625
0 0.048047 0.29375 0.066406 0.29375 0.066406 0.322396 0.048047 0.322396
0 0.010156 0.272917 0.030859 0.272917 0.030859 0.296875 0.010156 0.296875
0 0.002734 0.307812 0.033594 0.307812 0.033594 0.331771 0.002734 0.331771
0 0.005078 0.236458 0.029688 0.236458 0.029688 0.258333 0.005078 0.258333
0 0.042188 0.191667 0.059375 0.191667 0.059375 0.21875 0.042188 0.21875
0 0.069141 0.217708 0.090234 0.217708 0.090234 0.236979 0.069141 0.236979
0 0.089062 0.188021 0.107422 0.188021 0.107422 0.209375 0.089062 0.209375
0 0.147266 0.198438 0.16875 0.198438 0.16875 0.222396 0.147266 0.222396
0 0.105078 0.206771 0.124219 0.206771 0.124219 0.230729 0.105078 0.230729
0 0.15625 0.150521 0.172266 0.150521 0.172266 0.177083 0.15625 0.177083
0 0.200391 0.147917 0.217188 0.147917 0.217188 0.174479 0.200391 0.174479
0 0.192578 0.188021 0.212891 0.188021 0.212891 0.214062 0.192578 0.214062
0 0.224609 0.154167 0.244531 0.154167 0.244531 0.179688 0.224609 0.179688
0 0.083594 0.298438 0.105078 0.298438 0.105078 0.319271 0.083594 0.319271
0 0.277344 0.208333 0.300391 0.208333 0.300391 0.229167 0.277344 0.229167
0 0.316797 0.181771 0.341406 0.181771 0.341406 0.208333 0.316797 0.208333
0 0.305859 0.152083 0.330078 0.152083 0.330078 0.175 0.305859 0.175
0 0.35625 0.159375 0.377344 0.159375 0.377344 0.181771 0.35625 0.181771
0 0.382031 0.25625 0.403516 0.25625 0.403516 0.277604 0.382031 0.277604
0 0.272656 0.289062 0.294141 0.289062 0.294141 0.307292 0.272656 0.307292
0 0.317578 0.299479 0.333984 0.299479 0.333984 0.322396 0.317578 0.322396
0 0.340625 0.276042 0.358203 0.276042 0.358203 0.30625 0.340625 0.30625
0 0.370703 0.302604 0.391797 0.302604 0.391797 0.329688 0.370703 0.329688
0 0.407422 0.269271 0.430078 0.269271 0.430078 0.295833 0.407422 0.295833
0 0.407031 0.310938 0.429297 0.310938 0.429297 0.333333 0.407031 0.333333
0 0.439062 0.307812 0.455859 0.307812 0.455859 0.336458 0.439062 0.336458
0 0.200391 0.001042 0.216797 0.001042 0.216797 0.034375 0.200391 0.034375
0 0.292969 0.042708 0.310547 0.042708 0.310547 0.069792 0.292969 0.069792
0 0.2 0.322396 0.220312 0.322396 0.220312 0.344792 0.2 0.344792
0 0.228516 0.341667 0.253125 0.341667 0.253125 0.363021 0.228516 0.363021
0 0.277344 0.332292 0.301172 0.332292 0.301172 0.353125 0.277344 0.353125
0 0.299609 0.357292 0.321875 0.357292 0.321875 0.391667 0.299609 0.391667
0 0.273828 0.376562 0.295703 0.376562 0.295703 0.399479 0.273828 0.399479
0 0.230078 0.386458 0.255859 0.386458 0.255859 0.407812 0.230078 0.407812
0 0.185547 0.354688 0.209375 0.354688 0.209375 0.382812 0.185547 0.382812
0 0.13125 0.375521 0.153906 0.375521 0.153906 0.401562 0.13125 0.401562
0 0.116016 0.424479 0.143359 0.424479 0.143359 0.447396 0.116016 0.447396
0 0.1625 0.395312 0.187109 0.395312 0.187109 0.41875 0.1625 0.41875
0 0.193359 0.417188 0.214453 0.417188 0.214453 0.439062 0.193359 0.439062
0 0.228906 0.418229 0.250391 0.418229 0.250391 0.440625 0.228906 0.440625
0 0.278516 0.422396 0.304688 0.422396 0.304688 0.450521 0.278516 0.450521
0 0.328125 0.375 0.347266 0.375 0.347266 0.400521 0.328125 0.400521
0 0.171094 0.455729 0.194922 0.455729 0.194922 0.480208 0.171094 0.480208
0 0.240234 0.467188 0.263672 0.467188 0.263672 0.490625 0.240234 0.490625
0 0.283594 0.483333 0.303516 0.483333 0.303516 0.506771 0.283594 0.506771
0 0.3125 0.465104 0.334766 0.465104 0.334766 0.485938 0.3125 0.485938
0 0.132031 0.471875 0.153516 0.471875 0.153516 0.49375 0.132031 0.49375
0 0.124219 0.496875 0.15 0.496875 0.15 0.519792 0.124219 0.519792
0 0.102344 0.45625 0.127734 0.45625 0.127734 0.476042 0.102344 0.476042
0 0.034766 0.485417 0.058594 0.485417 0.058594 0.506771 0.034766 0.506771
0 0.011328 0.501562 0.034375 0.501562 0.034375 0.524479 0.011328 0.524479
0 0.005469 0.540625 0.030078 0.540625 0.030078 0.561979 0.005469 0.561979
0 0.082422 0.520833 0.100781 0.520833 0.100781 0.540625 0.082422 0.540625
0 0.139062 0.5375 0.158984 0.5375 0.158984 0.561458 0.139062 0.561458
0 0.100391 0.565104 0.122266 0.565104 0.122266 0.586979 0.100391 0.586979
0 0.074219 0.567188 0.091406 0.567188 0.091406 0.596354 0.074219 0.596354
0 0.046484 0.569271 0.060938 0.569271 0.060938 0.599479 0.046484 0.599479
0 0.008594 0.579167 0.026562 0.579167 0.026562 0.602083 0.008594 0.602083
0 0.001953 0.620312 0.023438 0.620312 0.023438 0.648438 0.001953 0.648438
0 0.069531 0.635417 0.09375 0.635417 0.09375 0.655729 0.069531 0.655729
0 0.035547 0.654688 0.060547 0.654688 0.060547 0.677083 0.035547 0.677083
0 0.123047 0.600521 0.146094 0.600521 0.146094 0.622396 0.123047 0.622396
0 0.111719 0.640625 0.133594 0.640625 0.133594 0.664583 0.111719 0.664583
0 0.198047 0.503646 0.213281 0.503646 0.213281 0.527083 0.198047 0.527083
0 0.164844 0.516667 0.1875 0.516667 0.1875 0.538021 0.164844 0.538021
0 0.175 0.551042 0.193359 0.551042 0.193359 0.577604 0.175 0.577604
0 0.170703 0.582812 0.196094 0.582812 0.196094 0.610417 0.170703 0.610417
0 0.210156 0.566667 0.232422 0.566667 0.232422 0.590625 0.210156 0.590625
0 0.228906 0.527083 0.248828 0.527083 0.248828 0.551562 0.228906 0.551562
0 0.253516 0.553125 0.271875 0.553125 0.271875 0.580729 0.253516 0.580729
0 0.288281 0.561458 0.307031 0.561458 0.307031 0.589062 0.288281 0.589062
0 0.307812 0.508333 0.328516 0.508333 0.328516 0.53125 0.307812 0.53125
0 0.348047 0.3375 0.367969 0.3375 0.367969 0.359896 0.348047 0.359896
0 0.410156 0.3625 0.432422 0.3625 0.432422 0.3875 0.410156 0.3875
0 0.449609 0.357812 0.469531 0.357812 0.469531 0.379167 0.449609 0.379167
0 0.357812 0.388542 0.382031 0.388542 0.382031 0.40625 0.357812 0.40625
0 0.381641 0.411979 0.407812 0.411979 0.407812 0.435938 0.381641 0.435938
0 0.422266 0.396354 0.445312 0.396354 0.445312 0.419271 0.422266 0.419271
0 0.428906 0.443229 0.453516 0.443229 0.453516 0.466146 0.428906 0.466146
0 0.454297 0.471875 0.474609 0.471875 0.474609 0.492188 0.454297 0.492188
0 0.356641 0.455208 0.380078 0.455208 0.380078 0.482812 0.356641 0.482812
0 0.359375 0.498438 0.383203 0.498438 0.383203 0.520312 0.359375 0.520312
0 0.405469 0.51875 0.425781 0.51875 0.425781 0.541667 0.405469 0.541667
0 0.375 0.534896 0.396875 0.534896 0.396875 0.557292 0.375 0.557292
0 0.407812 0.547396 0.430859 0.547396 0.430859 0.569271 0.407812 0.569271
0 0.435547 0.552083 0.454688 0.552083 0.454688 0.576562 0.435547 0.576562
0 0.372656 0.570312 0.392578 0.570312 0.392578 0.601562 0.372656 0.601562
0 0.335938 0.543229 0.358594 0.543229 0.358594 0.567708 0.335938 0.567708
0 0.330469 0.573438 0.35 0.573438 0.35 0.597917 0.330469 0.597917
0 0.444922 0.016667 0.4625 0.016667 0.4625 0.040104 0.444922 0.040104
0 0.418359 0.088542 0.435547 0.088542 0.435547 0.109896 0.418359 0.109896
0 0.473828 0.028646 0.491406 0.028646 0.491406 0.055729 0.473828 0.055729
0 0.495312 0.00625 0.511328 0.00625 0.511328 0.032292 0.495312 0.032292
0 0.516016 0.0375 0.530859 0.0375 0.530859 0.069792 0.516016 0.069792
0 0.541016 0.022396 0.559766 0.022396 0.559766 0.044271 0.541016 0.044271
0 0.566406 0.025521 0.584375 0.025521 0.584375 0.052604 0.566406 0.052604
0 0.503516 0.18125 0.522266 0.18125 0.522266 0.20625 0.503516 0.20625
0 0.532031 0.158854 0.548828 0.158854 0.548828 0.183854 0.532031 0.183854
0 0.560547 0.136458 0.583984 0.136458 0.583984 0.161458 0.560547 0.161458
0 0.592578 0.157292 0.615234 0.157292 0.615234 0.185938 0.592578 0.185938
0 0.549219 0.181771 0.571484 0.181771 0.571484 0.207292 0.549219 0.207292
0 0.562891 0.211458 0.582422 0.211458 0.582422 0.240104 0.562891 0.240104
0 0.532422 0.218229 0.550781 0.218229 0.550781 0.248438 0.532422 0.248438
0 0.505859 0.235417 0.526172 0.235417 0.526172 0.261979 0.505859 0.261979
0 0.546484 0.266146 0.574609 0.266146 0.574609 0.290104 0.546484 0.290104
0 0.592188 0.219271 0.611328 0.219271 0.611328 0.246354 0.592188 0.246354
0 0.625 0.207812 0.646875 0.207812 0.646875 0.240625 0.625 0.240625
0 0.646094 0.245312 0.665234 0.245312 0.665234 0.275 0.646094 0.275
0 0.610938 0.267708 0.628125 0.267708 0.628125 0.294792 0.610938 0.294792
0 0.587891 0.280729 0.60625 0.280729 0.60625 0.308854 0.587891 0.308854
0 0.564844 0.318229 0.591016 0.318229 0.591016 0.342188 0.564844 0.342188
0 0.629297 0.110938 0.651172 0.110938 0.651172 0.130729 0.629297 0.130729
0 0.642188 0.138542 0.662891 0.138542 0.662891 0.159375 0.642188 0.159375
0 0.691797 0.130208 0.709375 0.130208 0.709375 0.158333 0.691797 0.158333
0 0.731641 0.110417 0.749609 0.110417 0.749609 0.134375 0.731641 0.134375
0 0.768359 0.16875 0.785938 0.16875 0.785938 0.197396 0.768359 0.197396
0 0.742969 0.163542 0.761719 0.163542 0.761719 0.193229 0.742969 0.193229
0 0.708594 0.166146 0.730078 0.166146 0.730078 0.192188 0.708594 0.192188
0 0.663672 0.185417 0.682031 0.185417 0.682031 0.213542 0.663672 0.213542
0 0.678516 0.225 0.7 0.225 0.7 0.249479 0.678516 0.249479
0 0.715625 0.2125 0.734766 0.2125 0.734766 0.239062 0.715625 0.239062
0 0.683594 0.25625 0.704688 0.25625 0.704688 0.277604 0.683594 0.277604
0 0.726172 0.249479 0.746484 0.249479 0.746484 0.272396 0.726172 0.272396
0 0.760547 0.264583 0.78125 0.264583 0.78125 0.290625 0.760547 0.290625
0 0.735547 0.281771 0.754297 0.281771 0.754297 0.3125 0.735547 0.3125
0 0.705469 0.297917 0.728125 0.297917 0.728125 0.324479 0.705469 0.324479
0 0.759766 0.301562 0.779297 0.301562 0.779297 0.324479 0.759766 0.324479
0 0.789453 0.280208 0.809766 0.280208 0.809766 0.307292 0.789453 0.307292
0 0.784766 0.214062 0.802734 0.214062 0.802734 0.238542 0.784766 0.238542
0 0.807031 0.258854 0.824219 0.258854 0.824219 0.28125 0.807031 0.28125
0 0.923828 0.011979 0.946875 0.011979 0.946875 0.030208 0.923828 0.030208
0 0.916016 0.035417 0.937891 0.035417 0.937891 0.054688 0.916016 0.054688
0 0.865625 0.0375 0.889062 0.0375 0.889062 0.056771 0.865625 0.056771
0 0.839062 0.058333 0.860938 0.058333 0.860938 0.08125 0.839062 0.08125
0 0.872656 0.069792 0.894531 0.069792 0.894531 0.091667 0.872656 0.091667
0 0.907422 0.069271 0.930469 0.069271 0.930469 0.092188 0.907422 0.092188
0 0.939062 0.063542 0.959375 0.063542 0.959375 0.083333 0.939062 0.083333
0 0.964453 0.098438 0.986328 0.098438 0.986328 0.122917 0.964453 0.122917
0 0.867578 0.109375 0.888281 0.109375 0.888281 0.134375 0.867578 0.134375
0 0.838672 0.095833 0.860547 0.095833 0.860547 0.126042 0.838672 0.126042
0 0.827734 0.117188 0.848828 0.117188 0.848828 0.147917 0.827734 0.147917
0 0.875 0.155208 0.9 0.155208 0.9 0.182292 0.875 0.182292
0 0.916016 0.125521 0.942969 0.125521 0.942969 0.147917 0.916016 0.147917
0 0.971094 0.161979 0.988281 0.161979 0.988281 0.1875 0.971094 0.1875
0 0.952344 0.178646 0.972656 0.178646 0.972656 0.203125 0.952344 0.203125
0 0.864453 0.203646 0.887109 0.203646 0.887109 0.227604 0.864453 0.227604
0 0.873047 0.239583 0.888672 0.239583 0.888672 0.268229 0.873047 0.268229
0 0.897266 0.266667 0.912891 0.266667 0.912891 0.292708 0.897266 0.292708
0 0.919922 0.276562 0.942578 0.276562 0.942578 0.302083 0.919922 0.302083
0 0.909375 0.205729 0.928516 0.205729 0.928516 0.233333 0.909375 0.233333
0 0.926172 0.185938 0.942578 0.185938 0.942578 0.211458 0.926172 0.211458
0 0.944531 0.229688 0.96875 0.229688 0.96875 0.252083 0.944531 0.252083
0 0.948828 0.261979 0.967969 0.261979 0.967969 0.283854 0.948828 0.283854
0 0.969922 0.301562 0.987891 0.301562 0.987891 0.326042 0.969922 0.326042
0 0.839453 0.348438 0.859375 0.348438 0.859375 0.370312 0.839453 0.370312
0 0.870312 0.386979 0.892578 0.386979 0.892578 0.409896 0.870312 0.409896
0 0.981641 0.213542 0.999609 0.213542 0.999609 0.241667 0.981641 0.241667
0 0.980078 0.052604 0.999609 0.052604 0.999609 0.077604 0.980078 0.077604
0 0.901562 0.414583 0.923047 0.414583 0.923047 0.443229 0.901562 0.443229
0 0.914453 0.472917 0.935156 0.472917 0.935156 0.496354 0.914453 0.496354
0 0.948828 0.496354 0.966797 0.496354 0.966797 0.516667 0.948828 0.516667
0 0.821484 0.373958 0.842578 0.373958 0.842578 0.394271 0.821484 0.394271
0 0.830078 0.397396 0.850781 0.397396 0.850781 0.419271 0.830078 0.419271
0 0.842188 0.429167 0.863281 0.429167 0.863281 0.452083 0.842188 0.452083
0 0.780078 0.31875 0.802344 0.31875 0.802344 0.341667 0.780078 0.341667
0 0.778125 0.350521 0.8 0.350521 0.8 0.372917 0.778125 0.372917
0 0.783984 0.401042 0.803516 0.401042 0.803516 0.421354 0.783984 0.421354
0 0.790625 0.424479 0.814844 0.424479 0.814844 0.451042 0.790625 0.451042
0 0.810156 0.451042 0.832031 0.451042 0.832031 0.477083 0.810156 0.477083
0 0.783984 0.460417 0.801562 0.460417 0.801562 0.486979 0.783984 0.486979
0 0.907422 0.520312 0.931641 0.520312 0.931641 0.544271 0.907422 0.544271
0 0.982031 0.546875 0.999219 0.546875 0.999219 0.575521 0.982031 0.575521
0 0.821875 0.492188 0.843359 0.492188 0.843359 0.518229 0.821875 0.518229
0 0.850391 0.51875 0.866797 0.51875 0.866797 0.544792 0.850391 0.544792
0 0.878516 0.513542 0.897656 0.513542 0.897656 0.535417 0.878516 0.535417
0 0.886328 0.558333 0.908203 0.558333 0.908203 0.588021 0.886328 0.588021
0 0.8625 0.55625 0.879297 0.55625 0.879297 0.588542 0.8625 0.588542
0 0.741797 0.348438 0.758984 0.348438 0.758984 0.373438 0.741797 0.373438
0 0.733594 0.394271 0.757812 0.394271 0.757812 0.417188 0.733594 0.417188
0 0.725 0.336458 0.741797 0.336458 0.741797 0.359375 0.725 0.359375
0 0.699219 0.352604 0.718359 0.352604 0.718359 0.372917 0.699219 0.372917
0 0.713672 0.371875 0.733594 0.371875 0.733594 0.394792 0.713672 0.394792
0 0.732031 0.4375 0.751562 0.4375 0.751562 0.459896 0.732031 0.459896
0 0.704297 0.423958 0.723438 0.423958 0.723438 0.446354 0.704297 0.446354
0 0.752344 0.452083 0.772656 0.452083 0.772656 0.477604 0.752344 0.477604
0 0.663281 0.344271 0.682812 0.344271 0.682812 0.366146 0.663281 0.366146
0 0.666797 0.379167 0.690234 0.379167 0.690234 0.403125 0.666797 0.403125
0 0.625391 0.354167 0.648828 0.354167 0.648828 0.382292 0.625391 0.382292
0 0.626562 0.303125 0.645703 0.303125 0.645703 0.322396 0.626562 0.322396
0 0.741016 0.217708 0.758594 0.217708 0.758594 0.243229 0.741016 0.243229
0 0.505859 0.320312 0.51875 0.320312 0.51875 0.352604 0.505859 0.352604
0 0.529688 0.333333 0.547656 0.333333 0.547656 0.359896 0.529688 0.359896
0 0.538281 0.373438 0.557422 0.373438 0.557422 0.404167 0.538281 0.404167
0 0.570312 0.367708 0.589453 0.367708 0.589453 0.388021 0.570312 0.388021
0 0.577734 0.401562 0.598438 0.401562 0.598438 0.43125 0.577734 0.43125
0 0.609766 0.403125 0.628125 0.403125 0.628125 0.436458 0.609766 0.436458
0 0.537891 0.415104 0.553906 0.415104 0.553906 0.442188 0.537891 0.442188
0 0.560547 0.442708 0.583203 0.442708 0.583203 0.465625 0.560547 0.465625
0 0.564844 0.46875 0.588281 0.46875 0.588281 0.492188 0.564844 0.492188
0 0.60625 0.466667 0.624219 0.466667 0.624219 0.501562 0.60625 0.501562
0 0.629688 0.481771 0.646094 0.481771 0.646094 0.510417 0.629688 0.510417
0 0.650781 0.511458 0.663672 0.511458 0.663672 0.538021 0.650781 0.538021
0 0.666406 0.477083 0.683594 0.477083 0.683594 0.506771 0.666406 0.506771
0 0.695703 0.49375 0.716797 0.49375 0.716797 0.520312 0.695703 0.520312
0 0.729688 0.498438 0.75 0.498438 0.75 0.521354 0.729688 0.521354
0 0.765625 0.523438 0.785547 0.523438 0.785547 0.546875 0.765625 0.546875
0 0.712109 0.566146 0.732422 0.566146 0.732422 0.585417 0.712109 0.585417
0 0.742188 0.578646 0.764844 0.578646 0.764844 0.599479 0.742188 0.599479
0 0.654297 0.423438 0.674609 0.423438 0.674609 0.446354 0.654297 0.446354
0 0.678906 0.445312 0.698828 0.445312 0.698828 0.468229 0.678906 0.468229
0 0.707812 0.455208 0.727734 0.455208 0.727734 0.479688 0.707812 0.479688
0 0.584766 0.522917 0.605469 0.522917 0.605469 0.544271 0.584766 0.544271
0 0.574609 0.558854 0.598047 0.558854 0.598047 0.579167 0.574609 0.579167
0 0.794141 0.498438 0.810547 0.498438 0.810547 0.526042 0.794141 0.526042
0 0.096484 0.677604 0.115625 0.677604 0.115625 0.703125 0.096484 0.703125
0 0.071875 0.69375 0.087109 0.69375 0.087109 0.716146 0.071875 0.716146
0 0.03125 0.707812 0.057031 0.707812 0.057031 0.733333 0.03125 0.733333
0 0.1 0.720833 0.119531 0.720833 0.119531 0.743229 0.1 0.743229
0 0.003516 0.678125 0.022656 0.678125 0.022656 0.705729 0.003516 0.705729
0 0.015234 0.763021 0.033984 0.763021 0.033984 0.786458 0.015234 0.786458
0 0.024609 0.8 0.042969 0.8 0.042969 0.834896 0.024609 0.834896
0 0.128906 0.734375 0.147266 0.734375 0.147266 0.753646 0.128906 0.753646
0 0.164844 0.733333 0.183203 0.733333 0.183203 0.757292 0.164844 0.757292
0 0.206641 0.732812 0.225391 0.732812 0.225391 0.752604 0.206641 0.752604
0 0.168359 0.679688 0.188281 0.679688 0.188281 0.702083 0.168359 0.702083
0 0.133984 0.664583 0.153906 0.664583 0.153906 0.689062 0.133984 0.689062
0 0.152344 0.776042 0.172656 0.776042 0.172656 0.796354 0.152344 0.796354
0 0.113281 0.753125 0.130469 0.753125 0.130469 0.776562 0.113281 0.776562
0 0.079688 0.76875 0.098828 0.76875 0.098828 0.794271 0.079688 0.794271
0 0.107812 0.822917 0.13125 0.822917 0.13125 0.844792 0.107812 0.844792
0 0.140625 0.826042 0.160547 0.826042 0.160547 0.848958 0.140625 0.848958
0 0.158203 0.844792 0.176562 0.844792 0.176562 0.868229 0.158203 0.868229
0 0.072656 0.846875 0.089062 0.846875 0.089062 0.874479 0.072656 0.874479
0 0.043359 0.858333 0.061719 0.858333 0.061719 0.886979 0.043359 0.886979
0 0.191797 0.758333 0.210938 0.758333 0.210938 0.779688 0.191797 0.779688
0 0.221484 0.782812 0.238672 0.782812 0.238672 0.800521 0.221484 0.800521
0 0.247266 0.760417 0.262109 0.760417 0.262109 0.788021 0.247266 0.788021
0 0.159375 0.634896 0.180078 0.634896 0.180078 0.657812 0.159375 0.657812
0 0.191406 0.639062 0.2125 0.639062 0.2125 0.661979 0.191406 0.661979
0 0.241406 0.621354 0.258984 0.621354 0.258984 0.648958 0.241406 0.648958
0 0.289844 0.635417 0.307812 0.635417 0.307812 0.665625 0.289844 0.665625
0 0.315625 0.619271 0.342578 0.619271 0.342578 0.641667 0.315625 0.641667
0 0.3125 0.656771 0.332422 0.656771 0.332422 0.680208 0.3125 0.680208
0 0.265625 0.684375 0.292578 0.684375 0.292578 0.7125 0.265625 0.7125
0 0.301953 0.704167 0.326562 0.704167 0.326562 0.728125 0.301953 0.728125
0 0.345312 0.694792 0.361719 0.694792 0.361719 0.717188 0.345312 0.717188
0 0.356641 0.608854 0.378516 0.608854 0.378516 0.628125 0.356641 0.628125
0 0.383984 0.629167 0.404297 0.629167 0.404297 0.650521 0.383984 0.650521
0 0.001953 0.798958 0.017969 0.798958 0.017969 0.828125 0.001953 0.828125
0 0.025 0.848958 0.039062 0.848958 0.039062 0.881771 0.025 0.881771
0 0.042188 0.904688 0.060938 0.904688 0.060938 0.925521 0.042188 0.925521
0 0.06875 0.930208 0.085938 0.930208 0.085938 0.960417 0.06875 0.960417
0 0.085156 0.95 0.101953 0.95 0.101953 0.978125 0.085156 0.978125
0 0.149609 0.895833 0.167969 0.895833 0.167969 0.922396 0.149609 0.922396
0 0.162891 0.939583 0.178906 0.939583 0.178906 0.965625 0.162891 0.965625
0 0.179688 0.867188 0.195312 0.867188 0.195312 0.895312 0.179688 0.895312
0 0.2 0.907292 0.216016 0.907292 0.216016 0.929167 0.2 0.929167
0 0.200391 0.935417 0.224609 0.935417 0.224609 0.957812 0.200391 0.957812
0 0.244922 0.922917 0.258984 0.922917 0.258984 0.948438 0.244922 0.948438
0 0.246094 0.873438 0.262109 0.873438 0.262109 0.898958 0.246094 0.898958
0 0.270703 0.883333 0.291797 0.883333 0.291797 0.911979 0.270703 0.911979
0 0.3 0.878646 0.315625 0.878646 0.315625 0.907292 0.3 0.907292
0 0.137109 0.866667 0.155078 0.866667 0.155078 0.885938 0.137109 0.885938
0 0.271875 0.739062 0.290625 0.739062 0.290625 0.763542 0.271875 0.763542
0 0.378906 0.779688 0.400781 0.779688 0.400781 0.797917 0.378906 0.797917
0 0.388281 0.807812 0.408203 0.807812 0.408203 0.83125 0.388281 0.83125
0 0.418359 0.807812 0.437109 0.807812 0.437109 0.832812 0.418359 0.832812
0 0.402344 0.854688 0.423438 0.854688 0.423438 0.876562 0.402344 0.876562
0 0.369922 0.878646 0.3875 0.878646 0.3875 0.906771 0.369922 0.906771
0 0.347656 0.907292 0.363672 0.907292 0.363672 0.933333 0.347656 0.933333
0 0.407422 0.896875 0.430859 0.896875 0.430859 0.917708 0.407422 0.917708
0 0.471484 0.635417 0.494141 0.635417 0.494141 0.660417 0.471484 0.660417
0 0.469141 0.678125 0.495312 0.678125 0.495312 0.705729 0.469141 0.705729
0 0.516016 0.666146 0.537891 0.666146 0.537891 0.690104 0.516016 0.690104
0 0.501172 0.701042 0.520312 0.701042 0.520312 0.730729 0.501172 0.730729
0 0.532422 0.713021 0.553906 0.713021 0.553906 0.736458 0.532422 0.736458
0 0.444531 0.716146 0.464062 0.716146 0.464062 0.741146 0.444531 0.741146
0 0.480078 0.728125 0.499609 0.728125 0.499609 0.75 0.480078 0.75
0 0.435938 0.683333 0.45625 0.683333 0.45625 0.701562 0.435938 0.701562
0 0.597266 0.614583 0.617188 0.614583 0.617188 0.64375 0.597266 0.64375
0 0.626953 0.616667 0.64375 0.616667 0.64375 0.645833 0.626953 0.645833
0 0.654688 0.603125 0.671484 0.603125 0.671484 0.634896 0.654688 0.634896
0 0.648438 0.666146 0.668359 0.666146 0.668359 0.691146 0.648438 0.691146
0 0.414453 0.745833 0.438672 0.745833 0.438672 0.765104 0.414453 0.765104
0 0.447266 0.783854 0.468359 0.783854 0.468359 0.808333 0.447266 0.808333
0 0.476562 0.766146 0.497656 0.766146 0.497656 0.791667 0.476562 0.791667
0 0.517188 0.780729 0.539062 0.780729 0.539062 0.803125 0.517188 0.803125
0 0.546094 0.757812 0.564453 0.757812 0.564453 0.784896 0.546094 0.784896
0 0.56875 0.766146 0.588281 0.766146 0.588281 0.8 0.56875 0.8
0 0.597266 0.759896 0.613672 0.759896 0.613672 0.789583 0.597266 0.789583
0 0.310156 0.917188 0.329297 0.917188 0.329297 0.939062 0.310156 0.939062
0 0.364062 0.934896 0.382422 0.934896 0.382422 0.968229 0.364062 0.968229
0 0.466016 0.844792 0.490625 0.844792 0.490625 0.867708 0.466016 0.867708
0 0.451172 0.9 0.475781 0.9 0.475781 0.923958 0.451172 0.923958
0 0.624609 0.804688 0.646484 0.804688 0.646484 0.835938 0.624609 0.835938
0 0.655469 0.819271 0.672266 0.819271 0.672266 0.849479 0.655469 0.849479
0 0.582031 0.823438 0.6 0.823438 0.6 0.854167 0.582031 0.854167
0 0.557422 0.8125 0.577344 0.8125 0.577344 0.835417 0.557422 0.835417
0 0.51875 0.826042 0.539844 0.826042 0.539844 0.85 0.51875 0.85
0 0.489062 0.814583 0.505078 0.814583 0.505078 0.839062 0.489062 0.839062
0 0.502344 0.870312 0.521875 0.870312 0.521875 0.893229 0.502344 0.893229
0 0.553516 0.853125 0.574609 0.853125 0.574609 0.871354 0.553516 0.871354
0 0.698047 0.860938 0.71875 0.860938 0.71875 0.884896 0.698047 0.884896
0 0.71875 0.613021 0.741016 0.613021 0.741016 0.634896 0.71875 0.634896
0 0.730078 0.648958 0.75625 0.648958 0.75625 0.665104 0.730078 0.665104
0 0.743359 0.692188 0.764844 0.692188 0.764844 0.717708 0.743359 0.717708
0 0.726953 0.709375 0.74375 0.709375 0.74375 0.735417 0.726953 0.735417
0 0.772266 0.703646 0.7875 0.703646 0.7875 0.73125 0.772266 0.73125
0 0.760547 0.613542 0.777344 0.613542 0.777344 0.6375 0.760547 0.6375
0 0.794922 0.624479 0.814453 0.624479 0.814453 0.646875 0.794922 0.646875
0 0.790625 0.584896 0.811328 0.584896 0.811328 0.609375 0.790625 0.609375
0 0.835938 0.628125 0.854688 0.628125 0.854688 0.653125 0.835938 0.653125
0 0.826172 0.676042 0.853125 0.676042 0.853125 0.700521 0.826172 0.700521
0 0.808203 0.713542 0.828125 0.713542 0.828125 0.743229 0.808203 0.743229
0 0.781641 0.7625 0.8 0.7625 0.8 0.795833 0.781641 0.795833
0 0.745703 0.780208 0.764453 0.780208 0.764453 0.809896 0.745703 0.809896
0 0.875391 0.603646 0.898438 0.603646 0.898438 0.628646 0.875391 0.628646
0 0.878516 0.638542 0.899609 0.638542 0.899609 0.6625 0.878516 0.6625
0 0.869922 0.6875 0.887109 0.6875 0.887109 0.709375 0.869922 0.709375
0 0.893359 0.685938 0.910156 0.685938 0.910156 0.705729 0.893359 0.705729
0 0.927734 0.647917 0.946484 0.647917 0.946484 0.672396 0.927734 0.672396
0 0.957031 0.626562 0.979297 0.626562 0.979297 0.64375 0.957031 0.64375
0 0.950391 0.580729 0.96875 0.580729 0.96875 0.604167 0.950391 0.604167
0 0.923828 0.5625 0.939453 0.5625 0.939453 0.588542 0.923828 0.588542
0 0.946484 0.707292 0.969141 0.707292 0.969141 0.726042 0.946484 0.726042
0 0.844141 0.742188 0.867969 0.742188 0.867969 0.765625 0.844141 0.765625
0 0.882031 0.760417 0.903125 0.760417 0.903125 0.793229 0.882031 0.793229
0 0.810938 0.803125 0.828906 0.803125 0.828906 0.832812 0.810938 0.832812
0 0.851562 0.79375 0.864844 0.79375 0.864844 0.816146 0.851562 0.816146
0 0.870703 0.802604 0.887891 0.802604 0.887891 0.829688 0.870703 0.829688
0 0.910938 0.795312 0.930469 0.795312 0.930469 0.813542 0.910938 0.813542
0 0.944922 0.764062 0.967188 0.764062 0.967188 0.783854 0.944922 0.783854
0 0.946875 0.813021 0.969141 0.813021 0.969141 0.832292 0.946875 0.832292
0 0.907812 0.829688 0.920703 0.829688 0.920703 0.858854 0.907812 0.858854
0 0.946484 0.841667 0.964062 0.841667 0.964062 0.857812 0.946484 0.857812
0 0.927734 0.867708 0.946484 0.867708 0.946484 0.886458 0.927734 0.886458
0 0.874609 0.855208 0.891406 0.855208 0.891406 0.88125 0.874609 0.88125
0 0.852734 0.878125 0.871484 0.878125 0.871484 0.905208 0.852734 0.905208
0 0.799219 0.856771 0.815234 0.856771 0.815234 0.886458 0.799219 0.886458
0 0.816406 0.896354 0.832422 0.896354 0.832422 0.923958 0.816406 0.923958
0 0.766406 0.854688 0.783984 0.854688 0.783984 0.880729 0.766406 0.880729
0 0.971875 0.748958 0.990625 0.748958 0.990625 0.768229 0.971875 0.768229
0 0.775 0.914062 0.795312 0.914062 0.795312 0.935417 0.775 0.935417
0 0.725781 0.923958 0.744141 0.923958 0.744141 0.950521 0.725781 0.950521
0 0.701172 0.893229 0.723047 0.893229 0.723047 0.918229 0.701172 0.918229
0 0.664062 0.918229 0.683203 0.918229 0.683203 0.949479 0.664062 0.949479
0 0.696875 0.953125 0.717969 0.953125 0.717969 0.970833 0.696875 0.970833
0 0.705469 0.980729 0.725781 0.980729 0.725781 0.999479 0.705469 0.999479
0 0.626953 0.892708 0.653516 0.892708 0.653516 0.917188 0.626953 0.917188
0 0.633203 0.954688 0.65 0.954688 0.65 0.979167 0.633203 0.979167
0 0.591016 0.938542 0.612109 0.938542 0.612109 0.964062 0.591016 0.964062
0 0.5875 0.888021 0.605859 0.888021 0.605859 0.914583 0.5875 0.914583
0 0.565625 0.884896 0.585156 0.884896 0.585156 0.911979 0.565625 0.911979
0 0.570703 0.920312 0.589844 0.920312 0.589844 0.942708 0.570703 0.942708
0 0.535938 0.908333 0.557031 0.908333 0.557031 0.931771 0.535938 0.931771
0 0.561719 0.946354 0.583984 0.946354 0.583984 0.969271 0.561719 0.969271
0 0.489453 0.944792 0.508594 0.944792 0.508594 0.968229 0.489453 0.968229
0 0.419531 0.952604 0.438281 0.952604 0.438281 0.976562 0.419531 0.976562
0 0.440625 0.959375 0.45625 0.959375 0.45625 0.990104 0.440625 0.990104
0 0.462109 0.938542 0.480078 0.938542 0.480078 0.960417 0.462109 0.960417
0 0.483984 0.917188 0.503516 0.917188 0.503516 0.938542 0.483984 0.938542
0 0.530859 0.958854 0.546484 0.958854 0.546484 0.983333 0.530859 0.983333
0 0.422656 0.770833 0.442188 0.770833 0.442188 0.791146 0.422656 0.791146
0 0.337891 0.952604 0.354297 0.952604 0.354297 0.977083 0.337891 0.977083
0 0.301562 0.969271 0.318359 0.969271 0.318359 0.994271 0.301562 0.994271
0 0.471484 0.979688 0.492578 0.979688 0.492578 0.999479 0.471484 0.999479