0 0.090625 0.036979 0.111719 0.036979 0.111719 0.0625 0.090625 0.0625
0 0.048047 0.072396 0.074219 0.072396 0.074219 0.096354 0.048047 0.096354
0 0.085938 0.085938 0.114062 0.085938 0.114062 0.113021 0.085938 0.113021
0 0.0 0.106771 0.012891 0.106771 0.012891 0.130729 0.0 0.130729
0 0.027734 0.152083 0.051953 0.152083 0.051953 0.18125 0.027734 0.18125
0 0.082812 0.152083 0.103125 0.152083 0.103125 0.180729 0.082812 0.180729
0 0.043359 0.191667 0.060156 0.191667 0.060156 0.217188 0.043359 0.217188
0 0.186328 0.002604 0.204688 0.002604 0.204688 0.033854 0.186328 0.033854
0 0.017969 0.231771 0.0375 0.231771 0.0375 0.258333 0.017969 0.258333
0 0.093359 0.298438 0.1125 0.298438 0.1125 0.333854 0.093359 0.333854
0 0.169922 0.273958 0.189062 0.273958 0.189062 0.305729 0.169922 0.305729
0 0.197266 0.261979 0.217578 0.261979 0.217578 0.289583 0.197266 0.289583
0 0.062109 0.377083 0.089453 0.377083 0.089453 0.400521 0.062109 0.400521
0 0.130078 0.351042 0.154688 0.351042 0.154688 0.377604 0.130078 0.377604
0 0.157422 0.378125 0.175781 0.378125 0.175781 0.413021 0.157422 0.413021
0 0.101953 0.407292 0.119922 0.407292 0.119922 0.440625 0.101953 0.440625
0 0.016797 0.466667 0.037891 0.466667 0.037891 0.49375 0.016797 0.49375
0 0.043359 0.516146 0.062891 0.516146 0.062891 0.542708 0.043359 0.542708
0 0.008203 0.538021 0.035156 0.538021 0.035156 0.560938 0.008203 0.560938
0 0.137109 0.469792 0.158594 0.469792 0.158594 0.499479 0.137109 0.499479
0 0.180859 0.442708 0.202344 0.442708 0.202344 0.472396 0.180859 0.472396
0 0.005469 0.628646 0.029297 0.628646 0.029297 0.650521 0.005469 0.650521
0 0.04375 0.647396 0.066016 0.647396 0.066016 0.677083 0.04375 0.677083
0 0.077734 0.604688 0.102344 0.604688 0.102344 0.627604 0.077734 0.627604
0 0.090234 0.643229 0.108594 0.643229 0.108594 0.673958 0.090234 0.673958
0 0.119141 0.595833 0.139062 0.595833 0.139062 0.625 0.119141 0.625
0 0.003516 0.676562 0.023438 0.676562 0.023438 0.708333 0.003516 0.708333
0 0.032422 0.678125 0.051953 0.678125 0.051953 0.709375 0.032422 0.709375
0 0.144922 0.610938 0.164844 0.610938 0.164844 0.634375 0.144922 0.634375
0 0.128906 0.675 0.149609 0.675 0.149609 0.7 0.128906 0.7
0 0.128906 0.714583 0.147656 0.714583 0.147656 0.748438 0.128906 0.748438
0 0.167578 0.706771 0.1875 0.706771 0.1875 0.730729 0.167578 0.730729
0 0.189844 0.739583 0.212109 0.739583 0.212109 0.766667 0.189844 0.766667
0 0.086719 0.713021 0.104297 0.713021 0.104297 0.746354 0.086719 0.746354
0 0.021484 0.729167 0.046875 0.729167 0.046875 0.754167 0.021484 0.754167
0 0.048047 0.773438 0.068359 0.773438 0.068359 0.808854 0.048047 0.808854
0 0.102734 0.776042 0.121484 0.776042 0.121484 0.804688 0.102734 0.804688
0 0.160156 0.767708 0.183203 0.767708 0.183203 0.790625 0.160156 0.790625
0 0.063672 0.832812 0.087109 0.832812 0.087109 0.859375 0.063672 0.859375
0 0.117578 0.814062 0.133594 0.814062 0.133594 0.848958 0.117578 0.848958
0 0.0 0.915104 0.014453 0.915104 0.014453 0.945833 0.0 0.945833
0 0.040234 0.889583 0.057031 0.889583 0.057031 0.917188 0.040234 0.917188
0 0.073828 0.902604 0.09375 0.902604 0.09375 0.931771 0.073828 0.931771
0 0.044922 0.935417 0.064844 0.935417 0.064844 0.968229 0.044922 0.968229
0 0.099219 0.955729 0.118359 0.955729 0.118359 0.992708 0.099219 0.992708
0 0.140234 0.985417 0.158984 0.985417 0.158984 0.999479 0.140234 0.999479
0 0.1625 0.819792 0.182422 0.819792 0.182422 0.847917 0.1625 0.847917
0 0.207812 0.796354 0.226172 0.796354 0.226172 0.824479 0.207812 0.824479
0 0.187109 0.859896 0.208203 0.859896 0.208203 0.8875 0.187109 0.8875
0 0.219531 0.850521 0.239844 0.850521 0.239844 0.88125 0.219531 0.88125
0 0.180859 0.903646 0.2 0.903646 0.2 0.926562 0.180859 0.926562
0 0.251563 0.9 0.271094 0.9 0.271094 0.926042 0.251563 0.926042
0 0.230469 0.961458 0.255859 0.961458 0.255859 0.983333 0.230469 0.983333
0 0.253125 0.9875 0.275391 0.9875 0.275391 0.999479 0.253125 0.999479
0 0.282031 0.991146 0.300781 0.991146 0.300781 0.999479 0.282031 0.999479
0 0.283984 0.929167 0.30625 0.929167 0.30625 0.957812 0.283984 0.957812
0 0.268359 0.835417 0.287891 0.835417 0.287891 0.868229 0.268359 0.868229
0 0.302734 0.836979 0.322656 0.836979 0.322656 0.868229 0.302734 0.868229
0 0.328516 0.878646 0.342188 0.878646 0.342188 0.905208 0.328516 0.905208
0 0.325391 0.928125 0.345312 0.928125 0.345312 0.946875 0.325391 0.946875
0 0.353516 0.902083 0.370703 0.902083 0.370703 0.925521 0.353516 0.925521
0 0.207422 0.207292 0.225391 0.207292 0.225391 0.232292 0.207422 0.232292
0 0.229688 0.202083 0.249219 0.202083 0.249219 0.235417 0.229688 0.235417
0 0.257031 0.175 0.273828 0.175 0.273828 0.202083 0.257031 0.202083
0 0.283594 0.141146 0.302734 0.141146 0.302734 0.173958 0.283594 0.173958
0 0.310156 0.166146 0.328906 0.166146 0.328906 0.201042 0.310156 0.201042
0 0.334766 0.147917 0.357031 0.147917 0.357031 0.178125 0.334766 0.178125
0 0.357031 0.193229 0.373047 0.193229 0.373047 0.228125 0.357031 0.228125
0 0.378516 0.10625 0.397266 0.10625 0.397266 0.136458 0.378516 0.136458
0 0.401562 0.138021 0.421484 0.138021 0.421484 0.172396 0.401562 0.172396
0 0.387109 0.179167 0.406641 0.179167 0.406641 0.203125 0.387109 0.203125
0 0.390625 0.216667 0.409375 0.216667 0.409375 0.246875 0.390625 0.246875
0 0.422656 0.203125 0.442188 0.203125 0.442188 0.232292 0.422656 0.232292
0 0.25625 0.242188 0.272266 0.242188 0.272266 0.277083 0.25625 0.277083
0 0.277344 0.231771 0.296875 0.231771 0.296875 0.263542 0.277344 0.263542
0 0.329688 0.240625 0.348438 0.240625 0.348438 0.273438 0.329688 0.273438
0 0.350781 0.283333 0.378906 0.283333 0.378906 0.305208 0.350781 0.305208
0 0.309375 0.296875 0.329688 0.296875 0.329688 0.326562 0.309375 0.326562
0 0.18125 0.349479 0.201562 0.349479 0.201562 0.380729 0.18125 0.380729
0 0.224219 0.350521 0.241016 0.350521 0.241016 0.385417 0.224219 0.385417
0 0.276172 0.321875 0.294141 0.321875 0.294141 0.354167 0.276172 0.354167
0 0.258984 0.405208 0.278125 0.405208 0.278125 0.433333 0.258984 0.433333
0 0.294922 0.403646 0.315625 0.403646 0.315625 0.430729 0.294922 0.430729
0 0.220312 0.490625 0.241406 0.490625 0.241406 0.521875 0.220312 0.521875
0 0.246094 0.457292 0.265625 0.457292 0.265625 0.491667 0.246094 0.491667
0 0.279688 0.477604 0.299219 0.477604 0.299219 0.50625 0.279688 0.50625
0 0.328906 0.472396 0.346875 0.472396 0.346875 0.505208 0.328906 0.505208
0 0.335938 0.388021 0.35625 0.388021 0.35625 0.421354 0.335938 0.421354
0 0.381641 0.436979 0.40625 0.436979 0.40625 0.4625 0.381641 0.4625
0 0.330859 0.331771 0.353516 0.331771 0.353516 0.354688 0.330859 0.354688
0 0.38125 0.351042 0.398047 0.351042 0.398047 0.382292 0.38125 0.382292
0 0.404688 0.327604 0.424219 0.327604 0.424219 0.359375 0.404688 0.359375
0 0.246094 0.589062 0.268359 0.589062 0.268359 0.614583 0.246094 0.614583
0 0.308984 0.564583 0.332812 0.564583 0.332812 0.596875 0.308984 0.596875
0 0.356641 0.561458 0.377734 0.561458 0.377734 0.586458 0.356641 0.586458
0 0.368359 0.609375 0.387109 0.609375 0.387109 0.635417 0.368359 0.635417
0 0.307422 0.633854 0.332031 0.633854 0.332031 0.657812 0.307422 0.657812
0 0.406641 0.070312 0.426953 0.070312 0.426953 0.097396 0.406641 0.097396
0 0.496094 0.016146 0.520703 0.016146 0.520703 0.053125 0.496094 0.053125
0 0.521875 0.049479 0.537891 0.049479 0.537891 0.083854 0.521875 0.083854
0 0.519531 0.0 0.541797 0.0 0.541797 0.016667 0.519531 0.016667
0 0.574609 0.028646 0.596484 0.028646 0.596484 0.051562 0.574609 0.051562
0 0.580469 0.0 0.597266 0.0 0.597266 0.013542 0.580469 0.013542
0 0.426562 0.129688 0.444922 0.129688 0.444922 0.160938 0.426562 0.160938
0 0.455469 0.147396 0.474219 0.147396 0.474219 0.177083 0.455469 0.177083
0 0.473438 0.134375 0.490625 0.134375 0.490625 0.165625 0.473438 0.165625
0 0.507031 0.113542 0.523828 0.113542 0.523828 0.149479 0.507031 0.149479
0 0.5375 0.128646 0.557812 0.128646 0.557812 0.152604 0.5375 0.152604
0 0.574219 0.104688 0.59375 0.104688 0.59375 0.142188 0.574219 0.142188
0 0.548438 0.170833 0.568359 0.170833 0.568359 0.202083 0.548438 0.202083
0 0.505469 0.188542 0.526562 0.188542 0.526562 0.226042 0.505469 0.226042
0 0.46875 0.219792 0.485547 0.219792 0.485547 0.250521 0.46875 0.250521
0 0.366406 0.498438 0.385938 0.498438 0.385938 0.533333 0.366406 0.533333
0 0.4125 0.490104 0.433594 0.490104 0.433594 0.520312 0.4125 0.520312
0 0.439453 0.533333 0.4625 0.533333 0.4625 0.55625 0.439453 0.55625
0 0.458984 0.567188 0.485938 0.567188 0.485938 0.595312 0.458984 0.595312
0 0.474609 0.476562 0.494922 0.476562 0.494922 0.509375 0.474609 0.509375
0 0.424609 0.395312 0.444141 0.395312 0.444141 0.419792 0.424609 0.419792
0 0.438672 0.354688 0.4625 0.354688 0.4625 0.380729 0.438672 0.380729
0 0.421875 0.308854 0.443359 0.308854 0.443359 0.336458 0.421875 0.336458
0 0.4625 0.30625 0.480469 0.30625 0.480469 0.339062 0.4625 0.339062
0 0.487891 0.270833 0.504297 0.270833 0.504297 0.303646 0.487891 0.303646
0 0.527344 0.273438 0.547266 0.273438 0.547266 0.303125 0.527344 0.303125
0 0.398828 0.628125 0.417578 0.628125 0.417578 0.659375 0.398828 0.659375
0 0.428516 0.627604 0.446094 0.627604 0.446094 0.654688 0.428516 0.654688
0 0.461328 0.667188 0.484766 0.667188 0.484766 0.690625 0.461328 0.690625
0 0.402734 0.734375 0.423828 0.734375 0.423828 0.761979 0.402734 0.761979
0 0.421094 0.776042 0.444922 0.776042 0.444922 0.797396 0.421094 0.797396
0 0.460547 0.755208 0.478125 0.755208 0.478125 0.779688 0.460547 0.779688
0 0.444922 0.710938 0.466797 0.710938 0.466797 0.735938 0.444922 0.735938
0 0.478125 0.697396 0.496484 0.697396 0.496484 0.722396 0.478125 0.722396
0 0.498047 0.727604 0.520703 0.727604 0.520703 0.748438 0.498047 0.748438
0 0.423047 0.809896 0.445703 0.809896 0.445703 0.835417 0.423047 0.835417
0 0.459375 0.815625 0.482812 0.815625 0.482812 0.839062 0.459375 0.839062
0 0.486719 0.793229 0.508594 0.793229 0.508594 0.813542 0.486719 0.813542
0 0.443359 0.984375 0.463672 0.984375 0.463672 0.999479 0.443359 0.999479
0 0.478516 0.975 0.501953 0.975 0.501953 0.997396 0.478516 0.997396
0 0.453516 0.926562 0.480078 0.926562 0.480078 0.956771 0.453516 0.956771
0 0.457031 0.896875 0.479688 0.896875 0.479688 0.920833 0.457031 0.920833
0 0.480469 0.871354 0.50625 0.871354 0.50625 0.894792 0.480469 0.894792
0 0.522266 0.897917 0.538281 0.897917 0.538281 0.927083 0.522266 0.927083
0 0.528906 0.942188 0.550781 0.942188 0.550781 0.965625 0.528906 0.965625
0 0.560547 0.973958 0.583984 0.973958 0.583984 0.995833 0.560547 0.995833
0 0.528516 0.858333 0.556641 0.858333 0.556641 0.882292 0.528516 0.882292
0 0.626172 0.026562 0.64375 0.026562 0.64375 0.0625 0.626172 0.0625
0 0.691406 0.003646 0.708594 0.003646 0.708594 0.034896 0.691406 0.034896
0 0.674219 0.057292 0.692188 0.057292 0.692188 0.091146 0.674219 0.091146
0 0.711328 0.051562 0.729297 0.051562 0.729297 0.082292 0.711328 0.082292
0 0.729688 0.069792 0.745703 0.069792 0.745703 0.096875 0.729688 0.096875
0 0.610547 0.133854 0.628125 0.133854 0.628125 0.163542 0.610547 0.163542
0 0.664453 0.109375 0.680859 0.109375 0.680859 0.136979 0.664453 0.136979
0 0.717969 0.134375 0.738672 0.134375 0.738672 0.170312 0.717969 0.170312
0 0.685547 0.161979 0.701562 0.161979 0.701562 0.194271 0.685547 0.194271
0 0.710156 0.196354 0.726562 0.196354 0.726562 0.221354 0.710156 0.221354
0 0.675781 0.213021 0.698438 0.213021 0.698438 0.238542 0.675781 0.238542
0 0.511328 0.355729 0.530078 0.355729 0.530078 0.3875 0.511328 0.3875
0 0.541406 0.344271 0.561719 0.344271 0.561719 0.371875 0.541406 0.371875
0 0.573828 0.335938 0.59375 0.335938 0.59375 0.371354 0.573828 0.371354
0 0.5875 0.294271 0.603906 0.294271 0.603906 0.316667 0.5875 0.316667
0 0.623828 0.325 0.646094 0.325 0.646094 0.356771 0.623828 0.356771
0 0.597266 0.36875 0.619531 0.36875 0.619531 0.393229 0.597266 0.393229
0 0.640234 0.254167 0.659375 0.254167 0.659375 0.278125 0.640234 0.278125
0 0.707812 0.295312 0.732422 0.295312 0.732422 0.324479 0.707812 0.324479
0 0.718359 0.341146 0.737891 0.341146 0.737891 0.36875 0.718359 0.36875
0 0.697656 0.369792 0.716406 0.369792 0.716406 0.398438 0.697656 0.398438
0 0.660938 0.379688 0.681641 0.379688 0.681641 0.410417 0.660938 0.410417
0 0.514062 0.404688 0.536719 0.404688 0.536719 0.428125 0.514062 0.428125
0 0.535547 0.434375 0.558203 0.434375 0.558203 0.460417 0.535547 0.460417
0 0.521484 0.480208 0.537891 0.480208 0.537891 0.509375 0.521484 0.509375
0 0.550781 0.494271 0.567969 0.494271 0.567969 0.522396 0.550781 0.522396
0 0.580078 0.475521 0.601172 0.475521 0.601172 0.5 0.580078 0.5
0 0.6125 0.423958 0.636328 0.423958 0.636328 0.449479 0.6125 0.449479
0 0.623438 0.473958 0.642578 0.473958 0.642578 0.505729 0.623438 0.505729
0 0.697656 0.417188 0.718359 0.417188 0.718359 0.446875 0.697656 0.446875
0 0.708984 0.460938 0.73125 0.460938 0.73125 0.485938 0.708984 0.485938
0 0.543359 0.547917 0.566406 0.547917 0.566406 0.569792 0.543359 0.569792
0 0.647656 0.504167 0.671094 0.504167 0.671094 0.531771 0.647656 0.531771
0 0.642578 0.554167 0.667188 0.554167 0.667188 0.581771 0.642578 0.581771
0 0.541406 0.619271 0.566016 0.619271 0.566016 0.641667 0.541406 0.641667
0 0.579688 0.655729 0.605078 0.655729 0.605078 0.679688 0.579688 0.679688
0 0.678906 0.658854 0.705078 0.658854 0.705078 0.686458 0.678906 0.686458
0 0.537109 0.714062 0.563281 0.714062 0.563281 0.740625 0.537109 0.740625
0 0.573438 0.729688 0.594531 0.729688 0.594531 0.751042 0.573438 0.751042
0 0.591016 0.759375 0.612109 0.759375 0.612109 0.785417 0.591016 0.785417
0 0.548438 0.782812 0.569922 0.782812 0.569922 0.808854 0.548438 0.808854
0 0.585156 0.818229 0.611719 0.818229 0.611719 0.845833 0.585156 0.845833
0 0.652734 0.772917 0.675781 0.772917 0.675781 0.807292 0.652734 0.807292
0 0.642188 0.813021 0.667188 0.813021 0.667188 0.8375 0.642188 0.8375
0 0.608984 0.863021 0.626172 0.863021 0.626172 0.889583 0.608984 0.889583
0 0.638281 0.897917 0.655469 0.897917 0.655469 0.929688 0.638281 0.929688
0 0.660156 0.895833 0.683203 0.895833 0.683203 0.922917 0.660156 0.922917
0 0.689453 0.938021 0.713281 0.938021 0.713281 0.9625 0.689453 0.9625
0 0.620703 0.964062 0.640234 0.964062 0.640234 0.988542 0.620703 0.988542
0 0.759766 0.079167 0.774219 0.079167 0.774219 0.111979 0.759766 0.111979
0 0.846094 0.001042 0.859375 0.001042 0.859375 0.030729 0.846094 0.030729
0 0.86875 0.042708 0.888281 0.042708 0.888281 0.067188 0.86875 0.067188
0 0.913672 0.038542 0.927734 0.038542 0.927734 0.072396 0.913672 0.072396
0 0.935156 0.0 0.954297 0.0 0.954297 0.034375 0.935156 0.034375
0 0.973828 0.061979 0.991016 0.061979 0.991016 0.1 0.973828 0.1
0 0.8875 0.069792 0.903906 0.069792 0.903906 0.095833 0.8875 0.095833
0 0.85 0.096354 0.868359 0.096354 0.868359 0.128125 0.85 0.128125
0 0.899219 0.103125 0.916797 0.103125 0.916797 0.135417 0.899219 0.135417
0 0.85 0.163542 0.873438 0.163542 0.873438 0.188021 0.85 0.188021
0 0.860156 0.192708 0.883594 0.192708 0.883594 0.216667 0.860156 0.216667
0 0.904297 0.159375 0.929688 0.159375 0.929688 0.183333 0.904297 0.183333
0 0.911719 0.208333 0.934766 0.208333 0.934766 0.232292 0.911719 0.232292
0 0.9625 0.122917 0.978125 0.122917 0.978125 0.149479 0.9625 0.149479
0 0.987109 0.165104 0.999609 0.165104 0.999609 0.195312 0.987109 0.195312
0 0.991016 0.032812 0.999609 0.032812 0.999609 0.051562 0.991016 0.051562
0 0.862891 0.266146 0.888281 0.266146 0.888281 0.292188 0.862891 0.292188
0 0.907031 0.277083 0.924219 0.277083 0.924219 0.309896 0.907031 0.309896
0 0.942188 0.259896 0.962891 0.259896 0.962891 0.288021 0.942188 0.288021
0 0.959766 0.223958 0.978906 0.223958 0.978906 0.249479 0.959766 0.249479
0 0.987109 0.298438 0.999609 0.298438 0.999609 0.328646 0.987109 0.328646
0 0.902734 0.321354 0.916797 0.321354 0.916797 0.339583 0.902734 0.339583
0 0.823438 0.454167 0.840234 0.454167 0.840234 0.484375 0.823438 0.484375
0 0.873047 0.441146 0.8875 0.441146 0.8875 0.472917 0.873047 0.472917
0 0.897656 0.4375 0.920703 0.4375 0.920703 0.460417 0.897656 0.460417
0 0.923438 0.453125 0.941016 0.453125 0.941016 0.477083 0.923438 0.477083
0 0.876562 0.404167 0.897266 0.404167 0.897266 0.425 0.876562 0.425
0 0.851953 0.499479 0.874609 0.499479 0.874609 0.525521 0.851953 0.525521
0 0.892969 0.488021 0.912891 0.488021 0.912891 0.519792 0.892969 0.519792
0 0.934375 0.502083 0.952734 0.502083 0.952734 0.524479 0.934375 0.524479
0 0.813672 0.570833 0.836328 0.570833 0.836328 0.594792 0.813672 0.594792
0 0.854297 0.574479 0.877344 0.574479 0.877344 0.594271 0.854297 0.594271
0 0.765625 0.61875 0.785547 0.61875 0.785547 0.636979 0.765625 0.636979
0 0.792188 0.629167 0.8125 0.629167 0.8125 0.65 0.792188 0.65
0 0.855469 0.617188 0.873828 0.617188 0.873828 0.642708 0.855469 0.642708
0 0.889062 0.615104 0.9125 0.615104 0.9125 0.641667 0.889062 0.641667
0 0.945703 0.628646 0.962891 0.628646 0.962891 0.661979 0.945703 0.661979
0 0.913672 0.660938 0.931641 0.660938 0.931641 0.689583 0.913672 0.689583
0 0.775391 0.692188 0.79375 0.692188 0.79375 0.709375 0.775391 0.709375
0 0.814062 0.66875 0.830469 0.66875 0.830469 0.689062 0.814062 0.689062
0 0.842578 0.697917 0.860547 0.697917 0.860547 0.71875 0.842578 0.71875
0 0.814844 0.705208 0.835156 0.705208 0.835156 0.725 0.814844 0.725
0 0.895312 0.7 0.915625 0.7 0.915625 0.725521 0.895312 0.725521
0 0.855469 0.731771 0.876172 0.731771 0.876172 0.760938 0.855469 0.760938
0 0.783203 0.734375 0.806641 0.734375 0.806641 0.760938 0.783203 0.760938
0 0.802344 0.766667 0.830859 0.766667 0.830859 0.788542 0.802344 0.788542
0 0.859375 0.779167 0.883984 0.779167 0.883984 0.804688 0.859375 0.804688
0 0.830469 0.796875 0.848438 0.796875 0.848438 0.829688 0.830469 0.829688
0 0.968359 0.7 0.988281 0.7 0.988281 0.735938 0.968359 0.735938
0 0.917188 0.780729 0.937109 0.780729 0.937109 0.814062 0.917188 0.814062
0 0.876172 0.816667 0.895703 0.816667 0.895703 0.846354 0.876172 0.846354
0 0.907812 0.846354 0.928125 0.846354 0.928125 0.871354 0.907812 0.871354
0 0.795703 0.830729 0.819141 0.830729 0.819141 0.852604 0.795703 0.852604
0 0.827344 0.871875 0.849609 0.871875 0.849609 0.892708 0.827344 0.892708
0 0.836719 0.926042 0.863672 0.926042 0.863672 0.947917 0.836719 0.947917
0 0.888281 0.890625 0.9125 0.890625 0.9125 0.915104 0.888281 0.915104
0 0.892578 0.935417 0.9125 0.935417 0.9125 0.954688 0.892578 0.954688
0 0.932422 0.950521 0.954688 0.950521 0.954688 0.977604 0.932422 0.977604
0 0.896094 0.985417 0.917188 0.985417 0.917188 0.999479 0.896094 0.999479
0 0.962891 0.917188 0.980859 0.917188 0.980859 0.942188 0.962891 0.942188