0 0.155469 0.048958 0.171484 0.048958 0.171484 0.069271 0.155469 0.069271
0 0.177734 0.005208 0.196484 0.005208 0.196484 0.030208 0.177734 0.030208
0 0.127344 0.056771 0.146094 0.056771 0.146094 0.082812 0.127344 0.082812
0 0.110156 0.028646 0.127734 0.028646 0.127734 0.05625 0.110156 0.05625
0 0.154297 0.097396 0.173828 0.097396 0.173828 0.121875 0.154297 0.121875
0 0.190234 0.115625 0.209766 0.115625 0.209766 0.136458 0.190234 0.136458
0 0.106641 0.104688 0.122656 0.104688 0.122656 0.130729 0.106641 0.130729
0 0.077344 0.128125 0.092188 0.128125 0.092188 0.149479 0.077344 0.149479
0 0.108594 0.145312 0.126953 0.145312 0.126953 0.171875 0.108594 0.171875
0 0.160156 0.131771 0.18125 0.131771 0.18125 0.154688 0.160156 0.154688
0 0.005859 0.058333 0.030859 0.058333 0.030859 0.085417 0.005859 0.085417
0 0.001562 0.095833 0.019922 0.095833 0.019922 0.121354 0.001562 0.121354
0 0.024609 0.095833 0.042578 0.095833 0.042578 0.124479 0.024609 0.124479
0 0.044531 0.109375 0.062109 0.109375 0.062109 0.136458 0.044531 0.136458
0 0.001562 0.154167 0.024219 0.154167 0.024219 0.179688 0.001562 0.179688
0 0.06875 0.175 0.082812 0.175 0.082812 0.200521 0.06875 0.200521
0 0.158594 0.190104 0.176172 0.190104 0.176172 0.213021 0.158594 0.213021
0 0.179297 0.166667 0.197656 0.166667 0.197656 0.190625 0.179297 0.190625
0 0.226172 0.190104 0.242969 0.190104 0.242969 0.210938 0.226172 0.210938
0 0.220312 0.139583 0.233984 0.139583 0.233984 0.171354 0.220312 0.171354
0 0.262109 0.194792 0.273438 0.194792 0.273438 0.214583 0.262109 0.214583
0 0.202734 0.182292 0.214062 0.182292 0.214062 0.194792 0.202734 0.194792
0 0.281641 0.19375 0.296484 0.19375 0.296484 0.221354 0.281641 0.221354
0 0.176562 0.24375 0.192188 0.24375 0.192188 0.260417 0.176562 0.260417
0 0.201562 0.222917 0.215234 0.222917 0.215234 0.239583 0.201562 0.239583
0 0.166016 0.300521 0.181641 0.300521 0.181641 0.31875 0.166016 0.31875
0 0.206641 0.282292 0.221484 0.282292 0.221484 0.297917 0.206641 0.297917
0 0.248438 0.292188 0.259766 0.292188 0.259766 0.313021 0.248438 0.313021
0 0.281641 0.260417 0.297266 0.260417 0.297266 0.282292 0.281641 0.282292
0 0.012891 0.210417 0.029688 0.210417 0.029688 0.238021 0.012891 0.238021
0 0.099609 0.215625 0.112891 0.215625 0.112891 0.24375 0.099609 0.24375
0 0.122266 0.389583 0.140234 0.389583 0.140234 0.403646 0.122266 0.403646
0 0.159766 0.36875 0.176562 0.36875 0.176562 0.389583 0.159766 0.389583
0 0.173438 0.332292 0.187891 0.332292 0.187891 0.354688 0.173438 0.354688
0 0.210938 0.366146 0.228516 0.366146 0.228516 0.39375 0.210938 0.39375
0 0.241016 0.338021 0.262109 0.338021 0.262109 0.358854 0.241016 0.358854
0 0.316016 0.294792 0.331641 0.294792 0.331641 0.314583 0.316016 0.314583
0 0.280859 0.310417 0.296484 0.310417 0.296484 0.333854 0.280859 0.333854
0 0.217188 0.307292 0.232812 0.307292 0.232812 0.329688 0.217188 0.329688
0 0.135938 0.403646 0.154688 0.403646 0.154688 0.432812 0.135938 0.432812
0 0.191016 0.414583 0.206641 0.414583 0.206641 0.435417 0.191016 0.435417
0 0.235938 0.396354 0.254688 0.396354 0.254688 0.417188 0.235938 0.417188
0 0.267188 0.364583 0.285938 0.364583 0.285938 0.385417 0.267188 0.385417
0 0.304688 0.321354 0.325391 0.321354 0.325391 0.349479 0.304688 0.349479
0 0.151562 0.43125 0.169141 0.43125 0.169141 0.458854 0.151562 0.458854
0 0.127734 0.49375 0.142188 0.49375 0.142188 0.521875 0.127734 0.521875
0 0.227734 0.225521 0.244141 0.225521 0.244141 0.248958 0.227734 0.248958
0 0.188281 0.445312 0.202734 0.445312 0.202734 0.465625 0.188281 0.465625
0 0.212891 0.432292 0.227734 0.432292 0.227734 0.458854 0.212891 0.458854
0 0.378516 0.176042 0.399219 0.176042 0.399219 0.195312 0.378516 0.195312
0 0.379688 0.128646 0.396094 0.128646 0.396094 0.147396 0.379688 0.147396
0 0.280078 0.464583 0.295703 0.464583 0.295703 0.491146 0.280078 0.491146
0 0.244531 0.4875 0.264453 0.4875 0.264453 0.507812 0.244531 0.507812
0 0.323828 0.466667 0.339453 0.466667 0.339453 0.484896 0.323828 0.484896
0 0.357812 0.45625 0.374219 0.45625 0.374219 0.480729 0.357812 0.480729
0 0.393359 0.46875 0.408594 0.46875 0.408594 0.491146 0.393359 0.491146
0 0.326172 0.492708 0.344141 0.492708 0.344141 0.510938 0.326172 0.510938
0 0.321875 0.363542 0.340625 0.363542 0.340625 0.378125 0.321875 0.378125
0 0.334375 0.332292 0.346875 0.332292 0.346875 0.351562 0.334375 0.351562
0 0.404297 0.205729 0.421094 0.205729 0.421094 0.228125 0.404297 0.228125
0 0.40625 0.242708 0.420312 0.242708 0.420312 0.259375 0.40625 0.259375
0 0.420703 0.165625 0.439062 0.165625 0.439062 0.1875 0.420703 0.1875
0 0.437109 0.197917 0.458984 0.197917 0.458984 0.226042 0.437109 0.226042
0 0.434766 0.236458 0.451562 0.236458 0.451562 0.260938 0.434766 0.260938
0 0.348828 0.0625 0.364844 0.0625 0.364844 0.088542 0.348828 0.088542
0 0.372656 0.059896 0.389844 0.059896 0.389844 0.081771 0.372656 0.081771
0 0.405078 0.004167 0.425781 0.004167 0.425781 0.021875 0.405078 0.021875
0 0.4375 0.047396 0.455078 0.047396 0.455078 0.063542 0.4375 0.063542
0 0.378125 0.027083 0.393359 0.027083 0.393359 0.044271 0.378125 0.044271
0 0.435938 0.083333 0.451953 0.083333 0.451953 0.105729 0.435938 0.105729
0 0.460938 0.090625 0.478125 0.090625 0.478125 0.108854 0.460938 0.108854
0 0.496094 0.064583 0.5125 0.064583 0.5125 0.084896 0.496094 0.084896
0 0.461719 0.132292 0.480078 0.132292 0.480078 0.15625 0.461719 0.15625
0 0.477734 0.168229 0.497266 0.168229 0.497266 0.188542 0.477734 0.188542
0 0.465234 0.195833 0.480469 0.195833 0.480469 0.221354 0.465234 0.221354
0 0.504687 0.195312 0.521094 0.195312 0.521094 0.224479 0.504687 0.224479
0 0.515625 0.235417 0.532422 0.235417 0.532422 0.266667 0.515625 0.266667
0 0.467578 0.275521 0.487109 0.275521 0.487109 0.297917 0.467578 0.297917
0 0.480859 0.3125 0.501953 0.3125 0.501953 0.330729 0.480859 0.330729
0 0.407031 0.116146 0.426953 0.116146 0.426953 0.129688 0.407031 0.129688
0 0.432422 0.127083 0.447656 0.127083 0.447656 0.15 0.432422 0.15
0 0.500781 0.125 0.513281 0.125 0.513281 0.147917 0.500781 0.147917
0 0.526172 0.13125 0.541016 0.13125 0.541016 0.151562 0.526172 0.151562
0 0.550391 0.140104 0.562891 0.140104 0.562891 0.163542 0.550391 0.163542
0 0.541016 0.197396 0.560547 0.197396 0.560547 0.216146 0.541016 0.216146
0 0.558203 0.221354 0.574219 0.221354 0.574219 0.247917 0.558203 0.247917
0 0.583984 0.061458 0.6 0.061458 0.6 0.084896 0.583984 0.084896
0 0.5875 0.105208 0.605078 0.105208 0.605078 0.129167 0.5875 0.129167
0 0.583984 0.015104 0.601953 0.015104 0.601953 0.038021 0.583984 0.038021
0 0.560156 0.292708 0.576953 0.292708 0.576953 0.322396 0.560156 0.322396
0 0.598438 0.244271 0.617578 0.244271 0.617578 0.2625 0.598438 0.2625
0 0.605859 0.18125 0.620312 0.18125 0.620312 0.203646 0.605859 0.203646
0 0.621094 0.217708 0.637109 0.217708 0.637109 0.238021 0.621094 0.238021
0 0.640625 0.269792 0.652344 0.269792 0.652344 0.294271 0.640625 0.294271
0 0.655078 0.238021 0.668359 0.238021 0.668359 0.265104 0.655078 0.265104
0 0.613281 0.129167 0.626953 0.129167 0.626953 0.153125 0.613281 0.153125
0 0.637109 0.141667 0.653125 0.141667 0.653125 0.16875 0.637109 0.16875
0 0.652344 0.094271 0.665234 0.094271 0.665234 0.129167 0.652344 0.129167
0 0.672656 0.136979 0.682031 0.136979 0.682031 0.163021 0.672656 0.163021
0 0.610156 0.057812 0.626953 0.057812 0.626953 0.085938 0.610156 0.085938
0 0.618359 0.030729 0.640625 0.030729 0.640625 0.052083 0.618359 0.052083
0 0.645703 0.045312 0.659375 0.045312 0.659375 0.071354 0.645703 0.071354
0 0.669531 0.007812 0.682031 0.007812 0.682031 0.036458 0.669531 0.036458
0 0.669531 0.071354 0.684766 0.071354 0.684766 0.098438 0.669531 0.098438
0 0.687109 0.040625 0.704297 0.040625 0.704297 0.063542 0.687109 0.063542
0 0.705859 0.083854 0.721094 0.083854 0.721094 0.10625 0.705859 0.10625
0 0.696484 0.142708 0.713672 0.142708 0.713672 0.166667 0.696484 0.166667
0 0.801953 0.005729 0.81875 0.005729 0.81875 0.032812 0.801953 0.032812
0 0.732031 0.141667 0.748438 0.141667 0.748438 0.161979 0.732031 0.161979
0 0.728906 0.109896 0.744141 0.109896 0.744141 0.13125 0.728906 0.13125
0 0.7125 0.174479 0.728906 0.174479 0.728906 0.196875 0.7125 0.196875
0 0.733984 0.180208 0.750781 0.180208 0.750781 0.203646 0.733984 0.203646
0 0.771094 0.15625 0.786328 0.15625 0.786328 0.176562 0.771094 0.176562
0 0.805078 0.096354 0.823047 0.096354 0.823047 0.11875 0.805078 0.11875
0 0.775391 0.125521 0.796484 0.125521 0.796484 0.146354 0.775391 0.146354
0 0.769531 0.213021 0.783203 0.213021 0.783203 0.233333 0.769531 0.233333
0 0.7 0.21875 0.713672 0.21875 0.713672 0.240104 0.7 0.240104
0 0.711719 0.248958 0.723828 0.248958 0.723828 0.271875 0.711719 0.271875
0 0.745703 0.253646 0.762891 0.253646 0.762891 0.273958 0.745703 0.273958
0 0.820312 0.029688 0.8375 0.029688 0.8375 0.047396 0.820312 0.047396
0 0.849219 0.018229 0.872266 0.018229 0.872266 0.039583 0.849219 0.039583
0 0.822266 0.072396 0.842578 0.072396 0.842578 0.092708 0.822266 0.092708
0 0.790625 0.195833 0.807031 0.195833 0.807031 0.221875 0.790625 0.221875
0 0.807812 0.174479 0.820312 0.174479 0.820312 0.205208 0.807812 0.205208
0 0.899219 0.185938 0.915625 0.185938 0.915625 0.215104 0.899219 0.215104
0 0.728516 0.016667 0.747266 0.016667 0.747266 0.048438 0.728516 0.048438
0 0.553125 0.455208 0.569141 0.455208 0.569141 0.481771 0.553125 0.481771
0 0.632422 0.407812 0.646094 0.407812 0.646094 0.433854 0.632422 0.433854
0 0.660938 0.423438 0.678125 0.423438 0.678125 0.445833 0.660938 0.445833
0 0.602734 0.291667 0.623438 0.291667 0.623438 0.314062 0.602734 0.314062
0 0.686719 0.410417 0.707812 0.410417 0.707812 0.43125 0.686719 0.43125
0 0.605469 0.429688 0.623047 0.429688 0.623047 0.453646 0.605469 0.453646
0 0.850391 0.335938 0.865625 0.335938 0.865625 0.354688 0.850391 0.354688
0 0.8375 0.367188 0.851172 0.367188 0.851172 0.391146 0.8375 0.391146
0 0.876953 0.298438 0.889844 0.298438 0.889844 0.322396 0.876953 0.322396
0 0.905078 0.257812 0.917969 0.257812 0.917969 0.275 0.905078 0.275
0 0.894141 0.311458 0.907812 0.311458 0.907812 0.333854 0.894141 0.333854
0 0.873047 0.376042 0.886719 0.376042 0.886719 0.399479 0.873047 0.399479
0 0.521875 0.301042 0.537891 0.301042 0.537891 0.321354 0.521875 0.321354
0 0.924609 0.095312 0.945703 0.095312 0.945703 0.126042 0.924609 0.126042
0 0.930469 0.201562 0.944531 0.201562 0.944531 0.223438 0.930469 0.223438
0 0.926953 0.269271 0.944531 0.269271 0.944531 0.294271 0.926953 0.294271
0 0.914453 0.314062 0.925781 0.314062 0.925781 0.335938 0.914453 0.335938
0 0.951172 0.126042 0.965234 0.126042 0.965234 0.159896 0.951172 0.159896
0 0.624609 0.461979 0.641797 0.461979 0.641797 0.492708 0.624609 0.492708
0 0.374219 0.502083 0.392578 0.502083 0.392578 0.525 0.374219 0.525
0 0.352344 0.517708 0.367188 0.517708 0.367188 0.540625 0.352344 0.540625
0 0.31875 0.540625 0.337109 0.540625 0.337109 0.557292 0.31875 0.557292
0 0.272656 0.532812 0.286328 0.532812 0.286328 0.554688 0.272656 0.554688
0 0.237891 0.525 0.258594 0.525 0.258594 0.546875 0.237891 0.546875
0 0.098828 0.504687 0.112891 0.504687 0.112891 0.534896 0.098828 0.534896
0 0.101562 0.464583 0.118359 0.464583 0.118359 0.482292 0.101562 0.482292
0 0.139062 0.524479 0.154297 0.524479 0.154297 0.544792 0.139062 0.544792
0 0.189062 0.5375 0.203125 0.5375 0.203125 0.557292 0.189062 0.557292
0 0.207812 0.526042 0.225781 0.526042 0.225781 0.542188 0.207812 0.542188
0 0.217188 0.557292 0.232422 0.557292 0.232422 0.572396 0.217188 0.572396
0 0.195703 0.583854 0.218359 0.583854 0.218359 0.60625 0.195703 0.60625
0 0.094141 0.675521 0.110156 0.675521 0.110156 0.695312 0.094141 0.695312
0 0.054688 0.640104 0.071484 0.640104 0.071484 0.660417 0.054688 0.660417
0 0.026562 0.686458 0.040625 0.686458 0.040625 0.705208 0.026562 0.705208
0 0.020703 0.718229 0.032031 0.718229 0.032031 0.746875 0.020703 0.746875
0 0.045312 0.716667 0.059375 0.716667 0.059375 0.735417 0.045312 0.735417
0 0.066797 0.705208 0.078906 0.705208 0.078906 0.729167 0.066797 0.729167
0 0.099609 0.700521 0.112109 0.700521 0.112109 0.719271 0.099609 0.719271
0 0.123047 0.695312 0.1375 0.695312 0.1375 0.713021 0.123047 0.713021
0 0.184375 0.632812 0.199219 0.632812 0.199219 0.660417 0.184375 0.660417
0 0.239062 0.602604 0.254688 0.602604 0.254688 0.620312 0.239062 0.620312
0 0.23125 0.628646 0.246484 0.628646 0.246484 0.642708 0.23125 0.642708
0 0.197656 0.661458 0.211719 0.661458 0.211719 0.680208 0.197656 0.680208
0 0.154297 0.675521 0.167578 0.675521 0.167578 0.696875 0.154297 0.696875
0 0.180469 0.703125 0.192969 0.703125 0.192969 0.725521 0.180469 0.725521
0 0.118359 0.738021 0.132812 0.738021 0.132812 0.756771 0.118359 0.756771
0 0.078906 0.756771 0.098047 0.756771 0.098047 0.774479 0.078906 0.774479
0 0.030078 0.779688 0.040625 0.779688 0.040625 0.803125 0.030078 0.803125
0 0.003906 0.783333 0.015234 0.783333 0.015234 0.810938 0.003906 0.810938
0 0.024609 0.826042 0.039453 0.826042 0.039453 0.841146 0.024609 0.841146
0 0.069531 0.798438 0.088281 0.798438 0.088281 0.818229 0.069531 0.818229
0 0.14375 0.725521 0.159766 0.725521 0.159766 0.744271 0.14375 0.744271
0 0.125 0.773438 0.142188 0.773438 0.142188 0.793229 0.125 0.793229
0 0.150391 0.780729 0.162891 0.780729 0.162891 0.801042 0.150391 0.801042
0 0.207031 0.720312 0.221875 0.720312 0.221875 0.738021 0.207031 0.738021
0 0.282031 0.60625 0.298438 0.60625 0.298438 0.624479 0.282031 0.624479
0 0.268359 0.633333 0.285156 0.633333 0.285156 0.651562 0.268359 0.651562
0 0.228516 0.692708 0.239062 0.692708 0.239062 0.713542 0.228516 0.713542
0 0.244531 0.711979 0.257031 0.711979 0.257031 0.726562 0.244531 0.726562
0 0.263281 0.672396 0.276953 0.672396 0.276953 0.693229 0.263281 0.693229
0 0.301562 0.659896 0.318359 0.659896 0.318359 0.677604 0.301562 0.677604
0 0.33125 0.604167 0.345703 0.604167 0.345703 0.629167 0.33125 0.629167
0 0.362109 0.594271 0.375 0.594271 0.375 0.620312 0.362109 0.620312
0 0.392969 0.590104 0.407422 0.590104 0.407422 0.616667 0.392969 0.616667
0 0.353906 0.641667 0.367578 0.641667 0.367578 0.660938 0.353906 0.660938
0 0.382031 0.627083 0.400781 0.627083 0.400781 0.642708 0.382031 0.642708
0 0.414844 0.624479 0.430078 0.624479 0.430078 0.65 0.414844 0.65
0 0.291016 0.725 0.304688 0.725 0.304688 0.744271 0.291016 0.744271
0 0.247656 0.7625 0.269531 0.7625 0.269531 0.784375 0.247656 0.784375
0 0.185547 0.778125 0.201172 0.778125 0.201172 0.792708 0.185547 0.792708
0 0.194141 0.813542 0.208594 0.813542 0.208594 0.826562 0.194141 0.826562
0 0.191797 0.839062 0.210938 0.839062 0.210938 0.854688 0.191797 0.854688
0 0.313281 0.746875 0.325781 0.746875 0.325781 0.768229 0.313281 0.768229
0 0.3625 0.676562 0.377734 0.676562 0.377734 0.689062 0.3625 0.689062
0 0.408203 0.673438 0.424219 0.673438 0.424219 0.6875 0.408203 0.6875
0 0.375 0.706771 0.389844 0.706771 0.389844 0.731771 0.375 0.731771
0 0.404297 0.726042 0.416797 0.726042 0.416797 0.751562 0.404297 0.751562
0 0.342188 0.748438 0.353125 0.748438 0.353125 0.767708 0.342188 0.767708
0 0.364453 0.75 0.376172 0.75 0.376172 0.765104 0.364453 0.765104
0 0.338281 0.713542 0.350781 0.713542 0.350781 0.728646 0.338281 0.728646
0 0.395703 0.777604 0.410156 0.777604 0.410156 0.8 0.395703 0.8
0 0.347656 0.789062 0.362109 0.789062 0.362109 0.805729 0.347656 0.805729
0 0.365625 0.805729 0.382031 0.805729 0.382031 0.826042 0.365625 0.826042
0 0.410547 0.805208 0.425 0.805208 0.425 0.821875 0.410547 0.821875
0 0.050391 0.852083 0.069531 0.852083 0.069531 0.877604 0.050391 0.877604
0 0.015625 0.846875 0.028516 0.846875 0.028516 0.865625 0.015625 0.865625
0 0.108984 0.836979 0.125781 0.836979 0.125781 0.861458 0.108984 0.861458
0 0.132031 0.826042 0.147656 0.826042 0.147656 0.840625 0.132031 0.840625
0 0.162109 0.820312 0.174219 0.820312 0.174219 0.839062 0.162109 0.839062
0 0.144141 0.866146 0.163672 0.866146 0.163672 0.880729 0.144141 0.880729
0 0.037109 0.917708 0.053125 0.917708 0.053125 0.934896 0.037109 0.934896
0 0.084375 0.905208 0.097266 0.905208 0.097266 0.922396 0.084375 0.922396
0 0.123828 0.909896 0.139062 0.909896 0.139062 0.925 0.123828 0.925
0 0.280469 0.892188 0.294141 0.892188 0.294141 0.9125 0.280469 0.9125
0 0.247266 0.9 0.260156 0.9 0.260156 0.920312 0.247266 0.920312
0 0.224219 0.938542 0.242188 0.938542 0.242188 0.958854 0.224219 0.958854
0 0.087109 0.966667 0.104688 0.966667 0.104688 0.983854 0.087109 0.983854
0 0.110547 0.957812 0.132031 0.957812 0.132031 0.978125 0.110547 0.978125
0 0.195703 0.966667 0.214062 0.966667 0.214062 0.982812 0.195703 0.982812
0 0.171094 0.972396 0.182812 0.972396 0.182812 0.995312 0.171094 0.995312
0 0.304297 0.882812 0.316797 0.882812 0.316797 0.903125 0.304297 0.903125
0 0.284766 0.939583 0.3 0.939583 0.3 0.958854 0.284766 0.958854
0 0.350781 0.886458 0.366797 0.886458 0.366797 0.901042 0.350781 0.901042
0 0.322656 0.863542 0.340625 0.863542 0.340625 0.879688 0.322656 0.879688
0 0.316016 0.947396 0.330469 0.947396 0.330469 0.965625 0.316016 0.965625
0 0.283594 0.979167 0.302344 0.979167 0.302344 0.997396 0.283594 0.997396
0 0.382031 0.878646 0.399219 0.878646 0.399219 0.893229 0.382031 0.893229
0 0.366797 0.922396 0.383984 0.922396 0.383984 0.944271 0.366797 0.944271
0 0.401562 0.927083 0.421094 0.927083 0.421094 0.943229 0.401562 0.943229
0 0.376172 0.974479 0.392578 0.974479 0.392578 0.986979 0.376172 0.986979
0 0.412891 0.954167 0.429688 0.954167 0.429688 0.972396 0.412891 0.972396
0 0.000391 0.919792 0.016406 0.919792 0.016406 0.935417 0.000391 0.935417
0 0.476562 0.504687 0.489844 0.504687 0.489844 0.527604 0.476562 0.527604
0 0.509375 0.513021 0.522656 0.513021 0.522656 0.533854 0.509375 0.533854
0 0.548438 0.566667 0.560547 0.566667 0.560547 0.589062 0.548438 0.589062
0 0.523828 0.632812 0.542188 0.632812 0.542188 0.652604 0.523828 0.652604
0 0.517969 0.670312 0.533594 0.670312 0.533594 0.681771 0.517969 0.681771
0 0.523828 0.709375 0.543359 0.709375 0.543359 0.725521 0.523828 0.725521
0 0.514062 0.751562 0.528906 0.751562 0.528906 0.767708 0.514062 0.767708
0 0.519141 0.785417 0.535938 0.785417 0.535938 0.803125 0.519141 0.803125
0 0.519141 0.819271 0.53125 0.819271 0.53125 0.839062 0.519141 0.839062
0 0.541016 0.804688 0.556641 0.804688 0.556641 0.829167 0.541016 0.829167
0 0.553125 0.727083 0.571484 0.727083 0.571484 0.747917 0.553125 0.747917
0 0.56875 0.66875 0.584766 0.66875 0.584766 0.696354 0.56875 0.696354
0 0.557812 0.608854 0.570312 0.608854 0.570312 0.63125 0.557812 0.63125
0 0.596484 0.775 0.609375 0.775 0.609375 0.796875 0.596484 0.796875
0 0.578906 0.811458 0.592188 0.811458 0.592188 0.830729 0.578906 0.830729
0 0.567188 0.841667 0.583984 0.841667 0.583984 0.869271 0.567188 0.869271
0 0.600781 0.846875 0.613672 0.846875 0.613672 0.871875 0.600781 0.871875
0 0.603125 0.905729 0.624609 0.905729 0.624609 0.923438 0.603125 0.923438
0 0.623047 0.830208 0.638672 0.830208 0.638672 0.861458 0.623047 0.861458
0 0.625 0.790104 0.6375 0.790104 0.6375 0.819271 0.625 0.819271
0 0.637109 0.878125 0.651953 0.878125 0.651953 0.898438 0.637109 0.898438
0 0.660547 0.859896 0.673047 0.859896 0.673047 0.883333 0.660547 0.883333
0 0.646094 0.839583 0.659766 0.839583 0.659766 0.857812 0.646094 0.857812
0 0.577344 0.463021 0.59375 0.463021 0.59375 0.483333 0.577344 0.483333
0 0.600391 0.472396 0.614453 0.472396 0.614453 0.494792 0.600391 0.494792
0 0.612891 0.514062 0.632422 0.514062 0.632422 0.528646 0.612891 0.528646
0 0.558984 0.491146 0.577734 0.491146 0.577734 0.521354 0.558984 0.521354
0 0.539453 0.521875 0.557422 0.521875 0.557422 0.542708 0.539453 0.542708
0 0.672656 0.498958 0.683984 0.498958 0.683984 0.525 0.672656 0.525
0 0.650781 0.513542 0.664453 0.513542 0.664453 0.541667 0.650781 0.541667
0 0.650781 0.564583 0.666797 0.564583 0.666797 0.59375 0.650781 0.59375
0 0.612891 0.541667 0.631641 0.541667 0.631641 0.563021 0.612891 0.563021
0 0.585938 0.557812 0.603516 0.557812 0.603516 0.576562 0.585938 0.576562
0 0.589453 0.585938 0.604688 0.585938 0.604688 0.611458 0.589453 0.611458
0 0.614453 0.584375 0.628906 0.584375 0.628906 0.609375 0.614453 0.609375
0 0.619531 0.638542 0.632422 0.638542 0.632422 0.667708 0.619531 0.667708
0 0.647656 0.625 0.659375 0.625 0.659375 0.651042 0.647656 0.651042
0 0.689844 0.591146 0.704688 0.591146 0.704688 0.613542 0.689844 0.613542
0 0.695703 0.534896 0.711719 0.534896 0.711719 0.553125 0.695703 0.553125
0 0.713281 0.560938 0.730859 0.560938 0.730859 0.577604 0.713281 0.577604
0 0.656641 0.471354 0.672656 0.471354 0.672656 0.494792 0.656641 0.494792
0 0.695703 0.491146 0.710156 0.491146 0.710156 0.506771 0.695703 0.506771
0 0.673828 0.629688 0.689844 0.629688 0.689844 0.652083 0.673828 0.652083
0 0.663672 0.658854 0.678125 0.658854 0.678125 0.682292 0.663672 0.682292
0 0.641016 0.685417 0.656641 0.685417 0.656641 0.708333 0.641016 0.708333
0 0.596094 0.725 0.610547 0.725 0.610547 0.751042 0.596094 0.751042
0 0.682812 0.702604 0.698828 0.702604 0.698828 0.723958 0.682812 0.723958
0 0.656641 0.727083 0.672656 0.727083 0.672656 0.743229 0.656641 0.743229
0 0.662891 0.772396 0.677734 0.772396 0.677734 0.79375 0.662891 0.79375
0 0.703906 0.735938 0.719141 0.735938 0.719141 0.758854 0.703906 0.758854
0 0.700781 0.767708 0.713281 0.767708 0.713281 0.788021 0.700781 0.788021
0 0.682812 0.8 0.692188 0.8 0.692188 0.817188 0.682812 0.817188
0 0.701562 0.638542 0.7125 0.638542 0.7125 0.661979 0.701562 0.661979
0 0.719922 0.621354 0.737109 0.621354 0.737109 0.639583 0.719922 0.639583
0 0.725 0.589062 0.738672 0.589062 0.738672 0.601562 0.725 0.601562
0 0.777344 0.510417 0.789062 0.510417 0.789062 0.533854 0.777344 0.533854
0 0.815625 0.5125 0.831641 0.5125 0.831641 0.541667 0.815625 0.541667
0 0.841406 0.543229 0.852734 0.543229 0.852734 0.567708 0.841406 0.567708
0 0.795312 0.590104 0.809375 0.590104 0.809375 0.615104 0.795312 0.615104
0 0.774219 0.622917 0.789062 0.622917 0.789062 0.649479 0.774219 0.649479
0 0.817969 0.617188 0.832422 0.617188 0.832422 0.641667 0.817969 0.641667
0 0.821484 0.576562 0.835547 0.576562 0.835547 0.598958 0.821484 0.598958
0 0.737891 0.722917 0.75625 0.722917 0.75625 0.750521 0.737891 0.750521
0 0.777344 0.757812 0.790234 0.757812 0.790234 0.779167 0.777344 0.779167
0 0.799219 0.657812 0.812891 0.657812 0.812891 0.68125 0.799219 0.68125
0 0.796094 0.69375 0.810547 0.69375 0.810547 0.721875 0.796094 0.721875
0 0.835547 0.705729 0.85 0.705729 0.85 0.729688 0.835547 0.729688
0 0.771484 0.793229 0.789062 0.793229 0.789062 0.817188 0.771484 0.817188
0 0.721875 0.780208 0.740234 0.780208 0.740234 0.797917 0.721875 0.797917
0 0.778516 0.829688 0.789062 0.829688 0.789062 0.848438 0.778516 0.848438
0 0.877734 0.561979 0.89375 0.561979 0.89375 0.58125 0.877734 0.58125
0 0.871094 0.526042 0.887109 0.526042 0.887109 0.551042 0.871094 0.551042
0 0.884375 0.489062 0.9 0.489062 0.9 0.508333 0.884375 0.508333
0 0.918359 0.376562 0.931641 0.376562 0.931641 0.398958 0.918359 0.398958
0 0.937891 0.349479 0.953125 0.349479 0.953125 0.364583 0.937891 0.364583
0 0.876172 0.603646 0.890625 0.603646 0.890625 0.626042 0.876172 0.626042
0 0.903906 0.732812 0.918359 0.732812 0.918359 0.763021 0.903906 0.763021
0 0.864453 0.75625 0.878516 0.75625 0.878516 0.773438 0.864453 0.773438
0 0.83125 0.76875 0.844141 0.76875 0.844141 0.79375 0.83125 0.79375
0 0.932031 0.736458 0.946875 0.736458 0.946875 0.760938 0.932031 0.760938
0 0.915625 0.675521 0.926562 0.675521 0.926562 0.706771 0.915625 0.706771
0 0.963672 0.7125 0.973828 0.7125 0.973828 0.728125 0.963672 0.728125
0 0.9125 0.610417 0.930078 0.610417 0.930078 0.638542 0.9125 0.638542
0 0.918359 0.563021 0.932812 0.563021 0.932812 0.585938 0.918359 0.585938
0 0.890625 0.671875 0.903906 0.671875 0.903906 0.694792 0.890625 0.694792
0 0.952344 0.413542 0.96875 0.413542 0.96875 0.430729 0.952344 0.430729
0 0.951562 0.371875 0.964453 0.371875 0.964453 0.390104 0.951562 0.390104
0 0.726953 0.86875 0.744531 0.86875 0.744531 0.89375 0.726953 0.89375
0 0.917578 0.872396 0.933203 0.872396 0.933203 0.892708 0.917578 0.892708
0 0.901562 0.899479 0.916797 0.899479 0.916797 0.914062 0.901562 0.914062
0 0.784766 0.866146 0.803125 0.866146 0.803125 0.890625 0.784766 0.890625
0 0.753125 0.945833 0.769531 0.945833 0.769531 0.969271 0.753125 0.969271
0 0.778125 0.9625 0.794141 0.9625 0.794141 0.9875 0.778125 0.9875
0 0.808984 0.958854 0.823828 0.958854 0.823828 0.976562 0.808984 0.976562
0 0.850781 0.966146 0.865625 0.966146 0.865625 0.9875 0.850781 0.9875
0 0.961328 0.313021 0.972656 0.313021 0.972656 0.332812 0.961328 0.332812
0 0.947266 0.226562 0.963672 0.226562 0.963672 0.246875 0.947266 0.246875
0 0.963672 0.180208 0.979688 0.180208 0.979688 0.198958 0.963672 0.198958
0 0.977344 0.110417 0.994922 0.110417 0.994922 0.127604 0.977344 0.127604
0 0.964844 0.271875 0.978125 0.271875 0.978125 0.294271 0.964844 0.294271