0 0.003516 0.117708 0.022656 0.117708 0.022656 0.143229 0.003516 0.143229
0 0.032812 0.146875 0.048828 0.146875 0.048828 0.175 0.032812 0.175
0 0.0 0.157812 0.016797 0.157812 0.016797 0.186979 0.0 0.186979
0 0.010547 0.186979 0.036328 0.186979 0.036328 0.210417 0.010547 0.210417
0 0.029688 0.208333 0.05 0.208333 0.05 0.228646 0.029688 0.228646
0 0.062891 0.2 0.082812 0.2 0.082812 0.23125 0.062891 0.23125
0 0.026172 0.25625 0.045312 0.25625 0.045312 0.277083 0.026172 0.277083
0 0.037891 0.284375 0.061719 0.284375 0.061719 0.308854 0.037891 0.308854
0 0.082031 0.284896 0.102344 0.284896 0.102344 0.308333 0.082031 0.308333
0 0.012891 0.298958 0.033594 0.298958 0.033594 0.323958 0.012891 0.323958
0 0.035156 0.340625 0.058203 0.340625 0.058203 0.368229 0.035156 0.368229
0 0.079297 0.339062 0.100781 0.339062 0.100781 0.370312 0.079297 0.370312
0 0.0 0.384896 0.011328 0.384896 0.011328 0.409375 0.0 0.409375
0 0.025781 0.414583 0.045312 0.414583 0.045312 0.435417 0.025781 0.435417
0 0.0 0.430729 0.013672 0.430729 0.013672 0.45625 0.0 0.45625
0 0.026172 0.459375 0.048438 0.459375 0.048438 0.482812 0.026172 0.482812
0 0.082031 0.41875 0.098438 0.41875 0.098438 0.444792 0.082031 0.444792
0 0.0 0.480729 0.016016 0.480729 0.016016 0.502083 0.0 0.502083
0 0.061719 0.378125 0.082031 0.378125 0.082031 0.398438 0.061719 0.398438
0 0.0 0.524479 0.015234 0.524479 0.015234 0.547917 0.0 0.547917
0 0.034375 0.5 0.055859 0.5 0.055859 0.528646 0.034375 0.528646
0 0.053125 0.523958 0.073047 0.523958 0.073047 0.552604 0.053125 0.552604
0 0.027734 0.557292 0.049219 0.557292 0.049219 0.58125 0.027734 0.58125
0 0.061328 0.580729 0.083984 0.580729 0.083984 0.60625 0.061328 0.60625
0 0.139453 0.572396 0.157812 0.572396 0.157812 0.602604 0.139453 0.602604
0 0.180859 0.571354 0.198828 0.571354 0.198828 0.60625 0.180859 0.60625
0 0.022266 0.594271 0.045312 0.594271 0.045312 0.618229 0.022266 0.618229
0 0.033203 0.63125 0.055859 0.63125 0.055859 0.651562 0.033203 0.651562
0 0.014062 0.724479 0.038281 0.724479 0.038281 0.747396 0.014062 0.747396
0 0.0 0.7 0.008594 0.7 0.008594 0.724479 0.0 0.724479
0 0.0125 0.773958 0.033594 0.773958 0.033594 0.795312 0.0125 0.795312
0 0.080078 0.780208 0.095703 0.780208 0.095703 0.807292 0.080078 0.807292
0 0.112891 0.793229 0.132031 0.793229 0.132031 0.83125 0.112891 0.83125
0 0.121484 0.846354 0.140625 0.846354 0.140625 0.869792 0.121484 0.869792
0 0.155859 0.848438 0.176562 0.848438 0.176562 0.874479 0.155859 0.874479
0 0.130078 0.884375 0.146875 0.884375 0.146875 0.913542 0.130078 0.913542
0 0.0 0.926562 0.016797 0.926562 0.016797 0.952083 0.0 0.952083
0 0.023828 0.95 0.042969 0.95 0.042969 0.975521 0.023828 0.975521
0 0.125 0.061458 0.148828 0.061458 0.148828 0.089583 0.125 0.089583
0 0.175781 0.057292 0.194531 0.057292 0.194531 0.082292 0.175781 0.082292
0 0.203906 0.0375 0.219531 0.0375 0.219531 0.061979 0.203906 0.061979
0 0.235156 0.051042 0.255469 0.051042 0.255469 0.072396 0.235156 0.072396
0 0.228125 0.004167 0.250781 0.004167 0.250781 0.025521 0.228125 0.025521
0 0.259375 0.082812 0.277344 0.082812 0.277344 0.114062 0.259375 0.114062
0 0.225 0.075 0.241797 0.075 0.241797 0.107292 0.225 0.107292
0 0.240625 0.120312 0.263281 0.120312 0.263281 0.147396 0.240625 0.147396
0 0.168359 0.107292 0.183594 0.107292 0.183594 0.136458 0.168359 0.136458
0 0.129688 0.095833 0.151172 0.095833 0.151172 0.117188 0.129688 0.117188
0 0.135938 0.131771 0.157812 0.131771 0.157812 0.154688 0.135938 0.154688
0 0.144922 0.167708 0.163281 0.167708 0.163281 0.188542 0.144922 0.188542
0 0.164844 0.194271 0.180469 0.194271 0.180469 0.214583 0.164844 0.214583
0 0.171094 0.149479 0.190234 0.149479 0.190234 0.171875 0.171094 0.171875
0 0.201953 0.144792 0.220703 0.144792 0.220703 0.174479 0.201953 0.174479
0 0.235547 0.168229 0.25625 0.168229 0.25625 0.199479 0.235547 0.199479
0 0.210938 0.194792 0.226562 0.194792 0.226562 0.228125 0.210938 0.228125
0 0.313281 0.001042 0.335547 0.001042 0.335547 0.026562 0.313281 0.026562
0 0.360547 0.017188 0.383984 0.017188 0.383984 0.040625 0.360547 0.040625
0 0.296094 0.082292 0.317188 0.082292 0.317188 0.105208 0.296094 0.105208
0 0.328125 0.070833 0.344531 0.070833 0.344531 0.101042 0.328125 0.101042
0 0.360156 0.089583 0.380078 0.089583 0.380078 0.108333 0.360156 0.108333
0 0.275 0.178646 0.292578 0.178646 0.292578 0.207812 0.275 0.207812
0 0.298438 0.194792 0.314844 0.194792 0.314844 0.221875 0.298438 0.221875
0 0.3375 0.184375 0.364062 0.184375 0.364062 0.216146 0.3375 0.216146
0 0.328125 0.230729 0.349609 0.230729 0.349609 0.260938 0.328125 0.260938
0 0.248047 0.226042 0.266406 0.226042 0.266406 0.249479 0.248047 0.249479
0 0.280469 0.226042 0.307031 0.226042 0.307031 0.251563 0.280469 0.251563
0 0.266406 0.277604 0.291016 0.277604 0.291016 0.301042 0.266406 0.301042
0 0.196875 0.246875 0.214062 0.246875 0.214062 0.267188 0.196875 0.267188
0 0.380078 0.045312 0.405078 0.045312 0.405078 0.069792 0.380078 0.069792
0 0.463672 0.043229 0.489062 0.043229 0.489062 0.066146 0.463672 0.066146
0 0.519141 0.067188 0.536328 0.067188 0.536328 0.098438 0.519141 0.098438
0 0.533984 0.045833 0.553516 0.045833 0.553516 0.072396 0.533984 0.072396
0 0.567188 0.067188 0.594922 0.067188 0.594922 0.088542 0.567188 0.088542
0 0.566406 0.099479 0.587891 0.099479 0.587891 0.125521 0.566406 0.125521
0 0.45 0.099479 0.46875 0.099479 0.46875 0.116667 0.45 0.116667
0 0.426562 0.115625 0.439453 0.115625 0.439453 0.138021 0.426562 0.138021
0 0.360547 0.145312 0.380078 0.145312 0.380078 0.16875 0.360547 0.16875
0 0.436719 0.166146 0.456641 0.166146 0.456641 0.190104 0.436719 0.190104
0 0.467578 0.164583 0.485938 0.164583 0.485938 0.191146 0.467578 0.191146
0 0.488672 0.185938 0.510938 0.185938 0.510938 0.209375 0.488672 0.209375
0 0.389062 0.227604 0.410547 0.227604 0.410547 0.250521 0.389062 0.250521
0 0.532031 0.000521 0.55625 0.000521 0.55625 0.015625 0.532031 0.015625
0 0.559375 0.010417 0.582422 0.010417 0.582422 0.041146 0.559375 0.041146
0 0.598438 0.028646 0.617969 0.028646 0.617969 0.060938 0.598438 0.060938
0 0.607422 0.081771 0.629297 0.081771 0.629297 0.106771 0.607422 0.106771
0 0.635547 0.0 0.652734 0.0 0.652734 0.027083 0.635547 0.027083
0 0.659766 0.034896 0.680078 0.034896 0.680078 0.058854 0.659766 0.058854
0 0.690234 0.007292 0.707422 0.007292 0.707422 0.039062 0.690234 0.039062
0 0.671094 0.069792 0.694141 0.069792 0.694141 0.094271 0.671094 0.094271
0 0.630078 0.116667 0.650781 0.116667 0.650781 0.154167 0.630078 0.154167
0 0.596094 0.159896 0.615625 0.159896 0.615625 0.188542 0.596094 0.188542
0 0.445312 0.236979 0.460938 0.236979 0.460938 0.266667 0.445312 0.266667
0 0.551172 0.208854 0.571094 0.208854 0.571094 0.233854 0.551172 0.233854
0 0.581641 0.192708 0.603125 0.192708 0.603125 0.217188 0.581641 0.217188
0 0.51875 0.175521 0.539453 0.175521 0.539453 0.194271 0.51875 0.194271
0 0.617578 0.224479 0.633984 0.224479 0.633984 0.253646 0.617578 0.253646
0 0.164453 0.482812 0.178906 0.482812 0.178906 0.510417 0.164453 0.510417
0 0.191016 0.493229 0.208984 0.493229 0.208984 0.519792 0.191016 0.519792
0 0.223438 0.425521 0.244531 0.425521 0.244531 0.445312 0.223438 0.445312
0 0.257812 0.458333 0.28125 0.458333 0.28125 0.48125 0.257812 0.48125
0 0.230469 0.454688 0.249219 0.454688 0.249219 0.480729 0.230469 0.480729
0 0.253906 0.493229 0.273828 0.493229 0.273828 0.517708 0.253906 0.517708
0 0.282031 0.526042 0.3 0.526042 0.3 0.557292 0.282031 0.557292
0 0.230078 0.519271 0.249609 0.519271 0.249609 0.544792 0.230078 0.544792
0 0.125391 0.705208 0.146875 0.705208 0.146875 0.734896 0.125391 0.734896
0 0.166016 0.686458 0.183984 0.686458 0.183984 0.718229 0.166016 0.718229
0 0.158984 0.665104 0.179297 0.665104 0.179297 0.684375 0.158984 0.684375
0 0.195703 0.672917 0.219141 0.672917 0.219141 0.694271 0.195703 0.694271
0 0.231641 0.689062 0.248828 0.689062 0.248828 0.719792 0.231641 0.719792
0 0.26875 0.657812 0.284375 0.657812 0.284375 0.684375 0.26875 0.684375
0 0.213281 0.598958 0.230469 0.598958 0.230469 0.63125 0.213281 0.63125
0 0.166016 0.60625 0.186719 0.60625 0.186719 0.628125 0.166016 0.628125
0 0.24375 0.560417 0.264062 0.560417 0.264062 0.584375 0.24375 0.584375
0 0.300781 0.5625 0.317969 0.5625 0.317969 0.595312 0.300781 0.595312
0 0.110156 0.742188 0.126562 0.742188 0.126562 0.772396 0.110156 0.772396
0 0.149219 0.752083 0.164844 0.752083 0.164844 0.779167 0.149219 0.779167
0 0.183984 0.724479 0.201953 0.724479 0.201953 0.758333 0.183984 0.758333
0 0.1875 0.770312 0.207812 0.770312 0.207812 0.796354 0.1875 0.796354
0 0.26875 0.707812 0.290234 0.707812 0.290234 0.738021 0.26875 0.738021
0 0.303125 0.701562 0.320312 0.701562 0.320312 0.729167 0.303125 0.729167
0 0.258984 0.752083 0.280078 0.752083 0.280078 0.773438 0.258984 0.773438
0 0.264062 0.798438 0.284766 0.798438 0.284766 0.822917 0.264062 0.822917
0 0.228125 0.817708 0.247656 0.817708 0.247656 0.844792 0.228125 0.844792
0 0.197266 0.813021 0.219141 0.813021 0.219141 0.840625 0.197266 0.840625
0 0.255469 0.817188 0.270703 0.817188 0.270703 0.840625 0.255469 0.840625
0 0.357031 0.729688 0.375781 0.729688 0.375781 0.749479 0.357031 0.749479
0 0.332031 0.761979 0.346094 0.761979 0.346094 0.785938 0.332031 0.785938
0 0.160938 0.926562 0.179297 0.926562 0.179297 0.945833 0.160938 0.945833
0 0.186719 0.904167 0.204297 0.904167 0.204297 0.929688 0.186719 0.929688
0 0.176953 0.877604 0.198438 0.877604 0.198438 0.897917 0.176953 0.897917
0 0.213281 0.871875 0.235156 0.871875 0.235156 0.898438 0.213281 0.898438
0 0.251172 0.851042 0.274219 0.851042 0.274219 0.878125 0.251172 0.878125
0 0.259766 0.882292 0.281641 0.882292 0.281641 0.906771 0.259766 0.906771
0 0.216406 0.942708 0.240234 0.942708 0.240234 0.96875 0.216406 0.96875
0 0.320703 0.843229 0.339844 0.843229 0.339844 0.870833 0.320703 0.870833
0 0.230078 0.984896 0.249609 0.984896 0.249609 0.999479 0.230078 0.999479
0 0.298438 0.980729 0.3125 0.980729 0.3125 0.999479 0.298438 0.999479
0 0.401562 0.950521 0.420703 0.950521 0.420703 0.979167 0.401562 0.979167
0 0.413281 0.903125 0.428125 0.903125 0.428125 0.926562 0.413281 0.926562
0 0.360156 0.828125 0.373438 0.828125 0.373438 0.847396 0.360156 0.847396
0 0.388672 0.823438 0.40625 0.823438 0.40625 0.845833 0.388672 0.845833
0 0.439062 0.864583 0.451562 0.864583 0.451562 0.888542 0.439062 0.888542
0 0.465234 0.866667 0.481641 0.866667 0.481641 0.891146 0.465234 0.891146
0 0.472656 0.918229 0.489844 0.918229 0.489844 0.945312 0.472656 0.945312
0 0.314453 0.653646 0.33125 0.653646 0.33125 0.680729 0.314453 0.680729
0 0.396875 0.7125 0.417578 0.7125 0.417578 0.738021 0.396875 0.738021
0 0.392969 0.746875 0.414453 0.746875 0.414453 0.769271 0.392969 0.769271
0 0.402344 0.785938 0.422266 0.785938 0.422266 0.808333 0.402344 0.808333
0 0.432422 0.808333 0.451953 0.808333 0.451953 0.833854 0.432422 0.833854
0 0.457812 0.823958 0.477734 0.823958 0.477734 0.856771 0.457812 0.856771
0 0.476953 0.774479 0.491406 0.774479 0.491406 0.806771 0.476953 0.806771
0 0.504687 0.772917 0.530078 0.772917 0.530078 0.802083 0.504687 0.802083
0 0.536719 0.819271 0.560156 0.819271 0.560156 0.850521 0.536719 0.850521
0 0.469922 0.703125 0.492578 0.703125 0.492578 0.74375 0.469922 0.74375
0 0.410156 0.674479 0.428516 0.674479 0.428516 0.701562 0.410156 0.701562
0 0.426562 0.647917 0.446484 0.647917 0.446484 0.673958 0.426562 0.673958
0 0.483594 0.984896 0.499609 0.984896 0.499609 0.999479 0.483594 0.999479
0 0.507812 0.975 0.528125 0.975 0.528125 0.999479 0.507812 0.999479
0 0.537109 0.942188 0.560547 0.942188 0.560547 0.969271 0.537109 0.969271
0 0.512109 0.913021 0.536719 0.913021 0.536719 0.9375 0.512109 0.9375
0 0.391016 0.331771 0.412109 0.331771 0.412109 0.349479 0.391016 0.349479
0 0.421094 0.346354 0.439453 0.346354 0.439453 0.375 0.421094 0.375
0 0.457031 0.347917 0.481641 0.347917 0.481641 0.372917 0.457031 0.372917
0 0.480469 0.308333 0.499609 0.308333 0.499609 0.338542 0.480469 0.338542
0 0.451172 0.285938 0.46875 0.285938 0.46875 0.307292 0.451172 0.307292
0 0.512109 0.297917 0.529297 0.297917 0.529297 0.327083 0.512109 0.327083
0 0.332422 0.415104 0.347266 0.415104 0.347266 0.442188 0.332422 0.442188
0 0.353906 0.435417 0.373828 0.435417 0.373828 0.461979 0.353906 0.461979
0 0.380859 0.466667 0.394922 0.466667 0.394922 0.492188 0.380859 0.492188
0 0.423828 0.491146 0.444141 0.491146 0.444141 0.514583 0.423828 0.514583
0 0.466016 0.495312 0.483984 0.495312 0.483984 0.521875 0.466016 0.521875
0 0.323438 0.507812 0.338672 0.507812 0.338672 0.534375 0.323438 0.534375
0 0.395703 0.410417 0.414453 0.410417 0.414453 0.434896 0.395703 0.434896
0 0.465234 0.391146 0.480469 0.391146 0.480469 0.418229 0.465234 0.418229
0 0.486328 0.38125 0.505078 0.38125 0.505078 0.407812 0.486328 0.407812
0 0.521875 0.390104 0.541797 0.390104 0.541797 0.418229 0.521875 0.418229
0 0.558203 0.360417 0.573438 0.360417 0.573438 0.388021 0.558203 0.388021
0 0.554297 0.314583 0.571484 0.314583 0.571484 0.336979 0.554297 0.336979
0 0.380078 0.540625 0.394531 0.540625 0.394531 0.567188 0.380078 0.567188
0 0.345312 0.541667 0.364844 0.541667 0.364844 0.566667 0.345312 0.566667
0 0.359375 0.586979 0.375391 0.586979 0.375391 0.616146 0.359375 0.616146
0 0.387109 0.609375 0.407031 0.609375 0.407031 0.640104 0.387109 0.640104
0 0.432422 0.603646 0.448828 0.603646 0.448828 0.632812 0.432422 0.632812
0 0.454297 0.609375 0.469531 0.609375 0.469531 0.642188 0.454297 0.642188
0 0.416406 0.571875 0.432812 0.571875 0.432812 0.596875 0.416406 0.596875
0 0.408594 0.519271 0.430469 0.519271 0.430469 0.542708 0.408594 0.542708
0 0.448828 0.528646 0.465234 0.528646 0.465234 0.558333 0.448828 0.558333
0 0.489844 0.564583 0.501172 0.564583 0.501172 0.596875 0.489844 0.596875
0 0.476562 0.636458 0.492188 0.636458 0.492188 0.669792 0.476562 0.669792
0 0.517969 0.611458 0.538672 0.611458 0.538672 0.639062 0.517969 0.639062
0 0.526953 0.246354 0.545703 0.246354 0.545703 0.270833 0.526953 0.270833
0 0.561328 0.263021 0.578516 0.263021 0.578516 0.295312 0.561328 0.295312
0 0.495312 0.269792 0.514062 0.269792 0.514062 0.288021 0.495312 0.288021
0 0.586328 0.251563 0.606641 0.251563 0.606641 0.280208 0.586328 0.280208
0 0.612891 0.266146 0.628906 0.266146 0.628906 0.284896 0.612891 0.284896
0 0.722656 0.0 0.740625 0.0 0.740625 0.024479 0.722656 0.024479
0 0.790625 0.032812 0.808594 0.032812 0.808594 0.068229 0.790625 0.068229
0 0.824219 0.035417 0.85 0.035417 0.85 0.061979 0.824219 0.061979
0 0.836328 0.070312 0.861719 0.070312 0.861719 0.097396 0.836328 0.097396
0 0.854688 0.099479 0.878516 0.099479 0.878516 0.129688 0.854688 0.129688
0 0.761719 0.069271 0.780859 0.069271 0.780859 0.095312 0.761719 0.095312
0 0.791406 0.103125 0.814062 0.103125 0.814062 0.135417 0.791406 0.135417
0 0.758984 0.110938 0.777344 0.110938 0.777344 0.135938 0.758984 0.135938
0 0.721094 0.129688 0.744922 0.129688 0.744922 0.154688 0.721094 0.154688
0 0.753125 0.169271 0.773438 0.169271 0.773438 0.199479 0.753125 0.199479
0 0.800391 0.151562 0.819922 0.151562 0.819922 0.183854 0.800391 0.183854
0 0.830078 0.156771 0.850781 0.156771 0.850781 0.184896 0.830078 0.184896
0 0.869141 0.154688 0.891406 0.154688 0.891406 0.189062 0.869141 0.189062
0 0.711719 0.200521 0.736328 0.200521 0.736328 0.232812 0.711719 0.232812
0 0.7625 0.230208 0.783594 0.230208 0.783594 0.257292 0.7625 0.257292
0 0.819922 0.211458 0.835938 0.211458 0.835938 0.241667 0.819922 0.241667
0 0.847266 0.20625 0.863281 0.20625 0.863281 0.233854 0.847266 0.233854
0 0.90625 0.219792 0.930469 0.219792 0.930469 0.25 0.90625 0.25
0 0.964453 0.180729 0.983594 0.180729 0.983594 0.210417 0.964453 0.210417
0 0.925781 0.179688 0.939453 0.179688 0.939453 0.202083 0.925781 0.202083
0 0.937109 0.270833 0.957422 0.270833 0.957422 0.3 0.937109 0.3
0 0.889453 0.266667 0.902734 0.266667 0.902734 0.293229 0.889453 0.293229
0 0.684766 0.259375 0.704688 0.259375 0.704688 0.291667 0.684766 0.291667
0 0.725 0.276562 0.741797 0.276562 0.741797 0.302083 0.725 0.302083
0 0.735938 0.240104 0.753516 0.240104 0.753516 0.264062 0.735938 0.264062
0 0.765234 0.271354 0.787109 0.271354 0.787109 0.296354 0.765234 0.296354
0 0.658203 0.296354 0.682031 0.296354 0.682031 0.320833 0.658203 0.320833
0 0.667969 0.326042 0.693359 0.326042 0.693359 0.348958 0.667969 0.348958
0 0.721484 0.330729 0.744922 0.330729 0.744922 0.354167 0.721484 0.354167
0 0.761328 0.314062 0.782812 0.314062 0.782812 0.345833 0.761328 0.345833
0 0.824609 0.280208 0.847266 0.280208 0.847266 0.305729 0.824609 0.305729
0 0.822266 0.320312 0.846484 0.320312 0.846484 0.344792 0.822266 0.344792
0 0.798828 0.347396 0.818359 0.347396 0.818359 0.376042 0.798828 0.376042
0 0.752344 0.357292 0.774219 0.357292 0.774219 0.386979 0.752344 0.386979
0 0.722656 0.389583 0.744531 0.389583 0.744531 0.415625 0.722656 0.415625
0 0.510938 0.560938 0.534375 0.560938 0.534375 0.58125 0.510938 0.58125
0 0.546875 0.578125 0.564062 0.578125 0.564062 0.601562 0.546875 0.601562
0 0.555469 0.607292 0.575391 0.607292 0.575391 0.629688 0.555469 0.629688
0 0.538281 0.527083 0.555469 0.527083 0.555469 0.555208 0.538281 0.555208
0 0.597656 0.509375 0.623438 0.509375 0.623438 0.531771 0.597656 0.531771
0 0.621094 0.536979 0.641406 0.536979 0.641406 0.560938 0.621094 0.560938
0 0.652344 0.522396 0.677344 0.522396 0.677344 0.551562 0.652344 0.551562
0 0.610156 0.469792 0.63125 0.469792 0.63125 0.496354 0.610156 0.496354
0 0.637891 0.467188 0.661719 0.467188 0.661719 0.497396 0.637891 0.497396
0 0.666797 0.452083 0.686328 0.452083 0.686328 0.479688 0.666797 0.479688
0 0.695312 0.454688 0.716797 0.454688 0.716797 0.488021 0.695312 0.488021
0 0.63125 0.427083 0.653125 0.427083 0.653125 0.445833 0.63125 0.445833
0 0.626953 0.402083 0.644531 0.402083 0.644531 0.421354 0.626953 0.421354
0 0.676172 0.410417 0.705469 0.410417 0.705469 0.434375 0.676172 0.434375
0 0.661719 0.366667 0.684766 0.366667 0.684766 0.3875 0.661719 0.3875
0 0.738672 0.419271 0.760547 0.419271 0.760547 0.44375 0.738672 0.44375
0 0.769141 0.440104 0.787891 0.440104 0.787891 0.467188 0.769141 0.467188
0 0.730469 0.458854 0.751953 0.458854 0.751953 0.486458 0.730469 0.486458
0 0.885156 0.329688 0.905859 0.329688 0.905859 0.3625 0.885156 0.3625
0 0.910547 0.340625 0.932031 0.340625 0.932031 0.371875 0.910547 0.371875
0 0.958203 0.350521 0.980078 0.350521 0.980078 0.382812 0.958203 0.382812
0 0.987109 0.339583 0.999609 0.339583 0.999609 0.367708 0.987109 0.367708
0 0.978906 0.383333 0.999609 0.383333 0.999609 0.410938 0.978906 0.410938
0 0.867578 0.392188 0.885938 0.392188 0.885938 0.426562 0.867578 0.426562
0 0.889062 0.411979 0.905469 0.411979 0.905469 0.441667 0.889062 0.441667
0 0.919141 0.391146 0.941797 0.391146 0.941797 0.416667 0.919141 0.416667
0 0.853516 0.429688 0.874219 0.429688 0.874219 0.458333 0.853516 0.458333
0 0.939453 0.430208 0.958594 0.430208 0.958594 0.457292 0.939453 0.457292
0 0.971094 0.442708 0.988672 0.442708 0.988672 0.478125 0.971094 0.478125
0 0.939453 0.475521 0.961328 0.475521 0.961328 0.497396 0.939453 0.497396
0 0.885156 0.476042 0.908203 0.476042 0.908203 0.505729 0.885156 0.505729
0 0.794531 0.490104 0.816406 0.490104 0.816406 0.527604 0.794531 0.527604
0 0.702344 0.515625 0.726562 0.515625 0.726562 0.542708 0.702344 0.542708
0 0.75 0.500521 0.773438 0.500521 0.773438 0.526042 0.75 0.526042
0 0.649219 0.564062 0.671484 0.564062 0.671484 0.583854 0.649219 0.583854
0 0.666406 0.585417 0.685156 0.585417 0.685156 0.613542 0.666406 0.613542
0 0.691406 0.565104 0.706641 0.565104 0.706641 0.592708 0.691406 0.592708
0 0.547656 0.654167 0.570312 0.654167 0.570312 0.675521 0.547656 0.675521
0 0.516016 0.697396 0.535938 0.697396 0.535938 0.725 0.516016 0.725
0 0.544922 0.7 0.563672 0.7 0.563672 0.725521 0.544922 0.725521
0 0.580859 0.685417 0.6 0.685417 0.6 0.713021 0.580859 0.713021
0 0.551562 0.742188 0.579688 0.742188 0.579688 0.770312 0.551562 0.770312
0 0.967188 0.504687 0.984766 0.504687 0.984766 0.53125 0.967188 0.53125
0 0.955859 0.544271 0.982812 0.544271 0.982812 0.569792 0.955859 0.569792
0 0.925391 0.510417 0.950781 0.510417 0.950781 0.536979 0.925391 0.536979
0 0.923828 0.557812 0.953516 0.557812 0.953516 0.584896 0.923828 0.584896
0 0.875781 0.524479 0.895703 0.524479 0.895703 0.551042 0.875781 0.551042
0 0.807422 0.540104 0.826562 0.540104 0.826562 0.568229 0.807422 0.568229
0 0.83125 0.535938 0.848438 0.535938 0.848438 0.559896 0.83125 0.559896
0 0.835547 0.589583 0.857031 0.589583 0.857031 0.625521 0.835547 0.625521
0 0.785156 0.576042 0.805859 0.576042 0.805859 0.601042 0.785156 0.601042
0 0.909766 0.600521 0.932812 0.600521 0.932812 0.627083 0.909766 0.627083
0 0.893359 0.627604 0.911719 0.627604 0.911719 0.65625 0.893359 0.65625
0 0.866406 0.592188 0.887891 0.592188 0.887891 0.627083 0.866406 0.627083
0 0.78125 0.611458 0.805859 0.611458 0.805859 0.634375 0.78125 0.634375
0 0.8125 0.632292 0.83125 0.632292 0.83125 0.663021 0.8125 0.663021
0 0.779688 0.65 0.799609 0.65 0.799609 0.684375 0.779688 0.684375
0 0.742188 0.615625 0.765234 0.615625 0.765234 0.647396 0.742188 0.647396
0 0.668359 0.670312 0.688672 0.670312 0.688672 0.693229 0.668359 0.693229
0 0.660547 0.701562 0.677344 0.701562 0.677344 0.727083 0.660547 0.727083
0 0.696094 0.729688 0.716406 0.729688 0.716406 0.759375 0.696094 0.759375
0 0.733594 0.735938 0.75 0.735938 0.75 0.767708 0.733594 0.767708
0 0.69375 0.692188 0.714062 0.692188 0.714062 0.717188 0.69375 0.717188
0 0.644531 0.718229 0.662891 0.718229 0.662891 0.751562 0.644531 0.751562
0 0.634375 0.749479 0.651172 0.749479 0.651172 0.773958 0.634375 0.773958
0 0.617969 0.776562 0.636328 0.776562 0.636328 0.804688 0.617969 0.804688
0 0.661719 0.792188 0.680078 0.792188 0.680078 0.81875 0.661719 0.81875
0 0.694922 0.788542 0.713281 0.788542 0.713281 0.818229 0.694922 0.818229
0 0.636328 0.829688 0.655469 0.829688 0.655469 0.857292 0.636328 0.857292
0 0.624609 0.868229 0.646094 0.868229 0.646094 0.889583 0.624609 0.889583
0 0.675 0.860938 0.696484 0.860938 0.696484 0.894271 0.675 0.894271
0 0.640625 0.896875 0.660156 0.896875 0.660156 0.919792 0.640625 0.919792
0 0.633594 0.927083 0.656641 0.927083 0.656641 0.947396 0.633594 0.947396
0 0.696875 0.911458 0.726172 0.911458 0.726172 0.9375 0.696875 0.9375
0 0.637891 0.955729 0.659375 0.955729 0.659375 0.978646 0.637891 0.978646
0 0.682422 0.95625 0.708984 0.95625 0.708984 0.983854 0.682422 0.983854
0 0.655469 0.979167 0.68125 0.979167 0.68125 0.999479 0.655469 0.999479
0 0.700781 0.973958 0.723828 0.973958 0.723828 0.999479 0.700781 0.999479
0 0.841406 0.696354 0.85625 0.696354 0.85625 0.71875 0.841406 0.71875
0 0.748438 0.819792 0.764844 0.819792 0.764844 0.842188 0.748438 0.842188
0 0.726172 0.894792 0.742188 0.894792 0.742188 0.923958 0.726172 0.923958