0 0.074219 0.06875 0.113281 0.06875 0.113281 0.105729 0.074219 0.105729
0 0.195703 0.138542 0.210938 0.138542 0.210938 0.166146 0.195703 0.166146
0 0.232422 0.144792 0.258594 0.144792 0.258594 0.169271 0.232422 0.169271
0 0.231641 0.09375 0.25625 0.09375 0.25625 0.123958 0.231641 0.123958
0 0.235156 0.05625 0.257812 0.05625 0.257812 0.084375 0.235156 0.084375
0 0.279297 0.147917 0.296094 0.147917 0.296094 0.172917 0.279297 0.172917
0 0.306641 0.163542 0.321094 0.163542 0.321094 0.178646 0.306641 0.178646
0 0.289453 0.197917 0.3125 0.197917 0.3125 0.221354 0.289453 0.221354
0 0.25625 0.188542 0.275 0.188542 0.275 0.218229 0.25625 0.218229
0 0.216016 0.196354 0.233203 0.196354 0.233203 0.229688 0.216016 0.229688
0 0.242578 0.228125 0.258984 0.228125 0.258984 0.248958 0.242578 0.248958
0 0.195703 0.219271 0.209375 0.219271 0.209375 0.254167 0.195703 0.254167
0 0.1625 0.194271 0.185547 0.194271 0.185547 0.220312 0.1625 0.220312
0 0.153906 0.207812 0.166797 0.207812 0.166797 0.233854 0.153906 0.233854
0 0.122656 0.202604 0.140625 0.202604 0.140625 0.230729 0.122656 0.230729
0 0.102344 0.221354 0.125 0.221354 0.125 0.244271 0.102344 0.244271
0 0.160938 0.245312 0.176953 0.245312 0.176953 0.280208 0.160938 0.280208
0 0.139844 0.268229 0.163281 0.268229 0.163281 0.284896 0.139844 0.284896
0 0.075 0.334375 0.088672 0.334375 0.088672 0.357812 0.075 0.357812
0 0.037109 0.355729 0.048047 0.355729 0.048047 0.373438 0.037109 0.373438
0 0.048047 0.392188 0.059766 0.392188 0.059766 0.414062 0.048047 0.414062
0 0.021875 0.391146 0.034375 0.391146 0.034375 0.416667 0.021875 0.416667
0 0.0 0.403646 0.015234 0.403646 0.015234 0.426042 0.0 0.426042
0 0.076172 0.414062 0.094922 0.414062 0.094922 0.440625 0.076172 0.440625
0 0.041797 0.443229 0.058984 0.443229 0.058984 0.475 0.041797 0.475
0 0.0 0.438021 0.011719 0.438021 0.011719 0.458333 0.0 0.458333
0 0.079297 0.463542 0.102734 0.463542 0.102734 0.484375 0.079297 0.484375
0 0.307422 0.011458 0.328906 0.011458 0.328906 0.032812 0.307422 0.032812
0 0.317578 0.050521 0.337891 0.050521 0.337891 0.070833 0.317578 0.070833
0 0.346094 0.009896 0.369141 0.009896 0.369141 0.034375 0.346094 0.034375
0 0.378125 0.009375 0.404297 0.009375 0.404297 0.032292 0.378125 0.032292
0 0.379297 0.061458 0.401953 0.061458 0.401953 0.097396 0.379297 0.097396
0 0.424609 0.0 0.449219 0.0 0.449219 0.025 0.424609 0.025
0 0.458203 0.023438 0.480078 0.023438 0.480078 0.051042 0.458203 0.051042
0 0.5 0.022917 0.527344 0.022917 0.527344 0.050521 0.5 0.050521
0 0.490625 0.057812 0.510547 0.057812 0.510547 0.080729 0.490625 0.080729
0 0.464453 0.096354 0.486328 0.096354 0.486328 0.120833 0.464453 0.120833
0 0.432422 0.107292 0.460938 0.107292 0.460938 0.130729 0.432422 0.130729
0 0.273828 0.084375 0.29375 0.084375 0.29375 0.115625 0.273828 0.115625
0 0.428906 0.158333 0.454688 0.158333 0.454688 0.183854 0.428906 0.183854
0 0.405469 0.158333 0.421875 0.158333 0.421875 0.186458 0.405469 0.186458
0 0.686328 0.0 0.708984 0.0 0.708984 0.021354 0.686328 0.021354
0 0.707812 0.063021 0.726562 0.063021 0.726562 0.091146 0.707812 0.091146
0 0.664844 0.069271 0.686328 0.069271 0.686328 0.090625 0.664844 0.090625
0 0.664453 0.114062 0.688281 0.114062 0.688281 0.139062 0.664453 0.139062
0 0.662891 0.154167 0.685156 0.154167 0.685156 0.176562 0.662891 0.176562
0 0.698047 0.161458 0.717188 0.161458 0.717188 0.182812 0.698047 0.182812
0 0.735156 0.179688 0.748828 0.179688 0.748828 0.206771 0.735156 0.206771
0 0.70625 0.20625 0.725391 0.20625 0.725391 0.226562 0.70625 0.226562
0 0.730859 0.132292 0.751953 0.132292 0.751953 0.159896 0.730859 0.159896
0 0.758984 0.122396 0.777344 0.122396 0.777344 0.155729 0.758984 0.155729
0 0.753125 0.048958 0.769922 0.048958 0.769922 0.075521 0.753125 0.075521
0 0.776562 0.0625 0.790234 0.0625 0.790234 0.090104 0.776562 0.090104
0 0.800781 0.097917 0.815625 0.097917 0.815625 0.125521 0.800781 0.125521
0 0.810547 0.042708 0.823047 0.042708 0.823047 0.066667 0.810547 0.066667
0 0.826172 0.060938 0.848828 0.060938 0.848828 0.078125 0.826172 0.078125
0 0.833203 0.095833 0.855078 0.095833 0.855078 0.118229 0.833203 0.118229
0 0.822266 0.147396 0.844922 0.147396 0.844922 0.166667 0.822266 0.166667
0 0.813672 0.191146 0.836328 0.191146 0.836328 0.211979 0.813672 0.211979
0 0.776562 0.204167 0.795703 0.204167 0.795703 0.239583 0.776562 0.239583
0 0.859766 0.015625 0.876172 0.015625 0.876172 0.039062 0.859766 0.039062
0 0.530469 0.100521 0.549219 0.100521 0.549219 0.126042 0.530469 0.126042
0 0.556641 0.10625 0.574219 0.10625 0.574219 0.131771 0.556641 0.131771
0 0.513672 0.153646 0.532422 0.153646 0.532422 0.177083 0.513672 0.177083
0 0.480078 0.15 0.494922 0.15 0.494922 0.177604 0.480078 0.177604
0 0.556641 0.180729 0.576953 0.180729 0.576953 0.208333 0.556641 0.208333
0 0.539062 0.209896 0.556641 0.209896 0.556641 0.2375 0.539062 0.2375
0 0.461328 0.2 0.480078 0.2 0.480078 0.221354 0.461328 0.221354
0 0.498047 0.201562 0.523828 0.201562 0.523828 0.225521 0.498047 0.225521
0 0.51875 0.240104 0.535547 0.240104 0.535547 0.265625 0.51875 0.265625
0 0.547266 0.257292 0.564062 0.257292 0.564062 0.29375 0.547266 0.29375
0 0.485547 0.247396 0.509766 0.247396 0.509766 0.279688 0.485547 0.279688
0 0.458984 0.231771 0.48125 0.231771 0.48125 0.259896 0.458984 0.259896
0 0.166797 0.321354 0.190234 0.321354 0.190234 0.349479 0.166797 0.349479
0 0.205859 0.332812 0.21875 0.332812 0.21875 0.360938 0.205859 0.360938
0 0.218359 0.307292 0.240625 0.307292 0.240625 0.33125 0.218359 0.33125
0 0.233984 0.338021 0.256641 0.338021 0.256641 0.358854 0.233984 0.358854
0 0.231641 0.382812 0.254688 0.382812 0.254688 0.396875 0.231641 0.396875
0 0.260938 0.3625 0.278516 0.3625 0.278516 0.394271 0.260938 0.394271
0 0.275391 0.332292 0.296875 0.332292 0.296875 0.35 0.275391 0.35
0 0.270703 0.283854 0.292188 0.283854 0.292188 0.311458 0.270703 0.311458
0 0.305469 0.263542 0.327734 0.263542 0.327734 0.280729 0.305469 0.280729
0 0.302734 0.305208 0.325391 0.305208 0.325391 0.328646 0.302734 0.328646
0 0.291406 0.359896 0.305859 0.359896 0.305859 0.379688 0.291406 0.379688
0 0.323047 0.375521 0.341406 0.375521 0.341406 0.397917 0.323047 0.397917
0 0.345312 0.402604 0.36875 0.402604 0.36875 0.422396 0.345312 0.422396
0 0.136719 0.416146 0.153516 0.416146 0.153516 0.444271 0.136719 0.444271
0 0.172266 0.407292 0.190234 0.407292 0.190234 0.435417 0.172266 0.435417
0 0.199219 0.408854 0.216406 0.408854 0.216406 0.432292 0.199219 0.432292
0 0.213672 0.445312 0.230469 0.445312 0.230469 0.466667 0.213672 0.466667
0 0.190234 0.465104 0.211328 0.465104 0.211328 0.484896 0.190234 0.484896
0 0.155469 0.450521 0.174609 0.450521 0.174609 0.472917 0.155469 0.472917
0 0.275 0.4625 0.297656 0.4625 0.297656 0.484896 0.275 0.484896
0 0.280859 0.404167 0.303516 0.404167 0.303516 0.423438 0.280859 0.423438
0 0.319141 0.428125 0.338672 0.428125 0.338672 0.448958 0.319141 0.448958
0 0.346875 0.481771 0.364453 0.481771 0.364453 0.497917 0.346875 0.497917
0 0.324219 0.505729 0.344531 0.505729 0.344531 0.526562 0.324219 0.526562
0 0.35625 0.546354 0.375781 0.546354 0.375781 0.568229 0.35625 0.568229
0 0.320312 0.561979 0.335547 0.561979 0.335547 0.585938 0.320312 0.585938
0 0.34375 0.576562 0.363281 0.576562 0.363281 0.597396 0.34375 0.597396
0 0.231641 0.497917 0.252344 0.497917 0.252344 0.516667 0.231641 0.516667
0 0.170703 0.513542 0.191406 0.513542 0.191406 0.534896 0.170703 0.534896
0 0.082812 0.525 0.103125 0.525 0.103125 0.542708 0.082812 0.542708
0 0.039453 0.495312 0.056641 0.495312 0.056641 0.521875 0.039453 0.521875
0 0.028906 0.536979 0.047266 0.536979 0.047266 0.558333 0.028906 0.558333
0 0.009766 0.489062 0.032812 0.489062 0.032812 0.507292 0.009766 0.507292
0 0.0 0.575521 0.014062 0.575521 0.014062 0.592188 0.0 0.592188
0 0.045312 0.589062 0.062891 0.589062 0.062891 0.615625 0.045312 0.615625
0 0.078125 0.615625 0.095312 0.615625 0.095312 0.638021 0.078125 0.638021
0 0.091016 0.579688 0.104688 0.579688 0.104688 0.607812 0.091016 0.607812
0 0.018359 0.607292 0.036328 0.607292 0.036328 0.625521 0.018359 0.625521
0 0.045703 0.651562 0.067969 0.651562 0.067969 0.668229 0.045703 0.668229
0 0.0 0.759896 0.009375 0.759896 0.009375 0.782292 0.0 0.782292
0 0.026172 0.743229 0.041797 0.743229 0.041797 0.758854 0.026172 0.758854
0 0.023828 0.797917 0.045703 0.797917 0.045703 0.815104 0.023828 0.815104
0 0.0 0.815104 0.012891 0.815104 0.012891 0.833854 0.0 0.833854
0 0.012109 0.844792 0.030078 0.844792 0.030078 0.873958 0.012109 0.873958
0 0.0 0.951042 0.010938 0.951042 0.010938 0.970833 0.0 0.970833
0 0.025781 0.965104 0.039062 0.965104 0.039062 0.986979 0.025781 0.986979
0 0.041797 0.940625 0.053516 0.940625 0.053516 0.963021 0.041797 0.963021
0 0.064453 0.96875 0.079688 0.96875 0.079688 0.997396 0.064453 0.997396
0 0.086328 0.958333 0.101172 0.958333 0.101172 0.98125 0.086328 0.98125
0 0.046094 0.879688 0.060547 0.879688 0.060547 0.900521 0.046094 0.900521
0 0.0 0.901562 0.016016 0.901562 0.016016 0.920833 0.0 0.920833
0 0.210156 0.602604 0.228906 0.602604 0.228906 0.627083 0.210156 0.627083
0 0.239453 0.600521 0.257812 0.600521 0.257812 0.620833 0.239453 0.620833
0 0.278516 0.611458 0.295703 0.611458 0.295703 0.630208 0.278516 0.630208
0 0.332031 0.624479 0.352344 0.624479 0.352344 0.647917 0.332031 0.647917
0 0.367188 0.622396 0.383203 0.622396 0.383203 0.652604 0.367188 0.652604
0 0.403516 0.608333 0.419922 0.608333 0.419922 0.627083 0.403516 0.627083
0 0.194141 0.658333 0.210547 0.658333 0.210547 0.677604 0.194141 0.677604
0 0.223828 0.654167 0.247266 0.654167 0.247266 0.672917 0.223828 0.672917
0 0.252344 0.638542 0.266406 0.638542 0.266406 0.6625 0.252344 0.6625
0 0.275 0.660417 0.301562 0.660417 0.301562 0.684375 0.275 0.684375
0 0.314844 0.65625 0.326172 0.65625 0.326172 0.682292 0.314844 0.682292
0 0.344141 0.670833 0.363281 0.670833 0.363281 0.691146 0.344141 0.691146
0 0.377344 0.685938 0.392188 0.685938 0.392188 0.711979 0.377344 0.711979
0 0.403125 0.679167 0.416016 0.679167 0.416016 0.705208 0.403125 0.705208
0 0.151562 0.701562 0.169141 0.701562 0.169141 0.722396 0.151562 0.722396
0 0.192188 0.707292 0.211328 0.707292 0.211328 0.728646 0.192188 0.728646
0 0.220312 0.708854 0.244531 0.708854 0.244531 0.732812 0.220312 0.732812
0 0.247266 0.717188 0.270312 0.717188 0.270312 0.738021 0.247266 0.738021
0 0.288672 0.742708 0.306641 0.742708 0.306641 0.758854 0.288672 0.758854
0 0.290234 0.777604 0.308594 0.777604 0.308594 0.796875 0.290234 0.796875
0 0.255078 0.764583 0.274219 0.764583 0.274219 0.784896 0.255078 0.784896
0 0.218359 0.750521 0.246875 0.750521 0.246875 0.770833 0.218359 0.770833
0 0.173438 0.765625 0.19375 0.765625 0.19375 0.780729 0.173438 0.780729
0 0.153516 0.745833 0.178516 0.745833 0.178516 0.767188 0.153516 0.767188
0 0.267188 0.801042 0.2875 0.801042 0.2875 0.820833 0.267188 0.820833
0 0.242578 0.809896 0.253906 0.809896 0.253906 0.830208 0.242578 0.830208
0 0.2125 0.815104 0.226562 0.815104 0.226562 0.832292 0.2125 0.832292
0 0.270312 0.843229 0.288672 0.843229 0.288672 0.858333 0.270312 0.858333
0 0.303516 0.853646 0.322266 0.853646 0.322266 0.870312 0.303516 0.870312
0 0.310938 0.821354 0.331641 0.821354 0.331641 0.843229 0.310938 0.843229
0 0.18125 0.883854 0.203125 0.883854 0.203125 0.904688 0.18125 0.904688
0 0.2125 0.877083 0.226172 0.877083 0.226172 0.898438 0.2125 0.898438
0 0.242578 0.893229 0.265625 0.893229 0.265625 0.919792 0.242578 0.919792
0 0.183984 0.929688 0.203516 0.929688 0.203516 0.945312 0.183984 0.945312
0 0.201562 0.959896 0.221094 0.959896 0.221094 0.980208 0.201562 0.980208
0 0.241016 0.945312 0.255469 0.945312 0.255469 0.971875 0.241016 0.971875
0 0.278906 0.953646 0.293359 0.953646 0.293359 0.984896 0.278906 0.984896
0 0.315625 0.930729 0.338281 0.930729 0.338281 0.961979 0.315625 0.961979
0 0.367969 0.939583 0.394141 0.939583 0.394141 0.961458 0.367969 0.961458
0 0.360547 0.884896 0.383594 0.884896 0.383594 0.909375 0.360547 0.909375
0 0.336719 0.865625 0.357031 0.865625 0.357031 0.889062 0.336719 0.889062
0 0.402344 0.917708 0.420312 0.917708 0.420312 0.933333 0.402344 0.933333
0 0.430078 0.923958 0.446094 0.923958 0.446094 0.95 0.430078 0.95
0 0.898828 0.061979 0.914062 0.061979 0.914062 0.083854 0.898828 0.083854
0 0.874219 0.120312 0.894141 0.120312 0.894141 0.152604 0.874219 0.152604
0 0.930078 0.135938 0.946484 0.135938 0.946484 0.160417 0.930078 0.160417
0 0.875391 0.173958 0.897656 0.173958 0.897656 0.192188 0.875391 0.192188
0 0.866406 0.216667 0.882422 0.216667 0.882422 0.246875 0.866406 0.246875
0 0.837891 0.249479 0.857031 0.249479 0.857031 0.26875 0.837891 0.26875
0 0.443359 0.291667 0.460547 0.291667 0.460547 0.307812 0.443359 0.307812
0 0.428516 0.305208 0.444531 0.305208 0.444531 0.323438 0.428516 0.323438
0 0.444531 0.354167 0.459766 0.354167 0.459766 0.38125 0.444531 0.38125
0 0.485547 0.367188 0.499609 0.367188 0.499609 0.396354 0.485547 0.396354
0 0.505859 0.374479 0.534375 0.374479 0.534375 0.392188 0.505859 0.392188
0 0.54375 0.303125 0.558984 0.303125 0.558984 0.33125 0.54375 0.33125
0 0.5125 0.309375 0.533984 0.309375 0.533984 0.329167 0.5125 0.329167
0 0.565234 0.330208 0.583984 0.330208 0.583984 0.361979 0.565234 0.361979
0 0.580078 0.303125 0.603906 0.303125 0.603906 0.322917 0.580078 0.322917
0 0.586719 0.3625 0.603516 0.3625 0.603516 0.390104 0.586719 0.390104
0 0.596484 0.265104 0.612891 0.265104 0.612891 0.292188 0.596484 0.292188
0 0.623828 0.296875 0.639062 0.296875 0.639062 0.315625 0.623828 0.315625
0 0.65 0.259375 0.663672 0.259375 0.663672 0.28125 0.65 0.28125
0 0.713672 0.253125 0.738281 0.253125 0.738281 0.273958 0.713672 0.273958
0 0.690625 0.326562 0.711328 0.326562 0.711328 0.349479 0.690625 0.349479
0 0.797266 0.260938 0.815625 0.260938 0.815625 0.28125 0.797266 0.28125
0 0.780078 0.2875 0.799219 0.2875 0.799219 0.3125 0.780078 0.3125
0 0.820703 0.3 0.847266 0.3 0.847266 0.320312 0.820703 0.320312
0 0.837109 0.341667 0.858594 0.341667 0.858594 0.358854 0.837109 0.358854
0 0.759375 0.311979 0.785156 0.311979 0.785156 0.330208 0.759375 0.330208
0 0.614062 0.340104 0.632031 0.340104 0.632031 0.365104 0.614062 0.365104
0 0.646484 0.340625 0.6625 0.340625 0.6625 0.36875 0.646484 0.36875
0 0.675 0.353646 0.688672 0.353646 0.688672 0.386458 0.675 0.386458
0 0.884766 0.019271 0.899219 0.019271 0.899219 0.040104 0.884766 0.040104
0 0.889453 0.301562 0.907422 0.301562 0.907422 0.320312 0.889453 0.320312
0 0.880859 0.359896 0.904297 0.359896 0.904297 0.374479 0.880859 0.374479
0 0.774219 0.370312 0.797656 0.370312 0.797656 0.393229 0.774219 0.393229
0 0.499219 0.415104 0.511719 0.415104 0.511719 0.445833 0.499219 0.445833
0 0.526172 0.414062 0.544531 0.414062 0.544531 0.436458 0.526172 0.436458
0 0.592578 0.410938 0.61875 0.410938 0.61875 0.432292 0.592578 0.432292
0 0.488672 0.563021 0.507812 0.563021 0.507812 0.590104 0.488672 0.590104
0 0.514453 0.564062 0.541406 0.564062 0.541406 0.591667 0.514453 0.591667
0 0.513281 0.623958 0.541406 0.623958 0.541406 0.646875 0.513281 0.646875
0 0.571484 0.601042 0.591016 0.601042 0.591016 0.624479 0.571484 0.624479
0 0.594141 0.573438 0.624609 0.573438 0.624609 0.594271 0.594141 0.594271
0 0.596484 0.516146 0.621484 0.516146 0.621484 0.536458 0.596484 0.536458
0 0.632031 0.530208 0.65625 0.530208 0.65625 0.553125 0.632031 0.553125
0 0.328516 0.710938 0.349219 0.710938 0.349219 0.733854 0.328516 0.733854
0 0.359375 0.736979 0.383594 0.736979 0.383594 0.759896 0.359375 0.759896
0 0.385156 0.778646 0.411328 0.778646 0.411328 0.800521 0.385156 0.800521
0 0.431641 0.767708 0.452344 0.767708 0.452344 0.793229 0.431641 0.793229
0 0.422656 0.724479 0.435938 0.724479 0.435938 0.75 0.422656 0.75
0 0.447266 0.726562 0.462109 0.726562 0.462109 0.754688 0.447266 0.754688
0 0.7625 0.486458 0.783594 0.486458 0.783594 0.504167 0.7625 0.504167
0 0.803125 0.511979 0.821875 0.511979 0.821875 0.532812 0.803125 0.532812
0 0.822266 0.534896 0.840625 0.534896 0.840625 0.563021 0.822266 0.563021
0 0.855078 0.534896 0.872656 0.534896 0.872656 0.569792 0.855078 0.569792
0 0.883984 0.560417 0.910156 0.560417 0.910156 0.586458 0.883984 0.586458
0 0.886328 0.509896 0.908984 0.509896 0.908984 0.536458 0.886328 0.536458
0 0.921484 0.500521 0.945703 0.500521 0.945703 0.523438 0.921484 0.523438
0 0.936328 0.535417 0.952734 0.535417 0.952734 0.557292 0.936328 0.557292
0 0.929297 0.570312 0.948438 0.570312 0.948438 0.588542 0.929297 0.588542
0 0.946875 0.6 0.963281 0.6 0.963281 0.61875 0.946875 0.61875
0 0.907422 0.615104 0.927344 0.615104 0.927344 0.644792 0.907422 0.644792
0 0.964844 0.635417 0.976562 0.635417 0.976562 0.653646 0.964844 0.653646
0 0.917188 0.660938 0.9375 0.660938 0.9375 0.679688 0.917188 0.679688
0 0.930078 0.698438 0.945703 0.698438 0.945703 0.723958 0.930078 0.723958
0 0.891797 0.66875 0.907031 0.66875 0.907031 0.705208 0.891797 0.705208
0 0.676562 0.575521 0.692578 0.575521 0.692578 0.6 0.676562 0.6
0 0.716406 0.544792 0.730078 0.544792 0.730078 0.569792 0.716406 0.569792
0 0.746875 0.544792 0.759766 0.544792 0.759766 0.567708 0.746875 0.567708
0 0.535156 0.678125 0.553906 0.678125 0.553906 0.704167 0.535156 0.704167
0 0.576172 0.666146 0.601953 0.666146 0.601953 0.698438 0.576172 0.698438
0 0.591406 0.623438 0.606641 0.623438 0.606641 0.644792 0.591406 0.644792
0 0.627344 0.64375 0.640234 0.64375 0.640234 0.66875 0.627344 0.66875
0 0.658594 0.626562 0.670312 0.626562 0.670312 0.655208 0.658594 0.655208
0 0.771484 0.541146 0.792578 0.541146 0.792578 0.565625 0.771484 0.565625
0 0.777344 0.580208 0.798047 0.580208 0.798047 0.598958 0.777344 0.598958
0 0.789844 0.633333 0.808984 0.633333 0.808984 0.655729 0.789844 0.655729
0 0.746094 0.610417 0.761328 0.610417 0.761328 0.642188 0.746094 0.642188
0 0.720312 0.644792 0.734766 0.644792 0.734766 0.670833 0.720312 0.670833
0 0.690625 0.630729 0.710938 0.630729 0.710938 0.656771 0.690625 0.656771
0 0.8375 0.583333 0.855469 0.583333 0.855469 0.608854 0.8375 0.608854
0 0.861719 0.596875 0.882812 0.596875 0.882812 0.627083 0.861719 0.627083
0 0.838672 0.670312 0.85625 0.670312 0.85625 0.700521 0.838672 0.700521
0 0.862109 0.648438 0.880859 0.648438 0.880859 0.667708 0.862109 0.667708
0 0.670703 0.669271 0.687891 0.669271 0.687891 0.689583 0.670703 0.689583
0 0.719141 0.689062 0.736328 0.689062 0.736328 0.711979 0.719141 0.711979
0 0.776172 0.708854 0.792969 0.708854 0.792969 0.734375 0.776172 0.734375
0 0.797266 0.680208 0.817578 0.680208 0.817578 0.702083 0.797266 0.702083
0 0.808984 0.733333 0.828125 0.733333 0.828125 0.75625 0.808984 0.75625
0 0.861328 0.753646 0.878906 0.753646 0.878906 0.776562 0.861328 0.776562
0 0.871484 0.729688 0.891797 0.729688 0.891797 0.745312 0.871484 0.745312
0 0.830078 0.807292 0.852344 0.807292 0.852344 0.828646 0.830078 0.828646
0 0.769141 0.782292 0.791797 0.782292 0.791797 0.810938 0.769141 0.810938
0 0.798828 0.770833 0.813672 0.770833 0.813672 0.798438 0.798828 0.798438
0 0.739453 0.759375 0.753125 0.759375 0.753125 0.781771 0.739453 0.781771
0 0.755469 0.738021 0.773047 0.738021 0.773047 0.754167 0.755469 0.754167
0 0.64375 0.754688 0.658594 0.754688 0.658594 0.777604 0.64375 0.777604
0 0.605469 0.740104 0.625 0.740104 0.625 0.765104 0.605469 0.765104
0 0.601172 0.786979 0.615234 0.786979 0.615234 0.810938 0.601172 0.810938
0 0.571875 0.785938 0.588281 0.785938 0.588281 0.804688 0.571875 0.804688
0 0.557031 0.749479 0.571875 0.749479 0.571875 0.775 0.557031 0.775
0 0.925781 0.746354 0.937891 0.746354 0.937891 0.767188 0.925781 0.767188
0 0.95 0.745312 0.962109 0.745312 0.962109 0.764062 0.95 0.764062
0 0.649219 0.881771 0.670703 0.881771 0.670703 0.902083 0.649219 0.902083
0 0.692578 0.879167 0.707422 0.879167 0.707422 0.901042 0.692578 0.901042
0 0.625781 0.940104 0.642578 0.940104 0.642578 0.968229 0.625781 0.968229
0 0.651953 0.930729 0.672266 0.930729 0.672266 0.953125 0.651953 0.953125
0 0.690234 0.929167 0.70625 0.929167 0.70625 0.949479 0.690234 0.949479
0 0.726562 0.924479 0.744531 0.924479 0.744531 0.953125 0.726562 0.953125
0 0.760547 0.925521 0.771875 0.925521 0.771875 0.947396 0.760547 0.947396
0 0.719922 0.969792 0.739453 0.969792 0.739453 0.9875 0.719922 0.9875
0 0.683203 0.976562 0.704688 0.976562 0.704688 0.998958 0.683203 0.998958
0 0.648828 0.980208 0.669141 0.980208 0.669141 0.997917 0.648828 0.997917
0 0.822656 0.851562 0.835547 0.851562 0.835547 0.874479 0.822656 0.874479
0 0.839453 0.871875 0.858594 0.871875 0.858594 0.89375 0.839453 0.89375
0 0.871094 0.878125 0.883594 0.878125 0.883594 0.903125 0.871094 0.903125
0 0.888672 0.89375 0.900391 0.89375 0.900391 0.916146 0.888672 0.916146
0 0.885156 0.858333 0.902344 0.858333 0.902344 0.877083 0.885156 0.877083
0 0.913672 0.896875 0.930859 0.896875 0.930859 0.919271 0.913672 0.919271
0 0.920703 0.930729 0.935938 0.930729 0.935938 0.958333 0.920703 0.958333
0 0.913672 0.975 0.930078 0.975 0.930078 0.997917 0.913672 0.997917
0 0.886328 0.939062 0.903125 0.939062 0.903125 0.969271 0.886328 0.969271
0 0.842578 0.960938 0.862891 0.960938 0.862891 0.983333 0.842578 0.983333
0 0.814453 0.980729 0.830859 0.980729 0.830859 0.999479 0.814453 0.999479
0 0.814453 0.918229 0.824609 0.918229 0.824609 0.932812 0.814453 0.932812
0 0.775391 0.967188 0.784766 0.967188 0.784766 0.984896 0.775391 0.984896