0 0.0 0.006771 0.009766 0.006771 0.009766 0.034896 0.0 0.034896
0 0.071875 0.009896 0.0875 0.009896 0.0875 0.033333 0.071875 0.033333
0 0.087891 0.053125 0.103125 0.053125 0.103125 0.078646 0.087891 0.078646
0 0.06875 0.069792 0.083984 0.069792 0.083984 0.092708 0.06875 0.092708
0 0.121094 0.031771 0.138281 0.031771 0.138281 0.049479 0.121094 0.049479
0 0.116406 0.0 0.132812 0.0 0.132812 0.014062 0.116406 0.014062
0 0.155859 0.0 0.169922 0.0 0.169922 0.017188 0.155859 0.017188
0 0.178906 0.0 0.189453 0.0 0.189453 0.023958 0.178906 0.023958
0 0.207422 0.0 0.220312 0.0 0.220312 0.021875 0.207422 0.021875
0 0.182422 0.032292 0.198438 0.032292 0.198438 0.059375 0.182422 0.059375
0 0.161328 0.066146 0.178906 0.066146 0.178906 0.102083 0.161328 0.102083
0 0.203906 0.046875 0.220703 0.046875 0.220703 0.080208 0.203906 0.080208
0 0.211328 0.089583 0.226562 0.089583 0.226562 0.111979 0.211328 0.111979
0 0.24375 0.044792 0.261328 0.044792 0.261328 0.080729 0.24375 0.080729
0 0.288281 0.0 0.301953 0.0 0.301953 0.015104 0.288281 0.015104
0 0.314844 0.004167 0.334375 0.004167 0.334375 0.027083 0.314844 0.027083
0 0.285938 0.028646 0.308594 0.028646 0.308594 0.045833 0.285938 0.045833
0 0.0 0.1625 0.011719 0.1625 0.011719 0.194271 0.0 0.194271
0 0.034375 0.138021 0.055078 0.138021 0.055078 0.164062 0.034375 0.164062
0 0.027734 0.185938 0.046484 0.185938 0.046484 0.209896 0.027734 0.209896
0 0.071875 0.203646 0.09375 0.203646 0.09375 0.233854 0.071875 0.233854
0 0.000781 0.238021 0.024219 0.238021 0.024219 0.265104 0.000781 0.265104
0 0.036328 0.241146 0.052344 0.241146 0.052344 0.270312 0.036328 0.270312
0 0.084766 0.244792 0.102734 0.244792 0.102734 0.270312 0.084766 0.270312
0 0.0 0.291667 0.007422 0.291667 0.007422 0.322396 0.0 0.322396
0 0.055859 0.288021 0.072266 0.288021 0.072266 0.317188 0.055859 0.317188
0 0.119531 0.271875 0.138672 0.271875 0.138672 0.298958 0.119531 0.298958
0 0.002734 0.346875 0.017188 0.346875 0.017188 0.377604 0.002734 0.377604
0 0.051172 0.340625 0.066406 0.340625 0.066406 0.367188 0.051172 0.367188
0 0.100781 0.326562 0.116797 0.326562 0.116797 0.360417 0.100781 0.360417
0 0.0 0.388542 0.009375 0.388542 0.009375 0.409896 0.0 0.409896
0 0.037109 0.379167 0.057812 0.379167 0.057812 0.405208 0.037109 0.405208
0 0.014844 0.433333 0.029688 0.433333 0.029688 0.463021 0.014844 0.463021
0 0.095312 0.377083 0.113281 0.377083 0.113281 0.397917 0.095312 0.397917
0 0.132422 0.372917 0.146875 0.372917 0.146875 0.397917 0.132422 0.397917
0 0.153516 0.353646 0.167578 0.353646 0.167578 0.385417 0.153516 0.385417
0 0.171094 0.388542 0.187891 0.388542 0.187891 0.417708 0.171094 0.417708
0 0.090234 0.410417 0.112109 0.410417 0.112109 0.43125 0.090234 0.43125
0 0.283594 0.067708 0.301172 0.067708 0.301172 0.092708 0.283594 0.092708
0 0.335938 0.041146 0.355469 0.041146 0.355469 0.065104 0.335938 0.065104
0 0.365625 0.0 0.383984 0.0 0.383984 0.016146 0.365625 0.016146
0 0.301953 0.090104 0.316406 0.090104 0.316406 0.119271 0.301953 0.119271
0 0.325781 0.100521 0.344531 0.100521 0.344531 0.127604 0.325781 0.127604
0 0.349219 0.073438 0.368359 0.073438 0.368359 0.1 0.349219 0.1
0 0.402734 0.0 0.415234 0.0 0.415234 0.011458 0.402734 0.011458
0 0.374219 0.047917 0.389453 0.047917 0.389453 0.073958 0.374219 0.073958
0 0.369531 0.109375 0.389453 0.109375 0.389453 0.135417 0.369531 0.135417
0 0.403125 0.083854 0.420703 0.083854 0.420703 0.108333 0.403125 0.108333
0 0.333984 0.129688 0.351172 0.129688 0.351172 0.160938 0.333984 0.160938
0 0.359766 0.155208 0.375781 0.155208 0.375781 0.183333 0.359766 0.183333
0 0.391797 0.167708 0.410547 0.167708 0.410547 0.198438 0.391797 0.198438
0 0.429688 0.127604 0.444922 0.127604 0.444922 0.151562 0.429688 0.151562
0 0.446094 0.167708 0.464453 0.167708 0.464453 0.198438 0.446094 0.198438
0 0.454297 0.036979 0.46875 0.036979 0.46875 0.060417 0.454297 0.060417
0 0.448828 0.097917 0.465625 0.097917 0.465625 0.121354 0.448828 0.121354
0 0.491016 0.102083 0.506641 0.102083 0.506641 0.133854 0.491016 0.133854
0 0.512109 0.076042 0.530859 0.076042 0.530859 0.091146 0.512109 0.091146
0 0.530469 0.101562 0.548438 0.101562 0.548438 0.118229 0.530469 0.118229
0 0.458984 0.134896 0.480859 0.134896 0.480859 0.165625 0.458984 0.165625
0 0.502344 0.138542 0.519922 0.138542 0.519922 0.160938 0.502344 0.160938
0 0.53125 0.140104 0.55 0.140104 0.55 0.158333 0.53125 0.158333
0 0.209766 0.126562 0.226562 0.126562 0.226562 0.153125 0.209766 0.153125
0 0.238672 0.148958 0.253125 0.148958 0.253125 0.171875 0.238672 0.171875
0 0.285938 0.150521 0.302734 0.150521 0.302734 0.186979 0.285938 0.186979
0 0.250391 0.183854 0.269531 0.183854 0.269531 0.20625 0.250391 0.20625
0 0.215234 0.175521 0.231641 0.175521 0.231641 0.205208 0.215234 0.205208
0 0.316016 0.183333 0.332812 0.183333 0.332812 0.209896 0.316016 0.209896
0 0.341406 0.198438 0.355078 0.198438 0.355078 0.224479 0.341406 0.224479
0 0.273438 0.209896 0.2875 0.209896 0.2875 0.241146 0.273438 0.241146
0 0.321094 0.226042 0.335547 0.226042 0.335547 0.259375 0.321094 0.259375
0 0.321094 0.282812 0.335547 0.282812 0.335547 0.30625 0.321094 0.30625
0 0.34375 0.257292 0.359375 0.257292 0.359375 0.281771 0.34375 0.281771
0 0.435156 0.225 0.448828 0.225 0.448828 0.244792 0.435156 0.244792
0 0.45625 0.254688 0.478516 0.254688 0.478516 0.277083 0.45625 0.277083
0 0.474219 0.182292 0.49375 0.182292 0.49375 0.207812 0.474219 0.207812
0 0.5125 0.216146 0.532812 0.216146 0.532812 0.244271 0.5125 0.244271
0 0.546484 0.18125 0.5625 0.18125 0.5625 0.210417 0.546484 0.210417
0 0.603906 0.002083 0.625781 0.002083 0.625781 0.025521 0.603906 0.025521
0 0.64375 0.022917 0.660547 0.022917 0.660547 0.05 0.64375 0.05
0 0.60625 0.039583 0.626562 0.039583 0.626562 0.060938 0.60625 0.060938
0 0.640234 0.08125 0.653906 0.08125 0.653906 0.109375 0.640234 0.109375
0 0.779297 0.00625 0.796094 0.00625 0.796094 0.027604 0.779297 0.027604
0 0.761719 0.034896 0.783984 0.034896 0.783984 0.052083 0.761719 0.052083
0 0.808984 0.048958 0.832031 0.048958 0.832031 0.070312 0.808984 0.070312
0 0.755859 0.0875 0.782031 0.0875 0.782031 0.115625 0.755859 0.115625
0 0.719141 0.135417 0.742578 0.135417 0.742578 0.159375 0.719141 0.159375
0 0.801172 0.094271 0.825391 0.094271 0.825391 0.109896 0.801172 0.109896
0 0.84375 0.089062 0.874219 0.089062 0.874219 0.109375 0.84375 0.109375
0 0.852344 0.027083 0.869531 0.027083 0.869531 0.053646 0.852344 0.053646
0 0.889062 0.0625 0.908203 0.0625 0.908203 0.088542 0.889062 0.088542
0 0.791016 0.136458 0.806641 0.136458 0.806641 0.169271 0.791016 0.169271
0 0.762109 0.177083 0.777344 0.177083 0.777344 0.20625 0.762109 0.20625
0 0.797266 0.196354 0.816016 0.196354 0.816016 0.226562 0.797266 0.226562
0 0.841797 0.190104 0.862891 0.190104 0.862891 0.210417 0.841797 0.210417
0 0.842969 0.156771 0.864062 0.156771 0.864062 0.177604 0.842969 0.177604
0 0.828516 0.124479 0.845703 0.124479 0.845703 0.150521 0.828516 0.150521
0 0.867969 0.125521 0.890625 0.125521 0.890625 0.146354 0.867969 0.146354
0 0.883984 0.163542 0.903906 0.163542 0.903906 0.183333 0.883984 0.183333
0 0.837109 0.234375 0.858594 0.234375 0.858594 0.261458 0.837109 0.261458
0 0.880469 0.238021 0.896094 0.238021 0.896094 0.269792 0.880469 0.269792
0 0.860547 0.270833 0.876172 0.270833 0.876172 0.295833 0.860547 0.295833
0 0.171094 0.322396 0.182422 0.322396 0.182422 0.342708 0.171094 0.342708
0 0.200781 0.355208 0.214844 0.355208 0.214844 0.383333 0.200781 0.383333
0 0.229688 0.336458 0.250781 0.336458 0.250781 0.371875 0.229688 0.371875
0 0.245312 0.389062 0.261328 0.389062 0.261328 0.410938 0.245312 0.410938
0 0.021094 0.494271 0.036328 0.494271 0.036328 0.520833 0.021094 0.520833
0 0.044922 0.49375 0.060938 0.49375 0.060938 0.524479 0.044922 0.524479
0 0.069922 0.459375 0.087891 0.459375 0.087891 0.490104 0.069922 0.490104
0 0.095703 0.503125 0.112109 0.503125 0.112109 0.531771 0.095703 0.531771
0 0.133984 0.479688 0.150781 0.479688 0.150781 0.50625 0.133984 0.50625
0 0.142188 0.429167 0.15625 0.429167 0.15625 0.467188 0.142188 0.467188
0 0.169922 0.440104 0.183594 0.440104 0.183594 0.471354 0.169922 0.471354
0 0.205078 0.419792 0.221875 0.419792 0.221875 0.447396 0.205078 0.447396
0 0.234375 0.421354 0.251563 0.421354 0.251563 0.446875 0.234375 0.446875
0 0.207422 0.45625 0.221484 0.45625 0.221484 0.489583 0.207422 0.489583
0 0.075781 0.567188 0.094531 0.567188 0.094531 0.590104 0.075781 0.590104
0 0.141406 0.529688 0.150781 0.529688 0.150781 0.55625 0.141406 0.55625
0 0.182422 0.515625 0.196094 0.515625 0.196094 0.545833 0.182422 0.545833
0 0.205859 0.502604 0.223438 0.502604 0.223438 0.527083 0.205859 0.527083
0 0.025781 0.806771 0.055078 0.806771 0.055078 0.829688 0.025781 0.829688
0 0.091016 0.794792 0.116406 0.794792 0.116406 0.814062 0.091016 0.814062
0 0.110938 0.830729 0.133594 0.830729 0.133594 0.855729 0.110938 0.855729
0 0.073828 0.816667 0.098828 0.816667 0.098828 0.845833 0.073828 0.845833
0 0.078906 0.761458 0.098047 0.761458 0.098047 0.785417 0.078906 0.785417
0 0.058984 0.735417 0.080859 0.735417 0.080859 0.757812 0.058984 0.757812
0 0.007031 0.842708 0.033984 0.842708 0.033984 0.867188 0.007031 0.867188
0 0.046484 0.859896 0.069531 0.859896 0.069531 0.888542 0.046484 0.888542
0 0.0125 0.938542 0.027344 0.938542 0.027344 0.963542 0.0125 0.963542
0 0.040234 0.920312 0.063672 0.920312 0.063672 0.938542 0.040234 0.938542
0 0.083594 0.91875 0.097656 0.91875 0.097656 0.942708 0.083594 0.942708
0 0.011719 0.978125 0.025 0.978125 0.025 0.999479 0.011719 0.999479
0 0.045312 0.958333 0.064453 0.958333 0.064453 0.976042 0.045312 0.976042
0 0.041016 0.984896 0.055078 0.984896 0.055078 0.999479 0.041016 0.999479
0 0.082031 0.965104 0.094141 0.965104 0.094141 0.9875 0.082031 0.9875
0 0.107812 0.947396 0.124219 0.947396 0.124219 0.977083 0.107812 0.977083
0 0.119922 0.897396 0.136719 0.897396 0.136719 0.925521 0.119922 0.925521
0 0.138672 0.966146 0.155469 0.966146 0.155469 0.994792 0.138672 0.994792
0 0.184375 0.9625 0.198438 0.9625 0.198438 0.99375 0.184375 0.99375
0 0.175781 0.914062 0.189062 0.914062 0.189062 0.943229 0.175781 0.943229
0 0.155859 0.89375 0.171094 0.89375 0.171094 0.923958 0.155859 0.923958
0 0.200781 0.907292 0.218359 0.907292 0.218359 0.93125 0.200781 0.93125
0 0.139453 0.857292 0.159766 0.857292 0.159766 0.873958 0.139453 0.873958
0 0.171875 0.842708 0.194141 0.842708 0.194141 0.866146 0.171875 0.866146
0 0.223828 0.955208 0.239844 0.955208 0.239844 0.979688 0.223828 0.979688
0 0.247656 0.969271 0.267188 0.969271 0.267188 0.990625 0.247656 0.990625
0 0.25 0.938542 0.267188 0.938542 0.267188 0.956771 0.25 0.956771
0 0.224609 0.888542 0.237891 0.888542 0.237891 0.915625 0.224609 0.915625
0 0.253906 0.866667 0.26875 0.866667 0.26875 0.890625 0.253906 0.890625
0 0.264844 0.911979 0.275391 0.911979 0.275391 0.934375 0.264844 0.934375
0 0.243359 0.886458 0.253906 0.886458 0.253906 0.905729 0.243359 0.905729
0 0.088672 0.709896 0.108984 0.709896 0.108984 0.736458 0.088672 0.736458
0 0.108984 0.729688 0.124609 0.729688 0.124609 0.754167 0.108984 0.754167
0 0.128906 0.76875 0.151953 0.76875 0.151953 0.789583 0.128906 0.789583
0 0.167969 0.765104 0.186719 0.765104 0.186719 0.788542 0.167969 0.788542
0 0.189844 0.792708 0.213281 0.792708 0.213281 0.814062 0.189844 0.814062
0 0.218359 0.821354 0.235547 0.821354 0.235547 0.854167 0.218359 0.854167
0 0.257422 0.803646 0.273047 0.803646 0.273047 0.829688 0.257422 0.829688
0 0.189844 0.734896 0.20625 0.734896 0.20625 0.754688 0.189844 0.754688
0 0.415625 0.977083 0.434375 0.977083 0.434375 0.997396 0.415625 0.997396
0 0.44375 0.954167 0.461328 0.954167 0.461328 0.982292 0.44375 0.982292
0 0.470312 0.941146 0.487109 0.941146 0.487109 0.975 0.470312 0.975
0 0.401172 0.933854 0.419922 0.933854 0.419922 0.958854 0.401172 0.958854
0 0.378516 0.895312 0.398438 0.895312 0.398438 0.925521 0.378516 0.925521
0 0.347266 0.867708 0.363281 0.867708 0.363281 0.889062 0.347266 0.889062
0 0.347266 0.792708 0.364062 0.792708 0.364062 0.818229 0.347266 0.818229
0 0.3625 0.830208 0.381641 0.830208 0.381641 0.850521 0.3625 0.850521
0 0.377734 0.860938 0.391016 0.860938 0.391016 0.886979 0.377734 0.886979
0 0.410938 0.863021 0.426172 0.863021 0.426172 0.895312 0.410938 0.895312
0 0.450781 0.861979 0.465625 0.861979 0.465625 0.89375 0.450781 0.89375
0 0.476562 0.8875 0.49375 0.8875 0.49375 0.914062 0.476562 0.914062
0 0.489062 0.9125 0.511328 0.9125 0.511328 0.934896 0.489062 0.934896
0 0.505859 0.9375 0.525391 0.9375 0.525391 0.959375 0.505859 0.959375
0 0.522266 0.9125 0.542188 0.9125 0.542188 0.935417 0.522266 0.935417
0 0.507422 0.968229 0.532031 0.968229 0.532031 0.989583 0.507422 0.989583
0 0.549219 0.956771 0.561719 0.956771 0.561719 0.979688 0.549219 0.979688
0 0.339453 0.706771 0.369141 0.706771 0.369141 0.734375 0.339453 0.734375
0 0.381641 0.783854 0.396484 0.783854 0.396484 0.813021 0.381641 0.813021
0 0.407422 0.802604 0.424219 0.802604 0.424219 0.83125 0.407422 0.83125
0 0.4375 0.819792 0.454688 0.819792 0.454688 0.848958 0.4375 0.848958
0 0.457031 0.789583 0.475781 0.789583 0.475781 0.816667 0.457031 0.816667
0 0.482422 0.814062 0.497656 0.814062 0.497656 0.842708 0.482422 0.842708
0 0.422266 0.755208 0.436719 0.755208 0.436719 0.778125 0.422266 0.778125
0 0.507422 0.857812 0.524219 0.857812 0.524219 0.883854 0.507422 0.883854
0 0.375391 0.196354 0.389062 0.196354 0.389062 0.227604 0.375391 0.227604
0 0.389453 0.368229 0.408984 0.368229 0.408984 0.388542 0.389453 0.388542
0 0.425 0.380208 0.445312 0.380208 0.445312 0.404688 0.425 0.404688
0 0.467578 0.309896 0.487891 0.309896 0.487891 0.340104 0.467578 0.340104
0 0.505078 0.332812 0.521484 0.332812 0.521484 0.361458 0.505078 0.361458
0 0.533203 0.368229 0.549609 0.368229 0.549609 0.396354 0.533203 0.396354
0 0.524609 0.313021 0.55 0.313021 0.55 0.3375 0.524609 0.3375
0 0.505078 0.267708 0.526172 0.267708 0.526172 0.293229 0.505078 0.293229
0 0.397656 0.407292 0.414453 0.407292 0.414453 0.433854 0.397656 0.433854
0 0.373047 0.418229 0.392578 0.418229 0.392578 0.439583 0.373047 0.439583
0 0.338281 0.450521 0.353906 0.450521 0.353906 0.473958 0.338281 0.473958
0 0.371484 0.448958 0.395312 0.448958 0.395312 0.472396 0.371484 0.472396
0 0.424609 0.411458 0.443359 0.411458 0.443359 0.435417 0.424609 0.435417
0 0.338281 0.515104 0.358594 0.515104 0.358594 0.540104 0.338281 0.540104
0 0.369531 0.492708 0.391797 0.492708 0.391797 0.513021 0.369531 0.513021
0 0.408203 0.49375 0.428125 0.49375 0.428125 0.521354 0.408203 0.521354
0 0.329688 0.54375 0.346875 0.54375 0.346875 0.561458 0.329688 0.561458
0 0.371484 0.544271 0.389844 0.544271 0.389844 0.575521 0.371484 0.575521
0 0.3375 0.582292 0.357422 0.582292 0.357422 0.615625 0.3375 0.615625
0 0.375781 0.610417 0.401953 0.610417 0.401953 0.632292 0.375781 0.632292
0 0.392969 0.574479 0.411719 0.574479 0.411719 0.597917 0.392969 0.597917
0 0.417969 0.595833 0.432031 0.595833 0.432031 0.625521 0.417969 0.625521
0 0.440625 0.598438 0.462891 0.598438 0.462891 0.621875 0.440625 0.621875
0 0.430078 0.545833 0.448828 0.545833 0.448828 0.577604 0.430078 0.577604
0 0.460547 0.533854 0.483594 0.533854 0.483594 0.565104 0.460547 0.565104
0 0.440234 0.444792 0.4625 0.444792 0.4625 0.470312 0.440234 0.470312
0 0.454297 0.485938 0.473828 0.485938 0.473828 0.511458 0.454297 0.511458
0 0.483594 0.491667 0.497656 0.491667 0.497656 0.520312 0.483594 0.520312
0 0.494922 0.524479 0.511719 0.524479 0.511719 0.548958 0.494922 0.548958
0 0.510547 0.575 0.526953 0.575 0.526953 0.60625 0.510547 0.60625
0 0.548438 0.571875 0.565625 0.571875 0.565625 0.602604 0.548438 0.602604
0 0.535547 0.5125 0.547266 0.5125 0.547266 0.536979 0.535547 0.536979
0 0.565625 0.520312 0.576953 0.520312 0.576953 0.546875 0.565625 0.546875
0 0.517969 0.471875 0.544141 0.471875 0.544141 0.491667 0.517969 0.491667
0 0.515625 0.416146 0.540625 0.416146 0.540625 0.435417 0.515625 0.435417
0 0.564453 0.428646 0.588672 0.428646 0.588672 0.454688 0.564453 0.454688
0 0.547266 0.265104 0.560938 0.265104 0.560938 0.294792 0.547266 0.294792
0 0.634766 0.255729 0.652344 0.255729 0.652344 0.282812 0.634766 0.282812
0 0.611719 0.245833 0.627734 0.245833 0.627734 0.276042 0.611719 0.276042
0 0.589062 0.223958 0.605078 0.223958 0.605078 0.25 0.589062 0.25
0 0.587109 0.314583 0.605469 0.314583 0.605469 0.344271 0.587109 0.344271
0 0.619141 0.330208 0.640234 0.330208 0.640234 0.366146 0.619141 0.366146
0 0.660547 0.283333 0.68125 0.283333 0.68125 0.309896 0.660547 0.309896
0 0.652734 0.325 0.669922 0.325 0.669922 0.355208 0.652734 0.355208
0 0.68125 0.327083 0.698828 0.327083 0.698828 0.355208 0.68125 0.355208
0 0.714844 0.357812 0.739453 0.357812 0.739453 0.379688 0.714844 0.379688
0 0.764062 0.322396 0.783594 0.322396 0.783594 0.352604 0.764062 0.352604
0 0.798828 0.348958 0.826562 0.348958 0.826562 0.369792 0.798828 0.369792
0 0.826562 0.371875 0.846484 0.371875 0.846484 0.388542 0.826562 0.388542
0 0.862109 0.374479 0.879688 0.374479 0.879688 0.398438 0.862109 0.398438
0 0.599219 0.398958 0.622266 0.398958 0.622266 0.426042 0.599219 0.426042
0 0.643359 0.425 0.664062 0.425 0.664062 0.444271 0.643359 0.444271
0 0.663672 0.403125 0.6875 0.403125 0.6875 0.421354 0.663672 0.421354
0 0.702344 0.382812 0.717969 0.382812 0.717969 0.405208 0.702344 0.405208
0 0.738281 0.380208 0.758984 0.380208 0.758984 0.399479 0.738281 0.399479
0 0.765625 0.369271 0.784766 0.369271 0.784766 0.388021 0.765625 0.388021
0 0.735938 0.410417 0.757812 0.410417 0.757812 0.431771 0.735938 0.431771
0 0.767188 0.409896 0.782422 0.409896 0.782422 0.432812 0.767188 0.432812
0 0.701953 0.422396 0.724219 0.422396 0.724219 0.440625 0.701953 0.440625
0 0.821875 0.409375 0.842969 0.409375 0.842969 0.432292 0.821875 0.432292
0 0.807812 0.444792 0.825391 0.444792 0.825391 0.466667 0.807812 0.466667
0 0.785156 0.454167 0.801172 0.454167 0.801172 0.482812 0.785156 0.482812
0 0.755078 0.450521 0.769141 0.450521 0.769141 0.477604 0.755078 0.477604
0 0.830469 0.471354 0.85 0.471354 0.85 0.49375 0.830469 0.49375
0 0.804688 0.499479 0.828516 0.499479 0.828516 0.523958 0.804688 0.523958
0 0.700781 0.455208 0.721484 0.455208 0.721484 0.477604 0.700781 0.477604
0 0.701562 0.495833 0.726953 0.495833 0.726953 0.51875 0.701562 0.51875
0 0.644922 0.507812 0.662109 0.507812 0.662109 0.532812 0.644922 0.532812
0 0.675781 0.516146 0.692578 0.516146 0.692578 0.536458 0.675781 0.536458
0 0.592188 0.520833 0.60625 0.520833 0.60625 0.547396 0.592188 0.547396
0 0.614844 0.550521 0.628906 0.550521 0.628906 0.579167 0.614844 0.579167
0 0.685547 0.551562 0.700391 0.551562 0.700391 0.580208 0.685547 0.580208
0 0.703906 0.583333 0.717578 0.583333 0.717578 0.605729 0.703906 0.605729
0 0.741406 0.572396 0.755859 0.572396 0.755859 0.603125 0.741406 0.603125
0 0.751172 0.536458 0.773828 0.536458 0.773828 0.55625 0.751172 0.55625
0 0.716797 0.530208 0.735156 0.530208 0.735156 0.550521 0.716797 0.550521
0 0.795312 0.547917 0.813672 0.547917 0.813672 0.566667 0.795312 0.566667
0 0.765234 0.576562 0.784375 0.576562 0.784375 0.6 0.765234 0.6
0 0.825391 0.5625 0.845703 0.5625 0.845703 0.580208 0.825391 0.580208
0 0.782031 0.613542 0.802344 0.613542 0.802344 0.633333 0.782031 0.633333
0 0.567969 0.772917 0.585547 0.772917 0.585547 0.807292 0.567969 0.807292
0 0.595703 0.756771 0.611328 0.756771 0.611328 0.783854 0.595703 0.783854
0 0.630859 0.772396 0.644922 0.772396 0.644922 0.796875 0.630859 0.796875
0 0.607031 0.722917 0.629688 0.722917 0.629688 0.743229 0.607031 0.743229
0 0.687109 0.765104 0.7 0.765104 0.7 0.785417 0.687109 0.785417
0 0.676172 0.807292 0.691016 0.807292 0.691016 0.832292 0.676172 0.832292
0 0.707031 0.818229 0.719531 0.818229 0.719531 0.846354 0.707031 0.846354
0 0.573047 0.822917 0.591797 0.822917 0.591797 0.844271 0.573047 0.844271
0 0.609766 0.823958 0.631641 0.823958 0.631641 0.845312 0.609766 0.845312
0 0.585938 0.85625 0.601172 0.85625 0.601172 0.884896 0.585938 0.884896
0 0.631641 0.865625 0.644922 0.865625 0.644922 0.894792 0.631641 0.894792
0 0.660156 0.886458 0.676172 0.886458 0.676172 0.916146 0.660156 0.916146
0 0.683203 0.867708 0.701953 0.867708 0.701953 0.900521 0.683203 0.900521
0 0.601953 0.911979 0.623438 0.911979 0.623438 0.929688 0.601953 0.929688
0 0.627734 0.907292 0.642188 0.907292 0.642188 0.936458 0.627734 0.936458
0 0.610547 0.952083 0.627344 0.952083 0.627344 0.979688 0.610547 0.979688
0 0.757422 0.8 0.779297 0.8 0.779297 0.817708 0.757422 0.817708
0 0.773438 0.75 0.791016 0.75 0.791016 0.769792 0.773438 0.769792
0 0.811328 0.734896 0.829688 0.734896 0.829688 0.753646 0.811328 0.753646
0 0.842969 0.734375 0.858984 0.734375 0.858984 0.765104 0.842969 0.765104
0 0.823047 0.76875 0.842578 0.76875 0.842578 0.796354 0.823047 0.796354
0 0.862109 0.784896 0.880469 0.784896 0.880469 0.80625 0.862109 0.80625
0 0.825781 0.817188 0.847266 0.817188 0.847266 0.844792 0.825781 0.844792
0 0.86875 0.822917 0.886328 0.822917 0.886328 0.845312 0.86875 0.845312
0 0.723047 0.854167 0.734766 0.854167 0.734766 0.882292 0.723047 0.882292
0 0.748828 0.8625 0.766016 0.8625 0.766016 0.889062 0.748828 0.889062
0 0.787109 0.835938 0.805078 0.835938 0.805078 0.869792 0.787109 0.869792
0 0.815234 0.877083 0.835156 0.877083 0.835156 0.905729 0.815234 0.905729
0 0.789062 0.90625 0.803906 0.90625 0.803906 0.932812 0.789062 0.932812
0 0.836719 0.848958 0.860156 0.848958 0.860156 0.876562 0.836719 0.876562
0 0.86875 0.8625 0.887109 0.8625 0.887109 0.888542 0.86875 0.888542
0 0.899219 0.867188 0.917578 0.867188 0.917578 0.896354 0.899219 0.896354
0 0.849609 0.897917 0.871484 0.897917 0.871484 0.920833 0.849609 0.920833
0 0.878906 0.9 0.899609 0.9 0.899609 0.925 0.878906 0.925
0 0.884766 0.944792 0.905859 0.944792 0.905859 0.964062 0.884766 0.964062
0 0.864062 0.976562 0.883203 0.976562 0.883203 0.996354 0.864062 0.996354
0 0.830859 0.936458 0.857422 0.936458 0.857422 0.959375 0.830859 0.959375
0 0.8125 0.977604 0.832031 0.977604 0.832031 0.999479 0.8125 0.999479
0 0.773438 0.944271 0.792188 0.944271 0.792188 0.964062 0.773438 0.964062
0 0.7375 0.961979 0.758594 0.961979 0.758594 0.982292 0.7375 0.982292
0 0.710156 0.978125 0.735938 0.978125 0.735938 0.999479 0.710156 0.999479
0 0.736328 0.91875 0.760156 0.91875 0.760156 0.942708 0.736328 0.942708