0 0.092578 0.056771 0.120312 0.056771 0.120312 0.081771 0.092578 0.081771
0 0.130859 0.128125 0.154297 0.128125 0.154297 0.146875 0.130859 0.146875
0 0.119531 0.194792 0.1375 0.194792 0.1375 0.217708 0.119531 0.217708
0 0.133984 0.219792 0.157031 0.219792 0.157031 0.239583 0.133984 0.239583
0 0.105469 0.238021 0.128516 0.238021 0.128516 0.269792 0.105469 0.269792
0 0.180859 0.068229 0.20625 0.068229 0.20625 0.089062 0.180859 0.089062
0 0.207422 0.035417 0.223828 0.035417 0.223828 0.056771 0.207422 0.056771
0 0.223047 0.081771 0.239844 0.081771 0.239844 0.117708 0.223047 0.117708
0 0.241797 0.0625 0.262109 0.0625 0.262109 0.094792 0.241797 0.094792
0 0.266406 0.073438 0.285156 0.073438 0.285156 0.101562 0.266406 0.101562
0 0.26875 0.030208 0.289453 0.030208 0.289453 0.059896 0.26875 0.059896
0 0.296875 0.036979 0.316016 0.036979 0.316016 0.072396 0.296875 0.072396
0 0.309766 0.093229 0.329688 0.093229 0.329688 0.120312 0.309766 0.120312
0 0.264062 0.109896 0.289453 0.109896 0.289453 0.135417 0.264062 0.135417
0 0.203906 0.126042 0.228125 0.126042 0.228125 0.145833 0.203906 0.145833
0 0.290625 0.13125 0.312891 0.13125 0.312891 0.148438 0.290625 0.148438
0 0.341797 0.117188 0.367969 0.117188 0.367969 0.140104 0.341797 0.140104
0 0.351953 0.083854 0.364844 0.083854 0.364844 0.104167 0.351953 0.104167
0 0.355469 0.023958 0.377344 0.023958 0.377344 0.05 0.355469 0.05
0 0.377344 0.104167 0.39375 0.104167 0.39375 0.125521 0.377344 0.125521
0 0.396875 0.081771 0.416406 0.081771 0.416406 0.109896 0.396875 0.109896
0 0.371094 0.165104 0.392578 0.165104 0.392578 0.186458 0.371094 0.186458
0 0.351172 0.210417 0.373438 0.210417 0.373438 0.227604 0.351172 0.227604
0 0.316406 0.211979 0.341797 0.211979 0.341797 0.233854 0.316406 0.233854
0 0.319531 0.248438 0.340625 0.248438 0.340625 0.266667 0.319531 0.266667
0 0.378906 0.239583 0.397656 0.239583 0.397656 0.264062 0.378906 0.264062
0 0.354297 0.280729 0.371484 0.280729 0.371484 0.303125 0.354297 0.303125
0 0.340625 0.266667 0.354297 0.266667 0.354297 0.295833 0.340625 0.295833
0 0.389062 0.2625 0.405078 0.2625 0.405078 0.286458 0.389062 0.286458
0 0.278906 0.293229 0.297266 0.293229 0.297266 0.321875 0.278906 0.321875
0 0.250781 0.301562 0.270312 0.301562 0.270312 0.325521 0.250781 0.325521
0 0.044922 0.160938 0.066016 0.160938 0.066016 0.176042 0.044922 0.176042
0 0.090234 0.161979 0.111719 0.161979 0.111719 0.179167 0.090234 0.179167
0 0.082031 0.254688 0.099219 0.254688 0.099219 0.275 0.082031 0.275
0 0.140625 0.255208 0.161328 0.255208 0.161328 0.278125 0.140625 0.278125
0 0.130469 0.171354 0.151172 0.171354 0.151172 0.190625 0.130469 0.190625
0 0.163281 0.35625 0.186719 0.35625 0.186719 0.375 0.163281 0.375
0 0.182031 0.319271 0.204688 0.319271 0.204688 0.340104 0.182031 0.340104
0 0.201172 0.342708 0.225781 0.342708 0.225781 0.3625 0.201172 0.3625
0 0.191016 0.376042 0.216406 0.376042 0.216406 0.39375 0.191016 0.39375
0 0.230859 0.401042 0.247656 0.401042 0.247656 0.430208 0.230859 0.430208
0 0.261328 0.4 0.276172 0.4 0.276172 0.424479 0.261328 0.424479
0 0.282031 0.379167 0.301562 0.379167 0.301562 0.403646 0.282031 0.403646
0 0.294141 0.357292 0.311719 0.357292 0.311719 0.382812 0.294141 0.382812
0 0.278906 0.330208 0.300391 0.330208 0.300391 0.354688 0.278906 0.354688
0 0.242188 0.34375 0.268359 0.34375 0.268359 0.366667 0.242188 0.366667
0 0.333203 0.353125 0.350391 0.353125 0.350391 0.377604 0.333203 0.377604
0 0.31875 0.3875 0.336328 0.3875 0.336328 0.411979 0.31875 0.411979
0 0.357422 0.391146 0.377734 0.391146 0.377734 0.411458 0.357422 0.411458
0 0.359375 0.354688 0.376562 0.354688 0.376562 0.376042 0.359375 0.376042
0 0.380859 0.343229 0.396875 0.343229 0.396875 0.366146 0.380859 0.366146
0 0.347266 0.424479 0.370703 0.424479 0.370703 0.448438 0.347266 0.448438
0 0.296875 0.436979 0.319531 0.436979 0.319531 0.454167 0.296875 0.454167
0 0.263672 0.448958 0.284766 0.448958 0.284766 0.465625 0.263672 0.465625
0 0.330859 0.448958 0.351562 0.448958 0.351562 0.469271 0.330859 0.469271
0 0.345312 0.475 0.366406 0.475 0.366406 0.495833 0.345312 0.495833
0 0.286328 0.505208 0.307031 0.505208 0.307031 0.527083 0.286328 0.527083
0 0.319141 0.505208 0.348438 0.505208 0.348438 0.532292 0.319141 0.532292
0 0.214453 0.489062 0.233984 0.489062 0.233984 0.51875 0.214453 0.51875
0 0.200391 0.455729 0.221875 0.455729 0.221875 0.48125 0.200391 0.48125
0 0.189453 0.434896 0.211719 0.434896 0.211719 0.455208 0.189453 0.455208
0 0.181641 0.401562 0.201562 0.401562 0.201562 0.424479 0.181641 0.424479
0 0.012109 0.449479 0.030078 0.449479 0.030078 0.475521 0.012109 0.475521
0 0.034766 0.419792 0.050391 0.419792 0.050391 0.450521 0.034766 0.450521
0 0.036719 0.468229 0.055078 0.468229 0.055078 0.500521 0.036719 0.500521
0 0.023828 0.511458 0.044922 0.511458 0.044922 0.528646 0.023828 0.528646
0 0.021875 0.540625 0.046484 0.540625 0.046484 0.560417 0.021875 0.560417
0 0.053906 0.525521 0.076953 0.525521 0.076953 0.547917 0.053906 0.547917
0 0.070312 0.609896 0.083203 0.609896 0.083203 0.639583 0.070312 0.639583
0 0.048828 0.620833 0.070703 0.620833 0.070703 0.648958 0.048828 0.648958
0 0.133594 0.600521 0.15 0.600521 0.15 0.623958 0.133594 0.623958
0 0.135547 0.648958 0.152734 0.648958 0.152734 0.680729 0.135547 0.680729
0 0.158984 0.639583 0.173438 0.639583 0.173438 0.666667 0.158984 0.666667
0 0.186328 0.655729 0.20625 0.655729 0.20625 0.682812 0.186328 0.682812
0 0.103516 0.669271 0.121484 0.669271 0.121484 0.697917 0.103516 0.697917
0 0.097656 0.621875 0.121875 0.621875 0.121875 0.65625 0.097656 0.65625
0 0.077344 0.6625 0.095703 0.6625 0.095703 0.694271 0.077344 0.694271
0 0.086328 0.583333 0.10625 0.583333 0.10625 0.603125 0.086328 0.603125
0 0.078125 0.711458 0.096484 0.711458 0.096484 0.733333 0.078125 0.733333
0 0.115234 0.744792 0.137891 0.744792 0.137891 0.774479 0.115234 0.774479
0 0.098828 0.769792 0.121484 0.769792 0.121484 0.805208 0.098828 0.805208
0 0.049609 0.783854 0.071094 0.783854 0.071094 0.804167 0.049609 0.804167
0 0.014453 0.877604 0.033594 0.877604 0.033594 0.905729 0.014453 0.905729
0 0.03125 0.85 0.053125 0.85 0.053125 0.869271 0.03125 0.869271
0 0.066797 0.849479 0.085156 0.849479 0.085156 0.879167 0.066797 0.879167
0 0.087891 0.852083 0.103125 0.852083 0.103125 0.883333 0.087891 0.883333
0 0.105469 0.839583 0.124219 0.839583 0.124219 0.858854 0.105469 0.858854
0 0.113281 0.866146 0.130078 0.866146 0.130078 0.897917 0.113281 0.897917
0 0.141797 0.851042 0.165234 0.851042 0.165234 0.883333 0.141797 0.883333
0 0.153516 0.819271 0.173047 0.819271 0.173047 0.840104 0.153516 0.840104
0 0.172656 0.850521 0.19375 0.850521 0.19375 0.879688 0.172656 0.879688
0 0.202344 0.873958 0.224609 0.873958 0.224609 0.902083 0.202344 0.902083
0 0.101172 0.896875 0.119531 0.896875 0.119531 0.922917 0.101172 0.922917
0 0.066406 0.892708 0.085938 0.892708 0.085938 0.926562 0.066406 0.926562
0 0.044922 0.9 0.063672 0.9 0.063672 0.933854 0.044922 0.933854
0 0.0 0.933333 0.021484 0.933333 0.021484 0.961979 0.0 0.961979
0 0.023438 0.931771 0.044531 0.931771 0.044531 0.961458 0.023438 0.961458
0 0.027734 0.964062 0.05 0.964062 0.05 0.986979 0.027734 0.986979
0 0.062109 0.959375 0.083984 0.959375 0.083984 0.978646 0.062109 0.978646
0 0.157812 0.452604 0.177344 0.452604 0.177344 0.480208 0.157812 0.480208
0 0.18125 0.482292 0.207422 0.482292 0.207422 0.509375 0.18125 0.509375
0 0.251953 0.507812 0.263281 0.507812 0.263281 0.530208 0.251953 0.530208
0 0.2125 0.540625 0.228125 0.540625 0.228125 0.564583 0.2125 0.564583
0 0.233203 0.554688 0.254297 0.554688 0.254297 0.579688 0.233203 0.579688
0 0.268359 0.551042 0.282812 0.551042 0.282812 0.578125 0.268359 0.578125
0 0.245312 0.582292 0.262891 0.582292 0.262891 0.600521 0.245312 0.600521
0 0.301172 0.552604 0.327734 0.552604 0.327734 0.575 0.301172 0.575
0 0.333594 0.542708 0.351562 0.542708 0.351562 0.569271 0.333594 0.569271
0 0.3375 0.580729 0.358203 0.580729 0.358203 0.604688 0.3375 0.604688
0 0.294531 0.591146 0.319141 0.591146 0.319141 0.6125 0.294531 0.6125
0 0.319141 0.616146 0.341406 0.616146 0.341406 0.639062 0.319141 0.639062
0 0.159375 0.708333 0.179297 0.708333 0.179297 0.735417 0.159375 0.735417
0 0.183984 0.727083 0.205469 0.727083 0.205469 0.754167 0.183984 0.754167
0 0.208203 0.718229 0.229688 0.718229 0.229688 0.746875 0.208203 0.746875
0 0.199609 0.765104 0.216406 0.765104 0.216406 0.788021 0.199609 0.788021
0 0.168359 0.751042 0.185156 0.751042 0.185156 0.780729 0.168359 0.780729
0 0.255859 0.654688 0.271875 0.654688 0.271875 0.678646 0.255859 0.678646
0 0.275391 0.648958 0.294922 0.648958 0.294922 0.678646 0.275391 0.678646
0 0.228516 0.828646 0.250781 0.828646 0.250781 0.859375 0.228516 0.859375
0 0.230469 0.963542 0.247656 0.963542 0.247656 0.993229 0.230469 0.993229
0 0.307031 0.95 0.327734 0.95 0.327734 0.972396 0.307031 0.972396
0 0.316016 0.920312 0.341016 0.920312 0.341016 0.942708 0.316016 0.942708
0 0.421094 0.016667 0.438281 0.016667 0.438281 0.034896 0.421094 0.034896
0 0.394922 0.039062 0.413281 0.039062 0.413281 0.057292 0.394922 0.057292
0 0.337109 0.005208 0.355859 0.005208 0.355859 0.024479 0.337109 0.024479
0 0.454297 0.0 0.469531 0.0 0.469531 0.017708 0.454297 0.017708
0 0.486328 0.005208 0.503125 0.005208 0.503125 0.034896 0.486328 0.034896
0 0.455859 0.048958 0.475781 0.048958 0.475781 0.078125 0.455859 0.078125
0 0.483594 0.0625 0.501953 0.0625 0.501953 0.095833 0.483594 0.095833
0 0.453125 0.1 0.477344 0.1 0.477344 0.123438 0.453125 0.123438
0 0.427734 0.063542 0.448047 0.063542 0.448047 0.091667 0.427734 0.091667
0 0.488281 0.116667 0.509766 0.116667 0.509766 0.140104 0.488281 0.140104
0 0.510938 0.159896 0.522266 0.159896 0.522266 0.196875 0.510938 0.196875
0 0.473438 0.196875 0.4875 0.196875 0.4875 0.222917 0.473438 0.222917
0 0.430469 0.171354 0.455078 0.171354 0.455078 0.189583 0.430469 0.189583
0 0.396484 0.141146 0.421094 0.141146 0.421094 0.166146 0.396484 0.166146
0 0.402734 0.2 0.421875 0.2 0.421875 0.225 0.402734 0.225
0 0.448438 0.240104 0.465625 0.240104 0.465625 0.267188 0.448438 0.267188
0 0.410156 0.251042 0.425391 0.251042 0.425391 0.282812 0.410156 0.282812
0 0.435938 0.281771 0.460156 0.281771 0.460156 0.310417 0.435938 0.310417
0 0.419141 0.307812 0.437109 0.307812 0.437109 0.330729 0.419141 0.330729
0 0.479297 0.257812 0.490625 0.257812 0.490625 0.288021 0.479297 0.288021
0 0.502734 0.2625 0.518359 0.2625 0.518359 0.295312 0.502734 0.295312
0 0.525 0.267188 0.5375 0.267188 0.5375 0.291667 0.525 0.291667
0 0.499609 0.216667 0.520312 0.216667 0.520312 0.242708 0.499609 0.242708
0 0.489844 0.31875 0.508594 0.31875 0.508594 0.348958 0.489844 0.348958
0 0.426172 0.405729 0.441016 0.405729 0.441016 0.427083 0.426172 0.427083
0 0.449219 0.415625 0.466797 0.415625 0.466797 0.442188 0.449219 0.442188
0 0.424219 0.435417 0.449219 0.435417 0.449219 0.466146 0.424219 0.466146
0 0.457812 0.466667 0.480469 0.466667 0.480469 0.491667 0.457812 0.491667
0 0.512891 0.456771 0.533984 0.456771 0.533984 0.482812 0.512891 0.482812
0 0.391406 0.483854 0.407422 0.483854 0.407422 0.507292 0.391406 0.507292
0 0.411328 0.504687 0.425781 0.504687 0.425781 0.527604 0.411328 0.527604
0 0.426953 0.485938 0.448047 0.485938 0.448047 0.516146 0.426953 0.516146
0 0.465625 0.502604 0.48125 0.502604 0.48125 0.527604 0.465625 0.527604
0 0.496875 0.506771 0.51875 0.506771 0.51875 0.529167 0.496875 0.529167
0 0.529688 0.529167 0.542969 0.529167 0.542969 0.55625 0.529688 0.55625
0 0.545312 0.546354 0.560156 0.546354 0.560156 0.577083 0.545312 0.577083
0 0.491797 0.5625 0.515625 0.5625 0.515625 0.5875 0.491797 0.5875
0 0.428516 0.529688 0.455078 0.529688 0.455078 0.555208 0.428516 0.555208
0 0.442578 0.568229 0.460156 0.568229 0.460156 0.590104 0.442578 0.590104
0 0.385156 0.532812 0.4 0.532812 0.4 0.5625 0.385156 0.5625
0 0.380469 0.572396 0.403906 0.572396 0.403906 0.595312 0.380469 0.595312
0 0.373047 0.6 0.400391 0.6 0.400391 0.623438 0.373047 0.623438
0 0.420312 0.596875 0.444922 0.596875 0.444922 0.621354 0.420312 0.621354
0 0.477344 0.617188 0.495703 0.617188 0.495703 0.643229 0.477344 0.643229
0 0.504687 0.599479 0.523047 0.599479 0.523047 0.619792 0.504687 0.619792
0 0.500391 0.650521 0.521484 0.650521 0.521484 0.677083 0.500391 0.677083
0 0.530469 0.658333 0.545312 0.658333 0.545312 0.686458 0.530469 0.686458
0 0.488281 0.6875 0.508984 0.6875 0.508984 0.708854 0.488281 0.708854
0 0.450391 0.650521 0.471484 0.650521 0.471484 0.670312 0.450391 0.670312
0 0.404688 0.645312 0.424609 0.645312 0.424609 0.663021 0.404688 0.663021
0 0.360156 0.641667 0.385938 0.641667 0.385938 0.666667 0.360156 0.666667
0 0.335547 0.655208 0.353125 0.655208 0.353125 0.679167 0.335547 0.679167
0 0.304688 0.715625 0.325391 0.715625 0.325391 0.738542 0.304688 0.738542
0 0.332422 0.711979 0.357422 0.711979 0.357422 0.739062 0.332422 0.739062
0 0.376172 0.723438 0.390625 0.723438 0.390625 0.746354 0.376172 0.746354
0 0.402344 0.702604 0.426172 0.702604 0.426172 0.727604 0.402344 0.727604
0 0.434766 0.711458 0.461719 0.711458 0.461719 0.733333 0.434766 0.733333
0 0.440625 0.74375 0.466016 0.74375 0.466016 0.761458 0.440625 0.761458
0 0.422266 0.765625 0.448438 0.765625 0.448438 0.786458 0.422266 0.786458
0 0.398047 0.741146 0.416406 0.741146 0.416406 0.767708 0.398047 0.767708
0 0.353125 0.773958 0.367969 0.773958 0.367969 0.797917 0.353125 0.797917
0 0.380078 0.784896 0.4 0.784896 0.4 0.813021 0.380078 0.813021
0 0.369531 0.811458 0.383984 0.811458 0.383984 0.830729 0.369531 0.830729
0 0.316016 0.777604 0.341797 0.777604 0.341797 0.797396 0.316016 0.797396
0 0.415234 0.822396 0.4375 0.822396 0.4375 0.839583 0.415234 0.839583
0 0.432422 0.797917 0.457812 0.797917 0.457812 0.818229 0.432422 0.818229
0 0.489062 0.783333 0.510938 0.783333 0.510938 0.809375 0.489062 0.809375
0 0.478125 0.829167 0.501953 0.829167 0.501953 0.854167 0.478125 0.854167
0 0.521094 0.847396 0.540234 0.847396 0.540234 0.874479 0.521094 0.874479
0 0.524609 0.815104 0.548047 0.815104 0.548047 0.848438 0.524609 0.848438
0 0.550391 0.735417 0.569531 0.735417 0.569531 0.772917 0.550391 0.772917
0 0.491406 0.715625 0.520703 0.715625 0.520703 0.738542 0.491406 0.738542
0 0.500391 0.747396 0.520312 0.747396 0.520312 0.763021 0.500391 0.763021
0 0.432422 0.666146 0.449219 0.666146 0.449219 0.691667 0.432422 0.691667
0 0.514844 0.083333 0.530078 0.083333 0.530078 0.107292 0.514844 0.107292
0 0.594531 0.026562 0.615625 0.026562 0.615625 0.048438 0.594531 0.048438
0 0.623828 0.028125 0.642969 0.028125 0.642969 0.052083 0.623828 0.052083
0 0.655078 0.019792 0.668359 0.019792 0.668359 0.036979 0.655078 0.036979
0 0.675391 0.04375 0.69375 0.04375 0.69375 0.057812 0.675391 0.057812
0 0.607812 0.063021 0.632812 0.063021 0.632812 0.081771 0.607812 0.081771
0 0.658984 0.085417 0.677344 0.085417 0.677344 0.109896 0.658984 0.109896
0 0.670312 0.121354 0.6875 0.121354 0.6875 0.148958 0.670312 0.148958
0 0.639062 0.120833 0.65625 0.120833 0.65625 0.147917 0.639062 0.147917
0 0.608594 0.108854 0.628516 0.108854 0.628516 0.130208 0.608594 0.130208
0 0.612109 0.159375 0.627734 0.159375 0.627734 0.18125 0.612109 0.18125
0 0.632422 0.165625 0.648828 0.165625 0.648828 0.186979 0.632422 0.186979
0 0.664844 0.178646 0.683203 0.178646 0.683203 0.205208 0.664844 0.205208
0 0.675 0.216146 0.687109 0.216146 0.687109 0.239062 0.675 0.239062
0 0.640234 0.207292 0.661719 0.207292 0.661719 0.226042 0.640234 0.226042
0 0.641797 0.233854 0.664453 0.233854 0.664453 0.253125 0.641797 0.253125
0 0.696875 0.254167 0.720703 0.254167 0.720703 0.281771 0.696875 0.281771
0 0.710547 0.211979 0.728906 0.211979 0.728906 0.235938 0.710547 0.235938
0 0.68125 0.160417 0.707031 0.160417 0.707031 0.179688 0.68125 0.179688
0 0.641406 0.272917 0.655078 0.272917 0.655078 0.291667 0.641406 0.291667
0 0.664453 0.259375 0.678125 0.259375 0.678125 0.283854 0.664453 0.283854
0 0.627734 0.315625 0.641797 0.315625 0.641797 0.341146 0.627734 0.341146
0 0.652344 0.328646 0.66875 0.328646 0.66875 0.355208 0.652344 0.355208
0 0.672266 0.314583 0.689062 0.314583 0.689062 0.335938 0.672266 0.335938
0 0.701172 0.30625 0.715625 0.30625 0.715625 0.327083 0.701172 0.327083
0 0.698047 0.336458 0.712109 0.336458 0.712109 0.35625 0.698047 0.35625
0 0.725391 0.334375 0.74375 0.334375 0.74375 0.358854 0.725391 0.358854
0 0.608203 0.347917 0.624609 0.347917 0.624609 0.369792 0.608203 0.369792
0 0.592578 0.379688 0.607812 0.379688 0.607812 0.404167 0.592578 0.404167
0 0.607812 0.408854 0.624609 0.408854 0.624609 0.435938 0.607812 0.435938
0 0.622656 0.368229 0.643359 0.368229 0.643359 0.39375 0.622656 0.39375
0 0.632812 0.403125 0.647266 0.403125 0.647266 0.428125 0.632812 0.428125
0 0.644922 0.416667 0.662109 0.416667 0.662109 0.435417 0.644922 0.435417
0 0.671875 0.400521 0.691406 0.400521 0.691406 0.417188 0.671875 0.417188
0 0.6625 0.429167 0.685547 0.429167 0.685547 0.451042 0.6625 0.451042
0 0.672656 0.361458 0.696875 0.361458 0.696875 0.38125 0.672656 0.38125
0 0.728516 0.373438 0.746094 0.373438 0.746094 0.396875 0.728516 0.396875
0 0.751562 0.365104 0.769141 0.365104 0.769141 0.39375 0.751562 0.39375
0 0.768359 0.170833 0.783984 0.170833 0.783984 0.1875 0.768359 0.1875
0 0.776172 0.201562 0.790234 0.201562 0.790234 0.226042 0.776172 0.226042
0 0.799219 0.201042 0.819141 0.201042 0.819141 0.223958 0.799219 0.223958
0 0.789844 0.165104 0.806641 0.165104 0.806641 0.179688 0.789844 0.179688
0 0.755078 0.233333 0.773047 0.233333 0.773047 0.257812 0.755078 0.257812
0 0.735547 0.270833 0.754688 0.270833 0.754688 0.29375 0.735547 0.29375
0 0.774219 0.289583 0.790625 0.289583 0.790625 0.316146 0.774219 0.316146
0 0.795312 0.224479 0.816406 0.224479 0.816406 0.246875 0.795312 0.246875
0 0.814453 0.245312 0.832812 0.245312 0.832812 0.276042 0.814453 0.276042
0 0.836719 0.248438 0.850391 0.248438 0.850391 0.276042 0.836719 0.276042
0 0.844531 0.298438 0.866797 0.298438 0.866797 0.325521 0.844531 0.325521
0 0.865234 0.289062 0.884766 0.289062 0.884766 0.314583 0.865234 0.314583
0 0.878516 0.25 0.888672 0.25 0.888672 0.282292 0.878516 0.282292
0 0.766797 0.327604 0.782812 0.327604 0.782812 0.351562 0.766797 0.351562
0 0.783984 0.361458 0.803516 0.361458 0.803516 0.382812 0.783984 0.382812
0 0.823828 0.310417 0.839844 0.310417 0.839844 0.340625 0.823828 0.340625
0 0.801953 0.284375 0.81875 0.284375 0.81875 0.310417 0.801953 0.310417
0 0.969531 0.302083 0.992969 0.302083 0.992969 0.326562 0.969531 0.326562
0 0.980469 0.365625 0.996484 0.365625 0.996484 0.39375 0.980469 0.39375
0 0.902734 0.365625 0.919531 0.365625 0.919531 0.396875 0.902734 0.396875
0 0.707812 0.463021 0.730859 0.463021 0.730859 0.486458 0.707812 0.486458
0 0.7875 0.464062 0.803516 0.464062 0.803516 0.491667 0.7875 0.491667
0 0.8375 0.468229 0.857812 0.468229 0.857812 0.490625 0.8375 0.490625
0 0.841797 0.434375 0.862891 0.434375 0.862891 0.458854 0.841797 0.458854
0 0.864062 0.413021 0.889453 0.413021 0.889453 0.435417 0.864062 0.435417
0 0.865234 0.455208 0.884766 0.455208 0.884766 0.474479 0.865234 0.474479
0 0.877734 0.46875 0.9 0.46875 0.9 0.494271 0.877734 0.494271
0 0.903906 0.472917 0.917578 0.472917 0.917578 0.503646 0.903906 0.503646
0 0.894922 0.532812 0.908984 0.532812 0.908984 0.563021 0.894922 0.563021
0 0.914062 0.5375 0.933594 0.5375 0.933594 0.564583 0.914062 0.564583
0 0.703516 0.5 0.724219 0.5 0.724219 0.522917 0.703516 0.522917
0 0.733203 0.508333 0.755469 0.508333 0.755469 0.531771 0.733203 0.531771
0 0.703516 0.535938 0.725781 0.535938 0.725781 0.559375 0.703516 0.559375
0 0.665234 0.511458 0.680859 0.511458 0.680859 0.533333 0.665234 0.533333
0 0.675 0.5625 0.69375 0.5625 0.69375 0.592188 0.675 0.592188
0 0.645703 0.558333 0.663672 0.558333 0.663672 0.578646 0.645703 0.578646
0 0.662109 0.598438 0.680078 0.598438 0.680078 0.622396 0.662109 0.622396
0 0.616406 0.590625 0.632422 0.590625 0.632422 0.616146 0.616406 0.616146
0 0.620312 0.628125 0.637109 0.628125 0.637109 0.654688 0.620312 0.654688
0 0.641797 0.640104 0.667578 0.640104 0.667578 0.657292 0.641797 0.657292
0 0.653516 0.677083 0.677344 0.677083 0.677344 0.693229 0.653516 0.693229
0 0.610547 0.659375 0.63125 0.659375 0.63125 0.677083 0.610547 0.677083
0 0.701953 0.585417 0.717188 0.585417 0.717188 0.60625 0.701953 0.60625
0 0.726562 0.610417 0.746484 0.610417 0.746484 0.628125 0.726562 0.628125
0 0.767969 0.601562 0.788281 0.601562 0.788281 0.627083 0.767969 0.627083
0 0.758594 0.552604 0.770703 0.552604 0.770703 0.578125 0.758594 0.578125
0 0.793359 0.51875 0.8125 0.51875 0.8125 0.544271 0.793359 0.544271
0 0.805469 0.556771 0.819531 0.556771 0.819531 0.585938 0.805469 0.585938
0 0.828516 0.529167 0.842578 0.529167 0.842578 0.553646 0.828516 0.553646
0 0.850781 0.529688 0.865234 0.529688 0.865234 0.554688 0.850781 0.554688
0 0.831641 0.561979 0.852734 0.561979 0.852734 0.591667 0.831641 0.591667
0 0.859766 0.571354 0.878906 0.571354 0.878906 0.594271 0.859766 0.594271
0 0.891016 0.598438 0.912109 0.598438 0.912109 0.617188 0.891016 0.617188
0 0.943359 0.55 0.9625 0.55 0.9625 0.579688 0.943359 0.579688
0 0.649219 0.944792 0.666406 0.944792 0.666406 0.969271 0.649219 0.969271
0 0.666406 0.972917 0.689062 0.972917 0.689062 0.9875 0.666406 0.9875
0 0.707812 0.946875 0.729297 0.946875 0.729297 0.977083 0.707812 0.977083
0 0.700391 0.916667 0.720703 0.916667 0.720703 0.936979 0.700391 0.936979
0 0.669141 0.914583 0.690625 0.914583 0.690625 0.935938 0.669141 0.935938
0 0.671484 0.884896 0.690234 0.884896 0.690234 0.911979 0.671484 0.911979
0 0.730859 0.919792 0.747266 0.919792 0.747266 0.944271 0.730859 0.944271
0 0.735547 0.963021 0.751172 0.963021 0.751172 0.988021 0.735547 0.988021
0 0.638281 0.866667 0.658203 0.866667 0.658203 0.889062 0.638281 0.889062
0 0.614844 0.902604 0.636719 0.902604 0.636719 0.923438 0.614844 0.923438
0 0.6 0.865625 0.628125 0.865625 0.628125 0.891667 0.6 0.891667
0 0.619141 0.835938 0.639062 0.835938 0.639062 0.852083 0.619141 0.852083
0 0.65625 0.840104 0.675391 0.840104 0.675391 0.859896 0.65625 0.859896
0 0.689453 0.847396 0.710156 0.847396 0.710156 0.864062 0.689453 0.864062
0 0.703906 0.873958 0.721875 0.873958 0.721875 0.895833 0.703906 0.895833
0 0.719922 0.827083 0.732812 0.827083 0.732812 0.850521 0.719922 0.850521
0 0.682031 0.782812 0.708594 0.782812 0.708594 0.801562 0.682031 0.801562
0 0.645312 0.793229 0.667578 0.793229 0.667578 0.815104 0.645312 0.815104
0 0.623438 0.781771 0.642578 0.781771 0.642578 0.805729 0.623438 0.805729
0 0.669922 0.755208 0.692188 0.755208 0.692188 0.771354 0.669922 0.771354
0 0.714062 0.650521 0.730469 0.650521 0.730469 0.679688 0.714062 0.679688
0 0.698828 0.694271 0.720312 0.694271 0.720312 0.714062 0.698828 0.714062
0 0.728906 0.714062 0.747656 0.714062 0.747656 0.736979 0.728906 0.736979
0 0.750781 0.665625 0.773047 0.665625 0.773047 0.685938 0.750781 0.685938
0 0.789062 0.645312 0.808984 0.645312 0.808984 0.660417 0.789062 0.660417
0 0.664844 0.683854 0.687891 0.683854 0.687891 0.713542 0.664844 0.713542
0 0.669922 0.715625 0.696484 0.715625 0.696484 0.729167 0.669922 0.729167