0 0.115625 0.021875 0.133984 0.021875 0.133984 0.051042 0.115625 0.051042
0 0.146875 0.030208 0.165234 0.030208 0.165234 0.05625 0.146875 0.05625
0 0.105078 0.068229 0.126953 0.068229 0.126953 0.09375 0.105078 0.09375
0 0.150781 0.079688 0.169141 0.079688 0.169141 0.099479 0.150781 0.099479
0 0.107422 0.108854 0.127734 0.108854 0.127734 0.13125 0.107422 0.13125
0 0.016016 0.13125 0.033203 0.13125 0.033203 0.161979 0.016016 0.161979
0 0.142578 0.109375 0.156641 0.109375 0.156641 0.136458 0.142578 0.136458
0 0.133984 0.136458 0.146875 0.136458 0.146875 0.155729 0.133984 0.155729
0 0.166016 0.110938 0.180078 0.110938 0.180078 0.136458 0.166016 0.136458
0 0.187109 0.107292 0.203516 0.107292 0.203516 0.133333 0.187109 0.133333
0 0.217969 0.133854 0.235156 0.133854 0.235156 0.160417 0.217969 0.160417
0 0.165234 0.153125 0.180078 0.153125 0.180078 0.175 0.165234 0.175
0 0.187891 0.146875 0.205469 0.146875 0.205469 0.176562 0.187891 0.176562
0 0.219141 0.178125 0.242188 0.178125 0.242188 0.199479 0.219141 0.199479
0 0.017188 0.302083 0.038672 0.302083 0.038672 0.327604 0.017188 0.327604
0 0.044922 0.265625 0.061328 0.265625 0.061328 0.294792 0.044922 0.294792
0 0.071094 0.270312 0.086719 0.270312 0.086719 0.297917 0.071094 0.297917
0 0.001953 0.258333 0.027344 0.258333 0.027344 0.286979 0.001953 0.286979
0 0.092969 0.34375 0.114453 0.34375 0.114453 0.365104 0.092969 0.365104
0 0.129688 0.380208 0.146484 0.380208 0.146484 0.395312 0.129688 0.395312
0 0.10625 0.390625 0.122266 0.390625 0.122266 0.405208 0.10625 0.405208
0 0.067578 0.367708 0.080859 0.367708 0.080859 0.386458 0.067578 0.386458
0 0.075 0.431771 0.095703 0.431771 0.095703 0.451562 0.075 0.451562
0 0.1 0.421875 0.116797 0.421875 0.116797 0.451562 0.1 0.451562
0 0.136719 0.407812 0.157812 0.407812 0.157812 0.425521 0.136719 0.425521
0 0.158594 0.432812 0.180859 0.432812 0.180859 0.454688 0.158594 0.454688
0 0.158203 0.371875 0.177734 0.371875 0.177734 0.396354 0.158203 0.396354
0 0.159766 0.470833 0.177344 0.470833 0.177344 0.490625 0.159766 0.490625
0 0.199609 0.479688 0.219922 0.479688 0.219922 0.500521 0.199609 0.500521
0 0.211328 0.509896 0.228516 0.509896 0.228516 0.530208 0.211328 0.530208
0 0.186719 0.506771 0.203516 0.506771 0.203516 0.528646 0.186719 0.528646
0 0.146484 0.496875 0.166797 0.496875 0.166797 0.521354 0.146484 0.521354
0 0.126562 0.492188 0.143359 0.492188 0.143359 0.517188 0.126562 0.517188
0 0.109766 0.501562 0.124219 0.501562 0.124219 0.527083 0.109766 0.527083
0 0.080078 0.517188 0.097266 0.517188 0.097266 0.538021 0.080078 0.538021
0 0.058594 0.544792 0.076953 0.544792 0.076953 0.565625 0.058594 0.565625
0 0.0 0.567188 0.010938 0.567188 0.010938 0.585417 0.0 0.585417
0 0.016016 0.556771 0.036328 0.556771 0.036328 0.576042 0.016016 0.576042
0 0.020312 0.588021 0.035938 0.588021 0.035938 0.609896 0.020312 0.609896
0 0.0 0.596354 0.004688 0.596354 0.004688 0.61875 0.0 0.61875
0 0.007812 0.635417 0.023047 0.635417 0.023047 0.655729 0.007812 0.655729
0 0.044531 0.608333 0.058594 0.608333 0.058594 0.635417 0.044531 0.635417
0 0.065625 0.609896 0.082031 0.609896 0.082031 0.628646 0.065625 0.628646
0 0.096875 0.604688 0.115625 0.604688 0.115625 0.630208 0.096875 0.630208
0 0.083203 0.564062 0.101953 0.564062 0.101953 0.586458 0.083203 0.586458
0 0.050391 0.575 0.073438 0.575 0.073438 0.596875 0.050391 0.596875
0 0.126172 0.545312 0.142578 0.545312 0.142578 0.569792 0.126172 0.569792
0 0.160938 0.567708 0.177344 0.567708 0.177344 0.594271 0.160938 0.594271
0 0.16875 0.533333 0.184766 0.533333 0.184766 0.550521 0.16875 0.550521
0 0.185938 0.556771 0.205469 0.556771 0.205469 0.575521 0.185938 0.575521
0 0.204688 0.582292 0.221484 0.582292 0.221484 0.604688 0.204688 0.604688
0 0.14375 0.597396 0.162891 0.597396 0.162891 0.616667 0.14375 0.616667
0 0.196875 0.619271 0.215234 0.619271 0.215234 0.6375 0.196875 0.6375
0 0.148828 0.623958 0.16875 0.623958 0.16875 0.641146 0.148828 0.641146
0 0.11875 0.630729 0.140625 0.630729 0.140625 0.653646 0.11875 0.653646
0 0.007422 0.691146 0.026953 0.691146 0.026953 0.717708 0.007422 0.717708
0 0.039844 0.716667 0.060547 0.716667 0.060547 0.744792 0.039844 0.744792
0 0.071875 0.647396 0.088281 0.647396 0.088281 0.663021 0.071875 0.663021
0 0.035547 0.645312 0.052344 0.645312 0.052344 0.665104 0.035547 0.665104
0 0.072656 0.676562 0.089062 0.676562 0.089062 0.697396 0.072656 0.697396
0 0.09375 0.696354 0.113281 0.696354 0.113281 0.717188 0.09375 0.717188
0 0.002734 0.744271 0.021484 0.744271 0.021484 0.773438 0.002734 0.773438
0 0.028125 0.770833 0.044922 0.770833 0.044922 0.793229 0.028125 0.793229
0 0.070703 0.761979 0.092578 0.761979 0.092578 0.783333 0.070703 0.783333
0 0.098047 0.748958 0.112891 0.748958 0.112891 0.76875 0.098047 0.76875
0 0.117578 0.767708 0.139453 0.767708 0.139453 0.786979 0.117578 0.786979
0 0.151953 0.75625 0.167969 0.75625 0.167969 0.776042 0.151953 0.776042
0 0.160938 0.736458 0.176953 0.736458 0.176953 0.755729 0.160938 0.755729
0 0.129297 0.7125 0.149219 0.7125 0.149219 0.733854 0.129297 0.733854
0 0.159766 0.70625 0.179688 0.70625 0.179688 0.723958 0.159766 0.723958
0 0.011719 0.801562 0.030469 0.801562 0.030469 0.826562 0.011719 0.826562
0 0.058984 0.794792 0.077734 0.794792 0.077734 0.821875 0.058984 0.821875
0 0.101953 0.799479 0.119531 0.799479 0.119531 0.825 0.101953 0.825
0 0.087109 0.828646 0.105859 0.828646 0.105859 0.852604 0.087109 0.852604
0 0.113281 0.846875 0.132031 0.846875 0.132031 0.872917 0.113281 0.872917
0 0.146094 0.820312 0.166797 0.820312 0.166797 0.847396 0.146094 0.847396
0 0.180859 0.797396 0.198828 0.797396 0.198828 0.821875 0.180859 0.821875
0 0.06875 0.854688 0.08125 0.854688 0.08125 0.881771 0.06875 0.881771
0 0.080859 0.858333 0.095312 0.858333 0.095312 0.883333 0.080859 0.883333
0 0.044531 0.856771 0.0625 0.856771 0.0625 0.885938 0.044531 0.885938
0 0.190234 0.764062 0.207812 0.764062 0.207812 0.784375 0.190234 0.784375
0 0.173828 0.641667 0.189844 0.641667 0.189844 0.657812 0.173828 0.657812
0 0.166406 0.660417 0.1875 0.660417 0.1875 0.68125 0.166406 0.68125
0 0.240625 0.679167 0.262891 0.679167 0.262891 0.709896 0.240625 0.709896
0 0.297266 0.672917 0.310547 0.672917 0.310547 0.693229 0.297266 0.693229
0 0.314062 0.681771 0.328516 0.681771 0.328516 0.709896 0.314062 0.709896
0 0.324609 0.658333 0.339062 0.658333 0.339062 0.675 0.324609 0.675
0 0.332031 0.688542 0.346875 0.688542 0.346875 0.716146 0.332031 0.716146
0 0.359766 0.685417 0.374609 0.685417 0.374609 0.702604 0.359766 0.702604
0 0.326562 0.740104 0.349219 0.740104 0.349219 0.7625 0.326562 0.7625
0 0.304297 0.717708 0.318359 0.717708 0.318359 0.741146 0.304297 0.741146
0 0.282031 0.717188 0.296875 0.717188 0.296875 0.746354 0.282031 0.746354
0 0.297656 0.75625 0.3125 0.75625 0.3125 0.779688 0.297656 0.779688
0 0.257031 0.775521 0.275391 0.775521 0.275391 0.797396 0.257031 0.797396
0 0.348438 0.783333 0.361719 0.783333 0.361719 0.804688 0.348438 0.804688
0 0.266016 0.809896 0.28125 0.809896 0.28125 0.842708 0.266016 0.842708
0 0.291016 0.821354 0.305859 0.821354 0.305859 0.850521 0.291016 0.850521
0 0.309375 0.830729 0.326172 0.830729 0.326172 0.861979 0.309375 0.861979
0 0.219531 0.851042 0.235938 0.851042 0.235938 0.879167 0.219531 0.879167
0 0.240625 0.829688 0.257422 0.829688 0.257422 0.858333 0.240625 0.858333
0 0.223438 0.898958 0.236719 0.898958 0.236719 0.929688 0.223438 0.929688
0 0.258984 0.880729 0.273047 0.880729 0.273047 0.905729 0.258984 0.905729
0 0.286328 0.897396 0.300781 0.897396 0.300781 0.925521 0.286328 0.925521
0 0.317969 0.911979 0.333984 0.911979 0.333984 0.940625 0.317969 0.940625
0 0.337109 0.869792 0.351172 0.869792 0.351172 0.896354 0.337109 0.896354
0 0.361328 0.848958 0.376953 0.848958 0.376953 0.870833 0.361328 0.870833
0 0.383984 0.876562 0.397266 0.876562 0.397266 0.903125 0.383984 0.903125
0 0.407812 0.908854 0.423438 0.908854 0.423438 0.939583 0.407812 0.939583
0 0.430078 0.908854 0.442578 0.908854 0.442578 0.932812 0.430078 0.932812
0 0.409766 0.947917 0.427734 0.947917 0.427734 0.971875 0.409766 0.971875
0 0.463281 0.890104 0.481641 0.890104 0.481641 0.917708 0.463281 0.917708
0 0.482422 0.921354 0.496484 0.921354 0.496484 0.945833 0.482422 0.945833
0 0.367578 0.725521 0.378516 0.725521 0.378516 0.748438 0.367578 0.748438
0 0.38125 0.746875 0.398828 0.746875 0.398828 0.767188 0.38125 0.767188
0 0.408984 0.749479 0.424219 0.749479 0.424219 0.770312 0.408984 0.770312
0 0.382031 0.805208 0.394531 0.805208 0.394531 0.829688 0.382031 0.829688
0 0.405859 0.805208 0.423438 0.805208 0.423438 0.821875 0.405859 0.821875
0 0.398828 0.843229 0.419531 0.843229 0.419531 0.860417 0.398828 0.860417
0 0.448438 0.864583 0.465625 0.864583 0.465625 0.886458 0.448438 0.886458
0 0.208203 0.0 0.226562 0.0 0.226562 0.016667 0.208203 0.016667
0 0.237891 0.013542 0.258203 0.013542 0.258203 0.038021 0.237891 0.038021
0 0.270703 0.014062 0.287109 0.014062 0.287109 0.038542 0.270703 0.038542
0 0.194922 0.042708 0.211328 0.042708 0.211328 0.073958 0.194922 0.073958
0 0.223047 0.059896 0.238672 0.059896 0.238672 0.089062 0.223047 0.089062
0 0.132031 0.061979 0.144531 0.061979 0.144531 0.084896 0.132031 0.084896
0 0.261719 0.06875 0.280469 0.06875 0.280469 0.095312 0.261719 0.095312
0 0.235156 0.097396 0.253125 0.097396 0.253125 0.123438 0.235156 0.123438
0 0.262891 0.109375 0.282422 0.109375 0.282422 0.130729 0.262891 0.130729
0 0.272266 0.136458 0.293359 0.136458 0.293359 0.157292 0.272266 0.157292
0 0.315234 0.123958 0.335938 0.123958 0.335938 0.148438 0.315234 0.148438
0 0.304297 0.085938 0.318359 0.085938 0.318359 0.109375 0.304297 0.109375
0 0.322266 0.020312 0.340625 0.020312 0.340625 0.047917 0.322266 0.047917
0 0.31875 0.065625 0.335938 0.065625 0.335938 0.089583 0.31875 0.089583
0 0.348047 0.049479 0.361328 0.049479 0.361328 0.076562 0.348047 0.076562
0 0.374609 0.078646 0.390234 0.078646 0.390234 0.108333 0.374609 0.108333
0 0.344922 0.097917 0.357812 0.097917 0.357812 0.120312 0.344922 0.120312
0 0.353125 0.136979 0.371484 0.136979 0.371484 0.161979 0.353125 0.161979
0 0.372656 0.0 0.387891 0.0 0.387891 0.019271 0.372656 0.019271
0 0.404688 0.004167 0.419922 0.004167 0.419922 0.031771 0.404688 0.031771
0 0.399219 0.041667 0.422266 0.041667 0.422266 0.0625 0.399219 0.0625
0 0.424609 0.066667 0.441797 0.066667 0.441797 0.093229 0.424609 0.093229
0 0.436328 0.0125 0.451172 0.0125 0.451172 0.0375 0.436328 0.0375
0 0.455078 0.016146 0.472656 0.016146 0.472656 0.038542 0.455078 0.038542
0 0.470703 0.048438 0.487109 0.048438 0.487109 0.078125 0.470703 0.078125
0 0.496875 0.042188 0.513281 0.042188 0.513281 0.070312 0.496875 0.070312
0 0.420312 0.1125 0.439844 0.1125 0.439844 0.139062 0.420312 0.139062
0 0.396875 0.122917 0.410156 0.122917 0.410156 0.146354 0.396875 0.146354
0 0.482812 0.094792 0.5 0.094792 0.5 0.116667 0.482812 0.116667
0 0.514453 0.105208 0.530078 0.105208 0.530078 0.128125 0.514453 0.128125
0 0.178906 0.208854 0.200781 0.208854 0.200781 0.228125 0.178906 0.228125
0 0.21875 0.218229 0.234766 0.218229 0.234766 0.242188 0.21875 0.242188
0 0.243359 0.202083 0.260547 0.202083 0.260547 0.226562 0.243359 0.226562
0 0.275391 0.195833 0.292578 0.195833 0.292578 0.223438 0.275391 0.223438
0 0.197266 0.259375 0.211719 0.259375 0.211719 0.278125 0.197266 0.278125
0 0.212891 0.270833 0.230469 0.270833 0.230469 0.291667 0.212891 0.291667
0 0.278125 0.251042 0.297656 0.251042 0.297656 0.276042 0.278125 0.276042
0 0.242578 0.319271 0.2625 0.319271 0.2625 0.338542 0.242578 0.338542
0 0.258594 0.29375 0.275391 0.29375 0.275391 0.316146 0.258594 0.316146
0 0.289453 0.322917 0.308594 0.322917 0.308594 0.341667 0.289453 0.341667
0 0.299219 0.289062 0.319922 0.289062 0.319922 0.311458 0.299219 0.311458
0 0.266406 0.334375 0.278516 0.334375 0.278516 0.359896 0.266406 0.359896
0 0.317188 0.257812 0.332031 0.257812 0.332031 0.277083 0.317188 0.277083
0 0.342578 0.252083 0.360156 0.252083 0.360156 0.273958 0.342578 0.273958
0 0.367188 0.238021 0.384375 0.238021 0.384375 0.259896 0.367188 0.259896
0 0.374219 0.204688 0.392578 0.204688 0.392578 0.228125 0.374219 0.228125
0 0.328125 0.211979 0.341797 0.211979 0.341797 0.228646 0.328125 0.228646
0 0.299609 0.203646 0.317188 0.203646 0.317188 0.226042 0.299609 0.226042
0 0.306641 0.180729 0.324609 0.180729 0.324609 0.198958 0.306641 0.198958
0 0.521875 0.0 0.544141 0.0 0.544141 0.019271 0.521875 0.019271
0 0.523438 0.025521 0.541406 0.025521 0.541406 0.047917 0.523438 0.047917
0 0.546094 0.041667 0.568359 0.041667 0.568359 0.060417 0.546094 0.060417
0 0.537891 0.072917 0.558594 0.072917 0.558594 0.096354 0.537891 0.096354
0 0.51875 0.060417 0.533984 0.060417 0.533984 0.081771 0.51875 0.081771
0 0.558203 0.0 0.571094 0.0 0.571094 0.013021 0.558203 0.013021
0 0.6125 0.025521 0.623438 0.025521 0.623438 0.053125 0.6125 0.053125
0 0.467969 0.116667 0.483594 0.116667 0.483594 0.139583 0.467969 0.139583
0 0.529297 0.119271 0.544922 0.119271 0.544922 0.135938 0.529297 0.135938
0 0.424219 0.1625 0.441406 0.1625 0.441406 0.183854 0.424219 0.183854
0 0.446484 0.188542 0.46875 0.188542 0.46875 0.210938 0.446484 0.210938
0 0.473047 0.154167 0.491016 0.154167 0.491016 0.177604 0.473047 0.177604
0 0.498438 0.165625 0.512891 0.165625 0.512891 0.186979 0.498438 0.186979
0 0.53125 0.165104 0.551562 0.165104 0.551562 0.192708 0.53125 0.192708
0 0.555078 0.150521 0.569922 0.150521 0.569922 0.176562 0.555078 0.176562
0 0.4375 0.21875 0.45625 0.21875 0.45625 0.241146 0.4375 0.241146
0 0.478516 0.232292 0.501562 0.232292 0.501562 0.260417 0.478516 0.260417
0 0.582422 0.133854 0.596094 0.133854 0.596094 0.159896 0.582422 0.159896
0 0.639844 0.15625 0.655469 0.15625 0.655469 0.179688 0.639844 0.179688
0 0.609375 0.205729 0.626562 0.205729 0.626562 0.228646 0.609375 0.228646
0 0.646094 0.196875 0.666016 0.196875 0.666016 0.228125 0.646094 0.228125
0 0.634375 0.2375 0.650391 0.2375 0.650391 0.263542 0.634375 0.263542
0 0.677344 0.25 0.699609 0.25 0.699609 0.271354 0.677344 0.271354
0 0.314844 0.381771 0.340625 0.381771 0.340625 0.4 0.314844 0.4
0 0.350781 0.377083 0.366406 0.377083 0.366406 0.395312 0.350781 0.395312
0 0.378516 0.379167 0.395703 0.379167 0.395703 0.410938 0.378516 0.410938
0 0.354688 0.343229 0.378516 0.343229 0.378516 0.363021 0.354688 0.363021
0 0.401953 0.343229 0.414062 0.343229 0.414062 0.369792 0.401953 0.369792
0 0.423438 0.325 0.440234 0.325 0.440234 0.348438 0.423438 0.348438
0 0.445703 0.34375 0.458594 0.34375 0.458594 0.369271 0.445703 0.369271
0 0.410156 0.363542 0.425391 0.363542 0.425391 0.384375 0.410156 0.384375
0 0.434766 0.377604 0.450391 0.377604 0.450391 0.398958 0.434766 0.398958
0 0.464062 0.398958 0.482031 0.398958 0.482031 0.419271 0.464062 0.419271
0 0.473828 0.363021 0.492188 0.363021 0.492188 0.389583 0.473828 0.389583
0 0.461719 0.328646 0.477734 0.328646 0.477734 0.354167 0.461719 0.354167
0 0.509766 0.392188 0.525 0.392188 0.525 0.425521 0.509766 0.425521
0 0.530859 0.398958 0.545312 0.398958 0.545312 0.429688 0.530859 0.429688
0 0.508203 0.323438 0.522266 0.323438 0.522266 0.351562 0.508203 0.351562
0 0.539844 0.351042 0.560547 0.351042 0.560547 0.376562 0.539844 0.376562
0 0.315625 0.416667 0.339062 0.416667 0.339062 0.445833 0.315625 0.445833
0 0.345703 0.416667 0.363281 0.416667 0.363281 0.438542 0.345703 0.438542
0 0.336719 0.454167 0.358594 0.454167 0.358594 0.474479 0.336719 0.474479
0 0.301562 0.455208 0.316797 0.455208 0.316797 0.488542 0.301562 0.488542
0 0.328125 0.488542 0.341406 0.488542 0.341406 0.509375 0.328125 0.509375
0 0.349609 0.502604 0.366016 0.502604 0.366016 0.530729 0.349609 0.530729
0 0.373828 0.491146 0.39375 0.491146 0.39375 0.515104 0.373828 0.515104
0 0.395312 0.459375 0.412109 0.459375 0.412109 0.483333 0.395312 0.483333
0 0.391406 0.427083 0.403516 0.427083 0.403516 0.451562 0.391406 0.451562
0 0.423438 0.436458 0.435547 0.436458 0.435547 0.463021 0.423438 0.463021
0 0.34375 0.541667 0.3625 0.541667 0.3625 0.559896 0.34375 0.559896
0 0.376953 0.542188 0.389453 0.542188 0.389453 0.565104 0.376953 0.565104
0 0.359766 0.571875 0.374219 0.571875 0.374219 0.589583 0.359766 0.589583
0 0.417578 0.575 0.436328 0.575 0.436328 0.594792 0.417578 0.594792
0 0.43125 0.521354 0.449219 0.521354 0.449219 0.54375 0.43125 0.54375
0 0.422266 0.483333 0.437109 0.483333 0.437109 0.508333 0.422266 0.508333
0 0.446094 0.455729 0.462109 0.455729 0.462109 0.475 0.446094 0.475
0 0.485547 0.434896 0.502344 0.434896 0.502344 0.464583 0.485547 0.464583
0 0.464844 0.479688 0.480078 0.479688 0.480078 0.509896 0.464844 0.509896
0 0.489453 0.49375 0.503906 0.49375 0.503906 0.516146 0.489453 0.516146
0 0.526172 0.469271 0.544531 0.469271 0.544531 0.491667 0.526172 0.491667
0 0.525781 0.514062 0.539844 0.514062 0.539844 0.532292 0.525781 0.532292
0 0.498047 0.527083 0.513672 0.527083 0.513672 0.550521 0.498047 0.550521
0 0.466406 0.525 0.478125 0.525 0.478125 0.553125 0.466406 0.553125
0 0.429688 0.636458 0.447656 0.636458 0.447656 0.661979 0.429688 0.661979
0 0.438281 0.607812 0.458203 0.607812 0.458203 0.629688 0.438281 0.629688
0 0.478125 0.581771 0.489453 0.581771 0.489453 0.604688 0.478125 0.604688
0 0.506641 0.577083 0.524219 0.577083 0.524219 0.603646 0.506641 0.603646
0 0.485156 0.610417 0.502734 0.610417 0.502734 0.629167 0.485156 0.629167
0 0.473438 0.641667 0.486719 0.641667 0.486719 0.667188 0.473438 0.667188
0 0.522656 0.620312 0.535938 0.620312 0.535938 0.638021 0.522656 0.638021
0 0.530859 0.579167 0.548438 0.579167 0.548438 0.596354 0.530859 0.596354
0 0.522656 0.546875 0.542188 0.546875 0.542188 0.569792 0.522656 0.569792
0 0.569141 0.527604 0.5875 0.527604 0.5875 0.558854 0.569141 0.558854
0 0.591797 0.488021 0.606641 0.488021 0.606641 0.513542 0.591797 0.513542
0 0.579688 0.415625 0.595312 0.415625 0.595312 0.443229 0.579688 0.443229
0 0.606641 0.439062 0.622656 0.439062 0.622656 0.461979 0.606641 0.461979
0 0.5375 0.284896 0.551953 0.284896 0.551953 0.304167 0.5375 0.304167
0 0.548438 0.317188 0.561328 0.317188 0.561328 0.338542 0.548438 0.338542
0 0.567188 0.313542 0.579688 0.313542 0.579688 0.339062 0.567188 0.339062
0 0.5875 0.315104 0.603516 0.315104 0.603516 0.338021 0.5875 0.338021
0 0.608984 0.334896 0.624609 0.334896 0.624609 0.35625 0.608984 0.35625
0 0.604297 0.289062 0.623047 0.289062 0.623047 0.307812 0.604297 0.307812
0 0.569531 0.272917 0.587109 0.272917 0.587109 0.296875 0.569531 0.296875
0 0.564062 0.351042 0.580859 0.351042 0.580859 0.374479 0.564062 0.374479
0 0.592188 0.379167 0.608984 0.379167 0.608984 0.40625 0.592188 0.40625
0 0.626953 0.352604 0.642188 0.352604 0.642188 0.379688 0.626953 0.379688
0 0.674219 0.29375 0.695312 0.29375 0.695312 0.3125 0.674219 0.3125
0 0.707812 0.294792 0.727344 0.294792 0.727344 0.317188 0.707812 0.317188
0 0.701953 0.269271 0.724219 0.269271 0.724219 0.291146 0.701953 0.291146
0 0.733594 0.303646 0.748047 0.303646 0.748047 0.324479 0.733594 0.324479
0 0.743359 0.334375 0.761719 0.334375 0.761719 0.354167 0.743359 0.354167
0 0.686328 0.332812 0.704688 0.332812 0.704688 0.361458 0.686328 0.361458
0 0.708203 0.360417 0.729297 0.360417 0.729297 0.381771 0.708203 0.381771
0 0.6625 0.333854 0.676953 0.333854 0.676953 0.35625 0.6625 0.35625
0 0.646484 0.369271 0.664844 0.369271 0.664844 0.399479 0.646484 0.399479
0 0.682031 0.396875 0.700391 0.396875 0.700391 0.418229 0.682031 0.418229
0 0.714453 0.396875 0.733594 0.396875 0.733594 0.419792 0.714453 0.419792
0 0.645703 0.433333 0.658984 0.433333 0.658984 0.449479 0.645703 0.449479
0 0.638672 0.463021 0.655469 0.463021 0.655469 0.477083 0.638672 0.477083
0 0.680469 0.43125 0.699219 0.43125 0.699219 0.448438 0.680469 0.448438
0 0.64375 0.534375 0.660547 0.534375 0.660547 0.553125 0.64375 0.553125
0 0.660938 0.490104 0.676172 0.490104 0.676172 0.517188 0.660938 0.517188
0 0.692578 0.5 0.707812 0.5 0.707812 0.520312 0.692578 0.520312
0 0.677344 0.471875 0.696094 0.471875 0.696094 0.489583 0.677344 0.489583
0 0.705469 0.454688 0.723047 0.454688 0.723047 0.473958 0.705469 0.473958
0 0.738672 0.477604 0.759766 0.477604 0.759766 0.496354 0.738672 0.496354
0 0.758203 0.435938 0.777734 0.435938 0.777734 0.454688 0.758203 0.454688
0 0.696484 0.566146 0.714844 0.566146 0.714844 0.585417 0.696484 0.585417
0 0.673828 0.586979 0.694531 0.586979 0.694531 0.604688 0.673828 0.604688
0 0.614453 0.620833 0.629297 0.620833 0.629297 0.646354 0.614453 0.646354
0 0.589453 0.633333 0.603516 0.633333 0.603516 0.652083 0.589453 0.652083
0 0.629297 0.644271 0.641406 0.644271 0.641406 0.670833 0.629297 0.670833
0 0.657812 0.6375 0.670703 0.6375 0.670703 0.66875 0.657812 0.66875
0 0.673047 0.620312 0.697266 0.620312 0.697266 0.639062 0.673047 0.639062
0 0.711719 0.6 0.729688 0.6 0.729688 0.622917 0.711719 0.622917
0 0.738672 0.611458 0.755469 0.611458 0.755469 0.633333 0.738672 0.633333
0 0.694531 0.655729 0.709766 0.655729 0.709766 0.678125 0.694531 0.678125
0 0.712109 0.681771 0.728906 0.681771 0.728906 0.702083 0.712109 0.702083
0 0.536719 0.690104 0.546875 0.690104 0.546875 0.715104 0.536719 0.715104
0 0.516016 0.715104 0.526562 0.715104 0.526562 0.733854 0.516016 0.733854
0 0.572656 0.678646 0.591797 0.678646 0.591797 0.705729 0.572656 0.705729
0 0.594141 0.708854 0.6125 0.708854 0.6125 0.729167 0.594141 0.729167
0 0.637891 0.691667 0.659766 0.691667 0.659766 0.710417 0.637891 0.710417
0 0.670703 0.665625 0.685938 0.665625 0.685938 0.695833 0.670703 0.695833
0 0.542578 0.7625 0.561328 0.7625 0.561328 0.786979 0.542578 0.786979
0 0.55625 0.813542 0.575 0.813542 0.575 0.840104 0.55625 0.840104
0 0.537109 0.811979 0.549219 0.811979 0.549219 0.831771 0.537109 0.831771
0 0.575781 0.829167 0.592969 0.829167 0.592969 0.860938 0.575781 0.860938
0 0.560547 0.853125 0.575781 0.853125 0.575781 0.872396 0.560547 0.872396
0 0.608984 0.784896 0.624609 0.784896 0.624609 0.810938 0.608984 0.810938
0 0.632031 0.809896 0.650391 0.809896 0.650391 0.840104 0.632031 0.840104
0 0.585547 0.886979 0.597656 0.886979 0.597656 0.907812 0.585547 0.907812
0 0.608203 0.854688 0.622656 0.854688 0.622656 0.875521 0.608203 0.875521
0 0.624219 0.886979 0.642188 0.886979 0.642188 0.914062 0.624219 0.914062
0 0.652734 0.9 0.671484 0.9 0.671484 0.926562 0.652734 0.926562
0 0.620312 0.922396 0.637891 0.922396 0.637891 0.954688 0.620312 0.954688
0 0.664062 0.933854 0.68125 0.933854 0.68125 0.960938 0.664062 0.960938
0 0.682422 0.886979 0.698438 0.886979 0.698438 0.91875 0.682422 0.91875
0 0.687891 0.955729 0.704688 0.955729 0.704688 0.979167 0.687891 0.979167
0 0.636719 0.960938 0.652734 0.960938 0.652734 0.988021 0.636719 0.988021
0 0.657422 0.85 0.672656 0.85 0.672656 0.869792 0.657422 0.869792
0 0.693359 0.865104 0.712891 0.865104 0.712891 0.880729 0.693359 0.880729
0 0.697656 0.830208 0.713281 0.830208 0.713281 0.850521 0.697656 0.850521
0 0.629688 0.735938 0.645312 0.735938 0.645312 0.755729 0.629688 0.755729
0 0.639062 0.765625 0.655859 0.765625 0.655859 0.789062 0.639062 0.789062
0 0.666406 0.736458 0.681641 0.736458 0.681641 0.754167 0.666406 0.754167
0 0.674609 0.775521 0.698438 0.775521 0.698438 0.794271 0.674609 0.794271
0 0.707031 0.728646 0.721094 0.728646 0.721094 0.754167 0.707031 0.754167
0 0.727734 0.708333 0.741406 0.708333 0.741406 0.722396 0.727734 0.722396
0 0.732031 0.738021 0.749219 0.738021 0.749219 0.756771 0.732031 0.756771
0 0.763672 0.754167 0.781641 0.754167 0.781641 0.782812 0.763672 0.782812
0 0.737891 0.656771 0.752734 0.656771 0.752734 0.681771 0.737891 0.681771
0 0.734375 0.779167 0.75 0.779167 0.75 0.804167 0.734375 0.804167
0 0.747656 0.822917 0.769922 0.822917 0.769922 0.84375 0.747656 0.84375
0 0.784766 0.817188 0.802344 0.817188 0.802344 0.839583 0.784766 0.839583
0 0.71875 0.925 0.733203 0.925 0.733203 0.948958 0.71875 0.948958
0 0.755469 0.923958 0.773438 0.923958 0.773438 0.943229 0.755469 0.943229
0 0.746094 0.880208 0.763281 0.880208 0.763281 0.910417 0.746094 0.910417
0 0.773438 0.857292 0.791797 0.857292 0.791797 0.884375 0.773438 0.884375
0 0.744531 0.982812 0.755859 0.982812 0.755859 0.999479 0.744531 0.999479
0 0.765234 0.975521 0.780469 0.975521 0.780469 0.999479 0.765234 0.999479
0 0.789844 0.946875 0.803516 0.946875 0.803516 0.977604 0.789844 0.977604
0 0.832812 0.925 0.848047 0.925 0.848047 0.954167 0.832812 0.954167
0 0.851172 0.948958 0.866797 0.948958 0.866797 0.972917 0.851172 0.972917
0 0.875 0.946875 0.889844 0.946875 0.889844 0.976562 0.875 0.976562
0 0.901953 0.925 0.911719 0.925 0.911719 0.946354 0.901953 0.946354
0 0.892188 0.900521 0.908203 0.900521 0.908203 0.917708 0.892188 0.917708
0 0.836719 0.867708 0.852344 0.867708 0.852344 0.895833 0.836719 0.895833
0 0.664453 0.215104 0.679688 0.215104 0.679688 0.240625 0.664453 0.240625
0 0.595703 0.153125 0.612109 0.153125 0.612109 0.174479 0.595703 0.174479
0 0.663672 0.161979 0.677734 0.161979 0.677734 0.185938 0.663672 0.185938
0 0.950391 0.0 0.966406 0.0 0.966406 0.023438 0.950391 0.023438
0 0.957812 0.040104 0.971875 0.040104 0.971875 0.065625 0.957812 0.065625
0 0.935938 0.284375 0.957812 0.284375 0.957812 0.304688 0.935938 0.304688
0 0.973047 0.283854 0.989062 0.283854 0.989062 0.304167 0.973047 0.304167
0 0.983203 0.315625 0.999219 0.315625 0.999219 0.340625 0.983203 0.340625
0 0.914844 0.304167 0.930078 0.304167 0.930078 0.325 0.914844 0.325
0 0.95 0.336458 0.966406 0.336458 0.966406 0.361458 0.95 0.361458
0 0.971875 0.346354 0.988672 0.346354 0.988672 0.367708 0.971875 0.367708
0 0.932422 0.333333 0.946094 0.333333 0.946094 0.359375 0.932422 0.359375
0 0.909375 0.357292 0.927734 0.357292 0.927734 0.375521 0.909375 0.375521
0 0.960547 0.383333 0.983203 0.383333 0.983203 0.405729 0.960547 0.405729
0 0.966406 0.420312 0.983203 0.420312 0.983203 0.446354 0.966406 0.446354
0 0.946094 0.442708 0.961328 0.442708 0.961328 0.466146 0.946094 0.466146
0 0.966797 0.479167 0.985156 0.479167 0.985156 0.497396 0.966797 0.497396
0 0.985547 0.513542 0.999609 0.513542 0.999609 0.540104 0.985547 0.540104
0 0.893359 0.508854 0.910547 0.508854 0.910547 0.528646 0.893359 0.528646
0 0.852734 0.520312 0.864844 0.520312 0.864844 0.540625 0.852734 0.540625
0 0.870703 0.542188 0.885156 0.542188 0.885156 0.565104 0.870703 0.565104
0 0.787891 0.552083 0.801172 0.552083 0.801172 0.576562 0.787891 0.576562
0 0.814844 0.559375 0.833594 0.559375 0.833594 0.585417 0.814844 0.585417
0 0.794531 0.60625 0.810938 0.60625 0.810938 0.636458 0.794531 0.636458
0 0.820312 0.605208 0.835547 0.605208 0.835547 0.633333 0.820312 0.633333
0 0.846484 0.571354 0.861328 0.571354 0.861328 0.602083 0.846484 0.602083
0 0.878906 0.569792 0.896484 0.569792 0.896484 0.592188 0.878906 0.592188
0 0.913672 0.572917 0.930469 0.572917 0.930469 0.60625 0.913672 0.60625
0 0.875781 0.608333 0.891016 0.608333 0.891016 0.636458 0.875781 0.636458
0 0.918359 0.624479 0.935156 0.624479 0.935156 0.649479 0.918359 0.649479
0 0.843359 0.626562 0.858594 0.626562 0.858594 0.650521 0.843359 0.650521
0 0.864453 0.640625 0.877734 0.640625 0.877734 0.661458 0.864453 0.661458
0 0.891406 0.649479 0.911719 0.649479 0.911719 0.669271 0.891406 0.669271
0 0.805078 0.663021 0.820312 0.663021 0.820312 0.686979 0.805078 0.686979
0 0.825781 0.658333 0.841797 0.658333 0.841797 0.688542 0.825781 0.688542
0 0.859375 0.679167 0.877734 0.679167 0.877734 0.701042 0.859375 0.701042
0 0.887109 0.700521 0.905078 0.700521 0.905078 0.723438 0.887109 0.723438
0 0.907812 0.673438 0.922656 0.673438 0.922656 0.702604 0.907812 0.702604
0 0.804297 0.704167 0.820312 0.704167 0.820312 0.730729 0.804297 0.730729
0 0.8375 0.707812 0.851562 0.707812 0.851562 0.731771 0.8375 0.731771
0 0.933203 0.658854 0.947656 0.658854 0.947656 0.683333 0.933203 0.683333
0 0.957031 0.652604 0.972266 0.652604 0.972266 0.675 0.957031 0.675
0 0.919141 0.702604 0.935938 0.702604 0.935938 0.730729 0.919141 0.730729
0 0.944922 0.713021 0.964062 0.713021 0.964062 0.746875 0.944922 0.746875
0 0.977734 0.719792 0.997266 0.719792 0.997266 0.748438 0.977734 0.748438
0 0.857812 0.757292 0.877344 0.757292 0.877344 0.773958 0.857812 0.773958
0 0.896875 0.738542 0.9125 0.738542 0.9125 0.761458 0.896875 0.761458
0 0.841016 0.775 0.857422 0.775 0.857422 0.797396 0.841016 0.797396
0 0.829688 0.805729 0.842578 0.805729 0.842578 0.823958 0.829688 0.823958
0 0.864453 0.806771 0.88125 0.806771 0.88125 0.83125 0.864453 0.83125
0 0.899219 0.792708 0.917188 0.792708 0.917188 0.822396 0.899219 0.822396
0 0.925781 0.795833 0.9375 0.795833 0.9375 0.81875 0.925781 0.81875
0 0.933984 0.75625 0.953125 0.75625 0.953125 0.778646 0.933984 0.778646
0 0.983594 0.774479 0.999609 0.774479 0.999609 0.803646 0.983594 0.803646
0 0.9625 0.766146 0.977734 0.766146 0.977734 0.794271 0.9625 0.794271
0 0.916016 0.8375 0.930078 0.8375 0.930078 0.870833 0.916016 0.870833
0 0.880469 0.832812 0.898438 0.832812 0.898438 0.854688 0.880469 0.854688
0 0.883984 0.861458 0.900391 0.861458 0.900391 0.882812 0.883984 0.882812
0 0.948047 0.817188 0.963281 0.817188 0.963281 0.847396 0.948047 0.847396
0 0.944141 0.874479 0.960938 0.874479 0.960938 0.902604 0.944141 0.902604
0 0.939453 0.907812 0.952344 0.907812 0.952344 0.935938 0.939453 0.935938
0 0.958984 0.919792 0.973438 0.919792 0.973438 0.95 0.958984 0.95
0 0.79375 0.173958 0.809375 0.173958 0.809375 0.202083 0.79375 0.202083