0 0.041406 0.002604 0.064062 0.002604 0.064062 0.01875 0.041406 0.01875
0 0.035156 0.040104 0.056641 0.040104 0.056641 0.061458 0.035156 0.061458
0 0.048047 0.085938 0.070312 0.085938 0.070312 0.108333 0.048047 0.108333
0 0.03125 0.206771 0.048828 0.206771 0.048828 0.243229 0.03125 0.243229
0 0.01875 0.258854 0.035938 0.258854 0.035938 0.286979 0.01875 0.286979
0 0.083594 0.199479 0.098828 0.199479 0.098828 0.225 0.083594 0.225
0 0.119141 0.175 0.138281 0.175 0.138281 0.2 0.119141 0.2
0 0.146094 0.139583 0.164062 0.139583 0.164062 0.163021 0.146094 0.163021
0 0.1875 0.221875 0.205859 0.221875 0.205859 0.241146 0.1875 0.241146
0 0.119141 0.251042 0.136719 0.251042 0.136719 0.274479 0.119141 0.274479
0 0.083984 0.272917 0.099609 0.272917 0.099609 0.3 0.083984 0.3
0 0.168359 0.265104 0.188281 0.265104 0.188281 0.289062 0.168359 0.289062
0 0.132812 0.288021 0.155078 0.288021 0.155078 0.304688 0.132812 0.304688
0 0.175391 0.390104 0.194531 0.390104 0.194531 0.413542 0.175391 0.413542
0 0.153516 0.335417 0.173828 0.335417 0.173828 0.35625 0.153516 0.35625
0 0.085938 0.320833 0.105469 0.320833 0.105469 0.352604 0.085938 0.352604
0 0.095312 0.38125 0.114062 0.38125 0.114062 0.409375 0.095312 0.409375
0 0.066016 0.36875 0.085938 0.36875 0.085938 0.398958 0.066016 0.398958
0 0.038281 0.395312 0.05625 0.395312 0.05625 0.427083 0.038281 0.427083
0 0.028125 0.344792 0.045703 0.344792 0.045703 0.367708 0.028125 0.367708
0 0.062109 0.438542 0.080859 0.438542 0.080859 0.465625 0.062109 0.465625
0 0.101953 0.431771 0.122656 0.431771 0.122656 0.463542 0.101953 0.463542
0 0.14375 0.450521 0.161328 0.450521 0.161328 0.478125 0.14375 0.478125
0 0.182422 0.455208 0.202344 0.455208 0.202344 0.480208 0.182422 0.480208
0 0.211719 0.248438 0.230469 0.248438 0.230469 0.273958 0.211719 0.273958
0 0.200781 0.308333 0.225 0.308333 0.225 0.327083 0.200781 0.327083
0 0.250781 0.401562 0.272266 0.401562 0.272266 0.424479 0.250781 0.424479
0 0.165625 0.088021 0.192578 0.088021 0.192578 0.114062 0.165625 0.114062
0 0.317969 0.025 0.3375 0.025 0.3375 0.055208 0.317969 0.055208
0 0.336328 0.104167 0.355469 0.104167 0.355469 0.130729 0.336328 0.130729
0 0.355469 0.084896 0.371484 0.084896 0.371484 0.116667 0.355469 0.116667
0 0.390234 0.115625 0.408984 0.115625 0.408984 0.151562 0.390234 0.151562
0 0.414453 0.084896 0.428516 0.084896 0.428516 0.1125 0.414453 0.1125
0 0.401953 0.014062 0.421094 0.014062 0.421094 0.04375 0.401953 0.04375
0 0.446875 0.056771 0.463281 0.056771 0.463281 0.088542 0.446875 0.088542
0 0.474609 0.107812 0.494531 0.107812 0.494531 0.138542 0.474609 0.138542
0 0.521484 0.102083 0.535547 0.102083 0.535547 0.132292 0.521484 0.132292
0 0.511719 0.172396 0.530078 0.172396 0.530078 0.202604 0.511719 0.202604
0 0.532031 0.216667 0.554297 0.216667 0.554297 0.235938 0.532031 0.235938
0 0.5 0.255208 0.515625 0.255208 0.515625 0.281771 0.5 0.281771
0 0.464453 0.204688 0.48125 0.204688 0.48125 0.233854 0.464453 0.233854
0 0.428906 0.200521 0.448047 0.200521 0.448047 0.233854 0.428906 0.233854
0 0.433984 0.270312 0.448047 0.270312 0.448047 0.296875 0.433984 0.296875
0 0.398047 0.259896 0.412891 0.259896 0.412891 0.285417 0.398047 0.285417
0 0.358594 0.298438 0.373047 0.298438 0.373047 0.325521 0.358594 0.325521
0 0.328125 0.290625 0.342969 0.290625 0.342969 0.321875 0.328125 0.321875
0 0.332031 0.240625 0.352344 0.240625 0.352344 0.266146 0.332031 0.266146
0 0.374609 0.330729 0.395703 0.330729 0.395703 0.361979 0.374609 0.361979
0 0.560938 0.045833 0.581641 0.045833 0.581641 0.070312 0.560938 0.070312
0 0.584766 0.072396 0.601953 0.072396 0.601953 0.104167 0.584766 0.104167
0 0.610938 0.098438 0.625781 0.098438 0.625781 0.130729 0.610938 0.130729
0 0.569141 0.166667 0.586719 0.166667 0.586719 0.192188 0.569141 0.192188
0 0.58125 0.205208 0.604297 0.205208 0.604297 0.225521 0.58125 0.225521
0 0.636328 0.217708 0.6625 0.217708 0.6625 0.239583 0.636328 0.239583
0 0.633203 0.075521 0.648047 0.075521 0.648047 0.105729 0.633203 0.105729
0 0.605078 0.014583 0.622656 0.014583 0.622656 0.04375 0.605078 0.04375
0 0.550781 0.272396 0.571094 0.272396 0.571094 0.298958 0.550781 0.298958
0 0.5375 0.322917 0.553906 0.322917 0.553906 0.352083 0.5375 0.352083
0 0.452734 0.322917 0.46875 0.322917 0.46875 0.344271 0.452734 0.344271
0 0.363672 0.376042 0.38125 0.376042 0.38125 0.402083 0.363672 0.402083
0 0.441797 0.386979 0.456641 0.386979 0.456641 0.411458 0.441797 0.411458
0 0.506641 0.363542 0.522656 0.363542 0.522656 0.386458 0.506641 0.386458
0 0.536719 0.381771 0.557422 0.381771 0.557422 0.409375 0.536719 0.409375
0 0.756641 0.044792 0.776172 0.044792 0.776172 0.073438 0.756641 0.073438
0 0.796094 0.107292 0.815625 0.107292 0.815625 0.133854 0.796094 0.133854
0 0.790234 0.033854 0.807812 0.033854 0.807812 0.057812 0.790234 0.057812
0 0.926172 0.168229 0.942188 0.168229 0.942188 0.193229 0.926172 0.193229
0 0.884766 0.258854 0.901562 0.258854 0.901562 0.285938 0.884766 0.285938
0 0.862891 0.303646 0.881641 0.303646 0.881641 0.328125 0.862891 0.328125
0 0.815625 0.271875 0.830469 0.271875 0.830469 0.292708 0.815625 0.292708
0 0.767578 0.272917 0.785156 0.272917 0.785156 0.303125 0.767578 0.303125
0 0.796875 0.313542 0.810547 0.313542 0.810547 0.3375 0.796875 0.3375
0 0.760547 0.361458 0.777344 0.361458 0.777344 0.391146 0.760547 0.391146
0 0.726953 0.409896 0.742578 0.409896 0.742578 0.4375 0.726953 0.4375
0 0.690625 0.361458 0.707422 0.361458 0.707422 0.384375 0.690625 0.384375
0 0.772266 0.429167 0.790234 0.429167 0.790234 0.456771 0.772266 0.456771
0 0.83125 0.018229 0.849219 0.018229 0.849219 0.045833 0.83125 0.045833
0 0.876953 0.019792 0.894922 0.019792 0.894922 0.047396 0.876953 0.047396
0 0.917969 0.014062 0.935156 0.014062 0.935156 0.038542 0.917969 0.038542
0 0.939062 0.232292 0.956641 0.232292 0.956641 0.256771 0.939062 0.256771
0 0.899219 0.353646 0.917578 0.353646 0.917578 0.380729 0.899219 0.380729
0 0.930078 0.359896 0.947266 0.359896 0.947266 0.385417 0.930078 0.385417
0 0.848828 0.498958 0.864844 0.498958 0.864844 0.527604 0.848828 0.527604
0 0.872656 0.445312 0.884766 0.445312 0.884766 0.470833 0.872656 0.470833
0 0.915625 0.427604 0.935547 0.427604 0.935547 0.44375 0.915625 0.44375
0 0.956641 0.460417 0.973828 0.460417 0.973828 0.482292 0.956641 0.482292
0 0.901953 0.495833 0.915625 0.495833 0.915625 0.51875 0.901953 0.51875
0 0.794922 0.482292 0.816016 0.482292 0.816016 0.503646 0.794922 0.503646
0 0.744922 0.503125 0.762891 0.503125 0.762891 0.525521 0.744922 0.525521
0 0.813672 0.54375 0.833594 0.54375 0.833594 0.563021 0.813672 0.563021
0 0.651562 0.478646 0.673047 0.478646 0.673047 0.5 0.651562 0.5
0 0.597656 0.488021 0.620703 0.488021 0.620703 0.505208 0.597656 0.505208
0 0.660547 0.5125 0.676172 0.5125 0.676172 0.538021 0.660547 0.538021
0 0.717578 0.514583 0.728125 0.514583 0.728125 0.545312 0.717578 0.545312
0 0.783594 0.383333 0.805469 0.383333 0.805469 0.40625 0.783594 0.40625
0 0.928516 0.560417 0.946875 0.560417 0.946875 0.599479 0.928516 0.599479
0 0.880078 0.575521 0.898047 0.575521 0.898047 0.603125 0.880078 0.603125
0 0.007422 0.491146 0.026562 0.491146 0.026562 0.507812 0.007422 0.507812
0 0.094922 0.547396 0.115625 0.547396 0.115625 0.577604 0.094922 0.577604
0 0.139453 0.502083 0.159375 0.502083 0.159375 0.527604 0.139453 0.527604
0 0.179297 0.545833 0.202344 0.545833 0.202344 0.565625 0.179297 0.565625
0 0.174609 0.594271 0.199609 0.594271 0.199609 0.617188 0.174609 0.617188
0 0.155859 0.633333 0.177734 0.633333 0.177734 0.658854 0.155859 0.658854
0 0.254297 0.465104 0.275391 0.465104 0.275391 0.480729 0.254297 0.480729
0 0.203906 0.497917 0.227734 0.497917 0.227734 0.520833 0.203906 0.520833
0 0.216797 0.567708 0.2375 0.567708 0.2375 0.596875 0.216797 0.596875
0 0.199219 0.640625 0.213672 0.640625 0.213672 0.670833 0.199219 0.670833
0 0.220312 0.677604 0.239453 0.677604 0.239453 0.703125 0.220312 0.703125
0 0.177344 0.755208 0.198438 0.755208 0.198438 0.786979 0.177344 0.786979
0 0.066406 0.725 0.085938 0.725 0.085938 0.755208 0.066406 0.755208
0 0.101562 0.701562 0.121484 0.701562 0.121484 0.730208 0.101562 0.730208
0 0.133984 0.730729 0.150781 0.730729 0.150781 0.75 0.133984 0.75
0 0.057812 0.654167 0.071094 0.654167 0.071094 0.679688 0.057812 0.679688
0 0.030469 0.684375 0.045703 0.684375 0.045703 0.708854 0.030469 0.708854
0 0.050391 0.770312 0.070703 0.770312 0.070703 0.795312 0.050391 0.795312
0 0.0875 0.794271 0.10625 0.794271 0.10625 0.819792 0.0875 0.819792
0 0.043359 0.827083 0.061719 0.827083 0.061719 0.858333 0.043359 0.858333
0 0.0125 0.855729 0.033203 0.855729 0.033203 0.878125 0.0125 0.878125
0 0.093359 0.869271 0.108594 0.869271 0.108594 0.895833 0.093359 0.895833
0 0.197266 0.781771 0.217188 0.781771 0.217188 0.816146 0.197266 0.816146
0 0.128516 0.878646 0.149609 0.878646 0.149609 0.897917 0.128516 0.897917
0 0.111328 0.913542 0.128516 0.913542 0.128516 0.939062 0.111328 0.939062
0 0.067188 0.886458 0.082031 0.886458 0.082031 0.924479 0.067188 0.924479
0 0.063672 0.947917 0.086719 0.947917 0.086719 0.975521 0.063672 0.975521
0 0.020703 0.939583 0.04375 0.939583 0.04375 0.9625 0.020703 0.9625
0 0.424219 0.489062 0.445312 0.489062 0.445312 0.528125 0.424219 0.528125
0 0.386719 0.682812 0.4125 0.682812 0.4125 0.717708 0.386719 0.717708
0 0.371484 0.729688 0.393359 0.729688 0.393359 0.764583 0.371484 0.764583
0 0.391797 0.783333 0.409375 0.783333 0.409375 0.817708 0.391797 0.817708
0 0.348047 0.833333 0.369141 0.833333 0.369141 0.85625 0.348047 0.85625
0 0.333594 0.793229 0.354688 0.793229 0.354688 0.816667 0.333594 0.816667
0 0.477344 0.73125 0.498047 0.73125 0.498047 0.759375 0.477344 0.759375
0 0.479297 0.776042 0.499219 0.776042 0.499219 0.802604 0.479297 0.802604
0 0.426172 0.755729 0.445312 0.755729 0.445312 0.785417 0.426172 0.785417
0 0.530078 0.797396 0.545312 0.797396 0.545312 0.829167 0.530078 0.829167
0 0.313281 0.915104 0.337891 0.915104 0.337891 0.936979 0.313281 0.936979
0 0.348828 0.927083 0.366406 0.927083 0.366406 0.95625 0.348828 0.95625
0 0.375 0.944271 0.393359 0.944271 0.393359 0.972917 0.375 0.972917
0 0.444922 0.945312 0.461328 0.945312 0.461328 0.972396 0.444922 0.972396
0 0.624609 0.93125 0.642969 0.93125 0.642969 0.960938 0.624609 0.960938
0 0.577344 0.976042 0.598828 0.976042 0.598828 0.999479 0.577344 0.999479
0 0.523047 0.974479 0.541406 0.974479 0.541406 0.99375 0.523047 0.99375
0 0.554297 0.897396 0.567188 0.897396 0.567188 0.919271 0.554297 0.919271
0 0.497656 0.865625 0.515234 0.865625 0.515234 0.898958 0.497656 0.898958
0 0.569922 0.523438 0.5875 0.523438 0.5875 0.554167 0.569922 0.554167
0 0.585547 0.583854 0.604688 0.583854 0.604688 0.609375 0.585547 0.609375
0 0.646484 0.563542 0.660547 0.563542 0.660547 0.589583 0.646484 0.589583
0 0.682812 0.574479 0.705859 0.574479 0.705859 0.594792 0.682812 0.594792
0 0.678125 0.617188 0.701172 0.617188 0.701172 0.641146 0.678125 0.641146
0 0.575 0.632812 0.599219 0.632812 0.599219 0.654688 0.575 0.654688
0 0.632031 0.66875 0.651172 0.66875 0.651172 0.701562 0.632031 0.701562
0 0.703516 0.648438 0.726953 0.648438 0.726953 0.669792 0.703516 0.669792
0 0.725781 0.710417 0.744922 0.710417 0.744922 0.73125 0.725781 0.73125
0 0.685156 0.714583 0.705859 0.714583 0.705859 0.735938 0.685156 0.735938
0 0.769922 0.627083 0.791016 0.627083 0.791016 0.652604 0.769922 0.652604
0 0.745703 0.736979 0.7625 0.736979 0.7625 0.766667 0.745703 0.766667
0 0.704297 0.780208 0.724609 0.780208 0.724609 0.803646 0.704297 0.803646
0 0.782812 0.747396 0.800391 0.747396 0.800391 0.78125 0.782812 0.78125
0 0.941016 0.856771 0.964062 0.856771 0.964062 0.875521 0.941016 0.875521
0 0.877734 0.845312 0.896484 0.845312 0.896484 0.863542 0.877734 0.863542
0 0.910938 0.877083 0.932031 0.877083 0.932031 0.899479 0.910938 0.899479
0 0.862891 0.784375 0.885938 0.784375 0.885938 0.803125 0.862891 0.803125
0 0.934375 0.760938 0.955469 0.760938 0.955469 0.78125 0.934375 0.78125
0 0.922266 0.811458 0.948438 0.811458 0.948438 0.83125 0.922266 0.83125
0 0.962891 0.794792 0.979297 0.794792 0.979297 0.823438 0.962891 0.823438
0 0.894141 0.695312 0.918359 0.695312 0.918359 0.714583 0.894141 0.714583
0 0.878906 0.653646 0.894141 0.653646 0.894141 0.675521 0.878906 0.675521
0 0.852734 0.622396 0.875 0.622396 0.875 0.64375 0.852734 0.64375
0 0.905859 0.616667 0.93125 0.616667 0.93125 0.636979 0.905859 0.636979
0 0.947266 0.673958 0.966016 0.673958 0.966016 0.702604 0.947266 0.702604
0 0.985156 0.674479 0.999609 0.674479 0.999609 0.697396 0.985156 0.697396
0 0.597656 0.847396 0.617969 0.847396 0.617969 0.875 0.597656 0.875
0 0.625781 0.884896 0.645312 0.884896 0.645312 0.911458 0.625781 0.911458
0 0.414453 0.889062 0.432031 0.889062 0.432031 0.916146 0.414453 0.916146
0 0.31875 0.864062 0.335938 0.864062 0.335938 0.890104 0.31875 0.890104
0 0.588672 0.807812 0.601953 0.807812 0.601953 0.828125 0.588672 0.828125
0 0.148438 0.023438 0.165625 0.023438 0.165625 0.046875 0.148438 0.046875