0 0.051562 0.205208 0.073828 0.205208 0.073828 0.230729 0.051562 0.230729
0 0.055469 0.236458 0.078125 0.236458 0.078125 0.264583 0.055469 0.264583
0 0.089453 0.2625 0.113281 0.2625 0.113281 0.29375 0.089453 0.29375
0 0.058594 0.285417 0.075781 0.285417 0.075781 0.313021 0.058594 0.313021
0 0.086719 0.302604 0.105078 0.302604 0.105078 0.330729 0.086719 0.330729
0 0.062109 0.328646 0.086719 0.328646 0.086719 0.344271 0.062109 0.344271
0 0.011328 0.329688 0.033203 0.329688 0.033203 0.36875 0.011328 0.36875
0 0.041016 0.372396 0.069141 0.372396 0.069141 0.402083 0.041016 0.402083
0 0.0125 0.4 0.033984 0.4 0.033984 0.436458 0.0125 0.436458
0 0.054297 0.424479 0.068359 0.424479 0.068359 0.452083 0.054297 0.452083
0 0.083984 0.383854 0.10625 0.383854 0.10625 0.417708 0.083984 0.417708
0 0.120703 0.396875 0.140234 0.396875 0.140234 0.417708 0.120703 0.417708
0 0.132812 0.439062 0.155078 0.439062 0.155078 0.471354 0.132812 0.471354
0 0.095703 0.442708 0.113281 0.442708 0.113281 0.469792 0.095703 0.469792
0 0.057422 0.476042 0.086719 0.476042 0.086719 0.498438 0.057422 0.498438
0 0.2125 0.030208 0.239844 0.030208 0.239844 0.054167 0.2125 0.054167
0 0.201953 0.082292 0.216016 0.082292 0.216016 0.109896 0.201953 0.109896
0 0.228906 0.101562 0.245312 0.101562 0.245312 0.129167 0.228906 0.129167
0 0.267188 0.078646 0.283594 0.078646 0.283594 0.114583 0.267188 0.114583
0 0.283594 0.020833 0.305078 0.020833 0.305078 0.048438 0.283594 0.048438
0 0.244531 0.0 0.267969 0.0 0.267969 0.026562 0.244531 0.026562
0 0.307812 0.0 0.327734 0.0 0.327734 0.021875 0.307812 0.021875
0 0.329688 0.013542 0.349609 0.013542 0.349609 0.039583 0.329688 0.039583
0 0.359375 0.003646 0.383984 0.003646 0.383984 0.026562 0.359375 0.026562
0 0.335938 0.044792 0.373047 0.044792 0.373047 0.06875 0.335938 0.06875
0 0.3125 0.073438 0.335938 0.073438 0.335938 0.108854 0.3125 0.108854
0 0.352344 0.108854 0.380469 0.108854 0.380469 0.125521 0.352344 0.125521
0 0.342578 0.133854 0.362109 0.133854 0.362109 0.165625 0.342578 0.165625
0 0.317188 0.169271 0.333203 0.169271 0.333203 0.198438 0.317188 0.198438
0 0.287891 0.114583 0.316797 0.114583 0.316797 0.141667 0.287891 0.141667
0 0.204297 0.14375 0.227344 0.14375 0.227344 0.164583 0.204297 0.164583
0 0.220703 0.180208 0.237109 0.180208 0.237109 0.197917 0.220703 0.197917
0 0.249609 0.165625 0.26875 0.165625 0.26875 0.185938 0.249609 0.185938
0 0.187891 0.192188 0.2125 0.192188 0.2125 0.214062 0.187891 0.214062
0 0.173828 0.126562 0.195312 0.126562 0.195312 0.152083 0.173828 0.152083
0 0.130078 0.107812 0.158203 0.107812 0.158203 0.134375 0.130078 0.134375
0 0.146484 0.213542 0.178906 0.213542 0.178906 0.236979 0.146484 0.236979
0 0.151172 0.252604 0.169922 0.252604 0.169922 0.284896 0.151172 0.284896
0 0.183594 0.233333 0.208203 0.233333 0.208203 0.272396 0.183594 0.272396
0 0.221875 0.233333 0.245703 0.233333 0.245703 0.271875 0.221875 0.271875
0 0.231641 0.280208 0.253906 0.280208 0.253906 0.320312 0.231641 0.320312
0 0.178906 0.297917 0.203906 0.297917 0.203906 0.330729 0.178906 0.330729
0 0.189453 0.335938 0.212891 0.335938 0.212891 0.366667 0.189453 0.366667
0 0.186719 0.372396 0.211719 0.372396 0.211719 0.405729 0.186719 0.405729
0 0.170703 0.383854 0.188281 0.383854 0.188281 0.416667 0.170703 0.416667
0 0.185547 0.422917 0.203906 0.422917 0.203906 0.452604 0.185547 0.452604
0 0.246875 0.388021 0.267578 0.388021 0.267578 0.428125 0.246875 0.428125
0 0.249609 0.321354 0.267188 0.321354 0.267188 0.369271 0.249609 0.369271
0 0.283203 0.334375 0.308203 0.334375 0.308203 0.361458 0.283203 0.361458
0 0.309375 0.278646 0.326172 0.278646 0.326172 0.316667 0.309375 0.316667
0 0.316016 0.246354 0.346484 0.246354 0.346484 0.277604 0.316016 0.277604
0 0.341797 0.221354 0.363281 0.221354 0.363281 0.245312 0.341797 0.245312
0 0.35625 0.269792 0.369141 0.269792 0.369141 0.301042 0.35625 0.301042
0 0.378516 0.2875 0.403125 0.2875 0.403125 0.323958 0.378516 0.323958
0 0.352344 0.351042 0.369141 0.351042 0.369141 0.388021 0.352344 0.388021
0 0.321875 0.370833 0.339453 0.370833 0.339453 0.408333 0.321875 0.408333
0 0.287109 0.374479 0.308594 0.374479 0.308594 0.408854 0.287109 0.408854
0 0.390625 0.348438 0.413672 0.348438 0.413672 0.379688 0.390625 0.379688
0 0.439844 0.285417 0.460547 0.285417 0.460547 0.309896 0.439844 0.309896
0 0.391406 0.172396 0.409766 0.172396 0.409766 0.208333 0.391406 0.208333
0 0.403125 0.21875 0.422656 0.21875 0.422656 0.25 0.403125 0.25
0 0.428125 0.214062 0.448047 0.214062 0.448047 0.245312 0.428125 0.245312
0 0.432031 0.25 0.459375 0.25 0.459375 0.275 0.432031 0.275
0 0.360156 0.176042 0.383594 0.176042 0.383594 0.205729 0.360156 0.205729
0 0.466406 0.018229 0.496875 0.018229 0.496875 0.054688 0.466406 0.054688
0 0.454297 0.079167 0.466406 0.079167 0.466406 0.128125 0.454297 0.128125
0 0.389844 0.128125 0.410156 0.128125 0.410156 0.15625 0.389844 0.15625
0 0.4625 0.129688 0.486328 0.129688 0.486328 0.154167 0.4625 0.154167
0 0.496094 0.0875 0.521094 0.0875 0.521094 0.114583 0.496094 0.114583
0 0.530469 0.075 0.550781 0.075 0.550781 0.109375 0.530469 0.109375
0 0.537109 0.034375 0.557031 0.034375 0.557031 0.061979 0.537109 0.061979
0 0.517578 0.0 0.542578 0.0 0.542578 0.036458 0.517578 0.036458
0 0.572266 0.048958 0.589453 0.048958 0.589453 0.085417 0.572266 0.085417
0 0.578125 0.002083 0.603125 0.002083 0.603125 0.038542 0.578125 0.038542
0 0.609375 0.046875 0.629297 0.046875 0.629297 0.077083 0.609375 0.077083
0 0.633594 0.0 0.655859 0.0 0.655859 0.018229 0.633594 0.018229
0 0.657031 0.013021 0.679297 0.013021 0.679297 0.032292 0.657031 0.032292
0 0.701953 0.016146 0.731641 0.016146 0.731641 0.046875 0.701953 0.046875
0 0.660938 0.052604 0.684766 0.052604 0.684766 0.077083 0.660938 0.077083
0 0.697656 0.083333 0.720312 0.083333 0.720312 0.122917 0.697656 0.122917
0 0.670312 0.113542 0.697656 0.113542 0.697656 0.139062 0.670312 0.139062
0 0.597266 0.107812 0.622266 0.107812 0.622266 0.146354 0.597266 0.146354
0 0.557031 0.114583 0.575781 0.114583 0.575781 0.151042 0.557031 0.151042
0 0.528906 0.138021 0.55 0.138021 0.55 0.169271 0.528906 0.169271
0 0.504297 0.138021 0.524219 0.138021 0.524219 0.172396 0.504297 0.172396
0 0.750391 0.0 0.783984 0.0 0.783984 0.027604 0.750391 0.027604
0 0.800391 0.000521 0.824609 0.000521 0.824609 0.021354 0.800391 0.021354
0 0.786328 0.025 0.808594 0.025 0.808594 0.065104 0.786328 0.065104
0 0.814453 0.035417 0.843359 0.035417 0.843359 0.064062 0.814453 0.064062
0 0.814062 0.071875 0.843359 0.071875 0.843359 0.099479 0.814062 0.099479
0 0.857031 0.072917 0.883984 0.072917 0.883984 0.097396 0.857031 0.097396
0 0.894922 0.080208 0.916797 0.080208 0.916797 0.102604 0.894922 0.102604
0 0.876953 0.040104 0.894531 0.040104 0.894531 0.072917 0.876953 0.072917
0 0.887891 0.033854 0.917969 0.033854 0.917969 0.053125 0.887891 0.053125
0 0.886328 0.0 0.917969 0.0 0.917969 0.030729 0.886328 0.030729
0 0.936719 0.05 0.959375 0.05 0.959375 0.083854 0.936719 0.083854
0 0.976172 0.065104 0.990234 0.065104 0.990234 0.094792 0.976172 0.094792
0 0.958984 0.116667 0.985547 0.116667 0.985547 0.141667 0.958984 0.141667
0 0.978906 0.157292 0.999609 0.157292 0.999609 0.194271 0.978906 0.194271
0 0.941406 0.171354 0.966406 0.171354 0.966406 0.207292 0.941406 0.207292
0 0.905469 0.117708 0.933984 0.117708 0.933984 0.145833 0.905469 0.145833
0 0.871094 0.106771 0.9 0.106771 0.9 0.129167 0.871094 0.129167
0 0.799219 0.107812 0.821875 0.107812 0.821875 0.144271 0.799219 0.144271
0 0.828516 0.126562 0.855469 0.126562 0.855469 0.161979 0.828516 0.161979
0 0.861328 0.145833 0.884766 0.145833 0.884766 0.178125 0.861328 0.178125
0 0.900391 0.173438 0.923828 0.173438 0.923828 0.201042 0.900391 0.201042
0 0.869141 0.192188 0.901562 0.192188 0.901562 0.215104 0.869141 0.215104
0 0.895703 0.229688 0.919531 0.229688 0.919531 0.248958 0.895703 0.248958
0 0.925391 0.252604 0.946094 0.252604 0.946094 0.284896 0.925391 0.284896
0 0.816016 0.195833 0.833984 0.195833 0.833984 0.221875 0.816016 0.221875
0 0.839062 0.220833 0.860156 0.220833 0.860156 0.248958 0.839062 0.248958
0 0.864453 0.227604 0.885156 0.227604 0.885156 0.259375 0.864453 0.259375
0 0.777734 0.164062 0.791797 0.164062 0.791797 0.195312 0.777734 0.195312
0 0.776562 0.088021 0.798047 0.088021 0.798047 0.131771 0.776562 0.131771
0 0.951562 0.235938 0.972656 0.235938 0.972656 0.2625 0.951562 0.2625
0 0.977734 0.251042 0.999219 0.251042 0.999219 0.28125 0.977734 0.28125
0 0.973438 0.288021 0.998438 0.288021 0.998438 0.309896 0.973438 0.309896
0 0.944531 0.291667 0.967969 0.291667 0.967969 0.324479 0.944531 0.324479
0 0.966406 0.330729 0.993359 0.330729 0.993359 0.357812 0.966406 0.357812
0 0.896875 0.288021 0.923438 0.288021 0.923438 0.319271 0.896875 0.319271
0 0.905469 0.342708 0.932031 0.342708 0.932031 0.364062 0.905469 0.364062
0 0.874219 0.307812 0.898047 0.307812 0.898047 0.335417 0.874219 0.335417
0 0.851172 0.297396 0.871484 0.297396 0.871484 0.322917 0.851172 0.322917
0 0.540625 0.172917 0.567578 0.172917 0.567578 0.197917 0.540625 0.197917
0 0.526172 0.190104 0.54375 0.190104 0.54375 0.228646 0.526172 0.228646
0 0.547266 0.215104 0.570312 0.215104 0.570312 0.242188 0.547266 0.242188
0 0.596875 0.160417 0.623828 0.160417 0.623828 0.190104 0.596875 0.190104
0 0.600781 0.201562 0.633203 0.201562 0.633203 0.236458 0.600781 0.236458
0 0.640234 0.190104 0.669141 0.190104 0.669141 0.210417 0.640234 0.210417
0 0.682812 0.158333 0.716797 0.158333 0.716797 0.189062 0.682812 0.189062
0 0.716797 0.128646 0.75 0.128646 0.75 0.177604 0.716797 0.177604
0 0.682812 0.205729 0.699609 0.205729 0.699609 0.251042 0.682812 0.251042
0 0.706641 0.213021 0.726953 0.213021 0.726953 0.25 0.706641 0.25
0 0.549219 0.259375 0.575391 0.259375 0.575391 0.302604 0.549219 0.302604
0 0.586328 0.244271 0.607031 0.244271 0.607031 0.280729 0.586328 0.280729
0 0.614453 0.256771 0.634375 0.256771 0.634375 0.289583 0.614453 0.289583
0 0.589844 0.286458 0.607812 0.286458 0.607812 0.321875 0.589844 0.321875
0 0.613672 0.3125 0.628906 0.3125 0.628906 0.351042 0.613672 0.351042
0 0.640234 0.306771 0.658203 0.306771 0.658203 0.347917 0.640234 0.347917
0 0.654688 0.263542 0.671484 0.263542 0.671484 0.306771 0.654688 0.306771
0 0.681641 0.253646 0.714062 0.253646 0.714062 0.281771 0.681641 0.281771
0 0.703125 0.289583 0.735547 0.289583 0.735547 0.315625 0.703125 0.315625
0 0.673438 0.321354 0.691016 0.321354 0.691016 0.365625 0.673438 0.365625
0 0.651172 0.357812 0.674219 0.357812 0.674219 0.392708 0.651172 0.392708
0 0.602734 0.35 0.625 0.35 0.625 0.380208 0.602734 0.380208
0 0.565234 0.329688 0.583984 0.329688 0.583984 0.361458 0.565234 0.361458
0 0.73125 0.232292 0.744141 0.232292 0.744141 0.271875 0.73125 0.271875
0 0.7625 0.271875 0.786328 0.271875 0.786328 0.303646 0.7625 0.303646
0 0.7625 0.321354 0.778125 0.321354 0.778125 0.35 0.7625 0.35
0 0.747266 0.356771 0.771875 0.356771 0.771875 0.398438 0.747266 0.398438
0 0.732812 0.317188 0.748438 0.317188 0.748438 0.354167 0.732812 0.354167
0 0.710938 0.338542 0.728516 0.338542 0.728516 0.370312 0.710938 0.370312
0 0.729297 0.382812 0.753125 0.382812 0.753125 0.413542 0.729297 0.413542
0 0.701562 0.388542 0.725391 0.388542 0.725391 0.417708 0.701562 0.417708
0 0.669922 0.433854 0.705859 0.433854 0.705859 0.473438 0.669922 0.473438
0 0.427734 0.332812 0.445703 0.332812 0.445703 0.374479 0.427734 0.374479
0 0.450781 0.325521 0.475391 0.325521 0.475391 0.350521 0.450781 0.350521
0 0.372656 0.403646 0.398438 0.403646 0.398438 0.425521 0.372656 0.425521
0 0.372266 0.442188 0.39375 0.442188 0.39375 0.472917 0.372266 0.472917
0 0.400781 0.460417 0.421484 0.460417 0.421484 0.489583 0.400781 0.489583
0 0.431641 0.417188 0.459766 0.417188 0.459766 0.448958 0.431641 0.448958
0 0.412891 0.391667 0.432031 0.391667 0.432031 0.421354 0.412891 0.421354
0 0.451172 0.473958 0.480469 0.473958 0.480469 0.509375 0.451172 0.509375
0 0.419141 0.49375 0.441016 0.49375 0.441016 0.519271 0.419141 0.519271
0 0.421484 0.53125 0.44375 0.53125 0.44375 0.560417 0.421484 0.560417
0 0.449609 0.536979 0.475391 0.536979 0.475391 0.569271 0.449609 0.569271
0 0.841797 0.342708 0.866406 0.342708 0.866406 0.376042 0.841797 0.376042
0 0.874609 0.36875 0.910156 0.36875 0.910156 0.398958 0.874609 0.398958
0 0.845703 0.394271 0.870703 0.394271 0.870703 0.422917 0.845703 0.422917
0 0.848438 0.429167 0.878125 0.429167 0.878125 0.4625 0.848438 0.4625
0 0.883984 0.427083 0.912109 0.427083 0.912109 0.45625 0.883984 0.45625
0 0.912891 0.401562 0.939453 0.401562 0.939453 0.428125 0.912891 0.428125
0 0.923828 0.438021 0.946484 0.438021 0.946484 0.464583 0.923828 0.464583
0 0.964453 0.439583 0.987891 0.439583 0.987891 0.4625 0.964453 0.4625
0 0.955078 0.405729 0.985156 0.405729 0.985156 0.430208 0.955078 0.430208
0 0.944531 0.473438 0.976953 0.473438 0.976953 0.5 0.944531 0.5
0 0.001953 0.527083 0.020312 0.527083 0.020312 0.565625 0.001953 0.565625
0 0.032422 0.529688 0.053516 0.529688 0.053516 0.569792 0.032422 0.569792
0 0.065234 0.526042 0.079688 0.526042 0.079688 0.55625 0.065234 0.55625
0 0.085938 0.514583 0.117578 0.514583 0.117578 0.543229 0.085938 0.543229
0 0.091797 0.560417 0.117969 0.560417 0.117969 0.583333 0.091797 0.583333
0 0.125781 0.539583 0.143359 0.539583 0.143359 0.569792 0.125781 0.569792
0 0.137109 0.58125 0.162891 0.58125 0.162891 0.609896 0.137109 0.609896
0 0.163281 0.544271 0.183594 0.544271 0.183594 0.580208 0.163281 0.580208
0 0.077344 0.586979 0.101953 0.586979 0.101953 0.622917 0.077344 0.622917
0 0.027344 0.597396 0.055859 0.597396 0.055859 0.630729 0.027344 0.630729
0 0.001172 0.602083 0.01875 0.602083 0.01875 0.639583 0.001172 0.639583
0 0.076562 0.632812 0.098047 0.632812 0.098047 0.6625 0.076562 0.6625
0 0.116406 0.639583 0.142188 0.639583 0.142188 0.674479 0.116406 0.674479
0 0.146094 0.653646 0.169141 0.653646 0.169141 0.691667 0.146094 0.691667
0 0.100391 0.671354 0.130078 0.671354 0.130078 0.698958 0.100391 0.698958
0 0.034766 0.660938 0.0625 0.660938 0.0625 0.683854 0.034766 0.683854
0 0.186328 0.614583 0.204297 0.614583 0.204297 0.636458 0.186328 0.636458
0 0.255078 0.439062 0.270703 0.439062 0.270703 0.473958 0.255078 0.473958
0 0.230469 0.464583 0.244922 0.464583 0.244922 0.497917 0.230469 0.497917
0 0.256641 0.489583 0.275 0.489583 0.275 0.523958 0.256641 0.523958
0 0.280469 0.475521 0.296875 0.475521 0.296875 0.509896 0.280469 0.509896
0 0.311328 0.483854 0.333984 0.483854 0.333984 0.515104 0.311328 0.515104
0 0.319531 0.533333 0.341797 0.533333 0.341797 0.564583 0.319531 0.564583
0 0.294922 0.547396 0.308984 0.547396 0.308984 0.575 0.294922 0.575
0 0.278125 0.577083 0.291016 0.577083 0.291016 0.607292 0.278125 0.607292
0 0.31875 0.594271 0.334375 0.594271 0.334375 0.628125 0.31875 0.628125
0 0.342969 0.554688 0.366406 0.554688 0.366406 0.582812 0.342969 0.582812
0 0.342578 0.594792 0.363281 0.594792 0.363281 0.627083 0.342578 0.627083
0 0.382422 0.591667 0.400391 0.591667 0.400391 0.626042 0.382422 0.626042
0 0.411328 0.572396 0.431641 0.572396 0.431641 0.605208 0.411328 0.605208
0 0.0 0.7125 0.026953 0.7125 0.026953 0.749479 0.0 0.749479
0 0.035156 0.704167 0.073828 0.704167 0.073828 0.731771 0.035156 0.731771
0 0.061328 0.733854 0.080469 0.733854 0.080469 0.778646 0.061328 0.778646
0 0.082422 0.707292 0.114062 0.707292 0.114062 0.733854 0.082422 0.733854
0 0.105078 0.742188 0.133984 0.742188 0.133984 0.771354 0.105078 0.771354
0 0.135938 0.718229 0.158594 0.718229 0.158594 0.756771 0.135938 0.756771
0 0.0375 0.775 0.065625 0.775 0.065625 0.806771 0.0375 0.806771
0 0.005078 0.822396 0.025781 0.822396 0.025781 0.847396 0.005078 0.847396
0 0.047656 0.84375 0.065625 0.84375 0.065625 0.874479 0.047656 0.874479
0 0.072266 0.823438 0.101172 0.823438 0.101172 0.853646 0.072266 0.853646
0 0.020703 0.871875 0.040625 0.871875 0.040625 0.904688 0.020703 0.904688
0 0.061328 0.890104 0.083984 0.890104 0.083984 0.927083 0.061328 0.927083
0 0.040625 0.928646 0.073828 0.928646 0.073828 0.971875 0.040625 0.971875
0 0.006641 0.952604 0.025781 0.952604 0.025781 0.983854 0.006641 0.983854
0 0.155469 0.910417 0.175 0.910417 0.175 0.928646 0.155469 0.928646
0 0.121484 0.938021 0.146484 0.938021 0.146484 0.978125 0.121484 0.978125
0 0.0875 0.874479 0.102344 0.874479 0.102344 0.916146 0.0875 0.916146
0 0.160938 0.821875 0.184766 0.821875 0.184766 0.851042 0.160938 0.851042
0 0.173047 0.857292 0.190234 0.857292 0.190234 0.891146 0.173047 0.891146
0 0.207422 0.857292 0.224609 0.857292 0.224609 0.894792 0.207422 0.894792
0 0.202734 0.909375 0.223828 0.909375 0.223828 0.950521 0.202734 0.950521
0 0.246484 0.921354 0.265625 0.921354 0.265625 0.95625 0.246484 0.95625
0 0.226172 0.96875 0.255078 0.96875 0.255078 0.998958 0.226172 0.998958
0 0.200391 0.797917 0.216406 0.797917 0.216406 0.833854 0.200391 0.833854
0 0.225391 0.801562 0.244922 0.801562 0.244922 0.839062 0.225391 0.839062
0 0.243359 0.761979 0.258984 0.761979 0.258984 0.797917 0.243359 0.797917
0 0.229297 0.719792 0.248828 0.719792 0.248828 0.75625 0.229297 0.75625
0 0.247656 0.689062 0.272266 0.689062 0.272266 0.721875 0.247656 0.721875
0 0.256641 0.659375 0.291406 0.659375 0.291406 0.6875 0.256641 0.6875
0 0.276953 0.744271 0.289844 0.744271 0.289844 0.790625 0.276953 0.790625
0 0.298047 0.746354 0.312109 0.746354 0.312109 0.793229 0.298047 0.793229
0 0.299609 0.708333 0.323047 0.708333 0.323047 0.741146 0.299609 0.741146
0 0.328125 0.732812 0.342578 0.732812 0.342578 0.768229 0.328125 0.768229
0 0.319141 0.776042 0.338281 0.776042 0.338281 0.808333 0.319141 0.808333
0 0.330469 0.823958 0.348438 0.823958 0.348438 0.860417 0.330469 0.860417
0 0.329297 0.875521 0.354297 0.875521 0.354297 0.913021 0.329297 0.913021
0 0.301172 0.920833 0.323828 0.920833 0.323828 0.947396 0.301172 0.947396
0 0.357422 0.945312 0.380469 0.945312 0.380469 0.979167 0.357422 0.979167
0 0.389062 0.941146 0.414453 0.941146 0.414453 0.969271 0.389062 0.969271
0 0.407422 0.901562 0.427344 0.901562 0.427344 0.930729 0.407422 0.930729
0 0.430859 0.927604 0.451562 0.927604 0.451562 0.961458 0.430859 0.961458
0 0.402734 0.868229 0.432812 0.868229 0.432812 0.897917 0.402734 0.897917
0 0.366406 0.794271 0.38125 0.794271 0.38125 0.827604 0.366406 0.827604
0 0.385938 0.80625 0.408594 0.80625 0.408594 0.844792 0.385938 0.844792
0 0.355859 0.733333 0.385156 0.733333 0.385156 0.757812 0.355859 0.757812
0 0.455469 0.825 0.471094 0.825 0.471094 0.851562 0.455469 0.851562
0 0.428125 0.846354 0.444531 0.846354 0.444531 0.878646 0.428125 0.878646
0 0.467188 0.864583 0.484766 0.864583 0.484766 0.898438 0.467188 0.898438
0 0.494531 0.842188 0.512109 0.842188 0.512109 0.877083 0.494531 0.877083
0 0.467188 0.929167 0.483594 0.929167 0.483594 0.95625 0.467188 0.95625
0 0.499219 0.931771 0.521875 0.931771 0.521875 0.959375 0.499219 0.959375
0 0.496484 0.968229 0.517578 0.968229 0.517578 0.990625 0.496484 0.990625
0 0.565234 0.470312 0.582031 0.470312 0.582031 0.509375 0.565234 0.509375
0 0.583594 0.501562 0.611719 0.501562 0.611719 0.525 0.583594 0.525
0 0.300391 0.626562 0.317188 0.626562 0.317188 0.644271 0.300391 0.644271
0 0.266016 0.622917 0.287891 0.622917 0.287891 0.648958 0.266016 0.648958
0 0.223438 0.635938 0.247266 0.635938 0.247266 0.666667 0.223438 0.666667
0 0.317969 0.659896 0.342578 0.659896 0.342578 0.693229 0.317969 0.693229
0 0.367969 0.649479 0.394531 0.649479 0.394531 0.670312 0.367969 0.670312
0 0.365234 0.701562 0.386719 0.701562 0.386719 0.729167 0.365234 0.729167
0 0.399609 0.709375 0.417969 0.709375 0.417969 0.730208 0.399609 0.730208
0 0.510938 0.563021 0.529688 0.563021 0.529688 0.584375 0.510938 0.584375
0 0.544531 0.568229 0.560156 0.568229 0.560156 0.60625 0.544531 0.60625
0 0.571094 0.559896 0.591406 0.559896 0.591406 0.596875 0.571094 0.596875
0 0.502344 0.6 0.531641 0.6 0.531641 0.629167 0.502344 0.629167
0 0.502344 0.653125 0.522266 0.653125 0.522266 0.7 0.502344 0.7
0 0.529688 0.66875 0.54375 0.66875 0.54375 0.703646 0.529688 0.703646
0 0.564453 0.642188 0.582812 0.642188 0.582812 0.680208 0.564453 0.680208
0 0.589062 0.623438 0.60625 0.623438 0.60625 0.654688 0.589062 0.654688
0 0.598828 0.671354 0.625 0.671354 0.625 0.705208 0.598828 0.705208
0 0.650391 0.538021 0.678125 0.538021 0.678125 0.578646 0.650391 0.578646
0 0.647266 0.589583 0.670703 0.589583 0.670703 0.623958 0.647266 0.623958
0 0.633594 0.623438 0.651172 0.623438 0.651172 0.657292 0.633594 0.657292
0 0.662109 0.6375 0.680859 0.6375 0.680859 0.667188 0.662109 0.667188
0 0.689844 0.597917 0.706641 0.597917 0.706641 0.635938 0.689844 0.635938
0 0.700391 0.525 0.716797 0.525 0.716797 0.567188 0.700391 0.567188
0 0.725391 0.528125 0.753906 0.528125 0.753906 0.563021 0.725391 0.563021
0 0.740234 0.577083 0.764844 0.577083 0.764844 0.611979 0.740234 0.611979
0 0.716016 0.614062 0.731641 0.614062 0.731641 0.650521 0.716016 0.650521
0 0.6875 0.659896 0.710938 0.659896 0.710938 0.696354 0.6875 0.696354
0 0.742188 0.652083 0.758594 0.652083 0.758594 0.685417 0.742188 0.685417
0 0.761328 0.623438 0.787109 0.623438 0.787109 0.646354 0.761328 0.646354
0 0.776172 0.568229 0.798438 0.568229 0.798438 0.605208 0.776172 0.605208
0 0.766406 0.515625 0.798828 0.515625 0.798828 0.555729 0.766406 0.555729
0 0.731641 0.500521 0.758203 0.500521 0.758203 0.526562 0.731641 0.526562
0 0.864062 0.539062 0.905078 0.539062 0.905078 0.583333 0.864062 0.583333
0 0.816797 0.570312 0.839062 0.570312 0.839062 0.608854 0.816797 0.608854
0 0.847656 0.603125 0.873438 0.603125 0.873438 0.642708 0.847656 0.642708
0 0.875 0.586979 0.910547 0.586979 0.910547 0.6125 0.875 0.6125
0 0.910547 0.627083 0.927734 0.627083 0.927734 0.652604 0.910547 0.652604
0 0.944141 0.617708 0.959375 0.617708 0.959375 0.648958 0.944141 0.648958
0 0.946875 0.670833 0.961328 0.670833 0.961328 0.702083 0.946875 0.702083
0 0.917578 0.674479 0.940625 0.674479 0.940625 0.698438 0.917578 0.698438
0 0.887891 0.677604 0.913281 0.677604 0.913281 0.706771 0.887891 0.706771
0 0.457031 0.695312 0.475391 0.695312 0.475391 0.736979 0.457031 0.736979
0 0.480469 0.700521 0.502734 0.700521 0.502734 0.727604 0.480469 0.727604
0 0.508594 0.725521 0.528516 0.725521 0.528516 0.765104 0.508594 0.765104
0 0.546484 0.730729 0.571875 0.730729 0.571875 0.767188 0.546484 0.767188
0 0.605859 0.729688 0.633203 0.729688 0.633203 0.75625 0.605859 0.75625
0 0.637891 0.714583 0.653125 0.714583 0.653125 0.75 0.637891 0.75
0 0.476172 0.773438 0.507812 0.773438 0.507812 0.801042 0.476172 0.801042
0 0.549609 0.783333 0.581641 0.783333 0.581641 0.818229 0.549609 0.818229
0 0.522266 0.801042 0.539844 0.801042 0.539844 0.829167 0.522266 0.829167
0 0.534375 0.822917 0.553516 0.822917 0.553516 0.853646 0.534375 0.853646
0 0.548828 0.861458 0.569531 0.861458 0.569531 0.893229 0.548828 0.893229
0 0.545312 0.9 0.5625 0.9 0.5625 0.934896 0.545312 0.934896
0 0.565625 0.918229 0.594531 0.918229 0.594531 0.951042 0.565625 0.951042
0 0.590625 0.890104 0.614453 0.890104 0.614453 0.918229 0.590625 0.918229
0 0.583203 0.838542 0.602344 0.838542 0.602344 0.875 0.583203 0.875
0 0.592188 0.766146 0.610547 0.766146 0.610547 0.8 0.592188 0.8
0 0.617969 0.773438 0.639453 0.773438 0.639453 0.809896 0.617969 0.809896
0 0.612109 0.822917 0.637891 0.822917 0.637891 0.851562 0.612109 0.851562
0 0.643359 0.857812 0.663672 0.857812 0.663672 0.888021 0.643359 0.888021
0 0.627344 0.890104 0.653125 0.890104 0.653125 0.931771 0.627344 0.931771
0 0.617969 0.927604 0.626562 0.927604 0.626562 0.952083 0.617969 0.952083
0 0.665234 0.920312 0.685156 0.920312 0.685156 0.953125 0.665234 0.953125
0 0.654688 0.695312 0.675781 0.695312 0.675781 0.734896 0.654688 0.734896
0 0.697266 0.722917 0.716016 0.722917 0.716016 0.75625 0.697266 0.75625
0 0.662109 0.768229 0.685156 0.768229 0.685156 0.806771 0.662109 0.806771
0 0.695703 0.792708 0.7125 0.792708 0.7125 0.825 0.695703 0.825
0 0.662891 0.818229 0.682031 0.818229 0.682031 0.839583 0.662891 0.839583
0 0.674219 0.859375 0.701562 0.859375 0.701562 0.883854 0.674219 0.883854
0 0.715234 0.890104 0.738281 0.890104 0.738281 0.928646 0.715234 0.928646
0 0.749609 0.841146 0.771484 0.841146 0.771484 0.876042 0.749609 0.876042
0 0.744922 0.769271 0.759375 0.769271 0.759375 0.802604 0.744922 0.802604
0 0.723047 0.760417 0.741406 0.760417 0.741406 0.790625 0.723047 0.790625
0 0.755078 0.719792 0.778516 0.719792 0.778516 0.742708 0.755078 0.742708
0 0.764844 0.677083 0.780078 0.677083 0.780078 0.713542 0.764844 0.713542
0 0.789062 0.670833 0.805859 0.670833 0.805859 0.711458 0.789062 0.711458
0 0.815625 0.715625 0.846875 0.715625 0.846875 0.742188 0.815625 0.742188
0 0.776172 0.745833 0.791406 0.745833 0.791406 0.780729 0.776172 0.780729
0 0.767188 0.796875 0.785156 0.796875 0.785156 0.83125 0.767188 0.83125
0 0.794531 0.820312 0.811719 0.820312 0.811719 0.854688 0.794531 0.854688
0 0.817969 0.774479 0.837109 0.774479 0.837109 0.804688 0.817969 0.804688
0 0.847656 0.776562 0.863672 0.776562 0.863672 0.807812 0.847656 0.807812
0 0.86875 0.771354 0.892578 0.771354 0.892578 0.807812 0.86875 0.807812
0 0.884766 0.729688 0.898438 0.729688 0.898438 0.7625 0.884766 0.7625
0 0.914453 0.761458 0.939062 0.761458 0.939062 0.789583 0.914453 0.789583
0 0.796875 0.874479 0.820312 0.874479 0.820312 0.907812 0.796875 0.907812
0 0.563672 0.969792 0.592578 0.969792 0.592578 0.996875 0.563672 0.996875
0 0.632812 0.965625 0.657422 0.965625 0.657422 0.998438 0.632812 0.998438
0 0.670312 0.968229 0.693359 0.968229 0.693359 0.997396 0.670312 0.997396
0 0.703516 0.965625 0.728906 0.965625 0.728906 0.997396 0.703516 0.997396
0 0.761328 0.976562 0.799609 0.976562 0.799609 0.999479 0.761328 0.999479
0 0.767188 0.940104 0.792578 0.940104 0.792578 0.970833 0.767188 0.970833
0 0.780859 0.904167 0.80625 0.904167 0.80625 0.939583 0.780859 0.939583
0 0.807812 0.960938 0.830859 0.960938 0.830859 0.992188 0.807812 0.992188
0 0.810938 0.660938 0.827734 0.660938 0.827734 0.697917 0.810938 0.697917
0 0.853516 0.666667 0.876953 0.666667 0.876953 0.702083 0.853516 0.702083
0 0.850391 0.718229 0.866406 0.718229 0.866406 0.755208 0.850391 0.755208
0 0.908594 0.726042 0.946484 0.726042 0.946484 0.75625 0.908594 0.75625
0 0.832812 0.820312 0.853516 0.820312 0.853516 0.847917 0.832812 0.847917
0 0.809766 0.840625 0.829297 0.840625 0.829297 0.869271 0.809766 0.869271
0 0.849219 0.849479 0.867969 0.849479 0.867969 0.882292 0.849219 0.882292
0 0.883984 0.821875 0.90625 0.821875 0.90625 0.863542 0.883984 0.863542
0 0.919922 0.829167 0.942969 0.829167 0.942969 0.852604 0.919922 0.852604
0 0.901172 0.883854 0.928125 0.883854 0.928125 0.916146 0.901172 0.916146
0 0.93125 0.858333 0.955078 0.858333 0.955078 0.885417 0.93125 0.885417
0 0.848828 0.890104 0.88125 0.890104 0.88125 0.920833 0.848828 0.920833
0 0.844141 0.932812 0.879297 0.932812 0.879297 0.95625 0.844141 0.95625
0 0.119141 0.051562 0.139844 0.051562 0.139844 0.086458 0.119141 0.086458
0 0.160156 0.025521 0.179688 0.025521 0.179688 0.057292 0.160156 0.057292
0 0.090234 0.194271 0.114844 0.194271 0.114844 0.236979 0.090234 0.236979