0 0.309766 0.0125 0.330078 0.0125 0.330078 0.038021 0.309766 0.038021
0 0.348047 0.013542 0.369922 0.013542 0.369922 0.035417 0.348047 0.035417
0 0.354297 0.05 0.376953 0.05 0.376953 0.076562 0.354297 0.076562
0 0.31875 0.054688 0.346875 0.054688 0.346875 0.08125 0.31875 0.08125
0 0.285156 0.066146 0.304688 0.066146 0.304688 0.091146 0.285156 0.091146
0 0.328125 0.1 0.353516 0.1 0.353516 0.124479 0.328125 0.124479
0 0.285547 0.127604 0.311719 0.127604 0.311719 0.148438 0.285547 0.148438
0 0.332422 0.133854 0.359766 0.133854 0.359766 0.157812 0.332422 0.157812
0 0.272266 0.180208 0.290625 0.180208 0.290625 0.201562 0.272266 0.201562
0 0.307812 0.185938 0.328125 0.185938 0.328125 0.207812 0.307812 0.207812
0 0.324609 0.159896 0.352734 0.159896 0.352734 0.182292 0.324609 0.182292
0 0.347266 0.198438 0.366406 0.198438 0.366406 0.228646 0.347266 0.228646
0 0.017578 0.304688 0.0375 0.304688 0.0375 0.330729 0.017578 0.330729
0 0.057422 0.308333 0.079688 0.308333 0.079688 0.327083 0.057422 0.327083
0 0.046875 0.346354 0.066797 0.346354 0.066797 0.372396 0.046875 0.372396
0 0.089453 0.350521 0.105859 0.350521 0.105859 0.38125 0.089453 0.38125
0 0.115625 0.339062 0.137109 0.339062 0.137109 0.365625 0.115625 0.365625
0 0.151172 0.336979 0.173047 0.336979 0.173047 0.355729 0.151172 0.355729
0 0.013672 0.363542 0.034766 0.363542 0.034766 0.3875 0.013672 0.3875
0 0.024219 0.408854 0.045703 0.408854 0.045703 0.435938 0.024219 0.435938
0 0.057031 0.3875 0.078906 0.3875 0.078906 0.410938 0.057031 0.410938
0 0.096094 0.396875 0.114062 0.396875 0.114062 0.422396 0.096094 0.422396
0 0.078516 0.416146 0.094531 0.416146 0.094531 0.4375 0.078516 0.4375
0 0.142188 0.371354 0.157812 0.371354 0.157812 0.396354 0.142188 0.396354
0 0.186328 0.379688 0.207422 0.379688 0.207422 0.401562 0.186328 0.401562
0 0.227344 0.386458 0.245703 0.386458 0.245703 0.413021 0.227344 0.413021
0 0.003516 0.496875 0.019531 0.496875 0.019531 0.521354 0.003516 0.521354
0 0.033594 0.502604 0.055078 0.502604 0.055078 0.532812 0.033594 0.532812
0 0.070312 0.501042 0.091797 0.501042 0.091797 0.524479 0.070312 0.524479
0 0.081641 0.526562 0.103516 0.526562 0.103516 0.550521 0.081641 0.550521
0 0.054297 0.463542 0.077344 0.463542 0.077344 0.485417 0.054297 0.485417
0 0.097266 0.459375 0.124219 0.459375 0.124219 0.482292 0.097266 0.482292
0 0.134766 0.446875 0.155859 0.446875 0.155859 0.466146 0.134766 0.466146
0 0.144141 0.415625 0.168359 0.415625 0.168359 0.438021 0.144141 0.438021
0 0.182422 0.478125 0.208594 0.478125 0.208594 0.5 0.182422 0.5
0 0.213672 0.488021 0.234766 0.488021 0.234766 0.510417 0.213672 0.510417
0 0.244531 0.510938 0.266797 0.510938 0.266797 0.533333 0.244531 0.533333
0 0.180078 0.506771 0.204297 0.506771 0.204297 0.522917 0.180078 0.522917
0 0.139453 0.505729 0.164844 0.505729 0.164844 0.527604 0.139453 0.527604
0 0.111328 0.517188 0.132812 0.517188 0.132812 0.542708 0.111328 0.542708
0 0.000391 0.605208 0.017188 0.605208 0.017188 0.633333 0.000391 0.633333
0 0.036719 0.621354 0.058594 0.621354 0.058594 0.643229 0.036719 0.643229
0 0.053125 0.563021 0.072656 0.563021 0.072656 0.594271 0.053125 0.594271
0 0.125391 0.594271 0.150781 0.594271 0.150781 0.617708 0.125391 0.617708
0 0.10625 0.6125 0.132422 0.6125 0.132422 0.636458 0.10625 0.636458
0 0.148828 0.626562 0.171875 0.626562 0.171875 0.656771 0.148828 0.656771
0 0.127734 0.667708 0.149609 0.667708 0.149609 0.689062 0.127734 0.689062
0 0.028516 0.647396 0.044922 0.647396 0.044922 0.671354 0.028516 0.671354
0 0.041016 0.691146 0.058984 0.691146 0.058984 0.721875 0.041016 0.721875
0 0.070703 0.727083 0.089453 0.727083 0.089453 0.7625 0.070703 0.7625
0 0.04375 0.736458 0.063281 0.736458 0.063281 0.764583 0.04375 0.764583
0 0.010156 0.809375 0.024609 0.809375 0.024609 0.838542 0.010156 0.838542
0 0.030469 0.802604 0.054297 0.802604 0.054297 0.827083 0.030469 0.827083
0 0.014844 0.763021 0.032812 0.763021 0.032812 0.785417 0.014844 0.785417
0 0.047656 0.775521 0.070703 0.775521 0.070703 0.797917 0.047656 0.797917
0 0.032812 0.851042 0.052734 0.851042 0.052734 0.880208 0.032812 0.880208
0 0.058594 0.857812 0.075391 0.857812 0.075391 0.888542 0.058594 0.888542
0 0.080078 0.825521 0.097266 0.825521 0.097266 0.859375 0.080078 0.859375
0 0.126953 0.868229 0.149609 0.868229 0.149609 0.893229 0.126953 0.893229
0 0.155469 0.90625 0.174219 0.90625 0.174219 0.934375 0.155469 0.934375
0 0.120703 0.946354 0.137891 0.946354 0.137891 0.975521 0.120703 0.975521
0 0.16875 0.844792 0.194922 0.844792 0.194922 0.873958 0.16875 0.873958
0 0.162891 0.873958 0.1875 0.873958 0.1875 0.9 0.162891 0.9
0 0.129688 0.821875 0.148438 0.821875 0.148438 0.847396 0.129688 0.847396
0 0.10625 0.803646 0.126172 0.803646 0.126172 0.826562 0.10625 0.826562
0 0.097266 0.765625 0.117969 0.765625 0.117969 0.788021 0.097266 0.788021
0 0.147266 0.771354 0.171484 0.771354 0.171484 0.793229 0.147266 0.793229
0 0.177734 0.774479 0.19375 0.774479 0.19375 0.798438 0.177734 0.798438
0 0.117578 0.721875 0.135547 0.721875 0.135547 0.755208 0.117578 0.755208
0 0.173438 0.724479 0.194141 0.724479 0.194141 0.748958 0.173438 0.748958
0 0.205469 0.728125 0.220703 0.728125 0.220703 0.755729 0.205469 0.755729
0 0.158984 0.693229 0.184375 0.693229 0.184375 0.713542 0.158984 0.713542
0 0.199609 0.638542 0.223828 0.638542 0.223828 0.665104 0.199609 0.665104
0 0.253516 0.645833 0.278516 0.645833 0.278516 0.660938 0.253516 0.660938
0 0.146094 0.550521 0.172266 0.550521 0.172266 0.569271 0.146094 0.569271
0 0.171875 0.583854 0.195312 0.583854 0.195312 0.602083 0.171875 0.602083
0 0.18125 0.604688 0.202734 0.604688 0.202734 0.627604 0.18125 0.627604
0 0.199609 0.528125 0.224219 0.528125 0.224219 0.546354 0.199609 0.546354
0 0.228516 0.554688 0.250391 0.554688 0.250391 0.577604 0.228516 0.577604
0 0.259766 0.568229 0.275 0.568229 0.275 0.589583 0.259766 0.589583
0 0.235938 0.588542 0.259375 0.588542 0.259375 0.607812 0.235938 0.607812
0 0.244531 0.616146 0.269141 0.616146 0.269141 0.635417 0.244531 0.635417
0 0.273828 0.604167 0.299609 0.604167 0.299609 0.624479 0.273828 0.624479
0 0.275 0.535938 0.291016 0.535938 0.291016 0.55625 0.275 0.55625
0 0.297266 0.560938 0.319922 0.560938 0.319922 0.584375 0.297266 0.584375
0 0.316406 0.595312 0.336328 0.595312 0.336328 0.614583 0.316406 0.614583
0 0.327344 0.547396 0.346094 0.547396 0.346094 0.569271 0.327344 0.569271
0 0.310547 0.495833 0.334375 0.495833 0.334375 0.5125 0.310547 0.5125
0 0.254688 0.354167 0.277344 0.354167 0.277344 0.374479 0.254688 0.374479
0 0.292188 0.372396 0.312109 0.372396 0.312109 0.396875 0.292188 0.396875
0 0.325781 0.384896 0.342969 0.384896 0.342969 0.414062 0.325781 0.414062
0 0.202344 0.302083 0.227344 0.302083 0.227344 0.323958 0.202344 0.323958
0 0.2375 0.316146 0.260938 0.316146 0.260938 0.336979 0.2375 0.336979
0 0.2125 0.326042 0.234375 0.326042 0.234375 0.349479 0.2125 0.349479
0 0.220703 0.282812 0.243359 0.282812 0.243359 0.301042 0.220703 0.301042
0 0.1875 0.255729 0.204297 0.255729 0.204297 0.275 0.1875 0.275
0 0.229688 0.239583 0.251563 0.239583 0.251563 0.258333 0.229688 0.258333
0 0.235938 0.195312 0.255469 0.195312 0.255469 0.221875 0.235938 0.221875
0 0.256641 0.224479 0.276953 0.224479 0.276953 0.254167 0.256641 0.254167
0 0.286719 0.236979 0.307422 0.236979 0.307422 0.256771 0.286719 0.256771
0 0.323828 0.252083 0.342969 0.252083 0.342969 0.285938 0.323828 0.285938
0 0.277344 0.276562 0.300781 0.276562 0.300781 0.297396 0.277344 0.297396
0 0.296875 0.294271 0.320703 0.294271 0.320703 0.320312 0.296875 0.320312
0 0.333594 0.294271 0.349219 0.294271 0.349219 0.322917 0.333594 0.322917
0 0.371875 0.253646 0.394531 0.253646 0.394531 0.275521 0.371875 0.275521
0 0.407812 0.239583 0.432812 0.239583 0.432812 0.260938 0.407812 0.260938
0 0.386328 0.307812 0.407031 0.307812 0.407031 0.340104 0.386328 0.340104
0 0.416797 0.276562 0.445703 0.276562 0.445703 0.298438 0.416797 0.298438
0 0.428906 0.315625 0.457031 0.315625 0.457031 0.334375 0.428906 0.334375
0 0.401562 0.344271 0.423047 0.344271 0.423047 0.367188 0.401562 0.367188
0 0.457031 0.375521 0.480078 0.375521 0.480078 0.398958 0.457031 0.398958
0 0.426172 0.394271 0.447656 0.394271 0.447656 0.414583 0.426172 0.414583
0 0.49375 0.304167 0.521484 0.304167 0.521484 0.333854 0.49375 0.333854
0 0.494141 0.382812 0.514453 0.382812 0.514453 0.408333 0.494141 0.408333
0 0.521484 0.392188 0.539844 0.392188 0.539844 0.425 0.521484 0.425
0 0.45625 0.420312 0.478125 0.420312 0.478125 0.447396 0.45625 0.447396
0 0.427734 0.430208 0.452344 0.430208 0.452344 0.451562 0.427734 0.451562
0 0.271484 0.975521 0.288672 0.975521 0.288672 0.999479 0.271484 0.999479
0 0.25 0.936979 0.266406 0.936979 0.266406 0.964062 0.25 0.964062
0 0.241797 0.910938 0.253906 0.910938 0.253906 0.934375 0.241797 0.934375
0 0.289453 0.898438 0.310938 0.898438 0.310938 0.932812 0.289453 0.932812
0 0.310547 0.953646 0.328906 0.953646 0.328906 0.981771 0.310547 0.981771
0 0.332031 0.909896 0.350781 0.909896 0.350781 0.934896 0.332031 0.934896
0 0.367969 0.924479 0.392188 0.924479 0.392188 0.957812 0.367969 0.957812
0 0.360156 0.971354 0.384766 0.971354 0.384766 0.998958 0.360156 0.998958
0 0.435156 0.978125 0.453125 0.978125 0.453125 0.999479 0.435156 0.999479
0 0.407422 0.946875 0.425 0.946875 0.425 0.970312 0.407422 0.970312
0 0.424609 0.926562 0.449219 0.926562 0.449219 0.950521 0.424609 0.950521
0 0.4625 0.963542 0.48125 0.963542 0.48125 0.997396 0.4625 0.997396
0 0.458984 0.888021 0.477344 0.888021 0.477344 0.920833 0.458984 0.920833
0 0.432422 0.882292 0.45 0.882292 0.45 0.914062 0.432422 0.914062
0 0.398047 0.874479 0.421875 0.874479 0.421875 0.901042 0.398047 0.901042
0 0.369531 0.853646 0.386719 0.853646 0.386719 0.884375 0.369531 0.884375
0 0.348047 0.871354 0.367188 0.871354 0.367188 0.895833 0.348047 0.895833
0 0.334766 0.842188 0.356641 0.842188 0.356641 0.870833 0.334766 0.870833
0 0.276953 0.823438 0.296094 0.823438 0.296094 0.854688 0.276953 0.854688
0 0.308984 0.813021 0.326562 0.813021 0.326562 0.841667 0.308984 0.841667
0 0.285938 0.783333 0.302734 0.783333 0.302734 0.809896 0.285938 0.809896
0 0.327344 0.775521 0.353125 0.775521 0.353125 0.796875 0.327344 0.796875
0 0.363672 0.796875 0.378516 0.796875 0.378516 0.827083 0.363672 0.827083
0 0.301953 0.755208 0.320703 0.755208 0.320703 0.776042 0.301953 0.776042
0 0.33125 0.729167 0.346094 0.729167 0.346094 0.751042 0.33125 0.751042
0 0.338281 0.691146 0.357812 0.691146 0.357812 0.713542 0.338281 0.713542
0 0.392188 0.710938 0.410156 0.710938 0.410156 0.7375 0.392188 0.7375
0 0.425781 0.728646 0.44375 0.728646 0.44375 0.754688 0.425781 0.754688
0 0.401562 0.671875 0.419531 0.671875 0.419531 0.704688 0.401562 0.704688
0 0.250781 0.705729 0.269141 0.705729 0.269141 0.729688 0.250781 0.729688
0 0.270312 0.674479 0.294531 0.674479 0.294531 0.696354 0.270312 0.696354
0 0.391797 0.769271 0.418359 0.769271 0.418359 0.790625 0.391797 0.790625
0 0.433594 0.7875 0.453125 0.7875 0.453125 0.819271 0.433594 0.819271
0 0.464062 0.803646 0.4875 0.803646 0.4875 0.829688 0.464062 0.829688
0 0.394922 0.817708 0.417188 0.817708 0.417188 0.8375 0.394922 0.8375
0 0.425 0.833333 0.446094 0.833333 0.446094 0.857292 0.425 0.857292
0 0.46875 0.843229 0.492578 0.843229 0.492578 0.866146 0.46875 0.866146
0 0.528516 0.947917 0.546484 0.947917 0.546484 0.978646 0.528516 0.978646
0 0.556641 0.954688 0.577344 0.954688 0.577344 0.981771 0.556641 0.981771
0 0.592969 0.952083 0.610547 0.952083 0.610547 0.989583 0.592969 0.989583
0 0.624609 0.947396 0.643359 0.947396 0.643359 0.975521 0.624609 0.975521
0 0.392969 0.58125 0.415234 0.58125 0.415234 0.607292 0.392969 0.607292
0 0.435938 0.585417 0.458203 0.585417 0.458203 0.609896 0.435938 0.609896
0 0.435156 0.552083 0.459766 0.552083 0.459766 0.576562 0.435156 0.576562
0 0.403125 0.604688 0.423047 0.604688 0.423047 0.628646 0.403125 0.628646
0 0.464453 0.619271 0.486719 0.619271 0.486719 0.638542 0.464453 0.638542
0 0.498828 0.603646 0.516406 0.603646 0.516406 0.636979 0.498828 0.636979
0 0.480078 0.564583 0.496094 0.564583 0.496094 0.591146 0.480078 0.591146
0 0.464062 0.666667 0.483984 0.666667 0.483984 0.697396 0.464062 0.697396
0 0.488672 0.654167 0.508594 0.654167 0.508594 0.676042 0.488672 0.676042
0 0.525781 0.658854 0.544141 0.658854 0.544141 0.690104 0.525781 0.690104
0 0.563672 0.670833 0.585156 0.670833 0.585156 0.70625 0.563672 0.70625
0 0.496094 0.682292 0.51875 0.682292 0.51875 0.704688 0.496094 0.704688
0 0.533594 0.7 0.553516 0.7 0.553516 0.727604 0.533594 0.727604
0 0.5375 0.845833 0.557422 0.845833 0.557422 0.876042 0.5375 0.876042
0 0.547266 0.765104 0.564844 0.765104 0.564844 0.793229 0.547266 0.793229
0 0.574609 0.799479 0.598438 0.799479 0.598438 0.820833 0.574609 0.820833
0 0.591406 0.7625 0.613281 0.7625 0.613281 0.781771 0.591406 0.781771
0 0.576172 0.729688 0.592578 0.729688 0.592578 0.755208 0.576172 0.755208
0 0.624219 0.767188 0.640234 0.767188 0.640234 0.793229 0.624219 0.793229
0 0.632031 0.813542 0.649219 0.813542 0.649219 0.8375 0.632031 0.8375
0 0.628906 0.845833 0.652344 0.845833 0.652344 0.870312 0.628906 0.870312
0 0.594531 0.858333 0.612109 0.858333 0.612109 0.884896 0.594531 0.884896
0 0.613281 0.870833 0.630469 0.870833 0.630469 0.897917 0.613281 0.897917
0 0.650391 0.957292 0.668359 0.957292 0.668359 0.99375 0.650391 0.99375
0 0.683594 0.959375 0.702734 0.959375 0.702734 0.990104 0.683594 0.990104
0 0.725781 0.974479 0.741797 0.974479 0.741797 0.999479 0.725781 0.999479
0 0.699219 0.905729 0.720312 0.905729 0.720312 0.933333 0.699219 0.933333
0 0.655469 0.890104 0.675391 0.890104 0.675391 0.909375 0.655469 0.909375
0 0.693359 0.86875 0.712109 0.86875 0.712109 0.894792 0.693359 0.894792
0 0.6625 0.834375 0.682812 0.834375 0.682812 0.858333 0.6625 0.858333
0 0.750781 0.936979 0.767578 0.936979 0.767578 0.969271 0.750781 0.969271
0 0.594531 0.0 0.609766 0.0 0.609766 0.015104 0.594531 0.015104
0 0.623438 0.11875 0.653906 0.11875 0.653906 0.14375 0.623438 0.14375
0 0.536328 0.119271 0.558594 0.119271 0.558594 0.145833 0.536328 0.145833
0 0.542578 0.143229 0.560547 0.143229 0.560547 0.167188 0.542578 0.167188
0 0.569922 0.139583 0.589844 0.139583 0.589844 0.171875 0.569922 0.171875
0 0.598047 0.157292 0.619922 0.157292 0.619922 0.176042 0.598047 0.176042
0 0.478516 0.159375 0.498047 0.159375 0.498047 0.189062 0.478516 0.189062
0 0.516406 0.182292 0.537891 0.182292 0.537891 0.216667 0.516406 0.216667
0 0.469141 0.204167 0.486719 0.204167 0.486719 0.238021 0.469141 0.238021
0 0.491016 0.204167 0.508594 0.204167 0.508594 0.235417 0.491016 0.235417
0 0.529297 0.232812 0.551172 0.232812 0.551172 0.263542 0.529297 0.263542
0 0.561719 0.213021 0.575 0.213021 0.575 0.239583 0.561719 0.239583
0 0.583203 0.206771 0.603516 0.206771 0.603516 0.229167 0.583203 0.229167
0 0.544141 0.282292 0.566016 0.282292 0.566016 0.307812 0.544141 0.307812
0 0.580078 0.267708 0.602344 0.267708 0.602344 0.290104 0.580078 0.290104
0 0.598438 0.238542 0.616797 0.238542 0.616797 0.265625 0.598438 0.265625
0 0.606641 0.284375 0.625391 0.284375 0.625391 0.311979 0.606641 0.311979
0 0.635938 0.277083 0.656641 0.277083 0.656641 0.297396 0.635938 0.297396
0 0.649609 0.234375 0.670312 0.234375 0.670312 0.257812 0.649609 0.257812
0 0.585938 0.315104 0.610547 0.315104 0.610547 0.3375 0.585938 0.3375
0 0.564453 0.333333 0.585156 0.333333 0.585156 0.357292 0.564453 0.357292
0 0.629688 0.327083 0.654688 0.327083 0.654688 0.353125 0.629688 0.353125
0 0.934375 0.0 0.951562 0.0 0.951562 0.03125 0.934375 0.03125
0 0.958984 0.000521 0.978516 0.000521 0.978516 0.030729 0.958984 0.030729
0 0.980469 0.017708 0.998047 0.017708 0.998047 0.038542 0.980469 0.038542
0 0.949219 0.054688 0.971094 0.054688 0.971094 0.077083 0.949219 0.077083
0 0.910938 0.034896 0.928125 0.034896 0.928125 0.066146 0.910938 0.066146
0 0.867969 0.002083 0.893359 0.002083 0.893359 0.024479 0.867969 0.024479
0 0.872656 0.046875 0.893359 0.046875 0.893359 0.070833 0.872656 0.070833
0 0.890625 0.078125 0.909375 0.078125 0.909375 0.098438 0.890625 0.098438
0 0.833203 0.01875 0.853516 0.01875 0.853516 0.043229 0.833203 0.043229
0 0.707422 0.020312 0.733203 0.020312 0.733203 0.042188 0.707422 0.042188
0 0.773438 0.022396 0.792188 0.022396 0.792188 0.048438 0.773438 0.048438
0 0.801562 0.027604 0.821094 0.027604 0.821094 0.048958 0.801562 0.048958
0 0.828516 0.060938 0.847266 0.060938 0.847266 0.086979 0.828516 0.086979
0 0.843359 0.098438 0.873047 0.098438 0.873047 0.125 0.843359 0.125
0 0.775781 0.071875 0.798828 0.071875 0.798828 0.090625 0.775781 0.090625
0 0.799219 0.106771 0.826172 0.106771 0.826172 0.132292 0.799219 0.132292
0 0.706641 0.091146 0.729297 0.091146 0.729297 0.110417 0.706641 0.110417
0 0.737109 0.089583 0.757031 0.089583 0.757031 0.110417 0.737109 0.110417
0 0.768359 0.107812 0.789844 0.107812 0.789844 0.128646 0.768359 0.128646
0 0.612109 0.191146 0.632812 0.191146 0.632812 0.221354 0.612109 0.221354
0 0.661719 0.180729 0.678125 0.180729 0.678125 0.2125 0.661719 0.2125
0 0.642578 0.159896 0.658203 0.159896 0.658203 0.186979 0.642578 0.186979
0 0.685938 0.167188 0.701562 0.167188 0.701562 0.192188 0.685938 0.192188
0 0.712109 0.158854 0.728906 0.158854 0.728906 0.184896 0.712109 0.184896
0 0.718359 0.138542 0.735156 0.138542 0.735156 0.157812 0.718359 0.157812
0 0.745312 0.130208 0.767969 0.130208 0.767969 0.150521 0.745312 0.150521
0 0.780469 0.139062 0.802734 0.139062 0.802734 0.161979 0.780469 0.161979
0 0.759766 0.172396 0.776953 0.172396 0.776953 0.196875 0.759766 0.196875
0 0.740625 0.203646 0.762891 0.203646 0.762891 0.229167 0.740625 0.229167
0 0.698828 0.20625 0.719141 0.20625 0.719141 0.228646 0.698828 0.228646
0 0.719922 0.246354 0.740234 0.246354 0.740234 0.272396 0.719922 0.272396
0 0.676953 0.289062 0.694922 0.289062 0.694922 0.315625 0.676953 0.315625
0 0.696094 0.261979 0.718359 0.261979 0.718359 0.286458 0.696094 0.286458
0 0.746094 0.245833 0.7625 0.245833 0.7625 0.271875 0.746094 0.271875
0 0.773438 0.195833 0.79375 0.195833 0.79375 0.221875 0.773438 0.221875
0 0.801953 0.207292 0.817188 0.207292 0.817188 0.234896 0.801953 0.234896
0 0.833203 0.178125 0.847266 0.178125 0.847266 0.202604 0.833203 0.202604
0 0.858594 0.179688 0.876953 0.179688 0.876953 0.202604 0.858594 0.202604
0 0.857422 0.152604 0.878125 0.152604 0.878125 0.172396 0.857422 0.172396
0 0.98125 0.152083 0.999609 0.152083 0.999609 0.180208 0.98125 0.180208
0 0.960156 0.193229 0.977344 0.193229 0.977344 0.225 0.960156 0.225
0 0.978125 0.235417 0.998438 0.235417 0.998438 0.26875 0.978125 0.26875
0 0.944531 0.267188 0.969531 0.267188 0.969531 0.288021 0.944531 0.288021
0 0.860547 0.285938 0.879297 0.285938 0.879297 0.309896 0.860547 0.309896
0 0.901562 0.25 0.917969 0.25 0.917969 0.274479 0.901562 0.274479
0 0.904688 0.295312 0.917969 0.295312 0.917969 0.323958 0.904688 0.323958
0 0.926953 0.296354 0.942188 0.296354 0.942188 0.323438 0.926953 0.323438
0 0.871875 0.309896 0.894531 0.309896 0.894531 0.3375 0.871875 0.3375
0 0.837109 0.310938 0.858594 0.310938 0.858594 0.338542 0.837109 0.338542
0 0.903125 0.347917 0.922266 0.347917 0.922266 0.367188 0.903125 0.367188
0 0.940625 0.341667 0.95625 0.341667 0.95625 0.369271 0.940625 0.369271
0 0.970312 0.296354 0.986328 0.296354 0.986328 0.31875 0.970312 0.31875
0 0.979688 0.3625 0.999609 0.3625 0.999609 0.3875 0.979688 0.3875
0 0.839062 0.403125 0.858594 0.403125 0.858594 0.420833 0.839062 0.420833
0 0.852344 0.418229 0.873047 0.418229 0.873047 0.439583 0.852344 0.439583
0 0.881641 0.404688 0.908203 0.404688 0.908203 0.424479 0.881641 0.424479
0 0.894141 0.380208 0.919922 0.380208 0.919922 0.403646 0.894141 0.403646
0 0.933203 0.4375 0.963281 0.4375 0.963281 0.461979 0.933203 0.461979
0 0.612109 0.383854 0.635547 0.383854 0.635547 0.405729 0.612109 0.405729
0 0.642188 0.357292 0.662891 0.357292 0.662891 0.381771 0.642188 0.381771
0 0.687109 0.355208 0.705859 0.355208 0.705859 0.376562 0.687109 0.376562
0 0.707422 0.367708 0.728125 0.367708 0.728125 0.3875 0.707422 0.3875
0 0.683203 0.390625 0.701172 0.390625 0.701172 0.414062 0.683203 0.414062
0 0.740234 0.335938 0.760547 0.335938 0.760547 0.356771 0.740234 0.356771
0 0.533594 0.489062 0.554688 0.489062 0.554688 0.509896 0.533594 0.509896
0 0.553125 0.505729 0.575 0.505729 0.575 0.527604 0.553125 0.527604
0 0.580078 0.492708 0.6 0.492708 0.6 0.513542 0.580078 0.513542
0 0.604297 0.510417 0.621875 0.510417 0.621875 0.535938 0.604297 0.535938
0 0.634766 0.527604 0.654297 0.527604 0.654297 0.551042 0.634766 0.551042
0 0.571875 0.543229 0.593359 0.543229 0.593359 0.569792 0.571875 0.569792
0 0.542188 0.544792 0.559375 0.544792 0.559375 0.56875 0.542188 0.56875
0 0.517969 0.527604 0.540625 0.527604 0.540625 0.551562 0.517969 0.551562
0 0.608203 0.554167 0.623828 0.554167 0.623828 0.585938 0.608203 0.585938
0 0.628906 0.574479 0.648047 0.574479 0.648047 0.595833 0.628906 0.595833
0 0.660938 0.574479 0.682422 0.574479 0.682422 0.595833 0.660938 0.595833
0 0.643359 0.609375 0.666016 0.609375 0.666016 0.629688 0.643359 0.629688
0 0.565234 0.589583 0.592188 0.589583 0.592188 0.6125 0.565234 0.6125
0 0.54375 0.630729 0.564062 0.630729 0.564062 0.654688 0.54375 0.654688
0 0.522266 0.61875 0.537109 0.61875 0.537109 0.642188 0.522266 0.642188
0 0.612891 0.633854 0.632031 0.633854 0.632031 0.657292 0.612891 0.657292
0 0.648047 0.654688 0.674609 0.654688 0.674609 0.676562 0.648047 0.676562
0 0.678906 0.601042 0.697266 0.601042 0.697266 0.6375 0.678906 0.6375
0 0.698047 0.65 0.721094 0.65 0.721094 0.66875 0.698047 0.66875
0 0.713672 0.621354 0.734766 0.621354 0.734766 0.647396 0.713672 0.647396
0 0.617969 0.690625 0.635156 0.690625 0.635156 0.720312 0.617969 0.720312
0 0.649219 0.69375 0.666016 0.69375 0.666016 0.726562 0.649219 0.726562
0 0.691406 0.707292 0.712891 0.707292 0.712891 0.735938 0.691406 0.735938
0 0.727734 0.727083 0.746875 0.727083 0.746875 0.755729 0.727734 0.755729
0 0.716797 0.680729 0.7375 0.680729 0.7375 0.7125 0.716797 0.7125
0 0.600781 0.721354 0.620312 0.721354 0.620312 0.741146 0.600781 0.741146
0 0.625 0.735417 0.64375 0.735417 0.64375 0.756771 0.625 0.756771
0 0.681641 0.755729 0.707812 0.755729 0.707812 0.778125 0.681641 0.778125
0 0.658203 0.788542 0.679688 0.788542 0.679688 0.813542 0.658203 0.813542
0 0.689844 0.801042 0.711328 0.801042 0.711328 0.828125 0.689844 0.828125
0 0.726172 0.815104 0.746875 0.815104 0.746875 0.847396 0.726172 0.847396
0 0.871484 0.467708 0.892969 0.467708 0.892969 0.482292 0.871484 0.482292
0 0.905469 0.454688 0.920312 0.454688 0.920312 0.474479 0.905469 0.474479
0 0.91875 0.483854 0.940625 0.483854 0.940625 0.501042 0.91875 0.501042
0 0.866016 0.513542 0.892578 0.513542 0.892578 0.532812 0.866016 0.532812
0 0.908984 0.522917 0.925391 0.522917 0.925391 0.546354 0.908984 0.546354
0 0.936719 0.501562 0.951953 0.501562 0.951953 0.531771 0.936719 0.531771
0 0.966797 0.515104 0.979297 0.515104 0.979297 0.542708 0.966797 0.542708
0 0.829297 0.541667 0.851172 0.541667 0.851172 0.572396 0.829297 0.572396
0 0.820312 0.588542 0.845312 0.588542 0.845312 0.613021 0.820312 0.613021
0 0.865234 0.559375 0.887109 0.559375 0.887109 0.592708 0.865234 0.592708
0 0.896094 0.590104 0.919922 0.590104 0.919922 0.621875 0.896094 0.621875
0 0.925391 0.598958 0.946875 0.598958 0.946875 0.621875 0.925391 0.621875
0 0.913281 0.558333 0.933594 0.558333 0.933594 0.579167 0.913281 0.579167
0 0.941797 0.542188 0.961719 0.542188 0.961719 0.569271 0.941797 0.569271
0 0.967188 0.561458 0.986719 0.561458 0.986719 0.58125 0.967188 0.58125
0 0.813672 0.641667 0.832812 0.641667 0.832812 0.673438 0.813672 0.673438
0 0.791016 0.636979 0.810156 0.636979 0.810156 0.669271 0.791016 0.669271
0 0.840625 0.627083 0.867969 0.627083 0.867969 0.650521 0.840625 0.650521
0 0.884766 0.625521 0.906641 0.625521 0.906641 0.652083 0.884766 0.652083
0 0.842188 0.66875 0.865234 0.66875 0.865234 0.689062 0.842188 0.689062
0 0.867969 0.682812 0.891406 0.682812 0.891406 0.704688 0.867969 0.704688
0 0.948047 0.642188 0.972656 0.642188 0.972656 0.6625 0.948047 0.6625
0 0.845703 0.747917 0.870312 0.747917 0.870312 0.769792 0.845703 0.769792
0 0.877344 0.771354 0.899609 0.771354 0.899609 0.796875 0.877344 0.796875
0 0.851562 0.807812 0.874219 0.807812 0.874219 0.830729 0.851562 0.830729
0 0.883203 0.815104 0.906641 0.815104 0.906641 0.842708 0.883203 0.842708
0 0.925781 0.766667 0.948047 0.766667 0.948047 0.797917 0.925781 0.797917
0 0.851562 0.846354 0.873828 0.846354 0.873828 0.880208 0.851562 0.880208
0 0.855859 0.947396 0.871484 0.947396 0.871484 0.971875 0.855859 0.971875
0 0.888672 0.965625 0.905469 0.965625 0.905469 0.996875 0.888672 0.996875
0 0.916016 0.932292 0.933594 0.932292 0.933594 0.959896 0.916016 0.959896
0 0.88125 0.917188 0.900391 0.917188 0.900391 0.947917 0.88125 0.947917
0 0.746484 0.877083 0.7625 0.877083 0.7625 0.913542 0.746484 0.913542
0 0.949219 0.883854 0.964844 0.883854 0.964844 0.915104 0.949219 0.915104
0 0.985547 0.922396 0.999609 0.922396 0.999609 0.954688 0.985547 0.954688
0 0.962109 0.959896 0.980469 0.959896 0.980469 0.994271 0.962109 0.994271
0 0.975 0.869271 0.991797 0.869271 0.991797 0.897917 0.975 0.897917
0 0.969141 0.734896 0.987109 0.734896 0.987109 0.753646 0.969141 0.753646
0 0.832031 0.774479 0.855078 0.774479 0.855078 0.797396 0.832031 0.797396