0 0.0 0.051562 0.014062 0.051562 0.014062 0.088021 0.0 0.088021
0 0.053125 0.060417 0.082422 0.060417 0.082422 0.085938 0.053125 0.085938
0 0.112891 0.092708 0.135938 0.092708 0.135938 0.128646 0.112891 0.128646
0 0.138281 0.135417 0.155859 0.135417 0.155859 0.164583 0.138281 0.164583
0 0.078516 0.123438 0.103516 0.123438 0.103516 0.153125 0.078516 0.153125
0 0.044922 0.093229 0.06875 0.093229 0.06875 0.114062 0.044922 0.114062
0 0.026172 0.127604 0.047656 0.127604 0.047656 0.154167 0.026172 0.154167
0 0.044531 0.15 0.070703 0.15 0.070703 0.181771 0.044531 0.181771
0 0.168359 0.139583 0.189062 0.139583 0.189062 0.171875 0.168359 0.171875
0 0.1875 0.175521 0.205078 0.175521 0.205078 0.209375 0.1875 0.209375
0 0.203906 0.131771 0.232422 0.131771 0.232422 0.163542 0.203906 0.163542
0 0.226172 0.164062 0.248828 0.164062 0.248828 0.185938 0.226172 0.185938
0 0.251563 0.158333 0.275 0.158333 0.275 0.184375 0.251563 0.184375
0 0.232422 0.209375 0.252344 0.209375 0.252344 0.233333 0.232422 0.233333
0 0.255078 0.2125 0.278906 0.2125 0.278906 0.238542 0.255078 0.238542
0 0.15 0.1875 0.166797 0.1875 0.166797 0.213542 0.15 0.213542
0 0.103906 0.2 0.128125 0.2 0.128125 0.226562 0.103906 0.226562
0 0.076953 0.218229 0.094141 0.218229 0.094141 0.244271 0.076953 0.244271
0 0.056641 0.221875 0.073047 0.221875 0.073047 0.252083 0.056641 0.252083
0 0.009375 0.229167 0.030078 0.229167 0.030078 0.259375 0.009375 0.259375
0 0.01875 0.302083 0.041406 0.302083 0.041406 0.3375 0.01875 0.3375
0 0.082422 0.313542 0.100391 0.313542 0.100391 0.338021 0.082422 0.338021
0 0.08125 0.269271 0.102344 0.269271 0.102344 0.300521 0.08125 0.300521
0 0.108594 0.263021 0.134375 0.263021 0.134375 0.289062 0.108594 0.289062
0 0.145703 0.286979 0.167969 0.286979 0.167969 0.320833 0.145703 0.320833
0 0.1 0.359896 0.122266 0.359896 0.122266 0.391146 0.1 0.391146
0 0.158203 0.348438 0.179297 0.348438 0.179297 0.382292 0.158203 0.382292
0 0.053516 0.347917 0.071875 0.347917 0.071875 0.378646 0.053516 0.378646
0 0.009375 0.341146 0.032812 0.341146 0.032812 0.366667 0.009375 0.366667
0 0.158594 0.236979 0.178125 0.236979 0.178125 0.261458 0.158594 0.261458
0 0.186719 0.241667 0.203516 0.241667 0.203516 0.269792 0.186719 0.269792
0 0.218359 0.271875 0.242188 0.271875 0.242188 0.296354 0.218359 0.296354
0 0.245703 0.257812 0.260938 0.257812 0.260938 0.284375 0.245703 0.284375
0 0.179297 0.316667 0.202344 0.316667 0.202344 0.339583 0.179297 0.339583
0 0.202734 0.345312 0.217969 0.345312 0.217969 0.375 0.202734 0.375
0 0.236328 0.383333 0.25625 0.383333 0.25625 0.403125 0.236328 0.403125
0 0.235938 0.407292 0.257422 0.407292 0.257422 0.435938 0.235938 0.435938
0 0.188672 0.400521 0.205469 0.400521 0.205469 0.429688 0.188672 0.429688
0 0.000781 0.38125 0.016797 0.38125 0.016797 0.405208 0.000781 0.405208
0 0.008984 0.419271 0.026172 0.419271 0.026172 0.455208 0.008984 0.455208
0 0.042578 0.426042 0.057422 0.426042 0.057422 0.45625 0.042578 0.45625
0 0.080469 0.4125 0.094922 0.4125 0.094922 0.445312 0.080469 0.445312
0 0.105469 0.426562 0.130859 0.426562 0.130859 0.457292 0.105469 0.457292
0 0.148828 0.406771 0.166797 0.406771 0.166797 0.434375 0.148828 0.434375
0 0.126172 0.484896 0.14375 0.484896 0.14375 0.514583 0.126172 0.514583
0 0.095703 0.492188 0.114062 0.492188 0.114062 0.522917 0.095703 0.522917
0 0.033203 0.556771 0.051953 0.556771 0.051953 0.576562 0.033203 0.576562
0 0.038672 0.589062 0.064453 0.589062 0.064453 0.614583 0.038672 0.614583
0 0.026172 0.626042 0.049609 0.626042 0.049609 0.661458 0.026172 0.661458
0 0.059375 0.615625 0.080078 0.615625 0.080078 0.646354 0.059375 0.646354
0 0.086328 0.639062 0.103125 0.639062 0.103125 0.665625 0.086328 0.665625
0 0.104688 0.659375 0.123047 0.659375 0.123047 0.689062 0.104688 0.689062
0 0.005078 0.686979 0.025781 0.686979 0.025781 0.713021 0.005078 0.713021
0 0.039062 0.684375 0.061328 0.684375 0.061328 0.711458 0.039062 0.711458
0 0.076172 0.696875 0.097656 0.696875 0.097656 0.71875 0.076172 0.71875
0 0.005078 0.730729 0.028906 0.730729 0.028906 0.766146 0.005078 0.766146
0 0.038281 0.750521 0.055859 0.750521 0.055859 0.782812 0.038281 0.782812
0 0.069922 0.746875 0.088281 0.746875 0.088281 0.782292 0.069922 0.782292
0 0.094531 0.748958 0.112891 0.748958 0.112891 0.775521 0.094531 0.775521
0 0.113281 0.720312 0.125781 0.720312 0.125781 0.741146 0.113281 0.741146
0 0.0 0.798958 0.017578 0.798958 0.017578 0.833333 0.0 0.833333
0 0.019922 0.790625 0.033594 0.790625 0.033594 0.816146 0.019922 0.816146
0 0.084375 0.782812 0.099219 0.782812 0.099219 0.801562 0.084375 0.801562
0 0.034766 0.927604 0.056641 0.927604 0.056641 0.964062 0.034766 0.964062
0 0.162109 0.95625 0.180078 0.95625 0.180078 0.990104 0.162109 0.990104
0 0.184766 0.943229 0.200781 0.943229 0.200781 0.961458 0.184766 0.961458
0 0.216016 0.957812 0.235156 0.957812 0.235156 0.986458 0.216016 0.986458
0 0.221484 0.908333 0.240625 0.908333 0.240625 0.93125 0.221484 0.93125
0 0.231641 0.871875 0.248438 0.871875 0.248438 0.901562 0.231641 0.901562
0 0.260547 0.922396 0.283203 0.922396 0.283203 0.942708 0.260547 0.942708
0 0.297266 0.95 0.319922 0.95 0.319922 0.976042 0.297266 0.976042
0 0.273828 0.985938 0.296484 0.985938 0.296484 0.999479 0.273828 0.999479
0 0.281641 0.011979 0.300391 0.011979 0.300391 0.030729 0.281641 0.030729
0 0.315625 0.047917 0.33125 0.047917 0.33125 0.076042 0.315625 0.076042
0 0.356641 0.041667 0.372266 0.041667 0.372266 0.072917 0.356641 0.072917
0 0.373438 0.020833 0.396484 0.020833 0.396484 0.040625 0.373438 0.040625
0 0.522656 0.009896 0.537109 0.009896 0.537109 0.035938 0.522656 0.035938
0 0.555859 0.0 0.574219 0.0 0.574219 0.01875 0.555859 0.01875
0 0.591797 0.0 0.615234 0.0 0.615234 0.013542 0.591797 0.013542
0 0.622266 0.0375 0.644141 0.0375 0.644141 0.0625 0.622266 0.0625
0 0.544531 0.038021 0.5625 0.038021 0.5625 0.057292 0.544531 0.057292
0 0.559375 0.052083 0.577734 0.052083 0.577734 0.072396 0.559375 0.072396
0 0.571094 0.067708 0.589453 0.067708 0.589453 0.098438 0.571094 0.098438
0 0.523438 0.071354 0.54375 0.071354 0.54375 0.095312 0.523438 0.095312
0 0.461328 0.122396 0.478125 0.122396 0.478125 0.152604 0.461328 0.152604
0 0.478125 0.107292 0.501172 0.107292 0.501172 0.133333 0.478125 0.133333
0 0.511328 0.105208 0.534375 0.105208 0.534375 0.130208 0.511328 0.130208
0 0.527734 0.141667 0.551562 0.141667 0.551562 0.163021 0.527734 0.163021
0 0.571094 0.113021 0.592969 0.113021 0.592969 0.135938 0.571094 0.135938
0 0.596875 0.064062 0.616406 0.064062 0.616406 0.092708 0.596875 0.092708
0 0.646094 0.00625 0.667578 0.00625 0.667578 0.027083 0.646094 0.027083
0 0.657422 0.067188 0.679688 0.067188 0.679688 0.094271 0.657422 0.094271
0 0.714453 0.0 0.739453 0.0 0.739453 0.023438 0.714453 0.023438
0 0.758984 0.008333 0.781641 0.008333 0.781641 0.030729 0.758984 0.030729
0 0.692578 0.085938 0.711719 0.085938 0.711719 0.114062 0.692578 0.114062
0 0.721484 0.079688 0.738672 0.079688 0.738672 0.109375 0.721484 0.109375
0 0.766797 0.049479 0.786719 0.049479 0.786719 0.069792 0.766797 0.069792
0 0.525 0.182812 0.551562 0.182812 0.551562 0.204688 0.525 0.204688
0 0.571094 0.182812 0.592578 0.182812 0.592578 0.208854 0.571094 0.208854
0 0.610547 0.196875 0.632031 0.196875 0.632031 0.222917 0.610547 0.222917
0 0.619141 0.161458 0.642578 0.161458 0.642578 0.185938 0.619141 0.185938
0 0.537109 0.208333 0.558984 0.208333 0.558984 0.23125 0.537109 0.23125
0 0.564844 0.233854 0.583594 0.233854 0.583594 0.258854 0.564844 0.258854
0 0.636328 0.231771 0.651172 0.231771 0.651172 0.260938 0.636328 0.260938
0 0.603906 0.127083 0.625781 0.127083 0.625781 0.151562 0.603906 0.151562
0 0.645703 0.116146 0.661328 0.116146 0.661328 0.146875 0.645703 0.146875
0 0.683203 0.119792 0.703906 0.119792 0.703906 0.144271 0.683203 0.144271
0 0.663281 0.177604 0.680469 0.177604 0.680469 0.203125 0.663281 0.203125
0 0.686719 0.192188 0.703125 0.192188 0.703125 0.214583 0.686719 0.214583
0 0.657031 0.220312 0.682812 0.220312 0.682812 0.248958 0.657031 0.248958
0 0.422656 0.230208 0.442188 0.230208 0.442188 0.254167 0.422656 0.254167
0 0.399609 0.252604 0.419922 0.252604 0.419922 0.280729 0.399609 0.280729
0 0.421875 0.295833 0.445703 0.295833 0.445703 0.320833 0.421875 0.320833
0 0.398047 0.311979 0.415234 0.311979 0.415234 0.338542 0.398047 0.338542
0 0.357812 0.303646 0.371875 0.303646 0.371875 0.33125 0.357812 0.33125
0 0.371875 0.334375 0.394531 0.334375 0.394531 0.373438 0.371875 0.373438
0 0.411328 0.351562 0.436328 0.351562 0.436328 0.377083 0.411328 0.377083
0 0.454688 0.345312 0.476562 0.345312 0.476562 0.366146 0.454688 0.366146
0 0.342578 0.35 0.360156 0.35 0.360156 0.38125 0.342578 0.38125
0 0.319922 0.398438 0.342188 0.398438 0.342188 0.427604 0.319922 0.427604
0 0.325 0.441146 0.351172 0.441146 0.351172 0.467708 0.325 0.467708
0 0.399609 0.427604 0.422656 0.427604 0.422656 0.452604 0.399609 0.452604
0 0.422266 0.391667 0.441406 0.391667 0.441406 0.4125 0.422266 0.4125
0 0.432812 0.423958 0.452734 0.423958 0.452734 0.45625 0.432812 0.45625
0 0.482812 0.402083 0.496484 0.402083 0.496484 0.434375 0.482812 0.434375
0 0.508594 0.341146 0.530859 0.341146 0.530859 0.361458 0.508594 0.361458
0 0.540234 0.331771 0.556641 0.331771 0.556641 0.355729 0.540234 0.355729
0 0.516016 0.407292 0.534375 0.407292 0.534375 0.432812 0.516016 0.432812
0 0.552734 0.414583 0.571484 0.414583 0.571484 0.435417 0.552734 0.435417
0 0.503516 0.256771 0.526172 0.256771 0.526172 0.282292 0.503516 0.282292
0 0.530469 0.278646 0.552734 0.278646 0.552734 0.303646 0.530469 0.303646
0 0.602734 0.297396 0.630859 0.297396 0.630859 0.319792 0.602734 0.319792
0 0.645312 0.290104 0.671484 0.290104 0.671484 0.316146 0.645312 0.316146
0 0.6375 0.333854 0.659766 0.333854 0.659766 0.364583 0.6375 0.364583
0 0.591797 0.333333 0.611719 0.333333 0.611719 0.357812 0.591797 0.357812
0 0.660547 0.365104 0.676172 0.365104 0.676172 0.394271 0.660547 0.394271
0 0.620703 0.385417 0.641797 0.385417 0.641797 0.416146 0.620703 0.416146
0 0.153906 0.521354 0.169531 0.521354 0.169531 0.548958 0.153906 0.548958
0 0.133594 0.545833 0.149609 0.545833 0.149609 0.565104 0.133594 0.565104
0 0.197656 0.452083 0.208594 0.452083 0.208594 0.472917 0.197656 0.472917
0 0.344141 0.479688 0.373047 0.479688 0.373047 0.505208 0.344141 0.505208
0 0.404688 0.501562 0.424219 0.501562 0.424219 0.522396 0.404688 0.522396
0 0.392969 0.527604 0.415234 0.527604 0.415234 0.55 0.392969 0.55
0 0.340625 0.527604 0.357422 0.527604 0.357422 0.558333 0.340625 0.558333
0 0.314062 0.524479 0.332812 0.524479 0.332812 0.546354 0.314062 0.546354
0 0.460938 0.486458 0.484766 0.486458 0.484766 0.506771 0.460938 0.506771
0 0.525781 0.446354 0.547266 0.446354 0.547266 0.469792 0.525781 0.469792
0 0.572656 0.478646 0.591016 0.478646 0.591016 0.508333 0.572656 0.508333
0 0.504297 0.518229 0.532031 0.518229 0.532031 0.544271 0.504297 0.544271
0 0.543359 0.539583 0.566016 0.539583 0.566016 0.5625 0.543359 0.5625
0 0.580078 0.564062 0.596875 0.564062 0.596875 0.586979 0.580078 0.586979
0 0.515234 0.557812 0.540234 0.557812 0.540234 0.584375 0.515234 0.584375
0 0.470312 0.567188 0.493359 0.567188 0.493359 0.591146 0.470312 0.591146
0 0.423047 0.567708 0.441016 0.567708 0.441016 0.591146 0.423047 0.591146
0 0.44375 0.547396 0.460547 0.547396 0.460547 0.573958 0.44375 0.573958
0 0.471484 0.613021 0.496484 0.613021 0.496484 0.638542 0.471484 0.638542
0 0.516797 0.601562 0.537109 0.601562 0.537109 0.625521 0.516797 0.625521
0 0.310156 0.565104 0.335547 0.565104 0.335547 0.586979 0.310156 0.586979
0 0.368359 0.566667 0.391797 0.566667 0.391797 0.589062 0.368359 0.589062
0 0.270703 0.589062 0.294141 0.589062 0.294141 0.617188 0.270703 0.617188
0 0.303125 0.602604 0.321875 0.602604 0.321875 0.632292 0.303125 0.632292
0 0.341406 0.61875 0.359766 0.61875 0.359766 0.648958 0.341406 0.648958
0 0.394922 0.608333 0.415234 0.608333 0.415234 0.630729 0.394922 0.630729
0 0.380078 0.639583 0.400781 0.639583 0.400781 0.665625 0.380078 0.665625
0 0.227734 0.647917 0.246094 0.647917 0.246094 0.667188 0.227734 0.667188
0 0.251563 0.655208 0.269531 0.655208 0.269531 0.681771 0.251563 0.681771
0 0.26875 0.688542 0.286719 0.688542 0.286719 0.713021 0.26875 0.713021
0 0.292578 0.649479 0.318359 0.649479 0.318359 0.675 0.292578 0.675
0 0.314062 0.691667 0.332031 0.691667 0.332031 0.717708 0.314062 0.717708
0 0.349219 0.719792 0.374219 0.719792 0.374219 0.745312 0.349219 0.745312
0 0.376562 0.694271 0.398047 0.694271 0.398047 0.716146 0.376562 0.716146
0 0.414062 0.685938 0.432422 0.685938 0.432422 0.716146 0.414062 0.716146
0 0.423438 0.651042 0.442578 0.651042 0.442578 0.682292 0.423438 0.682292
0 0.454688 0.6625 0.476172 0.6625 0.476172 0.688021 0.454688 0.688021
0 0.557812 0.591667 0.583203 0.591667 0.583203 0.615104 0.557812 0.615104
0 0.258594 0.836979 0.274609 0.836979 0.274609 0.864062 0.258594 0.864062
0 0.290234 0.830208 0.312109 0.830208 0.312109 0.851562 0.290234 0.851562
0 0.277344 0.864062 0.298828 0.864062 0.298828 0.8875 0.277344 0.8875
0 0.323438 0.860938 0.341406 0.860938 0.341406 0.883333 0.323438 0.883333
0 0.365625 0.884375 0.392578 0.884375 0.392578 0.910417 0.365625 0.910417
0 0.321094 0.919792 0.339844 0.919792 0.339844 0.94375 0.321094 0.94375
0 0.342578 0.953646 0.364453 0.953646 0.364453 0.979167 0.342578 0.979167
0 0.386719 0.942708 0.405469 0.942708 0.405469 0.975 0.386719 0.975
0 0.4125 0.909896 0.429688 0.909896 0.429688 0.940625 0.4125 0.940625
0 0.444922 0.957292 0.458594 0.957292 0.458594 0.9875 0.444922 0.9875
0 0.467578 0.976042 0.484766 0.976042 0.484766 0.999479 0.467578 0.999479
0 0.918359 0.026042 0.941797 0.026042 0.941797 0.050521 0.918359 0.050521
0 0.850391 0.084896 0.86875 0.084896 0.86875 0.117708 0.850391 0.117708
0 0.874609 0.082812 0.892188 0.082812 0.892188 0.120312 0.874609 0.120312
0 0.903125 0.079167 0.919922 0.079167 0.919922 0.103646 0.903125 0.103646
0 0.952734 0.080729 0.971875 0.080729 0.971875 0.111458 0.952734 0.111458
0 0.844141 0.160417 0.869141 0.160417 0.869141 0.186458 0.844141 0.186458
0 0.895703 0.140104 0.912891 0.140104 0.912891 0.164583 0.895703 0.164583
0 0.916797 0.154688 0.936328 0.154688 0.936328 0.178125 0.916797 0.178125
0 0.954688 0.178125 0.975781 0.178125 0.975781 0.204688 0.954688 0.204688
0 0.726562 0.297396 0.741406 0.297396 0.741406 0.325521 0.726562 0.325521
0 0.782422 0.286458 0.799609 0.286458 0.799609 0.315625 0.782422 0.315625
0 0.767969 0.251563 0.782422 0.251563 0.782422 0.276562 0.767969 0.276562
0 0.735938 0.248958 0.751172 0.248958 0.751172 0.273958 0.735938 0.273958
0 0.812891 0.2625 0.830859 0.2625 0.830859 0.293229 0.812891 0.293229
0 0.84375 0.247917 0.866016 0.247917 0.866016 0.270312 0.84375 0.270312
0 0.858203 0.210417 0.875 0.210417 0.875 0.240104 0.858203 0.240104
0 0.884766 0.215104 0.904688 0.215104 0.904688 0.241146 0.884766 0.241146
0 0.897656 0.264583 0.918359 0.264583 0.918359 0.295833 0.897656 0.295833
0 0.947266 0.23125 0.971484 0.23125 0.971484 0.257812 0.947266 0.257812
0 0.926562 0.259896 0.943359 0.259896 0.943359 0.291146 0.926562 0.291146
0 0.947656 0.309375 0.96875 0.309375 0.96875 0.3375 0.947656 0.3375
0 0.971484 0.28125 0.988281 0.28125 0.988281 0.305208 0.971484 0.305208
0 0.986719 0.242188 0.999609 0.242188 0.999609 0.265104 0.986719 0.265104
0 0.986719 0.128125 0.999609 0.128125 0.999609 0.160417 0.986719 0.160417
0 0.824609 0.211458 0.842188 0.211458 0.842188 0.228125 0.824609 0.228125
0 0.589062 0.438021 0.608203 0.438021 0.608203 0.467188 0.589062 0.467188
0 0.616406 0.445833 0.636719 0.445833 0.636719 0.469271 0.616406 0.469271
0 0.605469 0.488021 0.628125 0.488021 0.628125 0.513021 0.605469 0.513021
0 0.860938 0.303646 0.884375 0.303646 0.884375 0.327604 0.860938 0.327604
0 0.882812 0.330729 0.901953 0.330729 0.901953 0.353125 0.882812 0.353125
0 0.870703 0.359375 0.89375 0.359375 0.89375 0.38125 0.870703 0.38125
0 0.842578 0.3375 0.858594 0.3375 0.858594 0.366667 0.842578 0.366667
0 0.806641 0.335938 0.826953 0.335938 0.826953 0.370312 0.806641 0.370312
0 0.773047 0.332292 0.792578 0.332292 0.792578 0.360938 0.773047 0.360938
0 0.764844 0.377604 0.785938 0.377604 0.785938 0.402604 0.764844 0.402604
0 0.726562 0.355208 0.744531 0.355208 0.744531 0.377604 0.726562 0.377604
0 0.751172 0.407292 0.76875 0.407292 0.76875 0.430208 0.751172 0.430208
0 0.95 0.452604 0.966016 0.452604 0.966016 0.482812 0.95 0.482812
0 0.926953 0.466667 0.942969 0.466667 0.942969 0.492188 0.926953 0.492188
0 0.884766 0.469792 0.905469 0.469792 0.905469 0.489583 0.884766 0.489583
0 0.872656 0.494271 0.894141 0.494271 0.894141 0.5125 0.872656 0.5125
0 0.929297 0.518229 0.95625 0.518229 0.95625 0.542188 0.929297 0.542188
0 0.958203 0.552083 0.980078 0.552083 0.980078 0.574479 0.958203 0.574479
0 0.951953 0.590104 0.971484 0.590104 0.971484 0.615625 0.951953 0.615625
0 0.875 0.536979 0.892969 0.536979 0.892969 0.557292 0.875 0.557292
0 0.852734 0.515625 0.869922 0.515625 0.869922 0.532292 0.852734 0.532292
0 0.791797 0.560938 0.80625 0.560938 0.80625 0.585417 0.791797 0.585417
0 0.847656 0.56875 0.862109 0.56875 0.862109 0.59375 0.847656 0.59375
0 0.885156 0.591146 0.899219 0.591146 0.899219 0.616146 0.885156 0.616146
0 0.822266 0.59375 0.848828 0.59375 0.848828 0.617708 0.822266 0.617708
0 0.773438 0.597396 0.792969 0.597396 0.792969 0.616667 0.773438 0.616667
0 0.727344 0.596354 0.742188 0.596354 0.742188 0.621354 0.727344 0.621354
0 0.777344 0.629167 0.792969 0.629167 0.792969 0.648438 0.777344 0.648438
0 0.817578 0.634375 0.837109 0.634375 0.837109 0.658854 0.817578 0.658854
0 0.710156 0.641667 0.733984 0.641667 0.733984 0.663021 0.710156 0.663021
0 0.975391 0.635938 0.996875 0.635938 0.996875 0.656771 0.975391 0.656771
0 0.905859 0.692188 0.919531 0.692188 0.919531 0.717708 0.905859 0.717708
0 0.916797 0.613021 0.934766 0.613021 0.934766 0.636979 0.916797 0.636979
0 0.537891 0.777083 0.557812 0.777083 0.557812 0.804688 0.537891 0.804688
0 0.576953 0.763021 0.595703 0.763021 0.595703 0.791667 0.576953 0.791667
0 0.585547 0.728125 0.607422 0.728125 0.607422 0.753125 0.585547 0.753125
0 0.616406 0.726042 0.632422 0.726042 0.632422 0.752083 0.616406 0.752083
0 0.623047 0.766667 0.645703 0.766667 0.645703 0.788021 0.623047 0.788021
0 0.661328 0.75625 0.677344 0.75625 0.677344 0.78125 0.661328 0.78125
0 0.680469 0.674479 0.701562 0.674479 0.701562 0.705729 0.680469 0.705729
0 0.730469 0.688542 0.745312 0.688542 0.745312 0.719792 0.730469 0.719792
0 0.689844 0.722917 0.707422 0.722917 0.707422 0.753125 0.689844 0.753125
0 0.773047 0.686458 0.788672 0.686458 0.788672 0.710417 0.773047 0.710417
0 0.804688 0.690104 0.825781 0.690104 0.825781 0.707292 0.804688 0.707292
0 0.779297 0.739062 0.795703 0.739062 0.795703 0.761458 0.779297 0.761458
0 0.747656 0.756771 0.764844 0.756771 0.764844 0.786458 0.747656 0.786458
0 0.807031 0.759896 0.823047 0.759896 0.823047 0.785417 0.807031 0.785417
0 0.496484 0.848438 0.513672 0.848438 0.513672 0.873958 0.496484 0.873958
0 0.520312 0.872396 0.540625 0.872396 0.540625 0.902083 0.520312 0.902083
0 0.525781 0.833854 0.547656 0.833854 0.547656 0.855208 0.525781 0.855208
0 0.565234 0.823438 0.590234 0.823438 0.590234 0.844271 0.565234 0.844271
0 0.626172 0.815625 0.642969 0.815625 0.642969 0.844271 0.626172 0.844271
0 0.605078 0.859896 0.628516 0.859896 0.628516 0.885417 0.605078 0.885417
0 0.564453 0.877083 0.587109 0.877083 0.587109 0.904688 0.564453 0.904688
0 0.546875 0.908854 0.565234 0.908854 0.565234 0.9375 0.546875 0.9375
0 0.584375 0.942188 0.604297 0.942188 0.604297 0.974479 0.584375 0.974479
0 0.615625 0.954167 0.633594 0.954167 0.633594 0.984896 0.615625 0.984896
0 0.637891 0.898438 0.658984 0.898438 0.658984 0.927083 0.637891 0.927083
0 0.666406 0.851562 0.685547 0.851562 0.685547 0.879688 0.666406 0.879688
0 0.701172 0.798958 0.722266 0.798958 0.722266 0.831771 0.701172 0.831771
0 0.724219 0.8625 0.746875 0.8625 0.746875 0.884896 0.724219 0.884896
0 0.6625 0.949479 0.68125 0.949479 0.68125 0.980208 0.6625 0.980208
0 0.702734 0.940104 0.724609 0.940104 0.724609 0.969792 0.702734 0.969792
0 0.725391 0.978646 0.742969 0.978646 0.742969 0.999479 0.725391 0.999479
0 0.752344 0.956771 0.775391 0.956771 0.775391 0.977604 0.752344 0.977604
0 0.791797 0.938021 0.809375 0.938021 0.809375 0.955729 0.791797 0.955729
0 0.816797 0.915625 0.832812 0.915625 0.832812 0.938021 0.816797 0.938021
0 0.766016 0.872917 0.785547 0.872917 0.785547 0.901042 0.766016 0.901042
0 0.760156 0.830208 0.777344 0.830208 0.777344 0.851042 0.760156 0.851042
0 0.791797 0.842188 0.808984 0.842188 0.808984 0.8625 0.791797 0.8625
0 0.827734 0.874479 0.842969 0.874479 0.842969 0.901562 0.827734 0.901562
0 0.852734 0.875 0.867969 0.875 0.867969 0.90625 0.852734 0.90625
0 0.861719 0.839062 0.882812 0.839062 0.882812 0.8625 0.861719 0.8625
0 0.819922 0.818229 0.84375 0.818229 0.84375 0.839062 0.819922 0.839062
0 0.889062 0.760938 0.908203 0.760938 0.908203 0.78125 0.889062 0.78125
0 0.878516 0.711979 0.894141 0.711979 0.894141 0.738542 0.878516 0.738542
0 0.972266 0.776562 0.989453 0.776562 0.989453 0.797396 0.972266 0.797396
0 0.985938 0.805729 0.999609 0.805729 0.999609 0.825 0.985938 0.825
0 0.962109 0.685938 0.977734 0.685938 0.977734 0.713542 0.962109 0.713542
0 0.25 0.716667 0.273438 0.716667 0.273438 0.738542 0.25 0.738542