0 0.176953 0.254167 0.2 0.254167 0.2 0.278125 0.176953 0.278125
0 0.151562 0.288021 0.171484 0.288021 0.171484 0.311979 0.151562 0.311979
0 0.121484 0.308333 0.136719 0.308333 0.136719 0.335938 0.121484 0.335938
0 0.166406 0.334375 0.185156 0.334375 0.185156 0.360417 0.166406 0.360417
0 0.202344 0.317708 0.223828 0.317708 0.223828 0.342188 0.202344 0.342188
0 0.230078 0.28125 0.245312 0.28125 0.245312 0.307812 0.230078 0.307812
0 0.179297 0.385417 0.194141 0.385417 0.194141 0.409375 0.179297 0.409375
0 0.229688 0.358854 0.248828 0.358854 0.248828 0.386458 0.229688 0.386458
0 0.229688 0.409375 0.248828 0.409375 0.248828 0.436979 0.229688 0.436979
0 0.261719 0.385417 0.281641 0.385417 0.281641 0.411979 0.261719 0.411979
0 0.190234 0.147917 0.207812 0.147917 0.207812 0.165625 0.190234 0.165625
0 0.220703 0.143229 0.242578 0.143229 0.242578 0.171354 0.220703 0.171354
0 0.198047 0.172396 0.222656 0.172396 0.222656 0.201042 0.198047 0.201042
0 0.210938 0.217188 0.227344 0.217188 0.227344 0.240625 0.210938 0.240625
0 0.246484 0.208854 0.263281 0.208854 0.263281 0.239583 0.246484 0.239583
0 0.277734 0.226042 0.302734 0.226042 0.302734 0.251563 0.277734 0.251563
0 0.269141 0.270833 0.291406 0.270833 0.291406 0.296875 0.269141 0.296875
0 0.313281 0.253646 0.336719 0.253646 0.336719 0.277604 0.313281 0.277604
0 0.338281 0.298438 0.351953 0.298438 0.351953 0.324479 0.338281 0.324479
0 0.360938 0.240625 0.380469 0.240625 0.380469 0.268229 0.360938 0.268229
0 0.357812 0.3 0.374609 0.3 0.374609 0.329688 0.357812 0.329688
0 0.363672 0.336979 0.380469 0.336979 0.380469 0.365104 0.363672 0.365104
0 0.313281 0.35 0.332031 0.35 0.332031 0.38125 0.313281 0.38125
0 0.259375 0.352083 0.284766 0.352083 0.284766 0.372396 0.259375 0.372396
0 0.253125 0.301042 0.273828 0.301042 0.273828 0.332292 0.253125 0.332292
0 0.298828 0.185938 0.324219 0.185938 0.324219 0.213542 0.298828 0.213542
0 0.275781 0.145833 0.293359 0.145833 0.293359 0.173438 0.275781 0.173438
0 0.302734 0.134896 0.326562 0.134896 0.326562 0.159375 0.302734 0.159375
0 0.352344 0.145833 0.36875 0.145833 0.36875 0.179167 0.352344 0.179167
0 0.347656 0.184896 0.364062 0.184896 0.364062 0.216146 0.347656 0.216146
0 0.105859 0.35625 0.120703 0.35625 0.120703 0.38125 0.105859 0.38125
0 0.122266 0.258333 0.141797 0.258333 0.141797 0.275 0.122266 0.275
0 0.125781 0.384375 0.141016 0.384375 0.141016 0.409375 0.125781 0.409375
0 0.151562 0.405208 0.169141 0.405208 0.169141 0.433333 0.151562 0.433333
0 0.204297 0.397396 0.219141 0.397396 0.219141 0.423438 0.204297 0.423438
0 0.301172 0.415625 0.319922 0.415625 0.319922 0.442188 0.301172 0.442188
0 0.327734 0.432812 0.347266 0.432812 0.347266 0.466146 0.327734 0.466146
0 0.35 0.372396 0.367578 0.372396 0.367578 0.404688 0.35 0.404688
0 0.378125 0.381771 0.393359 0.381771 0.393359 0.411458 0.378125 0.411458
0 0.377734 0.438542 0.396484 0.438542 0.396484 0.468229 0.377734 0.468229
0 0.305469 0.299479 0.323438 0.299479 0.323438 0.327604 0.305469 0.327604
0 0.305078 0.098958 0.330859 0.098958 0.330859 0.122917 0.305078 0.122917
0 0.256641 0.109896 0.280469 0.109896 0.280469 0.135417 0.256641 0.135417
0 0.265234 0.067188 0.292578 0.067188 0.292578 0.088542 0.265234 0.088542
0 0.272656 0.022396 0.294531 0.022396 0.294531 0.043229 0.272656 0.043229
0 0.033594 0.070833 0.05 0.070833 0.05 0.09375 0.033594 0.09375
0 0.013672 0.048438 0.035547 0.048438 0.035547 0.070833 0.013672 0.070833
0 0.4 0.103125 0.416406 0.103125 0.416406 0.13125 0.4 0.13125
0 0.432812 0.042188 0.449219 0.042188 0.449219 0.072917 0.432812 0.072917
0 0.442188 0.123438 0.457812 0.123438 0.457812 0.152083 0.442188 0.152083
0 0.460156 0.121354 0.475391 0.121354 0.475391 0.151042 0.460156 0.151042
0 0.460547 0.074479 0.486328 0.074479 0.486328 0.098438 0.460547 0.098438
0 0.398828 0.015625 0.414453 0.015625 0.414453 0.044271 0.398828 0.044271
0 0.459375 0.033333 0.484375 0.033333 0.484375 0.058333 0.459375 0.058333
0 0.505469 0.063021 0.527734 0.063021 0.527734 0.088542 0.505469 0.088542
0 0.485156 0.110938 0.500391 0.110938 0.500391 0.142188 0.485156 0.142188
0 0.496875 0.006771 0.520703 0.006771 0.520703 0.030208 0.496875 0.030208
0 0.540234 0.068229 0.560547 0.068229 0.560547 0.092188 0.540234 0.092188
0 0.572656 0.122396 0.591797 0.122396 0.591797 0.151562 0.572656 0.151562
0 0.551953 0.003646 0.571875 0.003646 0.571875 0.027604 0.551953 0.027604
0 0.591016 0.008333 0.607031 0.008333 0.607031 0.034375 0.591016 0.034375
0 0.614453 0.051042 0.637109 0.051042 0.637109 0.086979 0.614453 0.086979
0 0.436719 0.277604 0.453516 0.277604 0.453516 0.302083 0.436719 0.302083
0 0.446094 0.322396 0.462891 0.322396 0.462891 0.346875 0.446094 0.346875
0 0.458984 0.355208 0.474609 0.355208 0.474609 0.383854 0.458984 0.383854
0 0.491016 0.302083 0.507031 0.302083 0.507031 0.332292 0.491016 0.332292
0 0.455078 0.238021 0.471484 0.238021 0.471484 0.276562 0.455078 0.276562
0 0.482812 0.227604 0.498828 0.227604 0.498828 0.25625 0.482812 0.25625
0 0.529297 0.190625 0.542969 0.190625 0.542969 0.218229 0.529297 0.218229
0 0.564844 0.242188 0.583984 0.242188 0.583984 0.265625 0.564844 0.265625
0 0.498828 0.255208 0.517578 0.255208 0.517578 0.276562 0.498828 0.276562
0 0.532812 0.279688 0.548828 0.279688 0.548828 0.315625 0.532812 0.315625
0 0.576953 0.295312 0.591016 0.295312 0.591016 0.323438 0.576953 0.323438
0 0.610938 0.318229 0.63125 0.318229 0.63125 0.346354 0.610938 0.346354
0 0.507812 0.325521 0.525391 0.325521 0.525391 0.356771 0.507812 0.356771
0 0.553906 0.321354 0.574609 0.321354 0.574609 0.342188 0.553906 0.342188
0 0.544141 0.352083 0.562109 0.352083 0.562109 0.378125 0.544141 0.378125
0 0.573438 0.350521 0.588672 0.350521 0.588672 0.378125 0.573438 0.378125
0 0.500391 0.371875 0.517969 0.371875 0.517969 0.405208 0.500391 0.405208
0 0.471875 0.408333 0.487891 0.408333 0.487891 0.438542 0.471875 0.438542
0 0.222266 0.468229 0.236719 0.468229 0.236719 0.495833 0.222266 0.495833
0 0.120312 0.479167 0.136328 0.479167 0.136328 0.50625 0.120312 0.50625
0 0.096875 0.489062 0.116797 0.489062 0.116797 0.517708 0.096875 0.517708
0 0.263281 0.455729 0.282812 0.455729 0.282812 0.478125 0.263281 0.478125
0 0.283984 0.474479 0.305078 0.474479 0.305078 0.493229 0.283984 0.493229
0 0.299609 0.5 0.315625 0.5 0.315625 0.528125 0.299609 0.528125
0 0.261328 0.508333 0.285547 0.508333 0.285547 0.533333 0.261328 0.533333
0 0.172656 0.492188 0.190625 0.492188 0.190625 0.516146 0.172656 0.516146
0 0.366797 0.478646 0.385156 0.478646 0.385156 0.514583 0.366797 0.514583
0 0.403516 0.458333 0.419141 0.458333 0.419141 0.480729 0.403516 0.480729
0 0.4125 0.502604 0.431641 0.502604 0.431641 0.526042 0.4125 0.526042
0 0.403125 0.535938 0.426953 0.535938 0.426953 0.557812 0.403125 0.557812
0 0.338672 0.513021 0.355078 0.513021 0.355078 0.541667 0.338672 0.541667
0 0.378906 0.552083 0.395703 0.552083 0.395703 0.579688 0.378906 0.579688
0 0.325 0.555729 0.342969 0.555729 0.342969 0.588542 0.325 0.588542
0 0.276953 0.559375 0.298047 0.559375 0.298047 0.583333 0.276953 0.583333
0 0.308984 0.629167 0.329297 0.629167 0.329297 0.655208 0.308984 0.655208
0 0.354297 0.642708 0.371875 0.642708 0.371875 0.673958 0.354297 0.673958
0 0.368359 0.605208 0.385938 0.605208 0.385938 0.628125 0.368359 0.628125
0 0.398828 0.583854 0.419141 0.583854 0.419141 0.611979 0.398828 0.611979
0 0.392188 0.635938 0.410938 0.635938 0.410938 0.664062 0.392188 0.664062
0 0.415234 0.608854 0.434766 0.608854 0.434766 0.636979 0.415234 0.636979
0 0.281641 0.605208 0.298438 0.605208 0.298438 0.629688 0.281641 0.629688
0 0.247656 0.588021 0.266406 0.588021 0.266406 0.611458 0.247656 0.611458
0 0.232812 0.558333 0.253516 0.558333 0.253516 0.578646 0.232812 0.578646
0 0.220312 0.517708 0.234766 0.517708 0.234766 0.546875 0.220312 0.546875
0 0.1125 0.55 0.126953 0.55 0.126953 0.58125 0.1125 0.58125
0 0.1375 0.542708 0.152734 0.542708 0.152734 0.570312 0.1375 0.570312
0 0.126953 0.603646 0.147656 0.603646 0.147656 0.630729 0.126953 0.630729
0 0.169531 0.605208 0.186328 0.605208 0.186328 0.642188 0.169531 0.642188
0 0.194141 0.598958 0.209766 0.598958 0.209766 0.625 0.194141 0.625
0 0.205859 0.635417 0.223047 0.635417 0.223047 0.667188 0.205859 0.667188
0 0.255859 0.646875 0.275781 0.646875 0.275781 0.671354 0.255859 0.671354
0 0.178125 0.669271 0.197266 0.669271 0.197266 0.703125 0.178125 0.703125
0 0.137891 0.659896 0.160547 0.659896 0.160547 0.680729 0.137891 0.680729
0 0.079297 0.525 0.096875 0.525 0.096875 0.551562 0.079297 0.551562
0 0.080078 0.581771 0.103125 0.581771 0.103125 0.601042 0.080078 0.601042
0 0.076562 0.620833 0.099219 0.620833 0.099219 0.645833 0.076562 0.645833
0 0.036719 0.573438 0.054688 0.573438 0.054688 0.605729 0.036719 0.605729
0 0.100781 0.646875 0.118359 0.646875 0.118359 0.676042 0.100781 0.676042
0 0.075391 0.685938 0.094141 0.685938 0.094141 0.711458 0.075391 0.711458
0 0.136328 0.707292 0.161719 0.707292 0.161719 0.730729 0.136328 0.730729
0 0.209375 0.713021 0.230859 0.713021 0.230859 0.742708 0.209375 0.742708
0 0.241016 0.689062 0.259375 0.689062 0.259375 0.717708 0.241016 0.717708
0 0.284375 0.673958 0.302734 0.673958 0.302734 0.700521 0.284375 0.700521
0 0.003516 0.607812 0.018359 0.607812 0.018359 0.638542 0.003516 0.638542
0 0.048438 0.523438 0.062891 0.523438 0.062891 0.556771 0.048438 0.556771
0 0.027734 0.619792 0.045703 0.619792 0.045703 0.649479 0.027734 0.649479
0 0.054297 0.635417 0.072266 0.635417 0.072266 0.665625 0.054297 0.665625
0 0.026953 0.5375 0.040234 0.5375 0.040234 0.565625 0.026953 0.565625
0 0.005078 0.709375 0.021484 0.709375 0.021484 0.741146 0.005078 0.741146
0 0.026953 0.677083 0.051172 0.677083 0.051172 0.701042 0.026953 0.701042
0 0.05 0.708854 0.067578 0.708854 0.067578 0.739062 0.05 0.739062
0 0.094531 0.717708 0.119141 0.717708 0.119141 0.741667 0.094531 0.741667
0 0.028125 0.757812 0.044922 0.757812 0.044922 0.786979 0.028125 0.786979
0 0.068359 0.759375 0.086328 0.759375 0.086328 0.795833 0.068359 0.795833
0 0.096094 0.775521 0.113672 0.775521 0.113672 0.804688 0.096094 0.804688
0 0.113672 0.740625 0.131641 0.740625 0.131641 0.765625 0.113672 0.765625
0 0.133203 0.781771 0.158203 0.781771 0.158203 0.808333 0.133203 0.808333
0 0.013672 0.791667 0.030859 0.791667 0.030859 0.826042 0.013672 0.826042
0 0.071875 0.810938 0.087891 0.810938 0.087891 0.840104 0.071875 0.840104
0 0.002344 0.900521 0.022656 0.900521 0.022656 0.923438 0.002344 0.923438
0 0.039453 0.903646 0.061328 0.903646 0.061328 0.924479 0.039453 0.924479
0 0.03125 0.934896 0.049609 0.934896 0.049609 0.95625 0.03125 0.95625
0 0.062109 0.930208 0.076172 0.930208 0.076172 0.954688 0.062109 0.954688
0 0.039453 0.844792 0.063281 0.844792 0.063281 0.875 0.039453 0.875
0 0.1125 0.836458 0.1375 0.836458 0.1375 0.858854 0.1125 0.858854
0 0.151562 0.867188 0.173047 0.867188 0.173047 0.895833 0.151562 0.895833
0 0.112891 0.890104 0.138281 0.890104 0.138281 0.913021 0.112891 0.913021
0 0.128906 0.926562 0.154297 0.926562 0.154297 0.947396 0.128906 0.947396
0 0.102734 0.941667 0.121484 0.941667 0.121484 0.96875 0.102734 0.96875
0 0.164062 0.928646 0.183594 0.928646 0.183594 0.952083 0.164062 0.952083
0 0.163281 0.827604 0.183594 0.827604 0.183594 0.858854 0.163281 0.858854
0 0.175781 0.800521 0.197266 0.800521 0.197266 0.820312 0.175781 0.820312
0 0.196094 0.771875 0.217969 0.771875 0.217969 0.797396 0.196094 0.797396
0 0.236719 0.835938 0.25625 0.835938 0.25625 0.861979 0.236719 0.861979
0 0.197266 0.847396 0.221875 0.847396 0.221875 0.86875 0.197266 0.86875
0 0.169922 0.742708 0.185156 0.742708 0.185156 0.766667 0.169922 0.766667
0 0.273438 0.723438 0.295312 0.723438 0.295312 0.745312 0.273438 0.745312
0 0.300781 0.754167 0.316797 0.754167 0.316797 0.780208 0.300781 0.780208
0 0.329688 0.760417 0.345703 0.760417 0.345703 0.790104 0.329688 0.790104
0 0.341406 0.729688 0.363672 0.729688 0.363672 0.751042 0.341406 0.751042
0 0.325391 0.686458 0.347266 0.686458 0.347266 0.711458 0.325391 0.711458
0 0.366406 0.716667 0.380859 0.716667 0.380859 0.742708 0.366406 0.742708
0 0.380859 0.690104 0.399609 0.690104 0.399609 0.721875 0.380859 0.721875
0 0.404297 0.680208 0.423047 0.680208 0.423047 0.707292 0.404297 0.707292
0 0.436328 0.669792 0.453516 0.669792 0.453516 0.697396 0.436328 0.697396
0 0.433984 0.623438 0.449609 0.623438 0.449609 0.653646 0.433984 0.653646
0 0.486328 0.467708 0.50625 0.467708 0.50625 0.489583 0.486328 0.489583
0 0.480469 0.495833 0.496094 0.495833 0.496094 0.519792 0.480469 0.519792
0 0.5125 0.428646 0.530469 0.428646 0.530469 0.452604 0.5125 0.452604
0 0.516016 0.46875 0.532422 0.46875 0.532422 0.490104 0.516016 0.490104
0 0.535547 0.502604 0.553516 0.502604 0.553516 0.534896 0.535547 0.534896
0 0.569922 0.494271 0.589453 0.494271 0.589453 0.515104 0.569922 0.515104
0 0.552344 0.430729 0.578906 0.430729 0.578906 0.4625 0.552344 0.4625
0 0.588281 0.439583 0.613281 0.439583 0.613281 0.460417 0.588281 0.460417
0 0.589062 0.396354 0.610938 0.396354 0.610938 0.421354 0.589062 0.421354
0 0.512109 0.554688 0.529297 0.554688 0.529297 0.580729 0.512109 0.580729
0 0.493359 0.520833 0.510938 0.520833 0.510938 0.55 0.493359 0.55
0 0.569531 0.524479 0.587109 0.524479 0.587109 0.554688 0.569531 0.554688
0 0.544531 0.550521 0.564062 0.550521 0.564062 0.572917 0.544531 0.572917
0 0.591406 0.635417 0.608984 0.635417 0.608984 0.653125 0.591406 0.653125
0 0.628906 0.564062 0.645703 0.564062 0.645703 0.586979 0.628906 0.586979
0 0.656641 0.528646 0.676953 0.528646 0.676953 0.560417 0.656641 0.560417
0 0.644531 0.482812 0.670703 0.482812 0.670703 0.502604 0.644531 0.502604
0 0.758203 0.536979 0.781641 0.536979 0.781641 0.556771 0.758203 0.556771
0 0.756641 0.495312 0.776172 0.495312 0.776172 0.518229 0.756641 0.518229
0 0.727344 0.465104 0.744141 0.465104 0.744141 0.488021 0.727344 0.488021
0 0.757812 0.434896 0.779297 0.434896 0.779297 0.45625 0.757812 0.45625
0 0.737891 0.4 0.758594 0.4 0.758594 0.423438 0.737891 0.423438
0 0.810547 0.41875 0.827734 0.41875 0.827734 0.447396 0.810547 0.447396
0 0.830078 0.451042 0.848828 0.451042 0.848828 0.469792 0.830078 0.469792
0 0.846484 0.421875 0.859766 0.421875 0.859766 0.456771 0.846484 0.456771
0 0.78125 0.483854 0.797266 0.483854 0.797266 0.517188 0.78125 0.517188
0 0.806641 0.492708 0.826172 0.492708 0.826172 0.513542 0.806641 0.513542
0 0.798828 0.529167 0.816016 0.529167 0.816016 0.548438 0.798828 0.548438
0 0.824219 0.525 0.840625 0.525 0.840625 0.550521 0.824219 0.550521
0 0.672656 0.575521 0.690234 0.575521 0.690234 0.604688 0.672656 0.604688
0 0.695703 0.557292 0.710938 0.557292 0.710938 0.58125 0.695703 0.58125
0 0.71875 0.571354 0.739453 0.571354 0.739453 0.595833 0.71875 0.595833
0 0.726953 0.616667 0.751562 0.616667 0.751562 0.638021 0.726953 0.638021
0 0.685156 0.464583 0.700391 0.464583 0.700391 0.490625 0.685156 0.490625
0 0.680469 0.428125 0.699219 0.428125 0.699219 0.451562 0.680469 0.451562
0 0.691797 0.640104 0.708594 0.640104 0.708594 0.670833 0.691797 0.670833
0 0.668359 0.671875 0.683203 0.671875 0.683203 0.697917 0.668359 0.697917
0 0.646484 0.649479 0.6625 0.649479 0.6625 0.677083 0.646484 0.677083
0 0.657422 0.617188 0.682422 0.617188 0.682422 0.636979 0.657422 0.636979
0 0.728906 0.684375 0.753516 0.684375 0.753516 0.706771 0.728906 0.706771
0 0.758984 0.660417 0.780859 0.660417 0.780859 0.681771 0.758984 0.681771
0 0.711328 0.516146 0.731641 0.516146 0.731641 0.535938 0.711328 0.535938
0 0.592188 0.532292 0.605469 0.532292 0.605469 0.560938 0.592188 0.560938
0 0.617969 0.653646 0.637891 0.653646 0.637891 0.677083 0.617969 0.677083
0 0.80625 0.588542 0.826172 0.588542 0.826172 0.608854 0.80625 0.608854
0 0.8125 0.633854 0.829688 0.633854 0.829688 0.656771 0.8125 0.656771
0 0.705078 0.371875 0.722266 0.371875 0.722266 0.396875 0.705078 0.396875
0 0.798438 0.3625 0.821875 0.3625 0.821875 0.388542 0.798438 0.388542
0 0.846484 0.360938 0.864062 0.360938 0.864062 0.384375 0.846484 0.384375
0 0.771875 0.348438 0.788281 0.348438 0.788281 0.378125 0.771875 0.378125
0 0.688281 0.33125 0.708203 0.33125 0.708203 0.360938 0.688281 0.360938
0 0.666797 0.395312 0.684375 0.395312 0.684375 0.421875 0.666797 0.421875
0 0.635156 0.404688 0.652734 0.404688 0.652734 0.435938 0.635156 0.435938
0 0.605469 0.365625 0.624609 0.365625 0.624609 0.389062 0.605469 0.389062
0 0.641797 0.134896 0.658594 0.134896 0.658594 0.163542 0.641797 0.163542
0 0.661328 0.121875 0.682031 0.121875 0.682031 0.146875 0.661328 0.146875
0 0.663281 0.171354 0.679297 0.171354 0.679297 0.197917 0.663281 0.197917
0 0.693359 0.16875 0.709375 0.16875 0.709375 0.2 0.693359 0.2
0 0.723828 0.161458 0.741797 0.161458 0.741797 0.189583 0.723828 0.189583
0 0.748828 0.195833 0.768359 0.195833 0.768359 0.218229 0.748828 0.218229
0 0.786328 0.205208 0.809766 0.205208 0.809766 0.228125 0.786328 0.228125
0 0.601953 0.143229 0.61875 0.143229 0.61875 0.165625 0.601953 0.165625
0 0.68125 0.232292 0.699609 0.232292 0.699609 0.25625 0.68125 0.25625
0 0.707031 0.253125 0.730469 0.253125 0.730469 0.276562 0.707031 0.276562
0 0.755078 0.23125 0.778906 0.23125 0.778906 0.254167 0.755078 0.254167
0 0.738672 0.272396 0.760938 0.272396 0.760938 0.294271 0.738672 0.294271
0 0.763672 0.288542 0.783594 0.288542 0.783594 0.316146 0.763672 0.316146
0 0.710156 0.288021 0.730859 0.288021 0.730859 0.309375 0.710156 0.309375
0 0.740234 0.314583 0.758984 0.314583 0.758984 0.339583 0.740234 0.339583
0 0.798438 0.300521 0.819922 0.300521 0.819922 0.331771 0.798438 0.331771
0 0.831641 0.249479 0.847656 0.249479 0.847656 0.280208 0.831641 0.280208
0 0.829297 0.323438 0.848438 0.323438 0.848438 0.354167 0.829297 0.354167
0 0.860938 0.309375 0.875391 0.309375 0.875391 0.333854 0.860938 0.333854
0 0.666016 0.279688 0.691016 0.279688 0.691016 0.305729 0.666016 0.305729
0 0.664844 0.318229 0.679688 0.318229 0.679688 0.348438 0.664844 0.348438
0 0.6125 0.271354 0.6375 0.271354 0.6375 0.29375 0.6125 0.29375
0 0.599609 0.221875 0.614453 0.221875 0.614453 0.25 0.599609 0.25
0 0.608203 0.202083 0.626562 0.202083 0.626562 0.225 0.608203 0.225
0 0.788672 0.236458 0.807812 0.236458 0.807812 0.2625 0.788672 0.2625
0 0.658203 0.218229 0.673438 0.218229 0.673438 0.259896 0.658203 0.259896
0 0.846875 0.088021 0.870312 0.088021 0.870312 0.109896 0.846875 0.109896
0 0.789453 0.075 0.810938 0.075 0.810938 0.102604 0.789453 0.102604
0 0.75625 0.0625 0.773828 0.0625 0.773828 0.090625 0.75625 0.090625
0 0.840234 0.052604 0.860547 0.052604 0.860547 0.077604 0.840234 0.077604
0 0.814844 0.044792 0.833594 0.044792 0.833594 0.069271 0.814844 0.069271
0 0.78125 0.035417 0.803906 0.035417 0.803906 0.061458 0.78125 0.061458
0 0.745312 0.003646 0.769922 0.003646 0.769922 0.029167 0.745312 0.029167
0 0.797266 0.001562 0.820703 0.001562 0.820703 0.021875 0.797266 0.021875
0 0.832812 0.0 0.859375 0.0 0.859375 0.021875 0.832812 0.021875
0 0.345312 0.852083 0.3625 0.852083 0.3625 0.866146 0.345312 0.866146
0 0.306641 0.930208 0.327344 0.930208 0.327344 0.952083 0.306641 0.952083
0 0.339062 0.933854 0.358984 0.933854 0.358984 0.957812 0.339062 0.957812
0 0.372266 0.938021 0.390625 0.938021 0.390625 0.966667 0.372266 0.966667
0 0.367969 0.895312 0.387891 0.895312 0.387891 0.916146 0.367969 0.916146
0 0.4125 0.928125 0.430469 0.928125 0.430469 0.958854 0.4125 0.958854
0 0.457812 0.927604 0.473828 0.927604 0.473828 0.952604 0.457812 0.952604
0 0.452734 0.971875 0.471484 0.971875 0.471484 0.999479 0.452734 0.999479
0 0.48125 0.968229 0.499219 0.968229 0.499219 0.999479 0.48125 0.999479
0 0.502734 0.923958 0.523438 0.923958 0.523438 0.946354 0.502734 0.946354
0 0.55 0.911979 0.572656 0.911979 0.572656 0.933854 0.55 0.933854
0 0.545312 0.948438 0.567188 0.948438 0.567188 0.971875 0.545312 0.971875
0 0.526562 0.964583 0.55 0.964583 0.55 0.990104 0.526562 0.990104
0 0.479688 0.841667 0.498047 0.841667 0.498047 0.869271 0.479688 0.869271
0 0.436719 0.867708 0.469141 0.867708 0.469141 0.8875 0.436719 0.8875
0 0.508594 0.847396 0.528516 0.847396 0.528516 0.876042 0.508594 0.876042
0 0.498047 0.794792 0.512109 0.794792 0.512109 0.823958 0.498047 0.823958
0 0.475781 0.796875 0.490234 0.796875 0.490234 0.826042 0.475781 0.826042
0 0.55 0.859375 0.571875 0.859375 0.571875 0.878125 0.55 0.878125
0 0.555469 0.745833 0.575 0.745833 0.575 0.771354 0.555469 0.771354
0 0.5875 0.802083 0.605859 0.802083 0.605859 0.831771 0.5875 0.831771
0 0.613281 0.767708 0.635156 0.767708 0.635156 0.793229 0.613281 0.793229
0 0.562109 0.707812 0.582812 0.707812 0.582812 0.729167 0.562109 0.729167
0 0.610156 0.729167 0.632812 0.729167 0.632812 0.747396 0.610156 0.747396
0 0.607812 0.686979 0.630859 0.686979 0.630859 0.708333 0.607812 0.708333
0 0.651562 0.728646 0.674609 0.728646 0.674609 0.749479 0.651562 0.749479
0 0.677734 0.789583 0.701953 0.789583 0.701953 0.813021 0.677734 0.813021
0 0.694922 0.747396 0.71875 0.747396 0.71875 0.770312 0.694922 0.770312
0 0.692188 0.715104 0.720703 0.715104 0.720703 0.736979 0.692188 0.736979
0 0.720312 0.788021 0.737891 0.788021 0.737891 0.81875 0.720312 0.81875
0 0.746875 0.789583 0.767188 0.789583 0.767188 0.809896 0.746875 0.809896
0 0.753906 0.757812 0.773828 0.757812 0.773828 0.779688 0.753906 0.779688
0 0.776172 0.776042 0.797266 0.776042 0.797266 0.795312 0.776172 0.795312
0 0.778125 0.698438 0.797266 0.698438 0.797266 0.722396 0.778125 0.722396
0 0.636719 0.803125 0.661328 0.803125 0.661328 0.821875 0.636719 0.821875
0 0.649609 0.832812 0.666797 0.832812 0.666797 0.860417 0.649609 0.860417
0 0.66875 0.853125 0.691797 0.853125 0.691797 0.871875 0.66875 0.871875
0 0.625 0.841146 0.642969 0.841146 0.642969 0.859896 0.625 0.859896
0 0.720312 0.956771 0.747656 0.956771 0.747656 0.978125 0.720312 0.978125
0 0.722656 0.922396 0.740625 0.922396 0.740625 0.940625 0.722656 0.940625
0 0.749219 0.927604 0.7625 0.927604 0.7625 0.95625 0.749219 0.95625
0 0.968359 0.892708 0.983203 0.892708 0.983203 0.917708 0.968359 0.917708
0 0.958984 0.959375 0.979297 0.959375 0.979297 0.973438 0.958984 0.973438
0 0.966016 0.815625 0.991016 0.815625 0.991016 0.839062 0.966016 0.839062
0 0.942969 0.771875 0.960156 0.771875 0.960156 0.795312 0.942969 0.795312
0 0.79375 0.736979 0.807031 0.736979 0.807031 0.764062 0.79375 0.764062
0 0.951562 0.735417 0.968359 0.735417 0.968359 0.761979 0.951562 0.761979
0 0.973828 0.753125 0.995312 0.753125 0.995312 0.779688 0.973828 0.779688
0 0.975391 0.684375 0.993359 0.684375 0.993359 0.705729 0.975391 0.705729
0 0.951953 0.703646 0.971484 0.703646 0.971484 0.723958 0.951953 0.723958
0 0.970312 0.642708 0.997266 0.642708 0.997266 0.663542 0.970312 0.663542
0 0.981641 0.531771 0.996484 0.531771 0.996484 0.560938 0.981641 0.560938
0 0.977344 0.438542 0.994531 0.438542 0.994531 0.457812 0.977344 0.457812
0 0.979688 0.475521 0.997266 0.475521 0.997266 0.497917 0.979688 0.497917
0 0.980859 0.386458 0.995703 0.386458 0.995703 0.4125 0.980859 0.4125
0 0.767969 0.941146 0.779688 0.941146 0.779688 0.967188 0.767969 0.967188
0 0.789062 0.910938 0.802734 0.910938 0.802734 0.935417 0.789062 0.935417