0 0.025 0.0 0.054297 0.0 0.054297 0.023438 0.025 0.023438
0 0.061719 0.0 0.088281 0.0 0.088281 0.015104 0.061719 0.015104
0 0.016016 0.042708 0.038281 0.042708 0.038281 0.066146 0.016016 0.066146
0 0.034375 0.070312 0.051172 0.070312 0.051172 0.093229 0.034375 0.093229
0 0.0 0.096875 0.016797 0.096875 0.016797 0.126042 0.0 0.126042
0 0.001562 0.135938 0.016797 0.135938 0.016797 0.169792 0.001562 0.169792
0 0.271484 0.015104 0.296094 0.015104 0.296094 0.046875 0.271484 0.046875
0 0.256641 0.058333 0.288281 0.058333 0.288281 0.088542 0.256641 0.088542
0 0.305469 0.09375 0.330078 0.09375 0.330078 0.124479 0.305469 0.124479
0 0.255078 0.104688 0.280859 0.104688 0.280859 0.138542 0.255078 0.138542
0 0.301562 0.130729 0.330859 0.130729 0.330859 0.161458 0.301562 0.161458
0 0.346484 0.139583 0.373828 0.139583 0.373828 0.177083 0.346484 0.177083
0 0.279688 0.139583 0.29375 0.139583 0.29375 0.174479 0.279688 0.174479
0 0.303906 0.182292 0.326562 0.182292 0.326562 0.214583 0.303906 0.214583
0 0.341797 0.180729 0.367969 0.180729 0.367969 0.217188 0.341797 0.217188
0 0.220312 0.139583 0.246875 0.139583 0.246875 0.172396 0.220312 0.172396
0 0.189453 0.142708 0.207812 0.142708 0.207812 0.163542 0.189453 0.163542
0 0.200781 0.169792 0.221875 0.169792 0.221875 0.200521 0.200781 0.200521
0 0.248438 0.208333 0.264453 0.208333 0.264453 0.238021 0.248438 0.238021
0 0.280078 0.223958 0.302734 0.223958 0.302734 0.257292 0.280078 0.257292
0 0.318359 0.254167 0.335938 0.254167 0.335938 0.278125 0.318359 0.278125
0 0.361328 0.241146 0.380078 0.241146 0.380078 0.270312 0.361328 0.270312
0 0.112891 0.253646 0.141406 0.253646 0.141406 0.277083 0.112891 0.277083
0 0.177734 0.251563 0.209375 0.251563 0.209375 0.279688 0.177734 0.279688
0 0.213672 0.216667 0.230469 0.216667 0.230469 0.241146 0.213672 0.241146
0 0.226953 0.282812 0.247266 0.282812 0.247266 0.3125 0.226953 0.3125
0 0.250781 0.299479 0.271875 0.299479 0.271875 0.329688 0.250781 0.329688
0 0.269531 0.273438 0.29375 0.273438 0.29375 0.301562 0.269531 0.301562
0 0.198438 0.311979 0.226953 0.311979 0.226953 0.345833 0.198438 0.345833
0 0.147266 0.283333 0.171875 0.283333 0.171875 0.314062 0.147266 0.314062
0 0.121094 0.304688 0.137891 0.304688 0.137891 0.336979 0.121094 0.336979
0 0.168359 0.335938 0.185938 0.335938 0.185938 0.358333 0.168359 0.358333
0 0.107812 0.358333 0.126562 0.358333 0.126562 0.382292 0.107812 0.382292
0 0.124609 0.386979 0.140234 0.386979 0.140234 0.414062 0.124609 0.414062
0 0.149609 0.404688 0.171875 0.404688 0.171875 0.436458 0.149609 0.436458
0 0.176953 0.383854 0.192969 0.383854 0.192969 0.408333 0.176953 0.408333
0 0.198828 0.397396 0.216406 0.397396 0.216406 0.425521 0.198828 0.425521
0 0.228125 0.411458 0.248828 0.411458 0.248828 0.441146 0.228125 0.441146
0 0.230469 0.356771 0.248828 0.356771 0.248828 0.384896 0.230469 0.384896
0 0.258984 0.347917 0.282812 0.347917 0.282812 0.373958 0.258984 0.373958
0 0.265234 0.386458 0.280469 0.386458 0.280469 0.415625 0.265234 0.415625
0 0.298438 0.411458 0.319531 0.411458 0.319531 0.44375 0.298438 0.44375
0 0.310547 0.344792 0.333984 0.344792 0.333984 0.380729 0.310547 0.380729
0 0.304297 0.288542 0.324219 0.288542 0.324219 0.323438 0.304297 0.323438
0 0.338281 0.296354 0.353125 0.296354 0.353125 0.330729 0.338281 0.330729
0 0.358984 0.296875 0.376562 0.296875 0.376562 0.328125 0.358984 0.328125
0 0.367578 0.332812 0.378906 0.332812 0.378906 0.361979 0.367578 0.361979
0 0.345703 0.368229 0.361719 0.368229 0.361719 0.4 0.345703 0.4
0 0.375391 0.372917 0.394141 0.372917 0.394141 0.409375 0.375391 0.409375
0 0.410156 0.0 0.432422 0.0 0.432422 0.019792 0.410156 0.019792
0 0.392969 0.0125 0.417578 0.0125 0.417578 0.042188 0.392969 0.042188
0 0.429297 0.039062 0.453516 0.039062 0.453516 0.075521 0.429297 0.075521
0 0.459766 0.025 0.486328 0.025 0.486328 0.059896 0.459766 0.059896
0 0.453516 0.0 0.483203 0.0 0.483203 0.015625 0.453516 0.015625
0 0.495703 0.005208 0.526562 0.005208 0.526562 0.034896 0.495703 0.034896
0 0.506641 0.061458 0.528906 0.061458 0.528906 0.091146 0.506641 0.091146
0 0.542578 0.064583 0.563672 0.064583 0.563672 0.09375 0.542578 0.09375
0 0.554297 0.001042 0.572266 0.001042 0.572266 0.030729 0.554297 0.030729
0 0.614062 0.05 0.639453 0.05 0.639453 0.088542 0.614062 0.088542
0 0.590234 0.006771 0.610156 0.006771 0.610156 0.035938 0.590234 0.035938
0 0.462109 0.071875 0.485938 0.071875 0.485938 0.098438 0.462109 0.098438
0 0.400391 0.101042 0.416406 0.101042 0.416406 0.133854 0.400391 0.133854
0 0.436328 0.127604 0.455859 0.127604 0.455859 0.155729 0.436328 0.155729
0 0.459766 0.119792 0.48125 0.119792 0.48125 0.155729 0.459766 0.155729
0 0.484375 0.109896 0.504297 0.109896 0.504297 0.144792 0.484375 0.144792
0 0.563281 0.114062 0.592188 0.114062 0.592188 0.154688 0.563281 0.154688
0 0.603906 0.139062 0.625 0.139062 0.625 0.169792 0.603906 0.169792
0 0.641016 0.130729 0.657812 0.130729 0.657812 0.163021 0.641016 0.163021
0 0.662891 0.110938 0.686328 0.110938 0.686328 0.147396 0.662891 0.147396
0 0.743359 0.003646 0.772266 0.003646 0.772266 0.030729 0.743359 0.030729
0 0.798828 0.0 0.824219 0.0 0.824219 0.023438 0.798828 0.023438
0 0.838281 0.0 0.858594 0.0 0.858594 0.023438 0.838281 0.023438
0 0.777734 0.032812 0.805859 0.032812 0.805859 0.059896 0.777734 0.059896
0 0.816406 0.046875 0.835547 0.046875 0.835547 0.069792 0.816406 0.069792
0 0.841406 0.05 0.864844 0.05 0.864844 0.078646 0.841406 0.078646
0 0.84375 0.08125 0.867969 0.08125 0.867969 0.106771 0.84375 0.106771
0 0.785547 0.069271 0.814453 0.069271 0.814453 0.098958 0.785547 0.098958
0 0.749609 0.058854 0.774609 0.058854 0.774609 0.091667 0.749609 0.091667
0 0.809766 0.105729 0.837109 0.105729 0.837109 0.129167 0.809766 0.129167
0 0.972266 0.0 0.995703 0.0 0.995703 0.027083 0.972266 0.027083
0 0.657422 0.171354 0.683594 0.171354 0.683594 0.200521 0.657422 0.200521
0 0.692188 0.167708 0.708203 0.167708 0.708203 0.202083 0.692188 0.202083
0 0.721875 0.164583 0.739844 0.164583 0.739844 0.192708 0.721875 0.192708
0 0.747266 0.189062 0.773047 0.189062 0.773047 0.227604 0.747266 0.227604
0 0.789062 0.200521 0.809375 0.200521 0.809375 0.226562 0.789062 0.226562
0 0.751562 0.234375 0.775391 0.234375 0.775391 0.25625 0.751562 0.25625
0 0.786719 0.239062 0.812109 0.239062 0.812109 0.265104 0.786719 0.265104
0 0.833203 0.250521 0.851172 0.250521 0.851172 0.28125 0.833203 0.28125
0 0.530469 0.182812 0.544922 0.182812 0.544922 0.219792 0.530469 0.219792
0 0.56875 0.23125 0.586719 0.23125 0.586719 0.266146 0.56875 0.266146
0 0.596875 0.223438 0.617188 0.223438 0.617188 0.254167 0.596875 0.254167
0 0.611328 0.200521 0.636719 0.200521 0.636719 0.221354 0.611328 0.221354
0 0.653125 0.221354 0.676562 0.221354 0.676562 0.267708 0.653125 0.267708
0 0.680078 0.225521 0.696484 0.225521 0.696484 0.254167 0.680078 0.254167
0 0.705859 0.249479 0.729688 0.249479 0.729688 0.273438 0.705859 0.273438
0 0.738672 0.269792 0.763672 0.269792 0.763672 0.294792 0.738672 0.294792
0 0.771094 0.286979 0.784766 0.286979 0.784766 0.314062 0.771094 0.314062
0 0.799219 0.300521 0.819922 0.300521 0.819922 0.33125 0.799219 0.33125
0 0.828906 0.320833 0.846875 0.320833 0.846875 0.352604 0.828906 0.352604
0 0.858984 0.310417 0.878516 0.310417 0.878516 0.336458 0.858984 0.336458
0 0.848047 0.354688 0.868359 0.354688 0.868359 0.383333 0.848047 0.383333
0 0.8 0.358333 0.821484 0.358333 0.821484 0.385417 0.8 0.385417
0 0.76875 0.34375 0.791797 0.34375 0.791797 0.379688 0.76875 0.379688
0 0.484375 0.225521 0.500391 0.225521 0.500391 0.257292 0.484375 0.257292
0 0.454688 0.233333 0.473438 0.233333 0.473438 0.275521 0.454688 0.275521
0 0.433984 0.274479 0.453125 0.274479 0.453125 0.305208 0.433984 0.305208
0 0.495703 0.251563 0.515234 0.251563 0.515234 0.273438 0.495703 0.273438
0 0.49375 0.296875 0.506641 0.296875 0.506641 0.329688 0.49375 0.329688
0 0.528906 0.275521 0.55 0.275521 0.55 0.309375 0.528906 0.309375
0 0.553516 0.319792 0.576562 0.319792 0.576562 0.343229 0.553516 0.343229
0 0.573828 0.286979 0.585547 0.286979 0.585547 0.320833 0.573828 0.320833
0 0.609375 0.318229 0.633203 0.318229 0.633203 0.35 0.609375 0.35
0 0.5125 0.320833 0.530469 0.320833 0.530469 0.356771 0.5125 0.356771
0 0.44375 0.321875 0.468359 0.321875 0.468359 0.345833 0.44375 0.345833
0 0.461328 0.355729 0.474219 0.355729 0.474219 0.382292 0.461328 0.382292
0 0.66875 0.277083 0.6875 0.277083 0.6875 0.307812 0.66875 0.307812
0 0.708203 0.288542 0.730859 0.288542 0.730859 0.311458 0.708203 0.311458
0 0.741406 0.3125 0.764453 0.3125 0.764453 0.339062 0.741406 0.339062
0 0.610938 0.265104 0.641797 0.265104 0.641797 0.295312 0.610938 0.295312
0 0.665625 0.321875 0.677734 0.321875 0.677734 0.347396 0.665625 0.347396
0 0.692188 0.329688 0.707422 0.329688 0.707422 0.355208 0.692188 0.355208
0 0.704297 0.370312 0.722656 0.370312 0.722656 0.39375 0.704297 0.39375
0 0.731641 0.396875 0.759766 0.396875 0.759766 0.423438 0.731641 0.423438
0 0.808594 0.417188 0.828906 0.417188 0.828906 0.447396 0.808594 0.447396
0 0.842578 0.419271 0.867578 0.419271 0.867578 0.455729 0.842578 0.455729
0 0.502734 0.370833 0.522266 0.370833 0.522266 0.403646 0.502734 0.403646
0 0.474219 0.403646 0.488672 0.403646 0.488672 0.436979 0.474219 0.436979
0 0.514844 0.428125 0.531641 0.428125 0.531641 0.452604 0.514844 0.452604
0 0.540234 0.347917 0.563672 0.347917 0.563672 0.383333 0.540234 0.383333
0 0.567969 0.348438 0.588281 0.348438 0.588281 0.377604 0.567969 0.377604
0 0.600391 0.363542 0.627344 0.363542 0.627344 0.390104 0.600391 0.390104
0 0.576953 0.388542 0.609375 0.388542 0.609375 0.422917 0.576953 0.422917
0 0.632812 0.400521 0.650781 0.400521 0.650781 0.434375 0.632812 0.434375
0 0.662891 0.389583 0.683203 0.389583 0.683203 0.417708 0.662891 0.417708
0 0.689844 0.417708 0.700781 0.417708 0.700781 0.455729 0.689844 0.455729
0 0.68125 0.454167 0.703906 0.454167 0.703906 0.488021 0.68125 0.488021
0 0.589844 0.436458 0.616016 0.436458 0.616016 0.464062 0.589844 0.464062
0 0.647266 0.470833 0.669141 0.470833 0.669141 0.503646 0.647266 0.503646
0 0.546875 0.428125 0.584766 0.428125 0.584766 0.46875 0.546875 0.46875
0 0.520703 0.466146 0.536719 0.466146 0.536719 0.494792 0.520703 0.494792
0 0.483203 0.467708 0.511719 0.467708 0.511719 0.490625 0.483203 0.490625
0 0.476953 0.494792 0.496875 0.494792 0.496875 0.516146 0.476953 0.516146
0 0.491016 0.522917 0.513281 0.522917 0.513281 0.548438 0.491016 0.548438
0 0.985547 0.385938 0.996094 0.385938 0.996094 0.408333 0.985547 0.408333
0 0.970703 0.428125 0.997266 0.428125 0.997266 0.461979 0.970703 0.461979
0 0.979297 0.476562 0.998828 0.476562 0.998828 0.494792 0.979297 0.494792
0 0.973438 0.526042 0.999609 0.526042 0.999609 0.564583 0.973438 0.564583
0 0.756641 0.435938 0.786328 0.435938 0.786328 0.460938 0.756641 0.460938
0 0.832812 0.446875 0.851953 0.446875 0.851953 0.468229 0.832812 0.468229
0 0.808203 0.493229 0.830859 0.493229 0.830859 0.514583 0.808203 0.514583
0 0.775391 0.476562 0.798828 0.476562 0.798828 0.516146 0.775391 0.516146
0 0.753125 0.49375 0.772656 0.49375 0.772656 0.51875 0.753125 0.51875
0 0.727734 0.465104 0.744531 0.465104 0.744531 0.489062 0.727734 0.489062
0 0.714453 0.511979 0.73125 0.511979 0.73125 0.541667 0.714453 0.541667
0 0.760938 0.538542 0.783984 0.538542 0.783984 0.558854 0.760938 0.558854
0 0.798828 0.522917 0.811328 0.522917 0.811328 0.544271 0.798828 0.544271
0 0.827344 0.526042 0.844141 0.526042 0.844141 0.558333 0.827344 0.558333
0 0.807031 0.583854 0.827344 0.583854 0.827344 0.608854 0.807031 0.608854
0 0.715234 0.573958 0.740625 0.573958 0.740625 0.59375 0.715234 0.59375
0 0.673828 0.576562 0.691016 0.576562 0.691016 0.60625 0.673828 0.60625
0 0.660156 0.525 0.675 0.525 0.675 0.558854 0.660156 0.558854
0 0.629297 0.560938 0.647656 0.560938 0.647656 0.589062 0.629297 0.589062
0 0.098047 0.490625 0.116016 0.490625 0.116016 0.518229 0.098047 0.518229
0 0.122266 0.480729 0.138672 0.480729 0.138672 0.507292 0.122266 0.507292
0 0.169922 0.495312 0.194922 0.495312 0.194922 0.519271 0.169922 0.519271
0 0.221484 0.471875 0.237109 0.471875 0.237109 0.499479 0.221484 0.499479
0 0.222656 0.511458 0.236719 0.511458 0.236719 0.54375 0.222656 0.54375
0 0.233984 0.555208 0.255078 0.555208 0.255078 0.579167 0.233984 0.579167
0 0.278125 0.552083 0.298047 0.552083 0.298047 0.583854 0.278125 0.583854
0 0.260156 0.510417 0.286719 0.510417 0.286719 0.532812 0.260156 0.532812
0 0.265234 0.451562 0.280469 0.451562 0.280469 0.477083 0.265234 0.477083
0 0.286719 0.470833 0.309375 0.470833 0.309375 0.493229 0.286719 0.493229
0 0.298047 0.497396 0.317969 0.497396 0.317969 0.527604 0.298047 0.527604
0 0.025 0.540625 0.039453 0.540625 0.039453 0.567708 0.025 0.567708
0 0.048828 0.523958 0.062109 0.523958 0.062109 0.552083 0.048828 0.552083
0 0.076172 0.525 0.099219 0.525 0.099219 0.551562 0.076172 0.551562
0 0.115625 0.549479 0.127344 0.549479 0.127344 0.581771 0.115625 0.581771
0 0.137891 0.540104 0.15625 0.540104 0.15625 0.572396 0.137891 0.572396
0 0.032812 0.572396 0.054297 0.572396 0.054297 0.60625 0.032812 0.60625
0 0.077734 0.58125 0.104688 0.58125 0.104688 0.604167 0.077734 0.604167
0 0.003516 0.602083 0.01875 0.602083 0.01875 0.641667 0.003516 0.641667
0 0.027344 0.621354 0.044922 0.621354 0.044922 0.649479 0.027344 0.649479
0 0.053516 0.6375 0.075 0.6375 0.075 0.663021 0.053516 0.663021
0 0.081641 0.622917 0.098828 0.622917 0.098828 0.644271 0.081641 0.644271
0 0.103125 0.648958 0.120703 0.648958 0.120703 0.678646 0.103125 0.678646
0 0.129297 0.60625 0.147266 0.60625 0.147266 0.631771 0.129297 0.631771
0 0.175781 0.610417 0.186328 0.610417 0.186328 0.643229 0.175781 0.643229
0 0.196094 0.595833 0.210156 0.595833 0.210156 0.622396 0.196094 0.622396
0 0.204688 0.632292 0.225781 0.632292 0.225781 0.667188 0.204688 0.667188
0 0.169531 0.660417 0.199609 0.660417 0.199609 0.701562 0.169531 0.701562
0 0.141797 0.664583 0.161719 0.664583 0.161719 0.686979 0.141797 0.686979
0 0.327344 0.427083 0.349219 0.427083 0.349219 0.464583 0.327344 0.464583
0 0.376172 0.433854 0.396484 0.433854 0.396484 0.466146 0.376172 0.466146
0 0.404297 0.45625 0.41875 0.45625 0.41875 0.479167 0.404297 0.479167
0 0.366016 0.479688 0.391406 0.479688 0.391406 0.515625 0.366016 0.515625
0 0.410547 0.501042 0.440625 0.501042 0.440625 0.529167 0.410547 0.529167
0 0.402344 0.531771 0.428516 0.531771 0.428516 0.558854 0.402344 0.558854
0 0.382812 0.552604 0.398438 0.552604 0.398438 0.579167 0.382812 0.579167
0 0.336719 0.513021 0.357031 0.513021 0.357031 0.541667 0.336719 0.541667
0 0.325781 0.554167 0.345312 0.554167 0.345312 0.584375 0.325781 0.584375
0 0.567578 0.490104 0.590625 0.490104 0.590625 0.513542 0.567578 0.513542
0 0.532422 0.499479 0.557812 0.499479 0.557812 0.531771 0.532422 0.531771
0 0.563281 0.521875 0.589844 0.521875 0.589844 0.547917 0.563281 0.547917
0 0.535547 0.546354 0.572656 0.546354 0.572656 0.575 0.535547 0.575
0 0.510938 0.552604 0.53125 0.552604 0.53125 0.579167 0.510938 0.579167
0 0.591406 0.529688 0.613672 0.529688 0.613672 0.565625 0.591406 0.565625
0 0.590625 0.626562 0.609375 0.626562 0.609375 0.651042 0.590625 0.651042
0 0.616797 0.648438 0.640234 0.648438 0.640234 0.675521 0.616797 0.675521
0 0.642969 0.646354 0.666797 0.646354 0.666797 0.679167 0.642969 0.679167
0 0.655859 0.616146 0.685938 0.616146 0.685938 0.639583 0.655859 0.639583
0 0.691406 0.6375 0.710547 0.6375 0.710547 0.672917 0.691406 0.672917
0 0.727734 0.613542 0.752344 0.613542 0.752344 0.638021 0.727734 0.638021
0 0.757031 0.65625 0.784375 0.65625 0.784375 0.681771 0.757031 0.681771
0 0.812891 0.632292 0.832812 0.632292 0.832812 0.657292 0.812891 0.657292
0 0.779297 0.697396 0.800391 0.697396 0.800391 0.719792 0.779297 0.719792
0 0.731641 0.682812 0.754297 0.682812 0.754297 0.710417 0.731641 0.710417
0 0.794531 0.730208 0.809766 0.730208 0.809766 0.761979 0.794531 0.761979
0 0.662891 0.667188 0.6875 0.667188 0.6875 0.701562 0.662891 0.701562
0 0.694531 0.714583 0.724219 0.714583 0.724219 0.736979 0.694531 0.736979
0 0.651172 0.720312 0.677344 0.720312 0.677344 0.747917 0.651172 0.747917
0 0.692578 0.742188 0.716406 0.742188 0.716406 0.765625 0.692578 0.765625
0 0.748438 0.751562 0.772266 0.751562 0.772266 0.775 0.748438 0.775
0 0.775781 0.778646 0.799609 0.778646 0.799609 0.793229 0.775781 0.793229
0 0.744531 0.792708 0.771875 0.792708 0.771875 0.811979 0.744531 0.811979
0 0.719922 0.784375 0.737109 0.784375 0.737109 0.818229 0.719922 0.818229
0 0.677344 0.789062 0.712109 0.789062 0.712109 0.816667 0.677344 0.816667
0 0.614453 0.728646 0.638672 0.728646 0.638672 0.751042 0.614453 0.751042
0 0.607031 0.680729 0.633984 0.680729 0.633984 0.709896 0.607031 0.709896
0 0.563281 0.70625 0.586719 0.70625 0.586719 0.734375 0.563281 0.734375
0 0.556641 0.744792 0.575781 0.744792 0.575781 0.771875 0.556641 0.771875
0 0.578906 0.735938 0.600391 0.735938 0.600391 0.759896 0.578906 0.759896
0 0.613281 0.763021 0.640625 0.763021 0.640625 0.797396 0.613281 0.797396
0 0.638281 0.799479 0.658984 0.799479 0.658984 0.823958 0.638281 0.823958
0 0.585938 0.799479 0.611328 0.799479 0.611328 0.832292 0.585938 0.832292
0 0.977734 0.603125 0.999609 0.603125 0.999609 0.628125 0.977734 0.628125
0 0.968359 0.640625 0.996484 0.640625 0.996484 0.664583 0.968359 0.664583
0 0.976953 0.684375 0.995312 0.684375 0.995312 0.703646 0.976953 0.703646
0 0.958203 0.703646 0.977734 0.703646 0.977734 0.726562 0.958203 0.726562
0 0.987891 0.7125 0.999609 0.7125 0.999609 0.731771 0.987891 0.731771
0 0.95 0.734896 0.969922 0.734896 0.969922 0.767188 0.95 0.767188
0 0.975 0.752604 0.997266 0.752604 0.997266 0.779688 0.975 0.779688
0 0.944141 0.764062 0.962891 0.764062 0.962891 0.791667 0.944141 0.791667
0 0.964844 0.810417 0.991016 0.810417 0.991016 0.836458 0.964844 0.836458
0 0.96875 0.884375 0.985547 0.884375 0.985547 0.921354 0.96875 0.921354
0 0.988672 0.8625 0.998828 0.8625 0.998828 0.89375 0.988672 0.89375
0 0.958203 0.952604 0.982422 0.952604 0.982422 0.977604 0.958203 0.977604
0 0.721094 0.919271 0.741016 0.919271 0.741016 0.940104 0.721094 0.940104
0 0.748047 0.922917 0.760156 0.922917 0.760156 0.953646 0.748047 0.953646
0 0.767578 0.939062 0.780469 0.939062 0.780469 0.967188 0.767578 0.967188
0 0.787109 0.9 0.804297 0.9 0.804297 0.930208 0.787109 0.930208
0 0.71875 0.954167 0.746094 0.954167 0.746094 0.979688 0.71875 0.979688
0 0.669141 0.850521 0.695703 0.850521 0.695703 0.869792 0.669141 0.869792
0 0.649219 0.829688 0.666797 0.829688 0.666797 0.859896 0.649219 0.859896
0 0.621484 0.8375 0.642578 0.8375 0.642578 0.861458 0.621484 0.861458
0 0.477734 0.791667 0.489453 0.791667 0.489453 0.824479 0.477734 0.824479
0 0.498828 0.794792 0.513672 0.794792 0.513672 0.820833 0.498828 0.820833
0 0.477344 0.838021 0.500781 0.838021 0.500781 0.875 0.477344 0.875
0 0.509766 0.847396 0.526172 0.847396 0.526172 0.875 0.509766 0.875
0 0.546875 0.860938 0.575 0.860938 0.575 0.883854 0.546875 0.883854
0 0.554297 0.908333 0.576562 0.908333 0.576562 0.934896 0.554297 0.934896
0 0.542188 0.949479 0.568359 0.949479 0.568359 0.975 0.542188 0.975
0 0.529297 0.966667 0.551172 0.966667 0.551172 0.990104 0.529297 0.990104
0 0.501953 0.919271 0.526562 0.919271 0.526562 0.948438 0.501953 0.948438
0 0.480859 0.964583 0.499219 0.964583 0.499219 0.997396 0.480859 0.997396
0 0.452344 0.969792 0.472266 0.969792 0.472266 0.994792 0.452344 0.994792
0 0.456641 0.922917 0.476562 0.922917 0.476562 0.952083 0.456641 0.952083
0 0.435156 0.861979 0.471094 0.861979 0.471094 0.891667 0.435156 0.891667
0 0.410156 0.926562 0.433984 0.926562 0.433984 0.957812 0.410156 0.957812
0 0.375781 0.935938 0.392969 0.935938 0.392969 0.965625 0.375781 0.965625
0 0.340625 0.975 0.375781 0.975 0.375781 0.999479 0.340625 0.999479
0 0.342578 0.928125 0.361719 0.928125 0.361719 0.958854 0.342578 0.958854
0 0.305078 0.926562 0.328906 0.926562 0.328906 0.952083 0.305078 0.952083
0 0.359766 0.893229 0.396094 0.893229 0.396094 0.919792 0.359766 0.919792
0 0.344922 0.848438 0.367188 0.848438 0.367188 0.870312 0.344922 0.870312
0 0.245312 0.578646 0.267578 0.578646 0.267578 0.613542 0.245312 0.613542
0 0.280078 0.599479 0.300391 0.599479 0.300391 0.626042 0.280078 0.626042
0 0.312109 0.626042 0.330469 0.626042 0.330469 0.655729 0.312109 0.655729
0 0.257812 0.642708 0.277734 0.642708 0.277734 0.670833 0.257812 0.670833
0 0.286328 0.673438 0.304688 0.673438 0.304688 0.702604 0.286328 0.702604
0 0.353906 0.644271 0.371094 0.644271 0.371094 0.672396 0.353906 0.672396
0 0.392578 0.639062 0.408594 0.639062 0.408594 0.660417 0.392578 0.660417
0 0.398047 0.584375 0.419141 0.584375 0.419141 0.614583 0.398047 0.614583
0 0.366406 0.600521 0.385547 0.600521 0.385547 0.63125 0.366406 0.63125
0 0.4125 0.605729 0.433594 0.605729 0.433594 0.634896 0.4125 0.634896
0 0.435547 0.622396 0.447656 0.622396 0.447656 0.653125 0.435547 0.653125
0 0.429688 0.665104 0.453125 0.665104 0.453125 0.697917 0.429688 0.697917
0 0.405469 0.679688 0.425 0.679688 0.425 0.70625 0.405469 0.70625
0 0.380859 0.688542 0.396875 0.688542 0.396875 0.713021 0.380859 0.713021
0 0.3625 0.715625 0.385156 0.715625 0.385156 0.740625 0.3625 0.740625
0 0.326172 0.684375 0.348047 0.684375 0.348047 0.709896 0.326172 0.709896
0 0.346875 0.722917 0.364453 0.722917 0.364453 0.752604 0.346875 0.752604
0 0.332031 0.763542 0.345312 0.763542 0.345312 0.7875 0.332031 0.7875
0 0.294922 0.752604 0.320312 0.752604 0.320312 0.778125 0.294922 0.778125
0 0.273438 0.720833 0.300391 0.720833 0.300391 0.747396 0.273438 0.747396
0 0.242188 0.685417 0.258984 0.685417 0.258984 0.715625 0.242188 0.715625
0 0.208203 0.710938 0.235547 0.710938 0.235547 0.745833 0.208203 0.745833
0 0.005859 0.70625 0.019531 0.70625 0.019531 0.740625 0.005859 0.740625
0 0.049609 0.706771 0.063672 0.706771 0.063672 0.735417 0.049609 0.735417
0 0.025 0.678646 0.051562 0.678646 0.051562 0.701562 0.025 0.701562
0 0.079297 0.683333 0.096094 0.683333 0.096094 0.710938 0.079297 0.710938
0 0.097266 0.722396 0.121484 0.722396 0.121484 0.739062 0.097266 0.739062
0 0.137109 0.705729 0.161328 0.705729 0.161328 0.729688 0.137109 0.729688
0 0.115234 0.734375 0.132422 0.734375 0.132422 0.766146 0.115234 0.766146
0 0.171875 0.738542 0.183203 0.738542 0.183203 0.766146 0.171875 0.766146
0 0.196875 0.768229 0.219141 0.768229 0.219141 0.794271 0.196875 0.794271
0 0.135547 0.782292 0.156641 0.782292 0.156641 0.805208 0.135547 0.805208
0 0.173828 0.798958 0.196484 0.798958 0.196484 0.818229 0.173828 0.818229
0 0.166797 0.825521 0.186719 0.825521 0.186719 0.85625 0.166797 0.85625
0 0.099609 0.774479 0.114844 0.774479 0.114844 0.804688 0.099609 0.804688
0 0.067969 0.760938 0.083203 0.760938 0.083203 0.791146 0.067969 0.791146
0 0.04375 0.786458 0.0625 0.786458 0.0625 0.811979 0.04375 0.811979
0 0.028125 0.758854 0.04375 0.758854 0.04375 0.784896 0.028125 0.784896
0 0.068359 0.803125 0.087109 0.803125 0.087109 0.839062 0.068359 0.839062
0 0.113281 0.835417 0.139844 0.835417 0.139844 0.858333 0.113281 0.858333
0 0.2 0.846875 0.220312 0.846875 0.220312 0.871354 0.2 0.871354
0 0.237109 0.835938 0.257031 0.835938 0.257031 0.863542 0.237109 0.863542
0 0.041406 0.845312 0.062109 0.845312 0.062109 0.876042 0.041406 0.876042
0 0.010938 0.794271 0.030469 0.794271 0.030469 0.828125 0.010938 0.828125
0 0.002734 0.893229 0.025 0.893229 0.025 0.924479 0.002734 0.924479
0 0.036719 0.896875 0.066016 0.896875 0.066016 0.924479 0.036719 0.924479
0 0.025 0.933333 0.054688 0.933333 0.054688 0.960417 0.025 0.960417
0 0.059766 0.929688 0.076172 0.929688 0.076172 0.95625 0.059766 0.95625
0 0.000781 0.949479 0.015234 0.949479 0.015234 0.971875 0.000781 0.971875
0 0.102344 0.941667 0.124609 0.941667 0.124609 0.969792 0.102344 0.969792
0 0.130469 0.927083 0.153125 0.927083 0.153125 0.947917 0.130469 0.947917
0 0.164453 0.931771 0.182812 0.931771 0.182812 0.952604 0.164453 0.952604
0 0.103516 0.886979 0.133594 0.886979 0.133594 0.908333 0.103516 0.908333
0 0.149219 0.871875 0.178906 0.871875 0.178906 0.898438 0.149219 0.898438