0 0.145312 0.176562 0.165625 0.176562 0.165625 0.193229 0.145312 0.193229
0 0.176562 0.189062 0.190234 0.189062 0.190234 0.213542 0.176562 0.213542
0 0.197656 0.178125 0.218359 0.178125 0.218359 0.198958 0.197656 0.198958
0 0.229688 0.116146 0.245312 0.116146 0.245312 0.145312 0.229688 0.145312
0 0.226172 0.208854 0.244531 0.208854 0.244531 0.228125 0.226172 0.228125
0 0.192188 0.23125 0.211719 0.23125 0.211719 0.249479 0.192188 0.249479
0 0.160938 0.252083 0.175391 0.252083 0.175391 0.28125 0.160938 0.28125
0 0.2 0.279688 0.214453 0.279688 0.214453 0.302604 0.2 0.302604
0 0.23125 0.307292 0.251953 0.307292 0.251953 0.329167 0.23125 0.329167
0 0.277734 0.291146 0.292578 0.291146 0.292578 0.31875 0.277734 0.31875
0 0.311328 0.292708 0.327734 0.292708 0.327734 0.319792 0.311328 0.319792
0 0.323828 0.230208 0.337891 0.230208 0.337891 0.254688 0.323828 0.254688
0 0.134375 0.292188 0.151562 0.292188 0.151562 0.319792 0.134375 0.319792
0 0.103516 0.321875 0.127344 0.321875 0.127344 0.34375 0.103516 0.34375
0 0.014844 0.289062 0.036719 0.289062 0.036719 0.310417 0.014844 0.310417
0 0.03125 0.427083 0.045703 0.427083 0.045703 0.451042 0.03125 0.451042
0 0.060156 0.414583 0.079688 0.414583 0.079688 0.438021 0.060156 0.438021
0 0.103125 0.372917 0.119922 0.372917 0.119922 0.390625 0.103125 0.390625
0 0.141406 0.391667 0.15625 0.391667 0.15625 0.413542 0.141406 0.413542
0 0.103516 0.421354 0.119141 0.421354 0.119141 0.438021 0.103516 0.438021
0 0.100781 0.457812 0.117188 0.457812 0.117188 0.477604 0.100781 0.477604
0 0.060156 0.467708 0.080469 0.467708 0.080469 0.483333 0.060156 0.483333
0 0.004297 0.457812 0.025391 0.457812 0.025391 0.476042 0.004297 0.476042
0 0.058203 0.501562 0.076172 0.501562 0.076172 0.521875 0.058203 0.521875
0 0.283594 0.397917 0.302344 0.397917 0.302344 0.418229 0.283594 0.418229
0 0.254297 0.4375 0.277734 0.4375 0.277734 0.453646 0.254297 0.453646
0 0.303125 0.432812 0.320703 0.432812 0.320703 0.450521 0.303125 0.450521
0 0.380859 0.330208 0.398047 0.330208 0.398047 0.351042 0.380859 0.351042
0 0.344141 0.458854 0.362109 0.458854 0.362109 0.475 0.344141 0.475
0 0.369922 0.447396 0.386719 0.447396 0.386719 0.464583 0.369922 0.464583
0 0.2625 0.495833 0.284766 0.495833 0.284766 0.5125 0.2625 0.5125
0 0.212891 0.492708 0.226172 0.492708 0.226172 0.520312 0.212891 0.520312
0 0.350391 0.495833 0.369922 0.495833 0.369922 0.515625 0.350391 0.515625
0 0.314062 0.492708 0.332812 0.492708 0.332812 0.518229 0.314062 0.518229
0 0.058203 0.542708 0.074609 0.542708 0.074609 0.565104 0.058203 0.565104
0 0.263672 0.554688 0.276953 0.554688 0.276953 0.578125 0.263672 0.578125
0 0.194922 0.546875 0.210938 0.546875 0.210938 0.56875 0.194922 0.56875
0 0.053906 0.579167 0.070312 0.579167 0.070312 0.608854 0.053906 0.608854
0 0.208984 0.01875 0.225781 0.01875 0.225781 0.038542 0.208984 0.038542
0 0.185156 0.047396 0.198047 0.047396 0.198047 0.071875 0.185156 0.071875
0 0.176562 0.1125 0.197656 0.1125 0.197656 0.128646 0.176562 0.128646
0 0.15 0.114583 0.169922 0.114583 0.169922 0.135417 0.15 0.135417
0 0.157422 0.060417 0.171094 0.060417 0.171094 0.0875 0.157422 0.0875
0 0.205859 0.054688 0.219922 0.054688 0.219922 0.077604 0.205859 0.077604
0 0.247656 0.060417 0.262891 0.060417 0.262891 0.085417 0.247656 0.085417
0 0.270312 0.108854 0.289453 0.108854 0.289453 0.134375 0.270312 0.134375
0 0.270703 0.059375 0.287891 0.059375 0.287891 0.081771 0.270703 0.081771
0 0.254297 0.026562 0.272266 0.026562 0.272266 0.048438 0.254297 0.048438
0 0.291797 0.020312 0.308984 0.020312 0.308984 0.047396 0.291797 0.047396
0 0.318359 0.078646 0.337109 0.078646 0.337109 0.101562 0.318359 0.101562
0 0.341797 0.003125 0.356641 0.003125 0.356641 0.027083 0.341797 0.027083
0 0.376562 0.03125 0.395312 0.03125 0.395312 0.053646 0.376562 0.053646
0 0.354688 0.065625 0.371484 0.065625 0.371484 0.090104 0.354688 0.090104
0 0.386719 0.101042 0.409375 0.101042 0.409375 0.119792 0.386719 0.119792
0 0.327734 0.129688 0.351953 0.129688 0.351953 0.151042 0.327734 0.151042
0 0.286719 0.188542 0.304297 0.188542 0.304297 0.205729 0.286719 0.205729
0 0.417969 0.192188 0.436719 0.192188 0.436719 0.207812 0.417969 0.207812
0 0.378125 0.254688 0.392578 0.254688 0.392578 0.282812 0.378125 0.282812
0 0.414453 0.24375 0.436719 0.24375 0.436719 0.261458 0.414453 0.261458
0 0.437891 0.285938 0.452734 0.285938 0.452734 0.311458 0.437891 0.311458
0 0.4125 0.29375 0.427734 0.29375 0.427734 0.316146 0.4125 0.316146
0 0.532422 0.182812 0.551562 0.182812 0.551562 0.204688 0.532422 0.204688
0 0.577734 0.211979 0.591797 0.211979 0.591797 0.235938 0.577734 0.235938
0 0.571875 0.266146 0.59375 0.266146 0.59375 0.285938 0.571875 0.285938
0 0.605078 0.234375 0.622266 0.234375 0.622266 0.258333 0.605078 0.258333
0 0.544531 0.100521 0.562891 0.100521 0.562891 0.113542 0.544531 0.113542
0 0.576172 0.121354 0.591406 0.121354 0.591406 0.145833 0.576172 0.145833
0 0.526562 0.040104 0.542188 0.040104 0.542188 0.054688 0.526562 0.054688
0 0.570703 0.014583 0.588672 0.014583 0.588672 0.03125 0.570703 0.03125
0 0.626953 0.056771 0.649219 0.056771 0.649219 0.076562 0.626953 0.076562
0 0.461328 0.307292 0.478906 0.307292 0.478906 0.327604 0.461328 0.327604
0 0.661719 0.191146 0.682031 0.191146 0.682031 0.208333 0.661719 0.208333
0 0.665234 0.236458 0.683594 0.236458 0.683594 0.258333 0.665234 0.258333
0 0.675 0.277083 0.692578 0.277083 0.692578 0.291667 0.675 0.291667
0 0.733984 0.204688 0.750391 0.204688 0.750391 0.225521 0.733984 0.225521
0 0.739062 0.098438 0.763672 0.098438 0.763672 0.116667 0.739062 0.116667
0 0.84375 0.104688 0.858984 0.104688 0.858984 0.127604 0.84375 0.127604
0 0.864062 0.120312 0.880859 0.120312 0.880859 0.142188 0.864062 0.142188
0 0.893359 0.135938 0.915625 0.135938 0.915625 0.15625 0.893359 0.15625
0 0.944531 0.133333 0.965625 0.133333 0.965625 0.155208 0.944531 0.155208
0 0.878125 0.173958 0.894922 0.173958 0.894922 0.191146 0.878125 0.191146
0 0.864062 0.240104 0.892188 0.240104 0.892188 0.258333 0.864062 0.258333
0 0.935156 0.236458 0.957422 0.236458 0.957422 0.248958 0.935156 0.248958
0 0.85 0.293229 0.866406 0.293229 0.866406 0.318229 0.85 0.318229
0 0.822266 0.300521 0.837109 0.300521 0.837109 0.325 0.822266 0.325
0 0.819922 0.252083 0.841797 0.252083 0.841797 0.277083 0.819922 0.277083
0 0.719531 0.335417 0.740625 0.335417 0.740625 0.35625 0.719531 0.35625
0 0.76875 0.357812 0.786719 0.357812 0.786719 0.377083 0.76875 0.377083
0 0.766406 0.393229 0.783203 0.393229 0.783203 0.418229 0.766406 0.418229
0 0.733984 0.401562 0.752344 0.401562 0.752344 0.423958 0.733984 0.423958
0 0.689453 0.373958 0.708984 0.373958 0.708984 0.39375 0.689453 0.39375
0 0.694141 0.422917 0.713672 0.422917 0.713672 0.440104 0.694141 0.440104
0 0.729688 0.451042 0.748828 0.451042 0.748828 0.475 0.729688 0.475
0 0.828125 0.428125 0.84375 0.428125 0.84375 0.454688 0.828125 0.454688
0 0.146484 0.669792 0.164844 0.669792 0.164844 0.691146 0.146484 0.691146
0 0.202344 0.658333 0.222266 0.658333 0.222266 0.682292 0.202344 0.682292
0 0.235938 0.644271 0.253125 0.644271 0.253125 0.659375 0.235938 0.659375
0 0.260938 0.602083 0.273828 0.602083 0.273828 0.627083 0.260938 0.627083
0 0.292578 0.548438 0.312109 0.548438 0.312109 0.56875 0.292578 0.56875
0 0.29375 0.598958 0.311328 0.598958 0.311328 0.616667 0.29375 0.616667
0 0.323047 0.607292 0.344141 0.607292 0.344141 0.622396 0.323047 0.622396
0 0.222266 0.583333 0.240234 0.583333 0.240234 0.601562 0.222266 0.601562
0 0.257812 0.665104 0.276172 0.665104 0.276172 0.685938 0.257812 0.685938
0 0.292578 0.686458 0.314844 0.686458 0.314844 0.703125 0.292578 0.703125
0 0.307812 0.640625 0.323047 0.640625 0.323047 0.661979 0.307812 0.661979
0 0.091016 0.6875 0.103516 0.6875 0.103516 0.710938 0.091016 0.710938
0 0.120312 0.724479 0.137109 0.724479 0.137109 0.742188 0.120312 0.742188
0 0.117188 0.758854 0.132422 0.758854 0.132422 0.778125 0.117188 0.778125
0 0.16875 0.719792 0.18125 0.719792 0.18125 0.746875 0.16875 0.746875
0 0.137891 0.789062 0.15 0.789062 0.15 0.815625 0.137891 0.815625
0 0.208203 0.752083 0.221484 0.752083 0.221484 0.781771 0.208203 0.781771
0 0.229688 0.725521 0.246094 0.725521 0.246094 0.748958 0.229688 0.748958
0 0.258203 0.719792 0.275781 0.719792 0.275781 0.738021 0.258203 0.738021
0 0.286719 0.738021 0.307812 0.738021 0.307812 0.753125 0.286719 0.753125
0 0.253906 0.767708 0.267188 0.767708 0.267188 0.789583 0.253906 0.789583
0 0.277344 0.795833 0.29375 0.795833 0.29375 0.818229 0.277344 0.818229
0 0.329688 0.730729 0.344141 0.730729 0.344141 0.754688 0.329688 0.754688
0 0.331641 0.767708 0.348047 0.767708 0.348047 0.790104 0.331641 0.790104
0 0.318359 0.807812 0.330469 0.807812 0.330469 0.831771 0.318359 0.831771
0 0.032422 0.836979 0.055078 0.836979 0.055078 0.854688 0.032422 0.854688
0 0.046484 0.871875 0.064453 0.871875 0.064453 0.884375 0.046484 0.884375
0 0.062891 0.919271 0.075781 0.919271 0.075781 0.932292 0.062891 0.932292
0 0.177344 0.839062 0.189844 0.839062 0.189844 0.855729 0.177344 0.855729
0 0.201953 0.846354 0.215625 0.846354 0.215625 0.864583 0.201953 0.864583
0 0.224219 0.8125 0.239844 0.8125 0.239844 0.83125 0.224219 0.83125
0 0.259375 0.821875 0.271875 0.821875 0.271875 0.841667 0.259375 0.841667
0 0.473438 0.963542 0.488672 0.963542 0.488672 0.993229 0.473438 0.993229
0 0.508203 0.954688 0.526172 0.954688 0.526172 0.971875 0.508203 0.971875
0 0.426562 0.965104 0.4375 0.965104 0.4375 0.986458 0.426562 0.986458
0 0.664844 0.930208 0.678125 0.930208 0.678125 0.942708 0.664844 0.942708
0 0.713672 0.911979 0.730859 0.911979 0.730859 0.929688 0.713672 0.929688
0 0.727344 0.948958 0.744922 0.948958 0.744922 0.963021 0.727344 0.963021
0 0.755469 0.975521 0.777734 0.975521 0.777734 0.99375 0.755469 0.99375
0 0.677734 0.975 0.7 0.975 0.7 0.999479 0.677734 0.999479
0 0.694531 0.7875 0.716016 0.7875 0.716016 0.803646 0.694531 0.803646
0 0.676953 0.750521 0.697656 0.750521 0.697656 0.766146 0.676953 0.766146
0 0.630859 0.745833 0.650391 0.745833 0.650391 0.769792 0.630859 0.769792
0 0.601172 0.770312 0.619531 0.770312 0.619531 0.786458 0.601172 0.786458
0 0.563672 0.756771 0.580469 0.756771 0.580469 0.785417 0.563672 0.785417
0 0.587109 0.7 0.602734 0.7 0.602734 0.720833 0.587109 0.720833
0 0.622656 0.707292 0.639453 0.707292 0.639453 0.729688 0.622656 0.729688
0 0.666797 0.718229 0.688672 0.718229 0.688672 0.735417 0.666797 0.735417
0 0.726562 0.611458 0.741016 0.611458 0.741016 0.628125 0.726562 0.628125
0 0.741406 0.653646 0.758984 0.653646 0.758984 0.670312 0.741406 0.670312
0 0.782031 0.649479 0.795312 0.649479 0.795312 0.670312 0.782031 0.670312
0 0.826562 0.723438 0.8375 0.723438 0.8375 0.744271 0.826562 0.744271
0 0.846484 0.738542 0.862891 0.738542 0.862891 0.755208 0.846484 0.755208
0 0.867578 0.792708 0.88125 0.792708 0.88125 0.809896 0.867578 0.809896
0 0.891797 0.660938 0.908594 0.660938 0.908594 0.678125 0.891797 0.678125
0 0.856641 0.628125 0.873828 0.628125 0.873828 0.647396 0.856641 0.647396
0 0.827344 0.669271 0.844141 0.669271 0.844141 0.694271 0.827344 0.694271
0 0.792969 0.686979 0.810938 0.686979 0.810938 0.716146 0.792969 0.716146
0 0.726172 0.734375 0.744922 0.734375 0.744922 0.758854 0.726172 0.758854
0 0.700391 0.699479 0.714062 0.699479 0.714062 0.724479 0.700391 0.724479
0 0.678125 0.619792 0.694141 0.619792 0.694141 0.642188 0.678125 0.642188
0 0.418359 0.547917 0.433203 0.547917 0.433203 0.582812 0.418359 0.582812
0 0.419531 0.631771 0.435156 0.631771 0.435156 0.667188 0.419531 0.667188
0 0.446094 0.658333 0.463281 0.658333 0.463281 0.680729 0.446094 0.680729
0 0.459766 0.688542 0.471484 0.688542 0.471484 0.714062 0.459766 0.714062
0 0.480859 0.700521 0.495703 0.700521 0.495703 0.721354 0.480859 0.721354
0 0.478516 0.741146 0.498047 0.741146 0.498047 0.755729 0.478516 0.755729
0 0.521484 0.701042 0.542188 0.701042 0.542188 0.718229 0.521484 0.718229
0 0.482031 0.655729 0.503516 0.655729 0.503516 0.673958 0.482031 0.673958
0 0.513281 0.605208 0.530859 0.605208 0.530859 0.621875 0.513281 0.621875
0 0.550781 0.622917 0.567188 0.622917 0.567188 0.643229 0.550781 0.643229
0 0.555859 0.569271 0.574609 0.569271 0.574609 0.591146 0.555859 0.591146
0 0.616797 0.615625 0.6375 0.615625 0.6375 0.633333 0.616797 0.633333
0 0.520312 0.768229 0.542188 0.768229 0.542188 0.783854 0.520312 0.783854
0 0.483984 0.784375 0.502734 0.784375 0.502734 0.803125 0.483984 0.803125
0 0.594922 0.457292 0.613281 0.457292 0.613281 0.478646 0.594922 0.478646
0 0.614844 0.486458 0.63125 0.486458 0.63125 0.511979 0.614844 0.511979
0 0.645312 0.490104 0.659766 0.490104 0.659766 0.517708 0.645312 0.517708
0 0.676172 0.527604 0.691406 0.527604 0.691406 0.549479 0.676172 0.549479
0 0.588672 0.541146 0.605469 0.541146 0.605469 0.564583 0.588672 0.564583
0 0.624219 0.541146 0.644531 0.541146 0.644531 0.559896 0.624219 0.559896
0 0.576953 0.495312 0.591406 0.495312 0.591406 0.519792 0.576953 0.519792
0 0.510938 0.461979 0.530469 0.461979 0.530469 0.476562 0.510938 0.476562
0 0.498828 0.494271 0.513672 0.494271 0.513672 0.523958 0.498828 0.523958
0 0.547266 0.46875 0.562109 0.46875 0.562109 0.488021 0.547266 0.488021
0 0.523047 0.532292 0.542188 0.532292 0.542188 0.552083 0.523047 0.552083
0 0.755469 0.558333 0.776953 0.558333 0.776953 0.577083 0.755469 0.577083
0 0.804297 0.570833 0.822266 0.570833 0.822266 0.590625 0.804297 0.590625
0 0.827734 0.538021 0.842188 0.538021 0.842188 0.564583 0.827734 0.564583
0 0.802344 0.514583 0.821484 0.514583 0.821484 0.532292 0.802344 0.532292
0 0.876172 0.353646 0.899609 0.353646 0.899609 0.375 0.876172 0.375
0 0.908203 0.338542 0.923438 0.338542 0.923438 0.353646 0.908203 0.353646
0 0.954688 0.365625 0.969922 0.365625 0.969922 0.383854 0.954688 0.383854
0 0.887109 0.406771 0.906641 0.406771 0.906641 0.423958 0.887109 0.423958
0 0.917969 0.385417 0.933984 0.385417 0.933984 0.410938 0.917969 0.410938
0 0.95 0.410938 0.963281 0.410938 0.963281 0.426562 0.95 0.426562
0 0.966406 0.456771 0.981641 0.456771 0.981641 0.471875 0.966406 0.471875
0 0.945703 0.483333 0.957812 0.483333 0.957812 0.503646 0.945703 0.503646
0 0.874219 0.519792 0.887891 0.519792 0.887891 0.541146 0.874219 0.541146
0 0.885156 0.572396 0.901953 0.572396 0.901953 0.593229 0.885156 0.593229
0 0.917969 0.556771 0.93125 0.556771 0.93125 0.572396 0.917969 0.572396
0 0.95625 0.293229 0.973828 0.293229 0.973828 0.307292 0.95625 0.307292
0 0.847266 0.527604 0.862891 0.527604 0.862891 0.546875 0.847266 0.546875
0 0.551953 0.405208 0.565625 0.405208 0.565625 0.43125 0.551953 0.43125
0 0.885938 0.473438 0.905078 0.473438 0.905078 0.499479 0.885938 0.499479
0 0.913672 0.450521 0.931641 0.450521 0.931641 0.473438 0.913672 0.473438
0 0.916016 0.056771 0.938672 0.056771 0.938672 0.075 0.916016 0.075
0 0.877344 0.089062 0.901172 0.089062 0.901172 0.108854 0.877344 0.108854
0 0.960156 0.013542 0.977344 0.013542 0.977344 0.039583 0.960156 0.039583
0 0.833594 0.061979 0.853125 0.061979 0.853125 0.079688 0.833594 0.079688
0 0.841797 0.020312 0.8625 0.020312 0.8625 0.0375 0.841797 0.0375