0 0.017578 0.463542 0.041406 0.463542 0.041406 0.49375 0.017578 0.49375
0 0.050781 0.439062 0.068359 0.439062 0.068359 0.461458 0.050781 0.461458
0 0.030469 0.510417 0.051172 0.510417 0.051172 0.538021 0.030469 0.538021
0 0.062891 0.498438 0.079688 0.498438 0.079688 0.525 0.062891 0.525
0 0.079297 0.478646 0.104688 0.478646 0.104688 0.501562 0.079297 0.501562
0 0.019922 0.601042 0.038281 0.601042 0.038281 0.630208 0.019922 0.630208
0 0.046484 0.598958 0.063672 0.598958 0.063672 0.622396 0.046484 0.622396
0 0.114844 0.56875 0.135547 0.56875 0.135547 0.593229 0.114844 0.593229
0 0.107422 0.515625 0.126172 0.515625 0.126172 0.539062 0.107422 0.539062
0 0.082422 0.447396 0.101562 0.447396 0.101562 0.467708 0.082422 0.467708
0 0.088672 0.402083 0.106641 0.402083 0.106641 0.426562 0.088672 0.426562
0 0.122266 0.401042 0.148828 0.401042 0.148828 0.423438 0.122266 0.423438
0 0.123047 0.463542 0.145312 0.463542 0.145312 0.4875 0.123047 0.4875
0 0.142188 0.43125 0.1625 0.43125 0.1625 0.457292 0.142188 0.457292
0 0.179688 0.476562 0.2 0.476562 0.2 0.497917 0.179688 0.497917
0 0.148047 0.492708 0.168359 0.492708 0.168359 0.510938 0.148047 0.510938
0 0.148828 0.526562 0.169141 0.526562 0.169141 0.552083 0.148828 0.552083
0 0.092188 0.371875 0.116406 0.371875 0.116406 0.391146 0.092188 0.391146
0 0.111719 0.3125 0.133984 0.3125 0.133984 0.334896 0.111719 0.334896
0 0.141406 0.284375 0.167188 0.284375 0.167188 0.313021 0.141406 0.313021
0 0.179688 0.309896 0.203125 0.309896 0.203125 0.335938 0.179688 0.335938
0 0.170703 0.351042 0.195703 0.351042 0.195703 0.375 0.170703 0.375
0 0.011719 0.724479 0.030078 0.724479 0.030078 0.753646 0.011719 0.753646
0 0.041016 0.723438 0.058594 0.723438 0.058594 0.751042 0.041016 0.751042
0 0.089453 0.718229 0.114453 0.718229 0.114453 0.744792 0.089453 0.744792
0 0.039453 0.804688 0.059375 0.804688 0.059375 0.832292 0.039453 0.832292
0 0.00625 0.814062 0.020703 0.814062 0.020703 0.830208 0.00625 0.830208
0 0.014844 0.784896 0.026953 0.784896 0.026953 0.807292 0.014844 0.807292
0 0.06875 0.754688 0.093359 0.754688 0.093359 0.779688 0.06875 0.779688
0 0.105078 0.747396 0.125781 0.747396 0.125781 0.771875 0.105078 0.771875
0 0.113281 0.691146 0.135547 0.691146 0.135547 0.715625 0.113281 0.715625
0 0.073438 0.697396 0.092578 0.697396 0.092578 0.717708 0.073438 0.717708
0 0.030469 0.634896 0.051953 0.634896 0.051953 0.65625 0.030469 0.65625
0 0.151172 0.68125 0.172266 0.68125 0.172266 0.714583 0.151172 0.714583
0 0.173828 0.727604 0.195703 0.727604 0.195703 0.755729 0.173828 0.755729
0 0.226562 0.692188 0.251953 0.692188 0.251953 0.71875 0.226562 0.71875
0 0.083984 0.811979 0.105078 0.811979 0.105078 0.835938 0.083984 0.835938
0 0.119531 0.810938 0.148047 0.810938 0.148047 0.836979 0.119531 0.836979
0 0.239062 0.804688 0.262109 0.804688 0.262109 0.834375 0.239062 0.834375
0 0.282812 0.808854 0.305469 0.808854 0.305469 0.839062 0.282812 0.839062
0 0.182812 0.571875 0.207031 0.571875 0.207031 0.590104 0.182812 0.590104
0 0.175781 0.541667 0.192578 0.541667 0.192578 0.564062 0.175781 0.564062
0 0.203125 0.359896 0.228906 0.359896 0.228906 0.386458 0.203125 0.386458
0 0.242188 0.40625 0.269531 0.40625 0.269531 0.426562 0.242188 0.426562
0 0.267969 0.430208 0.291406 0.430208 0.291406 0.452604 0.267969 0.452604
0 0.250391 0.525521 0.274609 0.525521 0.274609 0.545833 0.250391 0.545833
0 0.246094 0.563021 0.271094 0.563021 0.271094 0.590104 0.246094 0.590104
0 0.278906 0.545833 0.296484 0.545833 0.296484 0.576042 0.278906 0.576042
0 0.305469 0.552604 0.323828 0.552604 0.323828 0.582812 0.305469 0.582812
0 0.324219 0.527604 0.344922 0.527604 0.344922 0.554167 0.324219 0.554167
0 0.321094 0.489583 0.338672 0.489583 0.338672 0.513021 0.321094 0.513021
0 0.312109 0.601042 0.333594 0.601042 0.333594 0.622396 0.312109 0.622396
0 0.290234 0.647917 0.309375 0.647917 0.309375 0.675521 0.290234 0.675521
0 0.266406 0.629167 0.285156 0.629167 0.285156 0.649479 0.266406 0.649479
0 0.377734 0.659375 0.396875 0.659375 0.396875 0.690625 0.377734 0.690625
0 0.305469 0.745312 0.325391 0.745312 0.325391 0.769792 0.305469 0.769792
0 0.314453 0.774479 0.33125 0.774479 0.33125 0.794792 0.314453 0.794792
0 0.346094 0.776562 0.366016 0.776562 0.366016 0.801042 0.346094 0.801042
0 0.33125 0.801562 0.352344 0.801562 0.352344 0.821875 0.33125 0.821875
0 0.3875 0.786979 0.408203 0.786979 0.408203 0.810938 0.3875 0.810938
0 0.452344 0.747396 0.472656 0.747396 0.472656 0.780729 0.452344 0.780729
0 0.432812 0.716667 0.450391 0.716667 0.450391 0.740625 0.432812 0.740625
0 0.490625 0.801562 0.507422 0.801562 0.507422 0.827083 0.490625 0.827083
0 0.516406 0.777604 0.536719 0.777604 0.536719 0.802083 0.516406 0.802083
0 0.548828 0.752604 0.568359 0.752604 0.568359 0.773958 0.548828 0.773958
0 0.496875 0.750521 0.516406 0.750521 0.516406 0.779688 0.496875 0.779688
0 0.521484 0.7375 0.544531 0.7375 0.544531 0.757812 0.521484 0.757812
0 0.453906 0.704167 0.479688 0.704167 0.479688 0.728646 0.453906 0.728646
0 0.487891 0.701562 0.508203 0.701562 0.508203 0.724479 0.487891 0.724479
0 0.375391 0.508333 0.395312 0.508333 0.395312 0.533854 0.375391 0.533854
0 0.405078 0.520833 0.423828 0.520833 0.423828 0.546875 0.405078 0.546875
0 0.391406 0.581771 0.410938 0.581771 0.410938 0.605208 0.391406 0.605208
0 0.388281 0.610938 0.408203 0.610938 0.408203 0.636458 0.388281 0.636458
0 0.416016 0.640104 0.439844 0.640104 0.439844 0.665625 0.416016 0.665625
0 0.457812 0.629167 0.485547 0.629167 0.485547 0.653125 0.457812 0.653125
0 0.458984 0.664062 0.480469 0.664062 0.480469 0.688542 0.458984 0.688542
0 0.524609 0.670312 0.547266 0.670312 0.547266 0.694792 0.524609 0.694792
0 0.498438 0.619271 0.520312 0.619271 0.520312 0.642188 0.498438 0.642188
0 0.541797 0.615104 0.560938 0.615104 0.560938 0.641146 0.541797 0.641146
0 0.521484 0.56875 0.54375 0.56875 0.54375 0.592188 0.521484 0.592188
0 0.496875 0.581771 0.517969 0.581771 0.517969 0.605208 0.496875 0.605208
0 0.45625 0.594792 0.477344 0.594792 0.477344 0.616146 0.45625 0.616146
0 0.525391 0.523438 0.546094 0.523438 0.546094 0.546875 0.525391 0.546875
0 0.457812 0.536458 0.475 0.536458 0.475 0.557812 0.457812 0.557812
0 0.657812 0.779688 0.673828 0.779688 0.673828 0.804167 0.657812 0.804167
0 0.722656 0.766667 0.746875 0.766667 0.746875 0.789062 0.722656 0.789062
0 0.792188 0.808854 0.814844 0.808854 0.814844 0.828125 0.792188 0.828125
0 0.767969 0.798958 0.782422 0.798958 0.782422 0.826042 0.767969 0.826042
0 0.732422 0.810938 0.753125 0.810938 0.753125 0.834375 0.732422 0.834375
0 0.693359 0.797917 0.713281 0.797917 0.713281 0.815104 0.693359 0.815104
0 0.614453 0.501562 0.630859 0.501562 0.630859 0.527604 0.614453 0.527604
0 0.655859 0.571875 0.677734 0.571875 0.677734 0.597917 0.655859 0.597917
0 0.675391 0.614062 0.696484 0.614062 0.696484 0.643229 0.675391 0.643229
0 0.701562 0.632292 0.716797 0.632292 0.716797 0.661458 0.701562 0.661458
0 0.723438 0.638021 0.745703 0.638021 0.745703 0.660417 0.723438 0.660417
0 0.792969 0.634896 0.81875 0.634896 0.81875 0.660417 0.792969 0.660417
0 0.76875 0.602083 0.788281 0.602083 0.788281 0.629167 0.76875 0.629167
0 0.728906 0.589062 0.75 0.589062 0.75 0.615104 0.728906 0.615104
0 0.804688 0.592708 0.823047 0.592708 0.823047 0.620312 0.804688 0.620312
0 0.778516 0.558854 0.799609 0.558854 0.799609 0.582292 0.778516 0.582292
0 0.796484 0.526562 0.813281 0.526562 0.813281 0.551042 0.796484 0.551042
0 0.825781 0.548958 0.850781 0.548958 0.850781 0.571875 0.825781 0.571875
0 0.701562 0.556771 0.720703 0.556771 0.720703 0.588021 0.701562 0.588021
0 0.678125 0.525521 0.701953 0.525521 0.701953 0.556771 0.678125 0.556771
0 0.659375 0.482292 0.674609 0.482292 0.674609 0.511979 0.659375 0.511979
0 0.599219 0.521354 0.616016 0.521354 0.616016 0.548958 0.599219 0.548958
0 0.625 0.534896 0.642188 0.534896 0.642188 0.563021 0.625 0.563021
0 0.51875 0.482292 0.534766 0.482292 0.534766 0.506771 0.51875 0.506771
0 0.492969 0.490625 0.512891 0.490625 0.512891 0.51875 0.492969 0.51875
0 0.470312 0.479167 0.491016 0.479167 0.491016 0.506771 0.470312 0.506771
0 0.448438 0.506771 0.469141 0.506771 0.469141 0.533854 0.448438 0.533854
0 0.418359 0.48125 0.441797 0.48125 0.441797 0.505729 0.418359 0.505729
0 0.444141 0.449479 0.469141 0.449479 0.469141 0.474479 0.444141 0.474479
0 0.402734 0.438021 0.424609 0.438021 0.424609 0.464583 0.402734 0.464583
0 0.651172 0.440104 0.669531 0.440104 0.669531 0.471354 0.651172 0.471354
0 0.675391 0.421354 0.694922 0.421354 0.694922 0.445312 0.675391 0.445312
0 0.6875 0.471354 0.702734 0.471354 0.702734 0.500521 0.6875 0.500521
0 0.715234 0.493229 0.734375 0.493229 0.734375 0.516667 0.715234 0.516667
0 0.75 0.492708 0.766797 0.492708 0.766797 0.526042 0.75 0.526042
0 0.794922 0.473438 0.816406 0.473438 0.816406 0.501562 0.794922 0.501562
0 0.819922 0.499479 0.841797 0.499479 0.841797 0.525 0.819922 0.525
0 0.803516 0.446354 0.826953 0.446354 0.826953 0.471354 0.803516 0.471354
0 0.83125 0.457292 0.852344 0.457292 0.852344 0.482812 0.83125 0.482812
0 0.731641 0.430208 0.753906 0.430208 0.753906 0.456771 0.731641 0.456771
0 0.747656 0.394271 0.770312 0.394271 0.770312 0.418229 0.747656 0.418229
0 0.786719 0.407292 0.807422 0.407292 0.807422 0.438542 0.786719 0.438542
0 0.825391 0.394271 0.848047 0.394271 0.848047 0.417188 0.825391 0.417188
0 0.843359 0.426042 0.857812 0.426042 0.857812 0.452604 0.843359 0.452604
0 0.733984 0.305729 0.756641 0.305729 0.756641 0.333854 0.733984 0.333854
0 0.663281 0.311458 0.689062 0.311458 0.689062 0.344792 0.663281 0.344792
0 0.737109 0.345833 0.760547 0.345833 0.760547 0.376042 0.737109 0.376042
0 0.763281 0.329688 0.787109 0.329688 0.787109 0.358333 0.763281 0.358333
0 0.767188 0.359896 0.789062 0.359896 0.789062 0.38125 0.767188 0.38125
0 0.814844 0.301562 0.835938 0.301562 0.835938 0.325 0.814844 0.325
0 0.347656 0.389062 0.375781 0.389062 0.375781 0.414583 0.347656 0.414583
0 0.457812 0.371875 0.480469 0.371875 0.480469 0.396354 0.457812 0.396354
0 0.362891 0.319792 0.379297 0.319792 0.379297 0.345833 0.362891 0.345833
0 0.401953 0.328646 0.420703 0.328646 0.420703 0.358854 0.401953 0.358854
0 0.458203 0.330729 0.483984 0.330729 0.483984 0.357292 0.458203 0.357292
0 0.443359 0.353646 0.457031 0.353646 0.457031 0.377083 0.443359 0.377083
0 0.269922 0.331771 0.298047 0.331771 0.298047 0.357292 0.269922 0.357292
0 0.256641 0.356771 0.276172 0.356771 0.276172 0.376042 0.256641 0.376042
0 0.225 0.319792 0.244531 0.319792 0.244531 0.343229 0.225 0.343229
0 0.186328 0.279688 0.208594 0.279688 0.208594 0.303646 0.186328 0.303646
0 0.251953 0.299479 0.275391 0.299479 0.275391 0.320833 0.251953 0.320833
0 0.274609 0.265625 0.297266 0.265625 0.297266 0.291667 0.274609 0.291667
0 0.234766 0.259375 0.259766 0.259375 0.259766 0.283854 0.234766 0.283854
0 0.383203 0.334896 0.399609 0.334896 0.399609 0.358854 0.383203 0.358854
0 0.331641 0.227083 0.35 0.227083 0.35 0.256771 0.331641 0.256771
0 0.362891 0.244271 0.386328 0.244271 0.386328 0.271875 0.362891 0.271875
0 0.377734 0.270312 0.401953 0.270312 0.401953 0.297917 0.377734 0.297917
0 0.362109 0.289583 0.387109 0.289583 0.387109 0.316146 0.362109 0.316146
0 0.397266 0.292708 0.416406 0.292708 0.416406 0.323958 0.397266 0.323958
0 0.423828 0.308854 0.445703 0.308854 0.445703 0.331771 0.423828 0.331771
0 0.457812 0.285417 0.480469 0.285417 0.480469 0.316667 0.457812 0.316667
0 0.49375 0.291667 0.520312 0.291667 0.520312 0.31875 0.49375 0.31875
0 0.044531 0.855729 0.064062 0.855729 0.064062 0.879167 0.044531 0.879167
0 0.008203 0.854688 0.025781 0.854688 0.025781 0.877083 0.008203 0.877083
0 0.045312 0.919271 0.070312 0.919271 0.070312 0.944271 0.045312 0.944271
0 0.046094 0.953125 0.064062 0.953125 0.064062 0.975521 0.046094 0.975521
0 0.076953 0.95625 0.099609 0.95625 0.099609 0.979688 0.076953 0.979688
0 0.094141 0.976562 0.117578 0.976562 0.117578 0.997396 0.094141 0.997396
0 0.116797 0.93125 0.135938 0.93125 0.135938 0.952604 0.116797 0.952604
0 0.103125 0.878125 0.119922 0.878125 0.119922 0.90625 0.103125 0.90625
0 0.15 0.878125 0.167578 0.878125 0.167578 0.907292 0.15 0.907292
0 0.124219 0.844792 0.146484 0.844792 0.146484 0.867188 0.124219 0.867188
0 0.217578 0.836458 0.241406 0.836458 0.241406 0.863021 0.217578 0.863021
0 0.220703 0.885938 0.241406 0.885938 0.241406 0.911458 0.220703 0.911458
0 0.248438 0.866667 0.274219 0.866667 0.274219 0.9 0.248438 0.9
0 0.279297 0.904167 0.3 0.904167 0.3 0.927083 0.279297 0.927083
0 0.250781 0.911979 0.268359 0.911979 0.268359 0.933333 0.250781 0.933333
0 0.222266 0.919271 0.241406 0.919271 0.241406 0.943229 0.222266 0.943229
0 0.255469 0.946354 0.273438 0.946354 0.273438 0.973438 0.255469 0.973438
0 0.289844 0.948438 0.308203 0.948438 0.308203 0.979688 0.289844 0.979688
0 0.326953 0.972396 0.34375 0.972396 0.34375 0.994792 0.326953 0.994792
0 0.324609 0.885938 0.344531 0.885938 0.344531 0.911979 0.324609 0.911979
0 0.330859 0.8375 0.349609 0.8375 0.349609 0.870312 0.330859 0.870312
0 0.360156 0.878646 0.376953 0.878646 0.376953 0.901042 0.360156 0.901042
0 0.373828 0.910938 0.393359 0.910938 0.393359 0.935417 0.373828 0.935417
0 0.411328 0.884896 0.436328 0.884896 0.436328 0.907292 0.411328 0.907292
0 0.412109 0.842708 0.431641 0.842708 0.431641 0.870312 0.412109 0.870312
0 0.4375 0.833854 0.458984 0.833854 0.458984 0.858854 0.4375 0.858854
0 0.449609 0.872917 0.467188 0.872917 0.467188 0.897917 0.449609 0.897917
0 0.436719 0.915104 0.462109 0.915104 0.462109 0.938542 0.436719 0.938542
0 0.394141 0.95 0.413672 0.95 0.413672 0.973438 0.394141 0.973438
0 0.346484 0.955208 0.367578 0.955208 0.367578 0.983333 0.346484 0.983333
0 0.405859 0.974479 0.427344 0.974479 0.427344 0.997396 0.405859 0.997396
0 0.545312 0.954167 0.563672 0.954167 0.563672 0.976562 0.545312 0.976562
0 0.579297 0.960417 0.596094 0.960417 0.596094 0.984375 0.579297 0.984375
0 0.588281 0.903125 0.605859 0.903125 0.605859 0.932292 0.588281 0.932292
0 0.615234 0.940104 0.634375 0.940104 0.634375 0.970312 0.615234 0.970312
0 0.1375 0.133854 0.155859 0.133854 0.155859 0.164583 0.1375 0.164583
0 0.166797 0.153125 0.185156 0.153125 0.185156 0.180208 0.166797 0.180208
0 0.169141 0.207292 0.189844 0.207292 0.189844 0.232812 0.169141 0.232812
0 0.203125 0.185417 0.232422 0.185417 0.232422 0.210417 0.203125 0.210417
0 0.201562 0.235417 0.223438 0.235417 0.223438 0.258854 0.201562 0.258854
0 0.227734 0.220312 0.247656 0.220312 0.247656 0.245833 0.227734 0.245833
0 0.253516 0.222396 0.270312 0.222396 0.270312 0.240625 0.253516 0.240625
0 0.234766 0.171354 0.257422 0.171354 0.257422 0.198438 0.234766 0.198438
0 0.266406 0.145312 0.2875 0.145312 0.2875 0.175521 0.266406 0.175521
0 0.291797 0.145833 0.30625 0.145833 0.30625 0.169271 0.291797 0.169271
0 0.307031 0.133854 0.325391 0.133854 0.325391 0.159375 0.307031 0.159375
0 0.321484 0.185417 0.338672 0.185417 0.338672 0.213542 0.321484 0.213542
0 0.356641 0.20625 0.378906 0.20625 0.378906 0.231771 0.356641 0.231771
0 0.364453 0.161979 0.385547 0.161979 0.385547 0.183333 0.364453 0.183333
0 0.416797 0.173438 0.439062 0.173438 0.439062 0.200521 0.416797 0.200521
0 0.429688 0.216146 0.449609 0.216146 0.449609 0.235938 0.429688 0.235938
0 0.462891 0.194271 0.491016 0.194271 0.491016 0.222396 0.462891 0.222396
0 0.423828 0.246354 0.449609 0.246354 0.449609 0.269792 0.423828 0.269792
0 0.458984 0.248438 0.482812 0.248438 0.482812 0.276042 0.458984 0.276042
0 0.490625 0.246354 0.505859 0.246354 0.505859 0.271875 0.490625 0.271875
0 0.462109 0.135938 0.482031 0.135938 0.482031 0.159375 0.462109 0.159375
0 0.428125 0.130208 0.451953 0.130208 0.451953 0.151562 0.428125 0.151562
0 0.382422 0.114062 0.400391 0.114062 0.400391 0.147396 0.382422 0.147396
0 0.337109 0.117188 0.358984 0.117188 0.358984 0.142188 0.337109 0.142188
0 0.307031 0.095833 0.327344 0.095833 0.327344 0.119271 0.307031 0.119271
0 0.251953 0.113021 0.273438 0.113021 0.273438 0.132292 0.251953 0.132292
0 0.230078 0.079688 0.253125 0.079688 0.253125 0.107292 0.230078 0.107292
0 0.214453 0.130208 0.234766 0.130208 0.234766 0.157292 0.214453 0.157292
0 0.273047 0.044792 0.2875 0.044792 0.2875 0.064062 0.273047 0.064062
0 0.301172 0.029688 0.320703 0.029688 0.320703 0.053646 0.301172 0.053646
0 0.328125 0.067708 0.350781 0.067708 0.350781 0.095312 0.328125 0.095312
0 0.354297 0.047917 0.375 0.047917 0.375 0.077083 0.354297 0.077083
0 0.280469 0.0 0.301953 0.0 0.301953 0.016146 0.280469 0.016146
0 0.321875 0.005208 0.335938 0.005208 0.335938 0.0375 0.321875 0.0375
0 0.340625 0.00625 0.356641 0.00625 0.356641 0.035938 0.340625 0.035938
0 0.498438 0.025521 0.515234 0.025521 0.515234 0.057292 0.498438 0.057292
0 0.538281 0.086979 0.566016 0.086979 0.566016 0.123958 0.538281 0.123958
0 0.573047 0.113021 0.592969 0.113021 0.592969 0.1375 0.573047 0.1375
0 0.576953 0.151042 0.607422 0.151042 0.607422 0.173438 0.576953 0.173438
0 0.570703 0.234896 0.589062 0.234896 0.589062 0.258333 0.570703 0.258333
0 0.588281 0.204167 0.606641 0.204167 0.606641 0.231771 0.588281 0.231771
0 0.6125 0.182812 0.632812 0.182812 0.632812 0.2125 0.6125 0.2125
0 0.642188 0.2 0.660547 0.2 0.660547 0.222396 0.642188 0.222396
0 0.625391 0.234896 0.645312 0.234896 0.645312 0.263542 0.625391 0.263542
0 0.596875 0.249479 0.622266 0.249479 0.622266 0.272917 0.596875 0.272917
0 0.614453 0.280208 0.636719 0.280208 0.636719 0.301562 0.614453 0.301562
0 0.554688 0.190104 0.573828 0.190104 0.573828 0.2125 0.554688 0.2125
0 0.630859 0.15 0.652344 0.15 0.652344 0.175521 0.630859 0.175521
0 0.668359 0.15625 0.684375 0.15625 0.684375 0.18125 0.668359 0.18125
0 0.603906 0.094271 0.622266 0.094271 0.622266 0.116667 0.603906 0.116667
0 0.630078 0.099479 0.647656 0.099479 0.647656 0.127083 0.630078 0.127083
0 0.630859 0.054167 0.648438 0.054167 0.648438 0.072396 0.630859 0.072396
0 0.666797 0.05625 0.682422 0.05625 0.682422 0.079688 0.666797 0.079688
0 0.697656 0.058333 0.723047 0.058333 0.723047 0.086979 0.697656 0.086979
0 0.657812 0.105729 0.677734 0.105729 0.677734 0.136458 0.657812 0.136458
0 0.69375 0.113021 0.722266 0.113021 0.722266 0.135417 0.69375 0.135417
0 0.736328 0.097396 0.758594 0.097396 0.758594 0.121875 0.736328 0.121875
0 0.710938 0.146875 0.730078 0.146875 0.730078 0.171354 0.710938 0.171354
0 0.736328 0.147917 0.752344 0.147917 0.752344 0.179167 0.736328 0.179167
0 0.85625 0.495833 0.876953 0.495833 0.876953 0.519271 0.85625 0.519271
0 0.857031 0.533854 0.878516 0.533854 0.878516 0.552083 0.857031 0.552083
0 0.848828 0.579167 0.867969 0.579167 0.867969 0.607292 0.848828 0.607292
0 0.759766 0.051042 0.779688 0.051042 0.779688 0.083854 0.759766 0.083854
0 0.717188 0.023958 0.739453 0.023958 0.739453 0.051562 0.717188 0.051562
0 0.741016 0.006771 0.759375 0.006771 0.759375 0.034375 0.741016 0.034375
0 0.787891 0.019271 0.817188 0.019271 0.817188 0.044271 0.787891 0.044271
0 0.864062 0.106771 0.881641 0.106771 0.881641 0.129167 0.864062 0.129167
0 0.766797 0.229688 0.789453 0.229688 0.789453 0.248958 0.766797 0.248958
0 0.810156 0.229688 0.834766 0.229688 0.834766 0.247917 0.810156 0.247917
0 0.814453 0.25625 0.833984 0.25625 0.833984 0.279167 0.814453 0.279167
0 0.845703 0.275 0.863281 0.275 0.863281 0.296354 0.845703 0.296354
0 0.819531 0.181771 0.835547 0.181771 0.835547 0.213021 0.819531 0.213021
0 0.847656 0.194271 0.867578 0.194271 0.867578 0.227083 0.847656 0.227083
0 0.859766 0.147396 0.876953 0.147396 0.876953 0.174479 0.859766 0.174479
0 0.885547 0.130208 0.904297 0.130208 0.904297 0.164583 0.885547 0.164583
0 0.936719 0.15625 0.957812 0.15625 0.957812 0.180208 0.936719 0.180208
0 0.876953 0.189062 0.9 0.189062 0.9 0.217188 0.876953 0.217188
0 0.912891 0.192708 0.932812 0.192708 0.932812 0.215625 0.912891 0.215625
0 0.965234 0.186458 0.981641 0.186458 0.981641 0.209896 0.965234 0.209896
0 0.941406 0.21875 0.963281 0.21875 0.963281 0.242708 0.941406 0.242708
0 0.908594 0.235938 0.929297 0.235938 0.929297 0.266146 0.908594 0.266146
0 0.885547 0.245312 0.901953 0.245312 0.901953 0.272396 0.885547 0.272396
0 0.935938 0.256771 0.957812 0.256771 0.957812 0.282812 0.935938 0.282812
0 0.971875 0.248958 0.989844 0.248958 0.989844 0.283333 0.971875 0.283333
0 0.909375 0.303125 0.93125 0.303125 0.93125 0.328646 0.909375 0.328646
0 0.960547 0.357812 0.978125 0.357812 0.978125 0.380729 0.960547 0.380729
0 0.979297 0.398438 0.998047 0.398438 0.998047 0.415104 0.979297 0.415104
0 0.966406 0.417188 0.982812 0.417188 0.982812 0.436458 0.966406 0.436458
0 0.884375 0.496354 0.901562 0.496354 0.901562 0.526562 0.884375 0.526562
0 0.965234 0.45625 0.985547 0.45625 0.985547 0.477604 0.965234 0.477604
0 0.934375 0.60625 0.953125 0.60625 0.953125 0.629688 0.934375 0.629688
0 0.953125 0.589583 0.971484 0.589583 0.971484 0.613021 0.953125 0.613021
0 0.956641 0.616667 0.975781 0.616667 0.975781 0.641667 0.956641 0.641667
0 0.953516 0.6625 0.976172 0.6625 0.976172 0.696354 0.953516 0.696354
0 0.928516 0.713542 0.955469 0.713542 0.955469 0.742708 0.928516 0.742708
0 0.958984 0.744271 0.985547 0.744271 0.985547 0.76875 0.958984 0.76875
0 0.904297 0.763021 0.927734 0.763021 0.927734 0.794271 0.904297 0.794271
0 0.911328 0.808854 0.93125 0.808854 0.93125 0.827083 0.911328 0.827083
0 0.890234 0.865104 0.912891 0.865104 0.912891 0.891667 0.890234 0.891667
0 0.864844 0.834375 0.886719 0.834375 0.886719 0.857812 0.864844 0.857812
0 0.779297 0.852083 0.801953 0.852083 0.801953 0.874479 0.779297 0.874479
0 0.6625 0.854688 0.687109 0.854688 0.687109 0.878646 0.6625 0.878646
0 0.702344 0.875521 0.723828 0.875521 0.723828 0.905729 0.702344 0.905729
0 0.730469 0.884896 0.752344 0.884896 0.752344 0.908333 0.730469 0.908333
0 0.765625 0.901562 0.783203 0.901562 0.783203 0.932812 0.765625 0.932812
0 0.792969 0.911979 0.813672 0.911979 0.813672 0.940625 0.792969 0.940625
0 0.712109 0.920833 0.732812 0.920833 0.732812 0.948438 0.712109 0.948438
0 0.742188 0.918229 0.764062 0.918229 0.764062 0.951042 0.742188 0.951042
0 0.674219 0.892708 0.691797 0.892708 0.691797 0.913542 0.674219 0.913542
0 0.644141 0.957292 0.6625 0.957292 0.6625 0.9875 0.644141 0.9875
0 0.672266 0.971875 0.689844 0.971875 0.689844 0.997917 0.672266 0.997917
0 0.697656 0.980729 0.714062 0.980729 0.714062 0.998958 0.697656 0.998958
0 0.972266 0.901042 0.988672 0.901042 0.988672 0.921875 0.972266 0.921875
0 0.983203 0.784375 0.997266 0.784375 0.997266 0.805729 0.983203 0.805729
0 0.925781 0.855729 0.940625 0.855729 0.940625 0.86875 0.925781 0.86875
0 0.977734 0.867708 0.992578 0.867708 0.992578 0.8875 0.977734 0.8875
0 0.795312 0.94375 0.813672 0.94375 0.813672 0.965625 0.795312 0.965625
0 0.947266 0.933854 0.968359 0.933854 0.968359 0.957292 0.947266 0.957292
0 0.960938 0.96875 0.980469 0.96875 0.980469 0.9875 0.960938 0.9875
0 0.98125 0.683333 0.996875 0.683333 0.996875 0.701042 0.98125 0.701042
0 0.9875 0.626042 0.999609 0.626042 0.999609 0.645312 0.9875 0.645312