0 0.198438 0.05 0.215625 0.05 0.215625 0.078646 0.198438 0.078646
0 0.175391 0.055208 0.192578 0.055208 0.192578 0.088542 0.175391 0.088542
0 0.158594 0.080729 0.175391 0.080729 0.175391 0.108854 0.158594 0.108854
0 0.176172 0.095312 0.196094 0.095312 0.196094 0.120833 0.176172 0.120833
0 0.210938 0.080208 0.232031 0.080208 0.232031 0.110938 0.210938 0.110938
0 0.214453 0.135417 0.233203 0.135417 0.233203 0.169792 0.214453 0.169792
0 0.24375 0.110938 0.260547 0.110938 0.260547 0.144271 0.24375 0.144271
0 0.278125 0.103125 0.296875 0.103125 0.296875 0.136458 0.278125 0.136458
0 0.291406 0.161979 0.308203 0.161979 0.308203 0.191146 0.291406 0.191146
0 0.294531 0.067708 0.311328 0.067708 0.311328 0.094792 0.294531 0.094792
0 0.319922 0.131771 0.336328 0.131771 0.336328 0.164583 0.319922 0.164583
0 0.33125 0.101042 0.347266 0.101042 0.347266 0.125 0.33125 0.125
0 0.355469 0.144792 0.376953 0.144792 0.376953 0.169792 0.355469 0.169792
0 0.349219 0.051562 0.369531 0.051562 0.369531 0.072396 0.349219 0.072396
0 0.375391 0.078125 0.393359 0.078125 0.393359 0.103646 0.375391 0.103646
0 0.200391 0.2625 0.217188 0.2625 0.217188 0.291146 0.200391 0.291146
0 0.232422 0.273958 0.251172 0.273958 0.251172 0.297917 0.232422 0.297917
0 0.162109 0.267188 0.178516 0.267188 0.178516 0.296875 0.162109 0.296875
0 0.141797 0.2375 0.158594 0.2375 0.158594 0.269271 0.141797 0.269271
0 0.078516 0.230729 0.098438 0.230729 0.098438 0.255729 0.078516 0.255729
0 0.105859 0.267708 0.122266 0.267708 0.122266 0.297917 0.105859 0.297917
0 0.078125 0.264583 0.091797 0.264583 0.091797 0.291667 0.078125 0.291667
0 0.129688 0.309375 0.153125 0.309375 0.153125 0.331771 0.129688 0.331771
0 0.184766 0.310417 0.204297 0.310417 0.204297 0.3375 0.184766 0.3375
0 0.216016 0.346875 0.235547 0.346875 0.235547 0.370833 0.216016 0.370833
0 0.121484 0.347917 0.139844 0.347917 0.139844 0.378125 0.121484 0.378125
0 0.153906 0.363021 0.171094 0.363021 0.171094 0.391146 0.153906 0.391146
0 0.121484 0.441146 0.135938 0.441146 0.135938 0.464583 0.121484 0.464583
0 0.15625 0.454167 0.173828 0.454167 0.173828 0.484896 0.15625 0.484896
0 0.184375 0.451042 0.201562 0.451042 0.201562 0.482292 0.184375 0.482292
0 0.230859 0.446875 0.254297 0.446875 0.254297 0.471875 0.230859 0.471875
0 0.212891 0.489583 0.230859 0.489583 0.230859 0.515625 0.212891 0.515625
0 0.225391 0.410938 0.239062 0.410938 0.239062 0.432812 0.225391 0.432812
0 0.253516 0.354688 0.271094 0.354688 0.271094 0.383854 0.253516 0.383854
0 0.259766 0.30625 0.280469 0.30625 0.280469 0.328646 0.259766 0.328646
0 0.252734 0.420833 0.270312 0.420833 0.270312 0.447396 0.252734 0.447396
0 0.200781 0.516146 0.219531 0.516146 0.219531 0.543229 0.200781 0.543229
0 0.022266 0.469271 0.0375 0.469271 0.0375 0.501562 0.022266 0.501562
0 0.069922 0.405208 0.085938 0.405208 0.085938 0.432812 0.069922 0.432812
0 0.450781 0.424479 0.467578 0.424479 0.467578 0.452083 0.450781 0.452083
0 0.389453 0.379688 0.409766 0.379688 0.409766 0.409896 0.389453 0.409896
0 0.357422 0.383333 0.373047 0.383333 0.373047 0.414583 0.357422 0.414583
0 0.35625 0.435417 0.372266 0.435417 0.372266 0.467708 0.35625 0.467708
0 0.339453 0.516146 0.357422 0.516146 0.357422 0.538542 0.339453 0.538542
0 0.374609 0.520833 0.388672 0.520833 0.388672 0.548438 0.374609 0.548438
0 0.385547 0.483854 0.407031 0.483854 0.407031 0.505208 0.385547 0.505208
0 0.432422 0.488021 0.451172 0.488021 0.451172 0.511458 0.432422 0.511458
0 0.419531 0.439062 0.439062 0.439062 0.439062 0.467188 0.419531 0.467188
0 0.422266 0.396354 0.439844 0.396354 0.439844 0.419792 0.422266 0.419792
0 0.382031 0.423958 0.401562 0.423958 0.401562 0.44375 0.382031 0.44375
0 0.391406 0.511458 0.409375 0.511458 0.409375 0.530208 0.391406 0.530208
0 0.409375 0.536979 0.425781 0.536979 0.425781 0.565104 0.409375 0.565104
0 0.437109 0.532292 0.451172 0.532292 0.451172 0.564062 0.437109 0.564062
0 0.4 0.572396 0.422266 0.572396 0.422266 0.592708 0.4 0.592708
0 0.344531 0.561458 0.365625 0.561458 0.365625 0.584375 0.344531 0.584375
0 0.462891 0.608333 0.478906 0.608333 0.478906 0.635938 0.462891 0.635938
0 0.49375 0.648438 0.511328 0.648438 0.511328 0.677604 0.49375 0.677604
0 0.55 0.647917 0.569141 0.647917 0.569141 0.677604 0.55 0.677604
0 0.541016 0.430729 0.557422 0.430729 0.557422 0.45625 0.541016 0.45625
0 0.489062 0.408854 0.505859 0.408854 0.505859 0.434375 0.489062 0.434375
0 0.567578 0.442708 0.584766 0.442708 0.584766 0.467188 0.567578 0.467188
0 0.554297 0.475521 0.572266 0.475521 0.572266 0.495312 0.554297 0.495312
0 0.548828 0.584375 0.566016 0.584375 0.566016 0.608333 0.548828 0.608333
0 0.526953 0.602604 0.545703 0.602604 0.545703 0.623438 0.526953 0.623438
0 0.524609 0.6375 0.540625 0.6375 0.540625 0.663021 0.524609 0.663021
0 0.380859 0.340104 0.402344 0.340104 0.402344 0.361979 0.380859 0.361979
0 0.445703 0.336979 0.462891 0.336979 0.462891 0.36875 0.445703 0.36875
0 0.419531 0.320833 0.439062 0.320833 0.439062 0.347917 0.419531 0.347917
0 0.482422 0.304688 0.499609 0.304688 0.499609 0.327083 0.482422 0.327083
0 0.482031 0.348438 0.504297 0.348438 0.504297 0.372917 0.482031 0.372917
0 0.553125 0.311979 0.571484 0.311979 0.571484 0.338021 0.553125 0.338021
0 0.519922 0.295312 0.537891 0.295312 0.537891 0.320833 0.519922 0.320833
0 0.516797 0.363021 0.533984 0.363021 0.533984 0.392188 0.516797 0.392188
0 0.573047 0.35625 0.595312 0.35625 0.595312 0.376562 0.573047 0.376562
0 0.567188 0.388021 0.584375 0.388021 0.584375 0.41875 0.567188 0.41875
0 0.514453 0.251563 0.530469 0.251563 0.530469 0.278125 0.514453 0.278125
0 0.552344 0.249479 0.570312 0.249479 0.570312 0.275 0.552344 0.275
0 0.532812 0.208333 0.552734 0.208333 0.552734 0.234375 0.532812 0.234375
0 0.450391 0.293229 0.466406 0.293229 0.466406 0.320312 0.450391 0.320312
0 0.582031 0.229688 0.603516 0.229688 0.603516 0.248958 0.582031 0.248958
0 0.614453 0.259896 0.628906 0.259896 0.628906 0.285938 0.614453 0.285938
0 0.59375 0.247917 0.614062 0.247917 0.614062 0.273958 0.59375 0.273958
0 0.604688 0.333854 0.618359 0.333854 0.618359 0.363021 0.604688 0.363021
0 0.685547 0.308333 0.702344 0.308333 0.702344 0.333854 0.685547 0.333854
0 0.591797 0.191667 0.608984 0.191667 0.608984 0.218229 0.591797 0.218229
0 0.564062 0.184896 0.581641 0.184896 0.581641 0.208854 0.564062 0.208854
0 0.428516 0.033854 0.450391 0.033854 0.450391 0.055729 0.428516 0.055729
0 0.396875 0.052083 0.414062 0.052083 0.414062 0.076562 0.396875 0.076562
0 0.407812 0.095312 0.423438 0.095312 0.423438 0.127083 0.407812 0.127083
0 0.441797 0.117188 0.460938 0.117188 0.460938 0.140625 0.441797 0.140625
0 0.386328 0.006771 0.405078 0.006771 0.405078 0.033333 0.386328 0.033333
0 0.327344 0.015104 0.350391 0.015104 0.350391 0.039583 0.327344 0.039583
0 0.465234 0.010417 0.483203 0.010417 0.483203 0.03125 0.465234 0.03125
0 0.758203 0.168229 0.780469 0.168229 0.780469 0.188542 0.758203 0.188542
0 0.778516 0.194792 0.799219 0.194792 0.799219 0.219271 0.778516 0.219271
0 0.7375 0.223958 0.762109 0.223958 0.762109 0.247396 0.7375 0.247396
0 0.826172 0.233854 0.846094 0.233854 0.846094 0.259375 0.826172 0.259375
0 0.783594 0.25 0.799219 0.25 0.799219 0.278125 0.783594 0.278125
0 0.746875 0.279167 0.769141 0.279167 0.769141 0.302604 0.746875 0.302604
0 0.789062 0.298958 0.808594 0.298958 0.808594 0.320833 0.789062 0.320833
0 0.817578 0.274479 0.839062 0.274479 0.839062 0.297396 0.817578 0.297396
0 0.852734 0.276562 0.874609 0.276562 0.874609 0.296354 0.852734 0.296354
0 0.847266 0.307812 0.865234 0.307812 0.865234 0.327604 0.847266 0.327604
0 0.798047 0.332812 0.817578 0.332812 0.817578 0.352604 0.798047 0.352604
0 0.768359 0.322396 0.785547 0.322396 0.785547 0.348438 0.768359 0.348438
0 0.739844 0.319792 0.759375 0.319792 0.759375 0.348438 0.739844 0.348438
0 0.758984 0.376562 0.773828 0.376562 0.773828 0.405729 0.758984 0.405729
0 0.782812 0.363542 0.800391 0.363542 0.800391 0.391146 0.782812 0.391146
0 0.776953 0.4 0.797656 0.4 0.797656 0.425521 0.776953 0.425521
0 0.857812 0.186458 0.878125 0.186458 0.878125 0.204688 0.857812 0.204688
0 0.814062 0.166667 0.837109 0.166667 0.837109 0.184896 0.814062 0.184896
0 0.759375 0.141146 0.779297 0.141146 0.779297 0.160417 0.759375 0.160417
0 0.722656 0.1625 0.739453 0.1625 0.739453 0.189062 0.722656 0.189062
0 0.932422 0.264583 0.947266 0.264583 0.947266 0.297396 0.932422 0.297396
0 0.619922 0.398438 0.6375 0.398438 0.6375 0.420833 0.619922 0.420833
0 0.717578 0.421875 0.735938 0.421875 0.735938 0.447396 0.717578 0.447396
0 0.680078 0.449479 0.698047 0.449479 0.698047 0.472917 0.680078 0.472917
0 0.685156 0.478125 0.705469 0.478125 0.705469 0.503125 0.685156 0.503125
0 0.710547 0.4875 0.728516 0.4875 0.728516 0.517708 0.710547 0.517708
0 0.745703 0.460938 0.764062 0.460938 0.764062 0.486979 0.745703 0.486979
0 0.744531 0.492708 0.760938 0.492708 0.760938 0.519792 0.744531 0.519792
0 0.775391 0.4875 0.795312 0.4875 0.795312 0.511979 0.775391 0.511979
0 0.778516 0.457292 0.79375 0.457292 0.79375 0.480208 0.778516 0.480208
0 0.804688 0.422396 0.824219 0.422396 0.824219 0.447396 0.804688 0.447396
0 0.787891 0.546354 0.804297 0.546354 0.804297 0.56875 0.787891 0.56875
0 0.929688 0.324479 0.944141 0.324479 0.944141 0.351042 0.929688 0.351042
0 0.9 0.409896 0.916406 0.409896 0.916406 0.434375 0.9 0.434375
0 0.811328 0.495312 0.828516 0.495312 0.828516 0.510938 0.811328 0.510938
0 0.691016 0.759896 0.708594 0.759896 0.708594 0.792708 0.691016 0.792708
0 0.575391 0.685938 0.592578 0.685938 0.592578 0.711979 0.575391 0.711979
0 0.590625 0.733854 0.603516 0.733854 0.603516 0.760417 0.590625 0.760417
0 0.570703 0.771875 0.589844 0.771875 0.589844 0.796354 0.570703 0.796354
0 0.559375 0.720312 0.578516 0.720312 0.578516 0.746354 0.559375 0.746354
0 0.541797 0.688021 0.557812 0.688021 0.557812 0.7125 0.541797 0.7125
0 0.523047 0.726562 0.537891 0.726562 0.537891 0.75625 0.523047 0.75625
0 0.486328 0.7125 0.503516 0.7125 0.503516 0.744792 0.486328 0.744792
0 0.517969 0.802604 0.533594 0.802604 0.533594 0.828646 0.517969 0.828646
0 0.544922 0.797917 0.560938 0.797917 0.560938 0.826562 0.544922 0.826562
0 0.569922 0.803646 0.586719 0.803646 0.586719 0.827604 0.569922 0.827604
0 0.527344 0.848438 0.542578 0.848438 0.542578 0.875 0.527344 0.875
0 0.492969 0.815104 0.508984 0.815104 0.508984 0.844792 0.492969 0.844792
0 0.714453 0.880729 0.736719 0.880729 0.736719 0.908333 0.714453 0.908333
0 0.477734 0.963542 0.501172 0.963542 0.501172 0.986458 0.477734 0.986458
0 0.499219 0.917708 0.516406 0.917708 0.516406 0.942708 0.499219 0.942708
0 0.549609 0.948958 0.569922 0.948958 0.569922 0.976042 0.549609 0.976042
0 0.508203 0.885417 0.528516 0.885417 0.528516 0.909896 0.508203 0.909896
0 0.533594 0.900521 0.551172 0.900521 0.551172 0.925 0.533594 0.925
0 0.561328 0.882292 0.582812 0.882292 0.582812 0.903646 0.561328 0.903646
0 0.444531 0.793229 0.462891 0.793229 0.462891 0.823438 0.444531 0.823438
0 0.460938 0.741146 0.480078 0.741146 0.480078 0.770833 0.460938 0.770833
0 0.491016 0.453646 0.50625 0.453646 0.50625 0.477083 0.491016 0.477083
0 0.501562 0.565625 0.521875 0.565625 0.521875 0.585417 0.501562 0.585417
0 0.587891 0.540104 0.6125 0.540104 0.6125 0.5625 0.587891 0.5625
0 0.577344 0.611458 0.594531 0.611458 0.594531 0.635938 0.577344 0.635938
0 0.594141 0.644792 0.613281 0.644792 0.613281 0.664062 0.594141 0.664062
0 0.355859 0.727604 0.373047 0.727604 0.373047 0.753125 0.355859 0.753125
0 0.416016 0.753125 0.432422 0.753125 0.432422 0.78125 0.416016 0.78125
0 0.008594 0.548958 0.021875 0.548958 0.021875 0.577083 0.008594 0.577083
0 0.025391 0.516667 0.042578 0.516667 0.042578 0.547396 0.025391 0.547396
0 0.385938 0.453125 0.403906 0.453125 0.403906 0.473438 0.385938 0.473438
0 0.629297 0.353646 0.644922 0.353646 0.644922 0.381771 0.629297 0.381771
0 0.475 0.504167 0.490234 0.504167 0.490234 0.528646 0.475 0.528646