0 0.267969 0.109375 0.286719 0.109375 0.286719 0.132292 0.267969 0.132292
0 0.286719 0.089583 0.299219 0.089583 0.299219 0.111458 0.286719 0.111458
0 0.303906 0.122917 0.317578 0.122917 0.317578 0.151042 0.303906 0.151042
0 0.246484 0.049479 0.261328 0.049479 0.261328 0.082812 0.246484 0.082812
0 0.264453 0.140104 0.276172 0.140104 0.276172 0.166146 0.264453 0.166146
0 0.2375 0.145833 0.251563 0.145833 0.251563 0.177083 0.2375 0.177083
0 0.223047 0.208333 0.238672 0.208333 0.238672 0.238021 0.223047 0.238021
0 0.192969 0.230729 0.207812 0.230729 0.207812 0.258854 0.192969 0.258854
0 0.295312 0.268229 0.315234 0.268229 0.315234 0.294271 0.295312 0.294271
0 0.318359 0.256771 0.333984 0.256771 0.333984 0.279688 0.318359 0.279688
0 0.173828 0.198438 0.194141 0.198438 0.194141 0.222396 0.173828 0.222396
0 0.286719 0.153125 0.300781 0.153125 0.300781 0.171354 0.286719 0.171354
0 0.338672 0.154688 0.360547 0.154688 0.360547 0.177083 0.338672 0.177083
0 0.327734 0.080208 0.34375 0.080208 0.34375 0.107292 0.327734 0.107292
0 0.329297 0.117188 0.346875 0.117188 0.346875 0.140625 0.329297 0.140625
0 0.395312 0.0625 0.412109 0.0625 0.412109 0.091146 0.395312 0.091146
0 0.376172 0.078125 0.388672 0.078125 0.388672 0.105729 0.376172 0.105729
0 0.355859 0.111458 0.374219 0.111458 0.374219 0.134375 0.355859 0.134375
0 0.4125 0.082812 0.428906 0.082812 0.428906 0.117188 0.4125 0.117188
0 0.350391 0.021875 0.366406 0.021875 0.366406 0.047917 0.350391 0.047917
0 0.39375 0.022917 0.411719 0.022917 0.411719 0.046875 0.39375 0.046875
0 0.375391 0.167188 0.396484 0.167188 0.396484 0.192188 0.375391 0.192188
0 0.470312 0.020312 0.488281 0.020312 0.488281 0.040104 0.470312 0.040104
0 0.502344 0.000521 0.519531 0.000521 0.519531 0.031771 0.502344 0.031771
0 0.240625 0.2375 0.259375 0.2375 0.259375 0.270833 0.240625 0.270833
0 0.290625 0.296354 0.3125 0.296354 0.3125 0.319271 0.290625 0.319271
0 0.095703 0.397396 0.113672 0.397396 0.113672 0.427083 0.095703 0.427083
0 0.186719 0.441667 0.207812 0.441667 0.207812 0.465104 0.186719 0.465104
0 0.121094 0.45625 0.136719 0.45625 0.136719 0.488542 0.121094 0.488542
0 0.091797 0.46875 0.108984 0.46875 0.108984 0.495833 0.091797 0.495833
0 0.119531 0.5375 0.133203 0.5375 0.133203 0.558854 0.119531 0.558854
0 0.097266 0.514062 0.113281 0.514062 0.113281 0.540625 0.097266 0.540625
0 0.138281 0.5125 0.153906 0.5125 0.153906 0.535938 0.138281 0.535938
0 0.176172 0.504687 0.192578 0.504687 0.192578 0.532292 0.176172 0.532292
0 0.186328 0.555208 0.202344 0.555208 0.202344 0.582292 0.186328 0.582292
0 0.138281 0.584375 0.153906 0.584375 0.153906 0.615104 0.138281 0.615104
0 0.173047 0.592708 0.191016 0.592708 0.191016 0.618229 0.173047 0.618229
0 0.1125 0.572917 0.127344 0.572917 0.127344 0.599479 0.1125 0.599479
0 0.059375 0.535938 0.075781 0.535938 0.075781 0.558854 0.059375 0.558854
0 0.116406 0.640625 0.128516 0.640625 0.128516 0.669271 0.116406 0.669271
0 0.091016 0.674479 0.105078 0.674479 0.105078 0.698958 0.091016 0.698958
0 0.1875 0.658333 0.202344 0.658333 0.202344 0.686458 0.1875 0.686458
0 0.208594 0.703646 0.225781 0.703646 0.225781 0.725 0.208594 0.725
0 0.114453 0.686979 0.129297 0.686979 0.129297 0.715625 0.114453 0.715625
0 0.128906 0.697396 0.146484 0.697396 0.146484 0.727083 0.128906 0.727083
0 0.165625 0.727604 0.182812 0.727604 0.182812 0.756771 0.165625 0.756771
0 0.135938 0.763021 0.152734 0.763021 0.152734 0.795312 0.135938 0.795312
0 0.108203 0.757812 0.125391 0.757812 0.125391 0.788021 0.108203 0.788021
0 0.172656 0.805208 0.192969 0.805208 0.192969 0.826042 0.172656 0.826042
0 0.145703 0.814583 0.162891 0.814583 0.162891 0.841146 0.145703 0.841146
0 0.155469 0.848438 0.178125 0.848438 0.178125 0.872396 0.155469 0.872396
0 0.177344 0.890625 0.196094 0.890625 0.196094 0.913021 0.177344 0.913021
0 0.15625 0.897917 0.172656 0.897917 0.172656 0.929167 0.15625 0.929167
0 0.125391 0.891667 0.143359 0.891667 0.143359 0.924479 0.125391 0.924479
0 0.078516 0.858333 0.095312 0.858333 0.095312 0.888021 0.078516 0.888021
0 0.098438 0.902604 0.121875 0.902604 0.121875 0.934375 0.098438 0.934375
0 0.453125 0.701042 0.46875 0.701042 0.46875 0.720312 0.453125 0.720312
0 0.483594 0.696354 0.499219 0.696354 0.499219 0.720312 0.483594 0.720312
0 0.501953 0.726562 0.517578 0.726562 0.517578 0.753125 0.501953 0.753125
0 0.453516 0.739583 0.475 0.739583 0.475 0.7625 0.453516 0.7625
0 0.419141 0.723958 0.439453 0.723958 0.439453 0.744792 0.419141 0.744792
0 0.425391 0.807292 0.443359 0.807292 0.443359 0.826042 0.425391 0.826042
0 0.39375 0.807812 0.413281 0.807812 0.413281 0.831771 0.39375 0.831771
0 0.409375 0.770833 0.424609 0.770833 0.424609 0.791146 0.409375 0.791146
0 0.380469 0.764583 0.4 0.764583 0.4 0.790625 0.380469 0.790625
0 0.391406 0.711458 0.407031 0.711458 0.407031 0.735938 0.391406 0.735938
0 0.363672 0.745312 0.378906 0.745312 0.378906 0.767708 0.363672 0.767708
0 0.308984 0.850521 0.330078 0.850521 0.330078 0.873438 0.308984 0.873438
0 0.297266 0.810417 0.3125 0.810417 0.3125 0.833333 0.297266 0.833333
0 0.322266 0.810417 0.339062 0.810417 0.339062 0.836458 0.322266 0.836458
0 0.344141 0.780729 0.3625 0.780729 0.3625 0.802604 0.344141 0.802604
0 0.308984 0.757292 0.332031 0.757292 0.332031 0.777083 0.308984 0.777083
0 0.355078 0.825 0.376172 0.825 0.376172 0.848438 0.355078 0.848438
0 0.412109 0.982812 0.433984 0.982812 0.433984 0.999479 0.412109 0.999479
0 0.446875 0.943229 0.460938 0.943229 0.460938 0.970833 0.446875 0.970833
0 0.467578 0.913542 0.482031 0.913542 0.482031 0.945833 0.467578 0.945833
0 0.5 0.907812 0.517188 0.907812 0.517188 0.933333 0.5 0.933333
0 0.515625 0.954167 0.533594 0.954167 0.533594 0.978125 0.515625 0.978125
0 0.537891 0.875 0.55625 0.875 0.55625 0.906771 0.537891 0.906771
0 0.552344 0.921875 0.569531 0.921875 0.569531 0.95 0.552344 0.95
0 0.639844 0.80625 0.658984 0.80625 0.658984 0.833333 0.639844 0.833333
0 0.649219 0.851042 0.664453 0.851042 0.664453 0.879688 0.649219 0.879688
0 0.628125 0.871354 0.644531 0.871354 0.644531 0.899479 0.628125 0.899479
0 0.667578 0.869792 0.685547 0.869792 0.685547 0.897396 0.667578 0.897396
0 0.692578 0.822396 0.707031 0.822396 0.707031 0.852604 0.692578 0.852604
0 0.673828 0.778125 0.691016 0.778125 0.691016 0.811458 0.673828 0.811458
0 0.678125 0.960938 0.696094 0.960938 0.696094 0.982292 0.678125 0.982292
0 0.707422 0.967708 0.725391 0.967708 0.725391 0.996875 0.707422 0.996875
0 0.691016 0.927604 0.710156 0.927604 0.710156 0.951042 0.691016 0.951042
0 0.741016 0.897917 0.755469 0.897917 0.755469 0.922917 0.741016 0.922917
0 0.814844 0.889583 0.829688 0.889583 0.829688 0.919792 0.814844 0.919792
0 0.780078 0.830729 0.798828 0.830729 0.798828 0.852604 0.780078 0.852604
0 0.828125 0.854688 0.849609 0.854688 0.849609 0.874479 0.828125 0.874479
0 0.810547 0.954688 0.825 0.954688 0.825 0.977083 0.810547 0.977083
0 0.854297 0.9625 0.870703 0.9625 0.870703 0.988542 0.854297 0.988542
0 0.870703 0.923438 0.889062 0.923438 0.889062 0.947917 0.870703 0.947917
0 0.853516 0.8875 0.871484 0.8875 0.871484 0.911979 0.853516 0.911979
0 0.897266 0.867708 0.915234 0.867708 0.915234 0.896875 0.897266 0.896875
0 0.8625 0.825 0.875781 0.825 0.875781 0.848438 0.8625 0.848438
0 0.830859 0.823958 0.847656 0.823958 0.847656 0.843229 0.830859 0.843229
0 0.889453 0.804688 0.908203 0.804688 0.908203 0.826562 0.889453 0.826562
0 0.720703 0.814062 0.741016 0.814062 0.741016 0.833333 0.720703 0.833333
0 0.754688 0.785938 0.768359 0.785938 0.768359 0.814062 0.754688 0.814062
0 0.726562 0.755729 0.746094 0.755729 0.746094 0.775 0.726562 0.775
0 0.667578 0.739062 0.683984 0.739062 0.683984 0.766667 0.667578 0.766667
0 0.70625 0.713542 0.720312 0.713542 0.720312 0.74375 0.70625 0.74375
0 0.723828 0.70625 0.740234 0.70625 0.740234 0.734896 0.723828 0.734896
0 0.757031 0.698958 0.773828 0.698958 0.773828 0.723958 0.757031 0.723958
0 0.761719 0.733854 0.778906 0.733854 0.778906 0.761979 0.761719 0.761979
0 0.789062 0.7375 0.806641 0.7375 0.806641 0.7625 0.789062 0.7625
0 0.8375 0.773438 0.862891 0.773438 0.862891 0.803646 0.8375 0.803646
0 0.833984 0.732292 0.855078 0.732292 0.855078 0.754167 0.833984 0.754167
0 0.824219 0.676042 0.844922 0.676042 0.844922 0.702083 0.824219 0.702083
0 0.789844 0.685417 0.808594 0.685417 0.808594 0.707292 0.789844 0.707292
0 0.887109 0.745833 0.900781 0.745833 0.900781 0.774479 0.887109 0.774479
0 0.810938 0.630208 0.826172 0.630208 0.826172 0.658333 0.810938 0.658333
0 0.823438 0.600521 0.840234 0.600521 0.840234 0.622917 0.823438 0.622917
0 0.854297 0.609375 0.871094 0.609375 0.871094 0.638021 0.854297 0.638021
0 0.791406 0.645833 0.808203 0.645833 0.808203 0.670833 0.791406 0.670833
0 0.887891 0.594792 0.904688 0.594792 0.904688 0.619271 0.887891 0.619271
0 0.898438 0.620312 0.912891 0.620312 0.912891 0.639583 0.898438 0.639583
0 0.835547 0.564583 0.855469 0.564583 0.855469 0.5875 0.835547 0.5875
0 0.808984 0.548958 0.825 0.548958 0.825 0.572917 0.808984 0.572917
0 0.839453 0.517188 0.854297 0.517188 0.854297 0.54375 0.839453 0.54375
0 0.865625 0.541146 0.883203 0.541146 0.883203 0.569792 0.865625 0.569792
0 0.895703 0.524479 0.9125 0.524479 0.9125 0.547396 0.895703 0.547396
0 0.5375 0.551042 0.55625 0.551042 0.55625 0.573438 0.5375 0.573438
0 0.534766 0.577083 0.553906 0.577083 0.553906 0.600521 0.534766 0.600521
0 0.570703 0.590625 0.590234 0.590625 0.590234 0.621354 0.570703 0.621354
0 0.510156 0.557812 0.527734 0.557812 0.527734 0.580729 0.510156 0.580729
0 0.546875 0.502083 0.569141 0.502083 0.569141 0.525 0.546875 0.525
0 0.570703 0.480208 0.586719 0.480208 0.586719 0.504687 0.570703 0.504687
0 0.630078 0.532812 0.646875 0.532812 0.646875 0.563542 0.630078 0.563542
0 0.473438 0.541146 0.493359 0.541146 0.493359 0.564062 0.473438 0.564062
0 0.483203 0.589583 0.503906 0.589583 0.503906 0.614062 0.483203 0.614062
0 0.45 0.60625 0.470703 0.60625 0.470703 0.632292 0.45 0.632292
0 0.398047 0.586979 0.41875 0.586979 0.41875 0.610938 0.398047 0.610938
0 0.390625 0.506771 0.409375 0.506771 0.409375 0.534375 0.390625 0.534375
0 0.680078 0.422917 0.696484 0.422917 0.696484 0.452604 0.680078 0.452604
0 0.695703 0.4625 0.711328 0.4625 0.711328 0.493229 0.695703 0.493229
0 0.675 0.484896 0.689844 0.484896 0.689844 0.508854 0.675 0.508854
0 0.746875 0.443229 0.762109 0.443229 0.762109 0.471875 0.746875 0.471875
0 0.779297 0.436458 0.798047 0.436458 0.798047 0.457292 0.779297 0.457292
0 0.771094 0.461979 0.785547 0.461979 0.785547 0.4875 0.771094 0.4875
0 0.727344 0.497917 0.742188 0.497917 0.742188 0.520833 0.727344 0.520833
0 0.650781 0.49375 0.668359 0.49375 0.668359 0.525 0.650781 0.525
0 0.653125 0.440625 0.669531 0.440625 0.669531 0.469271 0.653125 0.469271
0 0.626953 0.440104 0.64375 0.440104 0.64375 0.46875 0.626953 0.46875
0 0.623438 0.404167 0.642969 0.404167 0.642969 0.428646 0.623438 0.428646
0 0.900781 0.475521 0.918359 0.475521 0.918359 0.5 0.900781 0.5
0 0.920312 0.457812 0.936719 0.457812 0.936719 0.486979 0.920312 0.486979
0 0.813281 0.389583 0.832031 0.389583 0.832031 0.410938 0.813281 0.410938
0 0.790625 0.39375 0.808984 0.39375 0.808984 0.420312 0.790625 0.420312
0 0.744141 0.404688 0.764844 0.404688 0.764844 0.426562 0.744141 0.426562
0 0.712109 0.273438 0.732422 0.273438 0.732422 0.303646 0.712109 0.303646
0 0.722656 0.346875 0.737891 0.346875 0.737891 0.375521 0.722656 0.375521
0 0.752734 0.370833 0.770312 0.370833 0.770312 0.39375 0.752734 0.39375
0 0.763672 0.345312 0.783984 0.345312 0.783984 0.368229 0.763672 0.368229
0 0.787891 0.328646 0.805859 0.328646 0.805859 0.358333 0.787891 0.358333
0 0.818359 0.3375 0.834375 0.3375 0.834375 0.361979 0.818359 0.361979
0 0.716797 0.391667 0.735547 0.391667 0.735547 0.419792 0.716797 0.419792
0 0.687109 0.375521 0.705078 0.375521 0.705078 0.404167 0.687109 0.404167
0 0.808594 0.288021 0.829688 0.288021 0.829688 0.314062 0.808594 0.314062
0 0.346484 0.704167 0.362891 0.704167 0.362891 0.726562 0.346484 0.726562
0 0.389453 0.669271 0.405078 0.669271 0.405078 0.694792 0.389453 0.694792
0 0.417969 0.667188 0.441797 0.667188 0.441797 0.692708 0.417969 0.692708
0 0.337891 0.672917 0.355859 0.672917 0.355859 0.692188 0.337891 0.692188
0 0.353906 0.627604 0.369531 0.627604 0.369531 0.653646 0.353906 0.653646
0 0.320312 0.644792 0.338672 0.644792 0.338672 0.666146 0.320312 0.666146
0 0.310938 0.607292 0.327734 0.607292 0.327734 0.626562 0.310938 0.626562
0 0.345312 0.585938 0.362891 0.585938 0.362891 0.610938 0.345312 0.610938
0 0.316406 0.565104 0.334375 0.565104 0.334375 0.588021 0.316406 0.588021
0 0.421094 0.347396 0.436719 0.347396 0.436719 0.364583 0.421094 0.364583
0 0.383594 0.361458 0.403516 0.361458 0.403516 0.381771 0.383594 0.381771
0 0.369922 0.397396 0.389453 0.397396 0.389453 0.425 0.369922 0.425
0 0.409375 0.425 0.430469 0.425 0.430469 0.444792 0.409375 0.444792
0 0.414062 0.472917 0.435938 0.472917 0.435938 0.496354 0.414062 0.496354
0 0.383203 0.458333 0.399609 0.458333 0.399609 0.478646 0.383203 0.478646
0 0.479297 0.408333 0.499609 0.408333 0.499609 0.43125 0.479297 0.43125
0 0.504297 0.455729 0.523438 0.455729 0.523438 0.483333 0.504297 0.483333
0 0.462109 0.363542 0.483203 0.363542 0.483203 0.385938 0.462109 0.385938
0 0.429688 0.386979 0.448438 0.386979 0.448438 0.409375 0.429688 0.409375
0 0.396484 0.322396 0.4125 0.322396 0.4125 0.345312 0.396484 0.345312
0 0.517188 0.327083 0.537891 0.327083 0.537891 0.352083 0.517188 0.352083
0 0.466016 0.498958 0.482812 0.498958 0.482812 0.523958 0.466016 0.523958
0 0.444141 0.551562 0.461719 0.551562 0.461719 0.569792 0.444141 0.569792
0 0.503906 0.516667 0.519922 0.516667 0.519922 0.542708 0.503906 0.542708
0 0.562891 0.451562 0.579688 0.451562 0.579688 0.470312 0.562891 0.470312
0 0.549219 0.419271 0.569922 0.419271 0.569922 0.442188 0.549219 0.442188
0 0.500781 0.65625 0.521094 0.65625 0.521094 0.677083 0.500781 0.677083
0 0.305859 0.4875 0.325391 0.4875 0.325391 0.501562 0.305859 0.501562
0 0.439844 0.256771 0.457812 0.256771 0.457812 0.2875 0.439844 0.2875
0 0.416797 0.297396 0.434766 0.297396 0.434766 0.321354 0.416797 0.321354
0 0.474609 0.261458 0.495312 0.261458 0.495312 0.286458 0.474609 0.286458
0 0.488281 0.298958 0.504297 0.298958 0.504297 0.325 0.488281 0.325
0 0.471484 0.221354 0.491406 0.221354 0.491406 0.245833 0.471484 0.245833
0 0.447656 0.216146 0.465234 0.216146 0.465234 0.241146 0.447656 0.241146
0 0.515234 0.285417 0.531641 0.285417 0.531641 0.314062 0.515234 0.314062
0 0.557031 0.209375 0.574609 0.209375 0.574609 0.239583 0.557031 0.239583
0 0.536328 0.247396 0.555469 0.247396 0.555469 0.275 0.536328 0.275
0 0.580078 0.276562 0.600391 0.276562 0.600391 0.3 0.580078 0.3
0 0.589453 0.235417 0.606641 0.235417 0.606641 0.264062 0.589453 0.264062
0 0.569141 0.323958 0.5875 0.323958 0.5875 0.35 0.569141 0.35
0 0.541797 0.372396 0.561328 0.372396 0.561328 0.391667 0.541797 0.391667
0 0.623047 0.343229 0.644922 0.343229 0.644922 0.368229 0.623047 0.368229
0 0.65625 0.285938 0.680859 0.285938 0.680859 0.311458 0.65625 0.311458
0 0.671484 0.357292 0.688281 0.357292 0.688281 0.382812 0.671484 0.382812
0 0.660938 0.013021 0.682422 0.013021 0.682422 0.041667 0.660938 0.041667
0 0.694141 0.030208 0.709766 0.030208 0.709766 0.055729 0.694141 0.055729
0 0.735547 0.030208 0.757812 0.030208 0.757812 0.054688 0.735547 0.054688
0 0.711328 0.067188 0.730469 0.067188 0.730469 0.090104 0.711328 0.090104
0 0.684375 0.077083 0.7 0.077083 0.7 0.1 0.684375 0.1
0 0.649219 0.091146 0.672266 0.091146 0.672266 0.118229 0.649219 0.118229
0 0.673828 0.125521 0.692969 0.125521 0.692969 0.154688 0.673828 0.154688
0 0.707812 0.13125 0.729297 0.13125 0.729297 0.157812 0.707812 0.157812
0 0.747656 0.125 0.764453 0.125 0.764453 0.152083 0.747656 0.152083
0 0.774219 0.151042 0.792578 0.151042 0.792578 0.178125 0.774219 0.178125
0 0.733984 0.1625 0.752344 0.1625 0.752344 0.189583 0.733984 0.189583
0 0.686719 0.192708 0.708984 0.192708 0.708984 0.21875 0.686719 0.21875
0 0.652344 0.189583 0.669531 0.189583 0.669531 0.217188 0.652344 0.217188
0 0.840234 0.256771 0.8625 0.256771 0.8625 0.277083 0.840234 0.277083
0 0.8125 0.248958 0.829297 0.248958 0.829297 0.271875 0.8125 0.271875
0 0.782812 0.264583 0.805078 0.264583 0.805078 0.288021 0.782812 0.288021