0 0.057031 0.075521 0.073438 0.075521 0.073438 0.101042 0.057031 0.101042
0 0.048047 0.116667 0.065625 0.116667 0.065625 0.139062 0.048047 0.139062
0 0.00625 0.115625 0.024219 0.115625 0.024219 0.139062 0.00625 0.139062
0 0.040625 0.158333 0.062109 0.158333 0.062109 0.178646 0.040625 0.178646
0 0.001953 0.166146 0.021094 0.166146 0.021094 0.186979 0.001953 0.186979
0 0.028906 0.043229 0.050781 0.043229 0.050781 0.072396 0.028906 0.072396
0 0.061328 0.030208 0.082812 0.030208 0.082812 0.058854 0.061328 0.058854
0 0.010547 0.003646 0.041797 0.003646 0.041797 0.032812 0.010547 0.032812
0 0.002344 0.040104 0.023438 0.040104 0.023438 0.066667 0.002344 0.066667
0 0.263281 0.139583 0.280469 0.139583 0.280469 0.171354 0.263281 0.171354
0 0.226562 0.146354 0.253906 0.146354 0.253906 0.175521 0.226562 0.175521
0 0.190234 0.154167 0.218359 0.154167 0.218359 0.189062 0.190234 0.189062
0 0.332812 0.085938 0.351953 0.085938 0.351953 0.123438 0.332812 0.123438
0 0.283203 0.095833 0.296875 0.095833 0.296875 0.126562 0.283203 0.126562
0 0.244922 0.070312 0.259766 0.070312 0.259766 0.097917 0.244922 0.097917
0 0.214062 0.086979 0.234766 0.086979 0.234766 0.110417 0.214062 0.110417
0 0.170312 0.1125 0.190234 0.1125 0.190234 0.136979 0.170312 0.136979
0 0.169141 0.078646 0.1875 0.078646 0.1875 0.105208 0.169141 0.105208
0 0.216797 0.008333 0.233984 0.008333 0.233984 0.030729 0.216797 0.030729
0 0.145312 0.141146 0.163672 0.141146 0.163672 0.167708 0.145312 0.167708
0 0.147266 0.176042 0.169922 0.176042 0.169922 0.202604 0.147266 0.202604
0 0.2875 0.0375 0.310547 0.0375 0.310547 0.070312 0.2875 0.070312
0 0.380078 0.051042 0.399219 0.051042 0.399219 0.075521 0.380078 0.075521
0 0.386719 0.081771 0.407422 0.081771 0.407422 0.103646 0.386719 0.103646
0 0.357031 0.130208 0.376562 0.130208 0.376562 0.158854 0.357031 0.158854
0 0.385938 0.148438 0.408594 0.148438 0.408594 0.173438 0.385938 0.173438
0 0.403125 0.118229 0.423438 0.118229 0.423438 0.145312 0.403125 0.145312
0 0.494531 0.04375 0.516797 0.04375 0.516797 0.070312 0.494531 0.070312
0 0.473438 0.082812 0.496094 0.082812 0.496094 0.115104 0.473438 0.115104
0 0.450781 0.095833 0.472656 0.095833 0.472656 0.127083 0.450781 0.127083
0 0.432422 0.071354 0.448438 0.071354 0.448438 0.097396 0.432422 0.097396
0 0.465234 0.158333 0.487109 0.158333 0.487109 0.188542 0.465234 0.188542
0 0.500391 0.161458 0.525 0.161458 0.525 0.189583 0.500391 0.189583
0 0.550781 0.167188 0.571094 0.167188 0.571094 0.189062 0.550781 0.189062
0 0.542188 0.205208 0.56875 0.205208 0.56875 0.238542 0.542188 0.238542
0 0.494141 0.200521 0.516797 0.200521 0.516797 0.228125 0.494141 0.228125
0 0.468359 0.201562 0.486719 0.201562 0.486719 0.226042 0.468359 0.226042
0 0.403125 0.194792 0.428125 0.194792 0.428125 0.223958 0.403125 0.223958
0 0.783594 0.026042 0.803906 0.026042 0.803906 0.048958 0.783594 0.048958
0 0.735156 0.058333 0.757812 0.058333 0.757812 0.085417 0.735156 0.085417
0 0.733984 0.091146 0.750391 0.091146 0.750391 0.125 0.733984 0.125
0 0.759375 0.097396 0.784375 0.097396 0.784375 0.126042 0.759375 0.126042
0 0.771094 0.061458 0.788672 0.061458 0.788672 0.079688 0.771094 0.079688
0 0.800781 0.124479 0.821484 0.124479 0.821484 0.148958 0.800781 0.148958
0 0.778125 0.141146 0.796484 0.141146 0.796484 0.164062 0.778125 0.164062
0 0.828516 0.102604 0.845703 0.102604 0.845703 0.130729 0.828516 0.130729
0 0.791016 0.075521 0.808594 0.075521 0.808594 0.096354 0.791016 0.096354
0 0.426953 0.28125 0.447266 0.28125 0.447266 0.30625 0.426953 0.30625
0 0.464062 0.270833 0.488281 0.270833 0.488281 0.296354 0.464062 0.296354
0 0.515234 0.232812 0.538672 0.232812 0.538672 0.261979 0.515234 0.261979
0 0.503906 0.272396 0.532422 0.272396 0.532422 0.297396 0.503906 0.297396
0 0.509375 0.296875 0.538672 0.296875 0.538672 0.327083 0.509375 0.327083
0 0.545312 0.306771 0.564062 0.306771 0.564062 0.336979 0.545312 0.336979
0 0.428125 0.325 0.456641 0.325 0.456641 0.354688 0.428125 0.354688
0 0.4625 0.306771 0.491406 0.306771 0.491406 0.332292 0.4625 0.332292
0 0.498047 0.3375 0.522266 0.3375 0.522266 0.371354 0.498047 0.371354
0 0.579688 0.284375 0.598828 0.284375 0.598828 0.313542 0.579688 0.313542
0 0.555469 0.254167 0.580469 0.254167 0.580469 0.28125 0.555469 0.28125
0 0.366797 0.213021 0.385938 0.213021 0.385938 0.236458 0.366797 0.236458
0 0.476172 0.376042 0.494922 0.376042 0.494922 0.401042 0.476172 0.401042
0 0.452344 0.383854 0.46875 0.383854 0.46875 0.414062 0.452344 0.414062
0 0.432812 0.392708 0.451172 0.392708 0.451172 0.422396 0.432812 0.422396
0 0.893359 0.071875 0.908594 0.071875 0.908594 0.104167 0.893359 0.104167
0 0.915625 0.089583 0.936719 0.089583 0.936719 0.122917 0.915625 0.122917
0 0.942969 0.086458 0.960938 0.086458 0.960938 0.121354 0.942969 0.121354
0 0.856641 0.082812 0.876953 0.082812 0.876953 0.115104 0.856641 0.115104
0 0.889844 0.125 0.907031 0.125 0.907031 0.154688 0.889844 0.154688
0 0.850781 0.147396 0.865234 0.147396 0.865234 0.175521 0.850781 0.175521
0 0.817578 0.165104 0.834375 0.165104 0.834375 0.191667 0.817578 0.191667
0 0.778516 0.192708 0.798438 0.192708 0.798438 0.216667 0.778516 0.216667
0 0.871484 0.164583 0.889062 0.164583 0.889062 0.188021 0.871484 0.188021
0 0.855859 0.197396 0.874219 0.197396 0.874219 0.222917 0.855859 0.222917
0 0.881641 0.201562 0.903906 0.201562 0.903906 0.225521 0.881641 0.225521
0 0.864844 0.233854 0.891406 0.233854 0.891406 0.261979 0.864844 0.261979
0 0.931641 0.154688 0.951562 0.154688 0.951562 0.183854 0.931641 0.183854
0 0.954297 0.132812 0.974609 0.132812 0.974609 0.157292 0.954297 0.157292
0 0.968359 0.054167 0.983984 0.054167 0.983984 0.078125 0.968359 0.078125
0 0.923438 0.326042 0.942969 0.326042 0.942969 0.353125 0.923438 0.353125
0 0.963672 0.357812 0.982812 0.357812 0.982812 0.385938 0.963672 0.385938
0 0.939453 0.382292 0.956641 0.382292 0.956641 0.409896 0.939453 0.409896
0 0.942969 0.417708 0.960938 0.417708 0.960938 0.440625 0.942969 0.440625
0 0.967969 0.419271 0.9875 0.419271 0.9875 0.447917 0.967969 0.447917
0 0.764844 0.165625 0.778516 0.165625 0.778516 0.184375 0.764844 0.184375
0 0.680859 0.394792 0.699219 0.394792 0.699219 0.41875 0.680859 0.41875
0 0.704297 0.419792 0.726953 0.419792 0.726953 0.444792 0.704297 0.444792
0 0.664844 0.435417 0.684375 0.435417 0.684375 0.456771 0.664844 0.456771
0 0.627344 0.463542 0.644141 0.463542 0.644141 0.492188 0.627344 0.492188
0 0.652734 0.4875 0.672266 0.4875 0.672266 0.518229 0.652734 0.518229
0 0.672656 0.491146 0.691797 0.491146 0.691797 0.519792 0.672656 0.519792
0 0.723828 0.492708 0.749609 0.492708 0.749609 0.517708 0.723828 0.517708
0 0.732422 0.456771 0.753125 0.456771 0.753125 0.482292 0.732422 0.482292
0 0.598828 0.479167 0.614453 0.479167 0.614453 0.506771 0.598828 0.506771
0 0.601172 0.558333 0.619922 0.558333 0.619922 0.5875 0.601172 0.5875
0 0.567188 0.553646 0.592188 0.553646 0.592188 0.580729 0.567188 0.580729
0 0.555469 0.586979 0.576953 0.586979 0.576953 0.609896 0.555469 0.609896
0 0.739062 0.592708 0.769141 0.592708 0.769141 0.622396 0.739062 0.622396
0 0.722656 0.626042 0.742188 0.626042 0.742188 0.653125 0.722656 0.653125
0 0.701953 0.648438 0.719922 0.648438 0.719922 0.675521 0.701953 0.675521
0 0.639844 0.680729 0.655469 0.680729 0.655469 0.703125 0.639844 0.703125
0 0.759766 0.645833 0.777344 0.645833 0.777344 0.670833 0.759766 0.670833
0 0.738281 0.677083 0.753906 0.677083 0.753906 0.700521 0.738281 0.700521
0 0.724219 0.7 0.739062 0.7 0.739062 0.731771 0.724219 0.731771
0 0.678516 0.727604 0.696094 0.727604 0.696094 0.752604 0.678516 0.752604
0 0.783594 0.728646 0.799219 0.728646 0.799219 0.754167 0.783594 0.754167
0 0.809766 0.69375 0.829688 0.69375 0.829688 0.723958 0.809766 0.723958
0 0.805859 0.652604 0.826953 0.652604 0.826953 0.675 0.805859 0.675
0 0.844141 0.683854 0.863281 0.683854 0.863281 0.709375 0.844141 0.709375
0 0.842578 0.645833 0.861719 0.645833 0.861719 0.665104 0.842578 0.665104
0 0.783984 0.571875 0.804688 0.571875 0.804688 0.594271 0.783984 0.594271
0 0.805078 0.588021 0.819531 0.588021 0.819531 0.607292 0.805078 0.607292
0 0.834375 0.583854 0.852734 0.583854 0.852734 0.604167 0.834375 0.604167
0 0.885547 0.638542 0.902734 0.638542 0.902734 0.657812 0.885547 0.657812
0 0.868359 0.665104 0.885938 0.665104 0.885938 0.689062 0.868359 0.689062
0 0.903125 0.66875 0.917969 0.66875 0.917969 0.69375 0.903125 0.69375
0 0.879297 0.7 0.901562 0.7 0.901562 0.720312 0.879297 0.720312
0 0.890234 0.732812 0.908203 0.732812 0.908203 0.75625 0.890234 0.75625
0 0.917578 0.73125 0.933203 0.73125 0.933203 0.756771 0.917578 0.756771
0 0.941406 0.747396 0.960938 0.747396 0.960938 0.774479 0.941406 0.774479
0 0.894922 0.769792 0.914844 0.769792 0.914844 0.792708 0.894922 0.792708
0 0.923047 0.784375 0.941797 0.784375 0.941797 0.807292 0.923047 0.807292
0 0.862109 0.800521 0.880078 0.800521 0.880078 0.826562 0.862109 0.826562
0 0.898828 0.832812 0.915625 0.832812 0.915625 0.864583 0.898828 0.864583
0 0.924219 0.84375 0.943359 0.84375 0.943359 0.871354 0.924219 0.871354
0 0.864062 0.850521 0.880469 0.850521 0.880469 0.875521 0.864062 0.875521
0 0.81875 0.805729 0.835938 0.805729 0.835938 0.830208 0.81875 0.830208
0 0.791797 0.808854 0.810547 0.808854 0.810547 0.836458 0.791797 0.836458
0 0.805469 0.757292 0.823828 0.757292 0.823828 0.779688 0.805469 0.779688
0 0.770703 0.782292 0.790234 0.782292 0.790234 0.809375 0.770703 0.809375
0 0.748828 0.805729 0.765625 0.805729 0.765625 0.833333 0.748828 0.833333
0 0.770703 0.832812 0.7875 0.832812 0.7875 0.855729 0.770703 0.855729
0 0.780859 0.864583 0.799609 0.864583 0.799609 0.885417 0.780859 0.885417
0 0.832812 0.777604 0.849609 0.777604 0.849609 0.803646 0.832812 0.803646
0 0.894531 0.964583 0.921484 0.964583 0.921484 0.993229 0.894531 0.993229
0 0.902734 0.938542 0.923047 0.938542 0.923047 0.959375 0.902734 0.959375
0 0.911719 0.902083 0.932812 0.902083 0.932812 0.926562 0.911719 0.926562
0 0.881641 0.904688 0.901172 0.904688 0.901172 0.929688 0.881641 0.929688
0 0.840234 0.95625 0.862109 0.95625 0.862109 0.980208 0.840234 0.980208
0 0.800391 0.950521 0.817969 0.950521 0.817969 0.976562 0.800391 0.976562
0 0.742188 0.920312 0.763672 0.920312 0.763672 0.945312 0.742188 0.945312
0 0.747266 0.960417 0.767969 0.960417 0.767969 0.984375 0.747266 0.984375
0 0.701172 0.872917 0.719531 0.872917 0.719531 0.894792 0.701172 0.894792
0 0.716797 0.885417 0.7375 0.885417 0.7375 0.921875 0.716797 0.921875
0 0.720312 0.942188 0.736328 0.942188 0.736328 0.971875 0.720312 0.971875
0 0.66875 0.916667 0.693359 0.916667 0.693359 0.940625 0.66875 0.940625
0 0.671484 0.8875 0.692188 0.8875 0.692188 0.907812 0.671484 0.907812
0 0.684766 0.954688 0.704297 0.954688 0.704297 0.98125 0.684766 0.98125
0 0.652734 0.830729 0.675391 0.830729 0.675391 0.851042 0.652734 0.851042
0 0.652734 0.797917 0.673047 0.797917 0.673047 0.819792 0.652734 0.819792
0 0.642578 0.96875 0.659375 0.96875 0.659375 0.989062 0.642578 0.989062
0 0.701953 0.756771 0.722266 0.756771 0.722266 0.790104 0.701953 0.790104
0 0.719531 0.782292 0.734766 0.782292 0.734766 0.803646 0.719531 0.803646
0 0.680078 0.792188 0.696094 0.792188 0.696094 0.814062 0.680078 0.814062
0 0.653125 0.768229 0.673438 0.768229 0.673438 0.789583 0.653125 0.789583
0 0.651562 0.7125 0.670312 0.7125 0.670312 0.7375 0.651562 0.7375
0 0.691016 0.693229 0.707812 0.693229 0.707812 0.714062 0.691016 0.714062
0 0.957031 0.860417 0.98125 0.860417 0.98125 0.885417 0.957031 0.885417
0 0.908594 0.636979 0.928516 0.636979 0.928516 0.655729 0.908594 0.655729
0 0.449609 0.768229 0.469922 0.768229 0.469922 0.8 0.449609 0.8
0 0.478906 0.759375 0.499609 0.759375 0.499609 0.782292 0.478906 0.782292
0 0.522656 0.757292 0.544531 0.757292 0.544531 0.783333 0.522656 0.783333
0 0.5625 0.764062 0.578516 0.764062 0.578516 0.790104 0.5625 0.790104
0 0.540625 0.790625 0.557812 0.790625 0.557812 0.81875 0.540625 0.81875
0 0.5625 0.794792 0.580859 0.794792 0.580859 0.820312 0.5625 0.820312
0 0.501562 0.797396 0.522266 0.797396 0.522266 0.822917 0.501562 0.822917
0 0.476562 0.79375 0.495703 0.79375 0.495703 0.820312 0.476562 0.820312
0 0.454688 0.81875 0.474609 0.81875 0.474609 0.842708 0.454688 0.842708
0 0.413672 0.802083 0.437109 0.802083 0.437109 0.827083 0.413672 0.827083
0 0.407812 0.845833 0.432422 0.845833 0.432422 0.868229 0.407812 0.868229
0 0.503906 0.847396 0.523047 0.847396 0.523047 0.873438 0.503906 0.873438
0 0.538672 0.885417 0.560938 0.885417 0.560938 0.911458 0.538672 0.911458
0 0.527734 0.928646 0.549219 0.928646 0.549219 0.955729 0.527734 0.955729
0 0.490234 0.925 0.509766 0.925 0.509766 0.952604 0.490234 0.952604
0 0.475391 0.86875 0.494531 0.86875 0.494531 0.900521 0.475391 0.900521
0 0.460938 0.920312 0.482812 0.920312 0.482812 0.952604 0.460938 0.952604
0 0.56875 0.91875 0.586328 0.91875 0.586328 0.941667 0.56875 0.941667
0 0.450781 0.879688 0.467188 0.879688 0.467188 0.904167 0.450781 0.904167
0 0.419531 0.922396 0.440625 0.922396 0.440625 0.948438 0.419531 0.948438
0 0.426953 0.959896 0.448047 0.959896 0.448047 0.984896 0.426953 0.984896
0 0.301172 0.751562 0.317969 0.751562 0.317969 0.783854 0.301172 0.783854
0 0.322266 0.766146 0.339062 0.766146 0.339062 0.793229 0.322266 0.793229
0 0.346875 0.71875 0.365234 0.71875 0.365234 0.747917 0.346875 0.747917
0 0.274219 0.755208 0.290625 0.755208 0.290625 0.781771 0.274219 0.781771
0 0.392969 0.908854 0.409766 0.908854 0.409766 0.934896 0.392969 0.934896
0 0.294922 0.946875 0.315625 0.946875 0.315625 0.971875 0.294922 0.971875
0 0.15 0.945312 0.168359 0.945312 0.168359 0.977083 0.15 0.977083
0 0.135547 0.888542 0.157031 0.888542 0.157031 0.916667 0.135547 0.916667
0 0.106641 0.905208 0.123047 0.905208 0.123047 0.936979 0.106641 0.936979
0 0.090234 0.927604 0.107031 0.927604 0.107031 0.953646 0.090234 0.953646
0 0.120312 0.958333 0.142188 0.958333 0.142188 0.980208 0.120312 0.980208
0 0.260938 0.957812 0.280469 0.957812 0.280469 0.985938 0.260938 0.985938
0 0.234375 0.908854 0.253125 0.908854 0.253125 0.938542 0.234375 0.938542
0 0.214453 0.890625 0.230469 0.890625 0.230469 0.917708 0.214453 0.917708
0 0.1875 0.929167 0.207422 0.929167 0.207422 0.955208 0.1875 0.955208
0 0.1875 0.877083 0.207422 0.877083 0.207422 0.900521 0.1875 0.900521
0 0.272266 0.90625 0.290234 0.90625 0.290234 0.931771 0.272266 0.931771
0 0.160547 0.783333 0.181641 0.783333 0.181641 0.801562 0.160547 0.801562
0 0.21875 0.747917 0.238672 0.747917 0.238672 0.772917 0.21875 0.772917
0 0.160156 0.751562 0.174609 0.751562 0.174609 0.771875 0.160156 0.771875
0 0.040234 0.711458 0.060156 0.711458 0.060156 0.740104 0.040234 0.740104
0 0.031641 0.759375 0.051562 0.759375 0.051562 0.791667 0.031641 0.791667
0 0.011719 0.728646 0.028516 0.728646 0.028516 0.754688 0.011719 0.754688
0 0.059766 0.749479 0.078906 0.749479 0.078906 0.774479 0.059766 0.774479
0 0.051562 0.782292 0.068359 0.782292 0.068359 0.803646 0.051562 0.803646
0 0.078125 0.764583 0.095703 0.764583 0.095703 0.790104 0.078125 0.790104
0 0.321875 0.707812 0.337891 0.707812 0.337891 0.735417 0.321875 0.735417
0 0.226562 0.708854 0.246484 0.708854 0.246484 0.7375 0.226562 0.7375
0 0.264453 0.720833 0.282422 0.720833 0.282422 0.745312 0.264453 0.745312
0 0.249219 0.681771 0.267969 0.681771 0.267969 0.708854 0.249219 0.708854
0 0.274219 0.648438 0.292188 0.648438 0.292188 0.677083 0.274219 0.677083
0 0.300781 0.641667 0.319531 0.641667 0.319531 0.665625 0.300781 0.665625
0 0.252344 0.620833 0.269531 0.620833 0.269531 0.652604 0.252344 0.652604
0 0.224219 0.65 0.245312 0.65 0.245312 0.674479 0.224219 0.674479
0 0.209766 0.611458 0.227734 0.611458 0.227734 0.639062 0.209766 0.639062
0 0.367188 0.615625 0.386719 0.615625 0.386719 0.640104 0.367188 0.640104
0 0.157031 0.646354 0.184375 0.646354 0.184375 0.667708 0.157031 0.667708
0 0.164453 0.680729 0.183984 0.680729 0.183984 0.703125 0.164453 0.703125
0 0.139453 0.672396 0.158594 0.672396 0.158594 0.7 0.139453 0.7
0 0.137891 0.619271 0.154688 0.619271 0.154688 0.643229 0.137891 0.643229
0 0.155859 0.601562 0.176172 0.601562 0.176172 0.626042 0.155859 0.626042
0 0.186719 0.705729 0.208203 0.705729 0.208203 0.725521 0.186719 0.725521
0 0.169922 0.528646 0.186328 0.528646 0.186328 0.55625 0.169922 0.55625
0 0.177734 0.564062 0.205078 0.564062 0.205078 0.586458 0.177734 0.586458
0 0.225781 0.535938 0.249219 0.535938 0.249219 0.558854 0.225781 0.558854
0 0.153516 0.500521 0.173828 0.500521 0.173828 0.521875 0.153516 0.521875
0 0.229688 0.485417 0.246875 0.485417 0.246875 0.514062 0.229688 0.514062
0 0.398828 0.617188 0.416016 0.617188 0.416016 0.64375 0.398828 0.64375
0 0.396094 0.570833 0.418359 0.570833 0.418359 0.6 0.396094 0.6
0 0.334375 0.586979 0.351953 0.586979 0.351953 0.616146 0.334375 0.616146
0 0.289453 0.311458 0.313281 0.311458 0.313281 0.339583 0.289453 0.339583
0 0.323828 0.342708 0.341406 0.342708 0.341406 0.369271 0.323828 0.369271
0 0.288281 0.359375 0.309766 0.359375 0.309766 0.383854 0.288281 0.383854
0 0.335938 0.397917 0.357031 0.397917 0.357031 0.427083 0.335938 0.427083
0 0.360938 0.377604 0.380859 0.377604 0.380859 0.4 0.360938 0.4
0 0.385547 0.432292 0.402344 0.432292 0.402344 0.458333 0.385547 0.458333
0 0.388672 0.485417 0.407031 0.485417 0.407031 0.5125 0.388672 0.5125
0 0.435547 0.543229 0.455859 0.543229 0.455859 0.574479 0.435547 0.574479
0 0.417969 0.515104 0.442188 0.515104 0.442188 0.539583 0.417969 0.539583
0 0.409375 0.489062 0.428125 0.489062 0.428125 0.510417 0.409375 0.510417
0 0.377344 0.544792 0.396094 0.544792 0.396094 0.569792 0.377344 0.569792
0 0.421875 0.635938 0.439453 0.635938 0.439453 0.660938 0.421875 0.660938
0 0.294141 0.467708 0.311719 0.467708 0.311719 0.495312 0.294141 0.495312
0 0.329688 0.453646 0.348828 0.453646 0.348828 0.476042 0.329688 0.476042
0 0.335938 0.482292 0.355078 0.482292 0.355078 0.506771 0.335938 0.506771
0 0.353516 0.547396 0.369141 0.547396 0.369141 0.567188 0.353516 0.567188
0 0.263672 0.477604 0.281641 0.477604 0.281641 0.504687 0.263672 0.504687
0 0.296875 0.409375 0.316406 0.409375 0.316406 0.4375 0.296875 0.4375
0 0.272266 0.434375 0.292188 0.434375 0.292188 0.458854 0.272266 0.458854
0 0.265234 0.391146 0.283984 0.391146 0.283984 0.417708 0.265234 0.417708
0 0.223438 0.377083 0.245703 0.377083 0.245703 0.415104 0.223438 0.415104
0 0.200391 0.461458 0.219141 0.461458 0.219141 0.495312 0.200391 0.495312
0 0.310156 0.488542 0.328125 0.488542 0.328125 0.513542 0.310156 0.513542
0 0.264062 0.576562 0.284375 0.576562 0.284375 0.602083 0.264062 0.602083
0 0.228125 0.573438 0.254688 0.573438 0.254688 0.598958 0.228125 0.598958
0 0.233594 0.334375 0.249609 0.334375 0.249609 0.363542 0.233594 0.363542
0 0.204297 0.348438 0.222266 0.348438 0.222266 0.374479 0.204297 0.374479
0 0.15625 0.422917 0.172266 0.422917 0.172266 0.441667 0.15625 0.441667
0 0.160547 0.454688 0.180469 0.454688 0.180469 0.477083 0.160547 0.477083
0 0.241406 0.257812 0.262891 0.257812 0.262891 0.280729 0.241406 0.280729
0 0.248047 0.209896 0.266016 0.209896 0.266016 0.234896 0.248047 0.234896
0 0.168359 0.269271 0.183203 0.269271 0.183203 0.292708 0.168359 0.292708
0 0.171484 0.21875 0.195312 0.21875 0.195312 0.245312 0.171484 0.245312
0 0.100391 0.442708 0.11875 0.442708 0.11875 0.464583 0.100391 0.464583
0 0.107422 0.475521 0.124219 0.475521 0.124219 0.495833 0.107422 0.495833
0 0.051562 0.390625 0.070703 0.390625 0.070703 0.426042 0.051562 0.426042
0 0.074219 0.453125 0.090625 0.453125 0.090625 0.478125 0.074219 0.478125
0 0.142578 0.576562 0.165625 0.576562 0.165625 0.601562 0.142578 0.601562
0 0.001562 0.784896 0.021484 0.784896 0.021484 0.808333 0.001562 0.808333
0 0.145703 0.238542 0.162109 0.238542 0.162109 0.261458 0.145703 0.261458
0 0.13125 0.265625 0.146875 0.265625 0.146875 0.292188 0.13125 0.292188