0 0.041016 0.050521 0.066406 0.050521 0.066406 0.072917 0.041016 0.072917
0 0.090234 0.054688 0.109375 0.054688 0.109375 0.088021 0.090234 0.088021
0 0.099609 0.021354 0.126953 0.021354 0.126953 0.047917 0.099609 0.047917
0 0.166406 0.016667 0.187109 0.016667 0.187109 0.039583 0.166406 0.039583
0 0.209766 0.035417 0.229297 0.035417 0.229297 0.067188 0.209766 0.067188
0 0.256641 0.071875 0.278516 0.071875 0.278516 0.096875 0.256641 0.096875
0 0.049609 0.079167 0.072656 0.079167 0.072656 0.105729 0.049609 0.105729
0 0.08125 0.109896 0.096484 0.109896 0.096484 0.141667 0.08125 0.141667
0 0.10625 0.097396 0.126172 0.097396 0.126172 0.132292 0.10625 0.132292
0 0.144141 0.076562 0.160547 0.076562 0.160547 0.10625 0.144141 0.10625
0 0.180078 0.121875 0.199219 0.121875 0.199219 0.146875 0.180078 0.146875
0 0.215234 0.098438 0.238672 0.098438 0.238672 0.128125 0.215234 0.128125
0 0.146484 0.122396 0.164453 0.122396 0.164453 0.151042 0.146484 0.151042
0 0.035938 0.128125 0.054688 0.128125 0.054688 0.154688 0.035938 0.154688
0 0.023047 0.191146 0.046875 0.191146 0.046875 0.21875 0.023047 0.21875
0 0.05625 0.186458 0.079297 0.186458 0.079297 0.211458 0.05625 0.211458
0 0.105469 0.151042 0.123047 0.151042 0.123047 0.181771 0.105469 0.181771
0 0.132812 0.155729 0.149609 0.155729 0.149609 0.186458 0.132812 0.186458
0 0.157422 0.160938 0.178125 0.160938 0.178125 0.194792 0.157422 0.194792
0 0.185547 0.152083 0.202344 0.152083 0.202344 0.182812 0.185547 0.182812
0 0.216797 0.142188 0.242969 0.142188 0.242969 0.16875 0.216797 0.16875
0 0.010547 0.247917 0.028906 0.247917 0.028906 0.270833 0.010547 0.270833
0 0.041016 0.244271 0.057422 0.244271 0.057422 0.272917 0.041016 0.272917
0 0.061719 0.222396 0.082812 0.222396 0.082812 0.249479 0.061719 0.249479
0 0.067578 0.264583 0.0875 0.264583 0.0875 0.291667 0.067578 0.291667
0 0.0 0.295312 0.022266 0.295312 0.022266 0.31875 0.0 0.31875
0 0.031641 0.340625 0.053125 0.340625 0.053125 0.366667 0.031641 0.366667
0 0.061719 0.342708 0.0875 0.342708 0.0875 0.369792 0.061719 0.369792
0 0.008984 0.395833 0.024609 0.395833 0.024609 0.428646 0.008984 0.428646
0 0.035547 0.415104 0.061328 0.415104 0.061328 0.436458 0.035547 0.436458
0 0.070703 0.395312 0.094922 0.395312 0.094922 0.419792 0.070703 0.419792
0 0.103906 0.404688 0.121875 0.404688 0.121875 0.432292 0.103906 0.432292
0 0.136328 0.348438 0.158594 0.348438 0.158594 0.391146 0.136328 0.391146
0 0.010938 0.461458 0.033594 0.461458 0.033594 0.486458 0.010938 0.486458
0 0.026562 0.485417 0.044922 0.485417 0.044922 0.517708 0.026562 0.517708
0 0.059375 0.445833 0.080859 0.445833 0.080859 0.470312 0.059375 0.470312
0 0.063281 0.504687 0.082812 0.504687 0.082812 0.538021 0.063281 0.538021
0 0.088672 0.489062 0.105078 0.489062 0.105078 0.522396 0.088672 0.522396
0 0.121875 0.492708 0.139062 0.492708 0.139062 0.529167 0.121875 0.529167
0 0.087109 0.555208 0.108984 0.555208 0.108984 0.585938 0.087109 0.585938
0 0.126172 0.552083 0.141406 0.552083 0.141406 0.586979 0.126172 0.586979
0 0.061328 0.570312 0.079297 0.570312 0.079297 0.597396 0.061328 0.597396
0 0.010156 0.648958 0.028516 0.648958 0.028516 0.678646 0.010156 0.678646
0 0.045703 0.641146 0.063672 0.641146 0.063672 0.673438 0.045703 0.673438
0 0.044922 0.596354 0.059375 0.596354 0.059375 0.629688 0.044922 0.629688
0 0.087109 0.615104 0.102734 0.615104 0.102734 0.654167 0.087109 0.654167
0 0.116016 0.653646 0.133984 0.653646 0.133984 0.6875 0.116016 0.6875
0 0.147656 0.625521 0.166797 0.625521 0.166797 0.655208 0.147656 0.655208
0 0.030469 0.69375 0.050391 0.69375 0.050391 0.719792 0.030469 0.719792
0 0.055859 0.707812 0.073438 0.707812 0.073438 0.740104 0.055859 0.740104
0 0.078125 0.683333 0.101172 0.683333 0.101172 0.709375 0.078125 0.709375
0 0.010156 0.747917 0.030859 0.747917 0.030859 0.771875 0.010156 0.771875
0 0.039062 0.863021 0.057422 0.863021 0.057422 0.898438 0.039062 0.898438
0 0.061328 0.836979 0.084766 0.836979 0.084766 0.865625 0.061328 0.865625
0 0.107422 0.816146 0.125781 0.816146 0.125781 0.846354 0.107422 0.846354
0 0.134375 0.85 0.153516 0.85 0.153516 0.876562 0.134375 0.876562
0 0.178906 0.882292 0.196484 0.882292 0.196484 0.9125 0.178906 0.9125
0 0.185938 0.84375 0.208203 0.84375 0.208203 0.873958 0.185938 0.873958
0 0.217969 0.846875 0.236328 0.846875 0.236328 0.880729 0.217969 0.880729
0 0.080469 0.876042 0.104688 0.876042 0.104688 0.897917 0.080469 0.897917
0 0.054297 0.907292 0.075781 0.907292 0.075781 0.932812 0.054297 0.932812
0 0.026953 0.928646 0.041797 0.928646 0.041797 0.961979 0.026953 0.961979
0 0.058984 0.958854 0.080469 0.958854 0.080469 0.982812 0.058984 0.982812
0 0.132422 0.955729 0.15 0.955729 0.15 0.985417 0.132422 0.985417
0 0.158594 0.963542 0.175 0.963542 0.175 0.996354 0.158594 0.996354
0 0.189453 0.951042 0.205078 0.951042 0.205078 0.986458 0.189453 0.986458
0 0.214062 0.958854 0.235156 0.958854 0.235156 0.991667 0.214062 0.991667
0 0.208203 0.916667 0.233984 0.916667 0.233984 0.942188 0.208203 0.942188
0 0.261328 0.946354 0.28125 0.946354 0.28125 0.978125 0.261328 0.978125
0 0.242188 0.983333 0.266797 0.983333 0.266797 0.999479 0.242188 0.999479
0 0.111328 0.211458 0.125781 0.211458 0.125781 0.246354 0.111328 0.246354
0 0.128906 0.254167 0.144922 0.254167 0.144922 0.285417 0.128906 0.285417
0 0.146875 0.241146 0.161719 0.241146 0.161719 0.273438 0.146875 0.273438
0 0.173828 0.242188 0.189453 0.242188 0.189453 0.275521 0.173828 0.275521
0 0.202344 0.240625 0.220312 0.240625 0.220312 0.269271 0.202344 0.269271
0 0.171484 0.204167 0.192578 0.204167 0.192578 0.23125 0.171484 0.23125
0 0.206641 0.195312 0.231641 0.195312 0.231641 0.222917 0.206641 0.222917
0 0.339453 0.004167 0.360156 0.004167 0.360156 0.038021 0.339453 0.038021
0 0.270703 0.116667 0.291797 0.116667 0.291797 0.144271 0.270703 0.144271
0 0.255859 0.165625 0.273828 0.165625 0.273828 0.195312 0.255859 0.195312
0 0.292578 0.1875 0.311719 0.1875 0.311719 0.211979 0.292578 0.211979
0 0.376953 0.121354 0.400391 0.121354 0.400391 0.155208 0.376953 0.155208
0 0.21875 0.296875 0.240625 0.296875 0.240625 0.325521 0.21875 0.325521
0 0.254297 0.290104 0.270312 0.290104 0.270312 0.317708 0.254297 0.317708
0 0.29375 0.233333 0.311719 0.233333 0.311719 0.264062 0.29375 0.264062
0 0.324609 0.268229 0.340625 0.268229 0.340625 0.286458 0.324609 0.286458
0 0.324219 0.291667 0.342969 0.291667 0.342969 0.314062 0.324219 0.314062
0 0.345312 0.30625 0.366406 0.30625 0.366406 0.338021 0.345312 0.338021
0 0.191406 0.421875 0.210547 0.421875 0.210547 0.453125 0.191406 0.453125
0 0.214453 0.438021 0.239453 0.438021 0.239453 0.461979 0.214453 0.461979
0 0.211719 0.392188 0.236328 0.392188 0.236328 0.410417 0.211719 0.410417
0 0.257812 0.423958 0.276953 0.423958 0.276953 0.449479 0.257812 0.449479
0 0.174219 0.447396 0.194531 0.447396 0.194531 0.478646 0.174219 0.478646
0 0.182422 0.532812 0.201953 0.532812 0.201953 0.564062 0.182422 0.564062
0 0.485156 0.007292 0.506641 0.007292 0.506641 0.035417 0.485156 0.035417
0 0.524609 0.016146 0.543359 0.016146 0.543359 0.044271 0.524609 0.044271
0 0.542969 0.057812 0.563281 0.057812 0.563281 0.091667 0.542969 0.091667
0 0.499219 0.050521 0.522656 0.050521 0.522656 0.074479 0.499219 0.074479
0 0.591406 0.048438 0.609766 0.048438 0.609766 0.080729 0.591406 0.080729
0 0.595703 0.0 0.615234 0.0 0.615234 0.025 0.595703 0.025
0 0.619531 0.025521 0.637891 0.025521 0.637891 0.048958 0.619531 0.048958
0 0.622656 0.055208 0.643359 0.055208 0.643359 0.080208 0.622656 0.080208
0 0.456641 0.076042 0.475391 0.076042 0.475391 0.103646 0.456641 0.103646
0 0.478125 0.09375 0.496875 0.09375 0.496875 0.125521 0.478125 0.125521
0 0.433594 0.124479 0.456641 0.124479 0.456641 0.147396 0.433594 0.147396
0 0.515234 0.118229 0.535156 0.118229 0.535156 0.143229 0.515234 0.143229
0 0.578516 0.10625 0.594141 0.10625 0.594141 0.129688 0.578516 0.129688
0 0.625391 0.093229 0.641016 0.093229 0.641016 0.11875 0.625391 0.11875
0 0.465234 0.177083 0.484375 0.177083 0.484375 0.203125 0.465234 0.203125
0 0.494531 0.169792 0.513672 0.169792 0.513672 0.192188 0.494531 0.192188
0 0.415234 0.19375 0.439453 0.19375 0.439453 0.214062 0.415234 0.214062
0 0.439453 0.220312 0.457422 0.220312 0.457422 0.251042 0.439453 0.251042
0 0.471484 0.220312 0.492969 0.220312 0.492969 0.24375 0.471484 0.24375
0 0.507812 0.215104 0.527734 0.215104 0.527734 0.248958 0.507812 0.248958
0 0.401953 0.239583 0.41875 0.239583 0.41875 0.272917 0.401953 0.272917
0 0.416406 0.271875 0.4375 0.271875 0.4375 0.297396 0.416406 0.297396
0 0.380859 0.284896 0.401953 0.284896 0.401953 0.320833 0.380859 0.320833
0 0.457031 0.258854 0.474609 0.258854 0.474609 0.290104 0.457031 0.290104
0 0.365625 0.335938 0.388281 0.335938 0.388281 0.359896 0.365625 0.359896
0 0.416797 0.314583 0.433984 0.314583 0.433984 0.340104 0.416797 0.340104
0 0.449219 0.311458 0.470312 0.311458 0.470312 0.340625 0.449219 0.340625
0 0.428516 0.35625 0.449219 0.35625 0.449219 0.385938 0.428516 0.385938
0 0.364062 0.363542 0.383203 0.363542 0.383203 0.388021 0.364062 0.388021
0 0.381641 0.3875 0.401953 0.3875 0.401953 0.418229 0.381641 0.418229
0 0.416016 0.411458 0.438281 0.411458 0.438281 0.441146 0.416016 0.441146
0 0.314062 0.448958 0.333984 0.448958 0.333984 0.480208 0.314062 0.480208
0 0.359766 0.465104 0.380469 0.465104 0.380469 0.489062 0.359766 0.489062
0 0.364062 0.496875 0.385547 0.496875 0.385547 0.519792 0.364062 0.519792
0 0.283203 0.517188 0.303125 0.517188 0.303125 0.549479 0.283203 0.549479
0 0.313672 0.506771 0.334375 0.506771 0.334375 0.536979 0.313672 0.536979
0 0.340625 0.50625 0.357422 0.50625 0.357422 0.538542 0.340625 0.538542
0 0.372266 0.525521 0.391016 0.525521 0.391016 0.55 0.372266 0.55
0 0.391797 0.558333 0.412109 0.558333 0.412109 0.588542 0.391797 0.588542
0 0.337891 0.543229 0.354688 0.543229 0.354688 0.580729 0.337891 0.580729
0 0.304688 0.548438 0.325391 0.548438 0.325391 0.575 0.304688 0.575
0 0.272656 0.582812 0.290625 0.582812 0.290625 0.615104 0.272656 0.615104
0 0.309766 0.584375 0.328906 0.584375 0.328906 0.605208 0.309766 0.605208
0 0.321094 0.623438 0.339453 0.623438 0.339453 0.657812 0.321094 0.657812
0 0.244141 0.646354 0.262891 0.646354 0.262891 0.672917 0.244141 0.672917
0 0.291797 0.639583 0.311719 0.639583 0.311719 0.677604 0.291797 0.677604
0 0.324219 0.660417 0.344922 0.660417 0.344922 0.7 0.324219 0.7
0 0.271484 0.701042 0.291797 0.701042 0.291797 0.734375 0.271484 0.734375
0 0.299219 0.709375 0.316406 0.709375 0.316406 0.742188 0.299219 0.742188
0 0.348438 0.589583 0.370312 0.589583 0.370312 0.623958 0.348438 0.623958
0 0.376172 0.610938 0.394141 0.610938 0.394141 0.640104 0.376172 0.640104
0 0.421484 0.625 0.443359 0.625 0.443359 0.651042 0.421484 0.651042
0 0.448047 0.608333 0.466406 0.608333 0.466406 0.636979 0.448047 0.636979
0 0.41875 0.594271 0.437891 0.594271 0.437891 0.617188 0.41875 0.617188
0 0.435156 0.558854 0.458203 0.558854 0.458203 0.590104 0.435156 0.590104
0 0.391797 0.597917 0.414453 0.597917 0.414453 0.639583 0.391797 0.639583
0 0.364453 0.969792 0.379688 0.969792 0.379688 0.998438 0.364453 0.998438
0 0.378516 0.939062 0.401953 0.939062 0.401953 0.971354 0.378516 0.971354
0 0.410156 0.932812 0.430078 0.932812 0.430078 0.968229 0.410156 0.968229
0 0.428125 0.976042 0.446484 0.976042 0.446484 0.999479 0.428125 0.999479
0 0.354297 0.878125 0.377734 0.878125 0.377734 0.904167 0.354297 0.904167
0 0.412109 0.874479 0.4375 0.874479 0.4375 0.899479 0.412109 0.899479
0 0.433984 0.906771 0.459375 0.906771 0.459375 0.930729 0.433984 0.930729
0 0.467578 0.88125 0.4875 0.88125 0.4875 0.9125 0.467578 0.9125
0 0.455859 0.844792 0.480078 0.844792 0.480078 0.870312 0.455859 0.870312
0 0.494531 0.84375 0.513672 0.84375 0.513672 0.873958 0.494531 0.873958
0 0.387109 0.79375 0.415625 0.79375 0.415625 0.811979 0.387109 0.811979
0 0.429297 0.777083 0.453516 0.777083 0.453516 0.802083 0.429297 0.802083
0 0.446875 0.8125 0.471484 0.8125 0.471484 0.834896 0.446875 0.834896
0 0.413281 0.747917 0.436328 0.747917 0.436328 0.771875 0.413281 0.771875
0 0.441797 0.721354 0.461328 0.721354 0.461328 0.752083 0.441797 0.752083
0 0.751953 0.0375 0.771484 0.0375 0.771484 0.072917 0.751953 0.072917
0 0.769141 0.067708 0.792969 0.067708 0.792969 0.085938 0.769141 0.085938
0 0.785938 0.080729 0.808594 0.080729 0.808594 0.105729 0.785938 0.105729
0 0.822266 0.103125 0.847656 0.103125 0.847656 0.128125 0.822266 0.128125
0 0.827344 0.132812 0.847266 0.132812 0.847266 0.154167 0.827344 0.154167
0 0.720703 0.116146 0.739453 0.116146 0.739453 0.151042 0.720703 0.151042
0 0.698828 0.033854 0.719531 0.033854 0.719531 0.0625 0.698828 0.0625
0 0.766016 0.0 0.789062 0.0 0.789062 0.013542 0.766016 0.013542
0 0.610938 0.126562 0.629688 0.126562 0.629688 0.15625 0.610938 0.15625
0 0.649609 0.148958 0.672656 0.148958 0.672656 0.175521 0.649609 0.175521
0 0.671875 0.168229 0.695703 0.168229 0.695703 0.191667 0.671875 0.191667
0 0.685156 0.1 0.704297 0.1 0.704297 0.129688 0.685156 0.129688
0 0.623438 0.176562 0.644531 0.176562 0.644531 0.203646 0.623438 0.203646
0 0.660547 0.204688 0.684375 0.204688 0.684375 0.229688 0.660547 0.229688
0 0.608984 0.223958 0.628125 0.223958 0.628125 0.257812 0.608984 0.257812
0 0.655078 0.254688 0.675391 0.254688 0.675391 0.277083 0.655078 0.277083
0 0.642969 0.281771 0.658203 0.281771 0.658203 0.313021 0.642969 0.313021
0 0.610938 0.278646 0.632422 0.278646 0.632422 0.310417 0.610938 0.310417
0 0.750391 0.170312 0.771094 0.170312 0.771094 0.191667 0.750391 0.191667
0 0.774219 0.143229 0.808203 0.143229 0.808203 0.165625 0.774219 0.165625
0 0.566016 0.290625 0.584766 0.290625 0.584766 0.324479 0.566016 0.324479
0 0.587109 0.302604 0.603516 0.302604 0.603516 0.323958 0.587109 0.323958
0 0.603906 0.331771 0.626562 0.331771 0.626562 0.359375 0.603906 0.359375
0 0.467578 0.347396 0.484375 0.347396 0.484375 0.377604 0.467578 0.377604
0 0.495312 0.377604 0.517578 0.377604 0.517578 0.404167 0.495312 0.404167
0 0.524609 0.355208 0.543359 0.355208 0.543359 0.384896 0.524609 0.384896
0 0.528125 0.404167 0.545703 0.404167 0.545703 0.434375 0.528125 0.434375
0 0.497656 0.425 0.516016 0.425 0.516016 0.45625 0.497656 0.45625
0 0.444922 0.397917 0.462891 0.397917 0.462891 0.428125 0.444922 0.428125
0 0.449219 0.441667 0.466797 0.441667 0.466797 0.470312 0.449219 0.470312
0 0.425 0.470312 0.443359 0.470312 0.443359 0.495312 0.425 0.495312
0 0.45 0.483333 0.472656 0.483333 0.472656 0.506771 0.45 0.506771
0 0.485156 0.480208 0.503906 0.480208 0.503906 0.503646 0.485156 0.503646
0 0.503125 0.506771 0.521484 0.506771 0.521484 0.5375 0.503125 0.5375
0 0.532422 0.506771 0.551953 0.506771 0.551953 0.535417 0.532422 0.535417
0 0.447656 0.522917 0.473438 0.522917 0.473438 0.552604 0.447656 0.552604
0 0.497266 0.946875 0.513281 0.946875 0.513281 0.979688 0.497266 0.979688
0 0.544531 0.944271 0.560156 0.944271 0.560156 0.977083 0.544531 0.977083
0 0.573828 0.953646 0.594922 0.953646 0.594922 0.983333 0.573828 0.983333
0 0.614844 0.942708 0.633984 0.942708 0.633984 0.969792 0.614844 0.969792
0 0.5875 0.914062 0.608203 0.914062 0.608203 0.940104 0.5875 0.940104
0 0.566406 0.873958 0.587109 0.873958 0.587109 0.909896 0.566406 0.909896
0 0.528125 0.871354 0.551953 0.871354 0.551953 0.902083 0.528125 0.902083
0 0.512109 0.807292 0.531641 0.807292 0.531641 0.833333 0.512109 0.833333
0 0.540234 0.825521 0.558984 0.825521 0.558984 0.851562 0.540234 0.851562
0 0.566016 0.788542 0.589844 0.788542 0.589844 0.820833 0.566016 0.820833
0 0.485547 0.698958 0.505469 0.698958 0.505469 0.734896 0.485547 0.734896
0 0.5 0.738542 0.520312 0.738542 0.520312 0.770833 0.5 0.770833
0 0.525781 0.755729 0.54375 0.755729 0.54375 0.785938 0.525781 0.785938
0 0.562109 0.754167 0.58125 0.754167 0.58125 0.778125 0.562109 0.778125
0 0.6 0.756771 0.618359 0.756771 0.618359 0.789062 0.6 0.789062
0 0.628125 0.747396 0.644531 0.747396 0.644531 0.780729 0.628125 0.780729
0 0.652344 0.922396 0.667969 0.922396 0.667969 0.948958 0.652344 0.948958
0 0.6375 0.883854 0.650781 0.883854 0.650781 0.914583 0.6375 0.914583
0 0.661328 0.882812 0.679297 0.882812 0.679297 0.917188 0.661328 0.917188
0 0.602344 0.819792 0.623047 0.819792 0.623047 0.851562 0.602344 0.851562
0 0.710156 0.838021 0.726172 0.838021 0.726172 0.869271 0.710156 0.869271
0 0.728906 0.822917 0.746094 0.822917 0.746094 0.852604 0.728906 0.852604
0 0.745703 0.983333 0.768359 0.983333 0.768359 0.999479 0.745703 0.999479
0 0.796094 0.955729 0.820312 0.955729 0.820312 0.980208 0.796094 0.980208
0 0.846484 0.974479 0.869922 0.974479 0.869922 0.996354 0.846484 0.996354
0 0.860547 0.933854 0.881641 0.933854 0.881641 0.959896 0.860547 0.959896
0 0.816797 0.904688 0.846094 0.904688 0.846094 0.928125 0.816797 0.928125
0 0.840625 0.866667 0.861328 0.866667 0.861328 0.889062 0.840625 0.889062
0 0.887109 0.903646 0.910156 0.903646 0.910156 0.929167 0.887109 0.929167
0 0.941797 0.896354 0.960156 0.896354 0.960156 0.922396 0.941797 0.922396
0 0.871875 0.854688 0.892969 0.854688 0.892969 0.884896 0.871875 0.884896
0 0.839062 0.826042 0.861328 0.826042 0.861328 0.851562 0.839062 0.851562
0 0.823438 0.796875 0.838281 0.796875 0.838281 0.825 0.823438 0.825
0 0.873828 0.800521 0.892188 0.800521 0.892188 0.83125 0.873828 0.83125
0 0.941797 0.841146 0.963672 0.841146 0.963672 0.875 0.941797 0.875
0 0.971875 0.832812 0.989062 0.832812 0.989062 0.865625 0.971875 0.865625
0 0.784766 0.870833 0.805859 0.870833 0.805859 0.896875 0.784766 0.896875
0 0.763672 0.905208 0.786719 0.905208 0.786719 0.927083 0.763672 0.927083
0 0.576562 0.558333 0.597656 0.558333 0.597656 0.588542 0.576562 0.588542
0 0.603125 0.557292 0.621094 0.557292 0.621094 0.586458 0.603125 0.586458
0 0.589844 0.608854 0.610156 0.608854 0.610156 0.641146 0.589844 0.641146
0 0.640625 0.595833 0.657031 0.595833 0.657031 0.629167 0.640625 0.629167
0 0.659375 0.6 0.678516 0.6 0.678516 0.633333 0.659375 0.633333
0 0.551953 0.634375 0.572266 0.634375 0.572266 0.659375 0.551953 0.659375
0 0.51875 0.658854 0.535547 0.658854 0.535547 0.6875 0.51875 0.6875
0 0.537891 0.678125 0.560156 0.678125 0.560156 0.706771 0.537891 0.706771
0 0.567188 0.701562 0.585547 0.701562 0.585547 0.735938 0.567188 0.735938
0 0.607031 0.651562 0.629688 0.651562 0.629688 0.679688 0.607031 0.679688
0 0.647266 0.68125 0.664844 0.68125 0.664844 0.714062 0.647266 0.714062
0 0.663672 0.733854 0.683984 0.733854 0.683984 0.769792 0.663672 0.769792
0 0.972266 0.0 0.99375 0.0 0.99375 0.018229 0.972266 0.018229
0 0.944531 0.108333 0.964453 0.108333 0.964453 0.132812 0.944531 0.132812
0 0.959375 0.158333 0.978516 0.158333 0.978516 0.195312 0.959375 0.195312
0 0.983594 0.158854 0.999609 0.158854 0.999609 0.192708 0.983594 0.192708
0 0.927734 0.169792 0.944531 0.169792 0.944531 0.204688 0.927734 0.204688
0 0.723047 0.213021 0.742578 0.213021 0.742578 0.238021 0.723047 0.238021
0 0.771094 0.219271 0.792188 0.219271 0.792188 0.246875 0.771094 0.246875
0 0.794141 0.198438 0.815625 0.198438 0.815625 0.226042 0.794141 0.226042
0 0.731641 0.252083 0.753125 0.252083 0.753125 0.282292 0.731641 0.282292
0 0.762891 0.26875 0.783984 0.26875 0.783984 0.296354 0.762891 0.296354
0 0.726562 0.292188 0.745312 0.292188 0.745312 0.317708 0.726562 0.317708
0 0.677734 0.308854 0.699219 0.308854 0.699219 0.335938 0.677734 0.335938
0 0.627344 0.354688 0.644922 0.354688 0.644922 0.383854 0.627344 0.383854
0 0.604297 0.406771 0.626562 0.406771 0.626562 0.433854 0.604297 0.433854
0 0.644922 0.381771 0.663281 0.381771 0.663281 0.415104 0.644922 0.415104
0 0.669531 0.378646 0.687109 0.378646 0.687109 0.413021 0.669531 0.413021
0 0.691016 0.403125 0.708203 0.403125 0.708203 0.431771 0.691016 0.431771
0 0.710547 0.347917 0.732812 0.347917 0.732812 0.376562 0.710547 0.376562
0 0.908984 0.215104 0.927344 0.215104 0.927344 0.244271 0.908984 0.244271
0 0.933594 0.234375 0.953125 0.234375 0.953125 0.260938 0.933594 0.260938
0 0.968359 0.217188 0.991797 0.217188 0.991797 0.252083 0.968359 0.252083
0 0.990234 0.255208 0.999609 0.255208 0.999609 0.288542 0.990234 0.288542
0 0.952734 0.269271 0.974609 0.269271 0.974609 0.301042 0.952734 0.301042
0 0.854688 0.305729 0.873828 0.305729 0.873828 0.333854 0.854688 0.333854
0 0.858984 0.348438 0.881641 0.348438 0.881641 0.373438 0.858984 0.373438
0 0.933984 0.339583 0.950391 0.339583 0.950391 0.369792 0.933984 0.369792
0 0.960547 0.335938 0.981641 0.335938 0.981641 0.370833 0.960547 0.370833
0 0.782422 0.397917 0.801953 0.397917 0.801953 0.427083 0.782422 0.427083
0 0.814844 0.400521 0.834375 0.400521 0.834375 0.433854 0.814844 0.433854
0 0.859375 0.40625 0.878516 0.40625 0.878516 0.438542 0.859375 0.438542
0 0.882031 0.388021 0.908594 0.388021 0.908594 0.4125 0.882031 0.4125
0 0.891406 0.433854 0.908594 0.433854 0.908594 0.467708 0.891406 0.467708
0 0.917188 0.464062 0.935938 0.464062 0.935938 0.495312 0.917188 0.495312
0 0.935938 0.41875 0.953516 0.41875 0.953516 0.451042 0.935938 0.451042
0 0.768359 0.44375 0.7875 0.44375 0.7875 0.479167 0.768359 0.479167
0 0.795703 0.459896 0.812109 0.459896 0.812109 0.489062 0.795703 0.489062
0 0.755859 0.503125 0.772656 0.503125 0.772656 0.531771 0.755859 0.531771
0 0.780859 0.509375 0.805859 0.509375 0.805859 0.535938 0.780859 0.535938
0 0.839453 0.485938 0.856641 0.485938 0.856641 0.519792 0.839453 0.519792
0 0.871875 0.482812 0.891016 0.482812 0.891016 0.504687 0.871875 0.504687
0 0.892188 0.505208 0.915625 0.505208 0.915625 0.533333 0.892188 0.533333
0 0.798438 0.552604 0.819141 0.552604 0.819141 0.584375 0.798438 0.584375
0 0.825 0.5375 0.84375 0.5375 0.84375 0.572917 0.825 0.572917
0 0.858594 0.536979 0.875 0.536979 0.875 0.566146 0.858594 0.566146
0 0.876172 0.570312 0.897266 0.570312 0.897266 0.591667 0.876172 0.591667
0 0.830859 0.589062 0.851562 0.589062 0.851562 0.61875 0.830859 0.61875
0 0.772266 0.605729 0.794141 0.605729 0.794141 0.626042 0.772266 0.626042
0 0.761719 0.6375 0.778516 0.6375 0.778516 0.666146 0.761719 0.666146
0 0.814062 0.652083 0.830469 0.652083 0.830469 0.683333 0.814062 0.683333
0 0.829688 0.675521 0.846484 0.675521 0.846484 0.704167 0.829688 0.704167
0 0.852344 0.709375 0.873438 0.709375 0.873438 0.730208 0.852344 0.730208
0 0.858594 0.672917 0.875781 0.672917 0.875781 0.697396 0.858594 0.697396
0 0.885156 0.646354 0.90625 0.646354 0.90625 0.66875 0.885156 0.66875
0 0.870703 0.622917 0.889453 0.622917 0.889453 0.646875 0.870703 0.646875
0 0.919922 0.514583 0.933594 0.514583 0.933594 0.538542 0.919922 0.538542
0 0.947266 0.539583 0.962109 0.539583 0.962109 0.563542 0.947266 0.563542
0 0.958594 0.567708 0.975781 0.567708 0.975781 0.590104 0.958594 0.590104
0 0.929297 0.590625 0.946875 0.590625 0.946875 0.620833 0.929297 0.620833
0 0.903906 0.602604 0.920312 0.602604 0.920312 0.634375 0.903906 0.634375
0 0.905078 0.672917 0.923828 0.672917 0.923828 0.696875 0.905078 0.696875
0 0.942578 0.688542 0.9625 0.688542 0.9625 0.726042 0.942578 0.726042
0 0.969531 0.715625 0.988672 0.715625 0.988672 0.740104 0.969531 0.740104
0 0.915234 0.716667 0.934766 0.716667 0.934766 0.746875 0.915234 0.746875
0 0.978125 0.66875 0.998438 0.66875 0.998438 0.697396 0.978125 0.697396
0 0.94375 0.635938 0.964062 0.635938 0.964062 0.655729 0.94375 0.655729
0 0.984766 0.591146 0.999609 0.591146 0.999609 0.622396 0.984766 0.622396