0 0.023828 0.026562 0.04375 0.026562 0.04375 0.046354 0.023828 0.046354
0 0.056641 0.057812 0.08125 0.057812 0.08125 0.080729 0.056641 0.080729
0 0.091797 0.070312 0.114844 0.070312 0.114844 0.093229 0.091797 0.093229
0 0.134766 0.085417 0.159766 0.085417 0.159766 0.107812 0.134766 0.107812
0 0.123438 0.041667 0.14375 0.041667 0.14375 0.065104 0.123438 0.065104
0 0.15625 0.040625 0.177734 0.040625 0.177734 0.061458 0.15625 0.061458
0 0.175781 0.060938 0.190625 0.060938 0.190625 0.079167 0.175781 0.079167
0 0.072656 0.021875 0.0875 0.021875 0.0875 0.051042 0.072656 0.051042
0 0.1 0.0 0.120703 0.0 0.120703 0.018229 0.1 0.018229
0 0.190625 0.0 0.217188 0.0 0.217188 0.010938 0.190625 0.010938
0 0.0 0.022396 0.014062 0.022396 0.014062 0.046354 0.0 0.046354
0 0.037891 0.085938 0.051562 0.085938 0.051562 0.105729 0.037891 0.105729
0 0.065234 0.104167 0.085547 0.104167 0.085547 0.120312 0.065234 0.120312
0 0.070703 0.129688 0.088281 0.129688 0.088281 0.151042 0.070703 0.151042
0 0.117969 0.147396 0.136719 0.147396 0.136719 0.179688 0.117969 0.179688
0 0.144531 0.135938 0.161719 0.135938 0.161719 0.160417 0.144531 0.160417
0 0.0 0.119792 0.014844 0.119792 0.014844 0.138542 0.0 0.138542
0 0.005859 0.067188 0.025391 0.067188 0.025391 0.091667 0.005859 0.091667
0 0.0 0.163021 0.016406 0.163021 0.016406 0.190104 0.0 0.190104
0 0.035156 0.139583 0.053125 0.139583 0.053125 0.171354 0.035156 0.171354
0 0.060156 0.169792 0.078125 0.169792 0.078125 0.186458 0.060156 0.186458
0 0.088672 0.176562 0.100781 0.176562 0.100781 0.200521 0.088672 0.200521
0 0.019141 0.1875 0.040625 0.1875 0.040625 0.214062 0.019141 0.214062
0 0.058594 0.210938 0.082031 0.210938 0.082031 0.232292 0.058594 0.232292
0 0.222656 0.026562 0.240625 0.026562 0.240625 0.054167 0.222656 0.054167
0 0.251172 0.056771 0.265625 0.056771 0.265625 0.080729 0.251172 0.080729
0 0.266016 0.026042 0.282031 0.026042 0.282031 0.047396 0.266016 0.047396
0 0.290234 0.0375 0.311328 0.0375 0.311328 0.067188 0.290234 0.067188
0 0.323047 0.067188 0.343359 0.067188 0.343359 0.0875 0.323047 0.0875
0 0.299219 0.091146 0.314844 0.091146 0.314844 0.108333 0.299219 0.108333
0 0.317188 0.105208 0.333203 0.105208 0.333203 0.126562 0.317188 0.126562
0 0.289844 0.110417 0.304688 0.110417 0.304688 0.130208 0.289844 0.130208
0 0.320703 0.021354 0.339062 0.021354 0.339062 0.042188 0.320703 0.042188
0 0.355469 0.034375 0.374219 0.034375 0.374219 0.059896 0.355469 0.059896
0 0.397656 0.016146 0.411328 0.016146 0.411328 0.036979 0.397656 0.036979
0 0.387891 0.05 0.405859 0.05 0.405859 0.070833 0.387891 0.070833
0 0.369531 0.021354 0.383203 0.021354 0.383203 0.038021 0.369531 0.038021
0 0.375391 0.088021 0.394141 0.088021 0.394141 0.111979 0.375391 0.111979
0 0.392578 0.122917 0.414453 0.122917 0.414453 0.145833 0.392578 0.145833
0 0.43125 0.108854 0.45 0.108854 0.45 0.133333 0.43125 0.133333
0 0.029688 0.265104 0.048828 0.265104 0.048828 0.286458 0.029688 0.286458
0 0.068359 0.295312 0.086719 0.295312 0.086719 0.320312 0.068359 0.320312
0 0.094531 0.280208 0.1125 0.280208 0.1125 0.308333 0.094531 0.308333
0 0.124609 0.295312 0.139062 0.295312 0.139062 0.325521 0.124609 0.325521
0 0.146094 0.261458 0.1625 0.261458 0.1625 0.290625 0.146094 0.290625
0 0.154688 0.303125 0.171484 0.303125 0.171484 0.332812 0.154688 0.332812
0 0.164844 0.335938 0.183594 0.335938 0.183594 0.359375 0.164844 0.359375
0 0.188672 0.291146 0.203125 0.291146 0.203125 0.321875 0.188672 0.321875
0 0.208594 0.291146 0.224219 0.291146 0.224219 0.318229 0.208594 0.318229
0 0.203125 0.332292 0.229688 0.332292 0.229688 0.358333 0.203125 0.358333
0 0.205469 0.231771 0.226172 0.231771 0.226172 0.257292 0.205469 0.257292
0 0.213672 0.198438 0.232422 0.198438 0.232422 0.222396 0.213672 0.222396
0 0.244922 0.222917 0.262109 0.222917 0.262109 0.24375 0.244922 0.24375
0 0.240234 0.271354 0.257031 0.271354 0.257031 0.293229 0.240234 0.293229
0 0.241406 0.320833 0.258203 0.320833 0.258203 0.342188 0.241406 0.342188
0 0.002344 0.325521 0.021094 0.325521 0.021094 0.345312 0.002344 0.345312
0 0.051172 0.320312 0.067578 0.320312 0.067578 0.348958 0.051172 0.348958
0 0.071094 0.379167 0.086328 0.379167 0.086328 0.405208 0.071094 0.405208
0 0.144141 0.372396 0.165234 0.372396 0.165234 0.396875 0.144141 0.396875
0 0.179297 0.386458 0.198828 0.386458 0.198828 0.407292 0.179297 0.407292
0 0.126562 0.342708 0.138281 0.342708 0.138281 0.366667 0.126562 0.366667
0 0.000391 0.356771 0.024609 0.356771 0.024609 0.38125 0.000391 0.38125
0 0.296094 0.142188 0.321875 0.142188 0.321875 0.164583 0.296094 0.164583
0 0.338281 0.164062 0.357031 0.164062 0.357031 0.185938 0.338281 0.185938
0 0.368359 0.165104 0.393359 0.165104 0.393359 0.192708 0.368359 0.192708
0 0.354688 0.130729 0.371484 0.130729 0.371484 0.153646 0.354688 0.153646
0 0.286328 0.218229 0.300781 0.218229 0.300781 0.247917 0.286328 0.247917
0 0.333984 0.208854 0.351562 0.208854 0.351562 0.230208 0.333984 0.230208
0 0.333203 0.238021 0.354297 0.238021 0.354297 0.265104 0.333203 0.265104
0 0.366797 0.247396 0.384766 0.247396 0.384766 0.272917 0.366797 0.272917
0 0.391797 0.257292 0.409375 0.257292 0.409375 0.2875 0.391797 0.2875
0 0.402344 0.226042 0.424609 0.226042 0.424609 0.246354 0.402344 0.246354
0 0.299219 0.260417 0.319531 0.260417 0.319531 0.283854 0.299219 0.283854
0 0.310547 0.301562 0.326172 0.301562 0.326172 0.328646 0.310547 0.328646
0 0.262109 0.290625 0.278125 0.290625 0.278125 0.31875 0.262109 0.31875
0 0.2875 0.321354 0.305859 0.321354 0.305859 0.343229 0.2875 0.343229
0 0.329688 0.325521 0.346094 0.325521 0.346094 0.352604 0.329688 0.352604
0 0.348828 0.269792 0.360547 0.269792 0.360547 0.296354 0.348828 0.296354
0 0.371094 0.293229 0.392969 0.293229 0.392969 0.315104 0.371094 0.315104
0 0.39375 0.311458 0.410938 0.311458 0.410938 0.340625 0.39375 0.340625
0 0.526172 0.0 0.544531 0.0 0.544531 0.01875 0.526172 0.01875
0 0.500781 0.010938 0.519922 0.010938 0.519922 0.044271 0.500781 0.044271
0 0.517188 0.041667 0.539844 0.041667 0.539844 0.063021 0.517188 0.063021
0 0.581641 0.0 0.604297 0.0 0.604297 0.020833 0.581641 0.020833
0 0.581641 0.151562 0.603125 0.151562 0.603125 0.182292 0.581641 0.182292
0 0.578906 0.202604 0.601172 0.202604 0.601172 0.228646 0.578906 0.228646
0 0.547266 0.170312 0.566406 0.170312 0.566406 0.200521 0.547266 0.200521
0 0.529688 0.2 0.551953 0.2 0.551953 0.228646 0.529688 0.228646
0 0.656641 0.054167 0.674609 0.054167 0.674609 0.075 0.656641 0.075
0 0.636719 0.082812 0.650781 0.082812 0.650781 0.104167 0.636719 0.104167
0 0.648438 0.119271 0.669141 0.119271 0.669141 0.138021 0.648438 0.138021
0 0.609766 0.107292 0.623828 0.107292 0.623828 0.136979 0.609766 0.136979
0 0.693359 0.068229 0.710156 0.068229 0.710156 0.099479 0.693359 0.099479
0 0.717969 0.077083 0.73125 0.077083 0.73125 0.102083 0.717969 0.102083
0 0.689844 0.110417 0.704688 0.110417 0.704688 0.134375 0.689844 0.134375
0 0.639844 0.155729 0.664062 0.155729 0.664062 0.180208 0.639844 0.180208
0 0.651562 0.188021 0.668359 0.188021 0.668359 0.208854 0.651562 0.208854
0 0.671875 0.200521 0.691016 0.200521 0.691016 0.228125 0.671875 0.228125
0 0.696875 0.210938 0.718359 0.210938 0.718359 0.236458 0.696875 0.236458
0 0.624609 0.203125 0.645312 0.203125 0.645312 0.226042 0.624609 0.226042
0 0.693359 0.151042 0.715625 0.151042 0.715625 0.172396 0.693359 0.172396
0 0.71875 0.167188 0.736328 0.167188 0.736328 0.188542 0.71875 0.188542
0 0.726953 0.189583 0.742188 0.189583 0.742188 0.216146 0.726953 0.216146
0 0.783594 0.022396 0.809766 0.022396 0.809766 0.047396 0.783594 0.047396
0 0.791016 0.0 0.814453 0.0 0.814453 0.017188 0.791016 0.017188
0 0.848047 0.016667 0.870703 0.016667 0.870703 0.041146 0.848047 0.041146
0 0.874219 0.033333 0.895703 0.033333 0.895703 0.057812 0.874219 0.057812
0 0.90625 0.022917 0.928516 0.022917 0.928516 0.046875 0.90625 0.046875
0 0.84375 0.048438 0.86875 0.048438 0.86875 0.078125 0.84375 0.078125
0 0.899219 0.066146 0.919141 0.066146 0.919141 0.094271 0.899219 0.094271
0 0.932031 0.075521 0.950781 0.075521 0.950781 0.110417 0.932031 0.110417
0 0.945312 0.01875 0.963281 0.01875 0.963281 0.040625 0.945312 0.040625
0 0.960938 0.070833 0.981641 0.070833 0.981641 0.092188 0.960938 0.092188
0 0.966797 0.0 0.982422 0.0 0.982422 0.017188 0.966797 0.017188
0 0.819922 0.093229 0.838281 0.093229 0.838281 0.113021 0.819922 0.113021
0 0.825391 0.133854 0.845703 0.133854 0.845703 0.153125 0.825391 0.153125
0 0.877344 0.104688 0.898047 0.104688 0.898047 0.123958 0.877344 0.123958
0 0.883203 0.148438 0.907422 0.148438 0.907422 0.169271 0.883203 0.169271
0 0.951953 0.113542 0.976172 0.113542 0.976172 0.134896 0.951953 0.134896
0 0.932422 0.144271 0.953906 0.144271 0.953906 0.167708 0.932422 0.167708
0 0.984375 0.128125 0.999609 0.128125 0.999609 0.154167 0.984375 0.154167
0 0.974219 0.160938 0.997266 0.160938 0.997266 0.184375 0.974219 0.184375
0 0.936719 0.190625 0.962109 0.190625 0.962109 0.217188 0.936719 0.217188
0 0.961328 0.235938 0.986328 0.235938 0.986328 0.258854 0.961328 0.258854
0 0.923438 0.236979 0.941797 0.236979 0.941797 0.2625 0.923438 0.2625
0 0.872266 0.222917 0.894922 0.222917 0.894922 0.248438 0.872266 0.248438
0 0.882812 0.199479 0.905078 0.199479 0.905078 0.219792 0.882812 0.219792
0 0.798438 0.194792 0.818359 0.194792 0.818359 0.222396 0.798438 0.222396
0 0.803125 0.255208 0.819922 0.255208 0.819922 0.286458 0.803125 0.286458
0 0.852344 0.24375 0.873438 0.24375 0.873438 0.266667 0.852344 0.266667
0 0.824609 0.298438 0.84375 0.298438 0.84375 0.319271 0.824609 0.319271
0 0.85 0.286979 0.869922 0.286979 0.869922 0.311458 0.85 0.311458
0 0.896094 0.2875 0.920703 0.2875 0.920703 0.311979 0.896094 0.311979
0 0.905859 0.323438 0.932422 0.323438 0.932422 0.35 0.905859 0.35
0 0.953125 0.290104 0.975391 0.290104 0.975391 0.320312 0.953125 0.320312
0 0.879688 0.326562 0.895312 0.326562 0.895312 0.352083 0.879688 0.352083
0 0.89375 0.354167 0.917578 0.354167 0.917578 0.375 0.89375 0.375
0 0.941016 0.336979 0.959375 0.336979 0.959375 0.364062 0.941016 0.364062
0 0.972266 0.363021 0.994531 0.363021 0.994531 0.386458 0.972266 0.386458
0 0.611328 0.242708 0.630469 0.242708 0.630469 0.263542 0.611328 0.263542
0 0.655078 0.244271 0.676172 0.244271 0.676172 0.267708 0.655078 0.267708
0 0.711719 0.255729 0.723438 0.255729 0.723438 0.279167 0.711719 0.279167
0 0.619141 0.274479 0.642578 0.274479 0.642578 0.291667 0.619141 0.291667
0 0.65 0.283854 0.664844 0.283854 0.664844 0.313542 0.65 0.313542
0 0.683984 0.298958 0.703906 0.298958 0.703906 0.322917 0.683984 0.322917
0 0.721484 0.289062 0.741406 0.289062 0.741406 0.310938 0.721484 0.310938
0 0.597656 0.30625 0.615625 0.30625 0.615625 0.332292 0.597656 0.332292
0 0.615234 0.326562 0.635156 0.326562 0.635156 0.350521 0.615234 0.350521
0 0.647266 0.316146 0.666797 0.316146 0.666797 0.341146 0.647266 0.341146
0 0.669531 0.351042 0.684375 0.351042 0.684375 0.376042 0.669531 0.376042
0 0.700781 0.332292 0.717578 0.332292 0.717578 0.361979 0.700781 0.361979
0 0.732812 0.345312 0.747656 0.345312 0.747656 0.374479 0.732812 0.374479
0 0.688281 0.357812 0.705078 0.357812 0.705078 0.378646 0.688281 0.378646
0 0.835156 0.370833 0.85625 0.370833 0.85625 0.393229 0.835156 0.393229
0 0.864844 0.376562 0.878516 0.376562 0.878516 0.403646 0.864844 0.403646
0 0.881641 0.394792 0.898047 0.394792 0.898047 0.421354 0.881641 0.421354
0 0.967578 0.455729 0.985156 0.455729 0.985156 0.483333 0.967578 0.483333
0 0.952344 0.446875 0.964844 0.446875 0.964844 0.471875 0.952344 0.471875
0 0.986719 0.46875 0.999609 0.46875 0.999609 0.490625 0.986719 0.490625
0 0.986719 0.434896 0.999609 0.434896 0.999609 0.461458 0.986719 0.461458
0 0.925391 0.454167 0.944531 0.454167 0.944531 0.479688 0.925391 0.479688
0 0.890234 0.453125 0.910938 0.453125 0.910938 0.470312 0.890234 0.470312
0 0.891016 0.485417 0.913672 0.485417 0.913672 0.505208 0.891016 0.505208
0 0.935156 0.494792 0.958203 0.494792 0.958203 0.513021 0.935156 0.513021
0 0.945312 0.518229 0.966016 0.518229 0.966016 0.541667 0.945312 0.541667
0 0.901953 0.535417 0.923047 0.535417 0.923047 0.554167 0.901953 0.554167
0 0.069922 0.413542 0.092188 0.413542 0.092188 0.435938 0.069922 0.435938
0 0.058594 0.453125 0.073438 0.453125 0.073438 0.479688 0.058594 0.479688
0 0.097266 0.457812 0.114844 0.457812 0.114844 0.484896 0.097266 0.484896
0 0.005078 0.403125 0.023828 0.403125 0.023828 0.423958 0.005078 0.423958
0 0.267969 0.333333 0.283984 0.333333 0.283984 0.355729 0.267969 0.355729
0 0.283203 0.361458 0.307812 0.361458 0.307812 0.382292 0.283203 0.382292
0 0.323828 0.35625 0.339453 0.35625 0.339453 0.379167 0.323828 0.379167
0 0.344141 0.379167 0.367188 0.379167 0.367188 0.399479 0.344141 0.399479
0 0.364062 0.326042 0.380469 0.326042 0.380469 0.355208 0.364062 0.355208
0 0.435547 0.321354 0.452344 0.321354 0.452344 0.350521 0.435547 0.350521
0 0.403125 0.35625 0.423047 0.35625 0.423047 0.376562 0.403125 0.376562
0 0.530469 0.324479 0.548438 0.324479 0.548438 0.349479 0.530469 0.349479
0 0.549219 0.347396 0.564844 0.347396 0.564844 0.375 0.549219 0.375
0 0.529688 0.378125 0.541797 0.378125 0.541797 0.410938 0.529688 0.410938
0 0.244922 0.380729 0.262109 0.380729 0.262109 0.402083 0.244922 0.402083
0 0.172656 0.426562 0.197266 0.426562 0.197266 0.449479 0.172656 0.449479
0 0.217969 0.429688 0.237891 0.429688 0.237891 0.454688 0.217969 0.454688
0 0.166406 0.466146 0.180469 0.466146 0.180469 0.491146 0.166406 0.491146
0 0.138281 0.475 0.157422 0.475 0.157422 0.504687 0.138281 0.504687
0 0.188281 0.492708 0.210547 0.492708 0.210547 0.514583 0.188281 0.514583
0 0.251563 0.470312 0.266406 0.470312 0.266406 0.496354 0.251563 0.496354
0 0.305078 0.428125 0.328906 0.428125 0.328906 0.451562 0.305078 0.451562
0 0.306641 0.484375 0.324609 0.484375 0.324609 0.505208 0.306641 0.505208
0 0.344141 0.413021 0.365234 0.413021 0.365234 0.436979 0.344141 0.436979
0 0.353125 0.46875 0.376562 0.46875 0.376562 0.494792 0.353125 0.494792
0 0.380469 0.493229 0.398438 0.493229 0.398438 0.521875 0.380469 0.521875
0 0.410938 0.507812 0.434375 0.507812 0.434375 0.529167 0.410938 0.529167
0 0.411719 0.395312 0.430469 0.395312 0.430469 0.417188 0.411719 0.417188
0 0.042969 0.489583 0.061719 0.489583 0.061719 0.518229 0.042969 0.518229
0 0.069922 0.518229 0.089453 0.518229 0.089453 0.538021 0.069922 0.538021
0 0.078125 0.486458 0.091016 0.486458 0.091016 0.510417 0.078125 0.510417
0 0.096875 0.505729 0.114844 0.505729 0.114844 0.533854 0.096875 0.533854
0 0.127734 0.530729 0.145312 0.530729 0.145312 0.5625 0.127734 0.5625
0 0.099609 0.559375 0.11875 0.559375 0.11875 0.582812 0.099609 0.582812
0 0.116406 0.596354 0.133203 0.596354 0.133203 0.619792 0.116406 0.619792
0 0.076953 0.557812 0.094141 0.557812 0.094141 0.585938 0.076953 0.585938
0 0.035547 0.540104 0.058984 0.540104 0.058984 0.564062 0.035547 0.564062
0 0.049219 0.596875 0.069141 0.596875 0.069141 0.614062 0.049219 0.614062
0 0.065234 0.634896 0.084766 0.634896 0.084766 0.65625 0.065234 0.65625
0 0.089453 0.622396 0.106641 0.622396 0.106641 0.648958 0.089453 0.648958
0 0.08125 0.653125 0.101953 0.653125 0.101953 0.672917 0.08125 0.672917
0 0.136719 0.648438 0.158984 0.648438 0.158984 0.674479 0.136719 0.674479
0 0.072266 0.690625 0.096484 0.690625 0.096484 0.713542 0.072266 0.713542
0 0.119141 0.686458 0.137891 0.686458 0.137891 0.711458 0.119141 0.711458
0 0.098438 0.710938 0.121094 0.710938 0.121094 0.73125 0.098438 0.73125
0 0.029688 0.709896 0.05 0.709896 0.05 0.73125 0.029688 0.73125
0 0.0375 0.738542 0.055859 0.738542 0.055859 0.765104 0.0375 0.765104
0 0.069531 0.727604 0.089844 0.727604 0.089844 0.755729 0.069531 0.755729
0 0.117969 0.766146 0.134766 0.766146 0.134766 0.795312 0.117969 0.795312
0 0.144922 0.725521 0.164453 0.725521 0.164453 0.744271 0.144922 0.744271
0 0.155469 0.746875 0.169531 0.746875 0.169531 0.778125 0.155469 0.778125
0 0.063672 0.776042 0.085938 0.776042 0.085938 0.8 0.063672 0.8
0 0.242188 0.5125 0.257422 0.5125 0.257422 0.536458 0.242188 0.536458
0 0.271484 0.501562 0.288281 0.501562 0.288281 0.530729 0.271484 0.530729
0 0.205469 0.532292 0.223828 0.532292 0.223828 0.564583 0.205469 0.564583
0 0.313672 0.522917 0.339062 0.522917 0.339062 0.547396 0.313672 0.547396
0 0.343359 0.542708 0.364062 0.542708 0.364062 0.565104 0.343359 0.565104
0 0.291016 0.552604 0.310156 0.552604 0.310156 0.570833 0.291016 0.570833
0 0.208984 0.576042 0.225781 0.576042 0.225781 0.604688 0.208984 0.604688
0 0.230469 0.579167 0.248438 0.579167 0.248438 0.604688 0.230469 0.604688
0 0.253906 0.602083 0.272266 0.602083 0.272266 0.627604 0.253906 0.627604
0 0.314453 0.582812 0.333203 0.582812 0.333203 0.609375 0.314453 0.609375
0 0.157812 0.583333 0.173047 0.583333 0.173047 0.607292 0.157812 0.607292
0 0.172656 0.611458 0.196875 0.611458 0.196875 0.629688 0.172656 0.629688
0 0.280078 0.634375 0.295312 0.634375 0.295312 0.660417 0.280078 0.660417
0 0.178516 0.694271 0.195312 0.694271 0.195312 0.715625 0.178516 0.715625
0 0.215625 0.6875 0.230078 0.6875 0.230078 0.719271 0.215625 0.719271
0 0.185938 0.724479 0.207812 0.724479 0.207812 0.743229 0.185938 0.743229
0 0.260938 0.692708 0.277734 0.692708 0.277734 0.715625 0.260938 0.715625
0 0.265625 0.729688 0.291016 0.729688 0.291016 0.755729 0.265625 0.755729
0 0.296484 0.694792 0.319531 0.694792 0.319531 0.718229 0.296484 0.718229
0 0.3375 0.670833 0.353906 0.670833 0.353906 0.696354 0.3375 0.696354
0 0.319531 0.639583 0.338672 0.639583 0.338672 0.661979 0.319531 0.661979
0 0.346484 0.596875 0.367578 0.596875 0.367578 0.623438 0.346484 0.623438
0 0.373828 0.567188 0.392578 0.567188 0.392578 0.588021 0.373828 0.588021
0 0.405859 0.551042 0.433984 0.551042 0.433984 0.572917 0.405859 0.572917
0 0.431641 0.576562 0.448828 0.576562 0.448828 0.596354 0.431641 0.596354
0 0.425 0.616667 0.442578 0.616667 0.442578 0.647396 0.425 0.647396
0 0.388672 0.631771 0.408984 0.631771 0.408984 0.65625 0.388672 0.65625
0 0.354297 0.6875 0.369531 0.6875 0.369531 0.709896 0.354297 0.709896
0 0.389062 0.68125 0.413281 0.68125 0.413281 0.707292 0.389062 0.707292
0 0.401562 0.715104 0.420703 0.715104 0.420703 0.735938 0.401562 0.735938
0 0.355078 0.725521 0.377344 0.725521 0.377344 0.748958 0.355078 0.748958
0 0.046484 0.833854 0.061719 0.833854 0.061719 0.864583 0.046484 0.864583
0 0.076953 0.828646 0.09375 0.828646 0.09375 0.858333 0.076953 0.858333
0 0.112109 0.814062 0.128516 0.814062 0.128516 0.835938 0.112109 0.835938
0 0.105078 0.848438 0.116406 0.848438 0.116406 0.872917 0.105078 0.872917
0 0.112109 0.869792 0.135547 0.869792 0.135547 0.892708 0.112109 0.892708
0 0.094531 0.905208 0.115625 0.905208 0.115625 0.928646 0.094531 0.928646
0 0.161719 0.859375 0.18125 0.859375 0.18125 0.884896 0.161719 0.884896
0 0.192969 0.872917 0.211328 0.872917 0.211328 0.893229 0.192969 0.893229
0 0.169922 0.817188 0.185547 0.817188 0.185547 0.846354 0.169922 0.846354
0 0.196484 0.829688 0.217188 0.829688 0.217188 0.857292 0.196484 0.857292
0 0.169141 0.769271 0.196094 0.769271 0.196094 0.791146 0.169141 0.791146
0 0.161328 0.951042 0.194922 0.951042 0.194922 0.978125 0.161328 0.978125
0 0.244922 0.767708 0.257422 0.767708 0.257422 0.797917 0.244922 0.797917
0 0.266797 0.792708 0.285938 0.792708 0.285938 0.81875 0.266797 0.81875
0 0.259375 0.846354 0.276172 0.846354 0.276172 0.871875 0.259375 0.871875
0 0.297266 0.833333 0.316406 0.833333 0.316406 0.860938 0.297266 0.860938
0 0.2875 0.967188 0.304688 0.967188 0.304688 0.990104 0.2875 0.990104
0 0.307812 0.761458 0.326172 0.761458 0.326172 0.7875 0.307812 0.7875
0 0.331641 0.778125 0.350391 0.778125 0.350391 0.804688 0.331641 0.804688
0 0.353125 0.765104 0.369531 0.765104 0.369531 0.793229 0.353125 0.793229
0 0.3875 0.782812 0.409375 0.782812 0.409375 0.804167 0.3875 0.804167
0 0.390625 0.746875 0.4125 0.746875 0.4125 0.769792 0.390625 0.769792
0 0.421094 0.764062 0.440234 0.764062 0.440234 0.795833 0.421094 0.795833
0 0.353516 0.843229 0.375781 0.843229 0.375781 0.865104 0.353516 0.865104
0 0.378906 0.98125 0.394531 0.98125 0.394531 0.999479 0.378906 0.999479
0 0.403906 0.977604 0.421484 0.977604 0.421484 0.999479 0.403906 0.999479
0 0.433594 0.958333 0.452344 0.958333 0.452344 0.986979 0.433594 0.986979
0 0.472266 0.969792 0.491016 0.969792 0.491016 0.994271 0.472266 0.994271
0 0.477734 0.927083 0.494141 0.927083 0.494141 0.955729 0.477734 0.955729
0 0.460156 0.909896 0.480078 0.909896 0.480078 0.929688 0.460156 0.929688
0 0.502734 0.921354 0.520312 0.921354 0.520312 0.95 0.502734 0.95
0 0.511719 0.958854 0.528906 0.958854 0.528906 0.990104 0.511719 0.990104
0 0.606641 0.3875 0.625781 0.3875 0.625781 0.415104 0.606641 0.415104
0 0.638281 0.407292 0.65625 0.407292 0.65625 0.435417 0.638281 0.435417
0 0.66875 0.420312 0.69375 0.420312 0.69375 0.440625 0.66875 0.440625
0 0.682031 0.392708 0.705078 0.392708 0.705078 0.410938 0.682031 0.410938
0 0.657422 0.38125 0.675781 0.38125 0.675781 0.397396 0.657422 0.397396
0 0.594922 0.430208 0.616016 0.430208 0.616016 0.452604 0.594922 0.452604
0 0.617969 0.448438 0.635938 0.448438 0.635938 0.472396 0.617969 0.472396
0 0.583984 0.475521 0.605859 0.475521 0.605859 0.499479 0.583984 0.499479
0 0.547266 0.481771 0.570312 0.481771 0.570312 0.507292 0.547266 0.507292
0 0.601953 0.53125 0.617188 0.53125 0.617188 0.554688 0.601953 0.554688
0 0.607031 0.557292 0.631641 0.557292 0.631641 0.578646 0.607031 0.578646
0 0.65625 0.550521 0.675781 0.550521 0.675781 0.572396 0.65625 0.572396
0 0.68125 0.527604 0.698828 0.527604 0.698828 0.557812 0.68125 0.557812
0 0.710938 0.523958 0.726172 0.523958 0.726172 0.550521 0.710938 0.550521
0 0.635547 0.594271 0.655078 0.594271 0.655078 0.618229 0.635547 0.618229
0 0.661719 0.591146 0.676953 0.591146 0.676953 0.615625 0.661719 0.615625
0 0.694141 0.56875 0.712891 0.56875 0.712891 0.595833 0.694141 0.595833
0 0.728516 0.5125 0.748047 0.5125 0.748047 0.542708 0.728516 0.542708
0 0.777344 0.496354 0.794922 0.496354 0.794922 0.518229 0.777344 0.518229
0 0.754688 0.484896 0.769141 0.484896 0.769141 0.511458 0.754688 0.511458
0 0.758984 0.544792 0.779688 0.544792 0.779688 0.569792 0.758984 0.569792
0 0.808594 0.550521 0.831641 0.550521 0.831641 0.579688 0.808594 0.579688
0 0.844922 0.527604 0.865234 0.527604 0.865234 0.547917 0.844922 0.547917
0 0.8375 0.558854 0.862891 0.558854 0.862891 0.582812 0.8375 0.582812
0 0.508984 0.647396 0.525391 0.647396 0.525391 0.669792 0.508984 0.669792
0 0.539062 0.607812 0.559375 0.607812 0.559375 0.627083 0.539062 0.627083
0 0.551562 0.641667 0.573438 0.641667 0.573438 0.661458 0.551562 0.661458
0 0.632031 0.648958 0.648047 0.648958 0.648047 0.672917 0.632031 0.672917
0 0.548828 0.693229 0.565234 0.693229 0.565234 0.720833 0.548828 0.720833
0 0.575781 0.699479 0.590625 0.699479 0.590625 0.722396 0.575781 0.722396
0 0.589844 0.669792 0.600391 0.669792 0.600391 0.689583 0.589844 0.689583
0 0.605078 0.692188 0.619531 0.692188 0.619531 0.718229 0.605078 0.718229
0 0.628906 0.716667 0.647656 0.716667 0.647656 0.736979 0.628906 0.736979
0 0.654688 0.676042 0.670703 0.676042 0.670703 0.702604 0.654688 0.702604
0 0.657031 0.732292 0.670703 0.732292 0.670703 0.764583 0.657031 0.764583
0 0.523438 0.734896 0.544141 0.734896 0.544141 0.758333 0.523438 0.758333
0 0.488672 0.708854 0.50625 0.708854 0.50625 0.736979 0.488672 0.736979
0 0.585547 0.745833 0.605078 0.745833 0.605078 0.766667 0.585547 0.766667
0 0.530469 0.773438 0.554688 0.773438 0.554688 0.791146 0.530469 0.791146
0 0.552344 0.795833 0.573047 0.795833 0.573047 0.814062 0.552344 0.814062
0 0.562109 0.815625 0.579688 0.815625 0.579688 0.843229 0.562109 0.843229
0 0.515234 0.794792 0.535156 0.794792 0.535156 0.8125 0.515234 0.8125
0 0.520703 0.823438 0.541016 0.823438 0.541016 0.842708 0.520703 0.842708
0 0.578516 0.775 0.604688 0.775 0.604688 0.800521 0.578516 0.800521
0 0.613281 0.771354 0.635547 0.771354 0.635547 0.797917 0.613281 0.797917
0 0.647266 0.7875 0.671484 0.7875 0.671484 0.813021 0.647266 0.813021
0 0.63125 0.822396 0.647266 0.822396 0.647266 0.847917 0.63125 0.847917
0 0.601953 0.807812 0.620312 0.807812 0.620312 0.83125 0.601953 0.83125
0 0.56875 0.858333 0.585547 0.858333 0.585547 0.878646 0.56875 0.878646
0 0.599609 0.863021 0.619531 0.863021 0.619531 0.891667 0.599609 0.891667
0 0.653906 0.860938 0.675391 0.860938 0.675391 0.884896 0.653906 0.884896
0 0.624219 0.9 0.644922 0.9 0.644922 0.928646 0.624219 0.928646
0 0.639844 0.950521 0.65625 0.950521 0.65625 0.980729 0.639844 0.980729
0 0.669922 0.975 0.692188 0.975 0.692188 0.992708 0.669922 0.992708
0 0.705859 0.960938 0.726172 0.960938 0.726172 0.984375 0.705859 0.984375
0 0.677344 0.936458 0.703906 0.936458 0.703906 0.9625 0.677344 0.9625
0 0.716016 0.927604 0.738672 0.927604 0.738672 0.947917 0.716016 0.947917
0 0.683203 0.875521 0.699609 0.875521 0.699609 0.902083 0.683203 0.902083
0 0.719531 0.885417 0.746875 0.885417 0.746875 0.910417 0.719531 0.910417
0 0.730078 0.592188 0.751172 0.592188 0.751172 0.611979 0.730078 0.611979
0 0.777734 0.573438 0.793359 0.573438 0.793359 0.602083 0.777734 0.602083
0 0.784375 0.614062 0.803906 0.614062 0.803906 0.635417 0.784375 0.635417
0 0.738672 0.633333 0.755078 0.633333 0.755078 0.657292 0.738672 0.657292
0 0.909375 0.569271 0.934375 0.569271 0.934375 0.597396 0.909375 0.597396
0 0.941797 0.585417 0.960156 0.585417 0.960156 0.604167 0.941797 0.604167
0 0.961719 0.623958 0.980859 0.623958 0.980859 0.647396 0.961719 0.647396
0 0.716406 0.670312 0.729688 0.670312 0.729688 0.684375 0.716406 0.684375
0 0.769141 0.680729 0.786328 0.680729 0.786328 0.698438 0.769141 0.698438
0 0.762109 0.717708 0.780469 0.717708 0.780469 0.744792 0.762109 0.744792
0 0.798828 0.703646 0.816797 0.703646 0.816797 0.733854 0.798828 0.733854
0 0.825391 0.701042 0.841406 0.701042 0.841406 0.715625 0.825391 0.715625
0 0.689453 0.725521 0.707422 0.725521 0.707422 0.75 0.689453 0.75
0 0.680859 0.744792 0.694531 0.744792 0.694531 0.768229 0.680859 0.768229
0 0.683984 0.779688 0.7 0.779688 0.7 0.809896 0.683984 0.809896
0 0.728125 0.753125 0.744922 0.753125 0.744922 0.7875 0.728125 0.7875
0 0.707812 0.805208 0.729688 0.805208 0.729688 0.825521 0.707812 0.825521
0 0.731641 0.830208 0.748438 0.830208 0.748438 0.859375 0.731641 0.859375
0 0.758203 0.78125 0.776953 0.78125 0.776953 0.810938 0.758203 0.810938
0 0.785938 0.810938 0.803516 0.810938 0.803516 0.832812 0.785938 0.832812
0 0.777344 0.845833 0.796484 0.845833 0.796484 0.866667 0.777344 0.866667
0 0.812891 0.765625 0.829688 0.765625 0.829688 0.792708 0.812891 0.792708
0 0.834766 0.811979 0.853125 0.811979 0.853125 0.832292 0.834766 0.832292
0 0.856641 0.789583 0.871484 0.789583 0.871484 0.819271 0.856641 0.819271
0 0.85 0.842708 0.864844 0.842708 0.864844 0.873958 0.85 0.873958
0 0.894531 0.823958 0.914844 0.823958 0.914844 0.842708 0.894531 0.842708
0 0.929297 0.876562 0.947656 0.876562 0.947656 0.9 0.929297 0.9
0 0.907031 0.9125 0.926172 0.9125 0.926172 0.940625 0.907031 0.940625
0 0.892188 0.94375 0.915625 0.94375 0.915625 0.965625 0.892188 0.965625
0 0.858594 0.960417 0.88125 0.960417 0.88125 0.979167 0.858594 0.979167
0 0.924609 0.978125 0.941797 0.978125 0.941797 0.999479 0.924609 0.999479
0 0.966406 0.980729 0.982031 0.980729 0.982031 0.999479 0.966406 0.999479
0 0.951172 0.920833 0.973828 0.920833 0.973828 0.946354 0.951172 0.946354
0 0.955469 0.8875 0.970312 0.8875 0.970312 0.910417 0.955469 0.910417
0 0.907031 0.789062 0.925 0.789062 0.925 0.8125 0.907031 0.8125
0 0.933594 0.792708 0.946875 0.792708 0.946875 0.813542 0.933594 0.813542
0 0.922656 0.817708 0.942578 0.817708 0.942578 0.840104 0.922656 0.840104
0 0.966797 0.746354 0.991406 0.746354 0.991406 0.770312 0.966797 0.770312
0 0.936719 0.703125 0.954297 0.703125 0.954297 0.733854 0.936719 0.733854
0 0.908203 0.726562 0.923047 0.726562 0.923047 0.746354 0.908203 0.746354
0 0.830469 0.734896 0.853516 0.734896 0.853516 0.757292 0.830469 0.757292
0 0.866797 0.722396 0.881641 0.722396 0.881641 0.747917 0.866797 0.747917
0 0.8875 0.709896 0.902344 0.709896 0.902344 0.726562 0.8875 0.726562
0 0.874609 0.686458 0.894531 0.686458 0.894531 0.704167 0.874609 0.704167
0 0.884375 0.6375 0.903516 0.6375 0.903516 0.656771 0.884375 0.656771
0 0.871875 0.6625 0.885938 0.6625 0.885938 0.68125 0.871875 0.68125
0 0.876172 0.607292 0.892188 0.607292 0.892188 0.626042 0.876172 0.626042
0 0.924219 0.628646 0.940234 0.628646 0.940234 0.65 0.924219 0.65
0 0.945312 0.665625 0.9625 0.665625 0.9625 0.689062 0.945312 0.689062
0 0.975781 0.653646 0.994531 0.653646 0.994531 0.673438 0.975781 0.673438
0 0.971484 0.697917 0.9875 0.697917 0.9875 0.727083 0.971484 0.727083