0 0.004297 0.018229 0.026562 0.018229 0.026562 0.05625 0.004297 0.05625
0 0.038281 0.0 0.063672 0.0 0.063672 0.020833 0.038281 0.020833
0 0.080078 0.003125 0.104688 0.003125 0.104688 0.036979 0.080078 0.036979
0 0.062891 0.045833 0.092969 0.045833 0.092969 0.074479 0.062891 0.074479
0 0.088281 0.085938 0.105469 0.085938 0.105469 0.122396 0.088281 0.122396
0 0.121875 0.058333 0.151562 0.058333 0.151562 0.078125 0.121875 0.078125
0 0.160938 0.023438 0.182812 0.023438 0.182812 0.052083 0.160938 0.052083
0 0.220703 0.023438 0.242969 0.023438 0.242969 0.038021 0.220703 0.038021
0 0.115234 0.007812 0.132812 0.007812 0.132812 0.039062 0.115234 0.039062
0 0.142969 0.145312 0.166016 0.145312 0.166016 0.168229 0.142969 0.168229
0 0.165234 0.110417 0.183984 0.110417 0.183984 0.135417 0.165234 0.135417
0 0.198828 0.116146 0.219141 0.116146 0.219141 0.147917 0.198828 0.147917
0 0.225391 0.135417 0.246875 0.135417 0.246875 0.161979 0.225391 0.161979
0 0.245312 0.173958 0.270703 0.173958 0.270703 0.20625 0.245312 0.20625
0 0.198828 0.171875 0.217188 0.171875 0.217188 0.198958 0.198828 0.198958
0 0.173828 0.156771 0.197656 0.156771 0.197656 0.182292 0.173828 0.182292
0 0.172266 0.193229 0.195703 0.193229 0.195703 0.218229 0.172266 0.218229
0 0.140625 0.178125 0.165234 0.178125 0.165234 0.205729 0.140625 0.205729
0 0.099609 0.197396 0.126953 0.197396 0.126953 0.221354 0.099609 0.221354
0 0.119531 0.242708 0.142969 0.242708 0.142969 0.267708 0.119531 0.267708
0 0.084766 0.280729 0.113672 0.280729 0.113672 0.311979 0.084766 0.311979
0 0.116016 0.3375 0.140234 0.3375 0.140234 0.364583 0.116016 0.364583
0 0.122656 0.304167 0.15 0.304167 0.15 0.331771 0.122656 0.331771
0 0.167969 0.327604 0.191406 0.327604 0.191406 0.363021 0.167969 0.363021
0 0.096875 0.366667 0.121094 0.366667 0.121094 0.394271 0.096875 0.394271
0 0.150391 0.385417 0.176562 0.385417 0.176562 0.415625 0.150391 0.415625
0 0.005078 0.41875 0.034375 0.41875 0.034375 0.457292 0.005078 0.457292
0 0.070703 0.509375 0.098047 0.509375 0.098047 0.541667 0.070703 0.541667
0 0.117578 0.519792 0.137109 0.519792 0.137109 0.552083 0.117578 0.552083
0 0.157422 0.514583 0.1875 0.514583 0.1875 0.544271 0.157422 0.544271
0 0.142578 0.545312 0.159375 0.545312 0.159375 0.574479 0.142578 0.574479
0 0.152734 0.564062 0.172266 0.564062 0.172266 0.602604 0.152734 0.602604
0 0.176172 0.597396 0.195703 0.597396 0.195703 0.629688 0.176172 0.629688
0 0.040625 0.565104 0.065625 0.565104 0.065625 0.586979 0.040625 0.586979
0 0.074219 0.571875 0.097656 0.571875 0.097656 0.602604 0.074219 0.602604
0 0.108594 0.590104 0.125391 0.590104 0.125391 0.617188 0.108594 0.617188
0 0.044141 0.600521 0.056641 0.600521 0.056641 0.630208 0.044141 0.630208
0 0.241797 0.2625 0.257812 0.2625 0.257812 0.295312 0.241797 0.295312
0 0.256641 0.285938 0.279297 0.285938 0.279297 0.31875 0.256641 0.31875
0 0.260938 0.333854 0.295312 0.333854 0.295312 0.357292 0.260938 0.357292
0 0.200781 0.345833 0.220703 0.345833 0.220703 0.378646 0.200781 0.378646
0 0.211328 0.389583 0.236719 0.389583 0.236719 0.413021 0.211328 0.413021
0 0.246484 0.398958 0.26875 0.398958 0.26875 0.428125 0.246484 0.428125
0 0.271875 0.371354 0.3 0.371354 0.3 0.396875 0.271875 0.396875
0 0.083984 0.646875 0.1125 0.646875 0.1125 0.682812 0.083984 0.682812
0 0.002344 0.709896 0.029297 0.709896 0.029297 0.741146 0.002344 0.741146
0 0.018359 0.751562 0.04375 0.751562 0.04375 0.777083 0.018359 0.777083
0 0.072266 0.736979 0.092578 0.736979 0.092578 0.763542 0.072266 0.763542
0 0.062109 0.691667 0.088281 0.691667 0.088281 0.719792 0.062109 0.719792
0 0.109375 0.709896 0.13125 0.709896 0.13125 0.727604 0.109375 0.727604
0 0.1125 0.647917 0.133594 0.647917 0.133594 0.688542 0.1125 0.688542
0 0.15625 0.651562 0.180859 0.651562 0.180859 0.680729 0.15625 0.680729
0 0.189062 0.676042 0.208594 0.676042 0.208594 0.701042 0.189062 0.701042
0 0.232031 0.669271 0.261719 0.669271 0.261719 0.694271 0.232031 0.694271
0 0.264062 0.660417 0.287891 0.660417 0.287891 0.685938 0.264062 0.685938
0 0.291797 0.658333 0.317969 0.658333 0.317969 0.690625 0.291797 0.690625
0 0.287109 0.60625 0.303125 0.60625 0.303125 0.636979 0.287109 0.636979
0 0.0 0.820312 0.01875 0.820312 0.01875 0.865104 0.0 0.865104
0 0.023828 0.808854 0.043359 0.808854 0.043359 0.841667 0.023828 0.841667
0 0.047266 0.838542 0.065625 0.838542 0.065625 0.871354 0.047266 0.871354
0 0.064453 0.820312 0.087891 0.820312 0.087891 0.855729 0.064453 0.855729
0 0.016406 0.904688 0.044922 0.904688 0.044922 0.934896 0.016406 0.934896
0 0.001562 0.904688 0.008203 0.904688 0.008203 0.948958 0.001562 0.948958
0 0.026953 0.951562 0.053906 0.951562 0.053906 0.979167 0.026953 0.979167
0 0.054688 0.891146 0.075781 0.891146 0.075781 0.922917 0.054688 0.922917
0 0.071875 0.920833 0.098047 0.920833 0.098047 0.956771 0.071875 0.956771
0 0.094141 0.892188 0.113281 0.892188 0.113281 0.929167 0.094141 0.929167
0 0.133984 0.90625 0.158203 0.90625 0.158203 0.934896 0.133984 0.934896
0 0.137109 0.875 0.157422 0.875 0.157422 0.897917 0.137109 0.897917
0 0.1625 0.885417 0.185938 0.885417 0.185938 0.903125 0.1625 0.903125
0 0.128906 0.965625 0.151562 0.965625 0.151562 0.983333 0.128906 0.983333
0 0.170703 0.96875 0.184766 0.96875 0.184766 0.994792 0.170703 0.994792
0 0.192578 0.921875 0.216797 0.921875 0.216797 0.958333 0.192578 0.958333
0 0.216016 0.957292 0.238672 0.957292 0.238672 0.992708 0.216016 0.992708
0 0.237891 0.9125 0.2625 0.9125 0.2625 0.940625 0.237891 0.940625
0 0.197266 0.878646 0.223828 0.878646 0.223828 0.911979 0.197266 0.911979
0 0.185547 0.838542 0.205859 0.838542 0.205859 0.871354 0.185547 0.871354
0 0.153906 0.823958 0.169922 0.823958 0.169922 0.851042 0.153906 0.851042
0 0.137891 0.759375 0.154688 0.759375 0.154688 0.784896 0.137891 0.784896
0 0.181641 0.752083 0.209375 0.752083 0.209375 0.776042 0.181641 0.776042
0 0.2125 0.731771 0.230078 0.731771 0.230078 0.765104 0.2125 0.765104
0 0.157422 0.71875 0.175391 0.71875 0.175391 0.74375 0.157422 0.74375
0 0.257031 0.741667 0.276172 0.741667 0.276172 0.778646 0.257031 0.778646
0 0.282031 0.721875 0.297656 0.721875 0.297656 0.753646 0.282031 0.753646
0 0.255078 0.810417 0.276172 0.810417 0.276172 0.836458 0.255078 0.836458
0 0.276953 0.7875 0.294141 0.7875 0.294141 0.822917 0.276953 0.822917
0 0.214062 0.625 0.235156 0.625 0.235156 0.655208 0.214062 0.655208
0 0.235547 0.575521 0.258594 0.575521 0.258594 0.60625 0.235547 0.60625
0 0.254688 0.609375 0.281641 0.609375 0.281641 0.6375 0.254688 0.6375
0 0.230859 0.535417 0.25625 0.535417 0.25625 0.557812 0.230859 0.557812
0 0.275 0.521354 0.299219 0.521354 0.299219 0.557812 0.275 0.557812
0 0.287891 0.564062 0.317578 0.564062 0.317578 0.583333 0.287891 0.583333
0 0.312891 0.582812 0.330469 0.582812 0.330469 0.616667 0.312891 0.616667
0 0.405078 0.896354 0.446875 0.896354 0.446875 0.922917 0.405078 0.922917
0 0.459766 0.944271 0.482031 0.944271 0.482031 0.976562 0.459766 0.976562
0 0.394141 0.961458 0.423438 0.961458 0.423438 0.984896 0.394141 0.984896
0 0.440234 0.96875 0.462891 0.96875 0.462891 0.999479 0.440234 0.999479
0 0.325391 0.976562 0.348438 0.976562 0.348438 0.999479 0.325391 0.999479
0 0.372266 0.803646 0.400391 0.803646 0.400391 0.8375 0.372266 0.8375
0 0.372266 0.773438 0.397266 0.773438 0.397266 0.788542 0.372266 0.788542
0 0.364453 0.7125 0.379688 0.7125 0.379688 0.744792 0.364453 0.744792
0 0.376562 0.690104 0.400391 0.690104 0.400391 0.709375 0.376562 0.709375
0 0.400391 0.711458 0.423438 0.711458 0.423438 0.74375 0.400391 0.74375
0 0.410156 0.669792 0.429297 0.669792 0.429297 0.704167 0.410156 0.704167
0 0.438672 0.713542 0.455469 0.713542 0.455469 0.747917 0.438672 0.747917
0 0.462109 0.732812 0.480469 0.732812 0.480469 0.767188 0.462109 0.767188
0 0.402734 0.814062 0.426172 0.814062 0.426172 0.849479 0.402734 0.849479
0 0.442969 0.866667 0.464453 0.866667 0.464453 0.903646 0.442969 0.903646
0 0.465234 0.851562 0.483594 0.851562 0.483594 0.892188 0.465234 0.892188
0 0.469141 0.822396 0.494141 0.822396 0.494141 0.848438 0.469141 0.848438
0 0.488281 0.788542 0.526172 0.788542 0.526172 0.818229 0.488281 0.818229
0 0.523438 0.811979 0.558203 0.811979 0.558203 0.846354 0.523438 0.846354
0 0.504297 0.83125 0.517969 0.83125 0.517969 0.863021 0.504297 0.863021
0 0.537891 0.899479 0.560547 0.899479 0.560547 0.927083 0.537891 0.927083
0 0.528516 0.849479 0.549219 0.849479 0.549219 0.884375 0.528516 0.884375
0 0.557031 0.838542 0.584375 0.838542 0.584375 0.873958 0.557031 0.873958
0 0.589062 0.83125 0.619531 0.83125 0.619531 0.858854 0.589062 0.858854
0 0.600391 0.878125 0.629297 0.878125 0.629297 0.903646 0.600391 0.903646
0 0.582812 0.9625 0.601953 0.9625 0.601953 0.982812 0.582812 0.982812
0 0.65 0.893229 0.683594 0.893229 0.683594 0.919792 0.65 0.919792
0 0.661328 0.938021 0.689844 0.938021 0.689844 0.95625 0.661328 0.95625
0 0.65625 0.970833 0.677344 0.970833 0.677344 0.999479 0.65625 0.999479
0 0.682031 0.969792 0.701172 0.969792 0.701172 0.997917 0.682031 0.997917
0 0.619531 0.981771 0.642188 0.981771 0.642188 0.999479 0.619531 0.999479
0 0.624219 0.818229 0.65 0.818229 0.65 0.849479 0.624219 0.849479
0 0.614844 0.765104 0.633203 0.765104 0.633203 0.798958 0.614844 0.798958
0 0.638672 0.773438 0.659766 0.773438 0.659766 0.803646 0.638672 0.803646
0 0.801562 0.722396 0.817578 0.722396 0.817578 0.765104 0.801562 0.765104
0 0.823438 0.725521 0.843359 0.725521 0.843359 0.764062 0.823438 0.764062
0 0.823438 0.781771 0.841797 0.781771 0.841797 0.817708 0.823438 0.817708
0 0.853516 0.751562 0.880469 0.751562 0.880469 0.785417 0.853516 0.785417
0 0.838672 0.801042 0.860547 0.801042 0.860547 0.834896 0.838672 0.834896
0 0.86875 0.814583 0.888281 0.814583 0.888281 0.853646 0.86875 0.853646
0 0.760938 0.935938 0.787891 0.935938 0.787891 0.959375 0.760938 0.959375
0 0.792969 0.940625 0.814062 0.940625 0.814062 0.971875 0.792969 0.971875
0 0.821484 0.934896 0.846875 0.934896 0.846875 0.960417 0.821484 0.960417
0 0.857031 0.961979 0.875391 0.961979 0.875391 0.992188 0.857031 0.992188
0 0.895703 0.904167 0.920312 0.904167 0.920312 0.935938 0.895703 0.935938
0 0.894141 0.946875 0.9125 0.946875 0.9125 0.992188 0.894141 0.992188
0 0.736719 0.965104 0.760156 0.965104 0.760156 0.995312 0.736719 0.995312
0 0.792969 0.835938 0.819922 0.835938 0.819922 0.867188 0.792969 0.867188
0 0.899219 0.824479 0.921875 0.824479 0.921875 0.848438 0.899219 0.848438
0 0.907422 0.859375 0.929297 0.859375 0.929297 0.891146 0.907422 0.891146
0 0.946094 0.778646 0.969922 0.778646 0.969922 0.811979 0.946094 0.811979
0 0.955469 0.742708 0.983203 0.742708 0.983203 0.769271 0.955469 0.769271
0 0.983203 0.764062 0.999609 0.764062 0.999609 0.802083 0.983203 0.802083
0 0.777734 0.805729 0.799609 0.805729 0.799609 0.84375 0.777734 0.84375
0 0.782812 0.777604 0.811719 0.777604 0.811719 0.802083 0.782812 0.802083
0 0.941406 0.655729 0.965625 0.655729 0.965625 0.686458 0.941406 0.686458
0 0.968359 0.639062 0.995312 0.639062 0.995312 0.664062 0.968359 0.664062
0 0.696094 0.795833 0.7125 0.795833 0.7125 0.834896 0.696094 0.834896
0 0.710938 0.753646 0.738672 0.753646 0.738672 0.784896 0.710938 0.784896
0 0.66875 0.733333 0.691797 0.733333 0.691797 0.764583 0.66875 0.764583
0 0.623438 0.721354 0.64375 0.721354 0.64375 0.755208 0.623438 0.755208
0 0.597266 0.740625 0.612891 0.740625 0.612891 0.771875 0.597266 0.771875
0 0.558203 0.710417 0.583594 0.710417 0.583594 0.735417 0.558203 0.735417
0 0.550781 0.743229 0.572656 0.743229 0.572656 0.772917 0.550781 0.772917
0 0.560938 0.790104 0.584766 0.790104 0.584766 0.819271 0.560938 0.819271
0 0.75625 0.700521 0.787109 0.700521 0.787109 0.728646 0.75625 0.728646
0 0.702734 0.698438 0.737109 0.698438 0.737109 0.721354 0.702734 0.721354
0 0.5 0.751562 0.513672 0.751562 0.513672 0.783854 0.5 0.783854
0 0.505469 0.726042 0.5375 0.726042 0.5375 0.755208 0.505469 0.755208
0 0.505859 0.689583 0.538281 0.689583 0.538281 0.716667 0.505859 0.716667
0 0.466797 0.676562 0.4875 0.676562 0.4875 0.711458 0.466797 0.711458
0 0.490234 0.64375 0.523047 0.64375 0.523047 0.675521 0.490234 0.675521
0 0.525781 0.623438 0.553516 0.623438 0.553516 0.64375 0.525781 0.64375
0 0.561719 0.648438 0.581641 0.648438 0.581641 0.679167 0.561719 0.679167
0 0.581641 0.680208 0.605469 0.680208 0.605469 0.711458 0.581641 0.711458
0 0.403906 0.586458 0.422656 0.586458 0.422656 0.624479 0.403906 0.624479
0 0.430078 0.615625 0.449609 0.615625 0.449609 0.642188 0.430078 0.642188
0 0.458984 0.615625 0.483203 0.615625 0.483203 0.640104 0.458984 0.640104
0 0.437109 0.590625 0.460547 0.590625 0.460547 0.607812 0.437109 0.607812
0 0.396484 0.53125 0.415234 0.53125 0.415234 0.558333 0.396484 0.558333
0 0.415234 0.504167 0.441016 0.504167 0.441016 0.530208 0.415234 0.530208
0 0.426953 0.546875 0.455469 0.546875 0.455469 0.575 0.426953 0.575
0 0.464844 0.536979 0.492578 0.536979 0.492578 0.573958 0.464844 0.573958
0 0.442969 0.481771 0.470703 0.481771 0.470703 0.514062 0.442969 0.514062
0 0.510938 0.577083 0.526172 0.577083 0.526172 0.619792 0.510938 0.619792
0 0.532812 0.579688 0.554688 0.579688 0.554688 0.610938 0.532812 0.610938
0 0.551562 0.559375 0.575 0.559375 0.575 0.591667 0.551562 0.591667
0 0.432812 0.666146 0.453125 0.666146 0.453125 0.691667 0.432812 0.691667
0 0.610938 0.627604 0.632031 0.627604 0.632031 0.660938 0.610938 0.660938
0 0.639844 0.622396 0.658203 0.622396 0.658203 0.655729 0.639844 0.655729
0 0.638281 0.663021 0.657422 0.663021 0.657422 0.696354 0.638281 0.696354
0 0.699219 0.6375 0.718359 0.6375 0.718359 0.668229 0.699219 0.668229
0 0.713672 0.665104 0.740625 0.665104 0.740625 0.6875 0.713672 0.6875
0 0.707031 0.580729 0.726172 0.580729 0.726172 0.617188 0.707031 0.617188
0 0.7375 0.589583 0.751953 0.589583 0.751953 0.624479 0.7375 0.624479
0 0.773438 0.644792 0.802344 0.644792 0.802344 0.679167 0.773438 0.679167
0 0.782422 0.60625 0.805469 0.60625 0.805469 0.636458 0.782422 0.636458
0 0.763281 0.568229 0.788672 0.568229 0.788672 0.595833 0.763281 0.595833
0 0.798438 0.55625 0.815234 0.55625 0.815234 0.584896 0.798438 0.584896
0 0.819922 0.595833 0.846484 0.595833 0.846484 0.627604 0.819922 0.627604
0 0.817578 0.634375 0.835156 0.634375 0.835156 0.665104 0.817578 0.665104
0 0.871094 0.613021 0.887891 0.613021 0.887891 0.644792 0.871094 0.644792
0 0.845312 0.628646 0.865625 0.628646 0.865625 0.658854 0.845312 0.658854
0 0.3625 0.009896 0.3875 0.009896 0.3875 0.038021 0.3625 0.038021
0 0.391016 0.010938 0.415234 0.010938 0.415234 0.040104 0.391016 0.040104
0 0.419531 0.020833 0.438281 0.020833 0.438281 0.051562 0.419531 0.051562
0 0.375 0.046875 0.401172 0.046875 0.401172 0.077083 0.375 0.077083
0 0.410156 0.071875 0.43125 0.071875 0.43125 0.114583 0.410156 0.114583
0 0.443359 0.055729 0.465234 0.055729 0.465234 0.083854 0.443359 0.083854
0 0.377344 0.089583 0.392578 0.089583 0.392578 0.123438 0.377344 0.123438
0 0.384375 0.136979 0.411328 0.136979 0.411328 0.167188 0.384375 0.167188
0 0.400391 0.185417 0.430469 0.185417 0.430469 0.207812 0.400391 0.207812
0 0.414453 0.135938 0.440625 0.135938 0.440625 0.175 0.414453 0.175
0 0.439062 0.154688 0.463281 0.154688 0.463281 0.177083 0.439062 0.177083
0 0.447266 0.110938 0.466797 0.110938 0.466797 0.142708 0.447266 0.142708
0 0.474219 0.121354 0.49375 0.121354 0.49375 0.159375 0.474219 0.159375
0 0.490234 0.059375 0.512891 0.059375 0.512891 0.098438 0.490234 0.098438
0 0.503906 0.110938 0.527344 0.110938 0.527344 0.135938 0.503906 0.135938
0 0.516406 0.14375 0.536719 0.14375 0.536719 0.172917 0.516406 0.172917
0 0.480078 0.194271 0.510547 0.194271 0.510547 0.217708 0.480078 0.217708
0 0.456641 0.238021 0.487109 0.238021 0.487109 0.265104 0.456641 0.265104
0 0.503906 0.224479 0.5375 0.224479 0.5375 0.260417 0.503906 0.260417
0 0.523047 0.006771 0.551562 0.006771 0.551562 0.038021 0.523047 0.038021
0 0.489844 0.0 0.513672 0.0 0.513672 0.030208 0.489844 0.030208
0 0.564844 0.0 0.590234 0.0 0.590234 0.026562 0.564844 0.026562
0 0.5375 0.044792 0.560938 0.044792 0.560938 0.070833 0.5375 0.070833
0 0.562109 0.058854 0.586719 0.058854 0.586719 0.092708 0.562109 0.092708
0 0.530859 0.0875 0.555469 0.0875 0.555469 0.117188 0.530859 0.117188
0 0.559375 0.126562 0.574609 0.126562 0.574609 0.15625 0.559375 0.15625
0 0.539453 0.148438 0.557422 0.148438 0.557422 0.177083 0.539453 0.177083
0 0.603906 0.174479 0.634375 0.174479 0.634375 0.194271 0.603906 0.194271
0 0.437109 0.345312 0.466797 0.345312 0.466797 0.375521 0.437109 0.375521
0 0.438672 0.304167 0.464062 0.304167 0.464062 0.333854 0.438672 0.333854
0 0.466797 0.281771 0.494141 0.281771 0.494141 0.308854 0.466797 0.308854
0 0.501562 0.289583 0.51875 0.289583 0.51875 0.328125 0.501562 0.328125
0 0.467578 0.3375 0.498828 0.3375 0.498828 0.374479 0.467578 0.374479
0 0.510938 0.39375 0.535547 0.39375 0.535547 0.432292 0.510938 0.432292
0 0.546875 0.331771 0.574609 0.331771 0.574609 0.355208 0.546875 0.355208
0 0.538281 0.290625 0.552734 0.290625 0.552734 0.333854 0.538281 0.333854
0 0.567188 0.297396 0.5875 0.297396 0.5875 0.328125 0.567188 0.328125
0 0.567969 0.255729 0.592578 0.255729 0.592578 0.282812 0.567969 0.282812
0 0.605469 0.2375 0.628516 0.2375 0.628516 0.264583 0.605469 0.264583
0 0.632812 0.283854 0.655469 0.283854 0.655469 0.314583 0.632812 0.314583
0 0.612109 0.322396 0.638672 0.322396 0.638672 0.353125 0.612109 0.353125
0 0.578906 0.351042 0.607812 0.351042 0.607812 0.379167 0.578906 0.379167
0 0.543359 0.392708 0.562891 0.392708 0.562891 0.432292 0.543359 0.432292
0 0.603516 0.376042 0.625781 0.376042 0.625781 0.403125 0.603516 0.403125
0 0.677734 0.0 0.7 0.0 0.7 0.034375 0.677734 0.034375
0 0.666406 0.052083 0.688672 0.052083 0.688672 0.084896 0.666406 0.084896
0 0.641016 0.071354 0.657422 0.071354 0.657422 0.104688 0.641016 0.104688
0 0.658984 0.084896 0.687109 0.084896 0.687109 0.115625 0.658984 0.115625
0 0.705078 0.131771 0.719141 0.131771 0.719141 0.1625 0.705078 0.1625
0 0.737109 0.126042 0.762109 0.126042 0.762109 0.152083 0.737109 0.152083
0 0.721875 0.155208 0.732812 0.155208 0.732812 0.18125 0.721875 0.18125
0 0.690234 0.207292 0.711719 0.207292 0.711719 0.234896 0.690234 0.234896
0 0.675781 0.140625 0.694531 0.140625 0.694531 0.171354 0.675781 0.171354
0 0.730469 0.186979 0.752344 0.186979 0.752344 0.211979 0.730469 0.211979
0 0.76875 0.165625 0.796875 0.165625 0.796875 0.190625 0.76875 0.190625
0 0.757812 0.203125 0.772266 0.203125 0.772266 0.229167 0.757812 0.229167
0 0.804297 0.158854 0.828516 0.158854 0.828516 0.182812 0.804297 0.182812
0 0.763672 0.105729 0.789062 0.105729 0.789062 0.131771 0.763672 0.131771
0 0.742188 0.077083 0.767969 0.077083 0.767969 0.104167 0.742188 0.104167
0 0.724609 0.0 0.742969 0.0 0.742969 0.020833 0.724609 0.020833
0 0.750781 0.002604 0.771484 0.002604 0.771484 0.027604 0.750781 0.027604
0 0.778906 0.019271 0.801172 0.019271 0.801172 0.038542 0.778906 0.038542
0 0.804688 0.005729 0.823047 0.005729 0.823047 0.038542 0.804688 0.038542
0 0.841797 0.028646 0.866406 0.028646 0.866406 0.058854 0.841797 0.058854
0 0.863281 0.005729 0.883594 0.005729 0.883594 0.027604 0.863281 0.027604
0 0.869141 0.039583 0.896484 0.039583 0.896484 0.060417 0.869141 0.060417
0 0.88125 0.061458 0.9125 0.061458 0.9125 0.084896 0.88125 0.084896
0 0.771094 0.065625 0.789062 0.065625 0.789062 0.093229 0.771094 0.093229
0 0.796094 0.056771 0.817188 0.056771 0.817188 0.080729 0.796094 0.080729
0 0.825781 0.085417 0.841797 0.085417 0.841797 0.119271 0.825781 0.119271
0 0.850391 0.090625 0.880859 0.090625 0.880859 0.111458 0.850391 0.111458
0 0.795312 0.106771 0.813672 0.106771 0.813672 0.134896 0.795312 0.134896
0 0.882812 0.111458 0.905078 0.111458 0.905078 0.128125 0.882812 0.128125
0 0.841797 0.160938 0.869141 0.160938 0.869141 0.182812 0.841797 0.182812
0 0.802734 0.198438 0.828516 0.198438 0.828516 0.217708 0.802734 0.217708
0 0.891406 0.127083 0.915234 0.127083 0.915234 0.165625 0.891406 0.165625
0 0.927734 0.154167 0.940625 0.154167 0.940625 0.190625 0.927734 0.190625
0 0.955859 0.165625 0.972266 0.165625 0.972266 0.202083 0.955859 0.202083
0 0.874219 0.179167 0.886328 0.179167 0.886328 0.201042 0.874219 0.201042
0 0.877734 0.200521 0.903906 0.200521 0.903906 0.230208 0.877734 0.230208
0 0.9125 0.202083 0.937109 0.202083 0.937109 0.233854 0.9125 0.233854
0 0.933203 0.259896 0.954297 0.259896 0.954297 0.289062 0.933203 0.289062
0 0.938281 0.1125 0.959766 0.1125 0.959766 0.1375 0.938281 0.1375
0 0.969141 0.131771 0.992578 0.131771 0.992578 0.151562 0.969141 0.151562
0 0.415625 0.390104 0.435547 0.390104 0.435547 0.421875 0.415625 0.421875
0 0.642969 0.351562 0.658594 0.351562 0.658594 0.382292 0.642969 0.382292
0 0.670703 0.313021 0.691406 0.313021 0.691406 0.357812 0.670703 0.357812
0 0.700391 0.338542 0.714844 0.338542 0.714844 0.376042 0.700391 0.376042
0 0.717188 0.360938 0.735547 0.360938 0.735547 0.395312 0.717188 0.395312
0 0.726172 0.304688 0.75 0.304688 0.75 0.342708 0.726172 0.342708
0 0.689844 0.253125 0.719531 0.253125 0.719531 0.285417 0.689844 0.285417
0 0.724219 0.236979 0.757812 0.236979 0.757812 0.260417 0.724219 0.260417
0 0.762891 0.248958 0.785938 0.248958 0.785938 0.277604 0.762891 0.277604
0 0.776562 0.286458 0.802734 0.286458 0.802734 0.321354 0.776562 0.321354
0 0.75 0.306771 0.778906 0.306771 0.778906 0.349479 0.75 0.349479
0 0.005859 0.646875 0.031641 0.646875 0.031641 0.702083 0.005859 0.702083
0 0.844531 0.266667 0.873047 0.266667 0.873047 0.289062 0.844531 0.289062
0 0.838672 0.299479 0.867969 0.299479 0.867969 0.321875 0.838672 0.321875
0 0.819141 0.322917 0.851172 0.322917 0.851172 0.356771 0.819141 0.356771
0 0.853906 0.36875 0.884766 0.36875 0.884766 0.385938 0.853906 0.385938
0 0.881641 0.315104 0.911719 0.315104 0.911719 0.336458 0.881641 0.336458
0 0.904297 0.273438 0.935547 0.273438 0.935547 0.314062 0.904297 0.314062
0 0.961328 0.315104 0.992578 0.315104 0.992578 0.340625 0.961328 0.340625
0 0.965625 0.261979 0.989453 0.261979 0.989453 0.300521 0.965625 0.300521
0 0.877344 0.383333 0.903516 0.383333 0.903516 0.410417 0.877344 0.410417
0 0.906641 0.390104 0.938672 0.390104 0.938672 0.418229 0.906641 0.418229
0 0.955469 0.428646 0.979297 0.428646 0.979297 0.464583 0.955469 0.464583
0 0.894141 0.432812 0.924609 0.432812 0.924609 0.458854 0.894141 0.458854
0 0.857031 0.421875 0.884766 0.421875 0.884766 0.447917 0.857031 0.447917
0 0.739062 0.435417 0.76875 0.435417 0.76875 0.466667 0.739062 0.466667
0 0.710547 0.457812 0.742578 0.457812 0.742578 0.482292 0.710547 0.482292
0 0.663281 0.50625 0.689453 0.50625 0.689453 0.552083 0.663281 0.552083
0 0.695312 0.514062 0.716406 0.514062 0.716406 0.552083 0.695312 0.552083
0 0.727344 0.515104 0.754297 0.515104 0.754297 0.538542 0.727344 0.538542
0 0.713281 0.548958 0.75 0.548958 0.75 0.573438 0.713281 0.573438
0 0.748438 0.477083 0.778906 0.477083 0.778906 0.507292 0.748438 0.507292
0 0.787891 0.478125 0.816797 0.478125 0.816797 0.509375 0.787891 0.509375
0 0.782812 0.517188 0.811719 0.517188 0.811719 0.547917 0.782812 0.547917
0 0.805859 0.444271 0.837891 0.444271 0.837891 0.475521 0.805859 0.475521
0 0.827734 0.484896 0.846094 0.484896 0.846094 0.516146 0.827734 0.516146
0 0.821875 0.547917 0.854688 0.547917 0.854688 0.576042 0.821875 0.576042
0 0.861328 0.466667 0.886719 0.466667 0.886719 0.498438 0.861328 0.498438
0 0.892578 0.470312 0.91875 0.470312 0.91875 0.498438 0.892578 0.498438
0 0.893359 0.50625 0.916797 0.50625 0.916797 0.545312 0.893359 0.545312
0 0.924609 0.488021 0.949609 0.488021 0.949609 0.528646 0.924609 0.528646
0 0.858594 0.522917 0.894922 0.522917 0.894922 0.545312 0.858594 0.545312
0 0.852734 0.559896 0.894922 0.559896 0.894922 0.58125 0.852734 0.58125
0 0.937109 0.5625 0.963281 0.5625 0.963281 0.588021 0.937109 0.588021
0 0.928516 0.601562 0.960547 0.601562 0.960547 0.633333 0.928516 0.633333
0 0.965234 0.514583 0.995703 0.514583 0.995703 0.553646 0.965234 0.553646
0 0.965234 0.8125 0.990625 0.8125 0.990625 0.846354 0.965234 0.846354
0 0.971094 0.853125 0.991406 0.853125 0.991406 0.898438 0.971094 0.898438
0 0.873047 0.252604 0.901172 0.252604 0.901172 0.282292 0.873047 0.282292