0 0.1 0.021875 0.119922 0.021875 0.119922 0.044792 0.1 0.044792
0 0.122656 0.0 0.146484 0.0 0.146484 0.020833 0.122656 0.020833
0 0.151953 0.038542 0.176172 0.038542 0.176172 0.060417 0.151953 0.060417
0 0.059375 0.024479 0.085547 0.024479 0.085547 0.045312 0.059375 0.045312
0 0.048047 0.0875 0.073828 0.0875 0.073828 0.107292 0.048047 0.107292
0 0.072266 0.115625 0.093359 0.115625 0.093359 0.135417 0.072266 0.135417
0 0.098438 0.084375 0.121484 0.084375 0.121484 0.105729 0.098438 0.105729
0 0.133984 0.097917 0.155078 0.097917 0.155078 0.121875 0.133984 0.121875
0 0.046484 0.143229 0.069141 0.143229 0.069141 0.163021 0.046484 0.163021
0 0.001172 0.141667 0.027344 0.141667 0.027344 0.160938 0.001172 0.160938
0 0.001172 0.210938 0.024219 0.210938 0.024219 0.231771 0.001172 0.231771
0 0.0 0.183333 0.012891 0.183333 0.012891 0.208333 0.0 0.208333
0 0.036328 0.183333 0.052734 0.183333 0.052734 0.211458 0.036328 0.211458
0 0.064844 0.183854 0.084375 0.183854 0.084375 0.210417 0.064844 0.210417
0 0.088281 0.2125 0.105859 0.2125 0.105859 0.235938 0.088281 0.235938
0 0.105078 0.254688 0.127734 0.254688 0.127734 0.285417 0.105078 0.285417
0 0.129297 0.171875 0.149609 0.171875 0.149609 0.203125 0.129297 0.203125
0 0.169922 0.193229 0.1875 0.193229 0.1875 0.230729 0.169922 0.230729
0 0.171875 0.249479 0.189062 0.249479 0.189062 0.275521 0.171875 0.275521
0 0.164844 0.289583 0.183984 0.289583 0.183984 0.311458 0.164844 0.311458
0 0.129688 0.306771 0.151172 0.306771 0.151172 0.332812 0.129688 0.332812
0 0.027344 0.289062 0.041797 0.289062 0.041797 0.321354 0.027344 0.321354
0 0.051562 0.289583 0.070312 0.289583 0.070312 0.319271 0.051562 0.319271
0 0.002734 0.336458 0.021484 0.336458 0.021484 0.358333 0.002734 0.358333
0 0.039062 0.364062 0.058594 0.364062 0.058594 0.389062 0.039062 0.389062
0 0.0 0.385417 0.010938 0.385417 0.010938 0.409896 0.0 0.409896
0 0.079297 0.327083 0.092578 0.327083 0.092578 0.356771 0.079297 0.356771
0 0.092578 0.369271 0.112109 0.369271 0.112109 0.394271 0.092578 0.394271
0 0.123828 0.382292 0.143359 0.382292 0.143359 0.403646 0.123828 0.403646
0 0.127344 0.344792 0.146094 0.344792 0.146094 0.371875 0.127344 0.371875
0 0.089062 0.409375 0.1125 0.409375 0.1125 0.430729 0.089062 0.430729
0 0.102734 0.457292 0.125391 0.457292 0.125391 0.476562 0.102734 0.476562
0 0.192969 0.357292 0.206641 0.357292 0.206641 0.385938 0.192969 0.385938
0 0.210156 0.350521 0.225 0.350521 0.225 0.38125 0.210156 0.38125
0 0.01875 0.435417 0.040234 0.435417 0.040234 0.464583 0.01875 0.464583
0 0.057422 0.465104 0.075391 0.465104 0.075391 0.491667 0.057422 0.491667
0 0.031641 0.483854 0.053516 0.483854 0.053516 0.507292 0.031641 0.507292
0 0.034375 0.5375 0.060547 0.5375 0.060547 0.563542 0.034375 0.563542
0 0.074609 0.553125 0.098047 0.553125 0.098047 0.575 0.074609 0.575
0 0.155078 0.471354 0.178125 0.471354 0.178125 0.496354 0.155078 0.496354
0 0.123828 0.494792 0.139062 0.494792 0.139062 0.523438 0.123828 0.523438
0 0.170703 0.538021 0.189062 0.538021 0.189062 0.561979 0.170703 0.561979
0 0.162109 0.560938 0.182812 0.560938 0.182812 0.585938 0.162109 0.585938
0 0.175391 0.485417 0.191406 0.485417 0.191406 0.51875 0.175391 0.51875
0 0.122266 0.614062 0.144141 0.614062 0.144141 0.636458 0.122266 0.636458
0 0.084766 0.620312 0.104688 0.620312 0.104688 0.639583 0.084766 0.639583
0 0.0 0.625 0.020312 0.625 0.020312 0.647917 0.0 0.647917
0 0.0 0.665104 0.024609 0.665104 0.024609 0.686458 0.0 0.686458
0 0.030859 0.683854 0.047266 0.683854 0.047266 0.714583 0.030859 0.714583
0 0.082031 0.678646 0.098047 0.678646 0.098047 0.714583 0.082031 0.714583
0 0.114062 0.675521 0.134766 0.675521 0.134766 0.697917 0.114062 0.697917
0 0.076953 0.91875 0.090625 0.91875 0.090625 0.946875 0.076953 0.946875
0 0.099219 0.95625 0.112109 0.95625 0.112109 0.982812 0.099219 0.982812
0 0.050781 0.959375 0.075 0.959375 0.075 0.982292 0.050781 0.982292
0 0.095703 0.864583 0.112891 0.864583 0.112891 0.898958 0.095703 0.898958
0 0.119922 0.909375 0.137109 0.909375 0.137109 0.939583 0.119922 0.939583
0 0.142188 0.888542 0.158984 0.888542 0.158984 0.918229 0.142188 0.918229
0 0.162891 0.959375 0.179297 0.959375 0.179297 0.993229 0.162891 0.993229
0 0.214453 0.961458 0.2375 0.961458 0.2375 0.992188 0.214453 0.992188
0 0.193359 0.900521 0.208594 0.900521 0.208594 0.933854 0.193359 0.933854
0 0.280078 0.927083 0.295703 0.927083 0.295703 0.955729 0.280078 0.955729
0 0.314453 0.946354 0.335156 0.946354 0.335156 0.971875 0.314453 0.971875
0 0.346875 0.963542 0.369531 0.963542 0.369531 0.983333 0.346875 0.983333
0 0.303516 0.910938 0.321875 0.910938 0.321875 0.938542 0.303516 0.938542
0 0.228516 0.908333 0.249219 0.908333 0.249219 0.93125 0.228516 0.93125
0 0.213672 0.859896 0.228516 0.859896 0.228516 0.878646 0.213672 0.878646
0 0.21875 0.825521 0.239844 0.825521 0.239844 0.847396 0.21875 0.847396
0 0.239844 0.800521 0.261719 0.800521 0.261719 0.819792 0.239844 0.819792
0 0.190234 0.789583 0.212109 0.789583 0.212109 0.8125 0.190234 0.8125
0 0.296484 0.833854 0.312109 0.833854 0.312109 0.863021 0.296484 0.863021
0 0.260156 0.890104 0.273438 0.890104 0.273438 0.915625 0.260156 0.915625
0 0.207422 0.731771 0.229297 0.731771 0.229297 0.756771 0.207422 0.756771
0 0.241797 0.744792 0.258594 0.744792 0.258594 0.773958 0.241797 0.773958
0 0.264062 0.772917 0.279688 0.772917 0.279688 0.802604 0.264062 0.802604
0 0.299609 0.051042 0.321484 0.051042 0.321484 0.075521 0.299609 0.075521
0 0.301562 0.084375 0.325391 0.084375 0.325391 0.103125 0.301562 0.103125
0 0.336328 0.088542 0.363281 0.088542 0.363281 0.111979 0.336328 0.111979
0 0.322656 0.124479 0.345703 0.124479 0.345703 0.145312 0.322656 0.145312
0 0.341797 0.173958 0.366406 0.173958 0.366406 0.196875 0.341797 0.196875
0 0.354688 0.13125 0.374219 0.13125 0.374219 0.155208 0.354688 0.155208
0 0.309375 0.191146 0.328125 0.191146 0.328125 0.217188 0.309375 0.217188
0 0.408984 0.183333 0.434766 0.183333 0.434766 0.205208 0.408984 0.205208
0 0.455078 0.186979 0.478125 0.186979 0.478125 0.209375 0.455078 0.209375
0 0.485938 0.147917 0.508203 0.147917 0.508203 0.166146 0.485938 0.166146
0 0.441406 0.05 0.461719 0.05 0.461719 0.071875 0.441406 0.071875
0 0.470703 0.050521 0.488281 0.050521 0.488281 0.0875 0.470703 0.0875
0 0.437891 0.000521 0.464453 0.000521 0.464453 0.026042 0.437891 0.026042
0 0.476953 0.001562 0.497656 0.001562 0.497656 0.027083 0.476953 0.027083
0 0.532031 0.0 0.553516 0.0 0.553516 0.0125 0.532031 0.0125
0 0.313672 0.231771 0.337109 0.231771 0.337109 0.253646 0.313672 0.253646
0 0.343359 0.232812 0.365234 0.232812 0.365234 0.255729 0.343359 0.255729
0 0.319141 0.280208 0.336719 0.280208 0.336719 0.310417 0.319141 0.310417
0 0.403516 0.225 0.419531 0.225 0.419531 0.252604 0.403516 0.252604
0 0.382812 0.235417 0.395703 0.235417 0.395703 0.261458 0.382812 0.261458
0 0.457031 0.225521 0.480078 0.225521 0.480078 0.247917 0.457031 0.247917
0 0.447266 0.261458 0.466406 0.261458 0.466406 0.292708 0.447266 0.292708
0 0.388281 0.316667 0.405859 0.316667 0.405859 0.345833 0.388281 0.345833
0 0.394922 0.289062 0.415234 0.289062 0.415234 0.306771 0.394922 0.306771
0 0.426172 0.318229 0.45 0.318229 0.45 0.342708 0.426172 0.342708
0 0.4 0.351562 0.423438 0.351562 0.423438 0.373958 0.4 0.373958
0 0.346875 0.348958 0.363672 0.348958 0.363672 0.379167 0.346875 0.379167
0 0.323828 0.382812 0.339453 0.382812 0.339453 0.411979 0.323828 0.411979
0 0.298438 0.428125 0.319141 0.428125 0.319141 0.450521 0.298438 0.450521
0 0.314844 0.455208 0.334375 0.455208 0.334375 0.476042 0.314844 0.476042
0 0.295312 0.477604 0.319141 0.477604 0.319141 0.501562 0.295312 0.501562
0 0.299609 0.507812 0.319531 0.507812 0.319531 0.536458 0.299609 0.536458
0 0.370703 0.424479 0.3875 0.424479 0.3875 0.453646 0.370703 0.453646
0 0.40625 0.424479 0.420312 0.424479 0.420312 0.45625 0.40625 0.45625
0 0.439844 0.420312 0.454297 0.420312 0.454297 0.454167 0.439844 0.454167
0 0.433984 0.372917 0.457031 0.372917 0.457031 0.396875 0.433984 0.396875
0 0.46875 0.372917 0.484766 0.372917 0.484766 0.406771 0.46875 0.406771
0 0.489844 0.391146 0.507812 0.391146 0.507812 0.410417 0.489844 0.410417
0 0.377344 0.466667 0.392578 0.466667 0.392578 0.490625 0.377344 0.490625
0 0.398438 0.475521 0.422266 0.475521 0.422266 0.500521 0.398438 0.500521
0 0.445312 0.477604 0.46875 0.477604 0.46875 0.500521 0.445312 0.500521
0 0.362891 0.516146 0.385547 0.516146 0.385547 0.546875 0.362891 0.546875
0 0.390625 0.513542 0.413672 0.513542 0.413672 0.540104 0.390625 0.540104
0 0.417578 0.528125 0.435156 0.528125 0.435156 0.558854 0.417578 0.558854
0 0.442578 0.509896 0.461719 0.509896 0.461719 0.540104 0.442578 0.540104
0 0.46875 0.505208 0.487891 0.505208 0.487891 0.536979 0.46875 0.536979
0 0.505469 0.489062 0.521484 0.489062 0.521484 0.51875 0.505469 0.51875
0 0.487109 0.548958 0.511328 0.548958 0.511328 0.573438 0.487109 0.573438
0 0.444922 0.560417 0.465625 0.560417 0.465625 0.583854 0.444922 0.583854
0 0.401172 0.582812 0.420312 0.582812 0.420312 0.607812 0.401172 0.607812
0 0.367578 0.593229 0.380078 0.593229 0.380078 0.625 0.367578 0.625
0 0.382031 0.560417 0.403125 0.560417 0.403125 0.58125 0.382031 0.58125
0 0.415625 0.635417 0.439453 0.635417 0.439453 0.664583 0.415625 0.664583
0 0.466406 0.619792 0.481641 0.619792 0.481641 0.646354 0.466406 0.646354
0 0.462891 0.694792 0.484766 0.694792 0.484766 0.715625 0.462891 0.715625
0 0.46875 0.746354 0.488281 0.746354 0.488281 0.772396 0.46875 0.772396
0 0.420312 0.759896 0.448438 0.759896 0.448438 0.790625 0.420312 0.790625
0 0.43125 0.723958 0.449219 0.723958 0.449219 0.744271 0.43125 0.744271
0 0.501953 0.679167 0.525781 0.679167 0.525781 0.698438 0.501953 0.698438
0 0.55 0.751562 0.569922 0.751562 0.569922 0.772917 0.55 0.772917
0 0.517969 0.778125 0.542969 0.778125 0.542969 0.8 0.517969 0.8
0 0.562109 0.793229 0.578516 0.793229 0.578516 0.826042 0.562109 0.826042
0 0.496484 0.816667 0.516797 0.816667 0.516797 0.840625 0.496484 0.840625
0 0.408594 0.828646 0.428516 0.828646 0.428516 0.854167 0.408594 0.854167
0 0.349219 0.930208 0.369922 0.930208 0.369922 0.954688 0.349219 0.954688
0 0.460156 0.906771 0.476172 0.906771 0.476172 0.932292 0.460156 0.932292
0 0.502344 0.911979 0.521094 0.911979 0.521094 0.939583 0.502344 0.939583
0 0.494531 0.956771 0.513672 0.956771 0.513672 0.984375 0.494531 0.984375
0 0.519531 0.955208 0.534375 0.955208 0.534375 0.989583 0.519531 0.989583
0 0.462891 0.830208 0.486719 0.830208 0.486719 0.851562 0.462891 0.851562
0 0.498438 0.854688 0.519922 0.854688 0.519922 0.880729 0.498438 0.880729
0 0.533984 0.876042 0.556641 0.876042 0.556641 0.901042 0.533984 0.901042
0 0.460156 0.857812 0.486719 0.857812 0.486719 0.883854 0.460156 0.883854
0 0.555859 0.940104 0.580469 0.940104 0.580469 0.964583 0.555859 0.964583
0 0.600391 0.858333 0.624219 0.858333 0.624219 0.883333 0.600391 0.883333
0 0.616406 0.894271 0.642188 0.894271 0.642188 0.920833 0.616406 0.920833
0 0.629297 0.975521 0.651562 0.975521 0.651562 0.995312 0.629297 0.995312
0 0.664062 0.965625 0.680078 0.965625 0.680078 0.994792 0.664062 0.994792
0 0.652734 0.907812 0.666797 0.907812 0.666797 0.936979 0.652734 0.936979
0 0.647656 0.853646 0.666797 0.853646 0.666797 0.879688 0.647656 0.879688
0 0.69375 0.920833 0.710547 0.920833 0.710547 0.953125 0.69375 0.953125
0 0.56875 0.88125 0.585938 0.88125 0.585938 0.904167 0.56875 0.904167
0 0.632422 0.808854 0.648828 0.808854 0.648828 0.835938 0.632422 0.835938
0 0.589062 0.796875 0.612891 0.796875 0.612891 0.819271 0.589062 0.819271
0 0.666406 0.779167 0.697656 0.779167 0.697656 0.805208 0.666406 0.805208
0 0.705469 0.804167 0.725781 0.804167 0.725781 0.832812 0.705469 0.832812
0 0.738281 0.827083 0.762891 0.827083 0.762891 0.853125 0.738281 0.853125
0 0.698828 0.860417 0.715625 0.860417 0.715625 0.891667 0.698828 0.891667
0 0.73125 0.914062 0.752734 0.914062 0.752734 0.938542 0.73125 0.938542
0 0.779297 0.935417 0.796484 0.935417 0.796484 0.963542 0.779297 0.963542
0 0.715625 0.955208 0.740625 0.955208 0.740625 0.976042 0.715625 0.976042
0 0.917578 0.899479 0.930078 0.899479 0.930078 0.929688 0.917578 0.929688
0 0.969141 0.886458 0.987891 0.886458 0.987891 0.920833 0.969141 0.920833
0 0.860938 0.826562 0.878125 0.826562 0.878125 0.864062 0.860938 0.864062
0 0.904297 0.813542 0.923828 0.813542 0.923828 0.847396 0.904297 0.847396
0 0.932812 0.808854 0.951172 0.808854 0.951172 0.835417 0.932812 0.835417
0 0.856641 0.788542 0.879688 0.788542 0.879688 0.811458 0.856641 0.811458
0 0.941406 0.766667 0.961328 0.766667 0.961328 0.789062 0.941406 0.789062
0 0.970312 0.785417 0.989453 0.785417 0.989453 0.823958 0.970312 0.823958
0 0.976172 0.838021 0.995312 0.838021 0.995312 0.867708 0.976172 0.867708
0 0.766406 0.805729 0.788672 0.805729 0.788672 0.834896 0.766406 0.834896
0 0.750391 0.771875 0.773438 0.771875 0.773438 0.795833 0.750391 0.795833
0 0.743359 0.73125 0.768359 0.73125 0.768359 0.753646 0.743359 0.753646
0 0.703125 0.697396 0.722656 0.697396 0.722656 0.723438 0.703125 0.723438
0 0.728906 0.696354 0.751953 0.696354 0.751953 0.721354 0.728906 0.721354
0 0.677734 0.716146 0.694141 0.716146 0.694141 0.746354 0.677734 0.746354
0 0.85625 0.716667 0.873828 0.716667 0.873828 0.75 0.85625 0.75
0 0.917578 0.728646 0.937109 0.728646 0.937109 0.747917 0.917578 0.747917
0 0.908594 0.678646 0.930078 0.678646 0.930078 0.70625 0.908594 0.70625
0 0.948828 0.697396 0.970312 0.697396 0.970312 0.719271 0.948828 0.719271
0 0.945703 0.635938 0.968359 0.635938 0.968359 0.664062 0.945703 0.664062
0 0.889062 0.615104 0.907422 0.615104 0.907422 0.65 0.889062 0.65
0 0.580078 0.653125 0.601953 0.653125 0.601953 0.680208 0.580078 0.680208
0 0.616016 0.684375 0.638281 0.684375 0.638281 0.705208 0.616016 0.705208
0 0.626172 0.646875 0.642578 0.646875 0.642578 0.672917 0.626172 0.672917
0 0.656641 0.6375 0.679688 0.6375 0.679688 0.666667 0.656641 0.666667
0 0.690234 0.640104 0.709766 0.640104 0.709766 0.664062 0.690234 0.664062
0 0.661719 0.602083 0.685156 0.602083 0.685156 0.623438 0.661719 0.623438
0 0.710547 0.614583 0.735938 0.614583 0.735938 0.6375 0.710547 0.6375
0 0.745703 0.597396 0.774219 0.597396 0.774219 0.622396 0.745703 0.622396
0 0.565625 0.579688 0.585938 0.579688 0.585938 0.601562 0.565625 0.601562
0 0.602734 0.583333 0.622266 0.583333 0.622266 0.609896 0.602734 0.609896
0 0.540625 0.557812 0.557031 0.557812 0.557031 0.584896 0.540625 0.584896
0 0.598438 0.539062 0.615625 0.539062 0.615625 0.563021 0.598438 0.563021
0 0.547266 0.501042 0.571875 0.501042 0.571875 0.530208 0.547266 0.530208
0 0.628906 0.527604 0.653125 0.527604 0.653125 0.549479 0.628906 0.549479
0 0.653906 0.511458 0.66875 0.511458 0.66875 0.534375 0.653906 0.534375
0 0.677734 0.508854 0.691797 0.508854 0.691797 0.538542 0.677734 0.538542
0 0.692188 0.553646 0.714062 0.553646 0.714062 0.579167 0.692188 0.579167
0 0.719141 0.538021 0.738672 0.538021 0.738672 0.563021 0.719141 0.563021
0 0.876953 0.0 0.896484 0.0 0.896484 0.015625 0.876953 0.015625
0 0.922656 0.0 0.941797 0.0 0.941797 0.020833 0.922656 0.020833
0 0.954297 0.001042 0.976562 0.001042 0.976562 0.020312 0.954297 0.020312
0 0.957812 0.033333 0.980469 0.033333 0.980469 0.053646 0.957812 0.053646
0 0.892969 0.033333 0.913281 0.033333 0.913281 0.055208 0.892969 0.055208
0 0.863281 0.018229 0.877344 0.018229 0.877344 0.044271 0.863281 0.044271
0 0.823047 0.042708 0.842969 0.042708 0.842969 0.067708 0.823047 0.067708
0 0.84375 0.088542 0.858984 0.088542 0.858984 0.123438 0.84375 0.123438
0 0.880859 0.072917 0.90625 0.072917 0.90625 0.097396 0.880859 0.097396
0 0.789453 0.028646 0.805469 0.028646 0.805469 0.048958 0.789453 0.048958
0 0.791406 0.060938 0.805859 0.060938 0.805859 0.089062 0.791406 0.089062
0 0.806641 0.083854 0.824219 0.083854 0.824219 0.104688 0.806641 0.104688
0 0.755859 0.041667 0.775781 0.041667 0.775781 0.067708 0.755859 0.067708
0 0.740234 0.092188 0.763672 0.092188 0.763672 0.11875 0.740234 0.11875
0 0.685156 0.0 0.712109 0.0 0.712109 0.015625 0.685156 0.015625
0 0.721094 0.0 0.740234 0.0 0.740234 0.021875 0.721094 0.021875
0 0.666406 0.027083 0.689844 0.027083 0.689844 0.046354 0.666406 0.046354
0 0.683203 0.061458 0.704688 0.061458 0.704688 0.086458 0.683203 0.086458
0 0.647266 0.105729 0.674219 0.105729 0.674219 0.127604 0.647266 0.127604
0 0.696875 0.123958 0.720312 0.123958 0.720312 0.145833 0.696875 0.145833
0 0.633203 0.153646 0.650781 0.153646 0.650781 0.186979 0.633203 0.186979
0 0.66875 0.176042 0.694531 0.176042 0.694531 0.200521 0.66875 0.200521
0 0.56875 0.155208 0.582422 0.155208 0.582422 0.185417 0.56875 0.185417
0 0.594531 0.144271 0.613672 0.144271 0.613672 0.172396 0.594531 0.172396
0 0.497656 0.192708 0.518359 0.192708 0.518359 0.218229 0.497656 0.218229
0 0.566016 0.203125 0.586719 0.203125 0.586719 0.233333 0.566016 0.233333
0 0.591016 0.183854 0.609766 0.183854 0.609766 0.205729 0.591016 0.205729
0 0.607031 0.209375 0.624609 0.209375 0.624609 0.2375 0.607031 0.2375
0 0.633984 0.201042 0.653906 0.201042 0.653906 0.232292 0.633984 0.232292
0 0.509375 0.271875 0.528516 0.271875 0.528516 0.297917 0.509375 0.297917
0 0.509766 0.332292 0.534375 0.332292 0.534375 0.367188 0.509766 0.367188
0 0.476172 0.315104 0.494922 0.315104 0.494922 0.339583 0.476172 0.339583
0 0.588281 0.254167 0.603125 0.254167 0.603125 0.280729 0.588281 0.280729
0 0.645312 0.268229 0.664844 0.268229 0.664844 0.296354 0.645312 0.296354
0 0.678516 0.241146 0.701562 0.241146 0.701562 0.267708 0.678516 0.267708
0 0.711328 0.206771 0.729297 0.206771 0.729297 0.233854 0.711328 0.233854
0 0.739062 0.192188 0.7625 0.192188 0.7625 0.214062 0.739062 0.214062
0 0.564844 0.375 0.583594 0.375 0.583594 0.403646 0.564844 0.403646
0 0.605469 0.386458 0.626953 0.386458 0.626953 0.415104 0.605469 0.415104
0 0.470312 0.444792 0.489453 0.444792 0.489453 0.470312 0.470312 0.470312
0 0.523438 0.41875 0.544141 0.41875 0.544141 0.455729 0.523438 0.455729
0 0.571875 0.44375 0.586719 0.44375 0.586719 0.469271 0.571875 0.469271
0 0.606641 0.464062 0.627734 0.464062 0.627734 0.489062 0.606641 0.489062
0 0.648828 0.394271 0.668359 0.394271 0.668359 0.415625 0.648828 0.415625
0 0.674219 0.354167 0.694922 0.354167 0.694922 0.378646 0.674219 0.378646
0 0.715234 0.391146 0.733984 0.391146 0.733984 0.417188 0.715234 0.417188
0 0.698047 0.449479 0.713281 0.449479 0.713281 0.471875 0.698047 0.471875
0 0.640234 0.447396 0.657812 0.447396 0.657812 0.466667 0.640234 0.466667
0 0.685156 0.478125 0.708203 0.478125 0.708203 0.502604 0.685156 0.502604
0 0.676172 0.418229 0.697266 0.418229 0.697266 0.441146 0.676172 0.441146
0 0.648047 0.334375 0.669141 0.334375 0.669141 0.361458 0.648047 0.361458
0 0.706641 0.295833 0.730078 0.295833 0.730078 0.316146 0.706641 0.316146
0 0.746875 0.290104 0.769141 0.290104 0.769141 0.316146 0.746875 0.316146
0 0.780469 0.290625 0.801953 0.290625 0.801953 0.314583 0.780469 0.314583
0 0.767188 0.332292 0.788672 0.332292 0.788672 0.355729 0.767188 0.355729
0 0.786328 0.372396 0.80625 0.372396 0.80625 0.4 0.786328 0.4
0 0.747656 0.384375 0.764844 0.384375 0.764844 0.403646 0.747656 0.403646
0 0.736719 0.3375 0.753906 0.3375 0.753906 0.357292 0.736719 0.357292
0 0.792969 0.417188 0.814453 0.417188 0.814453 0.439062 0.792969 0.439062
0 0.821094 0.327604 0.840625 0.327604 0.840625 0.359896 0.821094 0.359896
0 0.761328 0.257812 0.785156 0.257812 0.785156 0.283854 0.761328 0.283854
0 0.783594 0.230729 0.806641 0.230729 0.806641 0.257292 0.783594 0.257292
0 0.832031 0.268229 0.8625 0.268229 0.8625 0.297396 0.832031 0.297396
0 0.868359 0.282292 0.8875 0.282292 0.8875 0.317708 0.868359 0.317708
0 0.79375 0.191146 0.814453 0.191146 0.814453 0.213542 0.79375 0.213542
0 0.827734 0.180729 0.852734 0.180729 0.852734 0.20625 0.827734 0.20625
0 0.872266 0.15625 0.889062 0.15625 0.889062 0.194271 0.872266 0.194271
0 0.910547 0.158333 0.930078 0.158333 0.930078 0.182292 0.910547 0.182292
0 0.910547 0.126562 0.930078 0.126562 0.930078 0.151042 0.910547 0.151042
0 0.942578 0.138021 0.960156 0.138021 0.960156 0.160938 0.942578 0.160938
0 0.975391 0.130729 0.998047 0.130729 0.998047 0.151562 0.975391 0.151562
0 0.972656 0.188542 0.99375 0.188542 0.99375 0.207812 0.972656 0.207812
0 0.928125 0.203125 0.947656 0.203125 0.947656 0.230729 0.928125 0.230729
0 0.904297 0.193229 0.919531 0.193229 0.919531 0.219792 0.904297 0.219792
0 0.930078 0.248438 0.949609 0.248438 0.949609 0.266146 0.930078 0.266146
0 0.895703 0.226562 0.9125 0.226562 0.9125 0.252083 0.895703 0.252083
0 0.944141 0.385938 0.967188 0.385938 0.967188 0.410417 0.944141 0.410417
0 0.978906 0.40625 0.997656 0.40625 0.997656 0.435938 0.978906 0.435938
0 0.948828 0.420833 0.967188 0.420833 0.967188 0.453125 0.948828 0.453125
0 0.930078 0.460938 0.953906 0.460938 0.953906 0.483854 0.930078 0.483854
0 0.962891 0.496354 0.983984 0.496354 0.983984 0.519792 0.962891 0.519792
0 0.941406 0.524479 0.967578 0.524479 0.967578 0.552604 0.941406 0.552604
0 0.912891 0.540104 0.933203 0.540104 0.933203 0.564583 0.912891 0.564583
0 0.872656 0.555208 0.896094 0.555208 0.896094 0.588542 0.872656 0.588542
0 0.980859 0.576042 0.999609 0.576042 0.999609 0.615104 0.980859 0.615104
0 0.921484 0.590625 0.941406 0.590625 0.941406 0.608854 0.921484 0.608854
0 0.742578 0.508854 0.762109 0.508854 0.762109 0.532292 0.742578 0.532292
0 0.772266 0.504687 0.790234 0.504687 0.790234 0.53125 0.772266 0.53125
0 0.8 0.514062 0.816797 0.514062 0.816797 0.5375 0.8 0.5375