0 0.109375 0.026042 0.129688 0.026042 0.129688 0.054167 0.109375 0.054167
0 0.130859 0.005729 0.144141 0.005729 0.144141 0.032292 0.130859 0.032292
0 0.153125 0.001562 0.169531 0.001562 0.169531 0.017708 0.153125 0.017708
0 0.180859 0.0 0.201562 0.0 0.201562 0.024479 0.180859 0.024479
0 0.219531 0.004167 0.237109 0.004167 0.237109 0.023958 0.219531 0.023958
0 0.242969 0.017708 0.260938 0.017708 0.260938 0.047396 0.242969 0.047396
0 0.209375 0.040625 0.233594 0.040625 0.233594 0.064062 0.209375 0.064062
0 0.226562 0.070833 0.246875 0.070833 0.246875 0.105729 0.226562 0.105729
0 0.276953 0.09375 0.301172 0.09375 0.301172 0.128646 0.276953 0.128646
0 0.326953 0.067708 0.335547 0.067708 0.335547 0.097396 0.326953 0.097396
0 0.34375 0.053646 0.370312 0.053646 0.370312 0.085938 0.34375 0.085938
0 0.331641 0.100521 0.356641 0.100521 0.356641 0.124479 0.331641 0.124479
0 0.309375 0.126562 0.330469 0.126562 0.330469 0.141146 0.309375 0.141146
0 0.278125 0.147396 0.296875 0.147396 0.296875 0.167188 0.278125 0.167188
0 0.150391 0.054167 0.166016 0.054167 0.166016 0.073438 0.150391 0.073438
0 0.175391 0.038542 0.195312 0.038542 0.195312 0.074479 0.175391 0.074479
0 0.104688 0.057292 0.135938 0.057292 0.135938 0.082812 0.104688 0.082812
0 0.102734 0.0875 0.116406 0.0875 0.116406 0.103646 0.102734 0.103646
0 0.119922 0.107812 0.146875 0.107812 0.146875 0.122917 0.119922 0.122917
0 0.154688 0.094271 0.176172 0.094271 0.176172 0.114062 0.154688 0.114062
0 0.191016 0.139062 0.211719 0.139062 0.211719 0.169792 0.191016 0.169792
0 0.219922 0.130208 0.236328 0.130208 0.236328 0.165625 0.219922 0.165625
0 0.242969 0.180729 0.267578 0.180729 0.267578 0.208333 0.242969 0.208333
0 0.170703 0.19375 0.194922 0.19375 0.194922 0.213542 0.170703 0.213542
0 0.136328 0.194792 0.158984 0.194792 0.158984 0.221354 0.136328 0.221354
0 0.15 0.233854 0.172266 0.233854 0.172266 0.25625 0.15 0.25625
0 0.196875 0.207812 0.208594 0.207812 0.208594 0.244271 0.196875 0.244271
0 0.194141 0.260938 0.229688 0.260938 0.229688 0.3 0.194141 0.3
0 0.161719 0.26875 0.186328 0.26875 0.186328 0.301562 0.161719 0.301562
0 0.130469 0.296354 0.150781 0.296354 0.150781 0.329688 0.130469 0.329688
0 0.249219 0.265104 0.273828 0.265104 0.273828 0.292708 0.249219 0.292708
0 0.267188 0.205729 0.281641 0.205729 0.281641 0.238021 0.267188 0.238021
0 0.294531 0.2375 0.321875 0.2375 0.321875 0.261458 0.294531 0.261458
0 0.281641 0.277083 0.305078 0.277083 0.305078 0.313542 0.281641 0.313542
0 0.317578 0.275521 0.351953 0.275521 0.351953 0.308333 0.317578 0.308333
0 0.333203 0.327604 0.356641 0.327604 0.356641 0.353646 0.333203 0.353646
0 0.286328 0.354688 0.307812 0.354688 0.307812 0.384896 0.286328 0.384896
0 0.312891 0.365104 0.336328 0.365104 0.336328 0.395312 0.312891 0.395312
0 0.230859 0.345833 0.248438 0.345833 0.248438 0.372917 0.230859 0.372917
0 0.203516 0.346875 0.219141 0.346875 0.219141 0.371875 0.203516 0.371875
0 0.155859 0.349479 0.186328 0.349479 0.186328 0.378125 0.155859 0.378125
0 0.160547 0.296354 0.191016 0.296354 0.191016 0.33125 0.160547 0.33125
0 0.096484 0.348438 0.115625 0.348438 0.115625 0.379167 0.096484 0.379167
0 0.121484 0.3625 0.142969 0.3625 0.142969 0.397917 0.121484 0.397917
0 0.164844 0.384375 0.200781 0.384375 0.200781 0.403646 0.164844 0.403646
0 0.411328 0.0 0.439453 0.0 0.439453 0.017188 0.411328 0.017188
0 0.401172 0.046875 0.414844 0.046875 0.414844 0.076562 0.401172 0.076562
0 0.444531 0.060417 0.461719 0.060417 0.461719 0.094792 0.444531 0.094792
0 0.464844 0.067188 0.482812 0.067188 0.482812 0.100521 0.464844 0.100521
0 0.491797 0.055729 0.50625 0.055729 0.50625 0.090625 0.491797 0.090625
0 0.507422 0.031771 0.53125 0.031771 0.53125 0.059375 0.507422 0.059375
0 0.484766 0.001562 0.502344 0.001562 0.502344 0.0375 0.484766 0.0375
0 0.534766 0.0 0.558594 0.0 0.558594 0.028646 0.534766 0.028646
0 0.567578 0.014583 0.583984 0.014583 0.583984 0.048438 0.567578 0.048438
0 0.602344 0.011458 0.620312 0.011458 0.620312 0.039062 0.602344 0.039062
0 0.451172 0.116146 0.474609 0.116146 0.474609 0.148438 0.451172 0.148438
0 0.417188 0.100521 0.439453 0.100521 0.439453 0.133333 0.417188 0.133333
0 0.397656 0.095833 0.414844 0.095833 0.414844 0.127083 0.397656 0.127083
0 0.312891 0.188542 0.335547 0.188542 0.335547 0.217188 0.312891 0.217188
0 0.337891 0.194271 0.355859 0.194271 0.355859 0.221354 0.337891 0.221354
0 0.324609 0.236458 0.340625 0.236458 0.340625 0.257812 0.324609 0.257812
0 0.691406 0.059896 0.707422 0.059896 0.707422 0.090104 0.691406 0.090104
0 0.726953 0.05 0.748438 0.05 0.748438 0.084375 0.726953 0.084375
0 0.711719 0.082812 0.741406 0.082812 0.741406 0.114062 0.711719 0.114062
0 0.698828 0.125521 0.723828 0.125521 0.723828 0.152604 0.698828 0.152604
0 0.770703 0.095833 0.794922 0.095833 0.794922 0.126562 0.770703 0.126562
0 0.743359 0.0 0.769531 0.0 0.769531 0.022917 0.743359 0.022917
0 0.770312 0.041146 0.784766 0.041146 0.784766 0.058333 0.770312 0.058333
0 0.773047 0.152604 0.797656 0.152604 0.797656 0.182812 0.773047 0.182812
0 0.787891 0.014062 0.810938 0.014062 0.810938 0.051562 0.787891 0.051562
0 0.857812 0.027083 0.86875 0.027083 0.86875 0.052604 0.857812 0.052604
0 0.878125 0.026562 0.893359 0.026562 0.893359 0.057812 0.878125 0.057812
0 0.854297 0.071354 0.876953 0.071354 0.876953 0.100521 0.854297 0.100521
0 0.796484 0.119792 0.813672 0.119792 0.813672 0.150521 0.796484 0.150521
0 0.829688 0.122917 0.851953 0.122917 0.851953 0.152083 0.829688 0.152083
0 0.9125 0.032292 0.937109 0.032292 0.937109 0.060417 0.9125 0.060417
0 0.946484 0.057812 0.966016 0.057812 0.966016 0.084375 0.946484 0.084375
0 0.964062 0.0 0.986328 0.0 0.986328 0.027083 0.964062 0.027083
0 0.892969 0.095312 0.912891 0.095312 0.912891 0.127083 0.892969 0.127083
0 0.914062 0.084896 0.940625 0.084896 0.940625 0.116146 0.914062 0.116146
0 0.946484 0.089583 0.971875 0.089583 0.971875 0.123958 0.946484 0.123958
0 0.794922 0.178125 0.822266 0.178125 0.822266 0.204688 0.794922 0.204688
0 0.828125 0.213542 0.850781 0.213542 0.850781 0.240104 0.828125 0.240104
0 0.870703 0.205729 0.891797 0.205729 0.891797 0.227083 0.870703 0.227083
0 0.883594 0.238542 0.911328 0.238542 0.911328 0.260938 0.883594 0.260938
0 0.850391 0.25 0.874219 0.25 0.874219 0.274479 0.850391 0.274479
0 0.810547 0.24375 0.825 0.24375 0.825 0.272917 0.810547 0.272917
0 0.773438 0.221875 0.801953 0.221875 0.801953 0.248958 0.773438 0.248958
0 0.727734 0.172917 0.752734 0.172917 0.752734 0.208854 0.727734 0.208854
0 0.617188 0.196875 0.637109 0.196875 0.637109 0.234896 0.617188 0.234896
0 0.598438 0.211458 0.614453 0.211458 0.614453 0.248958 0.598438 0.248958
0 0.571094 0.220312 0.589453 0.220312 0.589453 0.255208 0.571094 0.255208
0 0.551172 0.271354 0.574609 0.271354 0.574609 0.309896 0.551172 0.309896
0 0.582422 0.260417 0.611719 0.260417 0.611719 0.285938 0.582422 0.285938
0 0.578906 0.29375 0.607812 0.29375 0.607812 0.320833 0.578906 0.320833
0 0.614453 0.291667 0.632031 0.291667 0.632031 0.329688 0.614453 0.329688
0 0.627734 0.243229 0.645703 0.243229 0.645703 0.290625 0.627734 0.290625
0 0.655469 0.275 0.679297 0.275 0.679297 0.296354 0.655469 0.296354
0 0.688281 0.222917 0.711328 0.222917 0.711328 0.261458 0.688281 0.261458
0 0.673438 0.204167 0.688281 0.204167 0.688281 0.229688 0.673438 0.229688
0 0.717188 0.240104 0.732422 0.240104 0.732422 0.276042 0.717188 0.276042
0 0.690234 0.300521 0.71875 0.300521 0.71875 0.327604 0.690234 0.327604
0 0.715234 0.339062 0.740625 0.339062 0.740625 0.356771 0.715234 0.356771
0 0.739844 0.300521 0.7625 0.300521 0.7625 0.326562 0.739844 0.326562
0 0.757422 0.278125 0.786328 0.278125 0.786328 0.305208 0.757422 0.305208
0 0.805469 0.29375 0.831641 0.29375 0.831641 0.321875 0.805469 0.321875
0 0.846875 0.313021 0.860156 0.313021 0.860156 0.334375 0.846875 0.334375
0 0.789453 0.343229 0.808984 0.343229 0.808984 0.371354 0.789453 0.371354
0 0.820703 0.356771 0.839062 0.356771 0.839062 0.397396 0.820703 0.397396
0 0.851953 0.338021 0.874609 0.338021 0.874609 0.376042 0.851953 0.376042
0 0.885547 0.356771 0.916016 0.356771 0.916016 0.382812 0.885547 0.382812
0 0.920703 0.379167 0.941016 0.379167 0.941016 0.407292 0.920703 0.407292
0 0.950391 0.346875 0.976562 0.346875 0.976562 0.381771 0.950391 0.381771
0 0.620312 0.444271 0.633984 0.444271 0.633984 0.474479 0.620312 0.474479
0 0.639453 0.432812 0.658594 0.432812 0.658594 0.451562 0.639453 0.451562
0 0.587109 0.455208 0.610156 0.455208 0.610156 0.476562 0.587109 0.476562
0 0.587109 0.480729 0.614453 0.480729 0.614453 0.503646 0.587109 0.503646
0 0.641797 0.46875 0.680078 0.46875 0.680078 0.498958 0.641797 0.498958
0 0.694922 0.427083 0.713672 0.427083 0.713672 0.463021 0.694922 0.463021
0 0.724219 0.430729 0.75 0.430729 0.75 0.460417 0.724219 0.460417
0 0.752344 0.398438 0.778906 0.398438 0.778906 0.428125 0.752344 0.428125
0 0.776172 0.436979 0.795312 0.436979 0.795312 0.471354 0.776172 0.471354
0 0.812109 0.425 0.835547 0.425 0.835547 0.455208 0.812109 0.455208
0 0.789453 0.485938 0.81875 0.485938 0.81875 0.504687 0.789453 0.504687
0 0.827344 0.490104 0.841406 0.490104 0.841406 0.529688 0.827344 0.529688
0 0.815625 0.543229 0.842188 0.543229 0.842188 0.570312 0.815625 0.570312
0 0.680078 0.508854 0.708203 0.508854 0.708203 0.534375 0.680078 0.534375
0 0.630469 0.50625 0.652344 0.50625 0.652344 0.531771 0.630469 0.531771
0 0.642578 0.552083 0.658594 0.552083 0.658594 0.580208 0.642578 0.580208
0 0.670312 0.533333 0.685156 0.533333 0.685156 0.565625 0.670312 0.565625
0 0.7 0.571354 0.725781 0.571354 0.725781 0.598958 0.7 0.598958
0 0.879297 0.424479 0.903906 0.424479 0.903906 0.458333 0.879297 0.458333
0 0.908594 0.452083 0.923047 0.452083 0.923047 0.471354 0.908594 0.471354
0 0.850391 0.439062 0.877344 0.439062 0.877344 0.470312 0.850391 0.470312
0 0.849219 0.48125 0.875781 0.48125 0.875781 0.507812 0.849219 0.507812
0 0.853125 0.542708 0.872656 0.542708 0.872656 0.58125 0.853125 0.58125
0 0.0 0.409896 0.021094 0.409896 0.021094 0.446354 0.0 0.446354
0 0.002734 0.479167 0.017188 0.479167 0.017188 0.511458 0.002734 0.511458
0 0.0 0.538021 0.011328 0.538021 0.011328 0.582292 0.0 0.582292
0 0.148828 0.572396 0.174609 0.572396 0.174609 0.59375 0.148828 0.59375
0 0.185938 0.581771 0.208203 0.581771 0.208203 0.608854 0.185938 0.608854
0 0.106641 0.6375 0.128516 0.6375 0.128516 0.669271 0.106641 0.669271
0 0.097266 0.667708 0.117188 0.667708 0.117188 0.697917 0.097266 0.697917
0 0.169922 0.611458 0.194531 0.611458 0.194531 0.642188 0.169922 0.642188
0 0.208984 0.582292 0.235156 0.582292 0.235156 0.611458 0.208984 0.611458
0 0.236719 0.646354 0.255859 0.646354 0.255859 0.68125 0.236719 0.68125
0 0.185156 0.654167 0.210156 0.654167 0.210156 0.673958 0.185156 0.673958
0 0.174609 0.694271 0.201172 0.694271 0.201172 0.715625 0.174609 0.715625
0 0.220312 0.690625 0.24375 0.690625 0.24375 0.720312 0.220312 0.720312
0 0.289844 0.653646 0.308984 0.653646 0.308984 0.677083 0.289844 0.677083
0 0.316016 0.677083 0.3375 0.677083 0.3375 0.701562 0.316016 0.701562
0 0.347266 0.665625 0.373828 0.665625 0.373828 0.692188 0.347266 0.692188
0 0.370703 0.621354 0.394922 0.621354 0.394922 0.649479 0.370703 0.649479
0 0.414062 0.644792 0.435156 0.644792 0.435156 0.669271 0.414062 0.669271
0 0.286328 0.698958 0.311328 0.698958 0.311328 0.724479 0.286328 0.724479
0 0.314062 0.71875 0.340234 0.71875 0.340234 0.751562 0.314062 0.751562
0 0.382812 0.704167 0.410938 0.704167 0.410938 0.732292 0.382812 0.732292
0 0.43125 0.699479 0.45625 0.699479 0.45625 0.71875 0.43125 0.71875
0 0.443359 0.414583 0.464062 0.414583 0.464062 0.447917 0.443359 0.447917
0 0.429688 0.439062 0.444141 0.439062 0.444141 0.477604 0.429688 0.477604
0 0.460938 0.454167 0.491406 0.454167 0.491406 0.482292 0.460938 0.482292
0 0.48125 0.588021 0.498047 0.588021 0.498047 0.626562 0.48125 0.626562
0 0.426562 0.603125 0.448828 0.603125 0.448828 0.632812 0.426562 0.632812
0 0.455469 0.623438 0.473828 0.623438 0.473828 0.655729 0.455469 0.655729
0 0.571484 0.56875 0.59375 0.56875 0.59375 0.59375 0.571484 0.59375
0 0.609766 0.585417 0.630469 0.585417 0.630469 0.607812 0.609766 0.607812
0 0.606641 0.616146 0.625391 0.616146 0.625391 0.646875 0.606641 0.646875
0 0.566016 0.596875 0.590234 0.596875 0.590234 0.634896 0.566016 0.634896
0 0.635156 0.608854 0.651562 0.608854 0.651562 0.636458 0.635156 0.636458
0 0.667969 0.627604 0.692969 0.627604 0.692969 0.650521 0.667969 0.650521
0 0.630859 0.648438 0.653125 0.648438 0.653125 0.682292 0.630859 0.682292
0 0.575391 0.638542 0.596484 0.638542 0.596484 0.669792 0.575391 0.669792
0 0.544141 0.668229 0.565234 0.668229 0.565234 0.699479 0.544141 0.699479
0 0.567188 0.710417 0.591406 0.710417 0.591406 0.740104 0.567188 0.740104
0 0.658203 0.679688 0.670703 0.679688 0.670703 0.708854 0.658203 0.708854
0 0.684375 0.694792 0.699219 0.694792 0.699219 0.724479 0.684375 0.724479
0 0.692188 0.653125 0.715234 0.653125 0.715234 0.686458 0.692188 0.686458
0 0.719922 0.689583 0.738672 0.689583 0.738672 0.710938 0.719922 0.710938
0 0.703906 0.722396 0.726953 0.722396 0.726953 0.75 0.703906 0.75
0 0.733594 0.639062 0.757422 0.639062 0.757422 0.663021 0.733594 0.663021
0 0.728906 0.598958 0.754688 0.598958 0.754688 0.631771 0.728906 0.631771
0 0.005078 0.954688 0.025391 0.954688 0.025391 0.989583 0.005078 0.989583
0 0.105078 0.764062 0.128906 0.764062 0.128906 0.800521 0.105078 0.800521
0 0.084766 0.794792 0.110547 0.794792 0.110547 0.820833 0.084766 0.820833
0 0.140234 0.780208 0.171484 0.780208 0.171484 0.803646 0.140234 0.803646
0 0.141016 0.741667 0.158984 0.741667 0.158984 0.766146 0.141016 0.766146
0 0.157031 0.716667 0.182812 0.716667 0.182812 0.745833 0.157031 0.745833
0 0.169922 0.753646 0.199609 0.753646 0.199609 0.78125 0.169922 0.78125
0 0.205078 0.736979 0.233594 0.736979 0.233594 0.76875 0.205078 0.76875
0 0.217578 0.791146 0.237109 0.791146 0.237109 0.821875 0.217578 0.821875
0 0.169922 0.811979 0.186328 0.811979 0.186328 0.838021 0.169922 0.838021
0 0.191016 0.824479 0.205859 0.824479 0.205859 0.852604 0.191016 0.852604
0 0.145312 0.83125 0.164062 0.83125 0.164062 0.847917 0.145312 0.847917
0 0.119531 0.863021 0.142578 0.863021 0.142578 0.884375 0.119531 0.884375
0 0.138672 0.888542 0.157422 0.888542 0.157422 0.921354 0.138672 0.921354
0 0.175 0.870833 0.198828 0.870833 0.198828 0.907812 0.175 0.907812
0 0.18125 0.917188 0.200781 0.917188 0.200781 0.953646 0.18125 0.953646
0 0.211719 0.940625 0.236328 0.940625 0.236328 0.959896 0.211719 0.959896
0 0.244141 0.897917 0.265234 0.897917 0.265234 0.922917 0.244141 0.922917
0 0.269531 0.919271 0.292578 0.919271 0.292578 0.9375 0.269531 0.9375
0 0.237891 0.958854 0.257812 0.958854 0.257812 0.983854 0.237891 0.983854
0 0.251563 0.795833 0.276172 0.795833 0.276172 0.822917 0.251563 0.822917
0 0.2875 0.811979 0.30625 0.811979 0.30625 0.836458 0.2875 0.836458
0 0.299219 0.850521 0.323828 0.850521 0.323828 0.875 0.299219 0.875
0 0.322266 0.759375 0.347656 0.759375 0.347656 0.785938 0.322266 0.785938
0 0.333203 0.804688 0.358203 0.804688 0.358203 0.842188 0.333203 0.842188
0 0.362109 0.813021 0.383594 0.813021 0.383594 0.853646 0.362109 0.853646
0 0.353125 0.866146 0.379297 0.866146 0.379297 0.894271 0.353125 0.894271
0 0.390234 0.855729 0.414062 0.855729 0.414062 0.876042 0.390234 0.876042
0 0.375781 0.784375 0.398047 0.784375 0.398047 0.810417 0.375781 0.810417
0 0.3625 0.747396 0.385156 0.747396 0.385156 0.770833 0.3625 0.770833
0 0.403906 0.753646 0.421094 0.753646 0.421094 0.788021 0.403906 0.788021
0 0.428906 0.754167 0.446484 0.754167 0.446484 0.783333 0.428906 0.783333
0 0.425391 0.803646 0.444922 0.803646 0.444922 0.83125 0.425391 0.83125
0 0.466797 0.844792 0.490625 0.844792 0.490625 0.880729 0.466797 0.880729
0 0.443359 0.889062 0.461719 0.889062 0.461719 0.913542 0.443359 0.913542
0 0.415234 0.925 0.447266 0.925 0.447266 0.946354 0.415234 0.946354
0 0.421094 0.959896 0.444922 0.959896 0.444922 0.982812 0.421094 0.982812
0 0.477344 0.691146 0.495703 0.691146 0.495703 0.720833 0.477344 0.720833
0 0.555859 0.791146 0.573828 0.791146 0.573828 0.826042 0.555859 0.826042
0 0.584766 0.769271 0.613672 0.769271 0.613672 0.8 0.584766 0.8
0 0.583984 0.825521 0.601172 0.825521 0.601172 0.852083 0.583984 0.852083
0 0.348047 0.951042 0.382812 0.951042 0.382812 0.9875 0.348047 0.9875
0 0.471875 0.89375 0.488672 0.89375 0.488672 0.923958 0.471875 0.923958
0 0.499219 0.925 0.525391 0.925 0.525391 0.952604 0.499219 0.952604
0 0.475781 0.957812 0.497266 0.957812 0.497266 0.985938 0.475781 0.985938
0 0.511719 0.957812 0.528516 0.957812 0.528516 0.992708 0.511719 0.992708
0 0.617188 0.814583 0.635156 0.814583 0.635156 0.845312 0.617188 0.845312
0 0.764844 0.944271 0.784766 0.944271 0.784766 0.985938 0.764844 0.985938
0 0.819922 0.950521 0.846094 0.950521 0.846094 0.974479 0.819922 0.974479
0 0.791406 0.866667 0.810938 0.866667 0.810938 0.902604 0.791406 0.902604
0 0.821484 0.883333 0.844922 0.883333 0.844922 0.914583 0.821484 0.914583
0 0.816797 0.813021 0.835938 0.813021 0.835938 0.845833 0.816797 0.845833
0 0.834375 0.784896 0.863281 0.784896 0.863281 0.823438 0.834375 0.823438
0 0.839844 0.829688 0.860547 0.829688 0.860547 0.869271 0.839844 0.869271
0 0.880859 0.8375 0.90625 0.8375 0.90625 0.866146 0.880859 0.866146
0 0.909375 0.798958 0.944531 0.798958 0.944531 0.81875 0.909375 0.81875
0 0.945312 0.822396 0.970703 0.822396 0.970703 0.851042 0.945312 0.851042
0 0.909375 0.866667 0.934766 0.866667 0.934766 0.894792 0.909375 0.894792
0 0.880078 0.910417 0.899609 0.910417 0.899609 0.942708 0.880078 0.942708
0 0.852734 0.941667 0.880078 0.941667 0.880078 0.966146 0.852734 0.966146
0 0.841016 0.977083 0.858594 0.977083 0.858594 0.999479 0.841016 0.999479
0 0.904688 0.9625 0.919141 0.9625 0.919141 0.998958 0.904688 0.998958
0 0.941797 0.932292 0.966797 0.932292 0.966797 0.95625 0.941797 0.95625
0 0.920312 0.938021 0.940625 0.938021 0.940625 0.967708 0.920312 0.967708
0 0.953516 0.971354 0.975781 0.971354 0.975781 0.998958 0.953516 0.998958
0 0.733203 0.936458 0.758984 0.936458 0.758984 0.955208 0.733203 0.955208
0 0.740234 0.667188 0.762109 0.667188 0.762109 0.693229 0.740234 0.693229