0 0.105469 0.107292 0.124609 0.107292 0.124609 0.128125 0.105469 0.128125
0 0.154297 0.081771 0.174609 0.081771 0.174609 0.103125 0.154297 0.103125
0 0.182422 0.036458 0.198828 0.036458 0.198828 0.066146 0.182422 0.066146
0 0.211719 0.020833 0.224609 0.020833 0.224609 0.048958 0.211719 0.048958
0 0.232422 0.029688 0.244922 0.029688 0.244922 0.057292 0.232422 0.057292
0 0.253125 0.050521 0.269531 0.050521 0.269531 0.079688 0.253125 0.079688
0 0.281641 0.030729 0.296094 0.030729 0.296094 0.061458 0.281641 0.061458
0 0.255078 0.000521 0.271484 0.000521 0.271484 0.019792 0.255078 0.019792
0 0.125 0.141667 0.137109 0.141667 0.137109 0.164062 0.125 0.164062
0 0.075781 0.107812 0.089844 0.107812 0.089844 0.132292 0.075781 0.132292
0 0.141797 0.159375 0.159766 0.159375 0.159766 0.190104 0.141797 0.190104
0 0.170312 0.121354 0.192578 0.121354 0.192578 0.143229 0.170312 0.143229
0 0.189453 0.157292 0.213281 0.157292 0.213281 0.173958 0.189453 0.173958
0 0.20625 0.103646 0.225 0.103646 0.225 0.123438 0.20625 0.123438
0 0.221875 0.129688 0.240234 0.129688 0.240234 0.152083 0.221875 0.152083
0 0.067188 0.158854 0.083594 0.158854 0.083594 0.183333 0.067188 0.183333
0 0.251172 0.116667 0.267969 0.116667 0.267969 0.135938 0.251172 0.135938
0 0.290625 0.095833 0.310156 0.095833 0.310156 0.1125 0.290625 0.1125
0 0.273828 0.152083 0.285156 0.152083 0.285156 0.177083 0.273828 0.177083
0 0.225781 0.160417 0.240234 0.160417 0.240234 0.182292 0.225781 0.182292
0 0.045703 0.276562 0.064062 0.276562 0.064062 0.298438 0.045703 0.298438
0 0.083984 0.277604 0.103906 0.277604 0.103906 0.297917 0.083984 0.297917
0 0.127734 0.231771 0.144141 0.231771 0.144141 0.264583 0.127734 0.264583
0 0.182812 0.21875 0.205469 0.21875 0.205469 0.240104 0.182812 0.240104
0 0.163281 0.259375 0.179297 0.259375 0.179297 0.277083 0.163281 0.277083
0 0.13125 0.283333 0.144531 0.283333 0.144531 0.314062 0.13125 0.314062
0 0.166797 0.304167 0.185547 0.304167 0.185547 0.334896 0.166797 0.334896
0 0.039453 0.317188 0.054297 0.317188 0.054297 0.342708 0.039453 0.342708
0 0.075781 0.31875 0.0875 0.31875 0.0875 0.344792 0.075781 0.344792
0 0.241406 0.221875 0.257812 0.221875 0.257812 0.246875 0.241406 0.246875
0 0.212891 0.202083 0.231641 0.202083 0.231641 0.219271 0.212891 0.219271
0 0.200781 0.302604 0.215625 0.302604 0.215625 0.328646 0.200781 0.328646
0 0.225781 0.320833 0.238281 0.320833 0.238281 0.343229 0.225781 0.343229
0 0.128516 0.351562 0.144922 0.351562 0.144922 0.372396 0.128516 0.372396
0 0.267188 0.289583 0.284766 0.289583 0.284766 0.315625 0.267188 0.315625
0 0.2875 0.239062 0.301953 0.239062 0.301953 0.268229 0.2875 0.268229
0 0.213281 0.260417 0.230078 0.260417 0.230078 0.283854 0.213281 0.283854
0 0.351562 0.197917 0.364453 0.197917 0.364453 0.223958 0.351562 0.223958
0 0.378516 0.201562 0.391016 0.201562 0.391016 0.225 0.378516 0.225
0 0.381641 0.23125 0.396875 0.23125 0.396875 0.248958 0.381641 0.248958
0 0.396875 0.251042 0.414062 0.251042 0.414062 0.26875 0.396875 0.26875
0 0.353906 0.016146 0.365234 0.016146 0.365234 0.0375 0.353906 0.0375
0 0.378516 0.03125 0.394141 0.03125 0.394141 0.060417 0.378516 0.060417
0 0.409375 0.017708 0.425391 0.017708 0.425391 0.044271 0.409375 0.044271
0 0.388672 0.113021 0.407812 0.113021 0.407812 0.145833 0.388672 0.145833
0 0.085156 0.440625 0.100781 0.440625 0.100781 0.457292 0.085156 0.457292
0 0.107031 0.451562 0.121094 0.451562 0.121094 0.473958 0.107031 0.473958
0 0.130859 0.392188 0.142578 0.392188 0.142578 0.411458 0.130859 0.411458
0 0.158594 0.400521 0.172266 0.400521 0.172266 0.423958 0.158594 0.423958
0 0.174609 0.43125 0.190234 0.43125 0.190234 0.461979 0.174609 0.461979
0 0.194531 0.384896 0.216406 0.384896 0.216406 0.404688 0.194531 0.404688
0 0.204688 0.435938 0.223828 0.435938 0.223828 0.454167 0.204688 0.454167
0 0.185156 0.479167 0.212891 0.479167 0.212891 0.5 0.185156 0.5
0 0.282031 0.314062 0.292578 0.314062 0.292578 0.330208 0.282031 0.330208
0 0.271875 0.348958 0.291406 0.348958 0.291406 0.366146 0.271875 0.366146
0 0.241797 0.358333 0.257812 0.358333 0.257812 0.385938 0.241797 0.385938
0 0.260156 0.391146 0.276562 0.391146 0.276562 0.417188 0.260156 0.417188
0 0.232031 0.400521 0.248828 0.400521 0.248828 0.429167 0.232031 0.429167
0 0.279297 0.416146 0.294531 0.416146 0.294531 0.443229 0.279297 0.443229
0 0.247266 0.441146 0.2625 0.441146 0.2625 0.459375 0.247266 0.459375
0 0.271875 0.458854 0.287109 0.458854 0.287109 0.480208 0.271875 0.480208
0 0.246094 0.476042 0.259375 0.476042 0.259375 0.498958 0.246094 0.498958
0 0.258594 0.504167 0.280078 0.504167 0.280078 0.521354 0.258594 0.521354
0 0.473047 0.008333 0.489062 0.008333 0.489062 0.03125 0.473047 0.03125
0 0.501562 0.003646 0.516797 0.003646 0.516797 0.028125 0.501562 0.028125
0 0.525391 0.0 0.541016 0.0 0.541016 0.029688 0.525391 0.029688
0 0.444922 0.029167 0.461328 0.029167 0.461328 0.053125 0.444922 0.053125
0 0.492188 0.044792 0.508594 0.044792 0.508594 0.075 0.492188 0.075
0 0.524219 0.052604 0.544141 0.052604 0.544141 0.071875 0.524219 0.071875
0 0.553125 0.055208 0.569141 0.055208 0.569141 0.090104 0.553125 0.090104
0 0.553906 0.017188 0.571484 0.017188 0.571484 0.041146 0.553906 0.041146
0 0.58125 0.029688 0.597656 0.029688 0.597656 0.057292 0.58125 0.057292
0 0.463281 0.086458 0.478516 0.086458 0.478516 0.111458 0.463281 0.111458
0 0.515234 0.102083 0.533594 0.102083 0.533594 0.124479 0.515234 0.124479
0 0.451562 0.159375 0.467188 0.159375 0.467188 0.183854 0.451562 0.183854
0 0.480859 0.163542 0.501562 0.163542 0.501562 0.189062 0.480859 0.189062
0 0.508203 0.184896 0.525391 0.184896 0.525391 0.216667 0.508203 0.216667
0 0.442578 0.192188 0.458203 0.192188 0.458203 0.216667 0.442578 0.216667
0 0.312891 0.317708 0.328516 0.317708 0.328516 0.35 0.312891 0.35
0 0.361719 0.308854 0.375 0.308854 0.375 0.335417 0.361719 0.335417
0 0.391797 0.333854 0.407812 0.333854 0.407812 0.355208 0.391797 0.355208
0 0.413281 0.281771 0.435547 0.281771 0.435547 0.302604 0.413281 0.302604
0 0.423828 0.232812 0.439453 0.232812 0.439453 0.265104 0.423828 0.265104
0 0.452344 0.265625 0.467578 0.265625 0.467578 0.297396 0.452344 0.297396
0 0.464453 0.222917 0.484766 0.222917 0.484766 0.252083 0.464453 0.252083
0 0.483203 0.280208 0.5 0.280208 0.5 0.30625 0.483203 0.30625
0 0.499609 0.236979 0.515234 0.236979 0.515234 0.258333 0.499609 0.258333
0 0.522266 0.272917 0.536328 0.272917 0.536328 0.303125 0.522266 0.303125
0 0.504687 0.318229 0.524609 0.318229 0.524609 0.347917 0.504687 0.347917
0 0.4 0.372917 0.415625 0.372917 0.415625 0.407292 0.4 0.407292
0 0.435156 0.368229 0.450781 0.368229 0.450781 0.394792 0.435156 0.394792
0 0.439844 0.336979 0.455859 0.336979 0.455859 0.360938 0.439844 0.360938
0 0.463281 0.348958 0.480078 0.348958 0.480078 0.380208 0.463281 0.380208
0 0.478906 0.388542 0.499219 0.388542 0.499219 0.414062 0.478906 0.414062
0 0.362109 0.391146 0.382031 0.391146 0.382031 0.421354 0.362109 0.421354
0 0.392578 0.431771 0.4125 0.431771 0.4125 0.463021 0.392578 0.463021
0 0.358594 0.466146 0.377734 0.466146 0.377734 0.485417 0.358594 0.485417
0 0.422656 0.405729 0.44375 0.405729 0.44375 0.426562 0.422656 0.426562
0 0.452344 0.428125 0.468359 0.428125 0.468359 0.456771 0.452344 0.456771
0 0.481641 0.436458 0.503125 0.436458 0.503125 0.458333 0.481641 0.458333
0 0.421484 0.458854 0.435547 0.458854 0.435547 0.488542 0.421484 0.488542
0 0.375781 0.500521 0.391797 0.500521 0.391797 0.523438 0.375781 0.523438
0 0.409766 0.520312 0.426562 0.520312 0.426562 0.541146 0.409766 0.541146
0 0.51875 0.354167 0.538281 0.354167 0.538281 0.375 0.51875 0.375
0 0.512109 0.4 0.527344 0.4 0.527344 0.423438 0.512109 0.423438
0 0.513672 0.435938 0.533203 0.435938 0.533203 0.457292 0.513672 0.457292
0 0.660547 0.064583 0.677344 0.064583 0.677344 0.093229 0.660547 0.093229
0 0.698438 0.042708 0.715234 0.042708 0.715234 0.066146 0.698438 0.066146
0 0.698047 0.005208 0.714453 0.005208 0.714453 0.021875 0.698047 0.021875
0 0.743359 0.006771 0.760156 0.006771 0.760156 0.033854 0.743359 0.033854
0 0.668359 0.115625 0.688672 0.115625 0.688672 0.133333 0.668359 0.133333
0 0.644141 0.13125 0.661719 0.13125 0.661719 0.152083 0.644141 0.152083
0 0.667578 0.158854 0.685547 0.158854 0.685547 0.177083 0.667578 0.177083
0 0.630078 0.160938 0.646094 0.160938 0.646094 0.18125 0.630078 0.18125
0 0.660938 0.183333 0.680859 0.183333 0.680859 0.20625 0.660938 0.20625
0 0.708203 0.191667 0.728906 0.191667 0.728906 0.209896 0.708203 0.209896
0 0.738672 0.145833 0.757422 0.145833 0.757422 0.177083 0.738672 0.177083
0 0.728906 0.097396 0.746875 0.097396 0.746875 0.114062 0.728906 0.114062
0 0.769531 0.120833 0.785156 0.120833 0.785156 0.149479 0.769531 0.149479
0 0.709766 0.077083 0.726172 0.077083 0.726172 0.097917 0.709766 0.097917
0 0.826172 0.069792 0.844531 0.069792 0.844531 0.094271 0.826172 0.094271
0 0.838672 0.005208 0.851562 0.005208 0.851562 0.03125 0.838672 0.03125
0 0.871484 0.05 0.8875 0.05 0.8875 0.073958 0.871484 0.073958
0 0.898047 0.015104 0.919922 0.015104 0.919922 0.034375 0.898047 0.034375
0 0.830078 0.123958 0.845312 0.123958 0.845312 0.159896 0.830078 0.159896
0 0.850391 0.136458 0.869922 0.136458 0.869922 0.161979 0.850391 0.161979
0 0.883203 0.128125 0.899219 0.128125 0.899219 0.150521 0.883203 0.150521
0 0.981641 0.080729 0.996875 0.080729 0.996875 0.113021 0.981641 0.113021
0 0.957031 0.110938 0.978125 0.110938 0.978125 0.128125 0.957031 0.128125
0 0.926562 0.114062 0.942969 0.114062 0.942969 0.141146 0.926562 0.141146
0 0.955078 0.139583 0.972656 0.139583 0.972656 0.161458 0.955078 0.161458
0 0.979297 0.159375 0.996875 0.159375 0.996875 0.1875 0.979297 0.1875
0 0.925 0.170312 0.940625 0.170312 0.940625 0.193229 0.925 0.193229
0 0.930859 0.217188 0.951953 0.217188 0.951953 0.2375 0.930859 0.2375
0 0.958594 0.220833 0.973828 0.220833 0.973828 0.247396 0.958594 0.247396
0 0.974609 0.198438 0.994922 0.198438 0.994922 0.215625 0.974609 0.215625
0 0.951172 0.264062 0.969531 0.264062 0.969531 0.291146 0.951172 0.291146
0 0.981641 0.270312 0.998438 0.270312 0.998438 0.304167 0.981641 0.304167
0 0.940625 0.321354 0.95625 0.321354 0.95625 0.352604 0.940625 0.352604
0 0.964062 0.310938 0.983594 0.310938 0.983594 0.336979 0.964062 0.336979
0 0.960938 0.351562 0.980078 0.351562 0.980078 0.371875 0.960938 0.371875
0 0.644922 0.247917 0.664844 0.247917 0.664844 0.270833 0.644922 0.270833
0 0.669922 0.221875 0.689453 0.221875 0.689453 0.246354 0.669922 0.246354
0 0.712109 0.252083 0.732031 0.252083 0.732031 0.272917 0.712109 0.272917
0 0.776562 0.189062 0.794922 0.189062 0.794922 0.215625 0.776562 0.215625
0 0.807031 0.201562 0.822656 0.201562 0.822656 0.232812 0.807031 0.232812
0 0.836719 0.195312 0.852344 0.195312 0.852344 0.226042 0.836719 0.226042
0 0.864844 0.189583 0.877344 0.189583 0.877344 0.215104 0.864844 0.215104
0 0.626562 0.341146 0.641406 0.341146 0.641406 0.366146 0.626562 0.366146
0 0.651562 0.313542 0.667578 0.313542 0.667578 0.340104 0.651562 0.340104
0 0.694141 0.296354 0.7125 0.296354 0.7125 0.320833 0.694141 0.320833
0 0.7 0.336458 0.723047 0.336458 0.723047 0.355729 0.7 0.355729
0 0.659766 0.384896 0.676172 0.384896 0.676172 0.409375 0.659766 0.409375
0 0.696094 0.373438 0.716406 0.373438 0.716406 0.395312 0.696094 0.395312
0 0.733203 0.284375 0.752344 0.284375 0.752344 0.316667 0.733203 0.316667
0 0.774609 0.247917 0.792578 0.247917 0.792578 0.276562 0.774609 0.276562
0 0.806641 0.253646 0.823438 0.253646 0.823438 0.278646 0.806641 0.278646
0 0.740234 0.346354 0.755078 0.346354 0.755078 0.370312 0.740234 0.370312
0 0.770703 0.347396 0.785938 0.347396 0.785938 0.371354 0.770703 0.371354
0 0.778125 0.379167 0.790625 0.379167 0.790625 0.403646 0.778125 0.403646
0 0.756641 0.377083 0.771484 0.377083 0.771484 0.403646 0.756641 0.403646
0 0.721484 0.389062 0.736328 0.389062 0.736328 0.411458 0.721484 0.411458
0 0.814453 0.338542 0.830469 0.338542 0.830469 0.364062 0.814453 0.364062
0 0.824219 0.369271 0.839844 0.369271 0.839844 0.393229 0.824219 0.393229
0 0.893359 0.34375 0.905859 0.34375 0.905859 0.371875 0.893359 0.371875
0 0.880859 0.394271 0.896094 0.394271 0.896094 0.421875 0.880859 0.421875
0 0.923047 0.384375 0.937891 0.384375 0.937891 0.415625 0.923047 0.415625
0 0.813281 0.40625 0.826562 0.40625 0.826562 0.427604 0.813281 0.427604
0 0.972656 0.394271 0.987109 0.394271 0.987109 0.425 0.972656 0.425
0 0.098828 0.561458 0.124609 0.561458 0.124609 0.583854 0.098828 0.583854
0 0.126172 0.594271 0.145703 0.594271 0.145703 0.61875 0.126172 0.61875
0 0.0625 0.580729 0.079297 0.580729 0.079297 0.606771 0.0625 0.606771
0 0.167969 0.584896 0.191016 0.584896 0.191016 0.607292 0.167969 0.607292
0 0.200781 0.585938 0.222266 0.585938 0.222266 0.608333 0.200781 0.608333
0 0.104688 0.694792 0.125 0.694792 0.125 0.714583 0.104688 0.714583
0 0.126562 0.661979 0.141406 0.661979 0.141406 0.684375 0.126562 0.684375
0 0.166016 0.646875 0.183203 0.646875 0.183203 0.670312 0.166016 0.670312
0 0.208984 0.629167 0.220703 0.629167 0.220703 0.653646 0.208984 0.653646
0 0.261328 0.624479 0.279688 0.624479 0.279688 0.648958 0.261328 0.648958
0 0.289453 0.651042 0.304688 0.651042 0.304688 0.676562 0.289453 0.676562
0 0.258203 0.675 0.273438 0.675 0.273438 0.703125 0.258203 0.703125
0 0.048438 0.723438 0.061328 0.723438 0.061328 0.74375 0.048438 0.74375
0 0.067188 0.747396 0.081641 0.747396 0.081641 0.766667 0.067188 0.766667
0 0.105469 0.75 0.118359 0.75 0.118359 0.777083 0.105469 0.777083
0 0.13125 0.76875 0.142578 0.76875 0.142578 0.795312 0.13125 0.795312
0 0.145312 0.721875 0.167578 0.721875 0.167578 0.742188 0.145312 0.742188
0 0.052734 0.78125 0.073047 0.78125 0.073047 0.801042 0.052734 0.801042
0 0.082031 0.78125 0.097266 0.78125 0.097266 0.804167 0.082031 0.804167
0 0.077734 0.834375 0.092578 0.834375 0.092578 0.857812 0.077734 0.857812
0 0.108984 0.826562 0.122266 0.826562 0.122266 0.853125 0.108984 0.853125
0 0.128125 0.840625 0.148047 0.840625 0.148047 0.864062 0.128125 0.864062
0 0.153906 0.796875 0.16875 0.796875 0.16875 0.828646 0.153906 0.828646
0 0.065625 0.932812 0.086719 0.932812 0.086719 0.955729 0.065625 0.955729
0 0.105078 0.939583 0.126562 0.939583 0.126562 0.958333 0.105078 0.958333
0 0.125391 0.958333 0.139844 0.958333 0.139844 0.982812 0.125391 0.982812
0 0.15 0.93125 0.161719 0.93125 0.161719 0.958333 0.15 0.958333
0 0.185938 0.905729 0.203906 0.905729 0.203906 0.928125 0.185938 0.928125
0 0.146875 0.875521 0.165234 0.875521 0.165234 0.900521 0.146875 0.900521
0 0.198828 0.690625 0.220312 0.690625 0.220312 0.714583 0.198828 0.714583
0 0.234375 0.697917 0.248438 0.697917 0.248438 0.724479 0.234375 0.724479
0 0.259375 0.723958 0.271484 0.723958 0.271484 0.751042 0.259375 0.751042
0 0.203516 0.750521 0.218359 0.750521 0.218359 0.779688 0.203516 0.779688
0 0.246484 0.769792 0.264062 0.769792 0.264062 0.794271 0.246484 0.794271
0 0.282812 0.758333 0.3 0.758333 0.3 0.791667 0.282812 0.791667
0 0.305859 0.784896 0.31875 0.784896 0.31875 0.810938 0.305859 0.810938
0 0.338672 0.786979 0.353906 0.786979 0.353906 0.813021 0.338672 0.813021
0 0.188672 0.832812 0.201172 0.832812 0.201172 0.856771 0.188672 0.856771
0 0.208203 0.841667 0.223047 0.841667 0.223047 0.867708 0.208203 0.867708
0 0.329297 0.679688 0.347266 0.679688 0.347266 0.701042 0.329297 0.701042
0 0.375 0.669792 0.391406 0.669792 0.391406 0.697396 0.375 0.697396
0 0.310547 0.717188 0.328516 0.717188 0.328516 0.75 0.310547 0.75
0 0.353516 0.711979 0.367578 0.711979 0.367578 0.741146 0.353516 0.741146
0 0.4125 0.747917 0.428906 0.747917 0.428906 0.777604 0.4125 0.777604
0 0.378516 0.777083 0.396484 0.777083 0.396484 0.804167 0.378516 0.804167
0 0.455469 0.783333 0.471484 0.783333 0.471484 0.811458 0.455469 0.811458
0 0.433984 0.803125 0.448828 0.803125 0.448828 0.832292 0.433984 0.832292
0 0.396094 0.825 0.410156 0.825 0.410156 0.849479 0.396094 0.849479
0 0.323438 0.81875 0.346094 0.81875 0.346094 0.840625 0.323438 0.840625
0 0.361328 0.820833 0.382812 0.820833 0.382812 0.841146 0.361328 0.841146
0 0.383984 0.858854 0.403125 0.858854 0.403125 0.882812 0.383984 0.882812
0 0.350391 0.877083 0.368359 0.877083 0.368359 0.904167 0.350391 0.904167
0 0.320312 0.865625 0.340234 0.865625 0.340234 0.890625 0.320312 0.890625
0 0.314453 0.919792 0.336328 0.919792 0.336328 0.941146 0.314453 0.941146
0 0.369531 0.896875 0.388281 0.896875 0.388281 0.920312 0.369531 0.920312
0 0.260156 0.971875 0.274219 0.971875 0.274219 0.999479 0.260156 0.999479
0 0.341406 0.966146 0.35625 0.966146 0.35625 0.995833 0.341406 0.995833
0 0.410156 0.961458 0.427734 0.961458 0.427734 0.984896 0.410156 0.984896
0 0.425 0.928646 0.446094 0.928646 0.446094 0.952604 0.425 0.952604
0 0.614062 0.421354 0.627344 0.421354 0.627344 0.452604 0.614062 0.452604
0 0.634766 0.418229 0.652344 0.418229 0.652344 0.443229 0.634766 0.443229
0 0.691406 0.415104 0.709375 0.415104 0.709375 0.439062 0.691406 0.439062
0 0.654688 0.459896 0.678516 0.459896 0.678516 0.485938 0.654688 0.485938
0 0.709375 0.454167 0.728125 0.454167 0.728125 0.476042 0.709375 0.476042
0 0.615625 0.480729 0.632031 0.480729 0.632031 0.508854 0.615625 0.508854
0 0.592188 0.4875 0.610547 0.4875 0.610547 0.519271 0.592188 0.519271
0 0.751172 0.415625 0.770312 0.415625 0.770312 0.449479 0.751172 0.449479
0 0.754297 0.467188 0.769922 0.467188 0.769922 0.489062 0.754297 0.489062
0 0.509766 0.59375 0.526562 0.59375 0.526562 0.625521 0.509766 0.625521
0 0.529688 0.580729 0.546875 0.580729 0.546875 0.605208 0.529688 0.605208
0 0.550781 0.598438 0.568359 0.598438 0.568359 0.628646 0.550781 0.628646
0 0.567578 0.553646 0.58125 0.553646 0.58125 0.579688 0.567578 0.579688
0 0.584766 0.585938 0.600781 0.585938 0.600781 0.613542 0.584766 0.613542
0 0.600391 0.546354 0.615625 0.546354 0.615625 0.575521 0.600391 0.575521
0 0.628516 0.573958 0.648047 0.573958 0.648047 0.591146 0.628516 0.591146
0 0.644922 0.525521 0.66875 0.525521 0.66875 0.546875 0.644922 0.546875
0 0.763281 0.507292 0.785547 0.507292 0.785547 0.528125 0.763281 0.528125
0 0.716797 0.532812 0.737109 0.532812 0.737109 0.552604 0.716797 0.552604
0 0.725 0.567708 0.745703 0.567708 0.745703 0.5875 0.725 0.5875
0 0.660547 0.569271 0.674609 0.569271 0.674609 0.59375 0.660547 0.59375
0 0.714062 0.602083 0.73125 0.602083 0.73125 0.619792 0.714062 0.619792
0 0.524609 0.647917 0.547266 0.647917 0.547266 0.66875 0.524609 0.66875
0 0.544922 0.671354 0.562891 0.671354 0.562891 0.692708 0.544922 0.692708
0 0.574219 0.698438 0.584766 0.698438 0.584766 0.719271 0.574219 0.719271
0 0.541406 0.728646 0.558594 0.728646 0.558594 0.747917 0.541406 0.747917
0 0.6 0.705208 0.612891 0.705208 0.612891 0.733854 0.6 0.733854
0 0.622656 0.7 0.643359 0.7 0.643359 0.719271 0.622656 0.719271
0 0.64375 0.652083 0.660938 0.652083 0.660938 0.681771 0.64375 0.681771
0 0.611719 0.615625 0.630469 0.615625 0.630469 0.640625 0.611719 0.640625
0 0.702734 0.635417 0.722656 0.635417 0.722656 0.65625 0.702734 0.65625
0 0.674219 0.656771 0.693359 0.656771 0.693359 0.675521 0.674219 0.675521
0 0.691406 0.688021 0.708203 0.688021 0.708203 0.709375 0.691406 0.709375
0 0.523828 0.793229 0.538281 0.793229 0.538281 0.814583 0.523828 0.814583
0 0.572266 0.758333 0.591406 0.758333 0.591406 0.774479 0.572266 0.774479
0 0.561328 0.789062 0.577344 0.789062 0.577344 0.813021 0.561328 0.813021
0 0.605469 0.743229 0.620312 0.743229 0.620312 0.771875 0.605469 0.771875
0 0.628906 0.763021 0.646875 0.763021 0.646875 0.781771 0.628906 0.781771
0 0.617578 0.799479 0.634766 0.799479 0.634766 0.827604 0.617578 0.827604
0 0.533203 0.848958 0.552344 0.848958 0.552344 0.876042 0.533203 0.876042
0 0.565625 0.830729 0.585156 0.830729 0.585156 0.86875 0.565625 0.86875
0 0.604297 0.843229 0.625 0.843229 0.625 0.865104 0.604297 0.865104
0 0.644922 0.838021 0.660938 0.838021 0.660938 0.873438 0.644922 0.873438
0 0.555859 0.888021 0.575391 0.888021 0.575391 0.908854 0.555859 0.908854
0 0.595703 0.877083 0.619922 0.877083 0.619922 0.899479 0.595703 0.899479
0 0.579688 0.932292 0.604297 0.932292 0.604297 0.956771 0.579688 0.956771
0 0.556641 0.976042 0.573438 0.976042 0.573438 0.999479 0.556641 0.999479
0 0.617188 0.974479 0.635938 0.974479 0.635938 0.998958 0.617188 0.998958
0 0.644531 0.939062 0.662891 0.939062 0.662891 0.973438 0.644531 0.973438
0 0.66875 0.921354 0.690625 0.921354 0.690625 0.946354 0.66875 0.946354
0 0.667578 0.894271 0.692969 0.894271 0.692969 0.913542 0.667578 0.913542
0 0.894922 0.442708 0.909375 0.442708 0.909375 0.476042 0.894922 0.476042
0 0.91875 0.446354 0.936719 0.446354 0.936719 0.482292 0.91875 0.482292
0 0.966016 0.447917 0.984766 0.447917 0.984766 0.484896 0.966016 0.484896
0 0.889453 0.495833 0.905859 0.495833 0.905859 0.520833 0.889453 0.520833
0 0.867969 0.531771 0.889844 0.531771 0.889844 0.552083 0.867969 0.552083
0 0.917578 0.5375 0.932031 0.5375 0.932031 0.564062 0.917578 0.564062
0 0.938281 0.520833 0.955078 0.520833 0.955078 0.553125 0.938281 0.553125
0 0.923438 0.590104 0.94375 0.590104 0.94375 0.629167 0.923438 0.629167
0 0.798828 0.667188 0.818359 0.667188 0.818359 0.688542 0.798828 0.688542
0 0.658594 0.740104 0.675781 0.740104 0.675781 0.773438 0.658594 0.773438
0 0.692188 0.760417 0.704688 0.760417 0.704688 0.792708 0.692188 0.792708
0 0.710938 0.729688 0.730469 0.729688 0.730469 0.756771 0.710938 0.756771
0 0.735938 0.752083 0.748047 0.752083 0.748047 0.779688 0.735938 0.779688
0 0.765625 0.738021 0.779688 0.738021 0.779688 0.763021 0.765625 0.763021
0 0.657422 0.786458 0.670312 0.786458 0.670312 0.814062 0.657422 0.814062
0 0.682422 0.834896 0.700391 0.834896 0.700391 0.864583 0.682422 0.864583
0 0.734766 0.792188 0.75 0.792188 0.75 0.816667 0.734766 0.816667
0 0.769922 0.9625 0.787891 0.9625 0.787891 0.999479 0.769922 0.999479
0 0.738281 0.906771 0.755469 0.906771 0.755469 0.935417 0.738281 0.935417
0 0.742969 0.867188 0.758203 0.867188 0.758203 0.890625 0.742969 0.890625
0 0.778125 0.908333 0.792188 0.908333 0.792188 0.940625 0.778125 0.940625
0 0.803125 0.919792 0.822266 0.919792 0.822266 0.944792 0.803125 0.944792
0 0.828125 0.944792 0.851562 0.944792 0.851562 0.972396 0.828125 0.972396
0 0.866406 0.897396 0.889453 0.897396 0.889453 0.921354 0.866406 0.921354
0 0.810547 0.871354 0.832422 0.871354 0.832422 0.900521 0.810547 0.900521
0 0.820312 0.8375 0.842188 0.8375 0.842188 0.855208 0.820312 0.855208
0 0.846484 0.8625 0.866797 0.8625 0.866797 0.881771 0.846484 0.881771
0 0.891797 0.868229 0.916016 0.868229 0.916016 0.886979 0.891797 0.886979
0 0.815234 0.807812 0.830859 0.807812 0.830859 0.832812 0.815234 0.832812
0 0.767578 0.80625 0.780469 0.80625 0.780469 0.830729 0.767578 0.830729
0 0.926562 0.827604 0.942578 0.827604 0.942578 0.854167 0.926562 0.854167
0 0.805859 0.769792 0.823828 0.769792 0.823828 0.8 0.805859 0.8
0 0.831641 0.752604 0.849609 0.752604 0.849609 0.780729 0.831641 0.780729
0 0.787109 0.728125 0.801953 0.728125 0.801953 0.750521 0.787109 0.750521
0 0.869922 0.675 0.885547 0.675 0.885547 0.702604 0.869922 0.702604
0 0.905469 0.690625 0.926172 0.690625 0.926172 0.720312 0.905469 0.720312
0 0.819531 0.700521 0.838281 0.700521 0.838281 0.720312 0.819531 0.720312
0 0.945312 0.713021 0.962891 0.713021 0.962891 0.741146 0.945312 0.741146
0 0.948828 0.657292 0.968359 0.657292 0.968359 0.676042 0.948828 0.676042
0 0.866797 0.738542 0.881641 0.738542 0.881641 0.766146 0.866797 0.766146