0 0.014844 0.080208 0.037891 0.080208 0.037891 0.119271 0.014844 0.119271
0 0.061328 0.064062 0.088672 0.064062 0.088672 0.084896 0.061328 0.084896
0 0.060156 0.039062 0.082812 0.039062 0.082812 0.064062 0.060156 0.064062
0 0.058594 0.004688 0.085938 0.004688 0.085938 0.028646 0.058594 0.028646
0 0.027734 0.0 0.046484 0.0 0.046484 0.033333 0.027734 0.033333
0 0.100781 0.019271 0.125781 0.019271 0.125781 0.046875 0.100781 0.046875
0 0.124609 0.053646 0.146875 0.053646 0.146875 0.083333 0.124609 0.083333
0 0.167578 0.016667 0.189844 0.016667 0.189844 0.043229 0.167578 0.043229
0 0.198047 0.040104 0.217969 0.040104 0.217969 0.066146 0.198047 0.066146
0 0.232422 0.036979 0.252344 0.036979 0.252344 0.063542 0.232422 0.063542
0 0.169922 0.075521 0.198047 0.075521 0.198047 0.098438 0.169922 0.098438
0 0.227344 0.077604 0.254297 0.077604 0.254297 0.099479 0.227344 0.099479
0 0.203125 0.107812 0.224219 0.107812 0.224219 0.128646 0.203125 0.128646
0 0.232812 0.109896 0.256641 0.109896 0.256641 0.136979 0.232812 0.136979
0 0.066797 0.098438 0.086328 0.098438 0.086328 0.120312 0.066797 0.120312
0 0.10625 0.096875 0.127344 0.096875 0.127344 0.119792 0.10625 0.119792
0 0.139453 0.139062 0.1625 0.139062 0.1625 0.161979 0.139453 0.161979
0 0.170703 0.125521 0.195703 0.125521 0.195703 0.151562 0.170703 0.151562
0 0.092969 0.166667 0.1125 0.166667 0.1125 0.192188 0.092969 0.192188
0 0.040625 0.203646 0.059375 0.203646 0.059375 0.234896 0.040625 0.234896
0 0.020312 0.241146 0.039062 0.241146 0.039062 0.272917 0.020312 0.272917
0 0.058594 0.240625 0.078125 0.240625 0.078125 0.272396 0.058594 0.272396
0 0.133203 0.248958 0.152344 0.248958 0.152344 0.272396 0.133203 0.272396
0 0.166797 0.252604 0.185938 0.252604 0.185938 0.278646 0.166797 0.278646
0 0.0125 0.310417 0.036719 0.310417 0.036719 0.338021 0.0125 0.338021
0 0.0 0.257812 0.016406 0.257812 0.016406 0.289062 0.0 0.289062
0 0.041016 0.36875 0.063672 0.36875 0.063672 0.395833 0.041016 0.395833
0 0.034375 0.415625 0.055469 0.415625 0.055469 0.442708 0.034375 0.442708
0 0.085547 0.376562 0.102734 0.376562 0.102734 0.408854 0.085547 0.408854
0 0.117578 0.36875 0.134375 0.36875 0.134375 0.398958 0.117578 0.398958
0 0.128516 0.341667 0.148438 0.341667 0.148438 0.361458 0.128516 0.361458
0 0.06875 0.446875 0.086328 0.446875 0.086328 0.474479 0.06875 0.474479
0 0.007422 0.435938 0.027734 0.435938 0.027734 0.459375 0.007422 0.459375
0 0.135547 0.447917 0.153516 0.447917 0.153516 0.476562 0.135547 0.476562
0 0.01875 0.482292 0.036328 0.482292 0.036328 0.509375 0.01875 0.509375
0 0.044531 0.482812 0.065234 0.482812 0.065234 0.507812 0.044531 0.507812
0 0.120703 0.485938 0.141797 0.485938 0.141797 0.507812 0.120703 0.507812
0 0.108984 0.432292 0.125391 0.432292 0.125391 0.455729 0.108984 0.455729
0 0.165625 0.442708 0.183594 0.442708 0.183594 0.472917 0.165625 0.472917
0 0.179297 0.364583 0.200781 0.364583 0.200781 0.400521 0.179297 0.400521
0 0.154297 0.315625 0.174609 0.315625 0.174609 0.338542 0.154297 0.338542
0 0.178906 0.213021 0.197266 0.213021 0.197266 0.2375 0.178906 0.2375
0 0.177734 0.178646 0.198438 0.178646 0.198438 0.203125 0.177734 0.203125
0 0.242188 0.183854 0.265234 0.183854 0.265234 0.209896 0.242188 0.209896
0 0.253125 0.238021 0.280469 0.238021 0.280469 0.264062 0.253125 0.264062
0 0.205859 0.220833 0.222656 0.220833 0.222656 0.253125 0.205859 0.253125
0 0.225391 0.302083 0.24375 0.302083 0.24375 0.330729 0.225391 0.330729
0 0.254297 0.291667 0.272656 0.291667 0.272656 0.320312 0.254297 0.320312
0 0.195312 0.270833 0.211328 0.270833 0.211328 0.302083 0.195312 0.302083
0 0.224219 0.265625 0.246094 0.265625 0.246094 0.289062 0.224219 0.289062
0 0.235547 0.380208 0.255859 0.380208 0.255859 0.405729 0.235547 0.405729
0 0.297266 0.24375 0.318359 0.24375 0.318359 0.267188 0.297266 0.267188
0 0.281641 0.276562 0.301172 0.276562 0.301172 0.302083 0.281641 0.302083
0 0.273438 0.326042 0.299609 0.326042 0.299609 0.347917 0.273438 0.347917
0 0.264453 0.366146 0.286328 0.366146 0.286328 0.388021 0.264453 0.388021
0 0.130469 0.310938 0.149219 0.310938 0.149219 0.333854 0.130469 0.333854
0 0.286328 0.386979 0.311328 0.386979 0.311328 0.415104 0.286328 0.415104
0 0.011328 0.553125 0.032031 0.553125 0.032031 0.580208 0.011328 0.580208
0 0.030469 0.598958 0.055859 0.598958 0.055859 0.625521 0.030469 0.625521
0 0.034766 0.526042 0.057031 0.526042 0.057031 0.553125 0.034766 0.553125
0 0.127734 0.530208 0.147266 0.530208 0.147266 0.554167 0.127734 0.554167
0 0.124609 0.566667 0.141797 0.566667 0.141797 0.600521 0.124609 0.600521
0 0.095312 0.602083 0.121484 0.602083 0.121484 0.628646 0.095312 0.628646
0 0.101562 0.642188 0.120312 0.642188 0.120312 0.664062 0.101562 0.664062
0 0.084375 0.685938 0.102734 0.685938 0.102734 0.716146 0.084375 0.716146
0 0.033984 0.657292 0.050391 0.657292 0.050391 0.688021 0.033984 0.688021
0 0.0 0.6875 0.017578 0.6875 0.017578 0.707292 0.0 0.707292
0 0.023047 0.709896 0.039062 0.709896 0.039062 0.740104 0.023047 0.740104
0 0.060156 0.701562 0.078125 0.701562 0.078125 0.731771 0.060156 0.731771
0 0.154688 0.622917 0.176172 0.622917 0.176172 0.648438 0.154688 0.648438
0 0.157812 0.561979 0.176953 0.561979 0.176953 0.596354 0.157812 0.596354
0 0.188281 0.581771 0.204688 0.581771 0.204688 0.614062 0.188281 0.614062
0 0.201172 0.636458 0.217969 0.636458 0.217969 0.670833 0.201172 0.670833
0 0.170312 0.688542 0.19375 0.688542 0.19375 0.714583 0.170312 0.714583
0 0.215625 0.677604 0.232031 0.677604 0.232031 0.707292 0.215625 0.707292
0 0.235547 0.664062 0.253906 0.664062 0.253906 0.689062 0.235547 0.689062
0 0.221484 0.626042 0.245703 0.626042 0.245703 0.652083 0.221484 0.652083
0 0.240625 0.426042 0.261328 0.426042 0.261328 0.45 0.240625 0.45
0 0.203516 0.444792 0.221875 0.444792 0.221875 0.465104 0.203516 0.465104
0 0.20625 0.510938 0.229297 0.510938 0.229297 0.535417 0.20625 0.535417
0 0.246484 0.48125 0.265234 0.48125 0.265234 0.510938 0.246484 0.510938
0 0.253125 0.533854 0.271094 0.533854 0.271094 0.556771 0.253125 0.556771
0 0.235938 0.56875 0.258594 0.56875 0.258594 0.595833 0.235938 0.595833
0 0.275 0.440104 0.296484 0.440104 0.296484 0.465104 0.275 0.465104
0 0.307422 0.425 0.328516 0.425 0.328516 0.452083 0.307422 0.452083
0 0.319922 0.282292 0.346875 0.282292 0.346875 0.305208 0.319922 0.305208
0 0.312891 0.219792 0.335156 0.219792 0.335156 0.244271 0.312891 0.244271
0 0.217969 0.154167 0.232812 0.154167 0.232812 0.186458 0.217969 0.186458
0 0.343359 0.064583 0.360156 0.064583 0.360156 0.092188 0.343359 0.092188
0 0.330859 0.033854 0.349609 0.033854 0.349609 0.055729 0.330859 0.055729
0 0.367578 0.003646 0.394531 0.003646 0.394531 0.029688 0.367578 0.029688
0 0.401953 0.033333 0.423047 0.033333 0.423047 0.05625 0.401953 0.05625
0 0.373438 0.057812 0.399219 0.057812 0.399219 0.084375 0.373438 0.084375
0 0.40625 0.076042 0.425781 0.076042 0.425781 0.103646 0.40625 0.103646
0 0.438281 0.074479 0.453516 0.074479 0.453516 0.10625 0.438281 0.10625
0 0.461719 0.230729 0.483984 0.230729 0.483984 0.266667 0.461719 0.266667
0 0.495703 0.238542 0.514062 0.238542 0.514062 0.269792 0.495703 0.269792
0 0.508203 0.282812 0.529297 0.282812 0.529297 0.314062 0.508203 0.314062
0 0.475 0.304688 0.496875 0.304688 0.496875 0.328125 0.475 0.328125
0 0.446484 0.365625 0.465625 0.365625 0.465625 0.394271 0.446484 0.394271
0 0.489062 0.373438 0.507812 0.373438 0.507812 0.403125 0.489062 0.403125
0 0.517188 0.351562 0.535156 0.351562 0.535156 0.379688 0.517188 0.379688
0 0.530078 0.227604 0.555078 0.227604 0.555078 0.252604 0.530078 0.252604
0 0.573828 0.283854 0.601172 0.283854 0.601172 0.3125 0.573828 0.3125
0 0.55 0.338021 0.569141 0.338021 0.569141 0.373438 0.55 0.373438
0 0.583594 0.339583 0.601953 0.339583 0.601953 0.376562 0.583594 0.376562
0 0.64375 0.325 0.660547 0.325 0.660547 0.3625 0.64375 0.3625
0 0.628516 0.38125 0.646094 0.38125 0.646094 0.415104 0.628516 0.415104
0 0.592578 0.388021 0.610938 0.388021 0.610938 0.411979 0.592578 0.411979
0 0.5625 0.416667 0.588281 0.416667 0.588281 0.447396 0.5625 0.447396
0 0.521094 0.398958 0.543359 0.398958 0.543359 0.427083 0.521094 0.427083
0 0.669922 0.339062 0.685547 0.339062 0.685547 0.372917 0.669922 0.372917
0 0.694531 0.367708 0.710156 0.367708 0.710156 0.403125 0.694531 0.403125
0 0.743359 0.350521 0.765625 0.350521 0.765625 0.381771 0.743359 0.381771
0 0.664453 0.15 0.692188 0.15 0.692188 0.176042 0.664453 0.176042
0 0.690234 0.120312 0.709375 0.120312 0.709375 0.148438 0.690234 0.148438
0 0.721094 0.139583 0.743359 0.139583 0.743359 0.170312 0.721094 0.170312
0 0.768359 0.191146 0.8 0.191146 0.8 0.241146 0.768359 0.241146
0 0.852734 0.250521 0.874219 0.250521 0.874219 0.284896 0.852734 0.284896
0 0.855859 0.307292 0.880859 0.307292 0.880859 0.329167 0.855859 0.329167
0 0.789062 0.364583 0.809766 0.364583 0.809766 0.392188 0.789062 0.392188
0 0.769141 0.383333 0.789844 0.383333 0.789844 0.417188 0.769141 0.417188
0 0.746094 0.647917 0.767969 0.647917 0.767969 0.680208 0.746094 0.680208
0 0.748828 0.585417 0.767969 0.585417 0.767969 0.608333 0.748828 0.608333
0 0.75625 0.535938 0.776562 0.535938 0.776562 0.572396 0.75625 0.572396
0 0.716406 0.552083 0.737891 0.552083 0.737891 0.579167 0.716406 0.579167
0 0.696875 0.601042 0.715625 0.601042 0.715625 0.634375 0.696875 0.634375
0 0.717969 0.663021 0.738281 0.663021 0.738281 0.696354 0.717969 0.696354
0 0.680078 0.664583 0.702734 0.664583 0.702734 0.690104 0.680078 0.690104
0 0.655078 0.617188 0.674609 0.617188 0.674609 0.647917 0.655078 0.647917
0 0.673047 0.544271 0.69375 0.544271 0.69375 0.578125 0.673047 0.578125
0 0.673047 0.435938 0.699609 0.435938 0.699609 0.465625 0.673047 0.465625
0 0.607422 0.45 0.625391 0.45 0.625391 0.476042 0.607422 0.476042
0 0.595312 0.49375 0.613672 0.49375 0.613672 0.530208 0.595312 0.530208
0 0.621875 0.496354 0.642969 0.496354 0.642969 0.527604 0.621875 0.527604
0 0.653516 0.499479 0.671484 0.499479 0.671484 0.525 0.653516 0.525
0 0.639453 0.536979 0.660938 0.536979 0.660938 0.558333 0.639453 0.558333
0 0.704297 0.510417 0.724609 0.510417 0.724609 0.542708 0.704297 0.542708
0 0.719922 0.426042 0.740234 0.426042 0.740234 0.451562 0.719922 0.451562
0 0.757031 0.425521 0.778125 0.425521 0.778125 0.459896 0.757031 0.459896
0 0.726172 0.475521 0.753906 0.475521 0.753906 0.502604 0.726172 0.502604
0 0.778906 0.467708 0.80625 0.467708 0.80625 0.49375 0.778906 0.49375
0 0.784766 0.511979 0.808984 0.511979 0.808984 0.534375 0.784766 0.534375
0 0.812891 0.532292 0.835938 0.532292 0.835938 0.5625 0.812891 0.5625
0 0.782031 0.588542 0.803125 0.588542 0.803125 0.621354 0.782031 0.621354
0 0.794922 0.417708 0.818359 0.417708 0.818359 0.445312 0.794922 0.445312
0 0.808984 0.475 0.832031 0.475 0.832031 0.500521 0.808984 0.500521
0 0.875391 0.344271 0.898047 0.344271 0.898047 0.38125 0.875391 0.38125
0 0.898047 0.327083 0.923047 0.327083 0.923047 0.354167 0.898047 0.354167
0 0.933984 0.336979 0.953125 0.336979 0.953125 0.369792 0.933984 0.369792
0 0.920703 0.282812 0.945312 0.282812 0.945312 0.308333 0.920703 0.308333
0 0.366406 0.507292 0.389453 0.507292 0.389453 0.530208 0.366406 0.530208
0 0.375391 0.546354 0.398438 0.546354 0.398438 0.577083 0.375391 0.577083
0 0.399219 0.508854 0.41875 0.508854 0.41875 0.541146 0.399219 0.541146
0 0.420312 0.533333 0.440234 0.533333 0.440234 0.558854 0.420312 0.558854
0 0.461719 0.554688 0.483984 0.554688 0.483984 0.582812 0.461719 0.582812
0 0.442969 0.475521 0.466406 0.475521 0.466406 0.500521 0.442969 0.500521
0 0.500391 0.507812 0.517188 0.507812 0.517188 0.529167 0.500391 0.529167
0 0.499609 0.552083 0.525 0.552083 0.525 0.579688 0.499609 0.579688
0 0.375 0.467708 0.399609 0.467708 0.399609 0.488542 0.375 0.488542
0 0.340234 0.580208 0.362891 0.580208 0.362891 0.604167 0.340234 0.604167
0 0.338672 0.620312 0.364844 0.620312 0.364844 0.644271 0.338672 0.644271
0 0.413281 0.605208 0.438672 0.605208 0.438672 0.635417 0.413281 0.635417
0 0.532812 0.720833 0.556641 0.720833 0.556641 0.742708 0.532812 0.742708
0 0.564062 0.689062 0.584375 0.689062 0.584375 0.720312 0.564062 0.720312
0 0.540234 0.669271 0.559375 0.669271 0.559375 0.698438 0.540234 0.698438
0 0.523438 0.652083 0.546094 0.652083 0.546094 0.677083 0.523438 0.677083
0 0.576172 0.636979 0.595703 0.636979 0.595703 0.66875 0.576172 0.66875
0 0.538672 0.550521 0.564453 0.550521 0.564453 0.573958 0.538672 0.573958
0 0.584766 0.5625 0.606641 0.5625 0.606641 0.603125 0.584766 0.603125
0 0.614844 0.617188 0.635547 0.617188 0.635547 0.645833 0.614844 0.645833
0 0.611328 0.654688 0.632812 0.654688 0.632812 0.685938 0.611328 0.685938
0 0.522266 0.59375 0.546875 0.59375 0.546875 0.61875 0.522266 0.61875
0 0.604688 0.699479 0.625391 0.699479 0.625391 0.728125 0.604688 0.728125
0 0.466406 0.665625 0.492578 0.665625 0.492578 0.692188 0.466406 0.692188
0 0.500781 0.679167 0.519922 0.679167 0.519922 0.702604 0.500781 0.702604
0 0.426172 0.646875 0.449219 0.646875 0.449219 0.66875 0.426172 0.66875
0 0.390234 0.665625 0.408203 0.665625 0.408203 0.698958 0.390234 0.698958
0 0.363672 0.66875 0.382031 0.66875 0.382031 0.701042 0.363672 0.701042
0 0.422656 0.707292 0.450391 0.707292 0.450391 0.73125 0.422656 0.73125
0 0.180469 0.923958 0.196875 0.923958 0.196875 0.952083 0.180469 0.952083
0 0.219531 0.926562 0.240234 0.926562 0.240234 0.960938 0.219531 0.960938
0 0.355469 0.88125 0.378516 0.88125 0.378516 0.904167 0.355469 0.904167
0 0.34375 0.821875 0.365625 0.821875 0.365625 0.844271 0.34375 0.844271
0 0.372656 0.905729 0.392578 0.905729 0.392578 0.932812 0.372656 0.932812
0 0.403906 0.859896 0.426172 0.859896 0.426172 0.894271 0.403906 0.894271
0 0.380078 0.840625 0.398828 0.840625 0.398828 0.869792 0.380078 0.869792
0 0.371875 0.7875 0.392969 0.7875 0.392969 0.816667 0.371875 0.816667
0 0.401172 0.786458 0.418359 0.786458 0.418359 0.820833 0.401172 0.820833
0 0.426562 0.803646 0.448828 0.803646 0.448828 0.832292 0.426562 0.832292
0 0.454688 0.797396 0.481641 0.797396 0.481641 0.822396 0.454688 0.822396
0 0.441016 0.869792 0.45625 0.869792 0.45625 0.909375 0.441016 0.909375
0 0.479688 0.883854 0.5 0.883854 0.5 0.910417 0.479688 0.910417
0 0.004297 0.955729 0.027734 0.955729 0.027734 0.979688 0.004297 0.979688
0 0.037109 0.935938 0.057422 0.935938 0.057422 0.963542 0.037109 0.963542
0 0.085156 0.910938 0.104297 0.910938 0.104297 0.941146 0.085156 0.941146
0 0.120312 0.892708 0.136719 0.892708 0.136719 0.925521 0.120312 0.925521
0 0.128125 0.969792 0.144922 0.969792 0.144922 0.99375 0.128125 0.99375
0 0.024219 0.843229 0.048828 0.843229 0.048828 0.871875 0.024219 0.871875
0 0.251172 0.629688 0.265625 0.629688 0.265625 0.65625 0.251172 0.65625
0 0.325391 0.654167 0.345312 0.654167 0.345312 0.677604 0.325391 0.677604
0 0.328516 0.708854 0.352734 0.708854 0.352734 0.732812 0.328516 0.732812
0 0.328516 0.744792 0.353906 0.744792 0.353906 0.767708 0.328516 0.767708
0 0.378906 0.719792 0.408203 0.719792 0.408203 0.747917 0.378906 0.747917
0 0.504297 0.708333 0.528125 0.708333 0.528125 0.735417 0.504297 0.735417
0 0.477734 0.748958 0.498047 0.748958 0.498047 0.778125 0.477734 0.778125
0 0.428516 0.746354 0.451172 0.746354 0.451172 0.770312 0.428516 0.770312
0 0.517969 0.778125 0.544141 0.778125 0.544141 0.801042 0.517969 0.801042
0 0.397266 0.43125 0.418359 0.43125 0.418359 0.455729 0.397266 0.455729
0 0.421484 0.390104 0.441016 0.390104 0.441016 0.424479 0.421484 0.424479
0 0.454688 0.424479 0.472656 0.424479 0.472656 0.449479 0.454688 0.449479
0 0.503125 0.426562 0.522656 0.426562 0.522656 0.454688 0.503125 0.454688
0 0.537891 0.46875 0.557422 0.46875 0.557422 0.502083 0.537891 0.502083
0 0.410547 0.302083 0.430078 0.302083 0.430078 0.321875 0.410547 0.321875
0 0.582422 0.082292 0.608594 0.082292 0.608594 0.111458 0.582422 0.111458
0 0.614453 0.051562 0.635156 0.051562 0.635156 0.084896 0.614453 0.084896
0 0.64375 0.078646 0.665234 0.078646 0.665234 0.101562 0.64375 0.101562
0 0.634766 0.109375 0.653125 0.109375 0.653125 0.143229 0.634766 0.143229
0 0.674609 0.073438 0.7 0.073438 0.7 0.102083 0.674609 0.102083
0 0.707031 0.034896 0.730469 0.034896 0.730469 0.061458 0.707031 0.061458
0 0.737109 0.075521 0.752734 0.075521 0.752734 0.107812 0.737109 0.107812
0 0.763281 0.057292 0.783984 0.057292 0.783984 0.086979 0.763281 0.086979
0 0.759375 0.111458 0.779688 0.111458 0.779688 0.138021 0.759375 0.138021
0 0.866406 0.14375 0.889453 0.14375 0.889453 0.169792 0.866406 0.169792
0 0.892969 0.171875 0.919141 0.171875 0.919141 0.195833 0.892969 0.195833
0 0.889453 0.202604 0.911328 0.202604 0.911328 0.226042 0.889453 0.226042
0 0.883984 0.23125 0.905078 0.23125 0.905078 0.257292 0.883984 0.257292
0 0.919531 0.226562 0.938281 0.226562 0.938281 0.251563 0.919531 0.251563
0 0.890234 0.268229 0.910938 0.268229 0.910938 0.295312 0.890234 0.295312
0 0.944922 0.19375 0.973047 0.19375 0.973047 0.219271 0.944922 0.219271
0 0.928906 0.1375 0.954688 0.1375 0.954688 0.164062 0.928906 0.164062
0 0.979688 0.176562 0.999609 0.176562 0.999609 0.205729 0.979688 0.205729
0 0.944141 0.0125 0.966016 0.0125 0.966016 0.036458 0.944141 0.036458
0 0.952734 0.047917 0.976562 0.047917 0.976562 0.074479 0.952734 0.074479
0 0.928906 0.086979 0.955469 0.086979 0.955469 0.108854 0.928906 0.108854
0 0.983203 0.113542 0.999609 0.113542 0.999609 0.146354 0.983203 0.146354
0 0.776953 0.007812 0.792969 0.007812 0.792969 0.039583 0.776953 0.039583
0 0.807812 0.015625 0.824219 0.015625 0.824219 0.042708 0.807812 0.042708
0 0.955078 0.291667 0.982812 0.291667 0.982812 0.315625 0.955078 0.315625
0 0.507812 0.817708 0.528125 0.817708 0.528125 0.839583 0.507812 0.839583
0 0.515625 0.850521 0.534766 0.850521 0.534766 0.876042 0.515625 0.876042
0 0.553516 0.805208 0.574609 0.805208 0.574609 0.830729 0.553516 0.830729
0 0.496875 0.911458 0.514062 0.911458 0.514062 0.934375 0.496875 0.934375
0 0.548828 0.911979 0.566016 0.911979 0.566016 0.932812 0.548828 0.932812
0 0.585938 0.911458 0.603906 0.911458 0.603906 0.934375 0.585938 0.934375
0 0.570703 0.934375 0.588672 0.934375 0.588672 0.957812 0.570703 0.957812
0 0.527344 0.939062 0.544141 0.939062 0.544141 0.960417 0.527344 0.960417
0 0.543359 0.976042 0.566016 0.976042 0.566016 0.995312 0.543359 0.995312
0 0.605469 0.876562 0.624609 0.876562 0.624609 0.89375 0.605469 0.89375
0 0.623438 0.890625 0.645312 0.890625 0.645312 0.914062 0.623438 0.914062
0 0.647656 0.861458 0.664844 0.861458 0.664844 0.888021 0.647656 0.888021
0 0.558203 0.763542 0.580078 0.763542 0.580078 0.788542 0.558203 0.788542
0 0.602344 0.948958 0.621875 0.948958 0.621875 0.972917 0.602344 0.972917
0 0.635547 0.942708 0.655859 0.942708 0.655859 0.967188 0.635547 0.967188
0 0.511328 0.979688 0.536719 0.979688 0.536719 0.999479 0.511328 0.999479
0 0.648438 0.967708 0.669531 0.967708 0.669531 0.994271 0.648438 0.994271
0 0.669141 0.908854 0.689844 0.908854 0.689844 0.93125 0.669141 0.93125
0 0.69375 0.94375 0.712891 0.94375 0.712891 0.972396 0.69375 0.972396
0 0.69375 0.844271 0.712891 0.844271 0.712891 0.872396 0.69375 0.872396
0 0.726562 0.902604 0.746094 0.902604 0.746094 0.939583 0.726562 0.939583
0 0.747656 0.95 0.766797 0.95 0.766797 0.983854 0.747656 0.983854
0 0.779688 0.930208 0.800391 0.930208 0.800391 0.952604 0.779688 0.952604
0 0.746875 0.828646 0.76875 0.828646 0.76875 0.856771 0.746875 0.856771
0 0.710547 0.797917 0.729297 0.797917 0.729297 0.832292 0.710547 0.832292
0 0.746094 0.788542 0.765234 0.788542 0.765234 0.81875 0.746094 0.81875
0 0.775391 0.798438 0.794141 0.798438 0.794141 0.829167 0.775391 0.829167
0 0.788281 0.838542 0.815234 0.838542 0.815234 0.864062 0.788281 0.864062
0 0.806641 0.888021 0.833594 0.888021 0.833594 0.913542 0.806641 0.913542
0 0.805078 0.796875 0.827344 0.796875 0.827344 0.820833 0.805078 0.820833
0 0.775391 0.745312 0.799609 0.745312 0.799609 0.766667 0.775391 0.766667
0 0.882422 0.775 0.9 0.775 0.9 0.796354 0.882422 0.796354
0 0.849219 0.794271 0.872656 0.794271 0.872656 0.824479 0.849219 0.824479
0 0.816406 0.753125 0.839453 0.753125 0.839453 0.777083 0.816406 0.777083
0 0.853125 0.747396 0.870312 0.747396 0.870312 0.778125 0.853125 0.778125
0 0.914844 0.789062 0.935938 0.789062 0.935938 0.830729 0.914844 0.830729
0 0.884766 0.822917 0.903516 0.822917 0.903516 0.850521 0.884766 0.850521
0 0.940625 0.8625 0.960156 0.8625 0.960156 0.888021 0.940625 0.888021
0 0.946094 0.793229 0.967578 0.793229 0.967578 0.828125 0.946094 0.828125
0 0.942188 0.729688 0.965234 0.729688 0.965234 0.760417 0.942188 0.760417
0 0.820312 0.710417 0.839844 0.710417 0.839844 0.741667 0.820312 0.741667
0 0.898828 0.939062 0.919531 0.939062 0.919531 0.967708 0.898828 0.967708
0 0.923438 0.945312 0.944922 0.945312 0.944922 0.969271 0.923438 0.969271
0 0.947656 0.908333 0.973047 0.908333 0.973047 0.935417 0.947656 0.935417
0 0.852734 0.919792 0.873828 0.919792 0.873828 0.939062 0.852734 0.939062
0 0.813281 0.961979 0.835547 0.961979 0.835547 0.984375 0.813281 0.984375
0 0.928125 0.598438 0.947656 0.598438 0.947656 0.63125 0.928125 0.63125
0 0.905078 0.593229 0.923438 0.593229 0.923438 0.630729 0.905078 0.630729
0 0.882422 0.589062 0.898438 0.589062 0.898438 0.619792 0.882422 0.619792
0 0.853516 0.604688 0.870312 0.604688 0.870312 0.628646 0.853516 0.628646
0 0.864062 0.635938 0.882031 0.635938 0.882031 0.663021 0.864062 0.663021
0 0.89375 0.648438 0.912891 0.648438 0.912891 0.676562 0.89375 0.676562
0 0.941406 0.65 0.959766 0.65 0.959766 0.683333 0.941406 0.683333
0 0.969922 0.585938 0.992578 0.585938 0.992578 0.609375 0.969922 0.609375
0 0.98125 0.646354 0.99375 0.646354 0.99375 0.669271 0.98125 0.669271
0 0.976562 0.773958 0.998047 0.773958 0.998047 0.803125 0.976562 0.803125
0 0.855469 0.96875 0.877734 0.96875 0.877734 0.999479 0.855469 0.999479