0 0.035156 0.103646 0.061328 0.103646 0.061328 0.129167 0.035156 0.129167
0 0.025 0.176562 0.045312 0.176562 0.045312 0.193229 0.025 0.193229
0 0.0 0.214062 0.019531 0.214062 0.019531 0.233333 0.0 0.233333
0 0.047656 0.053125 0.067578 0.053125 0.067578 0.068229 0.047656 0.068229
0 0.105859 0.061458 0.125781 0.061458 0.125781 0.082812 0.105859 0.082812
0 0.299609 0.159375 0.316797 0.159375 0.316797 0.178125 0.299609 0.178125
0 0.332812 0.163542 0.35 0.163542 0.35 0.192188 0.332812 0.192188
0 0.354688 0.179167 0.374219 0.179167 0.374219 0.202604 0.354688 0.202604
0 0.382812 0.183333 0.404688 0.183333 0.404688 0.204688 0.382812 0.204688
0 0.367969 0.208854 0.385156 0.208854 0.385156 0.235417 0.367969 0.235417
0 0.334375 0.208333 0.353516 0.208333 0.353516 0.23125 0.334375 0.23125
0 0.305469 0.197917 0.329688 0.197917 0.329688 0.221875 0.305469 0.221875
0 0.276953 0.178125 0.296094 0.178125 0.296094 0.201562 0.276953 0.201562
0 0.263281 0.224479 0.284375 0.224479 0.284375 0.25625 0.263281 0.25625
0 0.314844 0.260417 0.33125 0.260417 0.33125 0.288542 0.314844 0.288542
0 0.342188 0.271354 0.362109 0.271354 0.362109 0.29375 0.342188 0.29375
0 0.413281 0.219792 0.432812 0.219792 0.432812 0.247917 0.413281 0.247917
0 0.403516 0.285938 0.421875 0.285938 0.421875 0.319271 0.403516 0.319271
0 0.433594 0.299479 0.447656 0.299479 0.447656 0.329167 0.433594 0.329167
0 0.353516 0.302083 0.374219 0.302083 0.374219 0.326042 0.353516 0.326042
0 0.330469 0.309896 0.346875 0.309896 0.346875 0.336458 0.330469 0.336458
0 0.311719 0.296354 0.326562 0.296354 0.326562 0.315625 0.311719 0.315625
0 0.301953 0.319271 0.322266 0.319271 0.322266 0.342708 0.301953 0.342708
0 0.323438 0.355208 0.342969 0.355208 0.342969 0.385417 0.323438 0.385417
0 0.183203 0.278646 0.203906 0.278646 0.203906 0.302604 0.183203 0.302604
0 0.206641 0.240104 0.222266 0.240104 0.222266 0.266146 0.206641 0.266146
0 0.226953 0.226562 0.243359 0.226562 0.243359 0.255729 0.226953 0.255729
0 0.237891 0.266667 0.259375 0.266667 0.259375 0.289583 0.237891 0.289583
0 0.227734 0.313542 0.249609 0.313542 0.249609 0.334896 0.227734 0.334896
0 0.201953 0.334375 0.216797 0.334375 0.216797 0.363542 0.201953 0.363542
0 0.225781 0.360938 0.242969 0.360938 0.242969 0.393229 0.225781 0.393229
0 0.251953 0.383333 0.270312 0.383333 0.270312 0.401042 0.251953 0.401042
0 0.164062 0.315625 0.182812 0.315625 0.182812 0.342708 0.164062 0.342708
0 0.132422 0.35 0.158203 0.35 0.158203 0.375 0.132422 0.375
0 0.103125 0.346875 0.123438 0.346875 0.123438 0.370833 0.103125 0.370833
0 0.182812 0.360938 0.200391 0.360938 0.200391 0.389583 0.182812 0.389583
0 0.203125 0.385417 0.222266 0.385417 0.222266 0.409375 0.203125 0.409375
0 0.160156 0.388542 0.174219 0.388542 0.174219 0.416667 0.160156 0.416667
0 0.111328 0.40625 0.131641 0.40625 0.131641 0.429167 0.111328 0.429167
0 0.077344 0.446875 0.092578 0.446875 0.092578 0.473958 0.077344 0.473958
0 0.105078 0.446875 0.124609 0.446875 0.124609 0.477083 0.105078 0.477083
0 0.114453 0.491667 0.13125 0.491667 0.13125 0.522917 0.114453 0.522917
0 0.076562 0.484375 0.094141 0.484375 0.094141 0.516146 0.076562 0.516146
0 0.14375 0.502604 0.161328 0.502604 0.161328 0.536458 0.14375 0.536458
0 0.213672 0.428646 0.234766 0.428646 0.234766 0.453125 0.213672 0.453125
0 0.011719 0.525521 0.03125 0.525521 0.03125 0.553646 0.011719 0.553646
0 0.034766 0.557292 0.051172 0.557292 0.051172 0.583854 0.034766 0.583854
0 0.066016 0.551562 0.079297 0.551562 0.079297 0.577083 0.066016 0.577083
0 0.077344 0.579688 0.097266 0.579688 0.097266 0.603125 0.077344 0.603125
0 0.015625 0.591146 0.03125 0.591146 0.03125 0.618229 0.015625 0.618229
0 0.047656 0.63125 0.066797 0.63125 0.066797 0.652604 0.047656 0.652604
0 0.003906 0.660417 0.021875 0.660417 0.021875 0.685417 0.003906 0.685417
0 0.032422 0.656771 0.046484 0.656771 0.046484 0.685417 0.032422 0.685417
0 0.0625 0.66875 0.080078 0.66875 0.080078 0.698958 0.0625 0.698958
0 0.080469 0.653125 0.1 0.653125 0.1 0.675 0.080469 0.675
0 0.108203 0.631771 0.127734 0.631771 0.127734 0.652083 0.108203 0.652083
0 0.0 0.696354 0.008203 0.696354 0.008203 0.720312 0.0 0.720312
0 0.041797 0.704167 0.063281 0.704167 0.063281 0.720833 0.041797 0.720833
0 0.104297 0.708854 0.130859 0.708854 0.130859 0.729688 0.104297 0.729688
0 0.0375 0.757292 0.057422 0.757292 0.057422 0.779688 0.0375 0.779688
0 0.080078 0.757292 0.095312 0.757292 0.095312 0.777083 0.080078 0.777083
0 0.0 0.778646 0.007031 0.778646 0.007031 0.80625 0.0 0.80625
0 0.024609 0.819271 0.039844 0.819271 0.039844 0.846354 0.024609 0.846354
0 0.053516 0.790104 0.070312 0.790104 0.070312 0.817708 0.053516 0.817708
0 0.11875 0.798958 0.144922 0.798958 0.144922 0.821354 0.11875 0.821354
0 0.051172 0.834896 0.066797 0.834896 0.066797 0.863021 0.051172 0.863021
0 0.079297 0.863542 0.099609 0.863542 0.099609 0.882812 0.079297 0.882812
0 0.113672 0.851042 0.127344 0.851042 0.127344 0.879688 0.113672 0.879688
0 0.137109 0.849479 0.151172 0.849479 0.151172 0.877083 0.137109 0.877083
0 0.011719 0.878125 0.028906 0.878125 0.028906 0.907292 0.011719 0.907292
0 0.053516 0.908854 0.070312 0.908854 0.070312 0.935938 0.053516 0.935938
0 0.078516 0.89375 0.1 0.89375 0.1 0.914062 0.078516 0.914062
0 0.154297 0.901562 0.173047 0.901562 0.173047 0.918229 0.154297 0.918229
0 0.185938 0.875521 0.199609 0.875521 0.199609 0.901042 0.185938 0.901042
0 0.163281 0.839062 0.177344 0.839062 0.177344 0.863021 0.163281 0.863021
0 0.003516 0.932812 0.020703 0.932812 0.020703 0.960938 0.003516 0.960938
0 0.017188 0.984375 0.030469 0.984375 0.030469 0.999479 0.017188 0.999479
0 0.037891 0.988021 0.05 0.988021 0.05 0.999479 0.037891 0.999479
0 0.06875 0.973958 0.0875 0.973958 0.0875 0.996354 0.06875 0.996354
0 0.073438 0.939583 0.096875 0.939583 0.096875 0.961979 0.073438 0.961979
0 0.110547 0.977604 0.125781 0.977604 0.125781 0.999479 0.110547 0.999479
0 0.140234 0.951042 0.160938 0.951042 0.160938 0.970312 0.140234 0.970312
0 0.158203 0.971875 0.169922 0.971875 0.169922 0.999479 0.158203 0.999479
0 0.189844 0.939062 0.205469 0.939062 0.205469 0.970312 0.189844 0.970312
0 0.219531 0.897917 0.235156 0.897917 0.235156 0.925521 0.219531 0.925521
0 0.244531 0.918229 0.2625 0.918229 0.2625 0.938542 0.244531 0.938542
0 0.253125 0.956771 0.275391 0.956771 0.275391 0.973438 0.253125 0.973438
0 0.424219 0.360938 0.439844 0.360938 0.439844 0.3875 0.424219 0.3875
0 0.405469 0.401562 0.428125 0.401562 0.428125 0.431771 0.405469 0.431771
0 0.360938 0.386458 0.381641 0.386458 0.381641 0.411979 0.360938 0.411979
0 0.360156 0.425 0.383594 0.425 0.383594 0.445833 0.360156 0.445833
0 0.328516 0.440625 0.348828 0.440625 0.348828 0.461979 0.328516 0.461979
0 0.36875 0.453125 0.383594 0.453125 0.383594 0.475521 0.36875 0.475521
0 0.334766 0.475 0.353125 0.475 0.353125 0.501562 0.334766 0.501562
0 0.2625 0.448438 0.282812 0.448438 0.282812 0.474479 0.2625 0.474479
0 0.308594 0.470312 0.328906 0.470312 0.328906 0.505729 0.308594 0.505729
0 0.265625 0.49375 0.287891 0.49375 0.287891 0.517708 0.265625 0.517708
0 0.211328 0.472917 0.225781 0.472917 0.225781 0.495312 0.211328 0.495312
0 0.177734 0.491667 0.19375 0.491667 0.19375 0.513542 0.177734 0.513542
0 0.223828 0.516146 0.246094 0.516146 0.246094 0.534375 0.223828 0.534375
0 0.137891 0.551562 0.153906 0.551562 0.153906 0.575 0.137891 0.575
0 0.173438 0.536458 0.191016 0.536458 0.191016 0.556771 0.173438 0.556771
0 0.190234 0.561458 0.202734 0.561458 0.202734 0.5875 0.190234 0.5875
0 0.223828 0.542708 0.243359 0.542708 0.243359 0.561979 0.223828 0.561979
0 0.264844 0.540104 0.278516 0.540104 0.278516 0.565104 0.264844 0.565104
0 0.245312 0.558333 0.260547 0.558333 0.260547 0.584896 0.245312 0.584896
0 0.291797 0.5625 0.314844 0.5625 0.314844 0.584896 0.291797 0.584896
0 0.331641 0.534896 0.351562 0.534896 0.351562 0.559896 0.331641 0.559896
0 0.203516 0.604167 0.226562 0.604167 0.226562 0.626042 0.203516 0.626042
0 0.173047 0.647396 0.188672 0.647396 0.188672 0.678646 0.173047 0.678646
0 0.247656 0.613542 0.261719 0.613542 0.261719 0.635938 0.247656 0.635938
0 0.280078 0.632812 0.301953 0.632812 0.301953 0.653646 0.280078 0.653646
0 0.148047 0.707292 0.173047 0.707292 0.173047 0.725521 0.148047 0.725521
0 0.155469 0.7375 0.174609 0.7375 0.174609 0.756771 0.155469 0.756771
0 0.237109 0.730208 0.255078 0.730208 0.255078 0.751042 0.237109 0.751042
0 0.259375 0.717188 0.278906 0.717188 0.278906 0.742188 0.259375 0.742188
0 0.364844 0.552604 0.384766 0.552604 0.384766 0.576042 0.364844 0.576042
0 0.360938 0.595833 0.384375 0.595833 0.384375 0.617188 0.360938 0.617188
0 0.351172 0.632292 0.371875 0.632292 0.371875 0.654688 0.351172 0.654688
0 0.333203 0.644792 0.351172 0.644792 0.351172 0.670312 0.333203 0.670312
0 0.349219 0.681771 0.365234 0.681771 0.365234 0.702604 0.349219 0.702604
0 0.370312 0.682292 0.383984 0.682292 0.383984 0.707812 0.370312 0.707812
0 0.277344 0.696354 0.301562 0.696354 0.301562 0.720833 0.277344 0.720833
0 0.314062 0.7 0.330859 0.7 0.330859 0.725 0.314062 0.725
0 0.302344 0.739062 0.324219 0.739062 0.324219 0.758333 0.302344 0.758333
0 0.203516 0.779688 0.218359 0.779688 0.218359 0.800521 0.203516 0.800521
0 0.223438 0.819271 0.239062 0.819271 0.239062 0.844792 0.223438 0.844792
0 0.249219 0.808854 0.275 0.808854 0.275 0.830208 0.249219 0.830208
0 0.264453 0.781771 0.283594 0.781771 0.283594 0.802083 0.264453 0.802083
0 0.310938 0.777083 0.336719 0.777083 0.336719 0.794271 0.310938 0.794271
0 0.320703 0.807292 0.336719 0.807292 0.336719 0.828125 0.320703 0.828125
0 0.290625 0.827083 0.313672 0.827083 0.313672 0.844792 0.290625 0.844792
0 0.260938 0.855729 0.281641 0.855729 0.281641 0.872917 0.260938 0.872917
0 0.237891 0.854167 0.254688 0.854167 0.254688 0.872917 0.237891 0.872917
0 0.301562 0.878646 0.322656 0.878646 0.322656 0.897917 0.301562 0.897917
0 0.275781 0.906771 0.290234 0.906771 0.290234 0.932812 0.275781 0.932812
0 0.303125 0.923438 0.318359 0.923438 0.318359 0.94375 0.303125 0.94375
0 0.370703 0.011979 0.386328 0.011979 0.386328 0.039062 0.370703 0.039062
0 0.397266 0.036979 0.417578 0.036979 0.417578 0.061458 0.397266 0.061458
0 0.425391 0.0 0.441406 0.0 0.441406 0.01875 0.425391 0.01875
0 0.465234 0.0 0.482812 0.0 0.482812 0.033333 0.465234 0.033333
0 0.495703 0.007292 0.5125 0.007292 0.5125 0.040625 0.495703 0.040625
0 0.474219 0.05625 0.499219 0.05625 0.499219 0.077083 0.474219 0.077083
0 0.548828 0.0 0.567969 0.0 0.567969 0.023958 0.548828 0.023958
0 0.524609 0.021875 0.548828 0.021875 0.548828 0.045833 0.524609 0.045833
0 0.572266 0.046354 0.592188 0.046354 0.592188 0.070833 0.572266 0.070833
0 0.524609 0.060938 0.544141 0.060938 0.544141 0.080208 0.524609 0.080208
0 0.553516 0.095312 0.571094 0.095312 0.571094 0.125521 0.553516 0.125521
0 0.580859 0.123958 0.594922 0.123958 0.594922 0.151042 0.580859 0.151042
0 0.604688 0.009375 0.617188 0.009375 0.617188 0.036979 0.604688 0.036979
0 0.619531 0.038021 0.634766 0.038021 0.634766 0.069792 0.619531 0.069792
0 0.642578 0.047396 0.653906 0.047396 0.653906 0.077083 0.642578 0.077083
0 0.648047 0.094271 0.658594 0.094271 0.658594 0.115625 0.648047 0.115625
0 0.672656 0.032292 0.69375 0.032292 0.69375 0.060417 0.672656 0.060417
0 0.695312 0.005729 0.711719 0.005729 0.711719 0.036979 0.695312 0.036979
0 0.712891 0.04375 0.737109 0.04375 0.737109 0.070312 0.712891 0.070312
0 0.692578 0.077083 0.713672 0.077083 0.713672 0.101562 0.692578 0.101562
0 0.66875 0.123958 0.695312 0.123958 0.695312 0.144792 0.66875 0.144792
0 0.747266 0.084375 0.767969 0.084375 0.767969 0.113542 0.747266 0.113542
0 0.776562 0.084375 0.79375 0.084375 0.79375 0.115104 0.776562 0.115104
0 0.749609 0.042708 0.772266 0.042708 0.772266 0.068229 0.749609 0.068229
0 0.739453 0.0 0.758594 0.0 0.758594 0.014583 0.739453 0.014583
0 0.762891 0.009896 0.78125 0.009896 0.78125 0.038021 0.762891 0.038021
0 0.787891 0.0 0.807031 0.0 0.807031 0.010417 0.787891 0.010417
0 0.787891 0.034375 0.803516 0.034375 0.803516 0.056771 0.787891 0.056771
0 0.812109 0.033854 0.829297 0.033854 0.829297 0.059896 0.812109 0.059896
0 0.845312 0.052604 0.860938 0.052604 0.860938 0.077083 0.845312 0.077083
0 0.846875 0.004688 0.863281 0.004688 0.863281 0.025521 0.846875 0.025521
0 0.765234 0.165625 0.788281 0.165625 0.788281 0.198438 0.765234 0.198438
0 0.778516 0.127083 0.801953 0.127083 0.801953 0.150521 0.778516 0.150521
0 0.826172 0.140625 0.842188 0.140625 0.842188 0.169792 0.826172 0.169792
0 0.973828 0.0 0.990234 0.0 0.990234 0.0125 0.973828 0.0125
0 0.957422 0.014583 0.979297 0.014583 0.979297 0.038542 0.957422 0.038542
0 0.972656 0.095833 0.9875 0.095833 0.9875 0.128125 0.972656 0.128125
0 0.921484 0.096354 0.935938 0.096354 0.935938 0.128125 0.921484 0.128125
0 0.920312 0.140625 0.936719 0.140625 0.936719 0.172917 0.920312 0.172917
0 0.971094 0.163021 0.985938 0.163021 0.985938 0.192188 0.971094 0.192188
0 0.523438 0.310417 0.540625 0.310417 0.540625 0.346354 0.523438 0.346354
0 0.548047 0.303646 0.564844 0.303646 0.564844 0.333854 0.548047 0.333854
0 0.572266 0.296875 0.591406 0.296875 0.591406 0.324479 0.572266 0.324479
0 0.604688 0.298958 0.619922 0.298958 0.619922 0.335417 0.604688 0.335417
0 0.627734 0.305208 0.644141 0.305208 0.644141 0.336458 0.627734 0.336458
0 0.653125 0.273958 0.66875 0.273958 0.66875 0.305729 0.653125 0.305729
0 0.625781 0.270312 0.645703 0.270312 0.645703 0.291667 0.625781 0.291667
0 0.673828 0.326562 0.693359 0.326562 0.693359 0.346875 0.673828 0.346875
0 0.653516 0.330208 0.669141 0.330208 0.669141 0.359896 0.653516 0.359896
0 0.644141 0.368229 0.662891 0.368229 0.662891 0.395833 0.644141 0.395833
0 0.612891 0.36875 0.631641 0.36875 0.631641 0.389583 0.612891 0.389583
0 0.580859 0.334375 0.596875 0.334375 0.596875 0.365104 0.580859 0.365104
0 0.535547 0.355208 0.552344 0.355208 0.552344 0.385938 0.535547 0.385938
0 0.558594 0.366146 0.573828 0.366146 0.573828 0.394792 0.558594 0.394792
0 0.528516 0.408333 0.546875 0.408333 0.546875 0.440625 0.528516 0.440625
0 0.567969 0.435938 0.587109 0.435938 0.587109 0.463542 0.567969 0.463542
0 0.580859 0.395833 0.598828 0.395833 0.598828 0.415625 0.580859 0.415625
0 0.647266 0.427604 0.664844 0.427604 0.664844 0.459896 0.647266 0.459896
0 0.676172 0.40625 0.697656 0.40625 0.697656 0.429167 0.676172 0.429167
0 0.707812 0.30625 0.722266 0.30625 0.722266 0.332292 0.707812 0.332292
0 0.744141 0.38125 0.761719 0.38125 0.761719 0.40625 0.744141 0.40625
0 0.758203 0.407292 0.773828 0.407292 0.773828 0.434896 0.758203 0.434896
0 0.788672 0.392188 0.808984 0.392188 0.808984 0.410938 0.788672 0.410938
0 0.803125 0.36875 0.818359 0.36875 0.818359 0.389062 0.803125 0.389062
0 0.819922 0.336979 0.837891 0.336979 0.837891 0.369792 0.819922 0.369792
0 0.854297 0.341667 0.878516 0.341667 0.878516 0.3625 0.854297 0.3625
0 0.910938 0.359375 0.932031 0.359375 0.932031 0.374479 0.910938 0.374479
0 0.9 0.390625 0.925781 0.390625 0.925781 0.408333 0.9 0.408333
0 0.846875 0.370833 0.867969 0.370833 0.867969 0.391667 0.846875 0.391667
0 0.827344 0.397396 0.848828 0.397396 0.848828 0.41875 0.827344 0.41875
0 0.882031 0.404688 0.894141 0.404688 0.894141 0.426042 0.882031 0.426042
0 0.796094 0.440625 0.816406 0.440625 0.816406 0.465625 0.796094 0.465625
0 0.838672 0.447917 0.855469 0.447917 0.855469 0.469792 0.838672 0.469792
0 0.860156 0.472917 0.881641 0.472917 0.881641 0.492188 0.860156 0.492188
0 0.894531 0.453125 0.914062 0.453125 0.914062 0.475521 0.894531 0.475521
0 0.476953 0.5 0.501172 0.5 0.501172 0.520312 0.476953 0.520312
0 0.501953 0.530208 0.518359 0.530208 0.518359 0.557292 0.501953 0.557292
0 0.542969 0.495833 0.566406 0.495833 0.566406 0.519792 0.542969 0.519792
0 0.478516 0.5625 0.501172 0.5625 0.501172 0.584375 0.478516 0.584375
0 0.524219 0.572917 0.545703 0.572917 0.545703 0.596875 0.524219 0.596875
0 0.505078 0.593229 0.522266 0.593229 0.522266 0.620833 0.505078 0.620833
0 0.540234 0.623438 0.560156 0.623438 0.560156 0.65625 0.540234 0.65625
0 0.458203 0.664062 0.478906 0.664062 0.478906 0.683854 0.458203 0.683854
0 0.470312 0.683854 0.486328 0.683854 0.486328 0.713021 0.470312 0.713021
0 0.499609 0.636458 0.520312 0.636458 0.520312 0.65625 0.499609 0.65625
0 0.501172 0.659896 0.525781 0.659896 0.525781 0.680208 0.501172 0.680208
0 0.537109 0.679688 0.554297 0.679688 0.554297 0.704167 0.537109 0.704167
0 0.55625 0.688021 0.570312 0.688021 0.570312 0.716146 0.55625 0.716146
0 0.473047 0.764583 0.495312 0.764583 0.495312 0.783854 0.473047 0.783854
0 0.489453 0.714062 0.512109 0.714062 0.512109 0.736979 0.489453 0.736979
0 0.524609 0.742708 0.546484 0.742708 0.546484 0.770312 0.524609 0.770312
0 0.562891 0.741146 0.582422 0.741146 0.582422 0.764583 0.562891 0.764583
0 0.542578 0.784896 0.562891 0.784896 0.562891 0.809375 0.542578 0.809375
0 0.573828 0.772396 0.589844 0.772396 0.589844 0.791146 0.573828 0.791146
0 0.592188 0.789062 0.607031 0.789062 0.607031 0.807292 0.592188 0.807292
0 0.582422 0.486979 0.604688 0.486979 0.604688 0.514062 0.582422 0.514062
0 0.594141 0.547396 0.615234 0.547396 0.615234 0.570833 0.594141 0.570833
0 0.567188 0.581771 0.587891 0.581771 0.587891 0.606771 0.567188 0.606771
0 0.639844 0.566667 0.658984 0.566667 0.658984 0.601042 0.639844 0.601042
0 0.660938 0.477083 0.680078 0.477083 0.680078 0.500521 0.660938 0.500521
0 0.692969 0.458333 0.717969 0.458333 0.717969 0.483333 0.692969 0.483333
0 0.755469 0.478646 0.771484 0.478646 0.771484 0.498958 0.755469 0.498958
0 0.734375 0.499479 0.754688 0.499479 0.754688 0.523958 0.734375 0.523958
0 0.804297 0.492708 0.822266 0.492708 0.822266 0.520833 0.804297 0.520833
0 0.772266 0.529167 0.788672 0.529167 0.788672 0.55625 0.772266 0.55625
0 0.758594 0.564583 0.777344 0.564583 0.777344 0.589583 0.758594 0.589583
0 0.796875 0.543229 0.811328 0.543229 0.811328 0.568229 0.796875 0.568229
0 0.68125 0.541146 0.697266 0.541146 0.697266 0.563542 0.68125 0.563542
0 0.857031 0.497396 0.873438 0.497396 0.873438 0.527604 0.857031 0.527604
0 0.874219 0.526042 0.899609 0.526042 0.899609 0.547917 0.874219 0.547917
0 0.901953 0.49375 0.924219 0.49375 0.924219 0.514583 0.901953 0.514583
0 0.871875 0.559375 0.891797 0.559375 0.891797 0.582812 0.871875 0.582812
0 0.845703 0.569271 0.867578 0.569271 0.867578 0.594792 0.845703 0.594792
0 0.821484 0.56875 0.839062 0.56875 0.839062 0.600521 0.821484 0.600521
0 0.855469 0.616146 0.874219 0.616146 0.874219 0.640104 0.855469 0.640104
0 0.883203 0.599479 0.897266 0.599479 0.897266 0.630208 0.883203 0.630208
0 0.585156 0.643229 0.604297 0.643229 0.604297 0.668229 0.585156 0.668229
0 0.589844 0.683854 0.6125 0.683854 0.6125 0.707812 0.589844 0.707812
0 0.680469 0.676042 0.696875 0.676042 0.696875 0.708333 0.680469 0.708333
0 0.66875 0.6125 0.688281 0.6125 0.688281 0.635938 0.66875 0.635938
0 0.691016 0.592708 0.712109 0.592708 0.712109 0.613542 0.691016 0.613542
0 0.698438 0.628125 0.719141 0.628125 0.719141 0.648958 0.698438 0.648958
0 0.716406 0.667188 0.735547 0.667188 0.735547 0.691667 0.716406 0.691667
0 0.755469 0.654688 0.774219 0.654688 0.774219 0.679688 0.755469 0.679688
0 0.763672 0.690104 0.78125 0.690104 0.78125 0.716146 0.763672 0.716146
0 0.744141 0.698438 0.759375 0.698438 0.759375 0.731771 0.744141 0.731771
0 0.705078 0.545833 0.725 0.545833 0.725 0.572396 0.705078 0.572396
0 0.776953 0.607292 0.794922 0.607292 0.794922 0.633333 0.776953 0.633333
0 0.829297 0.643229 0.85 0.643229 0.85 0.667188 0.829297 0.667188
0 0.873438 0.643229 0.892578 0.643229 0.892578 0.664062 0.873438 0.664062
0 0.792578 0.667188 0.8125 0.667188 0.8125 0.69375 0.792578 0.69375
0 0.823828 0.691667 0.843359 0.691667 0.843359 0.715104 0.823828 0.715104
0 0.851172 0.691146 0.869922 0.691146 0.869922 0.719271 0.851172 0.719271
0 0.845703 0.722396 0.863672 0.722396 0.863672 0.747396 0.845703 0.747396
0 0.790234 0.715104 0.80625 0.715104 0.80625 0.739583 0.790234 0.739583
0 0.685156 0.724479 0.703516 0.724479 0.703516 0.748958 0.685156 0.748958
0 0.715625 0.716667 0.732422 0.716667 0.732422 0.744271 0.715625 0.744271
0 0.745703 0.751562 0.7625 0.751562 0.7625 0.778125 0.745703 0.778125
0 0.772266 0.748438 0.79375 0.748438 0.79375 0.777083 0.772266 0.777083
0 0.664062 0.754688 0.683203 0.754688 0.683203 0.789062 0.664062 0.789062
0 0.697656 0.80625 0.716797 0.80625 0.716797 0.833854 0.697656 0.833854
0 0.664844 0.810417 0.680078 0.810417 0.680078 0.841667 0.664844 0.841667
0 0.688281 0.845833 0.703906 0.845833 0.703906 0.873438 0.688281 0.873438
0 0.712891 0.890625 0.731641 0.890625 0.731641 0.913021 0.712891 0.913021
0 0.742578 0.861458 0.7625 0.861458 0.7625 0.885417 0.742578 0.885417
0 0.767969 0.842188 0.787891 0.842188 0.787891 0.861458 0.767969 0.861458
0 0.745312 0.831771 0.760547 0.831771 0.760547 0.849479 0.745312 0.849479
0 0.766797 0.798958 0.790234 0.798958 0.790234 0.819271 0.766797 0.819271
0 0.813672 0.790104 0.836328 0.790104 0.836328 0.810417 0.813672 0.810417
0 0.522266 0.859896 0.535156 0.859896 0.535156 0.88125 0.522266 0.88125
0 0.569531 0.914062 0.592969 0.914062 0.592969 0.935417 0.569531 0.935417
0 0.612109 0.911979 0.633984 0.911979 0.633984 0.933854 0.612109 0.933854
0 0.601172 0.883333 0.616797 0.883333 0.616797 0.900521 0.601172 0.900521
0 0.983594 0.789583 0.999609 0.789583 0.999609 0.818229 0.983594 0.818229
0 0.964453 0.814583 0.983203 0.814583 0.983203 0.846875 0.964453 0.846875
0 0.939844 0.849479 0.959766 0.849479 0.959766 0.879167 0.939844 0.879167
0 0.909766 0.84375 0.928906 0.84375 0.928906 0.861458 0.909766 0.861458
0 0.942578 0.9 0.964453 0.9 0.964453 0.922396 0.942578 0.922396
0 0.934766 0.932292 0.95625 0.932292 0.95625 0.953125 0.934766 0.953125
0 0.903906 0.909375 0.922656 0.909375 0.922656 0.929167 0.903906 0.929167
0 0.989062 0.916146 0.999609 0.916146 0.999609 0.941667 0.989062 0.941667
0 0.613281 0.938021 0.627344 0.938021 0.627344 0.957812 0.613281 0.957812
0 0.638672 0.970833 0.657031 0.970833 0.657031 0.994792 0.638672 0.994792
0 0.744141 0.939062 0.759766 0.939062 0.759766 0.961979 0.744141 0.961979