0 0.013672 0.0 0.039844 0.0 0.039844 0.029167 0.013672 0.029167
0 0.037109 0.033333 0.054297 0.033333 0.054297 0.054688 0.037109 0.054688
0 0.0 0.029167 0.014453 0.029167 0.014453 0.051042 0.0 0.051042
0 0.007422 0.076562 0.025 0.076562 0.025 0.103646 0.007422 0.103646
0 0.0 0.286458 0.017578 0.286458 0.017578 0.320312 0.0 0.320312
0 0.023828 0.315104 0.047266 0.315104 0.047266 0.342188 0.023828 0.342188
0 0.0 0.358333 0.01875 0.358333 0.01875 0.377604 0.0 0.377604
0 0.029688 0.376042 0.045703 0.376042 0.045703 0.408854 0.029688 0.408854
0 0.074609 0.374479 0.090234 0.374479 0.090234 0.399479 0.074609 0.399479
0 0.066797 0.4125 0.088672 0.4125 0.088672 0.436979 0.066797 0.436979
0 0.0 0.394271 0.017969 0.394271 0.017969 0.416667 0.0 0.416667
0 0.019141 0.4375 0.039844 0.4375 0.039844 0.459375 0.019141 0.459375
0 0.052344 0.454688 0.06875 0.454688 0.06875 0.486979 0.052344 0.486979
0 0.088672 0.454688 0.107031 0.454688 0.107031 0.4875 0.088672 0.4875
0 0.021875 0.489583 0.040234 0.489583 0.040234 0.514062 0.021875 0.514062
0 0.014844 0.530208 0.039844 0.530208 0.039844 0.552604 0.014844 0.552604
0 0.059766 0.557812 0.083984 0.557812 0.083984 0.579167 0.059766 0.579167
0 0.084375 0.535938 0.098828 0.535938 0.098828 0.5625 0.084375 0.5625
0 0.098438 0.517188 0.115234 0.517188 0.115234 0.536979 0.098438 0.536979
0 0.121484 0.526042 0.135938 0.526042 0.135938 0.551042 0.121484 0.551042
0 0.001953 0.563021 0.019531 0.563021 0.019531 0.586979 0.001953 0.586979
0 0.094141 0.580208 0.118359 0.580208 0.118359 0.599479 0.094141 0.599479
0 0.001953 0.630729 0.016797 0.630729 0.016797 0.657812 0.001953 0.657812
0 0.01875 0.615625 0.036328 0.615625 0.036328 0.6375 0.01875 0.6375
0 0.046094 0.615104 0.061328 0.615104 0.061328 0.647917 0.046094 0.647917
0 0.083594 0.609896 0.099609 0.609896 0.099609 0.639583 0.083594 0.639583
0 0.107031 0.636979 0.125391 0.636979 0.125391 0.670833 0.107031 0.670833
0 0.025 0.675 0.050391 0.675 0.050391 0.7 0.025 0.7
0 0.084766 0.665625 0.098828 0.665625 0.098828 0.690625 0.084766 0.690625
0 0.073828 0.705208 0.096875 0.705208 0.096875 0.723958 0.073828 0.723958
0 0.002734 0.719792 0.022656 0.719792 0.022656 0.741667 0.002734 0.741667
0 0.026953 0.741146 0.041016 0.741146 0.041016 0.759375 0.026953 0.759375
0 0.051562 0.734375 0.070312 0.734375 0.070312 0.761458 0.051562 0.761458
0 0.012891 0.75625 0.027344 0.75625 0.027344 0.782292 0.012891 0.782292
0 0.028516 0.782292 0.046484 0.782292 0.046484 0.802604 0.028516 0.802604
0 0.055859 0.790625 0.072266 0.790625 0.072266 0.810417 0.055859 0.810417
0 0.096875 0.794792 0.112891 0.794792 0.112891 0.817708 0.096875 0.817708
0 0.100781 0.756771 0.121094 0.756771 0.121094 0.780208 0.100781 0.780208
0 0.028906 0.833854 0.044531 0.833854 0.044531 0.861979 0.028906 0.861979
0 0.053125 0.830208 0.078516 0.830208 0.078516 0.852604 0.053125 0.852604
0 0.092188 0.846875 0.116797 0.846875 0.116797 0.873438 0.092188 0.873438
0 0.047656 0.871354 0.072266 0.871354 0.072266 0.892708 0.047656 0.892708
0 0.077344 0.919792 0.098047 0.919792 0.098047 0.942188 0.077344 0.942188
0 0.103125 0.957292 0.125391 0.957292 0.125391 0.982812 0.103125 0.982812
0 0.127734 0.971875 0.149219 0.971875 0.149219 0.991146 0.127734 0.991146
0 0.126172 0.94375 0.147266 0.94375 0.147266 0.966146 0.126172 0.966146
0 0.185156 0.966146 0.205078 0.966146 0.205078 0.985417 0.185156 0.985417
0 0.113672 0.881771 0.134766 0.881771 0.134766 0.903125 0.113672 0.903125
0 0.127734 0.844792 0.150391 0.844792 0.150391 0.86875 0.127734 0.86875
0 0.164453 0.845312 0.183203 0.845312 0.183203 0.873438 0.164453 0.873438
0 0.124219 0.803646 0.143359 0.803646 0.143359 0.834375 0.124219 0.834375
0 0.172266 0.803125 0.190625 0.803125 0.190625 0.829167 0.172266 0.829167
0 0.196875 0.813542 0.211328 0.813542 0.211328 0.839062 0.196875 0.839062
0 0.133984 0.765104 0.157812 0.765104 0.157812 0.790625 0.133984 0.790625
0 0.185938 0.769271 0.207031 0.769271 0.207031 0.790625 0.185938 0.790625
0 0.141797 0.630208 0.157031 0.630208 0.157031 0.654167 0.141797 0.654167
0 0.152344 0.665625 0.164844 0.665625 0.164844 0.691667 0.152344 0.691667
0 0.167969 0.677083 0.183203 0.677083 0.183203 0.70625 0.167969 0.70625
0 0.125 0.671354 0.142188 0.671354 0.142188 0.693229 0.125 0.693229
0 0.257812 0.00625 0.277344 0.00625 0.277344 0.027604 0.257812 0.027604
0 0.273828 0.042188 0.298047 0.042188 0.298047 0.067708 0.273828 0.067708
0 0.308594 0.008854 0.325391 0.008854 0.325391 0.039062 0.308594 0.039062
0 0.223438 0.010938 0.238281 0.010938 0.238281 0.03125 0.223438 0.03125
0 0.337109 0.0 0.353516 0.0 0.353516 0.021354 0.337109 0.021354
0 0.348438 0.031771 0.369141 0.031771 0.369141 0.048438 0.348438 0.048438
0 0.320312 0.056771 0.340625 0.056771 0.340625 0.078646 0.320312 0.078646
0 0.233594 0.065625 0.253516 0.065625 0.253516 0.0875 0.233594 0.0875
0 0.251172 0.090625 0.275 0.090625 0.275 0.110938 0.251172 0.110938
0 0.287891 0.09375 0.307422 0.09375 0.307422 0.120312 0.287891 0.120312
0 0.328125 0.115625 0.344141 0.115625 0.344141 0.147917 0.328125 0.147917
0 0.344922 0.093229 0.370312 0.093229 0.370312 0.115104 0.344922 0.115104
0 0.366016 0.060417 0.391406 0.060417 0.391406 0.082812 0.366016 0.082812
0 0.384375 0.089583 0.40625 0.089583 0.40625 0.113021 0.384375 0.113021
0 0.381641 0.0 0.400391 0.0 0.400391 0.016146 0.381641 0.016146
0 0.182422 0.117188 0.203125 0.117188 0.203125 0.139583 0.182422 0.139583
0 0.236328 0.119271 0.257812 0.119271 0.257812 0.146875 0.236328 0.146875
0 0.204688 0.154688 0.223438 0.154688 0.223438 0.177604 0.204688 0.177604
0 0.167188 0.148958 0.187891 0.148958 0.187891 0.167188 0.167188 0.167188
0 0.169141 0.175521 0.19375 0.175521 0.19375 0.199479 0.169141 0.199479
0 0.216406 0.189062 0.238672 0.189062 0.238672 0.214583 0.216406 0.214583
0 0.246094 0.208854 0.270703 0.208854 0.270703 0.228125 0.246094 0.228125
0 0.25625 0.168229 0.275391 0.168229 0.275391 0.191146 0.25625 0.191146
0 0.283594 0.169271 0.306641 0.169271 0.306641 0.192708 0.283594 0.192708
0 0.322656 0.172396 0.345312 0.172396 0.345312 0.194271 0.322656 0.194271
0 0.137109 0.193229 0.152344 0.193229 0.152344 0.222917 0.137109 0.222917
0 0.15625 0.207292 0.176562 0.207292 0.176562 0.23125 0.15625 0.23125
0 0.179297 0.229167 0.202344 0.229167 0.202344 0.247396 0.179297 0.247396
0 0.209375 0.233854 0.233203 0.233854 0.233203 0.258333 0.209375 0.258333
0 0.253906 0.24375 0.273438 0.24375 0.273438 0.268229 0.253906 0.268229
0 0.142188 0.272396 0.164453 0.272396 0.164453 0.292188 0.142188 0.292188
0 0.185938 0.275 0.210156 0.275 0.210156 0.301042 0.185938 0.301042
0 0.219531 0.285417 0.244922 0.285417 0.244922 0.307812 0.219531 0.307812
0 0.259766 0.279167 0.282812 0.279167 0.282812 0.303646 0.259766 0.303646
0 0.291797 0.264583 0.308984 0.264583 0.308984 0.297917 0.291797 0.297917
0 0.417578 0.046354 0.433984 0.046354 0.433984 0.080729 0.417578 0.080729
0 0.398047 0.109375 0.414844 0.109375 0.414844 0.132812 0.398047 0.132812
0 0.416406 0.127083 0.432031 0.127083 0.432031 0.152604 0.416406 0.152604
0 0.373047 0.120833 0.391016 0.120833 0.391016 0.148438 0.373047 0.148438
0 0.372266 0.157292 0.394141 0.157292 0.394141 0.182812 0.372266 0.182812
0 0.349609 0.139583 0.368359 0.139583 0.368359 0.163542 0.349609 0.163542
0 0.407812 0.167708 0.426172 0.167708 0.426172 0.19375 0.407812 0.19375
0 0.438281 0.18125 0.453516 0.18125 0.453516 0.210417 0.438281 0.210417
0 0.416406 0.209896 0.438672 0.209896 0.438672 0.233854 0.416406 0.233854
0 0.3375 0.208333 0.359375 0.208333 0.359375 0.233854 0.3375 0.233854
0 0.385938 0.225521 0.408203 0.225521 0.408203 0.251563 0.385938 0.251563
0 0.401953 0.274479 0.425 0.274479 0.425 0.297917 0.401953 0.297917
0 0.435938 0.277604 0.453125 0.277604 0.453125 0.306771 0.435938 0.306771
0 0.316016 0.257292 0.334375 0.257292 0.334375 0.284896 0.316016 0.284896
0 0.346484 0.251563 0.370703 0.251563 0.370703 0.271354 0.346484 0.271354
0 0.348047 0.313021 0.373047 0.313021 0.373047 0.335417 0.348047 0.335417
0 0.378125 0.296875 0.396094 0.296875 0.396094 0.326562 0.378125 0.326562
0 0.178516 0.320312 0.196094 0.320312 0.196094 0.341667 0.178516 0.341667
0 0.210156 0.345312 0.225781 0.345312 0.225781 0.376042 0.210156 0.376042
0 0.258594 0.316667 0.281641 0.316667 0.281641 0.338542 0.258594 0.338542
0 0.296875 0.313021 0.314453 0.313021 0.314453 0.335938 0.296875 0.335938
0 0.313281 0.339062 0.337891 0.339062 0.337891 0.359896 0.313281 0.359896
0 0.264453 0.357292 0.290234 0.357292 0.290234 0.377604 0.264453 0.377604
0 0.305469 0.361979 0.321484 0.361979 0.321484 0.396875 0.305469 0.396875
0 0.330469 0.386979 0.355859 0.386979 0.355859 0.409375 0.330469 0.409375
0 0.185547 0.378646 0.203125 0.378646 0.203125 0.406771 0.185547 0.406771
0 0.207422 0.39375 0.223828 0.39375 0.223828 0.421354 0.207422 0.421354
0 0.228906 0.407292 0.244531 0.407292 0.244531 0.436458 0.228906 0.436458
0 0.248438 0.410417 0.270312 0.410417 0.270312 0.431771 0.248438 0.431771
0 0.275391 0.403125 0.294531 0.403125 0.294531 0.426562 0.275391 0.426562
0 0.278516 0.432812 0.298438 0.432812 0.298438 0.454167 0.278516 0.454167
0 0.330859 0.422917 0.355859 0.422917 0.355859 0.445833 0.330859 0.445833
0 0.314062 0.475521 0.332422 0.475521 0.332422 0.496875 0.314062 0.496875
0 0.248047 0.463542 0.263672 0.463542 0.263672 0.490625 0.248047 0.490625
0 0.268359 0.460938 0.287891 0.460938 0.287891 0.482292 0.268359 0.482292
0 0.228906 0.485417 0.246875 0.485417 0.246875 0.509375 0.228906 0.509375
0 0.214062 0.523958 0.227734 0.523958 0.227734 0.550521 0.214062 0.550521
0 0.239844 0.523438 0.255469 0.523438 0.255469 0.554167 0.239844 0.554167
0 0.283203 0.498438 0.301172 0.498438 0.301172 0.529688 0.283203 0.529688
0 0.34375 0.514062 0.362109 0.514062 0.362109 0.54375 0.34375 0.54375
0 0.370703 0.521354 0.388672 0.521354 0.388672 0.551562 0.370703 0.551562
0 0.39375 0.53125 0.413281 0.53125 0.413281 0.556771 0.39375 0.556771
0 0.368359 0.564062 0.3875 0.564062 0.3875 0.5875 0.368359 0.5875
0 0.312891 0.551562 0.330469 0.551562 0.330469 0.583333 0.312891 0.583333
0 0.340625 0.560938 0.35625 0.560938 0.35625 0.5875 0.340625 0.5875
0 0.366016 0.6 0.3875 0.6 0.3875 0.625521 0.366016 0.625521
0 0.278516 0.591146 0.306641 0.591146 0.306641 0.6125 0.278516 0.6125
0 0.299219 0.631771 0.314062 0.631771 0.314062 0.6625 0.299219 0.6625
0 0.325781 0.638021 0.342188 0.638021 0.342188 0.667708 0.325781 0.667708
0 0.295703 0.68125 0.313672 0.68125 0.313672 0.709375 0.295703 0.709375
0 0.319141 0.682812 0.337891 0.682812 0.337891 0.70625 0.319141 0.70625
0 0.367188 0.666667 0.386328 0.666667 0.386328 0.698438 0.367188 0.698438
0 0.394922 0.670833 0.411719 0.670833 0.411719 0.702083 0.394922 0.702083
0 0.411719 0.70625 0.438281 0.70625 0.438281 0.728646 0.411719 0.728646
0 0.425781 0.742708 0.452734 0.742708 0.452734 0.767188 0.425781 0.767188
0 0.435547 0.671875 0.460547 0.671875 0.460547 0.694271 0.435547 0.694271
0 0.423438 0.630729 0.447266 0.630729 0.447266 0.655208 0.423438 0.655208
0 0.388672 0.624479 0.410156 0.624479 0.410156 0.648958 0.388672 0.648958
0 0.397656 0.582292 0.416406 0.582292 0.416406 0.608333 0.397656 0.608333
0 0.431641 0.595312 0.448828 0.595312 0.448828 0.622396 0.431641 0.622396
0 0.455859 0.624479 0.479297 0.624479 0.479297 0.647396 0.455859 0.647396
0 0.305859 0.747917 0.332031 0.747917 0.332031 0.776562 0.305859 0.776562
0 0.347656 0.783333 0.3625 0.783333 0.3625 0.816146 0.347656 0.816146
0 0.370312 0.775 0.388281 0.775 0.388281 0.807292 0.370312 0.807292
0 0.404297 0.777604 0.421484 0.777604 0.421484 0.798958 0.404297 0.798958
0 0.420312 0.804688 0.439844 0.804688 0.439844 0.823438 0.420312 0.823438
0 0.449609 0.804688 0.472266 0.804688 0.472266 0.828646 0.449609 0.828646
0 0.305859 0.805729 0.322656 0.805729 0.322656 0.841146 0.305859 0.841146
0 0.280859 0.801562 0.296094 0.801562 0.296094 0.83125 0.280859 0.83125
0 0.315625 0.863542 0.338281 0.863542 0.338281 0.890625 0.315625 0.890625
0 0.341797 0.841667 0.359375 0.841667 0.359375 0.877604 0.341797 0.877604
0 0.374609 0.877083 0.391797 0.877083 0.391797 0.916146 0.374609 0.916146
0 0.388281 0.849479 0.410547 0.849479 0.410547 0.872917 0.388281 0.872917
0 0.427734 0.856771 0.451953 0.856771 0.451953 0.886458 0.427734 0.886458
0 0.423438 0.903646 0.446484 0.903646 0.446484 0.928125 0.423438 0.928125
0 0.308594 0.928125 0.330469 0.928125 0.330469 0.952604 0.308594 0.952604
0 0.360156 0.930729 0.378516 0.930729 0.378516 0.961458 0.360156 0.961458
0 0.392188 0.938542 0.410938 0.938542 0.410938 0.969271 0.392188 0.969271
0 0.426562 0.945312 0.451172 0.945312 0.451172 0.966146 0.426562 0.966146
0 0.334375 0.964062 0.351172 0.964062 0.351172 0.997917 0.334375 0.997917
0 0.384766 0.982812 0.400391 0.982812 0.400391 0.999479 0.384766 0.999479
0 0.466797 0.919792 0.482812 0.919792 0.482812 0.94375 0.466797 0.94375
0 0.494531 0.915625 0.513672 0.915625 0.513672 0.941667 0.494531 0.941667
0 0.444922 0.988542 0.460938 0.988542 0.460938 0.999479 0.444922 0.999479
0 0.410156 0.827083 0.441797 0.827083 0.441797 0.850521 0.410156 0.850521
0 0.474609 0.866146 0.501172 0.866146 0.501172 0.892188 0.474609 0.892188
0 0.475781 0.835417 0.497656 0.835417 0.497656 0.858333 0.475781 0.858333
0 0.510547 0.816146 0.533594 0.816146 0.533594 0.835938 0.510547 0.835938
0 0.469922 0.751042 0.495312 0.751042 0.495312 0.773438 0.469922 0.773438
0 0.491797 0.785417 0.514453 0.785417 0.514453 0.807812 0.491797 0.807812
0 0.515625 0.729167 0.536719 0.729167 0.536719 0.753646 0.515625 0.753646
0 0.483984 0.690104 0.506641 0.690104 0.506641 0.717708 0.483984 0.717708
0 0.477344 0.652604 0.494141 0.652604 0.494141 0.682292 0.477344 0.682292
0 0.500391 0.638021 0.522656 0.638021 0.522656 0.658854 0.500391 0.658854
0 0.526172 0.664062 0.549219 0.664062 0.549219 0.683333 0.526172 0.683333
0 0.541797 0.716667 0.558594 0.716667 0.558594 0.738021 0.541797 0.738021
0 0.537891 0.769792 0.554688 0.769792 0.554688 0.795312 0.537891 0.795312
0 0.488672 0.026562 0.515625 0.026562 0.515625 0.051042 0.488672 0.051042
0 0.527734 0.011458 0.551953 0.011458 0.551953 0.032292 0.527734 0.032292
0 0.541797 0.054167 0.561719 0.054167 0.561719 0.077604 0.541797 0.077604
0 0.563281 0.083854 0.583594 0.083854 0.583594 0.105729 0.563281 0.105729
0 0.566016 0.110417 0.589062 0.110417 0.589062 0.132812 0.566016 0.132812
0 0.602344 0.092708 0.617969 0.092708 0.617969 0.116146 0.602344 0.116146
0 0.582031 0.000521 0.600391 0.000521 0.600391 0.011458 0.582031 0.011458
0 0.607812 0.0 0.629297 0.0 0.629297 0.014583 0.607812 0.014583
0 0.634766 0.00625 0.651562 0.00625 0.651562 0.032292 0.634766 0.032292
0 0.675391 0.029167 0.700391 0.029167 0.700391 0.054688 0.675391 0.054688
0 0.648438 0.069792 0.670312 0.069792 0.670312 0.092188 0.648438 0.092188
0 0.685156 0.077083 0.700781 0.077083 0.700781 0.106771 0.685156 0.106771
0 0.522266 0.078125 0.544141 0.078125 0.544141 0.109375 0.522266 0.109375
0 0.486328 0.118229 0.503906 0.118229 0.503906 0.139062 0.486328 0.139062
0 0.516797 0.131771 0.533984 0.131771 0.533984 0.152604 0.516797 0.152604
0 0.54375 0.145312 0.566797 0.145312 0.566797 0.165625 0.54375 0.165625
0 0.601172 0.1375 0.617188 0.1375 0.617188 0.158854 0.601172 0.158854
0 0.597656 0.070312 0.615625 0.070312 0.615625 0.088021 0.597656 0.088021
0 0.623438 0.068229 0.640234 0.068229 0.640234 0.089583 0.623438 0.089583
0 0.635547 0.098958 0.659766 0.098958 0.659766 0.124479 0.635547 0.124479
0 0.666016 0.125521 0.685938 0.125521 0.685938 0.145312 0.666016 0.145312
0 0.722656 0.038021 0.746875 0.038021 0.746875 0.059896 0.722656 0.059896
0 0.715625 0.079167 0.738281 0.079167 0.738281 0.101562 0.715625 0.101562
0 0.703125 0.103125 0.726953 0.103125 0.726953 0.125 0.703125 0.125
0 0.708984 0.128125 0.726172 0.128125 0.726172 0.144792 0.708984 0.144792
0 0.706641 0.146875 0.730078 0.146875 0.730078 0.167708 0.706641 0.167708
0 0.501562 0.179167 0.522266 0.179167 0.522266 0.202083 0.501562 0.202083
0 0.530859 0.200521 0.551172 0.200521 0.551172 0.223438 0.530859 0.223438
0 0.557812 0.2125 0.582812 0.2125 0.582812 0.2375 0.557812 0.2375
0 0.578125 0.182812 0.601562 0.182812 0.601562 0.205729 0.578125 0.205729
0 0.607031 0.193229 0.624219 0.193229 0.624219 0.217708 0.607031 0.217708
0 0.629297 0.165625 0.653906 0.165625 0.653906 0.185938 0.629297 0.185938
0 0.658984 0.15625 0.681641 0.15625 0.681641 0.176562 0.658984 0.176562
0 0.507812 0.223438 0.526953 0.223438 0.526953 0.242708 0.507812 0.242708
0 0.536328 0.246354 0.5625 0.246354 0.5625 0.267708 0.536328 0.267708
0 0.580078 0.257812 0.598438 0.257812 0.598438 0.2875 0.580078 0.2875
0 0.616797 0.248438 0.634375 0.248438 0.634375 0.278125 0.616797 0.278125
0 0.648828 0.251563 0.664453 0.251563 0.664453 0.275521 0.648828 0.275521
0 0.666016 0.245833 0.685938 0.245833 0.685938 0.26875 0.666016 0.26875
0 0.670703 0.201562 0.691406 0.201562 0.691406 0.219271 0.670703 0.219271
0 0.551562 0.279167 0.573828 0.279167 0.573828 0.300521 0.551562 0.300521
0 0.510547 0.285938 0.528125 0.285938 0.528125 0.311458 0.510547 0.311458
0 0.567969 0.308854 0.596094 0.308854 0.596094 0.331771 0.567969 0.331771
0 0.611719 0.308854 0.639844 0.308854 0.639844 0.328646 0.611719 0.328646
0 0.525 0.3375 0.546484 0.3375 0.546484 0.359375 0.525 0.359375
0 0.551562 0.358854 0.576953 0.358854 0.576953 0.38125 0.551562 0.38125
0 0.601953 0.347396 0.625391 0.347396 0.625391 0.366667 0.601953 0.366667
0 0.5875 0.392188 0.611328 0.392188 0.611328 0.4125 0.5875 0.4125
0 0.491797 0.406771 0.513672 0.406771 0.513672 0.43125 0.491797 0.43125
0 0.421484 0.430208 0.446484 0.430208 0.446484 0.455208 0.421484 0.455208
0 0.437891 0.456771 0.457812 0.456771 0.457812 0.479688 0.437891 0.479688
0 0.442969 0.498438 0.462891 0.498438 0.462891 0.523958 0.442969 0.523958
0 0.473047 0.477604 0.494141 0.477604 0.494141 0.503646 0.473047 0.503646
0 0.501172 0.49375 0.521484 0.49375 0.521484 0.515104 0.501172 0.515104
0 0.404297 0.486458 0.428906 0.486458 0.428906 0.507812 0.404297 0.507812
0 0.48125 0.529688 0.501172 0.529688 0.501172 0.553125 0.48125 0.553125
0 0.546094 0.459896 0.571875 0.459896 0.571875 0.481771 0.546094 0.481771
0 0.551562 0.5 0.572266 0.5 0.572266 0.521354 0.551562 0.521354
0 0.466016 0.540625 0.480469 0.540625 0.480469 0.568229 0.466016 0.568229
0 0.533594 0.518229 0.552344 0.518229 0.552344 0.544271 0.533594 0.544271
0 0.519531 0.553125 0.546875 0.553125 0.546875 0.575521 0.519531 0.575521
0 0.563281 0.573438 0.581641 0.573438 0.581641 0.59375 0.563281 0.59375
0 0.571484 0.528646 0.584375 0.528646 0.584375 0.55625 0.571484 0.55625
0 0.501172 0.59375 0.519531 0.59375 0.519531 0.625521 0.501172 0.625521
0 0.527734 0.602083 0.545703 0.602083 0.545703 0.629167 0.527734 0.629167
0 0.471094 0.576562 0.489844 0.576562 0.489844 0.610417 0.471094 0.610417
0 0.544141 0.627083 0.5625 0.627083 0.5625 0.652083 0.544141 0.652083
0 0.867578 0.00625 0.891406 0.00625 0.891406 0.034375 0.867578 0.034375
0 0.921875 0.011979 0.944922 0.011979 0.944922 0.036979 0.921875 0.036979
0 0.93125 0.053125 0.957031 0.053125 0.957031 0.073958 0.93125 0.073958
0 0.966797 0.0 0.980469 0.0 0.980469 0.026562 0.966797 0.026562
0 0.889844 0.027083 0.911719 0.027083 0.911719 0.055208 0.889844 0.055208
0 0.863281 0.176042 0.878125 0.176042 0.878125 0.203646 0.863281 0.203646
0 0.880078 0.221875 0.89375 0.221875 0.89375 0.247917 0.880078 0.247917
0 0.899219 0.249479 0.914844 0.249479 0.914844 0.276042 0.899219 0.276042
0 0.941406 0.229167 0.9625 0.229167 0.9625 0.247396 0.941406 0.247396
0 0.965625 0.213021 0.981641 0.213021 0.981641 0.242708 0.965625 0.242708
0 0.962891 0.253646 0.980078 0.253646 0.980078 0.280208 0.962891 0.280208
0 0.915625 0.278646 0.934375 0.278646 0.934375 0.310417 0.915625 0.310417
0 0.829688 0.207292 0.844922 0.207292 0.844922 0.23125 0.829688 0.23125
0 0.8 0.219271 0.819922 0.219271 0.819922 0.2375 0.8 0.2375
0 0.813281 0.248958 0.833594 0.248958 0.833594 0.269792 0.813281 0.269792
0 0.808594 0.273438 0.827734 0.273438 0.827734 0.294271 0.808594 0.294271
0 0.796094 0.288542 0.812109 0.288542 0.812109 0.311458 0.796094 0.311458
0 0.760938 0.29375 0.774609 0.29375 0.774609 0.317188 0.760938 0.317188
0 0.789844 0.322396 0.807812 0.322396 0.807812 0.34375 0.789844 0.34375
0 0.769922 0.336979 0.785938 0.336979 0.785938 0.358333 0.769922 0.358333
0 0.871875 0.263021 0.889844 0.263021 0.889844 0.283854 0.871875 0.283854
0 0.864844 0.290104 0.882812 0.290104 0.882812 0.316146 0.864844 0.316146
0 0.8375 0.288542 0.851953 0.288542 0.851953 0.320312 0.8375 0.320312
0 0.822656 0.338542 0.839453 0.338542 0.839453 0.370312 0.822656 0.370312
0 0.848828 0.328646 0.871875 0.328646 0.871875 0.349479 0.848828 0.349479
0 0.805078 0.356771 0.819922 0.356771 0.819922 0.382812 0.805078 0.382812
0 0.847266 0.372917 0.868359 0.372917 0.868359 0.403646 0.847266 0.403646
0 0.882422 0.351042 0.897656 0.351042 0.897656 0.370312 0.882422 0.370312
0 0.907812 0.330208 0.921875 0.330208 0.921875 0.358333 0.907812 0.358333
0 0.891797 0.375521 0.909375 0.375521 0.909375 0.403125 0.891797 0.403125
0 0.916797 0.391667 0.941406 0.391667 0.941406 0.415104 0.916797 0.415104
0 0.964844 0.300521 0.982812 0.300521 0.982812 0.329167 0.964844 0.329167
0 0.962109 0.366146 0.985938 0.366146 0.985938 0.391667 0.962109 0.391667
0 0.982422 0.415104 0.999609 0.415104 0.999609 0.441667 0.982422 0.441667
0 0.948438 0.431771 0.964453 0.431771 0.964453 0.463542 0.948438 0.463542
0 0.963672 0.465625 0.983203 0.465625 0.983203 0.486979 0.963672 0.486979
0 0.846094 0.431771 0.862891 0.431771 0.862891 0.455208 0.846094 0.455208
0 0.808594 0.43125 0.825 0.43125 0.825 0.461979 0.808594 0.461979
0 0.911719 0.46875 0.936328 0.46875 0.936328 0.491667 0.911719 0.491667
0 0.784766 0.413542 0.798047 0.413542 0.798047 0.444271 0.784766 0.444271
0 0.711719 0.396875 0.726953 0.396875 0.726953 0.427083 0.711719 0.427083
0 0.747656 0.409896 0.767188 0.409896 0.767188 0.435938 0.747656 0.435938
0 0.683203 0.414062 0.696875 0.414062 0.696875 0.435938 0.683203 0.435938
0 0.700391 0.435938 0.721875 0.435938 0.721875 0.455208 0.700391 0.455208
0 0.672266 0.447917 0.691797 0.447917 0.691797 0.480208 0.672266 0.480208
0 0.748438 0.455208 0.769922 0.455208 0.769922 0.481771 0.748438 0.481771
0 0.882422 0.470833 0.902344 0.470833 0.902344 0.493229 0.882422 0.493229
0 0.883984 0.505729 0.901172 0.505729 0.901172 0.53125 0.883984 0.53125
0 0.93125 0.539062 0.949219 0.539062 0.949219 0.571354 0.93125 0.571354
0 0.837109 0.491667 0.857031 0.491667 0.857031 0.516146 0.837109 0.516146
0 0.790625 0.472396 0.814453 0.472396 0.814453 0.497396 0.790625 0.497396
0 0.786328 0.511979 0.811719 0.511979 0.811719 0.536458 0.786328 0.536458
0 0.980859 0.542188 0.999609 0.542188 0.999609 0.576042 0.980859 0.576042
0 0.948438 0.622917 0.966797 0.622917 0.966797 0.655729 0.948438 0.655729
0 0.985156 0.647917 0.999609 0.647917 0.999609 0.678646 0.985156 0.678646
0 0.923047 0.603646 0.939844 0.603646 0.939844 0.635417 0.923047 0.635417
0 0.864844 0.614583 0.888672 0.614583 0.888672 0.636458 0.864844 0.636458
0 0.892188 0.639583 0.9125 0.639583 0.9125 0.663021 0.892188 0.663021
0 0.923438 0.668229 0.940625 0.668229 0.940625 0.705208 0.923438 0.705208
0 0.948047 0.688021 0.967578 0.688021 0.967578 0.711458 0.948047 0.711458
0 0.978125 0.725 0.996484 0.725 0.996484 0.759896 0.978125 0.759896
0 0.957812 0.735938 0.974609 0.735938 0.974609 0.765625 0.957812 0.765625
0 0.936328 0.717188 0.951953 0.717188 0.951953 0.749479 0.936328 0.749479
0 0.911719 0.722917 0.93125 0.722917 0.93125 0.750521 0.911719 0.750521
0 0.649219 0.538021 0.664062 0.538021 0.664062 0.56875 0.649219 0.56875
0 0.669922 0.54375 0.684766 0.54375 0.684766 0.571354 0.669922 0.571354
0 0.698047 0.5125 0.714453 0.5125 0.714453 0.541146 0.698047 0.541146
0 0.725 0.497396 0.742188 0.497396 0.742188 0.529167 0.725 0.529167
0 0.703516 0.55625 0.726953 0.55625 0.726953 0.580729 0.703516 0.580729
0 0.714453 0.582292 0.736328 0.582292 0.736328 0.607812 0.714453 0.607812
0 0.739062 0.609896 0.755469 0.609896 0.755469 0.639062 0.739062 0.639062
0 0.766016 0.598438 0.785156 0.598438 0.785156 0.623958 0.766016 0.623958
0 0.750391 0.55625 0.773438 0.55625 0.773438 0.579688 0.750391 0.579688
0 0.794531 0.550521 0.815234 0.550521 0.815234 0.570833 0.794531 0.570833
0 0.824609 0.55625 0.841016 0.55625 0.841016 0.577083 0.824609 0.577083
0 0.7875 0.603125 0.807031 0.603125 0.807031 0.632292 0.7875 0.632292
0 0.825781 0.622917 0.845703 0.622917 0.845703 0.645312 0.825781 0.645312
0 0.827734 0.65625 0.844922 0.65625 0.844922 0.686979 0.827734 0.686979
0 0.860547 0.655208 0.878906 0.655208 0.878906 0.676562 0.860547 0.676562
0 0.885156 0.680729 0.905469 0.680729 0.905469 0.705729 0.885156 0.705729
0 0.784375 0.644792 0.807422 0.644792 0.807422 0.666146 0.784375 0.666146
0 0.777734 0.675521 0.801953 0.675521 0.801953 0.696875 0.777734 0.696875
0 0.791406 0.711458 0.817578 0.711458 0.817578 0.733854 0.791406 0.733854
0 0.667969 0.598958 0.682422 0.598958 0.682422 0.624479 0.667969 0.624479
0 0.661328 0.628646 0.678906 0.628646 0.678906 0.6625 0.661328 0.6625
0 0.699609 0.632292 0.713281 0.632292 0.713281 0.661979 0.699609 0.661979
0 0.625 0.615104 0.643359 0.615104 0.643359 0.642708 0.625 0.642708
0 0.625391 0.661458 0.641797 0.661458 0.641797 0.686979 0.625391 0.686979
0 0.60625 0.677083 0.626172 0.677083 0.626172 0.699479 0.60625 0.699479
0 0.616797 0.709375 0.633984 0.709375 0.633984 0.738021 0.616797 0.738021
0 0.657422 0.729167 0.676953 0.729167 0.676953 0.748438 0.657422 0.748438
0 0.676562 0.710938 0.691797 0.710938 0.691797 0.730208 0.676562 0.730208
0 0.653906 0.688021 0.670312 0.688021 0.670312 0.716667 0.653906 0.716667
0 0.683203 0.675521 0.699219 0.675521 0.699219 0.703646 0.683203 0.703646
0 0.710547 0.678646 0.732422 0.678646 0.732422 0.704167 0.710547 0.704167
0 0.745312 0.691667 0.771094 0.691667 0.771094 0.713021 0.745312 0.713021
0 0.715234 0.722396 0.731641 0.722396 0.731641 0.746875 0.715234 0.746875
0 0.741016 0.753125 0.760938 0.753125 0.760938 0.773438 0.741016 0.773438
0 0.771875 0.76875 0.791797 0.76875 0.791797 0.794271 0.771875 0.794271
0 0.796484 0.75 0.812109 0.75 0.812109 0.770833 0.796484 0.770833
0 0.826562 0.747396 0.841406 0.747396 0.841406 0.773958 0.826562 0.773958
0 0.841797 0.740625 0.860156 0.740625 0.860156 0.759375 0.841797 0.759375
0 0.875391 0.729688 0.897656 0.729688 0.897656 0.75625 0.875391 0.75625
0 0.917969 0.767708 0.935938 0.767708 0.935938 0.791667 0.917969 0.791667
0 0.902344 0.799479 0.925781 0.799479 0.925781 0.822917 0.902344 0.822917
0 0.865625 0.766146 0.8875 0.766146 0.8875 0.788542 0.865625 0.788542
0 0.832812 0.7875 0.851172 0.7875 0.851172 0.815104 0.832812 0.815104
0 0.858203 0.814583 0.88125 0.814583 0.88125 0.833333 0.858203 0.833333
0 0.869922 0.838542 0.891016 0.838542 0.891016 0.860417 0.869922 0.860417
0 0.544531 0.96875 0.562891 0.96875 0.562891 0.990625 0.544531 0.990625
0 0.566797 0.985938 0.583203 0.985938 0.583203 0.999479 0.566797 0.999479
0 0.600781 0.956771 0.61875 0.956771 0.61875 0.986979 0.600781 0.986979
0 0.635938 0.961979 0.653516 0.961979 0.653516 0.994271 0.635938 0.994271
0 0.591797 0.907812 0.611719 0.907812 0.611719 0.926562 0.591797 0.926562
0 0.589062 0.828646 0.609375 0.828646 0.609375 0.844792 0.589062 0.844792
0 0.587891 0.852604 0.607031 0.852604 0.607031 0.877083 0.587891 0.877083
0 0.610156 0.873438 0.625781 0.873438 0.625781 0.907292 0.610156 0.907292
0 0.634766 0.880208 0.651172 0.880208 0.651172 0.902083 0.634766 0.902083
0 0.657031 0.911458 0.676562 0.911458 0.676562 0.9375 0.657031 0.9375
0 0.641406 0.846875 0.658203 0.846875 0.658203 0.869792 0.641406 0.869792
0 0.674609 0.817708 0.694922 0.817708 0.694922 0.84375 0.674609 0.84375
0 0.689844 0.884896 0.703125 0.884896 0.703125 0.916146 0.689844 0.916146
0 0.713281 0.886458 0.724609 0.886458 0.724609 0.914583 0.713281 0.914583
0 0.675781 0.938021 0.696094 0.938021 0.696094 0.963542 0.675781 0.963542
0 0.719141 0.933333 0.739453 0.933333 0.739453 0.954167 0.719141 0.954167
0 0.714453 0.977604 0.737891 0.977604 0.737891 0.996875 0.714453 0.996875
0 0.725781 0.896354 0.744141 0.896354 0.744141 0.921354 0.725781 0.921354
0 0.775 0.940625 0.796094 0.940625 0.796094 0.9625 0.775 0.9625
0 0.766797 0.983333 0.789062 0.983333 0.789062 0.999479 0.766797 0.999479
0 0.816406 0.95625 0.8375 0.95625 0.8375 0.981771 0.816406 0.981771
0 0.849219 0.946875 0.872266 0.946875 0.872266 0.969792 0.849219 0.969792
0 0.858594 0.979688 0.873828 0.979688 0.873828 0.999479 0.858594 0.999479
0 0.816797 0.914583 0.837109 0.914583 0.837109 0.939062 0.816797 0.939062
0 0.785156 0.905729 0.801953 0.905729 0.801953 0.926562 0.785156 0.926562
0 0.727344 0.841667 0.742578 0.841667 0.742578 0.866667 0.727344 0.866667
0 0.752344 0.845312 0.766406 0.845312 0.766406 0.871354 0.752344 0.871354
0 0.766406 0.835417 0.782031 0.835417 0.782031 0.854167 0.766406 0.854167
0 0.793359 0.835938 0.810547 0.835938 0.810547 0.861458 0.793359 0.861458
0 0.819531 0.885417 0.839453 0.885417 0.839453 0.908333 0.819531 0.908333
0 0.839062 0.85 0.855859 0.85 0.855859 0.870312 0.839062 0.870312
0 0.853906 0.875521 0.868359 0.875521 0.868359 0.905208 0.853906 0.905208
0 0.892188 0.874479 0.914844 0.874479 0.914844 0.900521 0.892188 0.900521
0 0.900391 0.93125 0.925781 0.93125 0.925781 0.955729 0.900391 0.955729
0 0.933594 0.931771 0.955469 0.931771 0.955469 0.953646 0.933594 0.953646
0 0.941797 0.885417 0.961719 0.885417 0.961719 0.910417 0.941797 0.910417