0 0.050391 0.117708 0.06875 0.117708 0.06875 0.146354 0.050391 0.146354
0 0.076562 0.11875 0.095312 0.11875 0.095312 0.139583 0.076562 0.139583
0 0.094531 0.151562 0.114453 0.151562 0.114453 0.172396 0.094531 0.172396
0 0.11875 0.120312 0.136719 0.120312 0.136719 0.141667 0.11875 0.141667
0 0.128516 0.070833 0.14375 0.070833 0.14375 0.098438 0.128516 0.098438
0 0.159375 0.115104 0.170703 0.115104 0.170703 0.135938 0.159375 0.135938
0 0.181641 0.128646 0.195312 0.128646 0.195312 0.153646 0.181641 0.153646
0 0.192578 0.079167 0.210547 0.079167 0.210547 0.107812 0.192578 0.107812
0 0.219531 0.057812 0.238672 0.057812 0.238672 0.076562 0.219531 0.076562
0 0.147656 0.000521 0.165234 0.000521 0.165234 0.027083 0.147656 0.027083
0 0.192188 0.026042 0.208594 0.026042 0.208594 0.052083 0.192188 0.052083
0 0.228516 0.016146 0.244922 0.016146 0.244922 0.031771 0.228516 0.031771
0 0.264062 0.005729 0.278125 0.005729 0.278125 0.032812 0.264062 0.032812
0 0.254297 0.054688 0.273828 0.054688 0.273828 0.077083 0.254297 0.077083
0 0.269141 0.092188 0.289062 0.092188 0.289062 0.114062 0.269141 0.114062
0 0.231641 0.094792 0.25 0.094792 0.25 0.122917 0.231641 0.122917
0 0.303906 0.003125 0.31875 0.003125 0.31875 0.033333 0.303906 0.033333
0 0.308594 0.047396 0.324219 0.047396 0.324219 0.072396 0.308594 0.072396
0 0.332812 0.040104 0.350781 0.040104 0.350781 0.066146 0.332812 0.066146
0 0.344141 0.088542 0.365625 0.088542 0.365625 0.113021 0.344141 0.113021
0 0.329297 0.121875 0.351172 0.121875 0.351172 0.152083 0.329297 0.152083
0 0.292969 0.103125 0.310156 0.103125 0.310156 0.128125 0.292969 0.128125
0 0.455469 0.035417 0.477734 0.035417 0.477734 0.057812 0.455469 0.057812
0 0.433594 0.061458 0.451953 0.061458 0.451953 0.085417 0.433594 0.085417
0 0.462109 0.091667 0.482031 0.091667 0.482031 0.113542 0.462109 0.113542
0 0.501172 0.083333 0.518359 0.083333 0.518359 0.105208 0.501172 0.105208
0 0.505469 0.049479 0.526172 0.049479 0.526172 0.070312 0.505469 0.070312
0 0.146484 0.182812 0.162109 0.182812 0.162109 0.209375 0.146484 0.209375
0 0.177344 0.167708 0.192188 0.167708 0.192188 0.196354 0.177344 0.196354
0 0.237891 0.148958 0.253906 0.148958 0.253906 0.177083 0.237891 0.177083
0 0.275 0.134896 0.292578 0.134896 0.292578 0.169271 0.275 0.169271
0 0.019141 0.272396 0.03125 0.272396 0.03125 0.290104 0.019141 0.290104
0 0.077734 0.265104 0.096094 0.265104 0.096094 0.282812 0.077734 0.282812
0 0.098047 0.284375 0.111328 0.284375 0.111328 0.308333 0.098047 0.308333
0 0.11875 0.295312 0.136719 0.295312 0.136719 0.321354 0.11875 0.321354
0 0.081641 0.321354 0.100781 0.321354 0.100781 0.341146 0.081641 0.341146
0 0.051172 0.278125 0.065625 0.278125 0.065625 0.307292 0.051172 0.307292
0 0.036719 0.296875 0.049609 0.296875 0.049609 0.320833 0.036719 0.320833
0 0.057031 0.367188 0.076172 0.367188 0.076172 0.391146 0.057031 0.391146
0 0.082422 0.351562 0.103125 0.351562 0.103125 0.379688 0.082422 0.379688
0 0.14375 0.352604 0.158203 0.352604 0.158203 0.378125 0.14375 0.378125
0 0.172656 0.347917 0.188281 0.347917 0.188281 0.374479 0.172656 0.374479
0 0.0 0.401562 0.01875 0.401562 0.01875 0.430729 0.0 0.430729
0 0.035156 0.425 0.053125 0.425 0.053125 0.452083 0.035156 0.452083
0 0.066406 0.436458 0.08125 0.436458 0.08125 0.466667 0.066406 0.466667
0 0.098047 0.445312 0.114062 0.445312 0.114062 0.480208 0.098047 0.480208
0 0.127344 0.408333 0.151172 0.408333 0.151172 0.438021 0.127344 0.438021
0 0.0125 0.457812 0.033203 0.457812 0.033203 0.480208 0.0125 0.480208
0 0.0 0.477083 0.015625 0.477083 0.015625 0.501562 0.0 0.501562
0 0.111328 0.482812 0.130078 0.482812 0.130078 0.503646 0.111328 0.503646
0 0.139453 0.471875 0.161328 0.471875 0.161328 0.494792 0.139453 0.494792
0 0.160547 0.445312 0.18125 0.445312 0.18125 0.471875 0.160547 0.471875
0 0.0 0.516667 0.009766 0.516667 0.009766 0.533854 0.0 0.533854
0 0.008594 0.543229 0.03125 0.543229 0.03125 0.563542 0.008594 0.563542
0 0.037109 0.545833 0.055859 0.545833 0.055859 0.572917 0.037109 0.572917
0 0.046484 0.514062 0.069141 0.514062 0.069141 0.540104 0.046484 0.540104
0 0.080078 0.532292 0.091797 0.532292 0.091797 0.558333 0.080078 0.558333
0 0.095703 0.533854 0.111719 0.533854 0.111719 0.560417 0.095703 0.560417
0 0.132422 0.534375 0.155078 0.534375 0.155078 0.553125 0.132422 0.553125
0 0.151172 0.568229 0.174219 0.568229 0.174219 0.595833 0.151172 0.595833
0 0.063281 0.586979 0.081641 0.586979 0.081641 0.615625 0.063281 0.615625
0 0.088672 0.606771 0.110938 0.606771 0.110938 0.631771 0.088672 0.631771
0 0.003516 0.576042 0.025 0.576042 0.025 0.597917 0.003516 0.597917
0 0.007031 0.619271 0.025 0.619271 0.025 0.639583 0.007031 0.639583
0 0.367188 0.160938 0.384375 0.160938 0.384375 0.190625 0.367188 0.190625
0 0.429688 0.133854 0.445312 0.133854 0.445312 0.153646 0.429688 0.153646
0 0.464844 0.138021 0.491406 0.138021 0.491406 0.163542 0.464844 0.163542
0 0.470312 0.173438 0.489844 0.173438 0.489844 0.2 0.470312 0.2
0 0.437891 0.1625 0.451953 0.1625 0.451953 0.191667 0.437891 0.191667
0 0.444922 0.193229 0.466406 0.193229 0.466406 0.216146 0.444922 0.216146
0 0.164453 0.215104 0.180859 0.215104 0.180859 0.236979 0.164453 0.236979
0 0.212109 0.236979 0.226953 0.236979 0.226953 0.261979 0.212109 0.261979
0 0.182031 0.259896 0.200391 0.259896 0.200391 0.282812 0.182031 0.282812
0 0.162891 0.256771 0.180078 0.256771 0.180078 0.278646 0.162891 0.278646
0 0.249609 0.231771 0.267188 0.231771 0.267188 0.255208 0.249609 0.255208
0 0.270703 0.249479 0.284375 0.249479 0.284375 0.271875 0.270703 0.271875
0 0.275391 0.201042 0.292969 0.201042 0.292969 0.226562 0.275391 0.226562
0 0.300391 0.211979 0.315234 0.211979 0.315234 0.235417 0.300391 0.235417
0 0.328906 0.191667 0.347266 0.191667 0.347266 0.216667 0.328906 0.216667
0 0.342969 0.222396 0.362891 0.222396 0.362891 0.244792 0.342969 0.244792
0 0.305469 0.245833 0.327344 0.245833 0.327344 0.264583 0.305469 0.264583
0 0.344922 0.25625 0.364844 0.25625 0.364844 0.274479 0.344922 0.274479
0 0.25625 0.307292 0.278125 0.307292 0.278125 0.329167 0.25625 0.329167
0 0.291797 0.284375 0.314844 0.284375 0.314844 0.305729 0.291797 0.305729
0 0.335547 0.31875 0.358594 0.31875 0.358594 0.338021 0.335547 0.338021
0 0.365234 0.324479 0.382422 0.324479 0.382422 0.355729 0.365234 0.355729
0 0.251172 0.342188 0.270703 0.342188 0.270703 0.363021 0.251172 0.363021
0 0.282422 0.326042 0.301953 0.326042 0.301953 0.347917 0.282422 0.347917
0 0.307422 0.3375 0.327734 0.3375 0.327734 0.370833 0.307422 0.370833
0 0.232812 0.390625 0.261328 0.390625 0.261328 0.41875 0.232812 0.41875
0 0.276953 0.386458 0.300781 0.386458 0.300781 0.413021 0.276953 0.413021
0 0.308203 0.382292 0.33125 0.382292 0.33125 0.407292 0.308203 0.407292
0 0.300781 0.422396 0.319141 0.422396 0.319141 0.448958 0.300781 0.448958
0 0.255078 0.441146 0.279297 0.441146 0.279297 0.468229 0.255078 0.468229
0 0.354297 0.376562 0.375391 0.376562 0.375391 0.398438 0.354297 0.398438
0 0.369922 0.408333 0.387891 0.408333 0.387891 0.433333 0.369922 0.433333
0 0.342188 0.433333 0.359375 0.433333 0.359375 0.461979 0.342188 0.461979
0 0.380469 0.444271 0.398438 0.444271 0.398438 0.466146 0.380469 0.466146
0 0.391406 0.41875 0.412109 0.41875 0.412109 0.439062 0.391406 0.439062
0 0.405469 0.440104 0.421484 0.440104 0.421484 0.464062 0.405469 0.464062
0 0.389844 0.3625 0.407422 0.3625 0.407422 0.390104 0.389844 0.390104
0 0.414844 0.375521 0.433594 0.375521 0.433594 0.402083 0.414844 0.402083
0 0.0 0.688542 0.015234 0.688542 0.015234 0.714062 0.0 0.714062
0 0.032031 0.649479 0.050391 0.649479 0.050391 0.673958 0.032031 0.673958
0 0.062109 0.685938 0.082812 0.685938 0.082812 0.710417 0.062109 0.710417
0 0.086719 0.704688 0.104688 0.704688 0.104688 0.729167 0.086719 0.729167
0 0.095703 0.669792 0.117969 0.669792 0.117969 0.69375 0.095703 0.69375
0 0.057422 0.718229 0.076172 0.718229 0.076172 0.739062 0.057422 0.739062
0 0.06875 0.74375 0.0875 0.74375 0.0875 0.763542 0.06875 0.763542
0 0.020703 0.722396 0.033984 0.722396 0.033984 0.744792 0.020703 0.744792
0 0.0 0.723438 0.007812 0.723438 0.007812 0.752604 0.0 0.752604
0 0.083984 0.776042 0.097656 0.776042 0.097656 0.800521 0.083984 0.800521
0 0.117578 0.778646 0.127734 0.778646 0.127734 0.800521 0.117578 0.800521
0 0.169531 0.801042 0.185547 0.801042 0.185547 0.828646 0.169531 0.828646
0 0.151172 0.814062 0.1625 0.814062 0.1625 0.838542 0.151172 0.838542
0 0.184375 0.846875 0.198438 0.846875 0.198438 0.872917 0.184375 0.872917
0 0.207422 0.836979 0.221875 0.836979 0.221875 0.8625 0.207422 0.8625
0 0.228906 0.830729 0.243359 0.830729 0.243359 0.851042 0.228906 0.851042
0 0.176562 0.740104 0.198047 0.740104 0.198047 0.779167 0.176562 0.779167
0 0.230078 0.755208 0.25625 0.755208 0.25625 0.777604 0.230078 0.777604
0 0.261719 0.733854 0.28125 0.733854 0.28125 0.7625 0.261719 0.7625
0 0.225781 0.714062 0.242188 0.714062 0.242188 0.745312 0.225781 0.745312
0 0.198438 0.715625 0.216406 0.715625 0.216406 0.738542 0.198438 0.738542
0 0.273047 0.711458 0.290234 0.711458 0.290234 0.730729 0.273047 0.730729
0 0.247266 0.68125 0.267578 0.68125 0.267578 0.702083 0.247266 0.702083
0 0.121484 0.608854 0.135156 0.608854 0.135156 0.632812 0.121484 0.632812
0 0.164062 0.636979 0.183984 0.636979 0.183984 0.658333 0.164062 0.658333
0 0.187109 0.539583 0.206641 0.539583 0.206641 0.566667 0.187109 0.566667
0 0.208203 0.558333 0.221484 0.558333 0.221484 0.58125 0.208203 0.58125
0 0.272656 0.575521 0.291406 0.575521 0.291406 0.595312 0.272656 0.595312
0 0.244922 0.593229 0.264453 0.593229 0.264453 0.614583 0.244922 0.614583
0 0.270703 0.845833 0.283203 0.845833 0.283203 0.875 0.270703 0.875
0 0.260938 0.807292 0.280469 0.807292 0.280469 0.8375 0.260938 0.8375
0 0.29375 0.808854 0.311719 0.808854 0.311719 0.826042 0.29375 0.826042
0 0.315625 0.818229 0.332812 0.818229 0.332812 0.851562 0.315625 0.851562
0 0.255078 0.780729 0.271484 0.780729 0.271484 0.801562 0.255078 0.801562
0 0.285156 0.770833 0.303125 0.770833 0.303125 0.790625 0.285156 0.790625
0 0.321875 0.784375 0.339844 0.784375 0.339844 0.804688 0.321875 0.804688
0 0.381641 0.871875 0.402344 0.871875 0.402344 0.892708 0.381641 0.892708
0 0.442969 0.868229 0.460547 0.868229 0.460547 0.900521 0.442969 0.900521
0 0.474219 0.8875 0.495312 0.8875 0.495312 0.917188 0.474219 0.917188
0 0.534375 0.852604 0.557812 0.852604 0.557812 0.877083 0.534375 0.877083
0 0.505078 0.859375 0.520703 0.859375 0.520703 0.890104 0.505078 0.890104
0 0.577344 0.882292 0.601953 0.882292 0.601953 0.903125 0.577344 0.903125
0 0.553906 0.871875 0.566797 0.871875 0.566797 0.896354 0.553906 0.896354
0 0.588281 0.900521 0.605469 0.900521 0.605469 0.929167 0.588281 0.929167
0 0.441797 0.793229 0.457422 0.793229 0.457422 0.81875 0.441797 0.81875
0 0.483203 0.793229 0.512891 0.793229 0.512891 0.819792 0.483203 0.819792
0 0.513672 0.822396 0.536719 0.822396 0.536719 0.838021 0.513672 0.838021
0 0.555859 0.807292 0.580469 0.807292 0.580469 0.827604 0.555859 0.827604
0 0.575 0.777604 0.599609 0.777604 0.599609 0.799479 0.575 0.799479
0 0.523828 0.76875 0.544922 0.76875 0.544922 0.796354 0.523828 0.796354
0 0.489062 0.752083 0.512891 0.752083 0.512891 0.778646 0.489062 0.778646
0 0.534375 0.739583 0.555859 0.739583 0.555859 0.7625 0.534375 0.7625
0 0.575 0.735417 0.603516 0.735417 0.603516 0.759896 0.575 0.759896
0 0.628906 0.752604 0.651953 0.752604 0.651953 0.772917 0.628906 0.772917
0 0.459766 0.734375 0.480859 0.734375 0.480859 0.756771 0.459766 0.756771
0 0.239453 0.639062 0.260938 0.639062 0.260938 0.667188 0.239453 0.667188
0 0.266406 0.654688 0.289844 0.654688 0.289844 0.675521 0.266406 0.675521
0 0.301953 0.665625 0.321094 0.665625 0.321094 0.680729 0.301953 0.680729
0 0.329297 0.676562 0.344531 0.676562 0.344531 0.698958 0.329297 0.698958
0 0.346094 0.705208 0.368359 0.705208 0.368359 0.733333 0.346094 0.733333
0 0.303125 0.702604 0.326953 0.702604 0.326953 0.727083 0.303125 0.727083
0 0.297656 0.609896 0.320312 0.609896 0.320312 0.632812 0.297656 0.632812
0 0.366016 0.648438 0.383984 0.648438 0.383984 0.676562 0.366016 0.676562
0 0.312109 0.560417 0.3375 0.560417 0.3375 0.584896 0.312109 0.584896
0 0.400781 0.611458 0.417188 0.611458 0.417188 0.638542 0.400781 0.638542
0 0.448047 0.648958 0.470312 0.648958 0.470312 0.674479 0.448047 0.674479
0 0.404297 0.568229 0.417188 0.568229 0.417188 0.5875 0.404297 0.5875
0 0.419922 0.711979 0.435938 0.711979 0.435938 0.738021 0.419922 0.738021
0 0.449219 0.698958 0.462109 0.698958 0.462109 0.719271 0.449219 0.719271
0 0.470312 0.697396 0.4875 0.697396 0.4875 0.720312 0.470312 0.720312
0 0.488281 0.686979 0.504687 0.686979 0.504687 0.715104 0.488281 0.715104
0 0.520312 0.678646 0.536719 0.678646 0.536719 0.70625 0.520312 0.70625
0 0.517578 0.634896 0.54375 0.634896 0.54375 0.659896 0.517578 0.659896
0 0.479688 0.610938 0.502734 0.610938 0.502734 0.63125 0.479688 0.63125
0 0.433203 0.248438 0.454297 0.248438 0.454297 0.280208 0.433203 0.280208
0 0.459766 0.275521 0.48125 0.275521 0.48125 0.297396 0.459766 0.297396
0 0.456641 0.317708 0.478125 0.317708 0.478125 0.344271 0.456641 0.344271
0 0.515625 0.271875 0.533594 0.271875 0.533594 0.294792 0.515625 0.294792
0 0.487109 0.229167 0.510938 0.229167 0.510938 0.258333 0.487109 0.258333
0 0.508594 0.194792 0.53125 0.194792 0.53125 0.220833 0.508594 0.220833
0 0.56875 0.011979 0.592578 0.011979 0.592578 0.033333 0.56875 0.033333
0 0.588281 0.036979 0.605859 0.036979 0.605859 0.05625 0.588281 0.05625
0 0.598438 0.056771 0.613672 0.056771 0.613672 0.086979 0.598438 0.086979
0 0.554688 0.054167 0.569531 0.054167 0.569531 0.078125 0.554688 0.078125
0 0.527344 0.073438 0.545312 0.073438 0.545312 0.095833 0.527344 0.095833
0 0.498828 0.1375 0.517969 0.1375 0.517969 0.170833 0.498828 0.170833
0 0.522656 0.120833 0.535547 0.120833 0.535547 0.146354 0.522656 0.146354
0 0.553906 0.122396 0.571094 0.122396 0.571094 0.148958 0.553906 0.148958
0 0.58125 0.1375 0.601953 0.1375 0.601953 0.170833 0.58125 0.170833
0 0.605469 0.129688 0.619531 0.129688 0.619531 0.158333 0.605469 0.158333
0 0.557031 0.173958 0.573828 0.173958 0.573828 0.196354 0.557031 0.196354
0 0.619922 0.083854 0.636328 0.083854 0.636328 0.108854 0.619922 0.108854
0 0.6375 0.051042 0.653516 0.051042 0.653516 0.077083 0.6375 0.077083
0 0.669141 0.063542 0.68125 0.063542 0.68125 0.088542 0.669141 0.088542
0 0.677344 0.055208 0.698828 0.055208 0.698828 0.076042 0.677344 0.076042
0 0.685938 0.090104 0.7 0.090104 0.7 0.120833 0.685938 0.120833
0 0.65 0.094271 0.676172 0.094271 0.676172 0.127083 0.65 0.127083
0 0.650781 0.135417 0.674219 0.135417 0.674219 0.1625 0.650781 0.1625
0 0.637109 0.176042 0.657422 0.176042 0.657422 0.207292 0.637109 0.207292
0 0.540234 0.240625 0.557422 0.240625 0.557422 0.270312 0.540234 0.270312
0 0.591016 0.211979 0.607031 0.211979 0.607031 0.243229 0.591016 0.243229
0 0.719922 0.097396 0.745312 0.097396 0.745312 0.11875 0.719922 0.11875
0 0.710547 0.079167 0.726172 0.079167 0.726172 0.101042 0.710547 0.101042
0 0.685938 0.19375 0.708594 0.19375 0.708594 0.217188 0.685938 0.217188
0 0.656641 0.207292 0.675391 0.207292 0.675391 0.230208 0.656641 0.230208
0 0.730859 0.192708 0.752734 0.192708 0.752734 0.217708 0.730859 0.217708
0 0.550391 0.285417 0.570312 0.285417 0.570312 0.314062 0.550391 0.314062
0 0.576172 0.263021 0.594531 0.263021 0.594531 0.288021 0.576172 0.288021
0 0.602734 0.291667 0.621484 0.291667 0.621484 0.320312 0.602734 0.320312
0 0.639453 0.280208 0.65625 0.280208 0.65625 0.308333 0.639453 0.308333
0 0.671094 0.276562 0.687109 0.276562 0.687109 0.303125 0.671094 0.303125
0 0.676562 0.241667 0.695703 0.241667 0.695703 0.2625 0.676562 0.2625
0 0.703906 0.275521 0.725391 0.275521 0.725391 0.30625 0.703906 0.30625
0 0.734766 0.258333 0.749609 0.258333 0.749609 0.288542 0.734766 0.288542
0 0.76875 0.280208 0.783984 0.280208 0.783984 0.308333 0.76875 0.308333
0 0.800391 0.290625 0.819531 0.290625 0.819531 0.313542 0.800391 0.313542
0 0.774219 0.225521 0.795703 0.225521 0.795703 0.246875 0.774219 0.246875
0 0.596875 0.329167 0.617188 0.329167 0.617188 0.349479 0.596875 0.349479
0 0.630078 0.321875 0.652734 0.321875 0.652734 0.344792 0.630078 0.344792
0 0.676172 0.330208 0.696094 0.330208 0.696094 0.349479 0.676172 0.349479
0 0.658203 0.367188 0.678516 0.367188 0.678516 0.391146 0.658203 0.391146
0 0.625781 0.363542 0.645312 0.363542 0.645312 0.383854 0.625781 0.383854
0 0.594141 0.363021 0.610156 0.363021 0.610156 0.389062 0.594141 0.389062
0 0.700391 0.359896 0.722656 0.359896 0.722656 0.385417 0.700391 0.385417
0 0.662109 0.4 0.678906 0.4 0.678906 0.428125 0.662109 0.428125
0 0.684375 0.408333 0.701172 0.408333 0.701172 0.431771 0.684375 0.431771
0 0.736328 0.319271 0.753906 0.319271 0.753906 0.351562 0.736328 0.351562
0 0.741797 0.374479 0.762109 0.374479 0.762109 0.403646 0.741797 0.403646
0 0.773828 0.351042 0.785938 0.351042 0.785938 0.376562 0.773828 0.376562
0 0.777344 0.402604 0.802734 0.402604 0.802734 0.423958 0.777344 0.423958
0 0.45 0.533854 0.467578 0.533854 0.467578 0.5625 0.45 0.5625
0 0.457812 0.564062 0.487109 0.564062 0.487109 0.582292 0.457812 0.582292
0 0.501562 0.525521 0.523438 0.525521 0.523438 0.552604 0.501562 0.552604
0 0.513672 0.576042 0.534766 0.576042 0.534766 0.60625 0.513672 0.60625
0 0.551953 0.581771 0.574609 0.581771 0.574609 0.6125 0.551953 0.6125
0 0.543359 0.53125 0.561328 0.53125 0.561328 0.563542 0.543359 0.563542
0 0.53125 0.490104 0.548047 0.490104 0.548047 0.521354 0.53125 0.521354
0 0.492578 0.479688 0.508984 0.479688 0.508984 0.507812 0.492578 0.507812
0 0.510156 0.463542 0.530078 0.463542 0.530078 0.4875 0.510156 0.4875
0 0.556641 0.499479 0.573438 0.499479 0.573438 0.527083 0.556641 0.527083
0 0.585156 0.540625 0.605078 0.540625 0.605078 0.567708 0.585156 0.567708
0 0.612891 0.569792 0.633203 0.569792 0.633203 0.584375 0.612891 0.584375
0 0.642188 0.555729 0.662891 0.555729 0.662891 0.578646 0.642188 0.578646
0 0.678906 0.518229 0.703125 0.518229 0.703125 0.542708 0.678906 0.542708
0 0.583594 0.613542 0.607422 0.613542 0.607422 0.632292 0.583594 0.632292
0 0.621094 0.623958 0.641406 0.623958 0.641406 0.646875 0.621094 0.646875
0 0.58125 0.639062 0.600391 0.639062 0.600391 0.657812 0.58125 0.657812
0 0.619141 0.660417 0.635547 0.660417 0.635547 0.681771 0.619141 0.681771
0 0.648047 0.594271 0.664844 0.594271 0.664844 0.614583 0.648047 0.614583
0 0.590234 0.680729 0.607031 0.680729 0.607031 0.703646 0.590234 0.703646
0 0.63125 0.702083 0.646484 0.702083 0.646484 0.73125 0.63125 0.73125
0 0.657422 0.682812 0.675391 0.682812 0.675391 0.7125 0.657422 0.7125
0 0.663672 0.723438 0.679297 0.723438 0.679297 0.747917 0.663672 0.747917
0 0.696484 0.733333 0.717578 0.733333 0.717578 0.751562 0.696484 0.751562
0 0.702344 0.691667 0.726562 0.691667 0.726562 0.713021 0.702344 0.713021
0 0.845703 0.033854 0.867969 0.033854 0.867969 0.052604 0.845703 0.052604
0 0.857422 0.058854 0.886328 0.058854 0.886328 0.077083 0.857422 0.077083
0 0.871875 0.017188 0.896094 0.017188 0.896094 0.040625 0.871875 0.040625
0 0.824609 0.064583 0.846875 0.064583 0.846875 0.084375 0.824609 0.084375
0 0.874219 0.091667 0.894531 0.091667 0.894531 0.104688 0.874219 0.104688
0 0.921094 0.082292 0.934375 0.082292 0.934375 0.104688 0.921094 0.104688
0 0.887891 0.201562 0.90625 0.201562 0.90625 0.21875 0.887891 0.21875
0 0.845312 0.204688 0.866406 0.204688 0.866406 0.223438 0.845312 0.223438
0 0.846875 0.170833 0.860938 0.170833 0.860938 0.185417 0.846875 0.185417
0 0.862109 0.269271 0.878906 0.269271 0.878906 0.282292 0.862109 0.282292
0 0.710156 0.535938 0.735547 0.535938 0.735547 0.561458 0.710156 0.561458
0 0.742188 0.543229 0.762109 0.543229 0.762109 0.565625 0.742188 0.565625
0 0.782812 0.553646 0.805859 0.553646 0.805859 0.580729 0.782812 0.580729
0 0.804688 0.535938 0.826953 0.535938 0.826953 0.555729 0.804688 0.555729
0 0.760156 0.577604 0.780078 0.577604 0.780078 0.6 0.760156 0.6
0 0.727344 0.583333 0.749609 0.583333 0.749609 0.605729 0.727344 0.605729
0 0.737891 0.619792 0.759375 0.619792 0.759375 0.639583 0.737891 0.639583
0 0.704297 0.601042 0.721094 0.601042 0.721094 0.628125 0.704297 0.628125
0 0.682812 0.617188 0.698438 0.617188 0.698438 0.638021 0.682812 0.638021
0 0.679688 0.647396 0.699219 0.647396 0.699219 0.669271 0.679688 0.669271
0 0.724609 0.660938 0.748828 0.660938 0.748828 0.680208 0.724609 0.680208
0 0.771094 0.619271 0.790234 0.619271 0.790234 0.639583 0.771094 0.639583
0 0.808203 0.598438 0.832031 0.598438 0.832031 0.61875 0.808203 0.61875
0 0.848047 0.608854 0.870312 0.608854 0.870312 0.629167 0.848047 0.629167
0 0.837891 0.648958 0.865234 0.648958 0.865234 0.668229 0.837891 0.668229
0 0.882422 0.588542 0.902344 0.588542 0.902344 0.607812 0.882422 0.607812
0 0.782031 0.675 0.805469 0.675 0.805469 0.691667 0.782031 0.691667
0 0.826953 0.677083 0.844141 0.677083 0.844141 0.697917 0.826953 0.697917
0 0.787891 0.711458 0.810938 0.711458 0.810938 0.728125 0.787891 0.728125
0 0.745703 0.729688 0.769922 0.729688 0.769922 0.749479 0.745703 0.749479
0 0.819531 0.73125 0.838672 0.73125 0.838672 0.750521 0.819531 0.750521
0 0.867969 0.716146 0.891016 0.716146 0.891016 0.736979 0.867969 0.736979
0 0.871094 0.752604 0.894141 0.752604 0.894141 0.769792 0.871094 0.769792
0 0.890234 0.792188 0.905469 0.792188 0.905469 0.822396 0.890234 0.822396
0 0.712891 0.771875 0.736328 0.771875 0.736328 0.789583 0.712891 0.789583
0 0.754688 0.779688 0.780859 0.779688 0.780859 0.798438 0.754688 0.798438
0 0.794141 0.763021 0.809375 0.763021 0.809375 0.79375 0.794141 0.79375
0 0.771094 0.842708 0.791016 0.842708 0.791016 0.864062 0.771094 0.864062
0 0.742578 0.83125 0.758984 0.83125 0.758984 0.85 0.742578 0.85
0 0.696094 0.855208 0.720703 0.855208 0.720703 0.872917 0.696094 0.872917
0 0.747266 0.864062 0.761719 0.864062 0.761719 0.883333 0.747266 0.883333
0 0.641016 0.973438 0.659766 0.973438 0.659766 0.996354 0.641016 0.996354