0 0.024609 0.0 0.046094 0.0 0.046094 0.014062 0.024609 0.014062
0 0.053125 0.007812 0.074609 0.007812 0.074609 0.028125 0.053125 0.028125
0 0.019531 0.032812 0.0375 0.032812 0.0375 0.052083 0.019531 0.052083
0 0.038672 0.059896 0.059766 0.059896 0.059766 0.079167 0.038672 0.079167
0 0.075391 0.066667 0.094141 0.066667 0.094141 0.094792 0.075391 0.094792
0 0.002344 0.056771 0.023047 0.056771 0.023047 0.077083 0.002344 0.077083
0 0.021094 0.092188 0.044531 0.092188 0.044531 0.121354 0.021094 0.121354
0 0.0 0.117708 0.012109 0.117708 0.012109 0.152604 0.0 0.152604
0 0.020703 0.141146 0.045312 0.141146 0.045312 0.158333 0.020703 0.158333
0 0.067188 0.125521 0.091016 0.125521 0.091016 0.145312 0.067188 0.145312
0 0.094922 0.092188 0.116406 0.092188 0.116406 0.114062 0.094922 0.114062
0 0.110156 0.125 0.131641 0.125 0.131641 0.147917 0.110156 0.147917
0 0.101562 0.063021 0.122266 0.063021 0.122266 0.088542 0.101562 0.088542
0 0.116406 0.018229 0.1375 0.018229 0.1375 0.041146 0.116406 0.041146
0 0.142969 0.043229 0.163281 0.043229 0.163281 0.066146 0.142969 0.066146
0 0.158594 0.008854 0.177344 0.008854 0.177344 0.032812 0.158594 0.032812
0 0.192969 0.036458 0.213672 0.036458 0.213672 0.063021 0.192969 0.063021
0 0.198438 0.009375 0.224219 0.009375 0.224219 0.034375 0.198438 0.034375
0 0.010938 0.171354 0.031641 0.171354 0.031641 0.192708 0.010938 0.192708
0 0.044922 0.177083 0.071875 0.177083 0.071875 0.198438 0.044922 0.198438
0 0.079297 0.179167 0.096094 0.179167 0.096094 0.205208 0.079297 0.205208
0 0.108203 0.168229 0.123828 0.168229 0.123828 0.196875 0.108203 0.196875
0 0.006641 0.210417 0.023828 0.210417 0.023828 0.231771 0.006641 0.231771
0 0.038281 0.210938 0.057422 0.210938 0.057422 0.231771 0.038281 0.231771
0 0.064062 0.223438 0.080469 0.223438 0.080469 0.246875 0.064062 0.246875
0 0.041406 0.236458 0.057812 0.236458 0.057812 0.258333 0.041406 0.258333
0 0.019922 0.267188 0.041797 0.267188 0.041797 0.286979 0.019922 0.286979
0 0.0 0.321354 0.019141 0.321354 0.019141 0.338542 0.0 0.338542
0 0.346484 0.015104 0.364453 0.015104 0.364453 0.044792 0.346484 0.044792
0 0.367578 0.032812 0.379297 0.032812 0.379297 0.058854 0.367578 0.058854
0 0.392578 0.041667 0.403906 0.041667 0.403906 0.067708 0.392578 0.067708
0 0.407812 0.024479 0.423438 0.024479 0.423438 0.052083 0.407812 0.052083
0 0.294141 0.042708 0.309766 0.042708 0.309766 0.070312 0.294141 0.070312
0 0.316797 0.05 0.334766 0.05 0.334766 0.079167 0.316797 0.079167
0 0.348047 0.064062 0.363281 0.064062 0.363281 0.088542 0.348047 0.088542
0 0.333203 0.097396 0.351172 0.097396 0.351172 0.115104 0.333203 0.115104
0 0.216797 0.120312 0.233984 0.120312 0.233984 0.144271 0.216797 0.144271
0 0.241016 0.130729 0.255859 0.130729 0.255859 0.15625 0.241016 0.15625
0 0.249219 0.101042 0.2625 0.101042 0.2625 0.123958 0.249219 0.123958
0 0.266016 0.093229 0.279297 0.093229 0.279297 0.121354 0.266016 0.121354
0 0.2875 0.109896 0.303906 0.109896 0.303906 0.136979 0.2875 0.136979
0 0.251172 0.077604 0.266016 0.077604 0.266016 0.099479 0.251172 0.099479
0 0.224609 0.160417 0.241406 0.160417 0.241406 0.179167 0.224609 0.179167
0 0.273438 0.144271 0.292188 0.144271 0.292188 0.170833 0.273438 0.170833
0 0.3 0.158333 0.315234 0.158333 0.315234 0.186458 0.3 0.186458
0 0.319141 0.144271 0.334375 0.144271 0.334375 0.170312 0.319141 0.170312
0 0.345703 0.158333 0.361328 0.158333 0.361328 0.180729 0.345703 0.180729
0 0.343359 0.192188 0.360156 0.192188 0.360156 0.220312 0.343359 0.220312
0 0.288281 0.197917 0.30625 0.197917 0.30625 0.217708 0.288281 0.217708
0 0.264844 0.190625 0.28125 0.190625 0.28125 0.216667 0.264844 0.216667
0 0.236719 0.191667 0.254688 0.191667 0.254688 0.216667 0.236719 0.216667
0 0.277734 0.228125 0.295703 0.228125 0.295703 0.250521 0.277734 0.250521
0 0.502734 0.0 0.517188 0.0 0.517188 0.017188 0.502734 0.017188
0 0.429297 0.0125 0.443359 0.0125 0.443359 0.038542 0.429297 0.038542
0 0.451172 0.021875 0.472266 0.021875 0.472266 0.044792 0.451172 0.044792
0 0.464453 0.060417 0.478516 0.060417 0.478516 0.083854 0.464453 0.083854
0 0.423438 0.064062 0.433984 0.064062 0.433984 0.089583 0.423438 0.089583
0 0.479297 0.085938 0.499609 0.085938 0.499609 0.106771 0.479297 0.106771
0 0.412891 0.095312 0.427344 0.095312 0.427344 0.126562 0.412891 0.126562
0 0.376953 0.108333 0.394922 0.108333 0.394922 0.141667 0.376953 0.141667
0 0.446094 0.122917 0.466797 0.122917 0.466797 0.142188 0.446094 0.142188
0 0.443359 0.15 0.455469 0.15 0.455469 0.171354 0.443359 0.171354
0 0.399609 0.165625 0.411328 0.165625 0.411328 0.195312 0.399609 0.195312
0 0.330078 0.228646 0.348438 0.228646 0.348438 0.25 0.330078 0.25
0 0.369141 0.205208 0.383984 0.205208 0.383984 0.225521 0.369141 0.225521
0 0.374219 0.238021 0.394141 0.238021 0.394141 0.257292 0.374219 0.257292
0 0.442969 0.211458 0.454688 0.211458 0.454688 0.238542 0.442969 0.238542
0 0.460938 0.196875 0.474219 0.196875 0.474219 0.216667 0.460938 0.216667
0 0.495703 0.209896 0.513672 0.209896 0.513672 0.232292 0.495703 0.232292
0 0.480469 0.242708 0.491797 0.242708 0.491797 0.261979 0.480469 0.261979
0 0.471875 0.268229 0.4875 0.268229 0.4875 0.292188 0.471875 0.292188
0 0.573828 0.0 0.592188 0.0 0.592188 0.015625 0.573828 0.015625
0 0.600781 0.024479 0.616406 0.024479 0.616406 0.048958 0.600781 0.048958
0 0.575391 0.0625 0.590625 0.0625 0.590625 0.088542 0.575391 0.088542
0 0.594922 0.051042 0.614453 0.051042 0.614453 0.073438 0.594922 0.073438
0 0.5375 0.040625 0.553906 0.040625 0.553906 0.065104 0.5375 0.065104
0 0.517188 0.021875 0.534375 0.021875 0.534375 0.041146 0.517188 0.041146
0 0.532812 0.079688 0.548047 0.079688 0.548047 0.104688 0.532812 0.104688
0 0.603906 0.111979 0.61875 0.111979 0.61875 0.136458 0.603906 0.136458
0 0.657031 0.06875 0.671484 0.06875 0.671484 0.090625 0.657031 0.090625
0 0.658203 0.043229 0.673828 0.043229 0.673828 0.063542 0.658203 0.063542
0 0.686719 0.022917 0.704297 0.022917 0.704297 0.043229 0.686719 0.043229
0 0.709375 0.051562 0.726172 0.051562 0.726172 0.073958 0.709375 0.073958
0 0.692188 0.083854 0.707031 0.083854 0.707031 0.100521 0.692188 0.100521
0 0.695312 0.118229 0.718359 0.118229 0.718359 0.134375 0.695312 0.134375
0 0.708984 0.0 0.723828 0.0 0.723828 0.011458 0.708984 0.011458
0 0.741406 0.0 0.759375 0.0 0.759375 0.011458 0.741406 0.011458
0 0.722266 0.017188 0.741016 0.017188 0.741016 0.035417 0.722266 0.035417
0 0.769531 0.040104 0.783594 0.040104 0.783594 0.063542 0.769531 0.063542
0 0.741406 0.073958 0.7625 0.073958 0.7625 0.093229 0.741406 0.093229
0 0.181641 0.214583 0.198828 0.214583 0.198828 0.243229 0.181641 0.243229
0 0.180078 0.1875 0.197656 0.1875 0.197656 0.210417 0.180078 0.210417
0 0.205859 0.236979 0.223438 0.236979 0.223438 0.266146 0.205859 0.266146
0 0.244141 0.25 0.2625 0.25 0.2625 0.273438 0.244141 0.273438
0 0.273828 0.259896 0.298047 0.259896 0.298047 0.280208 0.273828 0.280208
0 0.153516 0.220312 0.170312 0.220312 0.170312 0.244271 0.153516 0.244271
0 0.135547 0.261979 0.150391 0.261979 0.150391 0.286979 0.135547 0.286979
0 0.158203 0.271354 0.175391 0.271354 0.175391 0.297396 0.158203 0.297396
0 0.180859 0.283333 0.196484 0.283333 0.196484 0.308854 0.180859 0.308854
0 0.208984 0.317188 0.226953 0.317188 0.226953 0.344271 0.208984 0.344271
0 0.228125 0.282812 0.244922 0.282812 0.244922 0.306771 0.228125 0.306771
0 0.249219 0.308854 0.265234 0.308854 0.265234 0.336979 0.249219 0.336979
0 0.282812 0.299479 0.296094 0.299479 0.296094 0.328646 0.282812 0.328646
0 0.005859 0.445312 0.022656 0.445312 0.022656 0.467708 0.005859 0.467708
0 0.028516 0.421354 0.045703 0.421354 0.045703 0.444792 0.028516 0.444792
0 0.062109 0.383333 0.077734 0.383333 0.077734 0.410417 0.062109 0.410417
0 0.072266 0.415104 0.094922 0.415104 0.094922 0.435938 0.072266 0.435938
0 0.045312 0.456771 0.062109 0.456771 0.062109 0.485938 0.045312 0.485938
0 0.066797 0.461458 0.083203 0.461458 0.083203 0.486979 0.066797 0.486979
0 0.090234 0.46875 0.107031 0.46875 0.107031 0.504167 0.090234 0.504167
0 0.116406 0.460417 0.132422 0.460417 0.132422 0.491667 0.116406 0.491667
0 0.139844 0.463021 0.158203 0.463021 0.158203 0.495833 0.139844 0.495833
0 0.145703 0.432292 0.163281 0.432292 0.163281 0.458854 0.145703 0.458854
0 0.171484 0.419271 0.189844 0.419271 0.189844 0.442708 0.171484 0.442708
0 0.006641 0.470312 0.026953 0.470312 0.026953 0.490625 0.006641 0.490625
0 0.020312 0.497917 0.037891 0.497917 0.037891 0.521354 0.020312 0.521354
0 0.178906 0.480729 0.196875 0.480729 0.196875 0.503646 0.178906 0.503646
0 0.21875 0.477604 0.232422 0.477604 0.232422 0.506771 0.21875 0.506771
0 0.192578 0.446875 0.208594 0.446875 0.208594 0.470833 0.192578 0.470833
0 0.141016 0.318229 0.156641 0.318229 0.156641 0.352083 0.141016 0.352083
0 0.1625 0.323438 0.180859 0.323438 0.180859 0.352604 0.1625 0.352604
0 0.213672 0.359375 0.230078 0.359375 0.230078 0.376042 0.213672 0.376042
0 0.245312 0.377083 0.264453 0.377083 0.264453 0.399479 0.245312 0.399479
0 0.289453 0.394271 0.305078 0.394271 0.305078 0.422396 0.289453 0.422396
0 0.309766 0.281771 0.325391 0.281771 0.325391 0.309375 0.309766 0.309375
0 0.332812 0.309375 0.351172 0.309375 0.351172 0.342188 0.332812 0.342188
0 0.3 0.348958 0.314453 0.348958 0.314453 0.371875 0.3 0.371875
0 0.332422 0.258854 0.348828 0.258854 0.348828 0.278125 0.332422 0.278125
0 0.362109 0.270833 0.381641 0.270833 0.381641 0.292188 0.362109 0.292188
0 0.392969 0.302604 0.408984 0.302604 0.408984 0.327083 0.392969 0.327083
0 0.419141 0.319792 0.436328 0.319792 0.436328 0.348958 0.419141 0.348958
0 0.381641 0.339062 0.399219 0.339062 0.399219 0.364583 0.381641 0.364583
0 0.429688 0.359375 0.439453 0.359375 0.439453 0.386458 0.429688 0.386458
0 0.445703 0.359896 0.461328 0.359896 0.461328 0.389062 0.445703 0.389062
0 0.45625 0.331771 0.473047 0.331771 0.473047 0.355208 0.45625 0.355208
0 0.467578 0.306771 0.480859 0.306771 0.480859 0.326042 0.467578 0.326042
0 0.372656 0.400521 0.3875 0.400521 0.3875 0.424479 0.372656 0.424479
0 0.423438 0.399479 0.438672 0.399479 0.438672 0.427604 0.423438 0.427604
0 0.451562 0.404688 0.469531 0.404688 0.469531 0.425521 0.451562 0.425521
0 0.472266 0.376562 0.489453 0.376562 0.489453 0.396354 0.472266 0.396354
0 0.496094 0.341146 0.510156 0.341146 0.510156 0.371875 0.496094 0.371875
0 0.529297 0.128646 0.542578 0.128646 0.542578 0.151042 0.529297 0.151042
0 0.516797 0.113542 0.532031 0.113542 0.532031 0.128646 0.516797 0.128646
0 0.544922 0.107812 0.561719 0.107812 0.561719 0.132812 0.544922 0.132812
0 0.573828 0.126562 0.591406 0.126562 0.591406 0.151562 0.573828 0.151562
0 0.545312 0.148438 0.558984 0.148438 0.558984 0.173958 0.545312 0.173958
0 0.521484 0.153646 0.534375 0.153646 0.534375 0.176042 0.521484 0.176042
0 0.530078 0.186979 0.550781 0.186979 0.550781 0.209896 0.530078 0.209896
0 0.566016 0.209375 0.580078 0.209375 0.580078 0.235417 0.566016 0.235417
0 0.569922 0.1625 0.584766 0.1625 0.584766 0.179688 0.569922 0.179688
0 0.592188 0.151042 0.605469 0.151042 0.605469 0.172396 0.592188 0.172396
0 0.599219 0.178646 0.618359 0.178646 0.618359 0.199479 0.599219 0.199479
0 0.618359 0.180729 0.635547 0.180729 0.635547 0.211458 0.618359 0.211458
0 0.600391 0.21875 0.616797 0.21875 0.616797 0.238021 0.600391 0.238021
0 0.517578 0.229688 0.535938 0.229688 0.535938 0.251042 0.517578 0.251042
0 0.502734 0.260417 0.515625 0.260417 0.515625 0.286979 0.502734 0.286979
0 0.527734 0.273438 0.543359 0.273438 0.543359 0.294271 0.527734 0.294271
0 0.554688 0.277604 0.573438 0.277604 0.573438 0.300521 0.554688 0.300521
0 0.581641 0.248438 0.600391 0.248438 0.600391 0.268229 0.581641 0.268229
0 0.526953 0.355729 0.538672 0.355729 0.538672 0.384896 0.526953 0.384896
0 0.544141 0.371354 0.562891 0.371354 0.562891 0.389062 0.544141 0.389062
0 0.537891 0.311458 0.555078 0.311458 0.555078 0.334896 0.537891 0.334896
0 0.569531 0.316146 0.582031 0.316146 0.582031 0.342708 0.569531 0.342708
0 0.6 0.274479 0.617188 0.274479 0.617188 0.29375 0.6 0.29375
0 0.794922 0.032292 0.810156 0.032292 0.810156 0.056771 0.794922 0.056771
0 0.809375 0.0125 0.830078 0.0125 0.830078 0.034896 0.809375 0.034896
0 0.776562 0.070833 0.792578 0.070833 0.792578 0.09375 0.776562 0.09375
0 0.819531 0.070312 0.832812 0.070312 0.832812 0.085938 0.819531 0.085938
0 0.737891 0.114583 0.757031 0.114583 0.757031 0.1375 0.737891 0.1375
0 0.816406 0.095312 0.832422 0.095312 0.832422 0.118229 0.816406 0.118229
0 0.844531 0.089062 0.862891 0.089062 0.862891 0.115104 0.844531 0.115104
0 0.865625 0.053646 0.882812 0.053646 0.882812 0.080729 0.865625 0.080729
0 0.888672 0.077083 0.904297 0.077083 0.904297 0.104167 0.888672 0.104167
0 0.908203 0.081771 0.919531 0.081771 0.919531 0.102083 0.908203 0.102083
0 0.875 0.113021 0.895312 0.113021 0.895312 0.146875 0.875 0.146875
0 0.909766 0.13125 0.928125 0.13125 0.928125 0.153646 0.909766 0.153646
0 0.9 0.167708 0.913672 0.167708 0.913672 0.188542 0.9 0.188542
0 0.921094 0.160938 0.938281 0.160938 0.938281 0.18125 0.921094 0.18125
0 0.957422 0.000521 0.975391 0.000521 0.975391 0.015625 0.957422 0.015625
0 0.989062 0.005208 0.999609 0.005208 0.999609 0.019271 0.989062 0.019271
0 0.957031 0.035938 0.972266 0.035938 0.972266 0.053125 0.957031 0.053125
0 0.968359 0.067188 0.980469 0.067188 0.980469 0.083333 0.968359 0.083333
0 0.978906 0.095312 0.994531 0.095312 0.994531 0.115104 0.978906 0.115104
0 0.950391 0.086979 0.968359 0.086979 0.968359 0.109896 0.950391 0.109896
0 0.977734 0.0375 0.989062 0.0375 0.989062 0.058854 0.977734 0.058854
0 0.985156 0.143229 0.999609 0.143229 0.999609 0.166146 0.985156 0.166146
0 0.948828 0.214062 0.964844 0.214062 0.964844 0.2375 0.948828 0.2375
0 0.971875 0.209375 0.991406 0.209375 0.991406 0.232292 0.971875 0.232292
0 0.982031 0.256771 0.999609 0.256771 0.999609 0.280729 0.982031 0.280729
0 0.686328 0.159896 0.704297 0.159896 0.704297 0.186979 0.686328 0.186979
0 0.666406 0.184375 0.678516 0.184375 0.678516 0.207812 0.666406 0.207812
0 0.725 0.156771 0.741406 0.156771 0.741406 0.179688 0.725 0.179688
0 0.720703 0.209375 0.737891 0.209375 0.737891 0.234375 0.720703 0.234375
0 0.684766 0.217188 0.707812 0.217188 0.707812 0.238542 0.684766 0.238542
0 0.752734 0.23125 0.771094 0.23125 0.771094 0.253646 0.752734 0.253646
0 0.708984 0.248958 0.727734 0.248958 0.727734 0.276562 0.708984 0.276562
0 0.741797 0.258333 0.755859 0.258333 0.755859 0.2875 0.741797 0.2875
0 0.689844 0.265104 0.705859 0.265104 0.705859 0.296354 0.689844 0.296354
0 0.713281 0.292188 0.730469 0.292188 0.730469 0.314062 0.713281 0.314062
0 0.776953 0.129167 0.796484 0.129167 0.796484 0.150521 0.776953 0.150521
0 0.803906 0.131771 0.823828 0.131771 0.823828 0.153646 0.803906 0.153646
0 0.827344 0.165104 0.845312 0.165104 0.845312 0.188021 0.827344 0.188021
0 0.838672 0.135417 0.860156 0.135417 0.860156 0.165104 0.838672 0.165104
0 0.759766 0.155208 0.778125 0.155208 0.778125 0.180208 0.759766 0.180208
0 0.787109 0.171875 0.801953 0.171875 0.801953 0.190104 0.787109 0.190104
0 0.768359 0.192188 0.781641 0.192188 0.781641 0.2125 0.768359 0.2125
0 0.791016 0.207292 0.810547 0.207292 0.810547 0.228646 0.791016 0.228646
0 0.90625 0.207812 0.926562 0.207812 0.926562 0.228125 0.90625 0.228125
0 0.854297 0.23125 0.86875 0.23125 0.86875 0.254688 0.854297 0.254688
0 0.876562 0.241667 0.891016 0.241667 0.891016 0.266146 0.876562 0.266146
0 0.827344 0.23125 0.841797 0.23125 0.841797 0.253125 0.827344 0.253125
0 0.837109 0.25625 0.852734 0.25625 0.852734 0.278646 0.837109 0.278646
0 0.90625 0.239062 0.922266 0.239062 0.922266 0.25625 0.90625 0.25625
0 0.913281 0.281771 0.933203 0.281771 0.933203 0.307292 0.913281 0.307292
0 0.757422 0.285417 0.773438 0.285417 0.773438 0.303646 0.757422 0.303646
0 0.812891 0.282292 0.827344 0.282292 0.827344 0.309375 0.812891 0.309375
0 0.837891 0.29375 0.854297 0.29375 0.854297 0.315104 0.837891 0.315104
0 0.863672 0.289583 0.880078 0.289583 0.880078 0.314583 0.863672 0.314583
0 0.895312 0.3125 0.910938 0.3125 0.910938 0.335417 0.895312 0.335417
0 0.796875 0.315625 0.814062 0.315625 0.814062 0.340625 0.796875 0.340625
0 0.847656 0.323438 0.861719 0.323438 0.861719 0.346354 0.847656 0.346354
0 0.95625 0.268229 0.973047 0.268229 0.973047 0.292708 0.95625 0.292708
0 0.944531 0.308854 0.965625 0.308854 0.965625 0.330729 0.944531 0.330729
0 0.0 0.591146 0.019141 0.591146 0.019141 0.607292 0.0 0.607292
0 0.043359 0.59375 0.063672 0.59375 0.063672 0.616667 0.043359 0.616667
0 0.021484 0.567708 0.041797 0.567708 0.041797 0.598438 0.021484 0.598438
0 0.048047 0.548958 0.067188 0.548958 0.067188 0.570312 0.048047 0.570312
0 0.0 0.529688 0.011719 0.529688 0.011719 0.553125 0.0 0.553125
0 0.076172 0.556771 0.090625 0.556771 0.090625 0.588542 0.076172 0.588542
0 0.112109 0.565625 0.129297 0.565625 0.129297 0.596875 0.112109 0.596875
0 0.098438 0.526042 0.117188 0.526042 0.117188 0.553125 0.098438 0.553125
0 0.159375 0.519271 0.179688 0.519271 0.179688 0.541667 0.159375 0.541667
0 0.155469 0.557812 0.177734 0.557812 0.177734 0.580208 0.155469 0.580208
0 0.191797 0.5125 0.213281 0.5125 0.213281 0.532292 0.191797 0.532292
0 0.228516 0.54375 0.246094 0.54375 0.246094 0.565625 0.228516 0.565625
0 0.258203 0.563021 0.276562 0.563021 0.276562 0.590625 0.258203 0.590625
0 0.242578 0.507812 0.258984 0.507812 0.258984 0.529167 0.242578 0.529167
0 0.0 0.617188 0.012891 0.617188 0.012891 0.639583 0.0 0.639583
0 0.0 0.652083 0.012109 0.652083 0.012109 0.673438 0.0 0.673438
0 0.016797 0.66875 0.033203 0.66875 0.033203 0.692708 0.016797 0.692708
0 0.076953 0.648958 0.090234 0.648958 0.090234 0.671875 0.076953 0.671875
0 0.097266 0.644271 0.112891 0.644271 0.112891 0.672917 0.097266 0.672917
0 0.041016 0.641146 0.059375 0.641146 0.059375 0.665625 0.041016 0.665625
0 0.105859 0.604167 0.122266 0.604167 0.122266 0.625 0.105859 0.625
0 0.150781 0.590104 0.164062 0.590104 0.164062 0.619271 0.150781 0.619271
0 0.178516 0.593229 0.19375 0.593229 0.19375 0.628646 0.178516 0.628646
0 0.222266 0.604688 0.240625 0.604688 0.240625 0.630729 0.222266 0.630729
0 0.198438 0.584375 0.216406 0.584375 0.216406 0.609896 0.198438 0.609896
0 0.344531 0.417708 0.361328 0.417708 0.361328 0.439062 0.344531 0.439062
0 0.362891 0.443229 0.378906 0.443229 0.378906 0.468229 0.362891 0.468229
0 0.383984 0.460938 0.400781 0.460938 0.400781 0.485417 0.383984 0.485417
0 0.402344 0.488021 0.417188 0.488021 0.417188 0.519271 0.402344 0.519271
0 0.430469 0.486458 0.446875 0.486458 0.446875 0.517708 0.430469 0.517708
0 0.456641 0.488021 0.471875 0.488021 0.471875 0.519271 0.456641 0.519271
0 0.441016 0.443229 0.459766 0.443229 0.459766 0.466146 0.441016 0.466146
0 0.464453 0.446354 0.480859 0.446354 0.480859 0.473438 0.464453 0.473438
0 0.483984 0.399479 0.502344 0.399479 0.502344 0.426562 0.483984 0.426562
0 0.521484 0.420833 0.536719 0.420833 0.536719 0.447396 0.521484 0.447396
0 0.489062 0.453125 0.505078 0.453125 0.505078 0.479167 0.489062 0.479167
0 0.517969 0.465625 0.536328 0.465625 0.536328 0.485938 0.517969 0.485938
0 0.499219 0.4875 0.517188 0.4875 0.517188 0.517188 0.499219 0.517188
0 0.437891 0.525 0.45625 0.525 0.45625 0.554688 0.437891 0.554688
0 0.470312 0.508854 0.486328 0.508854 0.486328 0.534375 0.470312 0.534375
0 0.017578 0.722917 0.041406 0.722917 0.041406 0.740625 0.017578 0.740625
0 0.050391 0.726042 0.069922 0.726042 0.069922 0.744792 0.050391 0.744792
0 0.053906 0.686979 0.069922 0.686979 0.069922 0.713542 0.053906 0.713542
0 0.080859 0.686458 0.098828 0.686458 0.098828 0.706771 0.080859 0.706771
0 0.088672 0.718229 0.108203 0.718229 0.108203 0.736458 0.088672 0.736458
0 0.114453 0.697917 0.134766 0.697917 0.134766 0.722917 0.114453 0.722917
0 0.074219 0.758854 0.098828 0.758854 0.098828 0.779688 0.074219 0.779688
0 0.008984 0.751042 0.03125 0.751042 0.03125 0.772917 0.008984 0.772917
0 0.036719 0.788542 0.058203 0.788542 0.058203 0.808333 0.036719 0.808333
0 0.005469 0.784375 0.025781 0.784375 0.025781 0.807292 0.005469 0.807292
0 0.0 0.834375 0.012109 0.834375 0.012109 0.857812 0.0 0.857812
0 0.0 0.867708 0.019922 0.867708 0.019922 0.890104 0.0 0.890104
0 0.01875 0.896354 0.033984 0.896354 0.033984 0.91875 0.01875 0.91875
0 0.036328 0.859375 0.058594 0.859375 0.058594 0.882292 0.036328 0.882292
0 0.058203 0.895312 0.072266 0.895312 0.072266 0.915625 0.058203 0.915625
0 0.035938 0.928646 0.051953 0.928646 0.051953 0.95625 0.035938 0.95625
0 0.063281 0.942188 0.075 0.942188 0.075 0.966667 0.063281 0.966667
0 0.092578 0.890104 0.112891 0.890104 0.112891 0.910938 0.092578 0.910938
0 0.085547 0.861458 0.105469 0.861458 0.105469 0.882292 0.085547 0.882292
0 0.070703 0.838542 0.085547 0.838542 0.085547 0.860417 0.070703 0.860417
0 0.109766 0.823438 0.130469 0.823438 0.130469 0.843229 0.109766 0.843229
0 0.147656 0.838542 0.162109 0.838542 0.162109 0.866667 0.147656 0.866667
0 0.128516 0.797917 0.144531 0.797917 0.144531 0.823958 0.128516 0.823958
0 0.0 0.956771 0.015234 0.956771 0.015234 0.979167 0.0 0.979167
0 0.116016 0.938542 0.130078 0.938542 0.130078 0.966667 0.116016 0.966667
0 0.082422 0.923958 0.102344 0.923958 0.102344 0.954688 0.082422 0.954688
0 0.136719 0.921354 0.153125 0.921354 0.153125 0.955729 0.136719 0.955729
0 0.165625 0.925521 0.181641 0.925521 0.181641 0.955208 0.165625 0.955208
0 0.153906 0.965104 0.171094 0.965104 0.171094 0.989062 0.153906 0.989062
0 0.097266 0.986458 0.114844 0.986458 0.114844 0.999479 0.097266 0.999479
0 0.184375 0.904688 0.202734 0.904688 0.202734 0.926042 0.184375 0.926042
0 0.194141 0.932812 0.210547 0.932812 0.210547 0.960938 0.194141 0.960938
0 0.219141 0.960938 0.237109 0.960938 0.237109 0.982292 0.219141 0.982292
0 0.171484 0.869792 0.189062 0.869792 0.189062 0.901042 0.171484 0.901042
0 0.18125 0.842188 0.203125 0.842188 0.203125 0.867708 0.18125 0.867708
0 0.212109 0.871875 0.232031 0.871875 0.232031 0.891667 0.212109 0.891667
0 0.226562 0.846875 0.239062 0.846875 0.239062 0.864062 0.226562 0.864062
0 0.680078 0.379688 0.700781 0.379688 0.700781 0.406771 0.680078 0.406771
0 0.714453 0.39375 0.735156 0.39375 0.735156 0.419271 0.714453 0.419271
0 0.694922 0.420833 0.715625 0.420833 0.715625 0.442188 0.694922 0.442188
0 0.648047 0.406771 0.664062 0.406771 0.664062 0.436458 0.648047 0.436458
0 0.622266 0.439583 0.638672 0.439583 0.638672 0.465104 0.622266 0.465104
0 0.641797 0.456771 0.659375 0.456771 0.659375 0.481771 0.641797 0.481771
0 0.662109 0.477604 0.677344 0.477604 0.677344 0.502083 0.662109 0.502083
0 0.685938 0.490104 0.699219 0.490104 0.699219 0.515625 0.685938 0.515625
0 0.687109 0.450521 0.703906 0.450521 0.703906 0.476042 0.687109 0.476042
0 0.721484 0.455208 0.739453 0.455208 0.739453 0.478646 0.721484 0.478646
0 0.754297 0.452083 0.769141 0.452083 0.769141 0.481771 0.754297 0.481771
0 0.779688 0.468229 0.796094 0.468229 0.796094 0.495833 0.779688 0.495833
0 0.726562 0.492708 0.748047 0.492708 0.748047 0.511979 0.726562 0.511979
0 0.727344 0.525 0.75 0.525 0.75 0.545312 0.727344 0.545312
0 0.7 0.525 0.715234 0.525 0.715234 0.550521 0.7 0.550521
0 0.602344 0.495833 0.617578 0.495833 0.617578 0.525 0.602344 0.525
0 0.640625 0.500521 0.656641 0.500521 0.656641 0.53125 0.640625 0.53125
0 0.661328 0.514062 0.675781 0.514062 0.675781 0.535417 0.661328 0.535417
0 0.673047 0.551042 0.689453 0.551042 0.689453 0.572396 0.673047 0.572396
0 0.988672 0.364583 0.999609 0.364583 0.999609 0.385417 0.988672 0.385417
0 0.898828 0.431771 0.915625 0.431771 0.915625 0.446354 0.898828 0.446354
0 0.949219 0.44375 0.965625 0.44375 0.965625 0.465625 0.949219 0.465625
0 0.860156 0.420833 0.874609 0.420833 0.874609 0.440104 0.860156 0.440104
0 0.888672 0.360417 0.914062 0.360417 0.914062 0.379167 0.888672 0.379167
0 0.839062 0.435938 0.854688 0.435938 0.854688 0.4625 0.839062 0.4625
0 0.913672 0.457292 0.928125 0.457292 0.928125 0.482812 0.913672 0.482812
0 0.919141 0.486458 0.936328 0.486458 0.936328 0.511458 0.919141 0.511458
0 0.88125 0.468229 0.894922 0.468229 0.894922 0.491146 0.88125 0.491146
0 0.8625 0.466667 0.875781 0.466667 0.875781 0.489583 0.8625 0.489583
0 0.888281 0.501562 0.907031 0.501562 0.907031 0.519792 0.888281 0.519792
0 0.947266 0.495833 0.963281 0.495833 0.963281 0.517188 0.947266 0.517188
0 0.979688 0.515104 0.99375 0.515104 0.99375 0.542188 0.979688 0.542188
0 0.928125 0.516667 0.944922 0.516667 0.944922 0.535417 0.928125 0.535417
0 0.783203 0.414583 0.801172 0.414583 0.801172 0.446875 0.783203 0.446875
0 0.698828 0.327083 0.725391 0.327083 0.725391 0.349479 0.698828 0.349479
0 0.854297 0.503125 0.871484 0.503125 0.871484 0.524479 0.854297 0.524479
0 0.877734 0.525521 0.892578 0.525521 0.892578 0.554167 0.877734 0.554167
0 0.904297 0.529688 0.919922 0.529688 0.919922 0.558333 0.904297 0.558333
0 0.941406 0.551042 0.964453 0.551042 0.964453 0.566667 0.941406 0.566667
0 0.832031 0.53125 0.844922 0.53125 0.844922 0.557292 0.832031 0.557292
0 0.853125 0.559375 0.866016 0.559375 0.866016 0.582292 0.853125 0.582292
0 0.874219 0.569792 0.890625 0.569792 0.890625 0.599479 0.874219 0.599479
0 0.903906 0.584896 0.923047 0.584896 0.923047 0.617708 0.903906 0.617708
0 0.981641 0.585938 0.996484 0.585938 0.996484 0.6125 0.981641 0.6125
0 0.960938 0.575521 0.975781 0.575521 0.975781 0.596354 0.960938 0.596354
0 0.941797 0.611458 0.961719 0.611458 0.961719 0.633333 0.941797 0.633333
0 0.959766 0.634375 0.980859 0.634375 0.980859 0.657812 0.959766 0.657812
0 0.984766 0.660938 0.999609 0.660938 0.999609 0.686458 0.984766 0.686458
0 0.923047 0.647396 0.942188 0.647396 0.942188 0.666667 0.923047 0.666667
0 0.884766 0.664062 0.901562 0.664062 0.901562 0.681771 0.884766 0.681771
0 0.872656 0.618229 0.898047 0.618229 0.898047 0.647917 0.872656 0.647917
0 0.85625 0.596354 0.872266 0.596354 0.872266 0.620833 0.85625 0.620833
0 0.854688 0.654167 0.875 0.654167 0.875 0.675521 0.854688 0.675521
0 0.833594 0.611458 0.848047 0.611458 0.848047 0.634375 0.833594 0.634375
0 0.826172 0.582292 0.841797 0.582292 0.841797 0.602604 0.826172 0.602604
0 0.948047 0.755208 0.965625 0.755208 0.965625 0.780729 0.948047 0.780729
0 0.907031 0.725521 0.923828 0.725521 0.923828 0.746354 0.907031 0.746354
0 0.933594 0.780208 0.951172 0.780208 0.951172 0.807292 0.933594 0.807292
0 0.904688 0.795312 0.921875 0.795312 0.921875 0.81875 0.904688 0.81875
0 0.892188 0.757292 0.912109 0.757292 0.912109 0.777604 0.892188 0.777604
0 0.883594 0.711458 0.898047 0.711458 0.898047 0.739062 0.883594 0.739062
0 0.858203 0.746354 0.873047 0.746354 0.873047 0.766146 0.858203 0.766146
0 0.868359 0.775 0.886328 0.775 0.886328 0.791667 0.868359 0.791667
0 0.874219 0.806771 0.893359 0.806771 0.893359 0.834375 0.874219 0.834375
0 0.889062 0.843229 0.908203 0.843229 0.908203 0.859375 0.889062 0.859375
0 0.858203 0.851042 0.872656 0.851042 0.872656 0.864062 0.858203 0.864062
0 0.844531 0.804688 0.860938 0.804688 0.860938 0.830208 0.844531 0.830208
0 0.827344 0.782812 0.842969 0.782812 0.842969 0.801562 0.827344 0.801562
0 0.807422 0.782292 0.820312 0.782292 0.820312 0.80625 0.807422 0.80625
0 0.797656 0.818229 0.811328 0.818229 0.811328 0.843229 0.797656 0.843229
0 0.817969 0.743229 0.836719 0.743229 0.836719 0.774479 0.817969 0.774479
0 0.835547 0.844271 0.850781 0.844271 0.850781 0.864062 0.835547 0.864062
0 0.815234 0.851042 0.831641 0.851042 0.831641 0.864583 0.815234 0.864583
0 0.789062 0.747396 0.802344 0.747396 0.802344 0.766146 0.789062 0.766146
0 0.814844 0.6875 0.826172 0.6875 0.826172 0.711458 0.814844 0.711458
0 0.767578 0.716146 0.782422 0.716146 0.782422 0.732292 0.767578 0.732292
0 0.748828 0.744792 0.766016 0.744792 0.766016 0.755729 0.748828 0.755729
0 0.76875 0.779688 0.779297 0.779688 0.779297 0.797917 0.76875 0.797917
0 0.746484 0.770312 0.7625 0.770312 0.7625 0.790625 0.746484 0.790625
0 0.718359 0.747917 0.735547 0.747917 0.735547 0.774479 0.718359 0.774479
0 0.723828 0.784896 0.737109 0.784896 0.737109 0.806771 0.723828 0.806771
0 0.765625 0.811458 0.781641 0.811458 0.781641 0.836979 0.765625 0.836979
0 0.741797 0.825 0.756641 0.825 0.756641 0.841667 0.741797 0.841667
0 0.714844 0.819792 0.728125 0.819792 0.728125 0.841667 0.714844 0.841667
0 0.757031 0.679167 0.772266 0.679167 0.772266 0.702604 0.757031 0.702604
0 0.980859 0.725521 0.999219 0.725521 0.999219 0.752604 0.980859 0.752604
0 0.970703 0.691667 0.992578 0.691667 0.992578 0.710938 0.970703 0.710938
0 0.575 0.508333 0.591406 0.508333 0.591406 0.526042 0.575 0.526042
0 0.563672 0.528125 0.576562 0.528125 0.576562 0.552083 0.563672 0.552083
0 0.591406 0.535938 0.603125 0.535938 0.603125 0.563542 0.591406 0.563542
0 0.607812 0.542708 0.624219 0.542708 0.624219 0.561458 0.607812 0.561458
0 0.633203 0.555208 0.648047 0.555208 0.648047 0.578646 0.633203 0.578646
0 0.730469 0.558333 0.750781 0.558333 0.750781 0.578646 0.730469 0.578646
0 0.746484 0.583854 0.761719 0.583854 0.761719 0.602083 0.746484 0.602083
0 0.691797 0.583854 0.710547 0.583854 0.710547 0.604688 0.691797 0.604688
0 0.709766 0.606771 0.729688 0.606771 0.729688 0.621875 0.709766 0.621875
0 0.714062 0.638021 0.734766 0.638021 0.734766 0.654167 0.714062 0.654167
0 0.722656 0.664583 0.741797 0.664583 0.741797 0.682292 0.722656 0.682292
0 0.675781 0.615625 0.688281 0.615625 0.688281 0.639062 0.675781 0.639062
0 0.673438 0.647917 0.687891 0.647917 0.687891 0.66875 0.673438 0.66875
0 0.700391 0.689583 0.719531 0.689583 0.719531 0.711979 0.700391 0.711979
0 0.670312 0.705208 0.6875 0.705208 0.6875 0.722917 0.670312 0.722917
0 0.580078 0.583854 0.594531 0.583854 0.594531 0.60625 0.580078 0.60625
0 0.606641 0.583854 0.619141 0.583854 0.619141 0.603646 0.606641 0.603646
0 0.625 0.592708 0.645703 0.592708 0.645703 0.615625 0.625 0.615625
0 0.639062 0.632812 0.650781 0.632812 0.650781 0.663542 0.639062 0.663542
0 0.604297 0.620833 0.619141 0.620833 0.619141 0.648958 0.604297 0.648958
0 0.505078 0.570312 0.519531 0.570312 0.519531 0.59375 0.505078 0.59375
0 0.513672 0.601042 0.528125 0.601042 0.528125 0.621875 0.513672 0.621875
0 0.544141 0.598958 0.562891 0.598958 0.562891 0.61875 0.544141 0.61875
0 0.491016 0.604167 0.507031 0.604167 0.507031 0.627083 0.491016 0.627083
0 0.496875 0.631771 0.516797 0.631771 0.516797 0.652604 0.496875 0.652604
0 0.558203 0.636979 0.575391 0.636979 0.575391 0.656771 0.558203 0.656771
0 0.580859 0.644792 0.594141 0.644792 0.594141 0.672396 0.580859 0.672396
0 0.598438 0.677604 0.617578 0.677604 0.617578 0.703646 0.598438 0.703646
0 0.565625 0.688542 0.585938 0.688542 0.585938 0.711458 0.565625 0.711458
0 0.632031 0.675 0.649219 0.675 0.649219 0.70625 0.632031 0.70625
0 0.818359 0.852083 0.831641 0.852083 0.831641 0.873958 0.818359 0.873958
0 0.788672 0.870312 0.803906 0.870312 0.803906 0.894271 0.788672 0.894271
0 0.801953 0.919792 0.814453 0.919792 0.814453 0.948958 0.801953 0.948958
0 0.752344 0.895312 0.766406 0.895312 0.766406 0.915625 0.752344 0.915625
0 0.738281 0.860417 0.75625 0.860417 0.75625 0.883854 0.738281 0.883854
0 0.734766 0.913542 0.750391 0.913542 0.750391 0.941667 0.734766 0.941667
0 0.701953 0.869271 0.715625 0.869271 0.715625 0.895312 0.701953 0.895312
0 0.682812 0.854688 0.696875 0.854688 0.696875 0.88125 0.682812 0.88125
0 0.683594 0.918229 0.698047 0.918229 0.698047 0.939062 0.683594 0.939062
0 0.705859 0.940104 0.728516 0.940104 0.728516 0.965104 0.705859 0.965104
0 0.25 0.472396 0.266406 0.472396 0.266406 0.494792 0.25 0.494792
0 0.319141 0.514062 0.337109 0.514062 0.337109 0.538542 0.319141 0.538542
0 0.301562 0.523438 0.325 0.523438 0.325 0.548958 0.301562 0.548958
0 0.284375 0.561458 0.302734 0.561458 0.302734 0.586979 0.284375 0.586979
0 0.319141 0.578646 0.338281 0.578646 0.338281 0.603125 0.319141 0.603125
0 0.334375 0.604688 0.359375 0.604688 0.359375 0.619271 0.334375 0.619271
0 0.298438 0.601042 0.320703 0.601042 0.320703 0.621354 0.298438 0.621354
0 0.251953 0.6125 0.275 0.6125 0.275 0.628646 0.251953 0.628646
0 0.255469 0.638542 0.273828 0.638542 0.273828 0.654688 0.255469 0.654688
0 0.291406 0.638021 0.308984 0.638021 0.308984 0.655208 0.291406 0.655208
0 0.3 0.665625 0.322656 0.665625 0.322656 0.685417 0.3 0.685417
0 0.175 0.66875 0.192188 0.66875 0.192188 0.6875 0.175 0.6875
0 0.234375 0.661458 0.251953 0.661458 0.251953 0.680208 0.234375 0.680208
0 0.216016 0.701562 0.234375 0.701562 0.234375 0.720312 0.216016 0.720312
0 0.214453 0.677604 0.233203 0.677604 0.233203 0.696875 0.214453 0.696875
0 0.266016 0.680729 0.285156 0.680729 0.285156 0.700521 0.266016 0.700521
0 0.271094 0.707812 0.289844 0.707812 0.289844 0.728125 0.271094 0.728125
0 0.213281 0.741146 0.224609 0.741146 0.224609 0.763542 0.213281 0.763542
0 0.232422 0.744271 0.251172 0.744271 0.251172 0.764583 0.232422 0.764583
0 0.254297 0.727083 0.272266 0.727083 0.272266 0.747917 0.254297 0.747917
0 0.286328 0.744792 0.305859 0.744792 0.305859 0.766146 0.286328 0.766146
0 0.316016 0.711458 0.333984 0.711458 0.333984 0.735417 0.316016 0.735417
0 0.328516 0.740625 0.35 0.740625 0.35 0.760938 0.328516 0.760938
0 0.224609 0.819271 0.234375 0.819271 0.234375 0.833333 0.224609 0.833333
0 0.242188 0.792188 0.257812 0.792188 0.257812 0.808333 0.242188 0.808333
0 0.276562 0.813021 0.291016 0.813021 0.291016 0.833333 0.276562 0.833333
0 0.301562 0.802083 0.316016 0.802083 0.316016 0.822917 0.301562 0.822917
0 0.245703 0.923958 0.261719 0.923958 0.261719 0.946875 0.245703 0.946875
0 0.295703 0.903646 0.313281 0.903646 0.313281 0.922917 0.295703 0.922917
0 0.333984 0.881771 0.351562 0.881771 0.351562 0.9 0.333984 0.9
0 0.364844 0.860938 0.382031 0.860938 0.382031 0.892188 0.364844 0.892188
0 0.39375 0.9 0.411328 0.9 0.411328 0.922917 0.39375 0.922917
0 0.355469 0.911458 0.371094 0.911458 0.371094 0.934896 0.355469 0.934896
0 0.334375 0.852083 0.352734 0.852083 0.352734 0.874479 0.334375 0.874479
0 0.307812 0.942188 0.322656 0.942188 0.322656 0.968229 0.307812 0.968229
0 0.332031 0.95 0.352734 0.95 0.352734 0.969792 0.332031 0.969792
0 0.373438 0.940104 0.3875 0.940104 0.3875 0.966667 0.373438 0.966667
0 0.317578 0.981771 0.328125 0.981771 0.328125 0.999479 0.317578 0.999479
0 0.377734 0.984896 0.391797 0.984896 0.391797 0.999479 0.377734 0.999479
0 0.398047 0.946354 0.412891 0.946354 0.412891 0.971875 0.398047 0.971875
0 0.416406 0.961979 0.43125 0.961979 0.43125 0.982812 0.416406 0.982812
0 0.455078 0.939583 0.470703 0.939583 0.470703 0.95625 0.455078 0.95625
0 0.467969 0.958333 0.489062 0.958333 0.489062 0.979167 0.467969 0.979167
0 0.3875 0.664583 0.403906 0.664583 0.403906 0.691667 0.3875 0.691667
0 0.354297 0.698958 0.374609 0.698958 0.374609 0.722917 0.354297 0.722917
0 0.380469 0.720312 0.403516 0.720312 0.403516 0.740625 0.380469 0.740625
0 0.364062 0.75 0.384766 0.75 0.384766 0.769792 0.364062 0.769792
0 0.390625 0.751562 0.408594 0.751562 0.408594 0.779688 0.390625 0.779688
0 0.420703 0.717708 0.436719 0.717708 0.436719 0.742708 0.420703 0.742708
0 0.420312 0.672917 0.434375 0.672917 0.434375 0.692708 0.420312 0.692708
0 0.361719 0.78125 0.380469 0.78125 0.380469 0.804688 0.361719 0.804688
0 0.388672 0.834896 0.410938 0.834896 0.410938 0.855729 0.388672 0.855729
0 0.419141 0.8375 0.439844 0.8375 0.439844 0.853125 0.419141 0.853125
0 0.449219 0.819271 0.463281 0.819271 0.463281 0.842708 0.449219 0.842708
0 0.460156 0.855208 0.473828 0.855208 0.473828 0.879688 0.460156 0.879688
0 0.440625 0.873958 0.453906 0.873958 0.453906 0.896354 0.440625 0.896354
0 0.412109 0.875 0.43125 0.875 0.43125 0.895312 0.412109 0.895312
0 0.498828 0.659375 0.516016 0.659375 0.516016 0.678125 0.498828 0.678125
0 0.499219 0.689583 0.512109 0.689583 0.512109 0.7125 0.499219 0.7125
0 0.522656 0.69375 0.539844 0.69375 0.539844 0.720312 0.522656 0.720312
0 0.546484 0.723438 0.561719 0.723438 0.561719 0.746875 0.546484 0.746875
0 0.509375 0.725521 0.524219 0.725521 0.524219 0.748958 0.509375 0.748958
0 0.527344 0.746875 0.541406 0.746875 0.541406 0.771875 0.527344 0.771875
0 0.489453 0.723958 0.503906 0.723958 0.503906 0.745312 0.489453 0.745312
0 0.562109 0.746875 0.575 0.746875 0.575 0.765625 0.562109 0.765625
0 0.579297 0.755729 0.594531 0.755729 0.594531 0.780729 0.579297 0.780729
0 0.598438 0.733333 0.619531 0.733333 0.619531 0.750521 0.598438 0.750521
0 0.766406 0.954688 0.788281 0.954688 0.788281 0.979688 0.766406 0.979688
0 0.729688 0.971875 0.75 0.971875 0.75 0.996875 0.729688 0.996875
0 0.675391 0.971875 0.695703 0.971875 0.695703 0.993229 0.675391 0.993229
0 0.656641 0.933333 0.676953 0.933333 0.676953 0.956771 0.656641 0.956771
0 0.651562 0.89375 0.666016 0.89375 0.666016 0.921875 0.651562 0.921875
0 0.558984 0.95625 0.580078 0.95625 0.580078 0.972917 0.558984 0.972917
0 0.613672 0.938542 0.632422 0.938542 0.632422 0.95625 0.613672 0.95625
0 0.608203 0.907812 0.627344 0.907812 0.627344 0.933333 0.608203 0.933333
0 0.568359 0.891667 0.586719 0.891667 0.586719 0.913542 0.568359 0.913542
0 0.555859 0.909896 0.570703 0.909896 0.570703 0.933854 0.555859 0.933854
0 0.557422 0.851562 0.574609 0.851562 0.574609 0.879167 0.557422 0.879167
0 0.538672 0.835417 0.556641 0.835417 0.556641 0.856771 0.538672 0.856771
0 0.613672 0.873958 0.628125 0.873958 0.628125 0.896875 0.613672 0.896875
0 0.587109 0.863542 0.602734 0.863542 0.602734 0.889583 0.587109 0.889583
0 0.598828 0.83125 0.619141 0.83125 0.619141 0.85 0.598828 0.85
0 0.633984 0.828125 0.652734 0.828125 0.652734 0.856771 0.633984 0.856771
0 0.655469 0.871354 0.672266 0.871354 0.672266 0.892188 0.655469 0.892188
0 0.596094 0.795312 0.619531 0.795312 0.619531 0.814062 0.596094 0.814062
0 0.650781 0.736979 0.670703 0.736979 0.670703 0.752604 0.650781 0.752604
0 0.658203 0.778646 0.675781 0.778646 0.675781 0.801562 0.658203 0.801562
0 0.692578 0.807292 0.707031 0.807292 0.707031 0.826042 0.692578 0.826042
0 0.689844 0.723958 0.708594 0.723958 0.708594 0.743229 0.689844 0.743229