0 0.205078 0.194792 0.223438 0.194792 0.223438 0.213542 0.205078 0.213542
0 0.233594 0.189062 0.255469 0.189062 0.255469 0.213542 0.233594 0.213542
0 0.242578 0.140625 0.261719 0.140625 0.261719 0.166146 0.242578 0.166146
0 0.205078 0.157292 0.223047 0.157292 0.223047 0.179167 0.205078 0.179167
0 0.306641 0.200521 0.328125 0.200521 0.328125 0.230729 0.306641 0.230729
0 0.296484 0.120312 0.319922 0.120312 0.319922 0.139062 0.296484 0.139062
0 0.296484 0.079688 0.318359 0.079688 0.318359 0.106771 0.296484 0.106771
0 0.081641 0.169792 0.100391 0.169792 0.100391 0.196875 0.081641 0.196875
0 0.051562 0.175521 0.067969 0.175521 0.067969 0.210938 0.051562 0.210938
0 0.062891 0.226042 0.080469 0.226042 0.080469 0.247917 0.062891 0.247917
0 0.053125 0.280729 0.078906 0.280729 0.078906 0.304688 0.053125 0.304688
0 0.183594 0.335938 0.199219 0.335938 0.199219 0.363542 0.183594 0.363542
0 0.265234 0.26875 0.283203 0.26875 0.283203 0.293229 0.265234 0.293229
0 0.355859 0.196354 0.376953 0.196354 0.376953 0.229167 0.355859 0.229167
0 0.286719 0.232292 0.305469 0.232292 0.305469 0.263021 0.286719 0.263021
0 0.315234 0.24375 0.335938 0.24375 0.335938 0.272396 0.315234 0.272396
0 0.319922 0.310938 0.338672 0.310938 0.338672 0.33125 0.319922 0.33125
0 0.394531 0.241667 0.408984 0.241667 0.408984 0.270833 0.394531 0.270833
0 0.407812 0.314062 0.433594 0.314062 0.433594 0.332292 0.407812 0.332292
0 0.414844 0.350521 0.439453 0.350521 0.439453 0.372917 0.414844 0.372917
0 0.297656 0.344271 0.31875 0.344271 0.31875 0.374479 0.297656 0.374479
0 0.274609 0.365104 0.294141 0.365104 0.294141 0.390104 0.274609 0.390104
0 0.515234 0.132812 0.538281 0.132812 0.538281 0.158854 0.515234 0.158854
0 0.487109 0.155208 0.507422 0.155208 0.507422 0.178125 0.487109 0.178125
0 0.517969 0.174479 0.545312 0.174479 0.545312 0.199479 0.517969 0.199479
0 0.478906 0.198438 0.501562 0.198438 0.501562 0.225521 0.478906 0.225521
0 0.467188 0.033333 0.486719 0.033333 0.486719 0.058333 0.467188 0.058333
0 0.440234 0.009896 0.460938 0.009896 0.460938 0.034375 0.440234 0.034375
0 0.501562 0.002604 0.519922 0.002604 0.519922 0.028125 0.501562 0.028125
0 0.588281 0.048958 0.604297 0.048958 0.604297 0.081771 0.588281 0.081771
0 0.567188 0.090625 0.587109 0.090625 0.587109 0.113021 0.567188 0.113021
0 0.544141 0.124479 0.564844 0.124479 0.564844 0.151562 0.544141 0.151562
0 0.588672 0.145312 0.613281 0.145312 0.613281 0.170312 0.588672 0.170312
0 0.001953 0.213021 0.030469 0.213021 0.030469 0.236458 0.001953 0.236458
0 0.008594 0.259896 0.035156 0.259896 0.035156 0.282812 0.008594 0.282812
0 0.190234 0.080208 0.213672 0.080208 0.213672 0.100521 0.190234 0.100521
0 0.025391 0.375521 0.053125 0.375521 0.053125 0.401042 0.025391 0.401042
0 0.136719 0.432812 0.159766 0.432812 0.159766 0.455729 0.136719 0.455729
0 0.142578 0.400521 0.163281 0.400521 0.163281 0.418229 0.142578 0.418229
0 0.071484 0.419792 0.095703 0.419792 0.095703 0.445312 0.071484 0.445312
0 0.082422 0.329688 0.104297 0.329688 0.104297 0.351562 0.082422 0.351562
0 0.400781 0.894792 0.423047 0.894792 0.423047 0.929688 0.400781 0.929688
0 0.365234 0.910417 0.389844 0.910417 0.389844 0.934896 0.365234 0.934896
0 0.329688 0.902083 0.356641 0.902083 0.356641 0.926562 0.329688 0.926562
0 0.476953 0.834896 0.496094 0.834896 0.496094 0.872396 0.476953 0.872396
0 0.465625 0.761979 0.491797 0.761979 0.491797 0.783854 0.465625 0.783854
0 0.361719 0.741146 0.388672 0.741146 0.388672 0.775 0.361719 0.775
0 0.325391 0.732812 0.354297 0.732812 0.354297 0.760938 0.325391 0.760938
0 0.893359 0.497396 0.910938 0.497396 0.910938 0.531771 0.893359 0.531771
0 0.823828 0.489062 0.849219 0.489062 0.849219 0.513542 0.823828 0.513542
0 0.807422 0.516146 0.825391 0.516146 0.825391 0.54375 0.807422 0.54375
0 0.825391 0.555208 0.845703 0.555208 0.845703 0.580208 0.825391 0.580208
0 0.787891 0.546354 0.803516 0.546354 0.803516 0.575521 0.787891 0.575521
0 0.758594 0.50625 0.778906 0.50625 0.778906 0.531771 0.758594 0.531771
0 0.756641 0.558333 0.769531 0.558333 0.769531 0.583854 0.756641 0.583854
0 0.728516 0.560938 0.743359 0.560938 0.743359 0.59375 0.728516 0.59375
0 0.698047 0.573438 0.717578 0.573438 0.717578 0.609896 0.698047 0.609896
0 0.674219 0.595312 0.692578 0.595312 0.692578 0.624479 0.674219 0.624479
0 0.647656 0.628125 0.66875 0.628125 0.66875 0.655208 0.647656 0.655208
0 0.571484 0.459896 0.597266 0.459896 0.597266 0.486458 0.571484 0.486458
0 0.592578 0.495833 0.615234 0.495833 0.615234 0.526562 0.592578 0.526562
0 0.633984 0.494271 0.659375 0.494271 0.659375 0.515625 0.633984 0.515625
0 0.651562 0.534375 0.676953 0.534375 0.676953 0.557812 0.651562 0.557812
0 0.707422 0.480729 0.737891 0.480729 0.737891 0.495312 0.707422 0.495312
0 0.685547 0.506771 0.706641 0.506771 0.706641 0.535417 0.685547 0.535417
0 0.6125 0.536458 0.630469 0.536458 0.630469 0.563542 0.6125 0.563542
0 0.726562 0.615625 0.747266 0.615625 0.747266 0.639583 0.726562 0.639583
0 0.754688 0.622396 0.778516 0.622396 0.778516 0.647917 0.754688 0.647917
0 0.695703 0.644271 0.711719 0.644271 0.711719 0.673958 0.695703 0.673958
0 0.753125 0.429167 0.766797 0.429167 0.766797 0.461458 0.753125 0.461458
0 0.775391 0.467188 0.796094 0.467188 0.796094 0.484375 0.775391 0.484375
0 0.678125 0.388542 0.703906 0.388542 0.703906 0.410938 0.678125 0.410938
0 0.658594 0.425 0.679688 0.425 0.679688 0.448438 0.658594 0.448438
0 0.631641 0.408333 0.653906 0.408333 0.653906 0.430208 0.631641 0.430208
0 0.693359 0.414583 0.710938 0.414583 0.710938 0.439062 0.693359 0.439062
0 0.712891 0.444792 0.733203 0.444792 0.733203 0.466667 0.712891 0.466667
0 0.780078 0.401562 0.803125 0.401562 0.803125 0.419271 0.780078 0.419271
0 0.839844 0.70625 0.871484 0.70625 0.871484 0.731771 0.839844 0.731771
0 0.878125 0.686979 0.903125 0.686979 0.903125 0.718229 0.878125 0.718229
0 0.914453 0.701042 0.930859 0.701042 0.930859 0.735417 0.914453 0.735417
0 0.936328 0.695833 0.951562 0.695833 0.951562 0.71875 0.936328 0.71875
0 0.957031 0.683854 0.973828 0.683854 0.973828 0.711979 0.957031 0.711979
0 0.867188 0.760938 0.891797 0.760938 0.891797 0.791146 0.867188 0.791146
0 0.914062 0.571354 0.935547 0.571354 0.935547 0.610938 0.914062 0.610938
0 0.948047 0.578646 0.971484 0.578646 0.971484 0.614583 0.948047 0.614583
0 0.613672 0.922917 0.638672 0.922917 0.638672 0.953125 0.613672 0.953125
0 0.562109 0.915625 0.583203 0.915625 0.583203 0.944271 0.562109 0.944271
0 0.550781 0.846354 0.567969 0.846354 0.567969 0.874479 0.550781 0.874479
0 0.591797 0.895833 0.609766 0.895833 0.609766 0.925 0.591797 0.925
0 0.646094 0.884375 0.666797 0.884375 0.666797 0.915625 0.646094 0.915625
0 0.486719 0.897396 0.508594 0.897396 0.508594 0.920833 0.486719 0.920833
0 0.548047 0.971875 0.571094 0.971875 0.571094 0.998438 0.548047 0.998438
0 0.589844 0.854688 0.611719 0.854688 0.611719 0.880729 0.589844 0.880729
0 0.666797 0.794271 0.691406 0.794271 0.691406 0.815104 0.666797 0.815104
0 0.627734 0.785938 0.644531 0.785938 0.644531 0.816146 0.627734 0.816146
0 0.619531 0.830208 0.642578 0.830208 0.642578 0.858854 0.619531 0.858854
0 0.588672 0.797917 0.614844 0.797917 0.614844 0.824479 0.588672 0.824479
0 0.560938 0.811979 0.579297 0.811979 0.579297 0.836979 0.560938 0.836979
0 0.5875 0.758333 0.605078 0.758333 0.605078 0.788021 0.5875 0.788021
0 0.783594 0.942708 0.8 0.942708 0.8 0.96875 0.783594 0.96875
0 0.713672 0.964583 0.730859 0.964583 0.730859 0.996354 0.713672 0.996354
0 0.745312 0.914583 0.770703 0.914583 0.770703 0.935417 0.745312 0.935417
0 0.662891 0.938542 0.680469 0.938542 0.680469 0.965104 0.662891 0.965104
0 0.842578 0.818229 0.858594 0.818229 0.858594 0.850521 0.842578 0.850521
0 0.905469 0.797396 0.921484 0.797396 0.921484 0.830208 0.905469 0.830208
0 0.923828 0.836458 0.942969 0.836458 0.942969 0.857812 0.923828 0.857812
0 0.903516 0.873438 0.927344 0.873438 0.927344 0.899479 0.903516 0.899479
0 0.946094 0.748958 0.970703 0.748958 0.970703 0.771354 0.946094 0.771354
0 0.872656 0.806771 0.895312 0.806771 0.895312 0.835417 0.872656 0.835417
0 0.936719 0.919271 0.952734 0.919271 0.952734 0.945833 0.936719 0.945833
0 0.728125 0.85625 0.742188 0.85625 0.742188 0.888021 0.728125 0.888021
0 0.819141 0.759375 0.838672 0.759375 0.838672 0.794271 0.819141 0.794271
0 0.924219 0.452604 0.947656 0.452604 0.947656 0.482812 0.924219 0.482812
0 0.835547 0.34375 0.855859 0.34375 0.855859 0.373958 0.835547 0.373958
0 0.802734 0.364062 0.825391 0.364062 0.825391 0.383854 0.802734 0.383854
0 0.871484 0.382292 0.901562 0.382292 0.901562 0.404167 0.871484 0.404167
0 0.876172 0.293229 0.896484 0.293229 0.896484 0.317708 0.876172 0.317708
0 0.944922 0.301562 0.962109 0.301562 0.962109 0.332812 0.944922 0.332812
0 0.867969 0.229167 0.8875 0.229167 0.8875 0.264062 0.867969 0.264062
0 0.849609 0.259375 0.866406 0.259375 0.866406 0.2875 0.849609 0.2875
0 0.814062 0.248958 0.839062 0.248958 0.839062 0.273438 0.814062 0.273438
0 0.948438 0.232812 0.96875 0.232812 0.96875 0.25 0.948438 0.25
0 0.949219 0.257292 0.96875 0.257292 0.96875 0.279167 0.949219 0.279167
0 0.905469 0.300521 0.923047 0.300521 0.923047 0.329688 0.905469 0.329688
0 0.748438 0.257292 0.771094 0.257292 0.771094 0.285417 0.748438 0.285417
0 0.723047 0.211979 0.747266 0.211979 0.747266 0.234896 0.723047 0.234896
0 0.763672 0.195833 0.786328 0.195833 0.786328 0.217708 0.763672 0.217708
0 0.786328 0.158333 0.803516 0.158333 0.803516 0.185938 0.786328 0.185938
0 0.817969 0.150521 0.833203 0.150521 0.833203 0.182812 0.817969 0.182812
0 0.848047 0.120312 0.864062 0.120312 0.864062 0.15625 0.848047 0.15625
0 0.874609 0.151562 0.891797 0.151562 0.891797 0.172396 0.874609 0.172396
0 0.707812 0.15625 0.730469 0.15625 0.730469 0.178646 0.707812 0.178646
0 0.682422 0.192708 0.708594 0.192708 0.708594 0.213021 0.682422 0.213021
0 0.686719 0.228125 0.709375 0.228125 0.709375 0.251042 0.686719 0.251042
0 0.685156 0.275521 0.704688 0.275521 0.704688 0.293229 0.685156 0.293229
0 0.677734 0.297396 0.701172 0.297396 0.701172 0.315625 0.677734 0.315625
0 0.676172 0.330729 0.703516 0.330729 0.703516 0.353646 0.676172 0.353646
0 0.629297 0.31875 0.659766 0.31875 0.659766 0.340625 0.629297 0.340625
0 0.651953 0.355729 0.676953 0.355729 0.676953 0.376042 0.651953 0.376042
0 0.786328 0.309375 0.810547 0.309375 0.810547 0.329688 0.786328 0.329688
0 0.85625 0.029167 0.877344 0.029167 0.877344 0.060938 0.85625 0.060938
0 0.882422 0.028646 0.901562 0.028646 0.901562 0.049479 0.882422 0.049479
0 0.890234 0.076562 0.911328 0.076562 0.911328 0.101562 0.890234 0.101562
0 0.916016 0.057292 0.9375 0.057292 0.9375 0.084896 0.916016 0.084896
0 0.948047 0.073958 0.9625 0.073958 0.9625 0.094792 0.948047 0.094792
0 0.978125 0.072917 0.998047 0.072917 0.998047 0.097917 0.978125 0.097917
0 0.941406 0.121354 0.963281 0.121354 0.963281 0.140625 0.941406 0.140625
0 0.757422 0.068229 0.773438 0.068229 0.773438 0.096354 0.757422 0.096354
0 0.731641 0.068229 0.751172 0.068229 0.751172 0.089583 0.731641 0.089583
0 0.949609 0.017188 0.966406 0.017188 0.966406 0.040104 0.949609 0.040104
0 0.973047 0.036458 0.992578 0.036458 0.992578 0.055208 0.973047 0.055208
0 0.796875 0.228125 0.812891 0.228125 0.812891 0.261979 0.796875 0.261979
0 0.827344 0.191146 0.851172 0.191146 0.851172 0.2125 0.827344 0.2125
0 0.909766 0.224479 0.928125 0.224479 0.928125 0.249479 0.909766 0.249479
0 0.960938 0.141667 0.978516 0.141667 0.978516 0.163021 0.960938 0.163021
0 0.685547 0.05 0.701172 0.05 0.701172 0.078646 0.685547 0.078646
0 0.692578 0.127604 0.715625 0.127604 0.715625 0.152083 0.692578 0.152083
0 0.766406 0.127604 0.788281 0.127604 0.788281 0.151042 0.766406 0.151042
0 0.6625 0.014062 0.679688 0.014062 0.679688 0.039583 0.6625 0.039583
0 0.64375 0.040625 0.661328 0.040625 0.661328 0.073438 0.64375 0.073438
0 0.665234 0.080729 0.682422 0.080729 0.682422 0.109375 0.665234 0.109375
0 0.624219 0.275 0.649219 0.275 0.649219 0.302604 0.624219 0.302604
0 0.658594 0.167188 0.675781 0.167188 0.675781 0.194271 0.658594 0.194271
0 0.620312 0.154688 0.638281 0.154688 0.638281 0.183333 0.620312 0.183333
0 0.640234 0.117708 0.664062 0.117708 0.664062 0.138542 0.640234 0.138542
0 0.617969 0.078646 0.637109 0.078646 0.637109 0.104688 0.617969 0.104688
0 0.592969 0.191667 0.616797 0.191667 0.616797 0.216667 0.592969 0.216667
0 0.566406 0.215625 0.591406 0.215625 0.591406 0.236979 0.566406 0.236979
0 0.537891 0.243229 0.560547 0.243229 0.560547 0.271875 0.537891 0.271875
0 0.510156 0.211458 0.532812 0.211458 0.532812 0.238021 0.510156 0.238021
0 0.568359 0.264583 0.591016 0.264583 0.591016 0.284896 0.568359 0.284896
0 0.551562 0.295833 0.579297 0.295833 0.579297 0.317188 0.551562 0.317188
0 0.584375 0.340104 0.614062 0.340104 0.614062 0.361458 0.584375 0.361458
0 0.603516 0.371354 0.630469 0.371354 0.630469 0.39375 0.603516 0.39375
0 0.592188 0.413542 0.620703 0.413542 0.620703 0.432292 0.592188 0.432292
0 0.612109 0.452083 0.635547 0.452083 0.635547 0.473438 0.612109 0.473438
0 0.483984 0.477604 0.501953 0.477604 0.501953 0.509375 0.483984 0.509375
0 0.455859 0.522396 0.477734 0.522396 0.477734 0.55 0.455859 0.55
0 0.496875 0.516667 0.515234 0.516667 0.515234 0.545833 0.496875 0.545833
0 0.527734 0.573958 0.544922 0.573958 0.544922 0.602604 0.527734 0.602604
0 0.476172 0.566667 0.498047 0.566667 0.498047 0.585417 0.476172 0.585417
0 0.394922 0.485938 0.419922 0.485938 0.419922 0.505729 0.394922 0.505729
0 0.444922 0.479167 0.466406 0.479167 0.466406 0.510417 0.444922 0.510417
0 0.43125 0.453125 0.452344 0.453125 0.452344 0.469792 0.43125 0.469792
0 0.427344 0.419271 0.454297 0.419271 0.454297 0.436458 0.427344 0.436458
0 0.444922 0.386979 0.464844 0.386979 0.464844 0.406771 0.444922 0.406771
0 0.393359 0.384375 0.415625 0.384375 0.415625 0.403125 0.393359 0.403125
0 0.381641 0.464583 0.404688 0.464583 0.404688 0.484896 0.381641 0.484896
0 0.385938 0.429167 0.411719 0.429167 0.411719 0.448438 0.385938 0.448438
0 0.405078 0.608854 0.426953 0.608854 0.426953 0.632292 0.405078 0.632292
0 0.393359 0.642188 0.416797 0.642188 0.416797 0.663542 0.393359 0.663542
0 0.493359 0.605208 0.513281 0.605208 0.513281 0.626562 0.493359 0.626562
0 0.256641 0.405729 0.283203 0.405729 0.283203 0.423958 0.256641 0.423958
0 0.310938 0.384896 0.337109 0.384896 0.337109 0.421354 0.310938 0.421354
0 0.341016 0.466667 0.365625 0.466667 0.365625 0.494792 0.341016 0.494792
0 0.191406 0.49375 0.214453 0.49375 0.214453 0.521354 0.191406 0.521354
0 0.239062 0.423958 0.262109 0.423958 0.262109 0.452083 0.239062 0.452083
0 0.276953 0.440104 0.305469 0.440104 0.305469 0.463021 0.276953 0.463021
0 0.353125 0.390104 0.375781 0.390104 0.375781 0.413021 0.353125 0.413021
0 0.348047 0.3375 0.373828 0.3375 0.373828 0.359375 0.348047 0.359375
0 0.123047 0.254167 0.151172 0.254167 0.151172 0.28125 0.123047 0.28125
0 0.004688 0.600521 0.035156 0.600521 0.035156 0.620312 0.004688 0.620312
0 0.041797 0.657292 0.061719 0.657292 0.061719 0.679688 0.041797 0.679688
0 0.076172 0.613021 0.097656 0.613021 0.097656 0.639583 0.076172 0.639583
0 0.103906 0.635417 0.130859 0.635417 0.130859 0.655729 0.103906 0.655729
0 0.208203 0.529167 0.230078 0.529167 0.230078 0.555208 0.208203 0.555208
0 0.317969 0.595833 0.337109 0.595833 0.337109 0.629167 0.317969 0.629167
0 0.270312 0.664583 0.290234 0.664583 0.290234 0.688542 0.270312 0.688542
0 0.201953 0.674479 0.221875 0.674479 0.221875 0.691667 0.201953 0.691667
0 0.078906 0.703125 0.096484 0.703125 0.096484 0.725521 0.078906 0.725521
0 0.09375 0.675 0.109375 0.675 0.109375 0.695833 0.09375 0.695833
0 0.123828 0.556771 0.14375 0.556771 0.14375 0.576042 0.123828 0.576042
0 0.230078 0.493229 0.255859 0.493229 0.255859 0.514062 0.230078 0.514062
0 0.290625 0.515104 0.30625 0.515104 0.30625 0.543229 0.290625 0.543229
0 0.229688 0.556771 0.252344 0.556771 0.252344 0.582812 0.229688 0.582812
0 0.230078 0.595833 0.254688 0.595833 0.254688 0.613021 0.230078 0.613021
0 0.219531 0.628646 0.236719 0.628646 0.236719 0.658333 0.219531 0.658333
0 0.360547 0.617708 0.382812 0.617708 0.382812 0.644271 0.360547 0.644271
0 0.268359 0.595312 0.284766 0.595312 0.284766 0.625521 0.268359 0.625521
0 0.169922 0.933333 0.198047 0.933333 0.198047 0.953646 0.169922 0.953646
0 0.171875 0.964062 0.196094 0.964062 0.196094 0.983333 0.171875 0.983333
0 0.239453 0.866667 0.255859 0.866667 0.255859 0.903125 0.239453 0.903125
0 0.152344 0.885938 0.178125 0.885938 0.178125 0.907812 0.152344 0.907812
0 0.304688 0.945833 0.321094 0.945833 0.321094 0.969792 0.304688 0.969792
0 0.291797 0.819271 0.315625 0.819271 0.315625 0.847396 0.291797 0.847396
0 0.348828 0.786979 0.367578 0.786979 0.367578 0.807812 0.348828 0.807812
0 0.373438 0.948438 0.395312 0.948438 0.395312 0.967188 0.373438 0.967188
0 0.45625 0.901562 0.476172 0.901562 0.476172 0.929167 0.45625 0.929167
0 0.470703 0.932292 0.496094 0.932292 0.496094 0.957292 0.470703 0.957292
0 0.426562 0.955208 0.458594 0.955208 0.458594 0.976562 0.426562 0.976562
0 0.498047 0.734896 0.519141 0.734896 0.519141 0.758854 0.498047 0.758854
0 0.319922 0.763542 0.346875 0.763542 0.346875 0.781771 0.319922 0.781771
0 0.0375 0.325 0.066016 0.325 0.066016 0.365625 0.0375 0.365625
0 0.135547 0.294792 0.158984 0.294792 0.158984 0.313542 0.135547 0.313542
0 0.024219 0.432812 0.044922 0.432812 0.044922 0.463542 0.024219 0.463542
0 0.100781 0.289583 0.119531 0.289583 0.119531 0.317188 0.100781 0.317188
0 0.333984 0.553125 0.354297 0.553125 0.354297 0.589062 0.333984 0.589062
0 0.427344 0.877604 0.440625 0.877604 0.440625 0.905729 0.427344 0.905729
0 0.441406 0.832292 0.457812 0.832292 0.457812 0.860938 0.441406 0.860938