0 0.040234 0.271875 0.057031 0.271875 0.057031 0.295833 0.040234 0.295833
0 0.048047 0.058854 0.062891 0.058854 0.062891 0.076042 0.048047 0.076042
0 0.017578 0.091146 0.036719 0.091146 0.036719 0.111458 0.017578 0.111458
0 0.004297 0.133333 0.028125 0.133333 0.028125 0.150521 0.004297 0.150521
0 0.099219 0.145312 0.11875 0.145312 0.11875 0.170312 0.099219 0.170312
0 0.131641 0.139583 0.148828 0.139583 0.148828 0.163542 0.131641 0.163542
0 0.126172 0.101042 0.142188 0.101042 0.142188 0.128125 0.126172 0.128125
0 0.217578 0.008333 0.232812 0.008333 0.232812 0.028646 0.217578 0.028646
0 0.240234 0.032292 0.252734 0.032292 0.252734 0.055208 0.240234 0.055208
0 0.255859 0.046875 0.270312 0.046875 0.270312 0.06875 0.255859 0.06875
0 0.3 0.09375 0.311328 0.09375 0.311328 0.114583 0.3 0.114583
0 0.313672 0.06875 0.326172 0.06875 0.326172 0.090104 0.313672 0.090104
0 0.3375 0.038542 0.35 0.038542 0.35 0.063542 0.3375 0.063542
0 0.364062 0.029688 0.383984 0.029688 0.383984 0.05 0.364062 0.05
0 0.348828 0.141146 0.367188 0.141146 0.367188 0.159375 0.348828 0.159375
0 0.360156 0.172396 0.379297 0.172396 0.379297 0.191667 0.360156 0.191667
0 0.275781 0.213021 0.293359 0.213021 0.293359 0.231771 0.275781 0.231771
0 0.35 0.222917 0.363672 0.222917 0.363672 0.238542 0.35 0.238542
0 0.348828 0.25625 0.364844 0.25625 0.364844 0.271354 0.348828 0.271354
0 0.383594 0.272917 0.396484 0.272917 0.396484 0.289583 0.383594 0.289583
0 0.400781 0.213021 0.414453 0.213021 0.414453 0.234375 0.400781 0.234375
0 0.439844 0.201562 0.453906 0.201562 0.453906 0.220833 0.439844 0.220833
0 0.464844 0.182812 0.476953 0.182812 0.476953 0.198958 0.464844 0.198958
0 0.475 0.063542 0.492969 0.063542 0.492969 0.080208 0.475 0.080208
0 0.501953 0.034896 0.516406 0.034896 0.516406 0.054167 0.501953 0.054167
0 0.460156 0.021875 0.475781 0.021875 0.475781 0.048958 0.460156 0.048958
0 0.049609 0.476562 0.067969 0.476562 0.067969 0.504167 0.049609 0.504167
0 0.025781 0.501562 0.047656 0.501562 0.047656 0.521875 0.025781 0.521875
0 0.040234 0.535938 0.055078 0.535938 0.055078 0.561458 0.040234 0.561458
0 0.087891 0.473438 0.102344 0.473438 0.102344 0.499479 0.087891 0.499479
0 0.138281 0.416667 0.151172 0.416667 0.151172 0.439062 0.138281 0.439062
0 0.164453 0.452083 0.178906 0.452083 0.178906 0.475 0.164453 0.475
0 0.191016 0.489062 0.210156 0.489062 0.210156 0.504687 0.191016 0.504687
0 0.220703 0.446875 0.233984 0.446875 0.233984 0.471354 0.220703 0.471354
0 0.139453 0.596354 0.155469 0.596354 0.155469 0.622917 0.139453 0.622917
0 0.152734 0.678646 0.167969 0.678646 0.167969 0.699479 0.152734 0.699479
0 0.110547 0.706771 0.126172 0.706771 0.126172 0.735938 0.110547 0.735938
0 0.026562 0.692708 0.041797 0.692708 0.041797 0.711979 0.026562 0.711979
0 0.016797 0.748958 0.035938 0.748958 0.035938 0.773958 0.016797 0.773958
0 0.042188 0.71875 0.058203 0.71875 0.058203 0.738542 0.042188 0.738542
0 0.039453 0.773438 0.055859 0.773438 0.055859 0.803646 0.039453 0.803646
0 0.013672 0.823438 0.029688 0.823438 0.029688 0.846354 0.013672 0.846354
0 0.06875 0.802083 0.083984 0.802083 0.083984 0.825 0.06875 0.825
0 0.061328 0.839062 0.078516 0.839062 0.078516 0.865625 0.061328 0.865625
0 0.152734 0.741146 0.169922 0.741146 0.169922 0.7625 0.152734 0.7625
0 0.177344 0.677083 0.192578 0.677083 0.192578 0.694271 0.177344 0.694271
0 0.186328 0.65 0.2 0.65 0.2 0.671875 0.186328 0.671875
0 0.212109 0.692188 0.232422 0.692188 0.232422 0.715625 0.212109 0.715625
0 0.253906 0.685417 0.270703 0.685417 0.270703 0.71875 0.253906 0.71875
0 0.217188 0.650521 0.233594 0.650521 0.233594 0.680729 0.217188 0.680729
0 0.214062 0.614583 0.229297 0.614583 0.229297 0.636979 0.214062 0.636979
0 0.222656 0.809896 0.241016 0.809896 0.241016 0.840625 0.222656 0.840625
0 0.252734 0.834896 0.269922 0.834896 0.269922 0.852083 0.252734 0.852083
0 0.282422 0.848438 0.298047 0.848438 0.298047 0.874479 0.282422 0.874479
0 0.060938 0.435417 0.082812 0.435417 0.082812 0.460417 0.060938 0.460417
0 0.228516 0.365104 0.244922 0.365104 0.244922 0.388021 0.228516 0.388021
0 0.262891 0.372917 0.277344 0.372917 0.277344 0.39375 0.262891 0.39375
0 0.2625 0.420833 0.276953 0.420833 0.276953 0.441146 0.2625 0.441146
0 0.156641 0.371875 0.172656 0.371875 0.172656 0.396354 0.156641 0.396354
0 0.147266 0.294792 0.1625 0.294792 0.1625 0.31875 0.147266 0.31875
0 0.166797 0.277604 0.180469 0.277604 0.180469 0.3 0.166797 0.3
0 0.029688 0.356771 0.047656 0.356771 0.047656 0.38125 0.029688 0.38125
0 0.092969 0.347917 0.107812 0.347917 0.107812 0.38125 0.092969 0.38125
0 0.198438 0.444792 0.215625 0.444792 0.215625 0.471354 0.198438 0.471354
0 0.095312 0.402083 0.118359 0.402083 0.118359 0.425521 0.095312 0.425521
0 0.382031 0.397917 0.405859 0.397917 0.405859 0.420833 0.382031 0.420833
0 0.358203 0.364062 0.377344 0.364062 0.377344 0.384896 0.358203 0.384896
0 0.332031 0.395312 0.353516 0.395312 0.353516 0.413542 0.332031 0.413542
0 0.385547 0.329688 0.401172 0.329688 0.401172 0.348958 0.385547 0.348958
0 0.425781 0.353125 0.441016 0.353125 0.441016 0.373958 0.425781 0.373958
0 0.405859 0.431771 0.419141 0.431771 0.419141 0.451042 0.405859 0.451042
0 0.345312 0.430208 0.365234 0.430208 0.365234 0.444271 0.345312 0.444271
0 0.308594 0.301562 0.322266 0.301562 0.322266 0.324479 0.308594 0.324479
0 0.286719 0.577083 0.303516 0.577083 0.303516 0.603646 0.286719 0.603646
0 0.240234 0.584375 0.252734 0.584375 0.252734 0.607812 0.240234 0.607812
0 0.203125 0.541667 0.221875 0.541667 0.221875 0.559896 0.203125 0.559896
0 0.356641 0.509896 0.369922 0.509896 0.369922 0.529167 0.356641 0.529167
0 0.335938 0.530208 0.351953 0.530208 0.351953 0.548438 0.335938 0.548438
0 0.394531 0.534896 0.407031 0.534896 0.407031 0.559375 0.394531 0.559375
0 0.422656 0.570833 0.438281 0.570833 0.438281 0.5875 0.422656 0.5875
0 0.346094 0.594271 0.358594 0.594271 0.358594 0.613542 0.346094 0.613542
0 0.275391 0.685938 0.292969 0.685938 0.292969 0.705729 0.275391 0.705729
0 0.312891 0.649479 0.332422 0.649479 0.332422 0.670833 0.312891 0.670833
0 0.35625 0.684896 0.371875 0.684896 0.371875 0.711458 0.35625 0.711458
0 0.377344 0.705208 0.391797 0.705208 0.391797 0.731771 0.377344 0.731771
0 0.4125 0.713542 0.428906 0.713542 0.428906 0.735938 0.4125 0.735938
0 0.382031 0.639062 0.399609 0.639062 0.399609 0.658333 0.382031 0.658333
0 0.297656 0.730729 0.316797 0.730729 0.316797 0.752604 0.297656 0.752604
0 0.329297 0.770312 0.348047 0.770312 0.348047 0.790625 0.329297 0.790625
0 0.359375 0.746875 0.375781 0.746875 0.375781 0.776042 0.359375 0.776042
0 0.224609 0.736979 0.245312 0.736979 0.245312 0.754167 0.224609 0.754167
0 0.094141 0.857292 0.110547 0.857292 0.110547 0.884896 0.094141 0.884896
0 0.064453 0.890625 0.085938 0.890625 0.085938 0.923958 0.064453 0.923958
0 0.108984 0.889062 0.129297 0.889062 0.129297 0.914062 0.108984 0.914062
0 0.199609 0.895833 0.218359 0.895833 0.218359 0.920833 0.199609 0.920833
0 0.1625 0.914062 0.184375 0.914062 0.184375 0.945833 0.1625 0.945833
0 0.167578 0.86875 0.1875 0.86875 0.1875 0.893229 0.167578 0.893229
0 0.205078 0.81875 0.218359 0.81875 0.218359 0.84375 0.205078 0.84375
0 0.234766 0.86875 0.253906 0.86875 0.253906 0.894792 0.234766 0.894792
0 0.264062 0.926042 0.286719 0.926042 0.286719 0.952604 0.264062 0.952604
0 0.223438 0.919792 0.243359 0.919792 0.243359 0.940625 0.223438 0.940625
0 0.19375 0.981771 0.210156 0.981771 0.210156 0.997917 0.19375 0.997917
0 0.232812 0.947396 0.250391 0.947396 0.250391 0.972917 0.232812 0.972917
0 0.267188 0.967708 0.286719 0.967708 0.286719 0.985417 0.267188 0.985417
0 0.301562 0.957812 0.319141 0.957812 0.319141 0.992188 0.301562 0.992188
0 0.289062 0.909896 0.308594 0.909896 0.308594 0.934896 0.289062 0.934896
0 0.321875 0.934375 0.339844 0.934375 0.339844 0.957812 0.321875 0.957812
0 0.309766 0.870312 0.326953 0.870312 0.326953 0.897917 0.309766 0.897917
0 0.370312 0.792708 0.384375 0.792708 0.384375 0.815104 0.370312 0.815104
0 0.387109 0.790625 0.4 0.790625 0.4 0.817708 0.387109 0.817708
0 0.344141 0.900521 0.362891 0.900521 0.362891 0.925521 0.344141 0.925521
0 0.351562 0.844792 0.367188 0.844792 0.367188 0.868229 0.351562 0.868229
0 0.528125 0.871875 0.547266 0.871875 0.547266 0.892188 0.528125 0.892188
0 0.535547 0.903125 0.549609 0.903125 0.549609 0.925521 0.535547 0.925521
0 0.425781 0.973958 0.439062 0.973958 0.439062 0.988542 0.425781 0.988542
0 0.366406 0.96875 0.379297 0.96875 0.379297 0.9875 0.366406 0.9875
0 0.549609 0.847917 0.568359 0.847917 0.568359 0.86875 0.549609 0.86875
0 0.542188 0.819271 0.562109 0.819271 0.562109 0.836458 0.542188 0.836458
0 0.588281 0.825 0.605859 0.825 0.605859 0.851042 0.588281 0.851042
0 0.589844 0.875 0.607422 0.875 0.607422 0.902083 0.589844 0.902083
0 0.615234 0.824479 0.634375 0.824479 0.634375 0.844792 0.615234 0.844792
0 0.572266 0.724479 0.588672 0.724479 0.588672 0.754167 0.572266 0.754167
0 0.601562 0.719271 0.620312 0.719271 0.620312 0.744271 0.601562 0.744271
0 0.623047 0.763021 0.641406 0.763021 0.641406 0.789062 0.623047 0.789062
0 0.645312 0.754688 0.663281 0.754688 0.663281 0.777604 0.645312 0.777604
0 0.651953 0.791667 0.673047 0.791667 0.673047 0.823438 0.651953 0.823438
0 0.645312 0.831771 0.662109 0.831771 0.662109 0.853646 0.645312 0.853646
0 0.285938 0.630208 0.304688 0.630208 0.304688 0.647917 0.285938 0.647917
0 0.342188 0.652083 0.358203 0.652083 0.358203 0.672917 0.342188 0.672917
0 0.260156 0.786979 0.282422 0.786979 0.282422 0.805729 0.260156 0.805729
0 0.29375 0.788542 0.310547 0.788542 0.310547 0.809375 0.29375 0.809375
0 0.54375 0.628125 0.558984 0.628125 0.558984 0.653125 0.54375 0.653125
0 0.557812 0.667188 0.574219 0.667188 0.574219 0.690625 0.557812 0.690625
0 0.544922 0.715104 0.559766 0.715104 0.559766 0.743229 0.544922 0.743229
0 0.575 0.685417 0.594141 0.685417 0.594141 0.710417 0.575 0.710417
0 0.635938 0.614583 0.655469 0.614583 0.655469 0.638542 0.635938 0.638542
0 0.654688 0.597396 0.670703 0.597396 0.670703 0.621875 0.654688 0.621875
0 0.637109 0.547396 0.658594 0.547396 0.658594 0.566146 0.637109 0.566146
0 0.619141 0.511979 0.635938 0.511979 0.635938 0.529688 0.619141 0.529688
0 0.640625 0.496875 0.656641 0.496875 0.656641 0.514062 0.640625 0.514062
0 0.638281 0.471875 0.655469 0.471875 0.655469 0.490104 0.638281 0.490104
0 0.607812 0.460938 0.629688 0.460938 0.629688 0.480208 0.607812 0.480208
0 0.589062 0.4375 0.605469 0.4375 0.605469 0.454167 0.589062 0.454167
0 0.707422 0.54375 0.725 0.54375 0.725 0.569792 0.707422 0.569792
0 0.694922 0.576562 0.713281 0.576562 0.713281 0.597396 0.694922 0.597396
0 0.746484 0.593229 0.769141 0.593229 0.769141 0.613542 0.746484 0.613542
0 0.755469 0.430208 0.773047 0.430208 0.773047 0.448958 0.755469 0.448958
0 0.794531 0.484375 0.808594 0.484375 0.808594 0.503646 0.794531 0.503646
0 0.783984 0.514583 0.799609 0.514583 0.799609 0.5375 0.783984 0.5375
0 0.760547 0.525521 0.777734 0.525521 0.777734 0.551042 0.760547 0.551042
0 0.731641 0.529167 0.747656 0.529167 0.747656 0.550521 0.731641 0.550521
0 0.717578 0.629688 0.731641 0.629688 0.731641 0.654688 0.717578 0.654688
0 0.688281 0.636458 0.70625 0.636458 0.70625 0.656771 0.688281 0.656771
0 0.636719 0.646875 0.655859 0.646875 0.655859 0.666146 0.636719 0.666146
0 0.676953 0.683854 0.69375 0.683854 0.69375 0.702083 0.676953 0.702083
0 0.774219 0.646875 0.794531 0.646875 0.794531 0.666146 0.774219 0.666146
0 0.803516 0.621875 0.824219 0.621875 0.824219 0.642708 0.803516 0.642708
0 0.793359 0.584375 0.814844 0.584375 0.814844 0.605729 0.793359 0.605729
0 0.809766 0.552604 0.832422 0.552604 0.832422 0.572917 0.809766 0.572917
0 0.770312 0.569792 0.787891 0.569792 0.787891 0.590625 0.770312 0.590625
0 0.838672 0.613542 0.850781 0.613542 0.850781 0.635938 0.838672 0.635938
0 0.889844 0.641667 0.906641 0.641667 0.906641 0.663021 0.889844 0.663021
0 0.870312 0.658333 0.8875 0.658333 0.8875 0.683854 0.870312 0.683854
0 0.819922 0.655208 0.837109 0.655208 0.837109 0.678125 0.819922 0.678125
0 0.780469 0.682812 0.802344 0.682812 0.802344 0.700521 0.780469 0.700521
0 0.834375 0.702083 0.852734 0.702083 0.852734 0.728646 0.834375 0.728646
0 0.867578 0.719792 0.883984 0.719792 0.883984 0.748438 0.867578 0.748438
0 0.89375 0.708854 0.910156 0.708854 0.910156 0.735417 0.89375 0.735417
0 0.906641 0.671354 0.920312 0.671354 0.920312 0.694792 0.906641 0.694792
0 0.857031 0.498958 0.875391 0.498958 0.875391 0.523958 0.857031 0.523958
0 0.823828 0.406771 0.840234 0.406771 0.840234 0.43125 0.823828 0.43125
0 0.795703 0.426042 0.814844 0.426042 0.814844 0.449479 0.795703 0.449479
0 0.748828 0.401562 0.767578 0.401562 0.767578 0.420833 0.748828 0.420833
0 0.719922 0.383854 0.736719 0.383854 0.736719 0.408854 0.719922 0.408854
0 0.667188 0.378646 0.680078 0.378646 0.680078 0.401562 0.667188 0.401562
0 0.626172 0.4 0.64375 0.4 0.64375 0.420312 0.626172 0.420312
0 0.701953 0.335417 0.716406 0.335417 0.716406 0.361458 0.701953 0.361458
0 0.885938 0.348438 0.903125 0.348438 0.903125 0.379167 0.885938 0.379167
0 0.859766 0.432292 0.874609 0.432292 0.874609 0.453646 0.859766 0.453646
0 0.901562 0.416667 0.920703 0.416667 0.920703 0.444271 0.901562 0.444271
0 0.921484 0.397917 0.9375 0.397917 0.9375 0.420312 0.921484 0.420312
0 0.910938 0.464062 0.925781 0.464062 0.925781 0.486458 0.910938 0.486458
0 0.86875 0.469792 0.883984 0.469792 0.883984 0.489583 0.86875 0.489583
0 0.828125 0.364583 0.845703 0.364583 0.845703 0.388542 0.828125 0.388542
0 0.791797 0.373958 0.814062 0.373958 0.814062 0.393229 0.791797 0.393229
0 0.916406 0.21875 0.932422 0.21875 0.932422 0.244792 0.916406 0.244792
0 0.852734 0.308333 0.867578 0.308333 0.867578 0.333854 0.852734 0.333854
0 0.816797 0.329688 0.835156 0.329688 0.835156 0.351042 0.816797 0.351042
0 0.775391 0.258854 0.792578 0.258854 0.792578 0.282812 0.775391 0.282812
0 0.75625 0.244792 0.769531 0.244792 0.769531 0.264583 0.75625 0.264583
0 0.726172 0.2875 0.739453 0.2875 0.739453 0.311979 0.726172 0.311979
0 0.908594 0.176562 0.929297 0.176562 0.929297 0.197396 0.908594 0.197396
0 0.957422 0.179688 0.974219 0.179688 0.974219 0.200521 0.957422 0.200521
0 0.971094 0.252083 0.988672 0.252083 0.988672 0.275521 0.971094 0.275521
0 0.954688 0.236458 0.967188 0.236458 0.967188 0.258333 0.954688 0.258333
0 0.961719 0.281771 0.978125 0.281771 0.978125 0.306771 0.961719 0.306771
0 0.759375 0.311979 0.778906 0.311979 0.778906 0.328646 0.759375 0.328646
0 0.771484 0.155729 0.787891 0.155729 0.787891 0.176042 0.771484 0.176042
0 0.742188 0.135938 0.762891 0.135938 0.762891 0.152604 0.742188 0.152604
0 0.717188 0.1375 0.730469 0.1375 0.730469 0.155729 0.717188 0.155729
0 0.923047 0.139583 0.94375 0.139583 0.94375 0.159375 0.923047 0.159375
0 0.897656 0.139062 0.912891 0.139062 0.912891 0.163021 0.897656 0.163021
0 0.971094 0.122396 0.988672 0.122396 0.988672 0.138542 0.971094 0.138542
0 0.966797 0.079688 0.983984 0.079688 0.983984 0.097917 0.966797 0.097917
0 0.984766 0.318229 0.999609 0.318229 0.999609 0.341146 0.984766 0.341146
0 0.864453 0.382292 0.880469 0.382292 0.880469 0.410938 0.864453 0.410938
0 0.574609 0.225521 0.591797 0.225521 0.591797 0.251563 0.574609 0.251563
0 0.602734 0.227604 0.619531 0.227604 0.619531 0.253646 0.602734 0.253646
0 0.609375 0.171354 0.625781 0.171354 0.625781 0.191667 0.609375 0.191667
0 0.557812 0.177083 0.571484 0.177083 0.571484 0.205208 0.557812 0.205208
0 0.536328 0.217708 0.555859 0.217708 0.555859 0.239062 0.536328 0.239062
0 0.615234 0.307812 0.63125 0.307812 0.63125 0.327604 0.615234 0.327604
0 0.548438 0.328125 0.571094 0.328125 0.571094 0.35 0.548438 0.35
0 0.628906 0.277083 0.64375 0.277083 0.64375 0.300521 0.628906 0.300521
0 0.665234 0.275521 0.678125 0.275521 0.678125 0.3 0.665234 0.3
0 0.592969 0.351562 0.613281 0.351562 0.613281 0.368229 0.592969 0.368229
0 0.694922 0.263021 0.710156 0.263021 0.710156 0.290625 0.694922 0.290625
0 0.592578 0.195833 0.608594 0.195833 0.608594 0.222396 0.592578 0.222396
0 0.638672 0.221875 0.657422 0.221875 0.657422 0.247917 0.638672 0.247917
0 0.544531 0.246875 0.558984 0.246875 0.558984 0.267708 0.544531 0.267708
0 0.656641 0.016146 0.672266 0.016146 0.672266 0.035938 0.656641 0.035938
0 0.708594 0.009375 0.725781 0.009375 0.725781 0.028125 0.708594 0.028125
0 0.586328 0.950521 0.600781 0.950521 0.600781 0.969792 0.586328 0.969792
0 0.621094 0.856771 0.639062 0.856771 0.639062 0.875 0.621094 0.875
0 0.768359 0.830729 0.785547 0.830729 0.785547 0.855208 0.768359 0.855208
0 0.868359 0.795312 0.887891 0.795312 0.887891 0.811979 0.868359 0.811979
0 0.848047 0.897917 0.866406 0.897917 0.866406 0.919792 0.848047 0.919792
0 0.860547 0.873438 0.878516 0.873438 0.878516 0.892708 0.860547 0.892708
0 0.863672 0.947917 0.882812 0.947917 0.882812 0.966146 0.863672 0.966146
0 0.835547 0.973958 0.850391 0.973958 0.850391 0.996354 0.835547 0.996354
0 0.116016 0.214583 0.134766 0.214583 0.134766 0.233854 0.116016 0.233854
0 0.110938 0.267708 0.127344 0.267708 0.127344 0.283333 0.110938 0.283333
0 0.074609 0.250521 0.088281 0.250521 0.088281 0.279167 0.074609 0.279167
0 0.160938 0.178125 0.181641 0.178125 0.181641 0.197917 0.160938 0.197917
0 0.430859 0.15 0.453125 0.15 0.453125 0.178125 0.430859 0.178125
0 0.282812 0.255729 0.3 0.255729 0.3 0.281771 0.282812 0.281771
0 0.228125 0.205208 0.244141 0.205208 0.244141 0.234896 0.228125 0.234896
0 0.553125 0.478125 0.569531 0.478125 0.569531 0.494271 0.553125 0.494271
0 0.560156 0.453125 0.574609 0.453125 0.574609 0.471354 0.560156 0.471354
0 0.600391 0.484896 0.614453 0.484896 0.614453 0.513542 0.600391 0.513542
0 0.683594 0.534375 0.697266 0.534375 0.697266 0.560417 0.683594 0.560417
0 0.641016 0.572917 0.657812 0.572917 0.657812 0.593229 0.641016 0.593229
0 0.765234 0.340625 0.780469 0.340625 0.780469 0.3625 0.765234 0.3625
0 0.589844 0.407812 0.612109 0.407812 0.612109 0.428125 0.589844 0.428125
0 0.485547 0.621875 0.499609 0.621875 0.499609 0.658333 0.485547 0.658333
0 0.346094 0.559896 0.359375 0.559896 0.359375 0.584896 0.346094 0.584896
0 0.076953 0.965104 0.092578 0.965104 0.092578 0.990104 0.076953 0.990104
0 0.025781 0.947396 0.042578 0.947396 0.042578 0.979167 0.025781 0.979167
0 0.035547 0.889062 0.051953 0.889062 0.051953 0.910938 0.035547 0.910938
0 0.0 0.903125 0.020312 0.903125 0.020312 0.941146 0.0 0.941146
0 0.155469 0.621875 0.176562 0.621875 0.176562 0.648438 0.155469 0.648438
0 0.208984 0.388542 0.223438 0.388542 0.223438 0.416667 0.208984 0.416667
0 0.143359 0.24375 0.159766 0.24375 0.159766 0.271354 0.143359 0.271354
0 0.443359 0.090625 0.463281 0.090625 0.463281 0.116667 0.443359 0.116667
0 0.330078 0.083333 0.344531 0.083333 0.344531 0.108333 0.330078 0.108333
0 0.040625 0.847917 0.056641 0.847917 0.056641 0.875521 0.040625 0.875521
0 0.119141 0.938542 0.132422 0.938542 0.132422 0.966146 0.119141 0.966146