0 0.153906 0.273958 0.182812 0.273958 0.182812 0.30625 0.153906 0.30625
0 0.177734 0.238542 0.205859 0.238542 0.205859 0.254688 0.177734 0.254688
0 0.115234 0.230208 0.1375 0.230208 0.1375 0.25 0.115234 0.25
0 0.089844 0.234896 0.102344 0.234896 0.102344 0.259375 0.089844 0.259375
0 0.119531 0.260417 0.148438 0.260417 0.148438 0.276562 0.119531 0.276562
0 0.182812 0.304167 0.209375 0.304167 0.209375 0.331771 0.182812 0.331771
0 0.132031 0.351042 0.157812 0.351042 0.157812 0.370312 0.132031 0.370312
0 0.123828 0.376562 0.139453 0.376562 0.139453 0.416667 0.123828 0.416667
0 0.082422 0.364583 0.100391 0.364583 0.100391 0.395833 0.082422 0.395833
0 0.079688 0.419792 0.096094 0.419792 0.096094 0.463542 0.079688 0.463542
0 0.103906 0.447917 0.123828 0.447917 0.123828 0.463542 0.103906 0.463542
0 0.147656 0.416146 0.164844 0.416146 0.164844 0.443229 0.147656 0.443229
0 0.183984 0.423438 0.199219 0.423438 0.199219 0.452604 0.183984 0.452604
0 0.212891 0.395833 0.232812 0.395833 0.232812 0.425 0.212891 0.425
0 0.198438 0.472917 0.211328 0.472917 0.211328 0.502083 0.198438 0.502083
0 0.141406 0.481771 0.162891 0.481771 0.162891 0.504687 0.141406 0.504687
0 0.098438 0.473438 0.123047 0.473438 0.123047 0.495833 0.098438 0.495833
0 0.094922 0.538542 0.122266 0.538542 0.122266 0.556771 0.094922 0.556771
0 0.129297 0.190625 0.150391 0.190625 0.150391 0.223958 0.129297 0.223958
0 0.176953 0.196354 0.198438 0.196354 0.198438 0.218229 0.176953 0.218229
0 0.145703 0.163021 0.170312 0.163021 0.170312 0.185417 0.145703 0.185417
0 0.085156 0.169792 0.105859 0.169792 0.105859 0.194271 0.085156 0.194271
0 0.117578 0.147917 0.13125 0.147917 0.13125 0.178125 0.117578 0.178125
0 0.058594 0.328646 0.075781 0.328646 0.075781 0.361979 0.058594 0.361979
0 0.038281 0.371875 0.05625 0.371875 0.05625 0.405729 0.038281 0.405729
0 0.051172 0.424479 0.068359 0.424479 0.068359 0.464583 0.051172 0.464583
0 0.059766 0.489583 0.082422 0.489583 0.082422 0.526562 0.059766 0.526562
0 0.007031 0.363021 0.025781 0.363021 0.025781 0.392708 0.007031 0.392708
0 0.005078 0.410417 0.021484 0.410417 0.021484 0.436979 0.005078 0.436979
0 0.002344 0.266667 0.022266 0.266667 0.022266 0.293229 0.002344 0.293229
0 0.0 0.318229 0.012891 0.318229 0.012891 0.351042 0.0 0.351042
0 0.067578 0.255208 0.094531 0.255208 0.094531 0.289062 0.067578 0.289062
0 0.016406 0.560938 0.037109 0.560938 0.037109 0.591667 0.016406 0.591667
0 0.046875 0.586979 0.066406 0.586979 0.066406 0.620833 0.046875 0.620833
0 0.09375 0.6 0.11875 0.6 0.11875 0.626562 0.09375 0.626562
0 0.121875 0.568229 0.140625 0.568229 0.140625 0.6 0.121875 0.6
0 0.155859 0.571354 0.182031 0.571354 0.182031 0.60625 0.155859 0.60625
0 0.025 0.632292 0.051172 0.632292 0.051172 0.664062 0.025 0.664062
0 0.002344 0.626562 0.017578 0.626562 0.017578 0.672917 0.002344 0.672917
0 0.007812 0.739583 0.040234 0.739583 0.040234 0.76875 0.007812 0.76875
0 0.026172 0.786458 0.048047 0.786458 0.048047 0.815104 0.026172 0.815104
0 0.075391 0.765625 0.096875 0.765625 0.096875 0.794792 0.075391 0.794792
0 0.062109 0.825521 0.081641 0.825521 0.081641 0.866146 0.062109 0.866146
0 0.079688 0.806771 0.107812 0.806771 0.107812 0.834375 0.079688 0.834375
0 0.053516 0.901042 0.077344 0.901042 0.077344 0.938542 0.053516 0.938542
0 0.015234 0.83125 0.035938 0.83125 0.035938 0.875 0.015234 0.875
0 0.003516 0.751562 0.019922 0.751562 0.019922 0.803646 0.003516 0.803646
0 0.014453 0.89375 0.033984 0.89375 0.033984 0.922917 0.014453 0.922917
0 0.035156 0.941667 0.060938 0.941667 0.060938 0.979167 0.035156 0.979167
0 0.114453 0.953125 0.14375 0.953125 0.14375 0.992708 0.114453 0.992708
0 0.087109 0.877604 0.106641 0.877604 0.106641 0.923958 0.087109 0.923958
0 0.151562 0.919792 0.174219 0.919792 0.174219 0.951562 0.151562 0.951562
0 0.133984 0.890625 0.163281 0.890625 0.163281 0.919792 0.133984 0.919792
0 0.133984 0.858854 0.155859 0.858854 0.155859 0.888021 0.133984 0.888021
0 0.148047 0.796354 0.167578 0.796354 0.167578 0.83125 0.148047 0.83125
0 0.167578 0.841667 0.194922 0.841667 0.194922 0.877604 0.167578 0.877604
0 0.197266 0.89375 0.223047 0.89375 0.223047 0.923958 0.197266 0.923958
0 0.171094 0.789062 0.190625 0.789062 0.190625 0.823958 0.171094 0.823958
0 0.160156 0.742708 0.182812 0.742708 0.182812 0.764583 0.160156 0.764583
0 0.2125 0.672917 0.225391 0.672917 0.225391 0.697396 0.2125 0.697396
0 0.240625 0.690104 0.265625 0.690104 0.265625 0.726562 0.240625 0.726562
0 0.197266 0.736979 0.227734 0.736979 0.227734 0.765625 0.197266 0.765625
0 0.242969 0.751562 0.274219 0.751562 0.274219 0.776042 0.242969 0.776042
0 0.284375 0.75 0.305859 0.75 0.305859 0.789062 0.284375 0.789062
0 0.271094 0.799479 0.294922 0.799479 0.294922 0.828125 0.271094 0.828125
0 0.238281 0.815104 0.255859 0.815104 0.255859 0.847396 0.238281 0.847396
0 0.19375 0.765625 0.214453 0.765625 0.214453 0.797917 0.19375 0.797917
0 0.138281 0.70625 0.166797 0.70625 0.166797 0.73125 0.138281 0.73125
0 0.002344 0.960417 0.014453 0.960417 0.014453 0.999479 0.002344 0.999479
0 0.210156 0.948958 0.239453 0.948958 0.239453 0.980729 0.210156 0.980729
0 0.232031 0.882292 0.247266 0.882292 0.247266 0.914062 0.232031 0.914062
0 0.210156 0.8125 0.227734 0.8125 0.227734 0.857292 0.210156 0.857292
0 0.251563 0.858854 0.271094 0.858854 0.271094 0.889583 0.251563 0.889583
0 0.269922 0.844271 0.294922 0.844271 0.294922 0.861979 0.269922 0.861979
0 0.299609 0.85 0.315625 0.85 0.315625 0.880729 0.299609 0.880729
0 0.313672 0.802083 0.336328 0.802083 0.336328 0.842708 0.313672 0.842708
0 0.324609 0.720833 0.351562 0.720833 0.351562 0.755729 0.324609 0.755729
0 0.264453 0.676042 0.284375 0.676042 0.284375 0.716667 0.264453 0.716667
0 0.301562 0.711979 0.319141 0.711979 0.319141 0.738021 0.301562 0.738021
0 0.317969 0.633854 0.338672 0.633854 0.338672 0.664062 0.317969 0.664062
0 0.269141 0.560938 0.290625 0.560938 0.290625 0.595833 0.269141 0.595833
0 0.310156 0.588542 0.3375 0.588542 0.3375 0.614583 0.310156 0.614583
0 0.366797 0.595833 0.384375 0.595833 0.384375 0.626562 0.366797 0.626562
0 0.403906 0.588542 0.423438 0.588542 0.423438 0.619271 0.403906 0.619271
0 0.375781 0.539062 0.396094 0.539062 0.396094 0.577083 0.375781 0.577083
0 0.3125 0.549479 0.340625 0.549479 0.340625 0.569792 0.3125 0.569792
0 0.283203 0.516146 0.314844 0.516146 0.314844 0.536458 0.283203 0.536458
0 0.2625 0.4375 0.292969 0.4375 0.292969 0.475521 0.2625 0.475521
0 0.301562 0.431771 0.325391 0.431771 0.325391 0.459375 0.301562 0.459375
0 0.334375 0.457812 0.363672 0.457812 0.363672 0.485417 0.334375 0.485417
0 0.313672 0.491146 0.339844 0.491146 0.339844 0.521875 0.313672 0.521875
0 0.299609 0.89375 0.323438 0.89375 0.323438 0.925521 0.299609 0.925521
0 0.344141 0.890625 0.369141 0.890625 0.369141 0.915625 0.344141 0.915625
0 0.322266 0.863021 0.345312 0.863021 0.345312 0.897917 0.322266 0.897917
0 0.323438 0.944792 0.342969 0.944792 0.342969 0.980729 0.323438 0.980729
0 0.384375 0.838542 0.408203 0.838542 0.408203 0.864583 0.384375 0.864583
0 0.409375 0.905208 0.423438 0.905208 0.423438 0.938542 0.409375 0.938542
0 0.3875 0.928646 0.408203 0.928646 0.408203 0.969271 0.3875 0.969271
0 0.423438 0.921354 0.441016 0.921354 0.441016 0.948958 0.423438 0.948958
0 0.433203 0.966146 0.450781 0.966146 0.450781 0.986458 0.433203 0.986458
0 0.40625 0.661458 0.432031 0.661458 0.432031 0.693229 0.40625 0.693229
0 0.355859 0.649479 0.386328 0.649479 0.386328 0.678646 0.355859 0.678646
0 0.338672 0.616146 0.359375 0.616146 0.359375 0.641146 0.338672 0.641146
0 0.345312 0.681771 0.369141 0.681771 0.369141 0.710417 0.345312 0.710417
0 0.417969 0.707812 0.433203 0.707812 0.433203 0.732292 0.417969 0.732292
0 0.425781 0.739583 0.438672 0.739583 0.438672 0.770312 0.425781 0.770312
0 0.442969 0.726562 0.469141 0.726562 0.469141 0.76875 0.442969 0.76875
0 0.489844 0.6875 0.510547 0.6875 0.510547 0.710417 0.489844 0.710417
0 0.45625 0.626562 0.469141 0.626562 0.469141 0.667188 0.45625 0.667188
0 0.425781 0.636458 0.447266 0.636458 0.447266 0.66875 0.425781 0.66875
0 0.382031 0.629167 0.409375 0.629167 0.409375 0.658333 0.382031 0.658333
0 0.434375 0.5625 0.455078 0.5625 0.455078 0.595833 0.434375 0.595833
0 0.399609 0.531771 0.421484 0.531771 0.421484 0.5625 0.399609 0.5625
0 0.377734 0.501562 0.399609 0.501562 0.399609 0.527604 0.377734 0.527604
0 0.339844 0.503125 0.366797 0.503125 0.366797 0.533333 0.339844 0.533333
0 0.371094 0.465104 0.399609 0.465104 0.399609 0.490104 0.371094 0.490104
0 0.316797 0.401042 0.347266 0.401042 0.347266 0.428646 0.316797 0.428646
0 0.391016 0.440625 0.414844 0.440625 0.414844 0.469271 0.391016 0.469271
0 0.411328 0.478125 0.435547 0.478125 0.435547 0.514583 0.411328 0.514583
0 0.441797 0.465104 0.467188 0.465104 0.467188 0.491146 0.441797 0.491146
0 0.445312 0.516146 0.476953 0.516146 0.476953 0.540625 0.445312 0.540625
0 0.478906 0.552083 0.505078 0.552083 0.505078 0.569792 0.478906 0.569792
0 0.467969 0.585938 0.495312 0.585938 0.495312 0.626562 0.467969 0.626562
0 0.485547 0.634896 0.508203 0.634896 0.508203 0.655208 0.485547 0.655208
0 0.514844 0.611979 0.538672 0.611979 0.538672 0.641146 0.514844 0.641146
0 0.532422 0.573958 0.557422 0.573958 0.557422 0.6 0.532422 0.6
0 0.551953 0.613542 0.571484 0.613542 0.571484 0.639583 0.551953 0.639583
0 0.542188 0.649479 0.569141 0.649479 0.569141 0.676042 0.542188 0.676042
0 0.512891 0.664062 0.534375 0.664062 0.534375 0.689062 0.512891 0.689062
0 0.545312 0.691667 0.568359 0.691667 0.568359 0.728125 0.545312 0.728125
0 0.549609 0.739583 0.575781 0.739583 0.575781 0.765625 0.549609 0.765625
0 0.561719 0.780208 0.591016 0.780208 0.591016 0.815104 0.561719 0.815104
0 0.497656 0.784896 0.525781 0.784896 0.525781 0.8125 0.497656 0.8125
0 0.528125 0.827083 0.561719 0.827083 0.561719 0.844271 0.528125 0.844271
0 0.519141 0.858854 0.551953 0.858854 0.551953 0.880729 0.519141 0.880729
0 0.568359 0.869271 0.589844 0.869271 0.589844 0.903646 0.568359 0.903646
0 0.508203 0.890625 0.550781 0.890625 0.550781 0.922917 0.508203 0.922917
0 0.484375 0.899479 0.514844 0.899479 0.514844 0.923958 0.484375 0.923958
0 0.475781 0.948958 0.508203 0.948958 0.508203 0.985417 0.475781 0.985417
0 0.296094 0.945833 0.314844 0.945833 0.314844 0.983333 0.296094 0.983333
0 0.269531 0.920312 0.295312 0.920312 0.295312 0.94375 0.269531 0.94375
0 0.027734 0.032812 0.051172 0.032812 0.051172 0.050521 0.027734 0.050521
0 0.001562 0.022917 0.0125 0.022917 0.0125 0.052604 0.001562 0.052604
0 0.013281 0.061979 0.034375 0.061979 0.034375 0.080208 0.013281 0.080208
0 0.042969 0.071354 0.059766 0.071354 0.059766 0.102604 0.042969 0.102604
0 0.073438 0.09375 0.098047 0.09375 0.098047 0.126042 0.073438 0.126042
0 0.057422 0.114583 0.074609 0.114583 0.074609 0.15 0.057422 0.15
0 0.028906 0.121354 0.054688 0.121354 0.054688 0.159375 0.028906 0.159375
0 0.000391 0.108854 0.016016 0.108854 0.016016 0.157292 0.000391 0.157292
0 0.046094 0.172917 0.070703 0.172917 0.070703 0.202604 0.046094 0.202604
0 0.040625 0.208854 0.066797 0.208854 0.066797 0.235417 0.040625 0.235417
0 0.105469 0.095312 0.129297 0.095312 0.129297 0.134896 0.105469 0.134896
0 0.073047 0.030729 0.099219 0.030729 0.099219 0.069271 0.073047 0.069271
0 0.113672 0.03125 0.133203 0.03125 0.133203 0.0625 0.113672 0.0625
0 0.144922 0.03125 0.165234 0.03125 0.165234 0.0625 0.144922 0.0625
0 0.144141 0.073958 0.165234 0.073958 0.165234 0.1 0.144141 0.1
0 0.173438 0.097396 0.190234 0.097396 0.190234 0.120833 0.173438 0.120833
0 0.155078 0.126562 0.172266 0.126562 0.172266 0.157812 0.155078 0.157812
0 0.192578 0.13125 0.206641 0.13125 0.206641 0.1625 0.192578 0.1625
0 0.212109 0.152083 0.23125 0.152083 0.23125 0.184375 0.212109 0.184375
0 0.194141 0.077604 0.2125 0.077604 0.2125 0.104167 0.194141 0.104167
0 0.167969 0.051562 0.191016 0.051562 0.191016 0.084375 0.167969 0.084375
0 0.168359 0.013542 0.192578 0.013542 0.192578 0.039583 0.168359 0.039583
0 0.152734 0.370833 0.169141 0.370833 0.169141 0.393229 0.152734 0.393229
0 0.288281 0.164062 0.311328 0.164062 0.311328 0.182292 0.288281 0.182292
0 0.272266 0.372917 0.284375 0.372917 0.284375 0.403125 0.272266 0.403125
0 0.294922 0.385938 0.311328 0.385938 0.311328 0.413542 0.294922 0.413542
0 0.292969 0.344792 0.317578 0.344792 0.317578 0.366667 0.292969 0.366667
0 0.027344 0.001042 0.054297 0.001042 0.054297 0.024479 0.027344 0.024479
0 0.058203 0.001042 0.081641 0.001042 0.081641 0.017188 0.058203 0.017188
0 0.087891 0.0 0.129297 0.0 0.129297 0.017188 0.087891 0.017188
0 0.235547 0.003125 0.259766 0.003125 0.259766 0.023438 0.235547 0.023438
0 0.271094 0.004688 0.295312 0.004688 0.295312 0.020833 0.271094 0.020833
0 0.260547 0.030729 0.280078 0.030729 0.280078 0.060938 0.260547 0.060938
0 0.287891 0.026042 0.318359 0.026042 0.318359 0.053125 0.287891 0.053125
0 0.317578 0.065625 0.336328 0.065625 0.336328 0.095312 0.317578 0.095312
0 0.283203 0.120312 0.302734 0.120312 0.302734 0.147917 0.283203 0.147917
0 0.323047 0.118229 0.344531 0.118229 0.344531 0.145312 0.323047 0.145312
0 0.351172 0.085417 0.377344 0.085417 0.377344 0.113021 0.351172 0.113021
0 0.337109 0.018229 0.358594 0.018229 0.358594 0.045833 0.337109 0.045833
0 0.361328 0.001042 0.386719 0.001042 0.386719 0.029688 0.361328 0.029688
0 0.360547 0.039583 0.379297 0.039583 0.379297 0.061979 0.360547 0.061979
0 0.400781 0.045833 0.429688 0.045833 0.429688 0.068229 0.400781 0.068229
0 0.388672 0.075521 0.408984 0.075521 0.408984 0.101562 0.388672 0.101562
0 0.379297 0.130208 0.401562 0.130208 0.401562 0.166667 0.379297 0.166667
0 0.365234 0.165104 0.379297 0.165104 0.379297 0.196354 0.365234 0.196354
0 0.384766 0.282292 0.407031 0.282292 0.407031 0.308333 0.384766 0.308333
0 0.439062 0.100521 0.459375 0.100521 0.459375 0.122917 0.439062 0.122917
0 0.442578 0.134375 0.466016 0.134375 0.466016 0.163021 0.442578 0.163021
0 0.455859 0.183854 0.474219 0.183854 0.474219 0.214062 0.455859 0.214062
0 0.419141 0.196354 0.440625 0.196354 0.440625 0.21875 0.419141 0.21875
0 0.464844 0.220312 0.4875 0.220312 0.4875 0.253646 0.464844 0.253646
0 0.325781 0.306771 0.356641 0.306771 0.356641 0.333333 0.325781 0.333333
0 0.352344 0.290104 0.375391 0.290104 0.375391 0.310938 0.352344 0.310938
0 0.353906 0.258333 0.380078 0.258333 0.380078 0.280208 0.353906 0.280208
0 0.377344 0.315625 0.407031 0.315625 0.407031 0.346875 0.377344 0.346875
0 0.364453 0.340625 0.384375 0.340625 0.384375 0.372396 0.364453 0.372396
0 0.328906 0.354167 0.353516 0.354167 0.353516 0.383854 0.328906 0.383854
0 0.355859 0.384896 0.385938 0.384896 0.385938 0.410417 0.355859 0.410417
0 0.410938 0.354167 0.439062 0.354167 0.439062 0.402604 0.410938 0.402604
0 0.406641 0.0 0.433984 0.0 0.433984 0.021875 0.406641 0.021875
0 0.45625 0.065625 0.479688 0.065625 0.479688 0.102083 0.45625 0.102083
0 0.483203 0.088021 0.510156 0.088021 0.510156 0.116146 0.483203 0.116146
0 0.493359 0.04375 0.519922 0.04375 0.519922 0.070833 0.493359 0.070833
0 0.478516 0.0 0.511719 0.0 0.511719 0.019792 0.478516 0.019792
0 0.520703 0.001042 0.548438 0.001042 0.548438 0.028125 0.520703 0.028125
0 0.528125 0.025 0.560938 0.025 0.560938 0.056771 0.528125 0.056771
0 0.532422 0.073958 0.560156 0.073958 0.560156 0.100521 0.532422 0.100521
0 0.531641 0.115625 0.555078 0.115625 0.555078 0.138021 0.531641 0.138021
0 0.495703 0.130729 0.523047 0.130729 0.523047 0.154688 0.495703 0.154688
0 0.483203 0.160938 0.507422 0.160938 0.507422 0.193229 0.483203 0.193229
0 0.520703 0.160417 0.547656 0.160417 0.547656 0.188542 0.520703 0.188542
0 0.341016 0.800521 0.383984 0.800521 0.383984 0.842188 0.341016 0.842188
0 0.584375 0.629688 0.607031 0.629688 0.607031 0.664583 0.584375 0.664583
0 0.573828 0.568229 0.594531 0.568229 0.594531 0.594271 0.573828 0.594271
0 0.597266 0.591667 0.620312 0.591667 0.620312 0.617188 0.597266 0.617188
0 0.596875 0.538021 0.624609 0.538021 0.624609 0.567188 0.596875 0.567188
0 0.631641 0.658854 0.653516 0.658854 0.653516 0.692188 0.631641 0.692188
0 0.614453 0.696875 0.641797 0.696875 0.641797 0.731771 0.614453 0.731771
0 0.649609 0.70625 0.672266 0.70625 0.672266 0.745312 0.649609 0.745312
0 0.597266 0.749479 0.623047 0.749479 0.623047 0.78125 0.597266 0.78125
0 0.49375 0.50625 0.512891 0.50625 0.512891 0.53125 0.49375 0.53125
0 0.519141 0.480208 0.539844 0.480208 0.539844 0.508854 0.519141 0.508854
0 0.550781 0.496875 0.577344 0.496875 0.577344 0.511979 0.550781 0.511979
0 0.596094 0.902604 0.617969 0.902604 0.617969 0.943229 0.596094 0.943229
0 0.574219 0.935938 0.594922 0.935938 0.594922 0.965104 0.574219 0.965104
0 0.511328 0.939583 0.536328 0.939583 0.536328 0.9625 0.511328 0.9625
0 0.533203 0.969792 0.557422 0.969792 0.557422 0.996354 0.533203 0.996354
0 0.584766 0.986979 0.610156 0.986979 0.610156 0.999479 0.584766 0.999479
0 0.621094 0.960417 0.641406 0.960417 0.641406 0.992188 0.621094 0.992188
0 0.638281 0.918229 0.6625 0.918229 0.6625 0.946354 0.638281 0.946354
0 0.647656 0.876562 0.668359 0.876562 0.668359 0.90625 0.647656 0.90625
0 0.678906 0.868229 0.694922 0.868229 0.694922 0.902083 0.678906 0.902083
0 0.676172 0.947917 0.696875 0.947917 0.696875 0.980729 0.676172 0.980729
0 0.709766 0.891146 0.729688 0.891146 0.729688 0.925521 0.709766 0.925521
0 0.728125 0.934896 0.751562 0.934896 0.751562 0.968229 0.728125 0.968229
0 0.71875 0.975521 0.741797 0.975521 0.741797 0.999479 0.71875 0.999479
0 0.601562 0.810417 0.623047 0.810417 0.623047 0.835417 0.601562 0.835417
0 0.619922 0.841667 0.643359 0.841667 0.643359 0.871875 0.619922 0.871875
0 0.627344 0.780729 0.65 0.780729 0.65 0.816146 0.627344 0.816146
0 0.700781 0.780729 0.726953 0.780729 0.726953 0.819271 0.700781 0.819271
0 0.723047 0.842708 0.747266 0.842708 0.747266 0.879688 0.723047 0.879688
0 0.657422 0.766667 0.682812 0.766667 0.682812 0.8 0.657422 0.8
0 0.750391 0.891146 0.776562 0.891146 0.776562 0.924479 0.750391 0.924479
0 0.782422 0.945312 0.801562 0.945312 0.801562 0.994792 0.782422 0.994792
0 0.748047 0.79375 0.776562 0.79375 0.776562 0.827604 0.748047 0.827604
0 0.785156 0.796875 0.8125 0.796875 0.8125 0.838542 0.785156 0.838542
0 0.754688 0.841146 0.778125 0.841146 0.778125 0.877083 0.754688 0.877083
0 0.696094 0.682292 0.722266 0.682292 0.722266 0.708854 0.696094 0.708854
0 0.700391 0.715104 0.728516 0.715104 0.728516 0.742188 0.700391 0.742188
0 0.716406 0.755208 0.750391 0.755208 0.750391 0.78125 0.716406 0.78125
0 0.743359 0.709896 0.768359 0.709896 0.768359 0.742708 0.743359 0.742708
0 0.783594 0.746354 0.806641 0.746354 0.806641 0.78125 0.783594 0.78125
0 0.792578 0.697396 0.817188 0.697396 0.817188 0.728125 0.792578 0.728125
0 0.755078 0.660938 0.778906 0.660938 0.778906 0.690625 0.755078 0.690625
0 0.708984 0.627604 0.732812 0.627604 0.732812 0.663542 0.708984 0.663542
0 0.722656 0.608333 0.753516 0.608333 0.753516 0.638021 0.722656 0.638021
0 0.754688 0.591146 0.78125 0.591146 0.78125 0.621354 0.754688 0.621354
0 0.757031 0.626042 0.782031 0.626042 0.782031 0.653646 0.757031 0.653646
0 0.784375 0.642188 0.8125 0.642188 0.8125 0.679167 0.784375 0.679167
0 0.804297 0.614583 0.832031 0.614583 0.832031 0.653125 0.804297 0.653125
0 0.827734 0.666667 0.849609 0.666667 0.849609 0.711979 0.827734 0.711979
0 0.559375 0.0 0.605078 0.0 0.605078 0.021875 0.559375 0.021875
0 0.571484 0.021875 0.608203 0.021875 0.608203 0.066667 0.571484 0.066667
0 0.594141 0.060417 0.625781 0.060417 0.625781 0.090104 0.594141 0.090104
0 0.56875 0.101562 0.589453 0.101562 0.589453 0.136458 0.56875 0.136458
0 0.591406 0.10625 0.621094 0.10625 0.621094 0.126042 0.591406 0.126042
0 0.643359 0.123958 0.673438 0.123958 0.673438 0.158854 0.643359 0.158854
0 0.594141 0.140104 0.615625 0.140104 0.615625 0.178646 0.594141 0.178646
0 0.554688 0.159896 0.584766 0.159896 0.584766 0.1875 0.554688 0.1875
0 0.516406 0.198438 0.541797 0.198438 0.541797 0.229688 0.516406 0.229688
0 0.553906 0.208333 0.578125 0.208333 0.578125 0.244792 0.553906 0.244792
0 0.585547 0.19375 0.616406 0.19375 0.616406 0.223438 0.585547 0.223438
0 0.778906 0.0 0.805469 0.0 0.805469 0.015625 0.778906 0.015625
0 0.720312 0.009375 0.747656 0.009375 0.747656 0.043229 0.720312 0.043229
0 0.735156 0.054688 0.763281 0.054688 0.763281 0.083333 0.735156 0.083333
0 0.769922 0.039583 0.798438 0.039583 0.798438 0.067708 0.769922 0.067708
0 0.798438 0.015625 0.823828 0.015625 0.823828 0.043229 0.798438 0.043229
0 0.822656 0.004167 0.851953 0.004167 0.851953 0.027604 0.822656 0.027604
0 0.876562 0.009375 0.907422 0.009375 0.907422 0.038021 0.876562 0.038021
0 0.852734 0.0 0.875391 0.0 0.875391 0.017188 0.852734 0.017188
0 0.848828 0.053646 0.880469 0.053646 0.880469 0.080729 0.848828 0.080729
0 0.914453 0.083333 0.935938 0.083333 0.935938 0.110417 0.914453 0.110417
0 0.816797 0.066146 0.837109 0.066146 0.837109 0.092708 0.816797 0.092708
0 0.892188 0.088542 0.910547 0.088542 0.910547 0.120833 0.892188 0.120833
0 0.933203 0.139062 0.948828 0.139062 0.948828 0.163542 0.933203 0.163542
0 0.721094 0.104167 0.741797 0.104167 0.741797 0.128646 0.721094 0.128646
0 0.785938 0.074479 0.811328 0.074479 0.811328 0.097396 0.785938 0.097396
0 0.775 0.118229 0.795312 0.118229 0.795312 0.140104 0.775 0.140104
0 0.803125 0.130208 0.821094 0.130208 0.821094 0.146875 0.803125 0.146875
0 0.854688 0.117188 0.873438 0.117188 0.873438 0.139062 0.854688 0.139062
0 0.883203 0.13125 0.906641 0.13125 0.906641 0.154688 0.883203 0.154688
0 0.901562 0.158854 0.925 0.158854 0.925 0.184375 0.901562 0.184375
0 0.835547 0.149479 0.864453 0.149479 0.864453 0.175521 0.835547 0.175521
0 0.719531 0.140104 0.746484 0.140104 0.746484 0.160938 0.719531 0.160938
0 0.758203 0.153646 0.782031 0.153646 0.782031 0.181771 0.758203 0.181771
0 0.790625 0.180729 0.811328 0.180729 0.811328 0.213021 0.790625 0.213021
0 0.81875 0.191146 0.844141 0.191146 0.844141 0.220833 0.81875 0.220833
0 0.86875 0.189583 0.894922 0.189583 0.894922 0.213542 0.86875 0.213542
0 0.636328 0.234896 0.661719 0.234896 0.661719 0.269271 0.636328 0.269271
0 0.962891 0.154167 0.987891 0.154167 0.987891 0.183333 0.962891 0.183333
0 0.983594 0.188542 0.999609 0.188542 0.999609 0.214062 0.983594 0.214062
0 0.942188 0.194271 0.960547 0.194271 0.960547 0.221875 0.942188 0.221875
0 0.972656 0.230729 0.997266 0.230729 0.997266 0.254688 0.972656 0.254688
0 0.902344 0.226562 0.925781 0.226562 0.925781 0.247396 0.902344 0.247396
0 0.857422 0.219271 0.8875 0.219271 0.8875 0.247396 0.857422 0.247396
0 0.932422 0.250521 0.957031 0.250521 0.957031 0.279688 0.932422 0.279688
0 0.891016 0.258333 0.910938 0.258333 0.910938 0.286458 0.891016 0.286458
0 0.981641 0.263542 0.999609 0.263542 0.999609 0.292188 0.981641 0.292188
0 0.977734 0.3 0.998828 0.3 0.998828 0.325521 0.977734 0.325521
0 0.933594 0.288542 0.957812 0.288542 0.957812 0.309896 0.933594 0.309896
0 0.843359 0.276042 0.870312 0.276042 0.870312 0.314583 0.843359 0.314583
0 0.881641 0.296875 0.898828 0.296875 0.898828 0.327604 0.881641 0.327604
0 0.914453 0.323958 0.942969 0.323958 0.942969 0.342188 0.914453 0.342188
0 0.467578 0.358333 0.492578 0.358333 0.492578 0.389583 0.467578 0.389583
0 0.426953 0.420312 0.451562 0.420312 0.451562 0.445312 0.426953 0.445312
0 0.462109 0.440625 0.483203 0.440625 0.483203 0.467708 0.462109 0.467708
0 0.478906 0.415104 0.5 0.415104 0.5 0.442188 0.478906 0.442188
0 0.491016 0.392708 0.513672 0.392708 0.513672 0.413021 0.491016 0.413021
0 0.507031 0.345833 0.528906 0.345833 0.528906 0.365104 0.507031 0.365104
0 0.517578 0.314583 0.545703 0.314583 0.545703 0.335938 0.517578 0.335938
0 0.540234 0.352083 0.564062 0.352083 0.564062 0.370312 0.540234 0.370312
0 0.555469 0.373438 0.573828 0.373438 0.573828 0.406771 0.555469 0.406771
0 0.535156 0.406771 0.571484 0.406771 0.571484 0.433333 0.535156 0.433333
0 0.520703 0.419271 0.540234 0.419271 0.540234 0.455729 0.520703 0.455729
0 0.53125 0.440625 0.566797 0.440625 0.566797 0.473958 0.53125 0.473958
0 0.5875 0.413021 0.616406 0.413021 0.616406 0.465625 0.5875 0.465625
0 0.626172 0.331771 0.658984 0.331771 0.658984 0.367188 0.626172 0.367188
0 0.662891 0.242708 0.682422 0.242708 0.682422 0.286979 0.662891 0.286979
0 0.688672 0.232292 0.708203 0.232292 0.708203 0.261979 0.688672 0.261979
0 0.7 0.275 0.719922 0.275 0.719922 0.305208 0.7 0.305208
0 0.728125 0.234375 0.746484 0.234375 0.746484 0.270833 0.728125 0.270833
0 0.743359 0.214062 0.78125 0.214062 0.78125 0.242708 0.743359 0.242708
0 0.766016 0.255729 0.785938 0.255729 0.785938 0.289062 0.766016 0.289062
0 0.798047 0.246354 0.822266 0.246354 0.822266 0.286979 0.798047 0.286979
0 0.728906 0.294271 0.747266 0.294271 0.747266 0.31875 0.728906 0.31875
0 0.712891 0.324479 0.744922 0.324479 0.744922 0.347917 0.712891 0.347917
0 0.684766 0.331771 0.704688 0.331771 0.704688 0.370312 0.684766 0.370312
0 0.649219 0.366146 0.679297 0.366146 0.679297 0.397917 0.649219 0.397917
0 0.656641 0.413021 0.682422 0.413021 0.682422 0.442188 0.656641 0.442188
0 0.673438 0.46875 0.692578 0.46875 0.692578 0.502083 0.673438 0.502083
0 0.680859 0.444271 0.70625 0.444271 0.70625 0.469792 0.680859 0.469792
0 0.694531 0.385417 0.710547 0.385417 0.710547 0.425 0.694531 0.425
0 0.718359 0.358333 0.744141 0.358333 0.744141 0.390625 0.718359 0.390625
0 0.753125 0.342188 0.773828 0.342188 0.773828 0.384375 0.753125 0.384375
0 0.78125 0.308333 0.804297 0.308333 0.804297 0.347917 0.78125 0.347917
0 0.816406 0.313542 0.835156 0.313542 0.835156 0.344792 0.816406 0.344792
0 0.811719 0.377604 0.834375 0.377604 0.834375 0.402604 0.811719 0.402604
0 0.762891 0.398958 0.794141 0.398958 0.794141 0.421354 0.762891 0.421354
0 0.713672 0.419271 0.75 0.419271 0.75 0.446354 0.713672 0.446354
0 0.691016 0.478125 0.717578 0.478125 0.717578 0.505208 0.691016 0.505208
0 0.727344 0.447396 0.751562 0.447396 0.751562 0.476042 0.727344 0.476042
0 0.727344 0.479688 0.748438 0.479688 0.748438 0.501042 0.727344 0.501042
0 0.788281 0.457812 0.817188 0.457812 0.817188 0.483854 0.788281 0.483854
0 0.752344 0.471875 0.776562 0.471875 0.776562 0.5 0.752344 0.5
0 0.757812 0.516667 0.773828 0.516667 0.773828 0.555208 0.757812 0.555208
0 0.717578 0.530729 0.748047 0.530729 0.748047 0.555208 0.717578 0.555208
0 0.729688 0.566146 0.762891 0.566146 0.762891 0.585417 0.729688 0.585417
0 0.819922 0.504167 0.842188 0.504167 0.842188 0.535938 0.819922 0.535938
0 0.790234 0.533854 0.8125 0.533854 0.8125 0.555208 0.790234 0.555208
0 0.778125 0.560938 0.801953 0.560938 0.801953 0.596354 0.778125 0.596354
0 0.835938 0.573438 0.864844 0.573438 0.864844 0.607812 0.835938 0.607812
0 0.858594 0.915104 0.875391 0.915104 0.875391 0.943229 0.858594 0.943229
0 0.875391 0.892188 0.894922 0.892188 0.894922 0.915104 0.875391 0.915104
0 0.886328 0.858854 0.909766 0.858854 0.909766 0.884896 0.886328 0.884896
0 0.923438 0.860417 0.952734 0.860417 0.952734 0.894792 0.923438 0.894792
0 0.900781 0.89375 0.923438 0.89375 0.923438 0.926562 0.900781 0.926562
0 0.933203 0.915104 0.95 0.915104 0.95 0.939062 0.933203 0.939062
0 0.955859 0.947396 0.974609 0.947396 0.974609 0.981771 0.955859 0.981771
0 0.892578 0.938021 0.917188 0.938021 0.917188 0.960417 0.892578 0.960417
0 0.923438 0.950521 0.940234 0.950521 0.940234 0.982812 0.923438 0.982812
0 0.885547 0.976042 0.906641 0.976042 0.906641 0.998438 0.885547 0.998438
0 0.948828 0.757292 0.975781 0.757292 0.975781 0.784896 0.948828 0.784896
0 0.972266 0.702083 0.992188 0.702083 0.992188 0.73125 0.972266 0.73125
0 0.982812 0.741146 0.999609 0.741146 0.999609 0.777083 0.982812 0.777083
0 0.845703 0.364062 0.874609 0.364062 0.874609 0.391667 0.845703 0.391667
0 0.855078 0.422396 0.874609 0.422396 0.874609 0.448438 0.855078 0.448438
0 0.823047 0.446354 0.846875 0.446354 0.846875 0.466667 0.823047 0.466667
0 0.853906 0.466667 0.88125 0.466667 0.88125 0.499479 0.853906 0.499479
0 0.852344 0.523438 0.875781 0.523438 0.875781 0.551562 0.852344 0.551562
0 0.866406 0.584896 0.89375 0.584896 0.89375 0.610417 0.866406 0.610417
0 0.859375 0.628646 0.884766 0.628646 0.884766 0.649479 0.859375 0.649479
0 0.851172 0.664062 0.876562 0.664062 0.876562 0.697917 0.851172 0.697917
0 0.877734 0.644271 0.898438 0.644271 0.898438 0.692708 0.877734 0.692708
0 0.914062 0.566146 0.939062 0.566146 0.939062 0.609375 0.914062 0.609375
0 0.949219 0.563542 0.969922 0.563542 0.969922 0.592708 0.949219 0.592708
0 0.969922 0.528646 0.99375 0.528646 0.99375 0.559896 0.969922 0.559896
0 0.926562 0.497917 0.952734 0.497917 0.952734 0.521354 0.926562 0.521354
0 0.932812 0.535938 0.964844 0.535938 0.964844 0.567188 0.932812 0.567188
0 0.891797 0.508854 0.919922 0.508854 0.919922 0.543229 0.891797 0.543229
0 0.908203 0.455729 0.9375 0.455729 0.9375 0.49375 0.908203 0.49375
0 0.947266 0.457292 0.977344 0.457292 0.977344 0.49375 0.947266 0.49375
0 0.960938 0.407812 0.981641 0.407812 0.981641 0.439062 0.960938 0.439062
0 0.911328 0.402604 0.939453 0.402604 0.939453 0.435417 0.911328 0.435417
0 0.900391 0.353125 0.928516 0.353125 0.928516 0.384375 0.900391 0.384375
0 0.949219 0.364062 0.980078 0.364062 0.980078 0.389583 0.949219 0.389583
0 0.987109 0.430729 0.999609 0.430729 0.999609 0.463542 0.987109 0.463542
0 0.987109 0.398958 0.999609 0.398958 0.999609 0.428125 0.987109 0.428125
0 0.946875 0.317188 0.970703 0.317188 0.970703 0.351562 0.946875 0.351562
0 0.985156 0.336458 0.999609 0.336458 0.999609 0.370833 0.985156 0.370833
0 0.270312 0.077604 0.302734 0.077604 0.302734 0.107292 0.270312 0.107292