0 0.013672 0.008854 0.037109 0.008854 0.037109 0.040104 0.013672 0.040104
0 0.042578 0.0 0.057422 0.0 0.057422 0.032812 0.042578 0.032812
0 0.061719 0.0 0.079297 0.0 0.079297 0.030208 0.061719 0.030208
0 0.086328 0.034375 0.103516 0.034375 0.103516 0.064583 0.086328 0.064583
0 0.114453 0.046354 0.134375 0.046354 0.134375 0.079688 0.114453 0.079688
0 0.15 0.089583 0.16875 0.089583 0.16875 0.115104 0.15 0.115104
0 0.191797 0.016146 0.209766 0.016146 0.209766 0.040104 0.191797 0.040104
0 0.220703 0.0 0.244141 0.0 0.244141 0.019792 0.220703 0.019792
0 0.256641 0.0 0.278516 0.0 0.278516 0.0125 0.256641 0.0125
0 0.278906 0.016146 0.307031 0.016146 0.307031 0.04375 0.278906 0.04375
0 0.365625 0.002604 0.386719 0.002604 0.386719 0.019792 0.365625 0.019792
0 0.380469 0.032812 0.397656 0.032812 0.397656 0.055729 0.380469 0.055729
0 0.347656 0.034375 0.371484 0.034375 0.371484 0.056771 0.347656 0.056771
0 0.391406 0.061979 0.414062 0.061979 0.414062 0.085938 0.391406 0.085938
0 0.046484 0.052083 0.066406 0.052083 0.066406 0.080208 0.046484 0.080208
0 0.014844 0.058333 0.030859 0.058333 0.030859 0.089583 0.014844 0.089583
0 0.062891 0.102604 0.079297 0.102604 0.079297 0.133333 0.062891 0.133333
0 0.100781 0.099479 0.123438 0.099479 0.123438 0.130729 0.100781 0.130729
0 0.150781 0.130729 0.164453 0.130729 0.164453 0.161979 0.150781 0.161979
0 0.116406 0.15 0.138281 0.15 0.138281 0.168229 0.116406 0.168229
0 0.070703 0.169271 0.088281 0.169271 0.088281 0.190104 0.070703 0.190104
0 0.098047 0.196875 0.120703 0.196875 0.120703 0.217708 0.098047 0.217708
0 0.135547 0.210417 0.160938 0.210417 0.160938 0.233333 0.135547 0.233333
0 0.027344 0.179167 0.045312 0.179167 0.045312 0.210417 0.027344 0.210417
0 0.051953 0.196875 0.076562 0.196875 0.076562 0.223438 0.051953 0.223438
0 0.084375 0.225 0.108203 0.225 0.108203 0.245833 0.084375 0.245833
0 0.117969 0.2625 0.134375 0.2625 0.134375 0.292708 0.117969 0.292708
0 0.141797 0.286458 0.163672 0.286458 0.163672 0.317708 0.141797 0.317708
0 0.1625 0.310938 0.185938 0.310938 0.185938 0.333333 0.1625 0.333333
0 0.214062 0.288021 0.237109 0.288021 0.237109 0.319271 0.214062 0.319271
0 0.276953 0.223958 0.291406 0.223958 0.291406 0.25625 0.276953 0.25625
0 0.241406 0.163021 0.264844 0.163021 0.264844 0.1875 0.241406 0.1875
0 0.228906 0.104167 0.245312 0.104167 0.245312 0.131771 0.228906 0.131771
0 0.246875 0.0375 0.271484 0.0375 0.271484 0.063021 0.246875 0.063021
0 0.259766 0.091146 0.283203 0.091146 0.283203 0.113542 0.259766 0.113542
0 0.264844 0.121354 0.289453 0.121354 0.289453 0.147396 0.264844 0.147396
0 0.306641 0.128646 0.328516 0.128646 0.328516 0.160938 0.306641 0.160938
0 0.282422 0.164583 0.294922 0.164583 0.294922 0.194792 0.282422 0.194792
0 0.311328 0.064062 0.334766 0.064062 0.334766 0.0875 0.311328 0.0875
0 0.359375 0.069271 0.377344 0.069271 0.377344 0.096875 0.359375 0.096875
0 0.373828 0.1125 0.399219 0.1125 0.399219 0.136979 0.373828 0.136979
0 0.409375 0.094792 0.425 0.094792 0.425 0.120833 0.409375 0.120833
0 0.333203 0.173958 0.350391 0.173958 0.350391 0.203125 0.333203 0.203125
0 0.358594 0.176562 0.375781 0.176562 0.375781 0.208333 0.358594 0.208333
0 0.383984 0.163021 0.399609 0.163021 0.399609 0.197396 0.383984 0.197396
0 0.416406 0.001562 0.442578 0.001562 0.442578 0.022396 0.416406 0.022396
0 0.415625 0.029167 0.44375 0.029167 0.44375 0.053125 0.415625 0.053125
0 0.451172 0.055208 0.475781 0.055208 0.475781 0.081771 0.451172 0.081771
0 0.435938 0.082812 0.453125 0.082812 0.453125 0.108854 0.435938 0.108854
0 0.408203 0.163542 0.424219 0.163542 0.424219 0.197917 0.408203 0.197917
0 0.436719 0.130729 0.459766 0.130729 0.459766 0.153125 0.436719 0.153125
0 0.430469 0.166667 0.446875 0.166667 0.446875 0.196875 0.430469 0.196875
0 0.458984 0.174479 0.480469 0.174479 0.480469 0.198958 0.458984 0.198958
0 0.483203 0.142188 0.500781 0.142188 0.500781 0.174479 0.483203 0.174479
0 0.522266 0.171875 0.538281 0.171875 0.538281 0.195312 0.522266 0.195312
0 0.297656 0.230729 0.309375 0.230729 0.309375 0.25625 0.297656 0.25625
0 0.305859 0.221354 0.322656 0.221354 0.322656 0.245833 0.305859 0.245833
0 0.321094 0.261979 0.332812 0.261979 0.332812 0.2875 0.321094 0.2875
0 0.348438 0.243229 0.36875 0.243229 0.36875 0.271875 0.348438 0.271875
0 0.374609 0.248958 0.392969 0.248958 0.392969 0.275521 0.374609 0.275521
0 0.378906 0.292188 0.392188 0.292188 0.392188 0.310938 0.378906 0.310938
0 0.389453 0.30625 0.407812 0.30625 0.407812 0.331771 0.389453 0.331771
0 0.430859 0.320833 0.446484 0.320833 0.446484 0.350521 0.430859 0.350521
0 0.45625 0.225521 0.477344 0.225521 0.477344 0.246354 0.45625 0.246354
0 0.488281 0.243229 0.510547 0.243229 0.510547 0.266667 0.488281 0.266667
0 0.440234 0.266146 0.458203 0.266146 0.458203 0.286458 0.440234 0.286458
0 0.455078 0.28125 0.471875 0.28125 0.471875 0.303646 0.455078 0.303646
0 0.469141 0.304167 0.489844 0.304167 0.489844 0.328646 0.469141 0.328646
0 0.501562 0.310938 0.523828 0.310938 0.523828 0.334375 0.501562 0.334375
0 0.548828 0.266667 0.565625 0.266667 0.565625 0.290625 0.548828 0.290625
0 0.565234 0.2375 0.580078 0.2375 0.580078 0.265625 0.565234 0.265625
0 0.591797 0.230729 0.605469 0.230729 0.605469 0.257292 0.591797 0.257292
0 0.601562 0.268229 0.614844 0.268229 0.614844 0.286458 0.601562 0.286458
0 0.552344 0.305208 0.571094 0.305208 0.571094 0.332812 0.552344 0.332812
0 0.598828 0.321875 0.612109 0.321875 0.612109 0.347917 0.598828 0.347917
0 0.477344 0.343229 0.497656 0.343229 0.497656 0.365625 0.477344 0.365625
0 0.514453 0.35 0.532812 0.35 0.532812 0.38125 0.514453 0.38125
0 0.540234 0.353125 0.559375 0.353125 0.559375 0.383854 0.540234 0.383854
0 0.582422 0.3625 0.603516 0.3625 0.603516 0.386979 0.582422 0.386979
0 0.633594 0.351042 0.654688 0.351042 0.654688 0.379688 0.633594 0.379688
0 0.576562 0.396354 0.588672 0.396354 0.588672 0.418229 0.576562 0.418229
0 0.596484 0.420312 0.616797 0.420312 0.616797 0.448958 0.596484 0.448958
0 0.574219 0.428125 0.590625 0.428125 0.590625 0.452083 0.574219 0.452083
0 0.536328 0.413542 0.560156 0.413542 0.560156 0.447396 0.536328 0.447396
0 0.0125 0.229167 0.031641 0.229167 0.031641 0.25 0.0125 0.25
0 0.047656 0.240625 0.0625 0.240625 0.0625 0.270312 0.047656 0.270312
0 0.005469 0.275521 0.027344 0.275521 0.027344 0.3 0.005469 0.3
0 0.05 0.3125 0.064844 0.3125 0.064844 0.342188 0.05 0.342188
0 0.070312 0.29375 0.090234 0.29375 0.090234 0.325 0.070312 0.325
0 0.095312 0.309375 0.112109 0.309375 0.112109 0.333854 0.095312 0.333854
0 0.096875 0.335938 0.121094 0.335938 0.121094 0.363021 0.096875 0.363021
0 0.0 0.319792 0.016406 0.319792 0.016406 0.347917 0.0 0.347917
0 0.048828 0.372917 0.074609 0.372917 0.074609 0.394792 0.048828 0.394792
0 0.085156 0.377083 0.106641 0.377083 0.106641 0.402604 0.085156 0.402604
0 0.111328 0.398958 0.130469 0.398958 0.130469 0.420312 0.111328 0.420312
0 0.148438 0.402083 0.171094 0.402083 0.171094 0.421875 0.148438 0.421875
0 0.178516 0.386458 0.203125 0.386458 0.203125 0.414062 0.178516 0.414062
0 0.150391 0.354167 0.178516 0.354167 0.178516 0.382292 0.150391 0.382292
0 0.014844 0.402604 0.032031 0.402604 0.032031 0.428646 0.014844 0.428646
0 0.0 0.483854 0.020703 0.483854 0.020703 0.511458 0.0 0.511458
0 0.041797 0.457292 0.067578 0.457292 0.067578 0.483333 0.041797 0.483333
0 0.067578 0.504687 0.090625 0.504687 0.090625 0.530729 0.067578 0.530729
0 0.019531 0.5375 0.037109 0.5375 0.037109 0.563021 0.019531 0.563021
0 0.048047 0.558854 0.073047 0.558854 0.073047 0.58125 0.048047 0.58125
0 0.098828 0.560417 0.117578 0.560417 0.117578 0.591667 0.098828 0.591667
0 0.028125 0.580729 0.04375 0.580729 0.04375 0.604688 0.028125 0.604688
0 0.05625 0.595312 0.076562 0.595312 0.076562 0.626042 0.05625 0.626042
0 0.003125 0.622396 0.024609 0.622396 0.024609 0.658854 0.003125 0.658854
0 0.089453 0.618229 0.113672 0.618229 0.113672 0.642188 0.089453 0.642188
0 0.125781 0.641667 0.148438 0.641667 0.148438 0.666146 0.125781 0.666146
0 0.052344 0.647917 0.075 0.647917 0.075 0.676042 0.052344 0.676042
0 0.022656 0.668229 0.042188 0.668229 0.042188 0.693229 0.022656 0.693229
0 0.070312 0.683333 0.0875 0.683333 0.0875 0.714062 0.070312 0.714062
0 0.108203 0.672396 0.127344 0.672396 0.127344 0.703646 0.108203 0.703646
0 0.139062 0.694271 0.158984 0.694271 0.158984 0.718229 0.139062 0.718229
0 0.078906 0.718229 0.1 0.718229 0.1 0.741667 0.078906 0.741667
0 0.105859 0.721875 0.123438 0.721875 0.123438 0.752083 0.105859 0.752083
0 0.148828 0.747396 0.174219 0.747396 0.174219 0.769792 0.148828 0.769792
0 0.0 0.880729 0.019531 0.880729 0.019531 0.910938 0.0 0.910938
0 0.032031 0.88125 0.051562 0.88125 0.051562 0.904167 0.032031 0.904167
0 0.023828 0.844271 0.047656 0.844271 0.047656 0.869271 0.023828 0.869271
0 0.106641 0.968229 0.124219 0.968229 0.124219 0.988021 0.106641 0.988021
0 0.122656 0.951042 0.138672 0.951042 0.138672 0.978646 0.122656 0.978646
0 0.158594 0.963542 0.180469 0.963542 0.180469 0.983854 0.158594 0.983854
0 0.185938 0.959896 0.201172 0.959896 0.201172 0.982292 0.185938 0.982292
0 0.158203 0.783333 0.179688 0.783333 0.179688 0.808333 0.158203 0.808333
0 0.187891 0.756771 0.209375 0.756771 0.209375 0.789062 0.187891 0.789062
0 0.226953 0.75 0.245703 0.75 0.245703 0.784896 0.226953 0.784896
0 0.185156 0.811979 0.208203 0.811979 0.208203 0.840625 0.185156 0.840625
0 0.216797 0.807292 0.230078 0.807292 0.230078 0.839062 0.216797 0.839062
0 0.245312 0.793229 0.261328 0.793229 0.261328 0.81875 0.245312 0.81875
0 0.264062 0.810938 0.280859 0.810938 0.280859 0.842708 0.264062 0.842708
0 0.271094 0.755729 0.2875 0.755729 0.2875 0.785417 0.271094 0.785417
0 0.191406 0.328646 0.213672 0.328646 0.213672 0.351042 0.191406 0.351042
0 0.230078 0.334375 0.255078 0.334375 0.255078 0.360417 0.230078 0.360417
0 0.325781 0.313542 0.347656 0.313542 0.347656 0.345833 0.325781 0.345833
0 0.257422 0.377083 0.279297 0.377083 0.279297 0.402604 0.257422 0.402604
0 0.223828 0.383854 0.24375 0.383854 0.24375 0.404688 0.223828 0.404688
0 0.262109 0.411979 0.287891 0.411979 0.287891 0.438542 0.262109 0.438542
0 0.107812 0.450521 0.123828 0.450521 0.123828 0.469271 0.107812 0.469271
0 0.134766 0.430729 0.160156 0.430729 0.160156 0.451562 0.134766 0.451562
0 0.166016 0.457292 0.186719 0.457292 0.186719 0.483333 0.166016 0.483333
0 0.193359 0.427604 0.216016 0.427604 0.216016 0.451562 0.193359 0.451562
0 0.228125 0.432812 0.248438 0.432812 0.248438 0.457812 0.228125 0.457812
0 0.249609 0.467188 0.264844 0.467188 0.264844 0.489062 0.249609 0.489062
0 0.223438 0.478646 0.244922 0.478646 0.244922 0.50625 0.223438 0.50625
0 0.199219 0.489583 0.219141 0.489583 0.219141 0.520312 0.199219 0.520312
0 0.164453 0.494271 0.183984 0.494271 0.183984 0.520312 0.164453 0.520312
0 0.130078 0.478646 0.15625 0.478646 0.15625 0.499479 0.130078 0.499479
0 0.099609 0.480729 0.121484 0.480729 0.121484 0.50625 0.099609 0.50625
0 0.120312 0.517188 0.141797 0.517188 0.141797 0.534896 0.120312 0.534896
0 0.168359 0.529688 0.190625 0.529688 0.190625 0.551562 0.168359 0.551562
0 0.129297 0.542708 0.150391 0.542708 0.150391 0.576042 0.129297 0.576042
0 0.124219 0.602083 0.15 0.602083 0.15 0.625 0.124219 0.625
0 0.157422 0.582292 0.180859 0.582292 0.180859 0.604167 0.157422 0.604167
0 0.191797 0.611458 0.210156 0.611458 0.210156 0.639062 0.191797 0.639062
0 0.154297 0.635938 0.179688 0.635938 0.179688 0.658333 0.154297 0.658333
0 0.169141 0.679167 0.188672 0.679167 0.188672 0.70625 0.169141 0.70625
0 0.192578 0.7 0.216797 0.7 0.216797 0.724479 0.192578 0.724479
0 0.201953 0.648958 0.226562 0.648958 0.226562 0.672917 0.201953 0.672917
0 0.239453 0.654688 0.260938 0.654688 0.260938 0.676562 0.239453 0.676562
0 0.451953 0.367188 0.470312 0.367188 0.470312 0.390625 0.451953 0.390625
0 0.489453 0.390625 0.509766 0.390625 0.509766 0.422917 0.489453 0.422917
0 0.507812 0.436979 0.528906 0.436979 0.528906 0.466146 0.507812 0.466146
0 0.480859 0.452083 0.505469 0.452083 0.505469 0.476042 0.480859 0.476042
0 0.460156 0.409896 0.478516 0.409896 0.478516 0.4375 0.460156 0.4375
0 0.446094 0.442188 0.464844 0.442188 0.464844 0.466667 0.446094 0.466667
0 0.457812 0.477604 0.475 0.477604 0.475 0.501042 0.457812 0.501042
0 0.486719 0.490104 0.505859 0.490104 0.505859 0.513021 0.486719 0.513021
0 0.442188 0.493229 0.457812 0.493229 0.457812 0.516146 0.442188 0.516146
0 0.402734 0.505729 0.420312 0.505729 0.420312 0.527604 0.402734 0.527604
0 0.373047 0.5 0.388672 0.5 0.388672 0.528125 0.373047 0.528125
0 0.420312 0.453646 0.435938 0.453646 0.435938 0.477083 0.420312 0.477083
0 0.389844 0.440104 0.406641 0.440104 0.406641 0.468229 0.389844 0.468229
0 0.369922 0.442708 0.384375 0.442708 0.384375 0.468229 0.369922 0.468229
0 0.346484 0.426042 0.364844 0.426042 0.364844 0.454688 0.346484 0.454688
0 0.366016 0.397917 0.381641 0.397917 0.381641 0.426562 0.366016 0.426562
0 0.408203 0.407812 0.428516 0.407812 0.428516 0.436458 0.408203 0.436458
0 0.425781 0.38125 0.448047 0.38125 0.448047 0.404167 0.425781 0.404167
0 0.221875 0.530729 0.244531 0.530729 0.244531 0.551562 0.221875 0.551562
0 0.21875 0.576042 0.241406 0.576042 0.241406 0.596354 0.21875 0.596354
0 0.222266 0.61875 0.239844 0.61875 0.239844 0.636458 0.222266 0.636458
0 0.259766 0.692708 0.28125 0.692708 0.28125 0.7125 0.259766 0.7125
0 0.194141 0.846875 0.216016 0.846875 0.216016 0.865625 0.194141 0.865625
0 0.241016 0.832812 0.254688 0.832812 0.254688 0.854167 0.241016 0.854167
0 0.314062 0.504687 0.326172 0.504687 0.326172 0.529688 0.314062 0.529688
0 0.300781 0.541146 0.317188 0.541146 0.317188 0.561979 0.300781 0.561979
0 0.357031 0.552604 0.375 0.552604 0.375 0.580208 0.357031 0.580208
0 0.384375 0.548438 0.401172 0.548438 0.401172 0.565104 0.384375 0.565104
0 0.382031 0.583333 0.4 0.583333 0.4 0.607812 0.382031 0.607812
0 0.415234 0.59375 0.431641 0.59375 0.431641 0.623438 0.415234 0.623438
0 0.431641 0.576042 0.453516 0.576042 0.453516 0.592188 0.431641 0.592188
0 0.465234 0.570833 0.477734 0.570833 0.477734 0.591667 0.465234 0.591667
0 0.440625 0.607292 0.455469 0.607292 0.455469 0.625 0.440625 0.625
0 0.471094 0.635938 0.491016 0.635938 0.491016 0.652083 0.471094 0.652083
0 0.485156 0.588021 0.501172 0.588021 0.501172 0.610417 0.485156 0.610417
0 0.399609 0.641667 0.423438 0.641667 0.423438 0.660938 0.399609 0.660938
0 0.375 0.634896 0.395312 0.634896 0.395312 0.660938 0.375 0.660938
0 0.331641 0.694792 0.349219 0.694792 0.349219 0.721354 0.331641 0.721354
0 0.341406 0.726042 0.361328 0.726042 0.361328 0.75625 0.341406 0.75625
0 0.397266 0.731771 0.423047 0.731771 0.423047 0.754688 0.397266 0.754688
0 0.416016 0.691146 0.440625 0.691146 0.440625 0.716146 0.416016 0.716146
0 0.440625 0.666667 0.457812 0.666667 0.457812 0.692708 0.440625 0.692708
0 0.464453 0.684375 0.483203 0.684375 0.483203 0.703646 0.464453 0.703646
0 0.348438 0.782292 0.365625 0.782292 0.365625 0.808854 0.348438 0.808854
0 0.376953 0.773438 0.395312 0.773438 0.395312 0.805208 0.376953 0.805208
0 0.412109 0.770833 0.433594 0.770833 0.433594 0.794271 0.412109 0.794271
0 0.437109 0.797917 0.452344 0.797917 0.452344 0.824479 0.437109 0.824479
0 0.465625 0.777083 0.480078 0.777083 0.480078 0.807292 0.465625 0.807292
0 0.355469 0.817188 0.380469 0.817188 0.380469 0.840104 0.355469 0.840104
0 0.395703 0.814583 0.420312 0.814583 0.420312 0.836458 0.395703 0.836458
0 0.419531 0.848958 0.435547 0.848958 0.435547 0.869271 0.419531 0.869271
0 0.358984 0.857292 0.377344 0.857292 0.377344 0.888021 0.358984 0.888021
0 0.383594 0.880729 0.404688 0.880729 0.404688 0.917708 0.383594 0.917708
0 0.455469 0.85625 0.472266 0.85625 0.472266 0.889062 0.455469 0.889062
0 0.382422 0.927083 0.401172 0.927083 0.401172 0.94375 0.382422 0.94375
0 0.404688 0.942188 0.421484 0.942188 0.421484 0.970312 0.404688 0.970312
0 0.426172 0.953125 0.446094 0.953125 0.446094 0.976042 0.426172 0.976042
0 0.418359 0.914062 0.442188 0.914062 0.442188 0.936458 0.418359 0.936458
0 0.457422 0.9125 0.480469 0.9125 0.480469 0.935417 0.457422 0.935417
0 0.473438 0.945833 0.498438 0.945833 0.498438 0.969271 0.473438 0.969271
0 0.4625 0.985938 0.475391 0.985938 0.475391 0.999479 0.4625 0.999479
0 0.498047 0.96875 0.515625 0.96875 0.515625 0.999479 0.498047 0.999479
0 0.489453 0.890104 0.505859 0.890104 0.505859 0.916667 0.489453 0.916667
0 0.523438 0.922396 0.541406 0.922396 0.541406 0.954688 0.523438 0.954688
0 0.545312 0.861979 0.560547 0.861979 0.560547 0.891667 0.545312 0.891667
0 0.505859 0.853125 0.521094 0.853125 0.521094 0.879167 0.505859 0.879167
0 0.489453 0.708333 0.511328 0.708333 0.511328 0.750521 0.489453 0.750521
0 0.526953 0.807812 0.54375 0.807812 0.54375 0.835417 0.526953 0.835417
0 0.569531 0.788021 0.585938 0.788021 0.585938 0.81875 0.569531 0.81875
0 0.561719 0.840104 0.578125 0.840104 0.578125 0.860417 0.561719 0.860417
0 0.580078 0.896354 0.597266 0.896354 0.597266 0.916667 0.580078 0.916667
0 0.563672 0.928125 0.577734 0.928125 0.577734 0.955208 0.563672 0.955208
0 0.561328 0.98125 0.576562 0.98125 0.576562 0.999479 0.561328 0.999479
0 0.582422 0.961458 0.597656 0.961458 0.597656 0.9875 0.582422 0.9875
0 0.610156 0.960938 0.629297 0.960938 0.629297 0.99375 0.610156 0.99375
0 0.639844 0.939583 0.654688 0.939583 0.654688 0.964062 0.639844 0.964062
0 0.660156 0.970312 0.676562 0.970312 0.676562 0.993229 0.660156 0.993229
0 0.689453 0.960938 0.708984 0.960938 0.708984 0.980729 0.689453 0.980729
0 0.664844 0.913542 0.683594 0.913542 0.683594 0.947396 0.664844 0.947396
0 0.6375 0.874479 0.654297 0.874479 0.654297 0.902604 0.6375 0.902604
0 0.608984 0.778125 0.619922 0.778125 0.619922 0.809375 0.608984 0.809375
0 0.670703 0.84375 0.6875 0.84375 0.6875 0.866146 0.670703 0.866146
0 0.628125 0.828125 0.647266 0.828125 0.647266 0.851042 0.628125 0.851042
0 0.584766 0.711458 0.598438 0.711458 0.598438 0.741146 0.584766 0.741146
0 0.564453 0.471354 0.585547 0.471354 0.585547 0.496875 0.564453 0.496875
0 0.599219 0.486458 0.617969 0.486458 0.617969 0.509896 0.599219 0.509896
0 0.557812 0.508854 0.574609 0.508854 0.574609 0.534896 0.557812 0.534896
0 0.584766 0.514062 0.602344 0.514062 0.602344 0.544271 0.584766 0.544271
0 0.538672 0.578646 0.553125 0.578646 0.553125 0.598958 0.538672 0.598958
0 0.564062 0.596354 0.578906 0.596354 0.578906 0.625521 0.564062 0.625521
0 0.585547 0.575 0.605078 0.575 0.605078 0.597917 0.585547 0.597917
0 0.513672 0.627083 0.529297 0.627083 0.529297 0.657812 0.513672 0.657812
0 0.526953 0.665104 0.545312 0.665104 0.545312 0.6875 0.526953 0.6875
0 0.562891 0.691146 0.576953 0.691146 0.576953 0.713542 0.562891 0.713542
0 0.543359 0.726042 0.557031 0.726042 0.557031 0.751042 0.543359 0.751042
0 0.563672 0.743229 0.578516 0.743229 0.578516 0.76875 0.563672 0.76875
0 0.621484 0.703646 0.633203 0.703646 0.633203 0.730729 0.621484 0.730729
0 0.590625 0.609375 0.609766 0.609375 0.609766 0.630208 0.590625 0.630208
0 0.625391 0.606771 0.646875 0.606771 0.646875 0.621354 0.625391 0.621354
0 0.639453 0.567708 0.651562 0.567708 0.651562 0.591667 0.639453 0.591667
0 0.556641 0.0 0.573438 0.0 0.573438 0.020833 0.556641 0.020833
0 0.582031 0.002083 0.597656 0.002083 0.597656 0.028646 0.582031 0.028646
0 0.628906 0.0 0.647656 0.0 0.647656 0.020312 0.628906 0.020312
0 0.594141 0.029688 0.607422 0.029688 0.607422 0.054688 0.594141 0.054688
0 0.616016 0.038021 0.633203 0.038021 0.633203 0.0625 0.616016 0.0625
0 0.662109 0.031771 0.677344 0.031771 0.677344 0.059375 0.662109 0.059375
0 0.696484 0.001562 0.715234 0.001562 0.715234 0.029688 0.696484 0.029688
0 0.725 0.01875 0.74375 0.01875 0.74375 0.045833 0.725 0.045833
0 0.742969 0.003646 0.757422 0.003646 0.757422 0.030208 0.742969 0.030208
0 0.774609 0.0 0.787891 0.0 0.787891 0.018229 0.774609 0.018229
0 0.766016 0.031771 0.782812 0.031771 0.782812 0.056771 0.766016 0.056771
0 0.789062 0.066667 0.804297 0.066667 0.804297 0.09375 0.789062 0.09375
0 0.8125 0.082812 0.833594 0.082812 0.833594 0.104688 0.8125 0.104688
0 0.825391 0.125 0.846875 0.125 0.846875 0.15625 0.825391 0.15625
0 0.738672 0.071354 0.760547 0.071354 0.760547 0.103125 0.738672 0.103125
0 0.644531 0.081771 0.6625 0.081771 0.6625 0.117188 0.644531 0.117188
0 0.679688 0.113542 0.702344 0.113542 0.702344 0.135938 0.679688 0.135938
0 0.698828 0.057812 0.717969 0.057812 0.717969 0.081771 0.698828 0.081771
0 0.704297 0.088021 0.721484 0.088021 0.721484 0.107292 0.704297 0.107292
0 0.622266 0.126562 0.634375 0.126562 0.634375 0.154688 0.622266 0.154688
0 0.650391 0.141146 0.661328 0.141146 0.661328 0.167188 0.650391 0.167188
0 0.66875 0.150521 0.679688 0.150521 0.679688 0.173438 0.66875 0.173438
0 0.702734 0.135417 0.720703 0.135417 0.720703 0.164583 0.702734 0.164583
0 0.725 0.155208 0.739453 0.155208 0.739453 0.178646 0.725 0.178646
0 0.777734 0.161979 0.800391 0.161979 0.800391 0.185938 0.777734 0.185938
0 0.817969 0.036979 0.829688 0.036979 0.829688 0.065104 0.817969 0.065104
0 0.843359 0.016667 0.854297 0.016667 0.854297 0.038021 0.843359 0.038021
0 0.867188 0.0 0.887891 0.0 0.887891 0.019792 0.867188 0.019792
0 0.88125 0.042708 0.900781 0.042708 0.900781 0.068229 0.88125 0.068229
0 0.914844 0.059896 0.934766 0.059896 0.934766 0.084896 0.914844 0.084896
0 0.945312 0.046354 0.963672 0.046354 0.963672 0.065625 0.945312 0.065625
0 0.982812 0.058333 0.998047 0.058333 0.998047 0.089062 0.982812 0.089062
0 0.947656 0.0 0.975 0.0 0.975 0.015104 0.947656 0.015104
0 0.88125 0.129688 0.905859 0.129688 0.905859 0.149479 0.88125 0.149479
0 0.901562 0.095833 0.921484 0.095833 0.921484 0.116667 0.901562 0.116667
0 0.926172 0.123958 0.946094 0.123958 0.946094 0.144271 0.926172 0.144271
0 0.946875 0.104688 0.967969 0.104688 0.967969 0.126562 0.946875 0.126562
0 0.910156 0.178646 0.926953 0.178646 0.926953 0.199479 0.910156 0.199479
0 0.932031 0.164062 0.957031 0.164062 0.957031 0.188021 0.932031 0.188021
0 0.930859 0.202083 0.950781 0.202083 0.950781 0.224479 0.930859 0.224479
0 0.968359 0.190104 0.989062 0.190104 0.989062 0.215104 0.968359 0.215104
0 0.713672 0.192188 0.737109 0.192188 0.737109 0.218229 0.713672 0.218229
0 0.757422 0.200521 0.778906 0.200521 0.778906 0.223438 0.757422 0.223438
0 0.787109 0.210417 0.808203 0.210417 0.808203 0.233333 0.787109 0.233333
0 0.700391 0.227083 0.721875 0.227083 0.721875 0.244792 0.700391 0.244792
0 0.741406 0.233333 0.758594 0.233333 0.758594 0.253125 0.741406 0.253125
0 0.755078 0.259896 0.776953 0.259896 0.776953 0.28125 0.755078 0.28125
0 0.729688 0.293229 0.746875 0.293229 0.746875 0.327083 0.729688 0.327083
0 0.759375 0.307812 0.782031 0.307812 0.782031 0.331771 0.759375 0.331771
0 0.807422 0.269271 0.826172 0.269271 0.826172 0.297917 0.807422 0.297917
0 0.830469 0.291146 0.845312 0.291146 0.845312 0.316667 0.830469 0.316667
0 0.856641 0.258333 0.88125 0.258333 0.88125 0.284375 0.856641 0.284375
0 0.869922 0.301042 0.890625 0.301042 0.890625 0.327604 0.869922 0.327604
0 0.889453 0.352604 0.907422 0.352604 0.907422 0.373958 0.889453 0.373958
0 0.838281 0.341667 0.857812 0.341667 0.857812 0.369271 0.838281 0.369271
0 0.805469 0.346875 0.827734 0.346875 0.827734 0.371875 0.805469 0.371875
0 0.777344 0.353646 0.794141 0.353646 0.794141 0.382292 0.777344 0.382292
0 0.742578 0.349479 0.764453 0.349479 0.764453 0.375 0.742578 0.375
0 0.700781 0.319792 0.719922 0.319792 0.719922 0.347917 0.700781 0.347917
0 0.715234 0.359375 0.729688 0.359375 0.729688 0.393229 0.715234 0.393229
0 0.729297 0.40625 0.745703 0.40625 0.745703 0.435417 0.729297 0.435417
0 0.755078 0.390625 0.777344 0.390625 0.777344 0.413021 0.755078 0.413021
0 0.795703 0.401042 0.81875 0.401042 0.81875 0.423958 0.795703 0.423958
0 0.823828 0.38125 0.840234 0.38125 0.840234 0.401562 0.823828 0.401562
0 0.609766 0.455729 0.632422 0.455729 0.632422 0.484375 0.609766 0.484375
0 0.903516 0.265625 0.922266 0.265625 0.922266 0.294271 0.903516 0.294271
0 0.915234 0.328646 0.930859 0.328646 0.930859 0.357292 0.915234 0.357292
0 0.934375 0.361458 0.958594 0.361458 0.958594 0.391146 0.934375 0.391146
0 0.967188 0.367188 0.9875 0.367188 0.9875 0.393229 0.967188 0.393229
0 0.894531 0.379688 0.916406 0.379688 0.916406 0.402604 0.894531 0.402604
0 0.937891 0.411979 0.958984 0.411979 0.958984 0.434896 0.937891 0.434896
0 0.978516 0.403646 0.997656 0.403646 0.997656 0.428125 0.978516 0.428125
0 0.729688 0.452083 0.742578 0.452083 0.742578 0.475521 0.729688 0.475521
0 0.7625 0.438542 0.776953 0.438542 0.776953 0.469792 0.7625 0.469792
0 0.808203 0.460938 0.833594 0.460938 0.833594 0.491667 0.808203 0.491667
0 0.849609 0.442708 0.869922 0.442708 0.869922 0.465104 0.849609 0.465104
0 0.882422 0.459896 0.898047 0.459896 0.898047 0.485417 0.882422 0.485417
0 0.920703 0.445312 0.938281 0.445312 0.938281 0.470312 0.920703 0.470312
0 0.948828 0.470833 0.966406 0.470833 0.966406 0.502083 0.948828 0.502083
0 0.971875 0.5 0.992578 0.5 0.992578 0.528646 0.971875 0.528646
0 0.664453 0.523438 0.680078 0.523438 0.680078 0.548438 0.664453 0.548438
0 0.771094 0.493229 0.792188 0.493229 0.792188 0.515104 0.771094 0.515104
0 0.776562 0.520312 0.798438 0.520312 0.798438 0.547917 0.776562 0.547917
0 0.792969 0.577604 0.807422 0.577604 0.807422 0.598958 0.792969 0.598958
0 0.814844 0.597917 0.833203 0.597917 0.833203 0.620833 0.814844 0.620833
0 0.816797 0.55 0.834766 0.55 0.834766 0.570312 0.816797 0.570312
0 0.828516 0.516667 0.848438 0.516667 0.848438 0.542708 0.828516 0.542708
0 0.859375 0.489583 0.879688 0.489583 0.879688 0.514062 0.859375 0.514062
0 0.914062 0.527083 0.941406 0.527083 0.941406 0.555729 0.914062 0.555729
0 0.978906 0.553125 0.996875 0.553125 0.996875 0.575521 0.978906 0.575521
0 0.916797 0.570312 0.933203 0.570312 0.933203 0.590625 0.916797 0.590625
0 0.889453 0.566667 0.905469 0.566667 0.905469 0.596354 0.889453 0.596354
0 0.871094 0.55625 0.889453 0.55625 0.889453 0.583333 0.871094 0.583333
0 0.846094 0.563021 0.864844 0.563021 0.864844 0.590625 0.846094 0.590625
0 0.921875 0.608333 0.938281 0.608333 0.938281 0.6375 0.921875 0.6375
0 0.958594 0.589062 0.975391 0.589062 0.975391 0.61875 0.958594 0.61875
0 0.966797 0.634896 0.985938 0.634896 0.985938 0.660417 0.966797 0.660417
0 0.983594 0.702604 0.999609 0.702604 0.999609 0.723438 0.983594 0.723438
0 0.925 0.692708 0.943359 0.692708 0.943359 0.711979 0.925 0.711979
0 0.876172 0.694792 0.892969 0.694792 0.892969 0.716667 0.876172 0.716667
0 0.841406 0.675521 0.860156 0.675521 0.860156 0.695833 0.841406 0.695833
0 0.837891 0.715104 0.859766 0.715104 0.859766 0.734896 0.837891 0.734896
0 0.867969 0.731771 0.888281 0.731771 0.888281 0.752604 0.867969 0.752604
0 0.906641 0.723958 0.925781 0.723958 0.925781 0.746875 0.906641 0.746875
0 0.936328 0.741146 0.952734 0.741146 0.952734 0.773958 0.936328 0.773958
0 0.968359 0.74375 0.986328 0.74375 0.986328 0.770833 0.968359 0.770833
0 0.885547 0.766146 0.902344 0.766146 0.902344 0.797917 0.885547 0.797917
0 0.907812 0.771354 0.925 0.771354 0.925 0.798958 0.907812 0.798958
0 0.913672 0.807292 0.936328 0.807292 0.936328 0.83125 0.913672 0.83125
0 0.965234 0.794792 0.980859 0.794792 0.980859 0.817708 0.965234 0.817708
0 0.963672 0.8375 0.986719 0.8375 0.986719 0.858333 0.963672 0.858333
0 0.940625 0.860417 0.961719 0.860417 0.961719 0.888021 0.940625 0.888021
0 0.676562 0.713542 0.691797 0.713542 0.691797 0.7375 0.676562 0.7375
0 0.703906 0.742708 0.717578 0.742708 0.717578 0.768229 0.703906 0.768229
0 0.725781 0.733333 0.738672 0.733333 0.738672 0.75625 0.725781 0.75625
0 0.677734 0.769792 0.691797 0.769792 0.691797 0.796354 0.677734 0.796354
0 0.711719 0.783854 0.725781 0.783854 0.725781 0.801562 0.711719 0.801562
0 0.724219 0.810417 0.742578 0.810417 0.742578 0.832812 0.724219 0.832812
0 0.686328 0.810417 0.707031 0.810417 0.707031 0.833333 0.686328 0.833333
0 0.721875 0.851042 0.742578 0.851042 0.742578 0.869792 0.721875 0.869792
0 0.698047 0.874479 0.715234 0.874479 0.715234 0.890104 0.698047 0.890104
0 0.725391 0.894271 0.739844 0.894271 0.739844 0.917708 0.725391 0.917708
0 0.698047 0.908854 0.711328 0.908854 0.711328 0.928646 0.698047 0.928646
0 0.784766 0.692188 0.798438 0.692188 0.798438 0.720833 0.784766 0.720833
0 0.805469 0.680729 0.822266 0.680729 0.822266 0.709896 0.805469 0.709896
0 0.812109 0.736979 0.830859 0.736979 0.830859 0.7625 0.812109 0.7625
0 0.798438 0.779167 0.811719 0.779167 0.811719 0.804688 0.798438 0.804688
0 0.824219 0.780208 0.841406 0.780208 0.841406 0.813021 0.824219 0.813021
0 0.851172 0.774479 0.873828 0.774479 0.873828 0.795833 0.851172 0.795833
0 0.836719 0.821354 0.851172 0.821354 0.851172 0.855729 0.836719 0.855729
0 0.803516 0.815625 0.819922 0.815625 0.819922 0.847917 0.803516 0.847917
0 0.972266 0.980208 0.990234 0.980208 0.990234 0.996875 0.972266 0.996875
0 0.932422 0.9875 0.954297 0.9875 0.954297 0.999479 0.932422 0.999479
0 0.921875 0.938021 0.938281 0.938021 0.938281 0.959896 0.921875 0.959896
0 0.954297 0.920312 0.972266 0.920312 0.972266 0.944792 0.954297 0.944792
0 0.975781 0.888542 0.992188 0.888542 0.992188 0.916667 0.975781 0.916667
0 0.923047 0.903646 0.938281 0.903646 0.938281 0.928125 0.923047 0.928125
0 0.880859 0.940625 0.897266 0.940625 0.897266 0.967708 0.880859 0.967708
0 0.866406 0.885938 0.884375 0.885938 0.884375 0.915625 0.866406 0.915625
0 0.902734 0.891667 0.921094 0.891667 0.921094 0.919271 0.902734 0.919271
0 0.891797 0.859896 0.909766 0.859896 0.909766 0.885938 0.891797 0.885938
0 0.839062 0.886458 0.854688 0.886458 0.854688 0.909375 0.839062 0.909375