0 0.083594 0.096875 0.101562 0.096875 0.101562 0.119271 0.083594 0.119271
0 0.104297 0.077604 0.126562 0.077604 0.126562 0.095833 0.104297 0.095833
0 0.132422 0.067708 0.154688 0.067708 0.154688 0.086979 0.132422 0.086979
0 0.194141 0.078646 0.216797 0.078646 0.216797 0.101562 0.194141 0.101562
0 0.228516 0.061458 0.248828 0.061458 0.248828 0.085938 0.228516 0.085938
0 0.261719 0.075 0.278516 0.075 0.278516 0.107812 0.261719 0.107812
0 0.232031 0.103125 0.247656 0.103125 0.247656 0.129167 0.232031 0.129167
0 0.203516 0.111458 0.224609 0.111458 0.224609 0.141667 0.203516 0.141667
0 0.170312 0.120312 0.185938 0.120312 0.185938 0.141146 0.170312 0.141146
0 0.140234 0.121875 0.158594 0.121875 0.158594 0.140104 0.140234 0.140104
0 0.147656 0.143229 0.169922 0.143229 0.169922 0.166146 0.147656 0.166146
0 0.116016 0.104167 0.138672 0.104167 0.138672 0.124479 0.116016 0.124479
0 0.045703 0.135417 0.064062 0.135417 0.064062 0.157292 0.045703 0.157292
0 0.036328 0.176562 0.053125 0.176562 0.053125 0.205208 0.036328 0.205208
0 0.082812 0.198438 0.101953 0.198438 0.101953 0.220833 0.082812 0.220833
0 0.105859 0.160417 0.126953 0.160417 0.126953 0.182812 0.105859 0.182812
0 0.129297 0.199479 0.14375 0.199479 0.14375 0.223958 0.129297 0.223958
0 0.160547 0.1875 0.180859 0.1875 0.180859 0.214583 0.160547 0.214583
0 0.198438 0.164062 0.217188 0.164062 0.217188 0.19375 0.198438 0.19375
0 0.201172 0.211458 0.217969 0.211458 0.217969 0.231771 0.201172 0.231771
0 0.164062 0.253125 0.1875 0.253125 0.1875 0.272917 0.164062 0.272917
0 0.204688 0.248958 0.226953 0.248958 0.226953 0.270312 0.204688 0.270312
0 0.216016 0.228125 0.232422 0.228125 0.232422 0.244792 0.216016 0.244792
0 0.246094 0.222917 0.267969 0.222917 0.267969 0.247917 0.246094 0.247917
0 0.251563 0.168229 0.26875 0.168229 0.26875 0.195312 0.251563 0.195312
0 0.242578 0.276042 0.263281 0.276042 0.263281 0.296875 0.242578 0.296875
0 0.286328 0.250521 0.305078 0.250521 0.305078 0.271354 0.286328 0.271354
0 0.289062 0.203646 0.305469 0.203646 0.305469 0.221354 0.289062 0.221354
0 0.271094 0.141667 0.294141 0.141667 0.294141 0.161979 0.271094 0.161979
0 0.388281 0.017708 0.409766 0.017708 0.409766 0.046354 0.388281 0.046354
0 0.403516 0.063542 0.419531 0.063542 0.419531 0.088021 0.403516 0.088021
0 0.390625 0.086458 0.405078 0.086458 0.405078 0.108333 0.390625 0.108333
0 0.360156 0.050521 0.375781 0.050521 0.375781 0.083333 0.360156 0.083333
0 0.357031 0.002604 0.375 0.002604 0.375 0.021875 0.357031 0.021875
0 0.419922 0.019271 0.438281 0.019271 0.438281 0.040625 0.419922 0.040625
0 0.442578 0.057812 0.460547 0.057812 0.460547 0.090104 0.442578 0.090104
0 0.417578 0.121354 0.434375 0.121354 0.434375 0.149479 0.417578 0.149479
0 0.315234 0.174479 0.338281 0.174479 0.338281 0.2 0.315234 0.2
0 0.332812 0.210938 0.353125 0.210938 0.353125 0.235417 0.332812 0.235417
0 0.367188 0.204688 0.382422 0.204688 0.382422 0.230729 0.367188 0.230729
0 0.469922 0.018229 0.487109 0.018229 0.487109 0.05 0.469922 0.05
0 0.519141 0.052604 0.537109 0.052604 0.537109 0.073438 0.519141 0.073438
0 0.483984 0.073958 0.505078 0.073958 0.505078 0.095833 0.483984 0.095833
0 0.512891 0.088021 0.532031 0.088021 0.532031 0.111979 0.512891 0.111979
0 0.539844 0.06875 0.55625 0.06875 0.55625 0.097917 0.539844 0.097917
0 0.539062 0.108854 0.55625 0.108854 0.55625 0.136979 0.539062 0.136979
0 0.503125 0.124479 0.525391 0.124479 0.525391 0.15 0.503125 0.15
0 0.480078 0.110417 0.498828 0.110417 0.498828 0.135417 0.480078 0.135417
0 0.463281 0.079688 0.479688 0.079688 0.479688 0.108333 0.463281 0.108333
0 0.521875 0.169792 0.539062 0.169792 0.539062 0.194792 0.521875 0.194792
0 0.590234 0.091146 0.605469 0.091146 0.605469 0.122917 0.590234 0.122917
0 0.48125 0.174479 0.501172 0.174479 0.501172 0.196875 0.48125 0.196875
0 0.556641 0.021875 0.575 0.021875 0.575 0.04375 0.556641 0.04375
0 0.596094 0.035938 0.6125 0.035938 0.6125 0.061979 0.596094 0.061979
0 0.630469 0.047917 0.645312 0.047917 0.645312 0.071875 0.630469 0.071875
0 0.672656 0.052083 0.691016 0.052083 0.691016 0.084375 0.672656 0.084375
0 0.648438 0.094271 0.664062 0.094271 0.664062 0.121875 0.648438 0.121875
0 0.6125 0.076042 0.630469 0.076042 0.630469 0.098438 0.6125 0.098438
0 0.624219 0.109896 0.641016 0.109896 0.641016 0.134896 0.624219 0.134896
0 0.760547 0.0375 0.778125 0.0375 0.778125 0.070312 0.760547 0.070312
0 0.726562 0.05 0.742969 0.05 0.742969 0.080208 0.726562 0.080208
0 0.719922 0.122917 0.731641 0.122917 0.731641 0.152604 0.719922 0.152604
0 0.766406 0.138542 0.775781 0.138542 0.775781 0.158854 0.766406 0.158854
0 0.788672 0.120833 0.804297 0.120833 0.804297 0.153646 0.788672 0.153646
0 0.817969 0.132812 0.833594 0.132812 0.833594 0.147917 0.817969 0.147917
0 0.860938 0.116146 0.877344 0.116146 0.877344 0.142708 0.860938 0.142708
0 0.814844 0.086979 0.832031 0.086979 0.832031 0.111979 0.814844 0.111979
0 0.808203 0.042188 0.824219 0.042188 0.824219 0.070312 0.808203 0.070312
0 0.844141 0.044271 0.864453 0.044271 0.864453 0.064583 0.844141 0.064583
0 0.861328 0.076562 0.877344 0.076562 0.877344 0.105729 0.861328 0.105729
0 0.8875 0.182292 0.905859 0.182292 0.905859 0.213542 0.8875 0.213542
0 0.898047 0.240104 0.913281 0.240104 0.913281 0.269792 0.898047 0.269792
0 0.846875 0.202604 0.862109 0.202604 0.862109 0.228646 0.846875 0.228646
0 0.850391 0.268229 0.871094 0.268229 0.871094 0.285938 0.850391 0.285938
0 0.857812 0.165625 0.880078 0.165625 0.880078 0.186458 0.857812 0.186458
0 0.825781 0.158333 0.841797 0.158333 0.841797 0.185417 0.825781 0.185417
0 0.823438 0.230729 0.840234 0.230729 0.840234 0.254688 0.823438 0.254688
0 0.8125 0.197917 0.825 0.197917 0.825 0.220833 0.8125 0.220833
0 0.791016 0.172917 0.804688 0.172917 0.804688 0.195833 0.791016 0.195833
0 0.780078 0.255208 0.794531 0.255208 0.794531 0.288021 0.780078 0.288021
0 0.869531 0.361979 0.891406 0.361979 0.891406 0.384375 0.869531 0.384375
0 0.876953 0.323438 0.891016 0.323438 0.891016 0.347396 0.876953 0.347396
0 0.80625 0.304167 0.822656 0.304167 0.822656 0.325521 0.80625 0.325521
0 0.824219 0.338542 0.836719 0.338542 0.836719 0.365625 0.824219 0.365625
0 0.95 0.472917 0.965625 0.472917 0.965625 0.498958 0.95 0.498958
0 0.978906 0.504687 0.996875 0.504687 0.996875 0.522917 0.978906 0.522917
0 0.929297 0.524479 0.951172 0.524479 0.951172 0.542708 0.929297 0.542708
0 0.780859 0.402083 0.798828 0.402083 0.798828 0.428646 0.780859 0.428646
0 0.752344 0.394792 0.771484 0.394792 0.771484 0.428125 0.752344 0.428125
0 0.858984 0.524479 0.875 0.524479 0.875 0.550521 0.858984 0.550521
0 0.804688 0.545312 0.826172 0.545312 0.826172 0.569271 0.804688 0.569271
0 0.833594 0.575 0.850391 0.575 0.850391 0.60625 0.833594 0.60625
0 0.858984 0.591146 0.874609 0.591146 0.874609 0.617188 0.858984 0.617188
0 0.892969 0.582292 0.908203 0.582292 0.908203 0.613021 0.892969 0.613021
0 0.913672 0.561458 0.933594 0.561458 0.933594 0.585417 0.913672 0.585417
0 0.931641 0.592188 0.950391 0.592188 0.950391 0.615625 0.931641 0.615625
0 0.954688 0.620312 0.969922 0.620312 0.969922 0.646875 0.954688 0.646875
0 0.896875 0.628646 0.914453 0.628646 0.914453 0.653646 0.896875 0.653646
0 0.804688 0.594792 0.824219 0.594792 0.824219 0.625521 0.804688 0.625521
0 0.839453 0.635417 0.853516 0.635417 0.853516 0.659375 0.839453 0.659375
0 0.967969 0.739583 0.984375 0.739583 0.984375 0.766146 0.967969 0.766146
0 0.978906 0.699479 0.998828 0.699479 0.998828 0.728125 0.978906 0.728125
0 0.975 0.642708 0.992969 0.642708 0.992969 0.666146 0.975 0.666146
0 0.916797 0.651562 0.930469 0.651562 0.930469 0.677604 0.916797 0.677604
0 0.892188 0.694792 0.907812 0.694792 0.907812 0.720833 0.892188 0.720833
0 0.897656 0.734375 0.918359 0.734375 0.918359 0.755729 0.897656 0.755729
0 0.921094 0.780729 0.942188 0.780729 0.942188 0.806771 0.921094 0.806771
0 0.946484 0.788021 0.964844 0.788021 0.964844 0.810938 0.946484 0.810938
0 0.932812 0.71875 0.954297 0.71875 0.954297 0.739062 0.932812 0.739062
0 0.909375 0.858333 0.935547 0.858333 0.935547 0.880208 0.909375 0.880208
0 0.893359 0.826562 0.910156 0.826562 0.910156 0.85625 0.893359 0.85625
0 0.864844 0.811458 0.882422 0.811458 0.882422 0.835417 0.864844 0.835417
0 0.880859 0.792708 0.898047 0.792708 0.898047 0.81875 0.880859 0.81875
0 0.848047 0.7625 0.871484 0.7625 0.871484 0.784375 0.848047 0.784375
0 0.813281 0.774479 0.834375 0.774479 0.834375 0.795312 0.813281 0.795312
0 0.799609 0.809375 0.815234 0.809375 0.815234 0.833854 0.799609 0.833854
0 0.813672 0.829688 0.832812 0.829688 0.832812 0.855208 0.813672 0.855208
0 0.834375 0.869792 0.851953 0.869792 0.851953 0.892708 0.834375 0.892708
0 0.660547 0.853125 0.677344 0.853125 0.677344 0.882292 0.660547 0.882292
0 0.689453 0.834896 0.711328 0.834896 0.711328 0.858333 0.689453 0.858333
0 0.700781 0.869271 0.723828 0.869271 0.723828 0.889583 0.700781 0.889583
0 0.712109 0.813021 0.728906 0.813021 0.728906 0.833854 0.712109 0.833854
0 0.626953 0.815104 0.647266 0.815104 0.647266 0.839583 0.626953 0.839583
0 0.614453 0.846354 0.631641 0.846354 0.631641 0.876042 0.614453 0.876042
0 0.738281 0.873958 0.757812 0.873958 0.757812 0.890625 0.738281 0.890625
0 0.701562 0.915104 0.71875 0.915104 0.71875 0.941146 0.701562 0.941146
0 0.684375 0.909896 0.696484 0.909896 0.696484 0.932812 0.684375 0.932812
0 0.661719 0.932812 0.678516 0.932812 0.678516 0.954688 0.661719 0.954688
0 0.652734 0.965625 0.672656 0.965625 0.672656 0.989062 0.652734 0.989062
0 0.633203 0.903646 0.646484 0.903646 0.646484 0.928125 0.633203 0.928125
0 0.620312 0.971354 0.643359 0.971354 0.643359 0.997917 0.620312 0.997917
0 0.758203 0.740104 0.776172 0.740104 0.776172 0.765104 0.758203 0.765104
0 0.773438 0.776042 0.795703 0.776042 0.795703 0.797917 0.773438 0.797917
0 0.722266 0.784375 0.738672 0.784375 0.738672 0.804688 0.722266 0.804688
0 0.711719 0.757292 0.728125 0.757292 0.728125 0.780208 0.711719 0.780208
0 0.69375 0.753125 0.710156 0.753125 0.710156 0.777604 0.69375 0.777604
0 0.671875 0.729167 0.692578 0.729167 0.692578 0.755729 0.671875 0.755729
0 0.796484 0.74375 0.812891 0.74375 0.812891 0.770833 0.796484 0.770833
0 0.612109 0.748958 0.628125 0.748958 0.628125 0.778646 0.612109 0.778646
0 0.626953 0.775521 0.649609 0.775521 0.649609 0.799479 0.626953 0.799479
0 0.65625 0.763542 0.673047 0.763542 0.673047 0.798438 0.65625 0.798438
0 0.602734 0.785417 0.617969 0.785417 0.617969 0.815104 0.602734 0.815104
0 0.576172 0.794792 0.592969 0.794792 0.592969 0.821875 0.576172 0.821875
0 0.562891 0.757812 0.579688 0.757812 0.579688 0.784375 0.562891 0.784375
0 0.559375 0.705208 0.575391 0.705208 0.575391 0.735417 0.559375 0.735417
0 0.575 0.680208 0.591406 0.680208 0.591406 0.706771 0.575 0.706771
0 0.60625 0.689583 0.621484 0.689583 0.621484 0.722396 0.60625 0.722396
0 0.637891 0.695833 0.654688 0.695833 0.654688 0.721875 0.637891 0.721875
0 0.738281 0.594271 0.756641 0.594271 0.756641 0.615625 0.738281 0.615625
0 0.773047 0.608333 0.791016 0.608333 0.791016 0.635417 0.773047 0.635417
0 0.778516 0.673958 0.799609 0.673958 0.799609 0.702083 0.778516 0.702083
0 0.761719 0.698438 0.776953 0.698438 0.776953 0.71875 0.761719 0.71875
0 0.850391 0.679688 0.866406 0.679688 0.866406 0.708333 0.850391 0.708333
0 0.828125 0.690104 0.847656 0.690104 0.847656 0.711979 0.828125 0.711979
0 0.688281 0.304167 0.707422 0.304167 0.707422 0.329688 0.688281 0.329688
0 0.655469 0.317188 0.672266 0.317188 0.672266 0.339583 0.655469 0.339583
0 0.636328 0.329688 0.650781 0.329688 0.650781 0.358333 0.636328 0.358333
0 0.599609 0.305208 0.616797 0.305208 0.616797 0.328646 0.599609 0.328646
0 0.589844 0.3375 0.607422 0.3375 0.607422 0.359375 0.589844 0.359375
0 0.59375 0.368229 0.6125 0.368229 0.6125 0.393229 0.59375 0.393229
0 0.613281 0.375 0.629688 0.375 0.629688 0.405208 0.613281 0.405208
0 0.648047 0.376042 0.665625 0.376042 0.665625 0.405208 0.648047 0.405208
0 0.670312 0.352604 0.686719 0.352604 0.686719 0.378646 0.670312 0.378646
0 0.702344 0.361979 0.716406 0.361979 0.716406 0.386979 0.702344 0.386979
0 0.724219 0.344792 0.740234 0.344792 0.740234 0.370833 0.724219 0.370833
0 0.748047 0.291667 0.766016 0.291667 0.766016 0.313021 0.748047 0.313021
0 0.719922 0.257292 0.744531 0.257292 0.744531 0.279688 0.719922 0.279688
0 0.574609 0.288542 0.594922 0.288542 0.594922 0.310417 0.574609 0.310417
0 0.562109 0.331771 0.583203 0.331771 0.583203 0.354688 0.562109 0.354688
0 0.728516 0.484375 0.747266 0.484375 0.747266 0.509896 0.728516 0.509896
0 0.709375 0.505729 0.725391 0.505729 0.725391 0.526562 0.709375 0.526562
0 0.717578 0.428646 0.734375 0.428646 0.734375 0.459375 0.717578 0.459375
0 0.698828 0.427083 0.714844 0.427083 0.714844 0.458333 0.698828 0.458333
0 0.669141 0.427083 0.687109 0.427083 0.687109 0.452604 0.669141 0.452604
0 0.665625 0.467188 0.685547 0.467188 0.685547 0.488021 0.665625 0.488021
0 0.632812 0.475521 0.651562 0.475521 0.651562 0.502083 0.632812 0.502083
0 0.660547 0.519271 0.683594 0.519271 0.683594 0.538542 0.660547 0.538542
0 0.475781 0.434896 0.496094 0.434896 0.496094 0.460417 0.475781 0.460417
0 0.585938 0.410417 0.604688 0.410417 0.604688 0.438542 0.585938 0.438542
0 0.627734 0.428125 0.64375 0.428125 0.64375 0.452083 0.627734 0.452083
0 0.463672 0.482812 0.485547 0.482812 0.485547 0.506771 0.463672 0.506771
0 0.508203 0.518229 0.527344 0.518229 0.527344 0.539062 0.508203 0.539062
0 0.473047 0.530208 0.49375 0.530208 0.49375 0.548438 0.473047 0.548438
0 0.460156 0.388542 0.483594 0.388542 0.483594 0.410417 0.460156 0.410417
0 0.546484 0.373438 0.564062 0.373438 0.564062 0.399479 0.546484 0.399479
0 0.529688 0.317708 0.546484 0.317708 0.546484 0.339583 0.529688 0.339583
0 0.398828 0.332292 0.419531 0.332292 0.419531 0.355208 0.398828 0.355208
0 0.413672 0.390625 0.439453 0.390625 0.439453 0.413021 0.413672 0.413021
0 0.416797 0.466667 0.434766 0.466667 0.434766 0.497917 0.416797 0.497917
0 0.439453 0.507812 0.457812 0.507812 0.457812 0.529688 0.439453 0.529688
0 0.44375 0.545833 0.469141 0.545833 0.469141 0.567708 0.44375 0.567708
0 0.492578 0.569792 0.516406 0.569792 0.516406 0.592188 0.492578 0.592188
0 0.507031 0.482812 0.523828 0.482812 0.523828 0.502604 0.507031 0.502604
0 0.536328 0.545833 0.553125 0.545833 0.553125 0.569271 0.536328 0.569271
0 0.717969 0.193229 0.734375 0.193229 0.734375 0.219271 0.717969 0.219271
0 0.679297 0.146354 0.696484 0.146354 0.696484 0.171875 0.679297 0.171875
0 0.647266 0.141667 0.665625 0.141667 0.665625 0.163542 0.647266 0.163542
0 0.675391 0.180729 0.692188 0.180729 0.692188 0.2 0.675391 0.2
0 0.637891 0.174479 0.65625 0.174479 0.65625 0.194271 0.637891 0.194271
0 0.532031 0.215104 0.556641 0.215104 0.556641 0.236458 0.532031 0.236458
0 0.555078 0.257812 0.575781 0.257812 0.575781 0.278646 0.555078 0.278646
0 0.196484 0.308854 0.215234 0.308854 0.215234 0.332292 0.196484 0.332292
0 0.226953 0.315625 0.245703 0.315625 0.245703 0.335417 0.226953 0.335417
0 0.268359 0.314583 0.285156 0.314583 0.285156 0.3375 0.268359 0.3375
0 0.284766 0.298438 0.301172 0.298438 0.301172 0.325521 0.284766 0.325521
0 0.236719 0.363021 0.258594 0.363021 0.258594 0.385938 0.236719 0.385938
0 0.274609 0.382812 0.293359 0.382812 0.293359 0.404167 0.274609 0.404167
0 0.214453 0.375 0.232031 0.375 0.232031 0.397917 0.214453 0.397917
0 0.235547 0.395833 0.255859 0.395833 0.255859 0.413021 0.235547 0.413021
0 0.179688 0.371354 0.205469 0.371354 0.205469 0.391667 0.179688 0.391667
0 0.159375 0.311458 0.180078 0.311458 0.180078 0.330729 0.159375 0.330729
0 0.138672 0.33125 0.155469 0.33125 0.155469 0.356771 0.138672 0.356771
0 0.305469 0.280208 0.326953 0.280208 0.326953 0.302604 0.305469 0.302604
0 0.387109 0.305729 0.403516 0.305729 0.403516 0.326042 0.387109 0.326042
0 0.374219 0.458333 0.390625 0.458333 0.390625 0.479167 0.374219 0.479167
0 0.396094 0.475 0.411719 0.475 0.411719 0.496354 0.396094 0.496354
0 0.396094 0.501562 0.416406 0.501562 0.416406 0.519271 0.396094 0.519271
0 0.357031 0.54375 0.382031 0.54375 0.382031 0.567708 0.357031 0.567708
0 0.398828 0.533333 0.422266 0.533333 0.422266 0.552083 0.398828 0.552083
0 0.411328 0.553646 0.43125 0.553646 0.43125 0.574479 0.411328 0.574479
0 0.397266 0.591667 0.420703 0.591667 0.420703 0.613021 0.397266 0.613021
0 0.440234 0.595312 0.461719 0.595312 0.461719 0.620312 0.440234 0.620312
0 0.421875 0.626042 0.440234 0.626042 0.440234 0.656771 0.421875 0.656771
0 0.389453 0.6375 0.410938 0.6375 0.410938 0.6625 0.389453 0.6625
0 0.366797 0.638542 0.381641 0.638542 0.381641 0.665625 0.366797 0.665625
0 0.380859 0.667708 0.398047 0.667708 0.398047 0.690104 0.380859 0.690104
0 0.394141 0.688021 0.410938 0.688021 0.410938 0.708333 0.394141 0.708333
0 0.349609 0.674479 0.371875 0.674479 0.371875 0.697917 0.349609 0.697917
0 0.450781 0.676042 0.469531 0.676042 0.469531 0.696875 0.450781 0.696875
0 0.550391 0.419271 0.563281 0.419271 0.563281 0.442188 0.550391 0.442188
0 0.490234 0.601562 0.512109 0.601562 0.512109 0.621875 0.490234 0.621875
0 0.540234 0.729688 0.559375 0.729688 0.559375 0.753646 0.540234 0.753646
0 0.531641 0.761979 0.548438 0.761979 0.548438 0.785417 0.531641 0.785417
0 0.414844 0.922917 0.433203 0.922917 0.433203 0.953125 0.414844 0.953125
0 0.453125 0.935417 0.471875 0.935417 0.471875 0.955208 0.453125 0.955208
0 0.446875 0.885417 0.461719 0.885417 0.461719 0.915104 0.446875 0.915104
0 0.458203 0.854167 0.475 0.854167 0.475 0.880208 0.458203 0.880208
0 0.480078 0.866146 0.496094 0.866146 0.496094 0.895312 0.480078 0.895312
0 0.426953 0.850521 0.44375 0.850521 0.44375 0.882292 0.426953 0.882292
0 0.402344 0.866146 0.420312 0.866146 0.420312 0.898438 0.402344 0.898438
0 0.479297 0.973438 0.496875 0.973438 0.496875 0.996354 0.479297 0.996354
0 0.448047 0.972396 0.464844 0.972396 0.464844 0.998958 0.448047 0.998958
0 0.498438 0.935417 0.514062 0.935417 0.514062 0.963542 0.498438 0.963542
0 0.614844 0.892188 0.628125 0.892188 0.628125 0.921875 0.614844 0.921875
0 0.584375 0.849479 0.597656 0.849479 0.597656 0.875 0.584375 0.875
0 0.566797 0.8375 0.582031 0.8375 0.582031 0.860417 0.566797 0.860417
0 0.545312 0.8 0.560156 0.8 0.560156 0.822396 0.545312 0.822396
0 0.339062 0.86875 0.358203 0.86875 0.358203 0.902083 0.339062 0.902083
0 0.31875 0.828646 0.338281 0.828646 0.338281 0.851042 0.31875 0.851042
0 0.342969 0.801042 0.359766 0.801042 0.359766 0.829167 0.342969 0.829167
0 0.38125 0.851562 0.402344 0.851562 0.402344 0.870312 0.38125 0.870312
0 0.326953 0.785417 0.341797 0.785417 0.341797 0.810938 0.326953 0.810938
0 0.298438 0.786458 0.313672 0.786458 0.313672 0.814583 0.298438 0.814583
0 0.283984 0.830208 0.304297 0.830208 0.304297 0.851042 0.283984 0.851042
0 0.319141 0.758854 0.336328 0.758854 0.336328 0.778125 0.319141 0.778125
0 0.289062 0.751562 0.302344 0.751562 0.302344 0.774479 0.289062 0.774479
0 0.301953 0.932292 0.317969 0.932292 0.317969 0.963021 0.301953 0.963021
0 0.337109 0.941146 0.351562 0.941146 0.351562 0.968229 0.337109 0.968229
0 0.341016 0.702083 0.366797 0.702083 0.366797 0.729167 0.341016 0.729167
0 0.253516 0.578125 0.271094 0.578125 0.271094 0.608333 0.253516 0.608333
0 0.238672 0.615104 0.255469 0.615104 0.255469 0.636979 0.238672 0.636979
0 0.270703 0.615104 0.286719 0.615104 0.286719 0.644271 0.270703 0.644271
0 0.292969 0.634896 0.312109 0.634896 0.312109 0.657812 0.292969 0.657812
0 0.236328 0.665104 0.255469 0.665104 0.255469 0.683333 0.236328 0.683333
0 0.217188 0.630729 0.232031 0.630729 0.232031 0.655729 0.217188 0.655729
0 0.207031 0.585417 0.224609 0.585417 0.224609 0.610938 0.207031 0.610938
0 0.279297 0.561458 0.298047 0.561458 0.298047 0.585938 0.279297 0.585938
0 0.291797 0.60625 0.309766 0.60625 0.309766 0.626042 0.291797 0.626042
0 0.180469 0.571354 0.199609 0.571354 0.199609 0.597917 0.180469 0.597917
0 0.250391 0.769271 0.271094 0.769271 0.271094 0.791667 0.250391 0.791667
0 0.25625 0.80625 0.278516 0.80625 0.278516 0.829167 0.25625 0.829167
0 0.230469 0.85 0.253906 0.85 0.253906 0.869792 0.230469 0.869792
0 0.261328 0.851562 0.280859 0.851562 0.280859 0.876042 0.261328 0.876042
0 0.260547 0.949479 0.281641 0.949479 0.281641 0.971875 0.260547 0.971875
0 0.233984 0.924479 0.251953 0.924479 0.251953 0.946354 0.233984 0.946354
0 0.234766 0.891146 0.249609 0.891146 0.249609 0.914583 0.234766 0.914583
0 0.2625 0.893229 0.286719 0.893229 0.286719 0.915625 0.2625 0.915625
0 0.25 0.461979 0.269922 0.461979 0.269922 0.484375 0.25 0.484375
0 0.271484 0.507812 0.285156 0.507812 0.285156 0.540625 0.271484 0.540625
0 0.310938 0.504167 0.329297 0.504167 0.329297 0.530729 0.310938 0.530729
0 0.346875 0.572917 0.359766 0.572917 0.359766 0.598958 0.346875 0.598958
0 0.278516 0.469271 0.292969 0.469271 0.292969 0.490104 0.278516 0.490104
0 0.283984 0.419271 0.304688 0.419271 0.304688 0.439062 0.283984 0.439062
0 0.212109 0.478646 0.232812 0.478646 0.232812 0.500521 0.212109 0.500521
0 0.191797 0.516146 0.210938 0.516146 0.210938 0.546875 0.191797 0.546875
0 0.192578 0.463021 0.209375 0.463021 0.209375 0.484896 0.192578 0.484896
0 0.150781 0.501042 0.168359 0.501042 0.168359 0.526042 0.150781 0.526042
0 0.140625 0.4625 0.155469 0.4625 0.155469 0.490104 0.140625 0.490104
0 0.171875 0.444271 0.190234 0.444271 0.190234 0.4625 0.171875 0.4625
0 0.112891 0.3625 0.13125 0.3625 0.13125 0.390104 0.112891 0.390104
0 0.092578 0.39375 0.113672 0.39375 0.113672 0.413021 0.092578 0.413021
0 0.091797 0.448958 0.108594 0.448958 0.108594 0.478125 0.091797 0.478125
0 0.170312 0.404688 0.187891 0.404688 0.187891 0.422396 0.170312 0.422396
0 0.133594 0.286979 0.153906 0.286979 0.153906 0.306771 0.133594 0.306771
0 0.108984 0.325 0.126953 0.325 0.126953 0.351562 0.108984 0.351562
0 0.080859 0.3375 0.098828 0.3375 0.098828 0.359375 0.080859 0.359375
0 0.006641 0.534896 0.028516 0.534896 0.028516 0.55625 0.006641 0.55625
0 0.016406 0.574479 0.034766 0.574479 0.034766 0.593229 0.016406 0.593229
0 0.00625 0.594271 0.023828 0.594271 0.023828 0.613542 0.00625 0.613542
0 0.032031 0.609375 0.047656 0.609375 0.047656 0.636458 0.032031 0.636458
0 0.001953 0.480208 0.019922 0.480208 0.019922 0.505208 0.001953 0.505208
0 0.097266 0.825521 0.117969 0.825521 0.117969 0.852083 0.097266 0.852083
0 0.054688 0.819792 0.080078 0.819792 0.080078 0.840104 0.054688 0.840104
0 0.066016 0.852083 0.084375 0.852083 0.084375 0.872917 0.066016 0.872917
0 0.039844 0.864062 0.058594 0.864062 0.058594 0.891146 0.039844 0.891146
0 0.0125 0.833854 0.032031 0.833854 0.032031 0.859375 0.0125 0.859375
0 0.039844 0.75 0.063672 0.75 0.063672 0.770833 0.039844 0.770833
0 0.060547 0.777604 0.080469 0.777604 0.080469 0.797917 0.060547 0.797917
0 0.019531 0.705729 0.034375 0.705729 0.034375 0.739583 0.019531 0.739583
0 0.037109 0.679167 0.053906 0.679167 0.053906 0.703646 0.037109 0.703646
0 0.058203 0.684896 0.072266 0.684896 0.072266 0.711979 0.058203 0.711979
0 0.082812 0.703125 0.100391 0.703125 0.100391 0.726562 0.082812 0.726562
0 0.063672 0.729688 0.079688 0.729688 0.079688 0.750521 0.063672 0.750521
0 0.089062 0.755208 0.10625 0.755208 0.10625 0.774479 0.089062 0.774479
0 0.099219 0.680208 0.113281 0.680208 0.113281 0.706771 0.099219 0.706771
0 0.004297 0.86875 0.019141 0.86875 0.019141 0.894792 0.004297 0.894792
0 0.0625 0.910417 0.084375 0.910417 0.084375 0.930208 0.0625 0.930208
0 0.036328 0.924479 0.053906 0.924479 0.053906 0.941667 0.036328 0.941667
0 0.001562 0.916146 0.017188 0.916146 0.017188 0.938542 0.001562 0.938542