0 0.025 0.013542 0.051953 0.013542 0.051953 0.040104 0.025 0.040104
0 0.067969 0.036979 0.0875 0.036979 0.0875 0.064583 0.067969 0.064583
0 0.098438 0.047917 0.118359 0.047917 0.118359 0.069792 0.098438 0.069792
0 0.0875 0.007812 0.105859 0.007812 0.105859 0.033854 0.0875 0.033854
0 0.116406 0.004688 0.132812 0.004688 0.132812 0.026042 0.116406 0.026042
0 0.002344 0.116667 0.017578 0.116667 0.017578 0.141667 0.002344 0.141667
0 0.055469 0.073958 0.078906 0.073958 0.078906 0.100521 0.055469 0.100521
0 0.098438 0.088021 0.116016 0.088021 0.116016 0.108333 0.098438 0.108333
0 0.114062 0.126042 0.137109 0.126042 0.137109 0.151042 0.114062 0.151042
0 0.001172 0.075521 0.021875 0.075521 0.021875 0.097396 0.001172 0.097396
0 0.067188 0.16875 0.088281 0.16875 0.088281 0.191146 0.067188 0.191146
0 0.105469 0.197917 0.119531 0.197917 0.119531 0.222917 0.105469 0.222917
0 0.132422 0.198438 0.148438 0.198438 0.148438 0.226562 0.132422 0.226562
0 0.182031 0.173438 0.198828 0.173438 0.198828 0.201042 0.182031 0.201042
0 0.201562 0.1875 0.2125 0.1875 0.2125 0.214583 0.201562 0.214583
0 0.023438 0.238021 0.051172 0.238021 0.051172 0.263021 0.023438 0.263021
0 0.067969 0.28125 0.083984 0.28125 0.083984 0.307292 0.067969 0.307292
0 0.008984 0.288021 0.030078 0.288021 0.030078 0.310417 0.008984 0.310417
0 0.022266 0.307812 0.04375 0.307812 0.04375 0.330729 0.022266 0.330729
0 0.010547 0.343229 0.024609 0.343229 0.024609 0.366667 0.010547 0.366667
0 0.087891 0.304167 0.10625 0.304167 0.10625 0.332292 0.087891 0.332292
0 0.073047 0.324479 0.088672 0.324479 0.088672 0.341667 0.073047 0.341667
0 0.094922 0.232812 0.110156 0.232812 0.110156 0.257812 0.094922 0.257812
0 0.114453 0.253646 0.128906 0.253646 0.128906 0.276562 0.114453 0.276562
0 0.141797 0.249479 0.15625 0.249479 0.15625 0.268229 0.141797 0.268229
0 0.174219 0.249479 0.188281 0.249479 0.188281 0.273438 0.174219 0.273438
0 0.186328 0.220833 0.205859 0.220833 0.205859 0.240104 0.186328 0.240104
0 0.203906 0.24375 0.216406 0.24375 0.216406 0.267708 0.203906 0.267708
0 0.176953 0.298958 0.193359 0.298958 0.193359 0.320833 0.176953 0.320833
0 0.140625 0.283333 0.160938 0.283333 0.160938 0.302083 0.140625 0.302083
0 0.271094 0.022917 0.289844 0.022917 0.289844 0.047396 0.271094 0.047396
0 0.313672 0.025 0.330078 0.025 0.330078 0.043229 0.313672 0.043229
0 0.311719 0.0625 0.329297 0.0625 0.329297 0.089583 0.311719 0.089583
0 0.300391 0.098958 0.317578 0.098958 0.317578 0.126042 0.300391 0.126042
0 0.3375 0.111458 0.359766 0.111458 0.359766 0.130208 0.3375 0.130208
0 0.370312 0.119792 0.391797 0.119792 0.391797 0.1375 0.370312 0.1375
0 0.382422 0.147396 0.400391 0.147396 0.400391 0.161979 0.382422 0.161979
0 0.394922 0.164583 0.408984 0.164583 0.408984 0.183854 0.394922 0.183854
0 0.357422 0.158854 0.374219 0.158854 0.374219 0.183854 0.357422 0.183854
0 0.382031 0.091146 0.397656 0.091146 0.397656 0.111979 0.382031 0.111979
0 0.322266 0.167188 0.336328 0.167188 0.336328 0.194792 0.322266 0.194792
0 0.341797 0.190104 0.358984 0.190104 0.358984 0.218229 0.341797 0.218229
0 0.28125 0.173958 0.296484 0.173958 0.296484 0.2 0.28125 0.2
0 0.269922 0.149479 0.285547 0.149479 0.285547 0.172917 0.269922 0.172917
0 0.283203 0.108333 0.298047 0.108333 0.298047 0.130729 0.283203 0.130729
0 0.422266 0.0 0.440234 0.0 0.440234 0.019271 0.422266 0.019271
0 0.455469 0.010417 0.471094 0.010417 0.471094 0.034375 0.455469 0.034375
0 0.380078 0.028646 0.395312 0.028646 0.395312 0.053646 0.380078 0.053646
0 0.339062 0.030729 0.357812 0.030729 0.357812 0.049479 0.339062 0.049479
0 0.519531 0.031771 0.532422 0.031771 0.532422 0.053125 0.519531 0.053125
0 0.528125 0.0 0.542969 0.0 0.542969 0.01875 0.528125 0.01875
0 0.556641 0.028646 0.573047 0.028646 0.573047 0.053125 0.556641 0.053125
0 0.589062 0.003125 0.605469 0.003125 0.605469 0.022396 0.589062 0.022396
0 0.581641 0.044271 0.598047 0.044271 0.598047 0.0625 0.581641 0.0625
0 0.603125 0.027083 0.617578 0.027083 0.617578 0.048958 0.603125 0.048958
0 0.553516 0.071875 0.571875 0.071875 0.571875 0.089583 0.553516 0.089583
0 0.508203 0.093229 0.532031 0.093229 0.532031 0.1125 0.508203 0.1125
0 0.757812 0.002604 0.774219 0.002604 0.774219 0.020833 0.757812 0.020833
0 0.743359 0.027604 0.758203 0.027604 0.758203 0.048438 0.743359 0.048438
0 0.656641 0.017188 0.669141 0.017188 0.669141 0.045312 0.656641 0.045312
0 0.758594 0.067708 0.776562 0.067708 0.776562 0.086458 0.758594 0.086458
0 0.78125 0.056771 0.800781 0.056771 0.800781 0.078646 0.78125 0.078646
0 0.817578 0.032812 0.838672 0.032812 0.838672 0.052604 0.817578 0.052604
0 0.786719 0.023438 0.806641 0.023438 0.806641 0.045833 0.786719 0.045833
0 0.835938 0.0 0.851953 0.0 0.851953 0.011458 0.835938 0.011458
0 0.791406 0.0 0.807422 0.0 0.807422 0.011979 0.791406 0.011979
0 0.882812 0.002604 0.903125 0.002604 0.903125 0.019792 0.882812 0.019792
0 0.869922 0.026042 0.885547 0.026042 0.885547 0.048438 0.869922 0.048438
0 0.811328 0.080208 0.820703 0.080208 0.820703 0.107292 0.811328 0.107292
0 0.835156 0.083854 0.848828 0.083854 0.848828 0.113021 0.835156 0.113021
0 0.867578 0.064583 0.880078 0.064583 0.880078 0.0875 0.867578 0.0875
0 0.982812 0.059896 0.991016 0.059896 0.991016 0.075 0.982812 0.075
0 0.992969 0.070312 0.999609 0.070312 0.999609 0.091667 0.992969 0.091667
0 0.965625 0.110417 0.979688 0.110417 0.979688 0.127083 0.965625 0.127083
0 0.991406 0.013542 0.999609 0.013542 0.999609 0.040104 0.991406 0.040104
0 0.986328 0.146875 0.999609 0.146875 0.999609 0.169792 0.986328 0.169792
0 0.955859 0.143229 0.970312 0.143229 0.970312 0.175 0.955859 0.175
0 0.989844 0.101562 0.999609 0.101562 0.999609 0.127083 0.989844 0.127083
0 0.950781 0.209375 0.968359 0.209375 0.968359 0.236458 0.950781 0.236458
0 0.96875 0.241146 0.991016 0.241146 0.991016 0.2625 0.96875 0.2625
0 0.967969 0.297917 0.982031 0.297917 0.982031 0.328646 0.967969 0.328646
0 0.919141 0.29375 0.933984 0.29375 0.933984 0.315104 0.919141 0.315104
0 0.939844 0.265625 0.955469 0.265625 0.955469 0.292188 0.939844 0.292188
0 0.897266 0.300521 0.910156 0.300521 0.910156 0.322917 0.897266 0.322917
0 0.862891 0.30625 0.876953 0.30625 0.876953 0.330208 0.862891 0.330208
0 0.850391 0.329688 0.860156 0.329688 0.860156 0.346875 0.850391 0.346875
0 0.903906 0.320833 0.920703 0.320833 0.920703 0.351562 0.903906 0.351562
0 0.925391 0.350521 0.943359 0.350521 0.943359 0.373958 0.925391 0.373958
0 0.739844 0.092708 0.75625 0.092708 0.75625 0.119792 0.739844 0.119792
0 0.7625 0.093229 0.78125 0.093229 0.78125 0.117708 0.7625 0.117708
0 0.70625 0.10625 0.724219 0.10625 0.724219 0.122917 0.70625 0.122917
0 0.710938 0.127604 0.733984 0.127604 0.733984 0.145312 0.710938 0.145312
0 0.770312 0.138021 0.787891 0.138021 0.787891 0.154167 0.770312 0.154167
0 0.8 0.133333 0.823047 0.133333 0.823047 0.149479 0.8 0.149479
0 0.787109 0.165625 0.807812 0.165625 0.807812 0.185417 0.787109 0.185417
0 0.751953 0.179167 0.772656 0.179167 0.772656 0.205729 0.751953 0.205729
0 0.575391 0.213542 0.590625 0.213542 0.590625 0.2375 0.575391 0.2375
0 0.598438 0.203125 0.610156 0.203125 0.610156 0.230208 0.598438 0.230208
0 0.612891 0.24375 0.625781 0.24375 0.625781 0.270312 0.612891 0.270312
0 0.568359 0.252604 0.587109 0.252604 0.587109 0.270833 0.568359 0.270833
0 0.566016 0.286979 0.584766 0.286979 0.584766 0.305729 0.566016 0.305729
0 0.601172 0.2875 0.614453 0.2875 0.614453 0.311458 0.601172 0.311458
0 0.628906 0.267708 0.645312 0.267708 0.645312 0.29375 0.628906 0.29375
0 0.65 0.29375 0.661719 0.29375 0.661719 0.320312 0.65 0.320312
0 0.683594 0.258333 0.698828 0.258333 0.698828 0.282812 0.683594 0.282812
0 0.670703 0.216667 0.682422 0.216667 0.682422 0.24375 0.670703 0.24375
0 0.696875 0.202604 0.709375 0.202604 0.709375 0.229688 0.696875 0.229688
0 0.713281 0.239062 0.728906 0.239062 0.728906 0.257292 0.713281 0.257292
0 0.729297 0.270833 0.75 0.270833 0.75 0.286458 0.729297 0.286458
0 0.729297 0.296354 0.746484 0.296354 0.746484 0.319792 0.729297 0.319792
0 0.701562 0.3 0.724219 0.3 0.724219 0.317708 0.701562 0.317708
0 0.780859 0.200521 0.798828 0.200521 0.798828 0.223438 0.780859 0.223438
0 0.717578 0.209375 0.733984 0.209375 0.733984 0.230208 0.717578 0.230208
0 0.450781 0.190625 0.474219 0.190625 0.474219 0.215104 0.450781 0.215104
0 0.508984 0.225521 0.524219 0.225521 0.524219 0.252604 0.508984 0.252604
0 0.505859 0.276562 0.521094 0.276562 0.521094 0.300521 0.505859 0.300521
0 0.469531 0.266146 0.487891 0.266146 0.487891 0.295312 0.469531 0.295312
0 0.444141 0.25 0.458203 0.25 0.458203 0.275 0.444141 0.275
0 0.415234 0.239583 0.434375 0.239583 0.434375 0.253646 0.415234 0.253646
0 0.4125 0.2625 0.4375 0.2625 0.4375 0.28125 0.4125 0.28125
0 0.412109 0.286979 0.435547 0.286979 0.435547 0.307812 0.412109 0.307812
0 0.426562 0.310417 0.445312 0.310417 0.445312 0.33125 0.426562 0.33125
0 0.455078 0.306771 0.471875 0.306771 0.471875 0.328646 0.455078 0.328646
0 0.513672 0.315104 0.533203 0.315104 0.533203 0.347396 0.513672 0.347396
0 0.554688 0.327604 0.575391 0.327604 0.575391 0.344792 0.554688 0.344792
0 0.597266 0.33125 0.613281 0.33125 0.613281 0.352604 0.597266 0.352604
0 0.629688 0.347396 0.646484 0.347396 0.646484 0.378125 0.629688 0.378125
0 0.627734 0.305208 0.644141 0.305208 0.644141 0.338021 0.627734 0.338021
0 0.677344 0.321875 0.693359 0.321875 0.693359 0.340625 0.677344 0.340625
0 0.679688 0.354167 0.692969 0.354167 0.692969 0.380208 0.679688 0.380208
0 0.651562 0.378125 0.666406 0.378125 0.666406 0.400521 0.651562 0.400521
0 0.621484 0.378646 0.641797 0.378646 0.641797 0.403646 0.621484 0.403646
0 0.604297 0.357292 0.617188 0.357292 0.617188 0.385938 0.604297 0.385938
0 0.577734 0.349479 0.594922 0.349479 0.594922 0.376042 0.577734 0.376042
0 0.58125 0.401042 0.596484 0.401042 0.596484 0.419792 0.58125 0.419792
0 0.607812 0.409896 0.622656 0.409896 0.622656 0.43125 0.607812 0.43125
0 0.637891 0.416667 0.657812 0.416667 0.657812 0.432292 0.637891 0.432292
0 0.669531 0.414583 0.685938 0.414583 0.685938 0.432812 0.669531 0.432812
0 0.706641 0.378125 0.722266 0.378125 0.722266 0.401042 0.706641 0.401042
0 0.696484 0.415625 0.716406 0.415625 0.716406 0.436458 0.696484 0.436458
0 0.725 0.358333 0.744531 0.358333 0.744531 0.376042 0.725 0.376042
0 0.990625 0.348438 0.999609 0.348438 0.999609 0.365104 0.990625 0.365104
0 0.967188 0.371354 0.980078 0.371354 0.980078 0.390625 0.967188 0.390625
0 0.982422 0.385417 0.996484 0.385417 0.996484 0.407812 0.982422 0.407812
0 0.948438 0.397396 0.963281 0.397396 0.963281 0.422917 0.948438 0.422917
0 0.973438 0.429688 0.989062 0.429688 0.989062 0.454688 0.973438 0.454688
0 0.935547 0.441667 0.953906 0.441667 0.953906 0.463542 0.935547 0.463542
0 0.961328 0.459375 0.974609 0.459375 0.974609 0.485417 0.961328 0.485417
0 0.871875 0.406771 0.885156 0.406771 0.885156 0.435938 0.871875 0.435938
0 0.895703 0.434375 0.913281 0.434375 0.913281 0.457292 0.895703 0.457292
0 0.855469 0.463542 0.874609 0.463542 0.874609 0.484896 0.855469 0.484896
0 0.993359 0.232292 0.999609 0.232292 0.999609 0.254167 0.993359 0.254167
0 0.666797 0.455729 0.689844 0.455729 0.689844 0.472396 0.666797 0.472396
0 0.667969 0.485938 0.686328 0.485938 0.686328 0.501562 0.667969 0.501562
0 0.641797 0.496354 0.661328 0.496354 0.661328 0.515104 0.641797 0.515104
0 0.621094 0.471875 0.643359 0.471875 0.643359 0.489062 0.621094 0.489062
0 0.633984 0.444792 0.656641 0.444792 0.656641 0.463542 0.633984 0.463542
0 0.839453 0.419271 0.854297 0.419271 0.854297 0.444271 0.839453 0.444271
0 0.815234 0.4375 0.828516 0.4375 0.828516 0.464583 0.815234 0.464583
0 0.303906 0.207812 0.320703 0.207812 0.320703 0.234896 0.303906 0.234896
0 0.219531 0.3 0.235547 0.3 0.235547 0.321875 0.219531 0.321875
0 0.223438 0.344792 0.242188 0.344792 0.242188 0.365625 0.223438 0.365625
0 0.250781 0.365625 0.269531 0.365625 0.269531 0.385938 0.250781 0.385938
0 0.364062 0.358333 0.383594 0.358333 0.383594 0.379688 0.364062 0.379688
0 0.405078 0.377083 0.423438 0.377083 0.423438 0.401562 0.405078 0.401562
0 0.426562 0.347917 0.443359 0.347917 0.443359 0.373958 0.426562 0.373958
0 0.437891 0.377604 0.457031 0.377604 0.457031 0.401562 0.437891 0.401562
0 0.449219 0.346354 0.470312 0.346354 0.470312 0.363542 0.449219 0.363542
0 0.46875 0.371875 0.488281 0.371875 0.488281 0.391667 0.46875 0.391667
0 0.510938 0.4 0.527734 0.4 0.527734 0.422917 0.510938 0.422917
0 0.224609 0.385417 0.242188 0.385417 0.242188 0.408333 0.224609 0.408333
0 0.255469 0.436979 0.272266 0.436979 0.272266 0.45625 0.255469 0.45625
0 0.253125 0.461979 0.270703 0.461979 0.270703 0.48125 0.253125 0.48125
0 0.221484 0.451562 0.238281 0.451562 0.238281 0.48125 0.221484 0.48125
0 0.193359 0.427083 0.215234 0.427083 0.215234 0.446354 0.193359 0.446354
0 0.195312 0.380208 0.214844 0.380208 0.214844 0.408333 0.195312 0.408333
0 0.147266 0.372396 0.167188 0.372396 0.167188 0.392188 0.147266 0.392188
0 0.155469 0.408333 0.16875 0.408333 0.16875 0.436979 0.155469 0.436979
0 0.187891 0.452604 0.210938 0.452604 0.210938 0.471875 0.187891 0.471875
0 0.180469 0.482292 0.198438 0.482292 0.198438 0.497396 0.180469 0.497396
0 0.190234 0.509896 0.211719 0.509896 0.211719 0.527604 0.190234 0.527604
0 0.147266 0.449479 0.164844 0.449479 0.164844 0.473438 0.147266 0.473438
0 0.119922 0.41875 0.141016 0.41875 0.141016 0.441146 0.119922 0.441146
0 0.076172 0.429167 0.093359 0.429167 0.093359 0.459375 0.076172 0.459375
0 0.094531 0.466667 0.115625 0.466667 0.115625 0.485938 0.094531 0.485938
0 0.054297 0.445833 0.070703 0.445833 0.070703 0.475 0.054297 0.475
0 0.020703 0.425 0.04375 0.425 0.04375 0.448438 0.020703 0.448438
0 0.000781 0.442708 0.016406 0.442708 0.016406 0.466667 0.000781 0.466667
0 0.014062 0.396354 0.0375 0.396354 0.0375 0.415104 0.014062 0.415104
0 0.041406 0.359375 0.057812 0.359375 0.057812 0.389062 0.041406 0.389062
0 0.066016 0.361979 0.078906 0.361979 0.078906 0.3875 0.066016 0.3875
0 0.079688 0.392708 0.098047 0.392708 0.098047 0.406771 0.079688 0.406771
0 0.099219 0.339062 0.113672 0.339062 0.113672 0.370312 0.099219 0.370312
0 0.346484 0.389062 0.364062 0.389062 0.364062 0.408854 0.346484 0.408854
0 0.3375 0.421354 0.352344 0.421354 0.352344 0.445833 0.3375 0.445833
0 0.333594 0.461458 0.353906 0.461458 0.353906 0.483854 0.333594 0.483854
0 0.335547 0.495833 0.356641 0.495833 0.356641 0.513021 0.335547 0.513021
0 0.353125 0.539583 0.373438 0.539583 0.373438 0.555208 0.353125 0.555208
0 0.348438 0.569271 0.364453 0.569271 0.364453 0.582812 0.348438 0.582812
0 0.371094 0.591667 0.385547 0.591667 0.385547 0.609896 0.371094 0.609896
0 0.392969 0.598438 0.409375 0.598438 0.409375 0.620833 0.392969 0.620833
0 0.377734 0.564583 0.395703 0.564583 0.395703 0.583854 0.377734 0.583854
0 0.392969 0.536458 0.410938 0.536458 0.410938 0.557292 0.392969 0.557292
0 0.415234 0.558333 0.43125 0.558333 0.43125 0.580729 0.415234 0.580729
0 0.434766 0.585417 0.451562 0.585417 0.451562 0.608333 0.434766 0.608333
0 0.45 0.545312 0.469141 0.545312 0.469141 0.577083 0.45 0.577083
0 0.472656 0.589062 0.4875 0.589062 0.4875 0.617188 0.472656 0.617188
0 0.474609 0.526042 0.494922 0.526042 0.494922 0.545833 0.474609 0.545833
0 0.416797 0.514583 0.435938 0.514583 0.435938 0.536979 0.416797 0.536979
0 0.387109 0.486979 0.403906 0.486979 0.403906 0.514062 0.387109 0.514062
0 0.421094 0.466667 0.4375 0.466667 0.4375 0.484896 0.421094 0.484896
0 0.3875 0.417708 0.410156 0.417708 0.410156 0.441146 0.3875 0.441146
0 0.416797 0.406771 0.441406 0.406771 0.441406 0.425521 0.416797 0.425521
0 0.463672 0.427604 0.485547 0.427604 0.485547 0.45 0.463672 0.45
0 0.499609 0.457292 0.522266 0.457292 0.522266 0.483333 0.499609 0.483333
0 0.512891 0.514062 0.540234 0.514062 0.540234 0.534375 0.512891 0.534375
0 0.432031 0.482812 0.447266 0.482812 0.447266 0.501562 0.432031 0.501562
0 0.545312 0.490625 0.562891 0.490625 0.562891 0.514583 0.545312 0.514583
0 0.553516 0.538021 0.567578 0.538021 0.567578 0.5625 0.553516 0.5625
0 0.579688 0.526042 0.592578 0.526042 0.592578 0.55625 0.579688 0.55625
0 0.548438 0.424479 0.564844 0.424479 0.564844 0.444271 0.548438 0.444271
0 0.585938 0.448438 0.602734 0.448438 0.602734 0.476562 0.585938 0.476562
0 0.612891 0.506771 0.633594 0.506771 0.633594 0.520833 0.612891 0.520833
0 0.604688 0.540104 0.619922 0.540104 0.619922 0.561979 0.604688 0.561979
0 0.516406 0.575521 0.535547 0.575521 0.535547 0.593229 0.516406 0.593229
0 0.510547 0.602604 0.527734 0.602604 0.527734 0.621354 0.510547 0.621354
0 0.5375 0.621875 0.551562 0.621875 0.551562 0.646875 0.5375 0.646875
0 0.549219 0.593229 0.569531 0.593229 0.569531 0.6125 0.549219 0.6125
0 0.571094 0.629167 0.585938 0.629167 0.585938 0.649479 0.571094 0.649479
0 0.574219 0.577604 0.592969 0.577604 0.592969 0.59375 0.574219 0.59375
0 0.591797 0.608854 0.610156 0.608854 0.610156 0.627604 0.591797 0.627604
0 0.79375 0.540625 0.808203 0.540625 0.808203 0.570312 0.79375 0.570312
0 0.819922 0.546354 0.837891 0.546354 0.837891 0.578125 0.819922 0.578125
0 0.846484 0.566667 0.8625 0.566667 0.8625 0.59375 0.846484 0.59375
0 0.860938 0.590104 0.873438 0.590104 0.873438 0.616146 0.860938 0.616146
0 0.893359 0.577604 0.914844 0.577604 0.914844 0.600521 0.893359 0.600521
0 0.775391 0.578125 0.789844 0.578125 0.789844 0.597917 0.775391 0.597917
0 0.796094 0.592708 0.812109 0.592708 0.812109 0.617708 0.796094 0.617708
0 0.762891 0.605208 0.783203 0.605208 0.783203 0.628646 0.762891 0.628646
0 0.789844 0.647396 0.812109 0.647396 0.812109 0.668229 0.789844 0.668229
0 0.748828 0.6375 0.772656 0.6375 0.772656 0.659896 0.748828 0.659896
0 0.717969 0.641146 0.739062 0.641146 0.739062 0.659896 0.717969 0.659896
0 0.721484 0.667188 0.740625 0.667188 0.740625 0.689062 0.721484 0.689062
0 0.750391 0.675521 0.769141 0.675521 0.769141 0.696875 0.750391 0.696875
0 0.775781 0.704688 0.792188 0.704688 0.792188 0.724479 0.775781 0.724479
0 0.783984 0.676042 0.805859 0.676042 0.805859 0.695833 0.783984 0.695833
0 0.721484 0.709896 0.739062 0.709896 0.739062 0.728646 0.721484 0.728646
0 0.699609 0.699479 0.719531 0.699479 0.719531 0.718229 0.699609 0.718229
0 0.842188 0.640104 0.865234 0.640104 0.865234 0.669271 0.842188 0.669271
0 0.896875 0.623438 0.91875 0.623438 0.91875 0.64375 0.896875 0.64375
0 0.933203 0.620312 0.949609 0.620312 0.949609 0.641667 0.933203 0.641667
0 0.928906 0.658854 0.947266 0.658854 0.947266 0.679688 0.928906 0.679688
0 0.901953 0.665104 0.917578 0.665104 0.917578 0.681771 0.901953 0.681771
0 0.885547 0.686979 0.899609 0.686979 0.899609 0.705208 0.885547 0.705208
0 0.861719 0.701042 0.878516 0.701042 0.878516 0.717708 0.861719 0.717708
0 0.870703 0.735938 0.885938 0.735938 0.885938 0.755208 0.870703 0.755208
0 0.895312 0.728125 0.910156 0.728125 0.910156 0.748958 0.895312 0.748958
0 0.926562 0.713021 0.941016 0.713021 0.941016 0.732812 0.926562 0.732812
0 0.944141 0.69375 0.959766 0.69375 0.959766 0.713021 0.944141 0.713021
0 0.969531 0.685417 0.986719 0.685417 0.986719 0.706771 0.969531 0.706771
0 0.711328 0.746875 0.731641 0.746875 0.731641 0.765625 0.711328 0.765625
0 0.778906 0.732812 0.797266 0.732812 0.797266 0.748958 0.778906 0.748958
0 0.744922 0.830208 0.7625 0.830208 0.7625 0.848958 0.744922 0.848958
0 0.705469 0.839583 0.719922 0.839583 0.719922 0.870833 0.705469 0.870833
0 0.662109 0.829167 0.678906 0.829167 0.678906 0.850521 0.662109 0.850521
0 0.678125 0.856771 0.692969 0.856771 0.692969 0.886979 0.678125 0.886979
0 0.635547 0.844271 0.653516 0.844271 0.653516 0.866667 0.635547 0.866667
0 0.931641 0.751562 0.95 0.751562 0.95 0.767708 0.931641 0.767708
0 0.946094 0.771875 0.959375 0.771875 0.959375 0.795312 0.946094 0.795312
0 0.966797 0.771875 0.980859 0.771875 0.980859 0.795312 0.966797 0.795312
0 0.920312 0.795312 0.941797 0.795312 0.941797 0.814583 0.920312 0.814583
0 0.889453 0.801562 0.905469 0.801562 0.905469 0.818229 0.889453 0.818229
0 0.878516 0.771875 0.893359 0.771875 0.893359 0.796875 0.878516 0.796875
0 0.844922 0.803125 0.858594 0.803125 0.858594 0.828646 0.844922 0.828646
0 0.864062 0.826562 0.880859 0.826562 0.880859 0.854167 0.864062 0.854167
0 0.914844 0.822396 0.930859 0.822396 0.930859 0.835938 0.914844 0.835938
0 0.940234 0.838021 0.953516 0.838021 0.953516 0.857812 0.940234 0.857812
0 0.963281 0.817708 0.983594 0.817708 0.983594 0.831771 0.963281 0.831771
0 0.966797 0.846875 0.980859 0.846875 0.980859 0.864062 0.966797 0.864062
0 0.945312 0.864583 0.960938 0.864583 0.960938 0.883854 0.945312 0.883854
0 0.924219 0.883854 0.936719 0.883854 0.936719 0.910417 0.924219 0.910417
0 0.896484 0.888542 0.913281 0.888542 0.913281 0.916667 0.896484 0.916667
0 0.858203 0.934896 0.873828 0.934896 0.873828 0.951042 0.858203 0.951042
0 0.846094 0.897917 0.864453 0.897917 0.864453 0.920833 0.846094 0.920833
0 0.887891 0.929167 0.903125 0.929167 0.903125 0.953125 0.887891 0.953125
0 0.858984 0.983854 0.873438 0.983854 0.873438 0.999479 0.858984 0.999479
0 0.852344 0.961458 0.869531 0.961458 0.869531 0.973438 0.852344 0.973438
0 0.878125 0.961979 0.894141 0.961979 0.894141 0.977083 0.878125 0.977083
0 0.825391 0.953646 0.841406 0.953646 0.841406 0.983333 0.825391 0.983333
0 0.819141 0.893229 0.838672 0.893229 0.838672 0.916667 0.819141 0.916667
0 0.827734 0.861458 0.846875 0.861458 0.846875 0.880208 0.827734 0.880208
0 0.655469 0.926562 0.673438 0.926562 0.673438 0.946875 0.655469 0.946875
0 0.674609 0.963542 0.689844 0.963542 0.689844 0.9875 0.674609 0.9875
0 0.700781 0.959896 0.715625 0.959896 0.715625 0.985417 0.700781 0.985417
0 0.729688 0.95625 0.746484 0.95625 0.746484 0.976042 0.729688 0.976042
0 0.792578 0.938021 0.809766 0.938021 0.809766 0.954167 0.792578 0.954167
0 0.752734 0.903125 0.769922 0.903125 0.769922 0.926562 0.752734 0.926562
0 0.780078 0.892708 0.803125 0.892708 0.803125 0.9125 0.780078 0.9125
0 0.730469 0.878125 0.751953 0.878125 0.751953 0.9 0.730469 0.9
0 0.701172 0.880208 0.726172 0.880208 0.726172 0.903646 0.701172 0.903646
0 0.623047 0.976042 0.641016 0.976042 0.641016 0.999479 0.623047 0.999479
0 0.598828 0.91875 0.623438 0.91875 0.623438 0.952083 0.598828 0.952083
0 0.021094 0.585938 0.034375 0.585938 0.034375 0.606771 0.021094 0.606771
0 0.000391 0.660417 0.015625 0.660417 0.015625 0.682812 0.000391 0.682812
0 0.069531 0.638021 0.083594 0.638021 0.083594 0.66875 0.069531 0.66875
0 0.016016 0.829688 0.032812 0.829688 0.032812 0.858854 0.016016 0.858854
0 0.041016 0.821354 0.058984 0.821354 0.058984 0.845833 0.041016 0.845833
0 0.074609 0.844792 0.091016 0.844792 0.091016 0.872396 0.074609 0.872396
0 0.073047 0.883854 0.085156 0.883854 0.085156 0.907292 0.073047 0.907292
0 0.104688 0.872917 0.121094 0.872917 0.121094 0.894271 0.104688 0.894271
0 0.033203 0.885938 0.044531 0.885938 0.044531 0.908854 0.033203 0.908854
0 0.052734 0.9 0.069141 0.9 0.069141 0.922396 0.052734 0.922396
0 0.0 0.888021 0.011328 0.888021 0.011328 0.907812 0.0 0.907812
0 0.091406 0.958333 0.106641 0.958333 0.106641 0.982812 0.091406 0.982812
0 0.138281 0.905208 0.151172 0.905208 0.151172 0.927604 0.138281 0.927604
0 0.183203 0.891667 0.194922 0.891667 0.194922 0.921875 0.183203 0.921875
0 0.191406 0.932812 0.202344 0.932812 0.202344 0.954167 0.191406 0.954167
0 0.206641 0.920312 0.223828 0.920312 0.223828 0.938021 0.206641 0.938021
0 0.208594 0.885417 0.223828 0.885417 0.223828 0.911458 0.208594 0.911458
0 0.161328 0.879688 0.176172 0.879688 0.176172 0.905729 0.161328 0.905729
0 0.012109 0.76875 0.028516 0.76875 0.028516 0.790104 0.012109 0.790104
0 0.039844 0.735417 0.053125 0.735417 0.053125 0.760417 0.039844 0.760417
0 0.060938 0.722396 0.079297 0.722396 0.079297 0.751042 0.060938 0.751042
0 0.044922 0.771875 0.057812 0.771875 0.057812 0.795312 0.044922 0.795312
0 0.069922 0.781771 0.080859 0.781771 0.080859 0.805729 0.069922 0.805729
0 0.099609 0.760417 0.114062 0.760417 0.114062 0.785417 0.099609 0.785417
0 0.121875 0.795833 0.134766 0.795833 0.134766 0.822396 0.121875 0.822396
0 0.097266 0.847396 0.115234 0.847396 0.115234 0.869271 0.097266 0.869271
0 0.093359 0.693229 0.109375 0.693229 0.109375 0.719792 0.093359 0.719792
0 0.13125 0.663542 0.146875 0.663542 0.146875 0.689583 0.13125 0.689583
0 0.153906 0.633854 0.172266 0.633854 0.172266 0.660938 0.153906 0.660938
0 0.182031 0.622917 0.202734 0.622917 0.202734 0.641667 0.182031 0.641667
0 0.182031 0.593229 0.200391 0.593229 0.200391 0.6125 0.182031 0.6125
0 0.205469 0.641667 0.220312 0.641667 0.220312 0.665104 0.205469 0.665104
0 0.211719 0.689062 0.224219 0.689062 0.224219 0.714062 0.211719 0.714062
0 0.165625 0.696875 0.181641 0.696875 0.181641 0.722917 0.165625 0.722917
0 0.145312 0.714062 0.163281 0.714062 0.163281 0.745833 0.145312 0.745833
0 0.250781 0.622917 0.267969 0.622917 0.267969 0.645312 0.250781 0.645312
0 0.239453 0.655729 0.25625 0.655729 0.25625 0.673438 0.239453 0.673438
0 0.247266 0.683854 0.264453 0.683854 0.264453 0.701042 0.247266 0.701042
0 0.269531 0.704688 0.288672 0.704688 0.288672 0.719271 0.269531 0.719271
0 0.138281 0.757292 0.153906 0.757292 0.153906 0.780208 0.138281 0.780208
0 0.154297 0.79375 0.16875 0.79375 0.16875 0.811979 0.154297 0.811979
0 0.182812 0.811458 0.192188 0.811458 0.192188 0.835417 0.182812 0.835417
0 0.182812 0.847396 0.196094 0.847396 0.196094 0.866667 0.182812 0.866667
0 0.220312 0.856771 0.23125 0.856771 0.23125 0.884375 0.220312 0.884375
0 0.203906 0.811979 0.219531 0.811979 0.219531 0.835938 0.203906 0.835938
0 0.229688 0.798958 0.243359 0.798958 0.243359 0.825 0.229688 0.825
0 0.207031 0.769271 0.225 0.769271 0.225 0.7875 0.207031 0.7875
0 0.235547 0.772917 0.253125 0.772917 0.253125 0.791146 0.235547 0.791146
0 0.258203 0.765625 0.272656 0.765625 0.272656 0.788542 0.258203 0.788542
0 0.245312 0.736458 0.262109 0.736458 0.262109 0.760417 0.245312 0.760417
0 0.272656 0.739583 0.284375 0.739583 0.284375 0.758333 0.272656 0.758333
0 0.209375 0.738542 0.222656 0.738542 0.222656 0.756771 0.209375 0.756771
0 0.332422 0.719792 0.351953 0.719792 0.351953 0.745312 0.332422 0.745312
0 0.351562 0.693229 0.366406 0.693229 0.366406 0.713021 0.351562 0.713021
0 0.394531 0.695833 0.411328 0.695833 0.411328 0.7125 0.394531 0.7125
0 0.412891 0.733333 0.425 0.733333 0.425 0.757292 0.412891 0.757292
0 0.437891 0.741667 0.451562 0.741667 0.451562 0.770833 0.437891 0.770833
0 0.444531 0.707292 0.460938 0.707292 0.460938 0.726042 0.444531 0.726042
0 0.466406 0.723438 0.479688 0.723438 0.479688 0.739583 0.466406 0.739583
0 0.480078 0.74375 0.494531 0.74375 0.494531 0.766146 0.480078 0.766146
0 0.494531 0.777083 0.512891 0.777083 0.512891 0.794271 0.494531 0.794271
0 0.485938 0.805208 0.500391 0.805208 0.500391 0.828125 0.485938 0.828125
0 0.507812 0.80625 0.520703 0.80625 0.520703 0.828125 0.507812 0.828125
0 0.3375 0.758854 0.357031 0.758854 0.357031 0.78125 0.3375 0.78125
0 0.40625 0.764583 0.422656 0.764583 0.422656 0.784896 0.40625 0.784896
0 0.390234 0.792188 0.404688 0.792188 0.404688 0.807812 0.390234 0.807812
0 0.43125 0.816146 0.453906 0.816146 0.453906 0.838021 0.43125 0.838021
0 0.376172 0.847396 0.394922 0.847396 0.394922 0.867188 0.376172 0.867188
0 0.35 0.840104 0.364062 0.840104 0.364062 0.861979 0.35 0.861979
0 0.311328 0.824479 0.329688 0.824479 0.329688 0.842708 0.311328 0.842708
0 0.276953 0.959375 0.296094 0.959375 0.296094 0.982812 0.276953 0.982812
0 0.309766 0.904167 0.327734 0.904167 0.327734 0.926042 0.309766 0.926042
0 0.33125 0.949479 0.345312 0.949479 0.345312 0.970312 0.33125 0.970312
0 0.355469 0.872917 0.369141 0.872917 0.369141 0.895833 0.355469 0.895833
0 0.33125 0.858854 0.344531 0.858854 0.344531 0.877083 0.33125 0.877083
0 0.398438 0.86875 0.410156 0.86875 0.410156 0.891667 0.398438 0.891667
0 0.448047 0.951042 0.463672 0.951042 0.463672 0.979167 0.448047 0.979167
0 0.423438 0.864062 0.439844 0.864062 0.439844 0.886458 0.423438 0.886458
0 0.530469 0.789583 0.551172 0.789583 0.551172 0.810417 0.530469 0.810417
0 0.523828 0.828646 0.542578 0.828646 0.542578 0.84375 0.523828 0.84375
0 0.490625 0.856771 0.507812 0.856771 0.507812 0.885417 0.490625 0.885417
0 0.509766 0.9 0.532031 0.9 0.532031 0.918229 0.509766 0.918229
0 0.464453 0.915104 0.486719 0.915104 0.486719 0.929167 0.464453 0.929167
0 0.489453 0.931771 0.507422 0.931771 0.507422 0.95 0.489453 0.95
0 0.458984 0.882292 0.473047 0.882292 0.473047 0.900521 0.458984 0.900521
0 0.493359 0.986979 0.509766 0.986979 0.509766 0.999479 0.493359 0.999479
0 0.403906 0.964583 0.425 0.964583 0.425 0.994271 0.403906 0.994271