0 0.049219 0.054688 0.066016 0.054688 0.066016 0.083333 0.049219 0.083333
0 0.066406 0.09375 0.090234 0.09375 0.090234 0.115104 0.066406 0.115104
0 0.132812 0.086979 0.154688 0.086979 0.154688 0.111458 0.132812 0.111458
0 0.133594 0.120312 0.152344 0.120312 0.152344 0.140104 0.133594 0.140104
0 0.107031 0.115625 0.126172 0.115625 0.126172 0.1375 0.107031 0.1375
0 0.043359 0.005208 0.061719 0.005208 0.061719 0.029167 0.043359 0.029167
0 0.065625 0.005208 0.086719 0.005208 0.086719 0.030729 0.065625 0.030729
0 0.0 0.040625 0.020703 0.040625 0.020703 0.059896 0.0 0.059896
0 0.154688 0.017708 0.170703 0.017708 0.170703 0.049479 0.154688 0.049479
0 0.171484 0.069271 0.189844 0.069271 0.189844 0.096875 0.171484 0.096875
0 0.189062 0.049479 0.207031 0.049479 0.207031 0.078125 0.189062 0.078125
0 0.204688 0.083333 0.226953 0.083333 0.226953 0.107812 0.204688 0.107812
0 0.210938 0.032812 0.228516 0.032812 0.228516 0.061458 0.210938 0.061458
0 0.182422 0.123958 0.198438 0.123958 0.198438 0.147396 0.182422 0.147396
0 0.142969 0.141667 0.159375 0.141667 0.159375 0.167188 0.142969 0.167188
0 0.205078 0.142188 0.219141 0.142188 0.219141 0.166146 0.205078 0.166146
0 0.230078 0.107812 0.246094 0.107812 0.246094 0.1375 0.230078 0.1375
0 0.300391 0.00625 0.321484 0.00625 0.321484 0.027604 0.300391 0.027604
0 0.304297 0.038542 0.326953 0.038542 0.326953 0.058333 0.304297 0.058333
0 0.303516 0.078125 0.322266 0.078125 0.322266 0.104167 0.303516 0.104167
0 0.266406 0.078125 0.285547 0.078125 0.285547 0.10625 0.266406 0.10625
0 0.264453 0.036458 0.289453 0.036458 0.289453 0.055729 0.264453 0.055729
0 0.283203 0.128646 0.296094 0.128646 0.296094 0.15625 0.283203 0.15625
0 0.43125 0.003125 0.450391 0.003125 0.450391 0.023438 0.43125 0.023438
0 0.428125 0.044792 0.445703 0.044792 0.445703 0.063542 0.428125 0.063542
0 0.386719 0.102604 0.403516 0.102604 0.403516 0.129167 0.386719 0.129167
0 0.375781 0.139583 0.400391 0.139583 0.400391 0.158854 0.375781 0.158854
0 0.392188 0.168229 0.408984 0.168229 0.408984 0.198958 0.392188 0.198958
0 0.341406 0.166667 0.359766 0.166667 0.359766 0.19375 0.341406 0.19375
0 0.359766 0.176042 0.379688 0.176042 0.379688 0.199479 0.359766 0.199479
0 0.412109 0.205729 0.4375 0.205729 0.4375 0.230208 0.412109 0.230208
0 0.416797 0.154167 0.434766 0.154167 0.434766 0.182812 0.416797 0.182812
0 0.447266 0.140104 0.467578 0.140104 0.467578 0.164062 0.447266 0.164062
0 0.445312 0.102604 0.468359 0.102604 0.468359 0.125521 0.445312 0.125521
0 0.481641 0.125 0.503906 0.125 0.503906 0.148958 0.481641 0.148958
0 0.513281 0.147396 0.528516 0.147396 0.528516 0.173958 0.513281 0.173958
0 0.467969 0.176562 0.485938 0.176562 0.485938 0.200521 0.467969 0.200521
0 0.510547 0.183854 0.528906 0.183854 0.528906 0.208333 0.510547 0.208333
0 0.544141 0.154688 0.559766 0.154688 0.559766 0.182812 0.544141 0.182812
0 0.487109 0.096875 0.505078 0.096875 0.505078 0.119271 0.487109 0.119271
0 0.522656 0.009375 0.545703 0.009375 0.545703 0.028125 0.522656 0.028125
0 0.553906 0.025 0.571875 0.025 0.571875 0.051042 0.553906 0.051042
0 0.61875 0.028646 0.636328 0.028646 0.636328 0.057292 0.61875 0.057292
0 0.588672 0.061979 0.610547 0.061979 0.610547 0.083854 0.588672 0.083854
0 0.587109 0.092708 0.610156 0.092708 0.610156 0.114583 0.587109 0.114583
0 0.622266 0.075 0.642969 0.075 0.642969 0.098438 0.622266 0.098438
0 0.634375 0.108333 0.650781 0.108333 0.650781 0.130729 0.634375 0.130729
0 0.662891 0.034896 0.679297 0.034896 0.679297 0.065104 0.662891 0.065104
0 0.674219 0.006771 0.692578 0.006771 0.692578 0.027083 0.674219 0.027083
0 0.681641 0.086979 0.704688 0.086979 0.704688 0.111458 0.681641 0.111458
0 0.708984 0.007812 0.728516 0.007812 0.728516 0.030729 0.708984 0.030729
0 0.752344 0.063542 0.772266 0.063542 0.772266 0.086979 0.752344 0.086979
0 0.744922 0.121354 0.766406 0.121354 0.766406 0.142188 0.744922 0.142188
0 0.755469 0.004167 0.780078 0.004167 0.780078 0.026562 0.755469 0.026562
0 0.772266 0.097396 0.796484 0.097396 0.796484 0.118229 0.772266 0.118229
0 0.801172 0.113542 0.819531 0.113542 0.819531 0.138021 0.801172 0.138021
0 0.785156 0.139583 0.806641 0.139583 0.806641 0.161979 0.785156 0.161979
0 0.785156 0.171354 0.810938 0.171354 0.810938 0.192708 0.785156 0.192708
0 0.814844 0.189583 0.834375 0.189583 0.834375 0.213021 0.814844 0.213021
0 0.846094 0.16875 0.864453 0.16875 0.864453 0.196875 0.846094 0.196875
0 0.822656 0.076042 0.84375 0.076042 0.84375 0.095833 0.822656 0.095833
0 0.829688 0.04375 0.853125 0.04375 0.853125 0.064062 0.829688 0.064062
0 0.839062 0.015625 0.861719 0.015625 0.861719 0.033333 0.839062 0.033333
0 0.747656 0.217188 0.772656 0.217188 0.772656 0.241146 0.747656 0.241146
0 0.719922 0.258854 0.740234 0.258854 0.740234 0.282292 0.719922 0.282292
0 0.578906 0.224479 0.600781 0.224479 0.600781 0.246354 0.578906 0.246354
0 0.553906 0.196354 0.572266 0.196354 0.572266 0.222396 0.553906 0.222396
0 0.579688 0.179167 0.599609 0.179167 0.599609 0.200521 0.579688 0.200521
0 0.542578 0.238021 0.562109 0.238021 0.562109 0.261979 0.542578 0.261979
0 0.940625 0.069271 0.965625 0.069271 0.965625 0.088542 0.940625 0.088542
0 0.910547 0.059896 0.935547 0.059896 0.935547 0.081771 0.910547 0.081771
0 0.86875 0.052083 0.891406 0.052083 0.891406 0.074479 0.86875 0.074479
0 0.893359 0.089062 0.908203 0.089062 0.908203 0.115104 0.893359 0.115104
0 0.838281 0.113021 0.853906 0.113021 0.853906 0.1375 0.838281 0.1375
0 0.866016 0.133333 0.888281 0.133333 0.888281 0.156771 0.866016 0.156771
0 0.903906 0.140625 0.924219 0.140625 0.924219 0.158854 0.903906 0.158854
0 0.944531 0.116146 0.961719 0.116146 0.961719 0.144792 0.944531 0.144792
0 0.965234 0.117188 0.982812 0.117188 0.982812 0.138542 0.965234 0.138542
0 0.950391 0.163021 0.967969 0.163021 0.967969 0.192188 0.950391 0.192188
0 0.911328 0.011458 0.933203 0.011458 0.933203 0.029688 0.911328 0.029688
0 0.964062 0.011979 0.980859 0.011979 0.980859 0.031771 0.964062 0.031771
0 0.882031 0.2 0.905469 0.2 0.905469 0.219271 0.882031 0.219271
0 0.914844 0.223958 0.932812 0.223958 0.932812 0.24375 0.914844 0.24375
0 0.944922 0.209896 0.963281 0.209896 0.963281 0.232812 0.944922 0.232812
0 0.979688 0.216667 0.999609 0.216667 0.999609 0.239062 0.979688 0.239062
0 0.875781 0.245312 0.896875 0.245312 0.896875 0.26875 0.875781 0.26875
0 0.841016 0.2375 0.860938 0.2375 0.860938 0.259896 0.841016 0.259896
0 0.922656 0.269792 0.940625 0.269792 0.940625 0.297917 0.922656 0.297917
0 0.953516 0.269792 0.974609 0.269792 0.974609 0.29375 0.953516 0.29375
0 0.936328 0.297396 0.960547 0.297396 0.960547 0.318229 0.936328 0.318229
0 0.884766 0.298958 0.909766 0.298958 0.909766 0.321875 0.884766 0.321875
0 0.851562 0.294792 0.86875 0.294792 0.86875 0.318229 0.851562 0.318229
0 0.884766 0.339062 0.904688 0.339062 0.904688 0.364583 0.884766 0.364583
0 0.899219 0.380729 0.924219 0.380729 0.924219 0.403125 0.899219 0.403125
0 0.916016 0.339583 0.935938 0.339583 0.935938 0.3625 0.916016 0.3625
0 0.941016 0.336979 0.957812 0.336979 0.957812 0.3625 0.941016 0.3625
0 0.954297 0.358854 0.976953 0.358854 0.976953 0.384375 0.954297 0.384375
0 0.846875 0.340104 0.864453 0.340104 0.864453 0.367188 0.846875 0.367188
0 0.898828 0.555729 0.921875 0.555729 0.921875 0.575521 0.898828 0.575521
0 0.884375 0.590625 0.907422 0.590625 0.907422 0.614583 0.884375 0.614583
0 0.899609 0.629167 0.919141 0.629167 0.919141 0.655729 0.899609 0.655729
0 0.924609 0.664062 0.948828 0.664062 0.948828 0.685417 0.924609 0.685417
0 0.930859 0.614583 0.949609 0.614583 0.949609 0.641667 0.930859 0.641667
0 0.965625 0.540104 0.983594 0.540104 0.983594 0.564062 0.965625 0.564062
0 0.969531 0.611458 0.989453 0.611458 0.989453 0.628125 0.969531 0.628125
0 0.853125 0.660938 0.873047 0.660938 0.873047 0.688542 0.853125 0.688542
0 0.878906 0.708333 0.899219 0.708333 0.899219 0.736979 0.878906 0.736979
0 0.915234 0.706771 0.933203 0.706771 0.933203 0.731771 0.915234 0.731771
0 0.942969 0.706771 0.958984 0.706771 0.958984 0.73125 0.942969 0.73125
0 0.814453 0.65625 0.839062 0.65625 0.839062 0.676562 0.814453 0.676562
0 0.811328 0.677604 0.830078 0.677604 0.830078 0.698438 0.811328 0.698438
0 0.826562 0.708854 0.850391 0.708854 0.850391 0.73125 0.826562 0.73125
0 0.836328 0.456771 0.853516 0.456771 0.853516 0.480208 0.836328 0.480208
0 0.803516 0.489583 0.823047 0.489583 0.823047 0.516146 0.803516 0.516146
0 0.798438 0.534375 0.821094 0.534375 0.821094 0.555729 0.798438 0.555729
0 0.891016 0.798438 0.908203 0.798438 0.908203 0.822396 0.891016 0.822396
0 0.875781 0.848958 0.890234 0.848958 0.890234 0.875521 0.875781 0.875521
0 0.908984 0.873438 0.933594 0.873438 0.933594 0.894792 0.908984 0.894792
0 0.917188 0.760417 0.939844 0.760417 0.939844 0.784375 0.917188 0.784375
0 0.963281 0.752604 0.989453 0.752604 0.989453 0.770312 0.963281 0.770312
0 0.941016 0.803125 0.961719 0.803125 0.961719 0.828646 0.941016 0.828646
0 0.972266 0.803646 0.992578 0.803646 0.992578 0.827604 0.972266 0.827604
0 0.922656 0.830208 0.942969 0.830208 0.942969 0.858333 0.922656 0.858333
0 0.955859 0.843229 0.974219 0.843229 0.974219 0.870833 0.955859 0.870833
0 0.979688 0.859896 0.997266 0.859896 0.997266 0.8875 0.979688 0.8875
0 0.948828 0.886979 0.967188 0.886979 0.967188 0.915625 0.948828 0.915625
0 0.96875 0.909896 0.986719 0.909896 0.986719 0.938542 0.96875 0.938542
0 0.923438 0.909375 0.941406 0.909375 0.941406 0.933333 0.923438 0.933333
0 0.861328 0.771875 0.877344 0.771875 0.877344 0.797396 0.861328 0.797396
0 0.878516 0.75 0.901953 0.75 0.901953 0.773958 0.878516 0.773958
0 0.828516 0.738542 0.852344 0.738542 0.852344 0.757292 0.828516 0.757292
0 0.732422 0.766667 0.749609 0.766667 0.749609 0.796875 0.732422 0.796875
0 0.755469 0.774479 0.775 0.774479 0.775 0.799479 0.755469 0.799479
0 0.764062 0.802604 0.783984 0.802604 0.783984 0.823958 0.764062 0.823958
0 0.786719 0.767188 0.803516 0.767188 0.803516 0.792708 0.786719 0.792708
0 0.715234 0.688542 0.739453 0.688542 0.739453 0.709896 0.715234 0.709896
0 0.690625 0.7 0.713672 0.7 0.713672 0.719271 0.690625 0.719271
0 0.710547 0.722917 0.731641 0.722917 0.731641 0.747396 0.710547 0.747396
0 0.691406 0.761979 0.713672 0.761979 0.713672 0.782812 0.691406 0.782812
0 0.710547 0.813542 0.730469 0.813542 0.730469 0.840625 0.710547 0.840625
0 0.742969 0.819792 0.765625 0.819792 0.765625 0.846875 0.742969 0.846875
0 0.771484 0.823438 0.797656 0.823438 0.797656 0.85 0.771484 0.85
0 0.783984 0.869271 0.809766 0.869271 0.809766 0.892708 0.783984 0.892708
0 0.753906 0.864583 0.772266 0.864583 0.772266 0.888542 0.753906 0.888542
0 0.717188 0.852604 0.740625 0.852604 0.740625 0.878646 0.717188 0.878646
0 0.680859 0.828646 0.703516 0.828646 0.703516 0.852604 0.680859 0.852604
0 0.682422 0.861458 0.701953 0.861458 0.701953 0.884375 0.682422 0.884375
0 0.680078 0.897917 0.698438 0.897917 0.698438 0.921354 0.680078 0.921354
0 0.703906 0.905729 0.71875 0.905729 0.71875 0.93125 0.703906 0.93125
0 0.730859 0.908854 0.753906 0.908854 0.753906 0.930729 0.730859 0.930729
0 0.766406 0.922396 0.7875 0.922396 0.7875 0.94375 0.766406 0.94375
0 0.791016 0.944271 0.807422 0.944271 0.807422 0.963021 0.791016 0.963021
0 0.760156 0.946354 0.782031 0.946354 0.782031 0.96875 0.760156 0.96875
0 0.746875 0.978646 0.766797 0.978646 0.766797 0.999479 0.746875 0.999479
0 0.702734 0.963542 0.725781 0.963542 0.725781 0.990104 0.702734 0.990104
0 0.557812 0.770833 0.58125 0.770833 0.58125 0.792708 0.557812 0.792708
0 0.565625 0.823958 0.591016 0.823958 0.591016 0.847917 0.565625 0.847917
0 0.627734 0.836979 0.642969 0.836979 0.642969 0.861458 0.627734 0.861458
0 0.530078 0.898958 0.547656 0.898958 0.547656 0.919271 0.530078 0.919271
0 0.522266 0.859375 0.541016 0.859375 0.541016 0.8875 0.522266 0.8875
0 0.557422 0.867188 0.577344 0.867188 0.577344 0.891146 0.557422 0.891146
0 0.608203 0.894792 0.622656 0.894792 0.622656 0.917188 0.608203 0.917188
0 0.527344 0.742708 0.545703 0.742708 0.545703 0.767708 0.527344 0.767708
0 0.515625 0.79375 0.532422 0.79375 0.532422 0.819792 0.515625 0.819792
0 0.510156 0.680208 0.528125 0.680208 0.528125 0.70625 0.510156 0.70625
0 0.678516 0.798958 0.702344 0.798958 0.702344 0.821354 0.678516 0.821354
0 0.679297 0.505729 0.694922 0.505729 0.694922 0.532812 0.679297 0.532812
0 0.694141 0.525 0.715234 0.525 0.715234 0.544271 0.694141 0.544271
0 0.705859 0.555208 0.720703 0.555208 0.720703 0.58125 0.705859 0.58125
0 0.70625 0.586458 0.726562 0.586458 0.726562 0.609896 0.70625 0.609896
0 0.752734 0.538542 0.773828 0.538542 0.773828 0.559896 0.752734 0.559896
0 0.767188 0.489583 0.786328 0.489583 0.786328 0.515104 0.767188 0.515104
0 0.636328 0.382812 0.653516 0.382812 0.653516 0.406771 0.636328 0.406771
0 0.660547 0.365625 0.676172 0.365625 0.676172 0.394792 0.660547 0.394792
0 0.663672 0.408333 0.678125 0.408333 0.678125 0.430208 0.663672 0.430208
0 0.677734 0.452083 0.693359 0.452083 0.693359 0.483333 0.677734 0.483333
0 0.721875 0.473438 0.739062 0.473438 0.739062 0.505729 0.721875 0.505729
0 0.748047 0.461458 0.767578 0.461458 0.767578 0.482812 0.748047 0.482812
0 0.773828 0.439583 0.793359 0.439583 0.793359 0.463542 0.773828 0.463542
0 0.748047 0.338542 0.76875 0.338542 0.76875 0.361979 0.748047 0.361979
0 0.746094 0.371354 0.767578 0.371354 0.767578 0.393229 0.746094 0.393229
0 0.616797 0.410938 0.637891 0.410938 0.637891 0.438021 0.616797 0.438021
0 0.637891 0.445833 0.655078 0.445833 0.655078 0.466146 0.637891 0.466146
0 0.625391 0.477604 0.646484 0.477604 0.646484 0.501562 0.625391 0.501562
0 0.719531 0.416146 0.741406 0.416146 0.741406 0.439062 0.719531 0.439062
0 0.779688 0.40625 0.800781 0.40625 0.800781 0.425521 0.779688 0.425521
0 0.806641 0.435417 0.823047 0.435417 0.823047 0.461458 0.806641 0.461458
0 0.612891 0.542708 0.633984 0.542708 0.633984 0.566146 0.612891 0.566146
0 0.647266 0.550521 0.664062 0.550521 0.664062 0.571354 0.647266 0.571354
0 0.589453 0.443229 0.604297 0.443229 0.604297 0.470833 0.589453 0.470833
0 0.682812 0.329167 0.699609 0.329167 0.699609 0.354688 0.682812 0.354688
0 0.674219 0.594792 0.694922 0.594792 0.694922 0.616667 0.674219 0.616667
0 0.670312 0.564062 0.689453 0.564062 0.689453 0.585417 0.670312 0.585417
0 0.642578 0.594271 0.661719 0.594271 0.661719 0.617188 0.642578 0.617188
0 0.6125 0.604167 0.631641 0.604167 0.631641 0.625521 0.6125 0.625521
0 0.604297 0.580729 0.623047 0.580729 0.623047 0.602604 0.604297 0.602604
0 0.712109 0.330208 0.73125 0.330208 0.73125 0.354688 0.712109 0.354688
0 0.702344 0.300521 0.721875 0.300521 0.721875 0.31875 0.702344 0.31875
0 0.657031 0.291667 0.675391 0.291667 0.675391 0.322917 0.657031 0.322917
0 0.633594 0.292708 0.651172 0.292708 0.651172 0.322396 0.633594 0.322396
0 0.726562 0.289062 0.744141 0.289062 0.744141 0.304167 0.726562 0.304167
0 0.660156 0.227083 0.679688 0.227083 0.679688 0.244271 0.660156 0.244271
0 0.518359 0.293229 0.533594 0.293229 0.533594 0.321875 0.518359 0.321875
0 0.544922 0.317708 0.564844 0.317708 0.564844 0.342708 0.544922 0.342708
0 0.517188 0.346875 0.535156 0.346875 0.535156 0.380208 0.517188 0.380208
0 0.543359 0.285938 0.563281 0.285938 0.563281 0.310417 0.543359 0.310417
0 0.494922 0.248958 0.51875 0.248958 0.51875 0.269271 0.494922 0.269271
0 0.489062 0.280729 0.506641 0.280729 0.506641 0.305729 0.489062 0.305729
0 0.456641 0.278125 0.480078 0.278125 0.480078 0.298438 0.456641 0.298438
0 0.477344 0.376562 0.495703 0.376562 0.495703 0.403125 0.477344 0.403125
0 0.538672 0.399479 0.555078 0.399479 0.555078 0.429167 0.538672 0.429167
0 0.566406 0.438021 0.583984 0.438021 0.583984 0.464062 0.566406 0.464062
0 0.472266 0.309896 0.488672 0.309896 0.488672 0.333333 0.472266 0.333333
0 0.453906 0.335417 0.469922 0.335417 0.469922 0.363021 0.453906 0.363021
0 0.587891 0.380208 0.602344 0.380208 0.602344 0.408854 0.587891 0.408854
0 0.555078 0.481771 0.572656 0.481771 0.572656 0.511458 0.555078 0.511458
0 0.525781 0.466667 0.541406 0.466667 0.541406 0.495312 0.525781 0.495312
0 0.509375 0.452604 0.527344 0.452604 0.527344 0.483333 0.509375 0.483333
0 0.514062 0.508333 0.53125 0.508333 0.53125 0.534375 0.514062 0.534375
0 0.494141 0.503125 0.5125 0.503125 0.5125 0.535417 0.494141 0.535417
0 0.642188 0.499479 0.660547 0.499479 0.660547 0.519792 0.642188 0.519792
0 0.396094 0.268229 0.414062 0.268229 0.414062 0.296354 0.396094 0.296354
0 0.421094 0.297917 0.441016 0.297917 0.441016 0.317188 0.421094 0.317188
0 0.403125 0.319271 0.422266 0.319271 0.422266 0.341146 0.403125 0.341146
0 0.425781 0.340104 0.441797 0.340104 0.441797 0.36875 0.425781 0.36875
0 0.434375 0.242188 0.451562 0.242188 0.451562 0.266667 0.434375 0.266667
0 0.381641 0.226562 0.400781 0.226562 0.400781 0.25 0.381641 0.25
0 0.282031 0.306771 0.298828 0.306771 0.298828 0.335938 0.282031 0.335938
0 0.325391 0.325521 0.344531 0.325521 0.344531 0.352604 0.325391 0.352604
0 0.360938 0.375521 0.377344 0.375521 0.377344 0.402604 0.360938 0.402604
0 0.328516 0.374479 0.353125 0.374479 0.353125 0.398958 0.328516 0.398958
0 0.305469 0.364583 0.321094 0.364583 0.321094 0.388542 0.305469 0.388542
0 0.278516 0.354167 0.294922 0.354167 0.294922 0.380208 0.278516 0.380208
0 0.267969 0.393229 0.283594 0.393229 0.283594 0.423958 0.267969 0.423958
0 0.219531 0.326562 0.234766 0.326562 0.234766 0.355729 0.219531 0.355729
0 0.240625 0.335938 0.260547 0.335938 0.260547 0.359896 0.240625 0.359896
0 0.260547 0.295833 0.275 0.295833 0.275 0.323438 0.260547 0.323438
0 0.198438 0.281771 0.212891 0.281771 0.212891 0.309896 0.198438 0.309896
0 0.158984 0.257292 0.178125 0.257292 0.178125 0.280208 0.158984 0.280208
0 0.1875 0.253125 0.201562 0.253125 0.201562 0.279688 0.1875 0.279688
0 0.09375 0.239062 0.114062 0.239062 0.114062 0.259375 0.09375 0.259375
0 0.037891 0.214583 0.055859 0.214583 0.055859 0.234896 0.037891 0.234896
0 0.036328 0.251563 0.054688 0.251563 0.054688 0.269271 0.036328 0.269271
0 0.078125 0.195312 0.094141 0.195312 0.094141 0.215625 0.078125 0.215625
0 0.070703 0.233333 0.0875 0.233333 0.0875 0.255208 0.070703 0.255208
0 0.073438 0.267188 0.095312 0.267188 0.095312 0.284375 0.073438 0.284375
0 0.122656 0.291146 0.140234 0.291146 0.140234 0.316667 0.122656 0.316667
0 0.083984 0.3 0.105078 0.3 0.105078 0.321354 0.083984 0.321354
0 0.085547 0.323438 0.104688 0.323438 0.104688 0.34375 0.085547 0.34375
0 0.127344 0.331771 0.146484 0.331771 0.146484 0.354167 0.127344 0.354167
0 0.155469 0.34375 0.176172 0.34375 0.176172 0.364583 0.155469 0.364583
0 0.193359 0.382812 0.212109 0.382812 0.212109 0.405729 0.193359 0.405729
0 0.247266 0.365625 0.267969 0.365625 0.267969 0.386458 0.247266 0.386458
0 0.098047 0.409896 0.114062 0.409896 0.114062 0.433333 0.098047 0.433333
0 0.126562 0.398438 0.144922 0.398438 0.144922 0.423438 0.126562 0.423438
0 0.155469 0.410938 0.177344 0.410938 0.177344 0.430729 0.155469 0.430729
0 0.109766 0.351562 0.129297 0.351562 0.129297 0.375 0.109766 0.375
0 0.078125 0.371875 0.096484 0.371875 0.096484 0.402604 0.078125 0.402604
0 0.405078 0.465104 0.423828 0.465104 0.423828 0.490625 0.405078 0.490625
0 0.410938 0.420312 0.428516 0.420312 0.428516 0.448438 0.410938 0.448438
0 0.423047 0.486979 0.441016 0.486979 0.441016 0.511458 0.423047 0.511458
0 0.410547 0.517188 0.429297 0.517188 0.429297 0.546354 0.410547 0.546354
0 0.398438 0.546354 0.41875 0.546354 0.41875 0.56875 0.398438 0.56875
0 0.358984 0.514583 0.381641 0.514583 0.381641 0.5375 0.358984 0.5375
0 0.367578 0.468229 0.389453 0.468229 0.389453 0.492708 0.367578 0.492708
0 0.375 0.425521 0.393359 0.425521 0.393359 0.453125 0.375 0.453125
0 0.377344 0.391667 0.398047 0.391667 0.398047 0.416146 0.377344 0.416146
0 0.339062 0.417188 0.359375 0.417188 0.359375 0.444792 0.339062 0.444792
0 0.306641 0.411458 0.322656 0.411458 0.322656 0.440625 0.306641 0.440625
0 0.333203 0.494271 0.350781 0.494271 0.350781 0.519792 0.333203 0.519792
0 0.363672 0.551562 0.385938 0.551562 0.385938 0.572917 0.363672 0.572917
0 0.460547 0.596875 0.486719 0.596875 0.486719 0.619271 0.460547 0.619271
0 0.345312 0.572917 0.366016 0.572917 0.366016 0.594792 0.345312 0.594792
0 0.318359 0.523438 0.335938 0.523438 0.335938 0.549479 0.318359 0.549479
0 0.454297 0.654167 0.476562 0.654167 0.476562 0.683333 0.454297 0.683333
0 0.489062 0.657812 0.505859 0.657812 0.505859 0.681771 0.489062 0.681771
0 0.460156 0.6875 0.482422 0.6875 0.482422 0.708333 0.460156 0.708333
0 0.492188 0.706771 0.512891 0.706771 0.512891 0.730208 0.492188 0.730208
0 0.462109 0.743229 0.485156 0.743229 0.485156 0.764583 0.462109 0.764583
0 0.490625 0.765625 0.510156 0.765625 0.510156 0.7875 0.490625 0.7875
0 0.432812 0.689062 0.451953 0.689062 0.451953 0.714062 0.432812 0.714062
0 0.415625 0.726042 0.433594 0.726042 0.433594 0.757812 0.415625 0.757812
0 0.425 0.763542 0.447656 0.763542 0.447656 0.786979 0.425 0.786979
0 0.477344 0.800521 0.494922 0.800521 0.494922 0.823958 0.477344 0.823958
0 0.501562 0.830208 0.523828 0.830208 0.523828 0.852083 0.501562 0.852083
0 0.475 0.846875 0.495312 0.846875 0.495312 0.873958 0.475 0.873958
0 0.472656 0.89375 0.489453 0.89375 0.489453 0.920833 0.472656 0.920833
0 0.490625 0.900521 0.506641 0.900521 0.506641 0.930208 0.490625 0.930208
0 0.433203 0.847396 0.455078 0.847396 0.455078 0.866146 0.433203 0.866146
0 0.412109 0.813021 0.428906 0.813021 0.428906 0.836979 0.412109 0.836979
0 0.408594 0.875 0.424219 0.875 0.424219 0.901562 0.408594 0.901562
0 0.4375 0.875521 0.454688 0.875521 0.454688 0.896875 0.4375 0.896875
0 0.485156 0.942188 0.501172 0.942188 0.501172 0.972396 0.485156 0.972396
0 0.514062 0.945312 0.532031 0.945312 0.532031 0.968229 0.514062 0.968229
0 0.552734 0.948438 0.567578 0.948438 0.567578 0.977604 0.552734 0.977604
0 0.576953 0.939062 0.595312 0.939062 0.595312 0.970312 0.576953 0.970312
0 0.611328 0.964583 0.626172 0.964583 0.626172 0.983333 0.611328 0.983333
0 0.245703 0.644271 0.264453 0.644271 0.264453 0.671875 0.245703 0.671875
0 0.277344 0.642708 0.296094 0.642708 0.296094 0.664062 0.277344 0.664062
0 0.269141 0.672396 0.291797 0.672396 0.291797 0.697917 0.269141 0.697917
0 0.308984 0.661458 0.330469 0.661458 0.330469 0.6875 0.308984 0.6875
0 0.378125 0.669792 0.394141 0.669792 0.394141 0.699479 0.378125 0.699479
0 0.303516 0.703646 0.319141 0.703646 0.319141 0.729167 0.303516 0.729167
0 0.326562 0.721875 0.347266 0.721875 0.347266 0.746875 0.326562 0.746875
0 0.385156 0.733333 0.401953 0.733333 0.401953 0.75625 0.385156 0.75625
0 0.338281 0.770833 0.358203 0.770833 0.358203 0.796354 0.338281 0.796354
0 0.310156 0.764062 0.332422 0.764062 0.332422 0.786458 0.310156 0.786458
0 0.297656 0.783854 0.315234 0.783854 0.315234 0.8125 0.297656 0.8125
0 0.318359 0.813021 0.339453 0.813021 0.339453 0.834375 0.318359 0.834375
0 0.222266 0.746875 0.238672 0.746875 0.238672 0.779688 0.222266 0.779688
0 0.20625 0.763542 0.225 0.763542 0.225 0.79375 0.20625 0.79375
0 0.193359 0.572396 0.216797 0.572396 0.216797 0.595312 0.193359 0.595312
0 0.267188 0.779167 0.285938 0.779167 0.285938 0.811458 0.267188 0.811458
0 0.250781 0.800521 0.266016 0.800521 0.266016 0.828646 0.250781 0.828646
0 0.274609 0.833333 0.297266 0.833333 0.297266 0.858854 0.274609 0.858854
0 0.260938 0.450521 0.277734 0.450521 0.277734 0.475521 0.260938 0.475521
0 0.216016 0.465104 0.233203 0.465104 0.233203 0.495312 0.216016 0.495312
0 0.207422 0.532292 0.226172 0.532292 0.226172 0.561979 0.207422 0.561979
0 0.174609 0.523438 0.192969 0.523438 0.192969 0.553646 0.174609 0.553646
0 0.182031 0.478125 0.198828 0.478125 0.198828 0.509896 0.182031 0.509896
0 0.161719 0.446875 0.177734 0.446875 0.177734 0.471354 0.161719 0.471354
0 0.13125 0.471875 0.152734 0.471875 0.152734 0.489062 0.13125 0.489062
0 0.131641 0.439583 0.149609 0.439583 0.149609 0.460938 0.131641 0.460938
0 0.249219 0.498438 0.272266 0.498438 0.272266 0.520312 0.249219 0.520312
0 0.252344 0.529688 0.266797 0.529688 0.266797 0.554167 0.252344 0.554167
0 0.297266 0.521354 0.3125 0.521354 0.3125 0.543229 0.297266 0.543229
0 0.116406 0.506771 0.132031 0.506771 0.132031 0.538542 0.116406 0.538542
0 0.290625 0.469792 0.30625 0.469792 0.30625 0.496354 0.290625 0.496354
0 0.316406 0.455208 0.330469 0.455208 0.330469 0.474479 0.316406 0.474479
0 0.096875 0.477083 0.118359 0.477083 0.118359 0.497396 0.096875 0.497396
0 0.230859 0.440625 0.247656 0.440625 0.247656 0.463021 0.230859 0.463021
0 0.013281 0.701042 0.030859 0.701042 0.030859 0.724479 0.013281 0.724479
0 0.019141 0.740625 0.035938 0.740625 0.035938 0.766146 0.019141 0.766146
0 0.060547 0.746875 0.080859 0.746875 0.080859 0.775 0.060547 0.775
0 0.047656 0.706771 0.064844 0.706771 0.064844 0.733854 0.047656 0.733854
0 0.095312 0.780729 0.115234 0.780729 0.115234 0.806771 0.095312 0.806771
0 0.063281 0.796875 0.080859 0.796875 0.080859 0.825521 0.063281 0.825521
0 0.361328 0.891146 0.380469 0.891146 0.380469 0.915104 0.361328 0.915104
0 0.376562 0.835417 0.395312 0.835417 0.395312 0.858854 0.376562 0.858854
0 0.320703 0.854167 0.345312 0.854167 0.345312 0.875521 0.320703 0.875521
0 0.304297 0.902083 0.326562 0.902083 0.326562 0.928125 0.304297 0.928125
0 0.332812 0.933854 0.349609 0.933854 0.349609 0.956771 0.332812 0.956771
0 0.285547 0.936458 0.3 0.936458 0.3 0.963542 0.285547 0.963542
0 0.275 0.905208 0.295703 0.905208 0.295703 0.923438 0.275 0.923438
0 0.26875 0.878125 0.292188 0.878125 0.292188 0.902083 0.26875 0.902083
0 0.324609 0.977083 0.344141 0.977083 0.344141 0.999479 0.324609 0.999479
0 0.355078 0.923958 0.377734 0.923958 0.377734 0.946875 0.355078 0.946875
0 0.360547 0.795312 0.382812 0.795312 0.382812 0.817708 0.360547 0.817708
0 0.394141 0.792708 0.414844 0.792708 0.414844 0.8125 0.394141 0.8125
0 0.125391 0.857292 0.142969 0.857292 0.142969 0.88125 0.125391 0.88125
0 0.081641 0.875 0.104297 0.875 0.104297 0.894271 0.081641 0.894271
0 0.107812 0.915104 0.123438 0.915104 0.123438 0.935417 0.107812 0.935417
0 0.116406 0.967188 0.133984 0.967188 0.133984 0.985417 0.116406 0.985417
0 0.028125 0.768229 0.050391 0.768229 0.050391 0.788542 0.028125 0.788542
0 0.025391 0.813542 0.042969 0.813542 0.042969 0.832292 0.025391 0.832292
0 0.078906 0.910938 0.099609 0.910938 0.099609 0.928125 0.078906 0.928125
0 0.030859 0.906771 0.048828 0.906771 0.048828 0.926042 0.030859 0.926042