0 0.015625 0.009896 0.037891 0.009896 0.037891 0.030208 0.015625 0.030208
0 0.009375 0.032812 0.030469 0.032812 0.030469 0.052083 0.009375 0.052083
0 0.083984 0.114062 0.104297 0.114062 0.104297 0.139062 0.083984 0.139062
0 0.046094 0.105729 0.065625 0.105729 0.065625 0.125 0.046094 0.125
0 0.036719 0.147917 0.054688 0.147917 0.054688 0.171354 0.036719 0.171354
0 0.0 0.152083 0.019531 0.152083 0.019531 0.177083 0.0 0.177083
0 0.021875 0.209375 0.038672 0.209375 0.038672 0.230729 0.021875 0.230729
0 0.062891 0.179167 0.080469 0.179167 0.080469 0.204167 0.062891 0.204167
0 0.063672 0.216667 0.082422 0.216667 0.082422 0.241667 0.063672 0.241667
0 0.092188 0.158333 0.1125 0.158333 0.1125 0.180729 0.092188 0.180729
0 0.121484 0.105729 0.142969 0.105729 0.142969 0.127083 0.121484 0.127083
0 0.111719 0.133854 0.125391 0.133854 0.125391 0.155208 0.111719 0.155208
0 0.121094 0.170312 0.139062 0.170312 0.139062 0.189062 0.121094 0.189062
0 0.139844 0.143229 0.159375 0.143229 0.159375 0.165104 0.139844 0.165104
0 0.107422 0.201042 0.125781 0.201042 0.125781 0.226562 0.107422 0.226562
0 0.145312 0.018229 0.166797 0.018229 0.166797 0.036979 0.145312 0.036979
0 0.150781 0.061979 0.168359 0.061979 0.168359 0.086458 0.150781 0.086458
0 0.180859 0.034375 0.196094 0.034375 0.196094 0.0625 0.180859 0.0625
0 0.248047 0.0375 0.263281 0.0375 0.263281 0.057812 0.248047 0.057812
0 0.241016 0.080208 0.259766 0.080208 0.259766 0.105729 0.241016 0.105729
0 0.190234 0.101042 0.20625 0.101042 0.20625 0.133854 0.190234 0.133854
0 0.219141 0.116146 0.241016 0.116146 0.241016 0.144271 0.219141 0.144271
0 0.198438 0.140625 0.216406 0.140625 0.216406 0.166667 0.198438 0.166667
0 0.298047 0.028646 0.313672 0.028646 0.313672 0.057292 0.298047 0.057292
0 0.276953 0.109896 0.294531 0.109896 0.294531 0.133854 0.276953 0.133854
0 0.283594 0.15 0.305078 0.15 0.305078 0.180729 0.283594 0.180729
0 0.220703 0.15 0.239453 0.15 0.239453 0.172917 0.220703 0.172917
0 0.326562 0.046354 0.341797 0.046354 0.341797 0.076042 0.326562 0.076042
0 0.322266 0.000521 0.339844 0.000521 0.339844 0.027083 0.322266 0.027083
0 0.262891 0.003646 0.280469 0.003646 0.280469 0.022917 0.262891 0.022917
0 0.250391 0.167708 0.267188 0.167708 0.267188 0.19375 0.250391 0.19375
0 0.179688 0.179167 0.194922 0.179167 0.194922 0.206771 0.179688 0.206771
0 0.199609 0.215625 0.216406 0.215625 0.216406 0.246875 0.199609 0.246875
0 0.233203 0.226562 0.249609 0.226562 0.249609 0.252083 0.233203 0.252083
0 0.260938 0.216667 0.281641 0.216667 0.281641 0.2375 0.260938 0.2375
0 0.152344 0.227604 0.165234 0.227604 0.165234 0.251563 0.152344 0.251563
0 0.121875 0.245833 0.138672 0.245833 0.138672 0.26875 0.121875 0.26875
0 0.132031 0.310417 0.147266 0.310417 0.147266 0.329688 0.132031 0.329688
0 0.070703 0.301042 0.087891 0.301042 0.087891 0.323958 0.070703 0.323958
0 0.099609 0.324479 0.115625 0.324479 0.115625 0.350521 0.099609 0.350521
0 0.108203 0.365625 0.120703 0.365625 0.120703 0.395312 0.108203 0.395312
0 0.04375 0.372917 0.065625 0.372917 0.065625 0.389062 0.04375 0.389062
0 0.085547 0.398958 0.101172 0.398958 0.101172 0.422396 0.085547 0.422396
0 0.049609 0.414062 0.064453 0.414062 0.064453 0.438021 0.049609 0.438021
0 0.066016 0.455208 0.090234 0.455208 0.090234 0.475 0.066016 0.475
0 0.017969 0.4875 0.041406 0.4875 0.041406 0.504167 0.017969 0.504167
0 0.073828 0.490625 0.092969 0.490625 0.092969 0.511458 0.073828 0.511458
0 0.051172 0.508333 0.065625 0.508333 0.065625 0.536458 0.051172 0.536458
0 0.016016 0.519271 0.031641 0.519271 0.031641 0.533854 0.016016 0.533854
0 0.110156 0.471354 0.129297 0.471354 0.129297 0.488542 0.110156 0.488542
0 0.141406 0.430208 0.159766 0.430208 0.159766 0.452083 0.141406 0.452083
0 0.110156 0.428125 0.125 0.428125 0.125 0.449479 0.110156 0.449479
0 0.08125 0.548438 0.098828 0.548438 0.098828 0.561979 0.08125 0.561979
0 0.072266 0.576562 0.09375 0.576562 0.09375 0.592708 0.072266 0.592708
0 0.05 0.610938 0.064453 0.610938 0.064453 0.634375 0.05 0.634375
0 0.148438 0.569271 0.164062 0.569271 0.164062 0.596354 0.148438 0.596354
0 0.125781 0.598438 0.143359 0.598438 0.143359 0.617708 0.125781 0.617708
0 0.139453 0.357812 0.152344 0.357812 0.152344 0.386458 0.139453 0.386458
0 0.159766 0.414583 0.174609 0.414583 0.174609 0.436458 0.159766 0.436458
0 0.008594 0.292708 0.023828 0.292708 0.023828 0.314583 0.008594 0.314583
0 0.357812 0.197917 0.375391 0.197917 0.375391 0.227083 0.357812 0.227083
0 0.256641 0.130208 0.276562 0.130208 0.276562 0.155208 0.256641 0.155208
0 0.314062 0.192708 0.332031 0.192708 0.332031 0.222917 0.314062 0.222917
0 0.3 0.232292 0.319141 0.232292 0.319141 0.25625 0.3 0.25625
0 0.348438 0.241146 0.368359 0.241146 0.368359 0.271875 0.348438 0.271875
0 0.327344 0.275 0.346484 0.275 0.346484 0.303125 0.327344 0.303125
0 0.170312 0.275521 0.191016 0.275521 0.191016 0.298958 0.170312 0.298958
0 0.171875 0.315104 0.185938 0.315104 0.185938 0.345312 0.171875 0.345312
0 0.224219 0.301042 0.241797 0.301042 0.241797 0.33125 0.224219 0.33125
0 0.251953 0.288021 0.271484 0.288021 0.271484 0.315104 0.251953 0.315104
0 0.280469 0.302083 0.295703 0.302083 0.295703 0.327083 0.280469 0.327083
0 0.308203 0.344792 0.326172 0.344792 0.326172 0.373958 0.308203 0.373958
0 0.241797 0.3375 0.263281 0.3375 0.263281 0.361458 0.241797 0.361458
0 0.282812 0.368229 0.301562 0.368229 0.301562 0.398438 0.282812 0.398438
0 0.405078 0.007292 0.423828 0.007292 0.423828 0.031771 0.405078 0.031771
0 0.427734 0.001562 0.451172 0.001562 0.451172 0.022396 0.427734 0.022396
0 0.469922 0.009896 0.490625 0.009896 0.490625 0.038542 0.469922 0.038542
0 0.464062 0.05625 0.484766 0.05625 0.484766 0.080729 0.464062 0.080729
0 0.448438 0.075 0.467578 0.075 0.467578 0.102083 0.448438 0.102083
0 0.430859 0.086979 0.448438 0.086979 0.448438 0.114583 0.430859 0.114583
0 0.416406 0.103646 0.431641 0.103646 0.431641 0.135417 0.416406 0.135417
0 0.555859 0.009896 0.575781 0.009896 0.575781 0.030729 0.555859 0.030729
0 0.525391 0.016146 0.545703 0.016146 0.545703 0.034896 0.525391 0.034896
0 0.511719 0.066146 0.528125 0.066146 0.528125 0.091667 0.511719 0.091667
0 0.544531 0.092188 0.560156 0.092188 0.560156 0.122917 0.544531 0.122917
0 0.576172 0.088542 0.593359 0.088542 0.593359 0.117708 0.576172 0.117708
0 0.603906 0.085938 0.621484 0.085938 0.621484 0.115625 0.603906 0.115625
0 0.635156 0.093229 0.655078 0.093229 0.655078 0.123958 0.635156 0.123958
0 0.697266 0.103646 0.716016 0.103646 0.716016 0.128646 0.697266 0.128646
0 0.679688 0.146875 0.7 0.146875 0.7 0.168229 0.679688 0.168229
0 0.709375 0.152604 0.729297 0.152604 0.729297 0.18125 0.709375 0.18125
0 0.619922 0.135417 0.639453 0.135417 0.639453 0.158333 0.619922 0.158333
0 0.626172 0.169792 0.649219 0.169792 0.649219 0.190625 0.626172 0.190625
0 0.633984 0.199479 0.651562 0.199479 0.651562 0.220312 0.633984 0.220312
0 0.670312 0.18125 0.6875 0.18125 0.6875 0.207292 0.670312 0.207292
0 0.691797 0.208854 0.709766 0.208854 0.709766 0.233333 0.691797 0.233333
0 0.716406 0.228646 0.739062 0.228646 0.739062 0.257292 0.716406 0.257292
0 0.890625 0.007812 0.907812 0.007812 0.907812 0.034375 0.890625 0.034375
0 0.869531 0.044792 0.892969 0.044792 0.892969 0.070312 0.869531 0.070312
0 0.823828 0.067708 0.844141 0.067708 0.844141 0.094271 0.823828 0.094271
0 0.923047 0.017188 0.942188 0.017188 0.942188 0.04375 0.923047 0.04375
0 0.957812 0.028125 0.973828 0.028125 0.973828 0.055208 0.957812 0.055208
0 0.950391 0.205729 0.967969 0.205729 0.967969 0.228646 0.950391 0.228646
0 0.914844 0.202604 0.935938 0.202604 0.935938 0.229167 0.914844 0.229167
0 0.876172 0.1625 0.896094 0.1625 0.896094 0.189062 0.876172 0.189062
0 0.948828 0.242708 0.967969 0.242708 0.967969 0.266667 0.948828 0.266667
0 0.957422 0.276562 0.975 0.276562 0.975 0.300521 0.957422 0.300521
0 0.877344 0.254688 0.897656 0.254688 0.897656 0.280208 0.877344 0.280208
0 0.821484 0.21875 0.842188 0.21875 0.842188 0.241146 0.821484 0.241146
0 0.867188 0.293229 0.886719 0.293229 0.886719 0.314583 0.867188 0.314583
0 0.944141 0.306771 0.964062 0.306771 0.964062 0.327083 0.944141 0.327083
0 0.833984 0.026562 0.850781 0.026562 0.850781 0.049479 0.833984 0.049479
0 0.806641 0.164583 0.826172 0.164583 0.826172 0.186979 0.806641 0.186979
0 0.779688 0.20625 0.801562 0.20625 0.801562 0.227604 0.779688 0.227604
0 0.5125 0.181771 0.530469 0.181771 0.530469 0.211979 0.5125 0.211979
0 0.574609 0.173958 0.598047 0.173958 0.598047 0.202083 0.574609 0.202083
0 0.610156 0.194271 0.629688 0.194271 0.629688 0.220312 0.610156 0.220312
0 0.594922 0.120312 0.611719 0.120312 0.611719 0.144792 0.594922 0.144792
0 0.438672 0.157292 0.454688 0.157292 0.454688 0.18125 0.438672 0.18125
0 0.456641 0.176042 0.473828 0.176042 0.473828 0.198958 0.456641 0.198958
0 0.486328 0.170833 0.505469 0.170833 0.505469 0.193229 0.486328 0.193229
0 0.479688 0.119271 0.495312 0.119271 0.495312 0.15 0.479688 0.15
0 0.519922 0.141146 0.541406 0.141146 0.541406 0.159896 0.519922 0.159896
0 0.486328 0.08125 0.500781 0.08125 0.500781 0.105208 0.486328 0.105208
0 0.425 0.191667 0.44375 0.191667 0.44375 0.218229 0.425 0.218229
0 0.467188 0.196354 0.486328 0.196354 0.486328 0.225521 0.467188 0.225521
0 0.471875 0.238542 0.492578 0.238542 0.492578 0.261979 0.471875 0.261979
0 0.508594 0.242188 0.525 0.242188 0.525 0.267708 0.508594 0.267708
0 0.487891 0.21875 0.511719 0.21875 0.511719 0.240104 0.487891 0.240104
0 0.560547 0.232812 0.580469 0.232812 0.580469 0.261979 0.560547 0.261979
0 0.532031 0.160417 0.559375 0.160417 0.559375 0.185938 0.532031 0.185938
0 0.504687 0.394271 0.522656 0.394271 0.522656 0.416146 0.504687 0.416146
0 0.505469 0.425521 0.525 0.425521 0.525 0.446354 0.505469 0.446354
0 0.517188 0.465625 0.539453 0.465625 0.539453 0.483854 0.517188 0.483854
0 0.553125 0.438542 0.574219 0.438542 0.574219 0.463542 0.553125 0.463542
0 0.585547 0.415104 0.606641 0.415104 0.606641 0.438542 0.585547 0.438542
0 0.6375 0.444271 0.65625 0.444271 0.65625 0.472396 0.6375 0.472396
0 0.558203 0.482812 0.582031 0.482812 0.582031 0.504687 0.558203 0.504687
0 0.608984 0.496354 0.630859 0.496354 0.630859 0.51875 0.608984 0.51875
0 0.574219 0.511979 0.594531 0.511979 0.594531 0.536458 0.574219 0.536458
0 0.546875 0.520312 0.562891 0.520312 0.562891 0.547917 0.546875 0.547917
0 0.554297 0.566667 0.576172 0.566667 0.576172 0.588542 0.554297 0.588542
0 0.573047 0.597917 0.592188 0.597917 0.592188 0.620833 0.573047 0.620833
0 0.600391 0.566667 0.619531 0.566667 0.619531 0.589062 0.600391 0.589062
0 0.610547 0.541667 0.630078 0.541667 0.630078 0.566667 0.610547 0.566667
0 0.630859 0.526042 0.652734 0.526042 0.652734 0.548958 0.630859 0.548958
0 0.645703 0.5625 0.669141 0.5625 0.669141 0.584375 0.645703 0.584375
0 0.6875 0.506771 0.707031 0.506771 0.707031 0.536979 0.6875 0.536979
0 0.582812 0.283854 0.604297 0.283854 0.604297 0.303646 0.582812 0.303646
0 0.586719 0.328125 0.602734 0.328125 0.602734 0.354167 0.586719 0.354167
0 0.562109 0.336979 0.577344 0.336979 0.577344 0.365625 0.562109 0.365625
0 0.517188 0.336458 0.533594 0.336458 0.533594 0.366667 0.517188 0.366667
0 0.523438 0.305729 0.545703 0.305729 0.545703 0.329167 0.523438 0.329167
0 0.492969 0.299479 0.513281 0.299479 0.513281 0.321875 0.492969 0.321875
0 0.524609 0.258854 0.546484 0.258854 0.546484 0.285417 0.524609 0.285417
0 0.458984 0.295312 0.478516 0.295312 0.478516 0.317708 0.458984 0.317708
0 0.446484 0.331771 0.466016 0.331771 0.466016 0.352604 0.446484 0.352604
0 0.476953 0.354688 0.494922 0.354688 0.494922 0.380208 0.476953 0.380208
0 0.465234 0.378125 0.48125 0.378125 0.48125 0.397917 0.465234 0.397917
0 0.478125 0.399479 0.497656 0.399479 0.497656 0.422917 0.478125 0.422917
0 0.442188 0.388021 0.459375 0.388021 0.459375 0.415625 0.442188 0.415625
0 0.419141 0.38125 0.437109 0.38125 0.437109 0.402604 0.419141 0.402604
0 0.418359 0.411458 0.435156 0.411458 0.435156 0.433333 0.418359 0.433333
0 0.263672 0.470833 0.290234 0.470833 0.290234 0.502083 0.263672 0.502083
0 0.323438 0.4875 0.342969 0.4875 0.342969 0.513021 0.323438 0.513021
0 0.349609 0.510417 0.371875 0.510417 0.371875 0.532812 0.349609 0.532812
0 0.348438 0.469792 0.371094 0.469792 0.371094 0.488542 0.348438 0.488542
0 0.321094 0.527604 0.338672 0.527604 0.338672 0.559375 0.321094 0.559375
0 0.320312 0.583333 0.337891 0.583333 0.337891 0.615104 0.320312 0.615104
0 0.382422 0.560938 0.400391 0.560938 0.400391 0.592188 0.382422 0.592188
0 0.367188 0.616146 0.388281 0.616146 0.388281 0.640625 0.367188 0.640625
0 0.40625 0.608333 0.422266 0.608333 0.422266 0.635938 0.40625 0.635938
0 0.433203 0.615104 0.451953 0.615104 0.451953 0.641667 0.433203 0.641667
0 0.471484 0.607292 0.489062 0.607292 0.489062 0.632812 0.471484 0.632812
0 0.459375 0.643229 0.478516 0.643229 0.478516 0.675521 0.459375 0.675521
0 0.411328 0.653646 0.428125 0.653646 0.428125 0.678125 0.411328 0.678125
0 0.389062 0.642188 0.405469 0.642188 0.405469 0.666667 0.389062 0.666667
0 0.276953 0.54375 0.292578 0.54375 0.292578 0.570833 0.276953 0.570833
0 0.289453 0.592708 0.307031 0.592708 0.307031 0.626042 0.289453 0.626042
0 0.204297 0.541667 0.223828 0.541667 0.223828 0.564583 0.204297 0.564583
0 0.241406 0.522396 0.258984 0.522396 0.258984 0.547396 0.241406 0.547396
0 0.213281 0.566146 0.233203 0.566146 0.233203 0.589583 0.213281 0.589583
0 0.193359 0.597396 0.212109 0.597396 0.212109 0.623958 0.193359 0.623958
0 0.220312 0.595833 0.238281 0.595833 0.238281 0.619792 0.220312 0.619792
0 0.120312 0.644792 0.139844 0.644792 0.139844 0.658854 0.120312 0.658854
0 0.146484 0.651562 0.164844 0.651562 0.164844 0.670833 0.146484 0.670833
0 0.169141 0.653125 0.183203 0.653125 0.183203 0.684375 0.169141 0.684375
0 0.197656 0.638542 0.216016 0.638542 0.216016 0.660417 0.197656 0.660417
0 0.182031 0.684896 0.198047 0.684896 0.198047 0.715104 0.182031 0.715104
0 0.153125 0.709896 0.173047 0.709896 0.173047 0.733333 0.153125 0.733333
0 0.113281 0.731771 0.130469 0.731771 0.130469 0.761979 0.113281 0.761979
0 0.112891 0.667188 0.128125 0.667188 0.128125 0.696875 0.112891 0.696875
0 0.078516 0.765625 0.097656 0.765625 0.097656 0.786458 0.078516 0.786458
0 0.138281 0.765104 0.151953 0.765104 0.151953 0.792188 0.138281 0.792188
0 0.168359 0.764062 0.182422 0.764062 0.182422 0.795312 0.168359 0.795312
0 0.199219 0.749479 0.213672 0.749479 0.213672 0.779167 0.199219 0.779167
0 0.117188 0.795312 0.135938 0.795312 0.135938 0.820312 0.117188 0.820312
0 0.225391 0.743229 0.240625 0.743229 0.240625 0.771354 0.225391 0.771354
0 0.246875 0.778125 0.2625 0.778125 0.2625 0.813542 0.246875 0.813542
0 0.270703 0.774479 0.287891 0.774479 0.287891 0.802604 0.270703 0.802604
0 0.307031 0.695833 0.326562 0.695833 0.326562 0.720833 0.307031 0.720833
0 0.291016 0.728646 0.310938 0.728646 0.310938 0.752083 0.291016 0.752083
0 0.347656 0.735417 0.366797 0.735417 0.366797 0.764583 0.347656 0.764583
0 0.341406 0.679167 0.357812 0.679167 0.357812 0.70625 0.341406 0.70625
0 0.364453 0.643229 0.380078 0.643229 0.380078 0.667188 0.364453 0.667188
0 0.397656 0.682812 0.414844 0.682812 0.414844 0.70625 0.397656 0.70625
0 0.345312 0.645833 0.365234 0.645833 0.365234 0.672917 0.345312 0.672917
0 0.295312 0.786458 0.314844 0.786458 0.314844 0.811979 0.295312 0.811979
0 0.318359 0.792188 0.334766 0.792188 0.334766 0.817188 0.318359 0.817188
0 0.346484 0.802604 0.362109 0.802604 0.362109 0.830729 0.346484 0.830729
0 0.387109 0.79375 0.405469 0.79375 0.405469 0.820833 0.387109 0.820833
0 0.373438 0.804688 0.389062 0.804688 0.389062 0.8375 0.373438 0.8375
0 0.399219 0.823438 0.417188 0.823438 0.417188 0.849479 0.399219 0.849479
0 0.378125 0.861979 0.399609 0.861979 0.399609 0.889583 0.378125 0.889583
0 0.432812 0.84375 0.450781 0.84375 0.450781 0.873438 0.432812 0.873438
0 0.334766 0.847917 0.358594 0.847917 0.358594 0.866146 0.334766 0.866146
0 0.310938 0.831771 0.326953 0.831771 0.326953 0.85625 0.310938 0.85625
0 0.285938 0.860417 0.306641 0.860417 0.306641 0.880729 0.285938 0.880729
0 0.262109 0.822396 0.282812 0.822396 0.282812 0.843229 0.262109 0.843229
0 0.227734 0.830208 0.25 0.830208 0.25 0.85 0.227734 0.85
0 0.189062 0.85625 0.208203 0.85625 0.208203 0.875521 0.189062 0.875521
0 0.171484 0.821875 0.183594 0.821875 0.183594 0.847396 0.171484 0.847396
0 0.193359 0.819271 0.207031 0.819271 0.207031 0.838021 0.193359 0.838021
0 0.132812 0.821875 0.144922 0.821875 0.144922 0.850521 0.132812 0.850521
0 0.226172 0.890104 0.246484 0.890104 0.246484 0.910938 0.226172 0.910938
0 0.180078 0.891146 0.201953 0.891146 0.201953 0.9125 0.180078 0.9125
0 0.209375 0.925521 0.226953 0.925521 0.226953 0.95625 0.209375 0.95625
0 0.2625 0.897396 0.28125 0.897396 0.28125 0.921354 0.2625 0.921354
0 0.293359 0.886458 0.3125 0.886458 0.3125 0.905208 0.293359 0.905208
0 0.261719 0.939583 0.281641 0.939583 0.281641 0.963021 0.261719 0.963021
0 0.242188 0.944792 0.261719 0.944792 0.261719 0.972917 0.242188 0.972917
0 0.278516 0.971354 0.300781 0.971354 0.300781 0.990625 0.278516 0.990625
0 0.307031 0.934375 0.325781 0.934375 0.325781 0.964062 0.307031 0.964062
0 0.285547 0.913542 0.301953 0.913542 0.301953 0.934896 0.285547 0.934896
0 0.332812 0.918229 0.351953 0.918229 0.351953 0.94375 0.332812 0.94375
0 0.370703 0.908854 0.3875 0.908854 0.3875 0.936979 0.370703 0.936979
0 0.437891 0.761458 0.455078 0.761458 0.455078 0.796875 0.437891 0.796875
0 0.476172 0.797396 0.495703 0.797396 0.495703 0.823958 0.476172 0.823958
0 0.458984 0.815625 0.475 0.815625 0.475 0.8375 0.458984 0.8375
0 0.516797 0.857812 0.535156 0.857812 0.535156 0.880729 0.516797 0.880729
0 0.503125 0.942188 0.527734 0.942188 0.527734 0.960417 0.503125 0.960417
0 0.519531 0.749479 0.539453 0.749479 0.539453 0.770312 0.519531 0.770312
0 0.483594 0.757292 0.500391 0.757292 0.500391 0.783333 0.483594 0.783333
0 0.559766 0.783854 0.577344 0.783854 0.577344 0.809896 0.559766 0.809896
0 0.564453 0.75 0.58125 0.75 0.58125 0.778125 0.564453 0.778125
0 0.513281 0.699479 0.533203 0.699479 0.533203 0.721875 0.513281 0.721875
0 0.555859 0.703646 0.575 0.703646 0.575 0.726562 0.555859 0.726562
0 0.457422 0.706771 0.472266 0.706771 0.472266 0.735417 0.457422 0.735417
0 0.437891 0.699479 0.456641 0.699479 0.456641 0.725521 0.437891 0.725521
0 0.618359 0.826042 0.639453 0.826042 0.639453 0.85 0.618359 0.85
0 0.635938 0.807812 0.652734 0.807812 0.652734 0.832812 0.635938 0.832812
0 0.581641 0.802604 0.604688 0.802604 0.604688 0.826562 0.581641 0.826562
0 0.614453 0.773958 0.630469 0.773958 0.630469 0.805208 0.614453 0.805208
0 0.595703 0.752604 0.610938 0.752604 0.610938 0.7875 0.595703 0.7875
0 0.679297 0.922396 0.703516 0.922396 0.703516 0.948438 0.679297 0.948438
0 0.717578 0.929688 0.738281 0.929688 0.738281 0.952604 0.717578 0.952604
0 0.708984 0.959896 0.733594 0.959896 0.733594 0.978646 0.708984 0.978646
0 0.745312 0.943229 0.762891 0.943229 0.762891 0.966146 0.745312 0.966146
0 0.757422 0.963542 0.775391 0.963542 0.775391 0.995833 0.757422 0.995833
0 0.682422 0.9625 0.705469 0.9625 0.705469 0.984896 0.682422 0.984896
0 0.659375 0.969271 0.677344 0.969271 0.677344 0.992188 0.659375 0.992188
0 0.603906 0.967708 0.627344 0.967708 0.627344 0.991667 0.603906 0.991667
0 0.740625 0.903646 0.759375 0.903646 0.759375 0.922917 0.740625 0.922917
0 0.743359 0.786979 0.761719 0.786979 0.761719 0.809375 0.743359 0.809375
0 0.770312 0.766146 0.791797 0.766146 0.791797 0.788542 0.770312 0.788542
0 0.734766 0.754167 0.757812 0.754167 0.757812 0.775521 0.734766 0.775521
0 0.710938 0.758333 0.725781 0.758333 0.725781 0.786979 0.710938 0.786979
0 0.686719 0.747917 0.703516 0.747917 0.703516 0.774479 0.686719 0.774479
0 0.668359 0.765104 0.686719 0.765104 0.686719 0.7875 0.668359 0.7875
0 0.683984 0.690104 0.701953 0.690104 0.701953 0.715625 0.683984 0.715625
0 0.705469 0.722396 0.731641 0.722396 0.731641 0.744271 0.705469 0.744271
0 0.643359 0.740625 0.665625 0.740625 0.665625 0.761979 0.643359 0.761979
0 0.644922 0.699479 0.6625 0.699479 0.6625 0.723958 0.644922 0.723958
0 0.801562 0.742708 0.819141 0.742708 0.819141 0.765104 0.801562 0.765104
0 0.801562 0.694792 0.817969 0.694792 0.817969 0.722396 0.801562 0.722396
0 0.776953 0.710938 0.794531 0.710938 0.794531 0.735938 0.776953 0.735938
0 0.749609 0.691146 0.771094 0.691146 0.771094 0.715625 0.749609 0.715625
0 0.76875 0.672917 0.785938 0.672917 0.785938 0.695833 0.76875 0.695833
0 0.717969 0.672396 0.732422 0.672396 0.732422 0.698958 0.717969 0.698958
0 0.552734 0.608333 0.56875 0.608333 0.56875 0.639583 0.552734 0.639583
0 0.542188 0.665625 0.559375 0.665625 0.559375 0.694792 0.542188 0.694792
0 0.510156 0.661979 0.527344 0.661979 0.527344 0.684896 0.510156 0.684896
0 0.594922 0.614062 0.612109 0.614062 0.612109 0.641146 0.594922 0.641146
0 0.643359 0.651562 0.663281 0.651562 0.663281 0.674479 0.643359 0.674479
0 0.672266 0.664062 0.689062 0.664062 0.689062 0.686458 0.672266 0.686458
0 0.629297 0.608854 0.646875 0.608854 0.646875 0.634375 0.629297 0.634375
0 0.606641 0.650521 0.621875 0.650521 0.621875 0.674479 0.606641 0.674479
0 0.5875 0.715104 0.604297 0.715104 0.604297 0.741146 0.5875 0.741146
0 0.615234 0.717708 0.632812 0.717708 0.632812 0.744792 0.615234 0.744792
0 0.955469 0.896875 0.979688 0.896875 0.979688 0.917708 0.955469 0.917708
0 0.974609 0.855729 0.99375 0.855729 0.99375 0.879688 0.974609 0.879688
0 0.939453 0.817188 0.95625 0.817188 0.95625 0.844271 0.939453 0.844271
0 0.9375 0.865625 0.955469 0.865625 0.955469 0.89375 0.9375 0.89375
0 0.916406 0.824479 0.933594 0.824479 0.933594 0.853646 0.916406 0.853646
0 0.878125 0.810938 0.900391 0.810938 0.900391 0.830729 0.878125 0.830729
0 0.882422 0.852083 0.903125 0.852083 0.903125 0.875 0.882422 0.875
0 0.903516 0.869271 0.921484 0.869271 0.921484 0.897917 0.903516 0.897917
0 0.920703 0.910938 0.941016 0.910938 0.941016 0.934375 0.920703 0.934375
0 0.887109 0.923958 0.902734 0.923958 0.902734 0.952604 0.887109 0.952604
0 0.873438 0.892188 0.899219 0.892188 0.899219 0.915104 0.873438 0.915104
0 0.894922 0.389583 0.913672 0.389583 0.913672 0.417708 0.894922 0.417708
0 0.919531 0.395312 0.9375 0.395312 0.9375 0.421354 0.919531 0.421354
0 0.930859 0.446875 0.948438 0.446875 0.948438 0.476562 0.930859 0.476562
0 0.952344 0.425521 0.968359 0.425521 0.968359 0.450521 0.952344 0.450521
0 0.805469 0.329167 0.822266 0.329167 0.822266 0.356771 0.805469 0.356771
0 0.7875 0.394271 0.805469 0.394271 0.805469 0.420312 0.7875 0.420312
0 0.825781 0.432292 0.844531 0.432292 0.844531 0.454688 0.825781 0.454688
0 0.845312 0.414062 0.859766 0.414062 0.859766 0.440104 0.845312 0.440104
0 0.8625 0.457292 0.880859 0.457292 0.880859 0.486458 0.8625 0.486458
0 0.873828 0.398958 0.891016 0.398958 0.891016 0.429688 0.873828 0.429688
0 0.898047 0.4875 0.914844 0.4875 0.914844 0.518229 0.898047 0.518229
0 0.926953 0.673958 0.948828 0.673958 0.948828 0.694792 0.926953 0.694792
0 0.882422 0.663542 0.9 0.663542 0.9 0.690625 0.882422 0.690625
0 0.9125 0.640104 0.929688 0.640104 0.929688 0.667708 0.9125 0.667708
0 0.891797 0.620833 0.909375 0.620833 0.909375 0.642708 0.891797 0.642708
0 0.882422 0.580208 0.902734 0.580208 0.902734 0.601562 0.882422 0.601562
0 0.845312 0.559375 0.862891 0.559375 0.862891 0.588542 0.845312 0.588542
0 0.882031 0.536458 0.900391 0.536458 0.900391 0.565104 0.882031 0.565104
0 0.914844 0.525521 0.933203 0.525521 0.933203 0.545833 0.914844 0.545833
0 0.949219 0.626042 0.971484 0.626042 0.971484 0.647917 0.949219 0.647917
0 0.979297 0.602604 0.997266 0.602604 0.997266 0.625521 0.979297 0.625521
0 0.962891 0.584375 0.980859 0.584375 0.980859 0.605208 0.962891 0.605208
0 0.821875 0.460938 0.840234 0.460938 0.840234 0.485938 0.821875 0.485938
0 0.780469 0.497917 0.803516 0.497917 0.803516 0.517708 0.780469 0.517708
0 0.798438 0.448438 0.814062 0.448438 0.814062 0.473438 0.798438 0.473438
0 0.827344 0.395312 0.846484 0.395312 0.846484 0.416667 0.827344 0.416667
0 0.763672 0.417188 0.780859 0.417188 0.780859 0.438542 0.763672 0.438542
0 0.766016 0.452083 0.786328 0.452083 0.786328 0.473958 0.766016 0.473958
0 0.771875 0.529167 0.791797 0.529167 0.791797 0.553646 0.771875 0.553646
0 0.739453 0.552604 0.758984 0.552604 0.758984 0.572917 0.739453 0.572917
0 0.726562 0.573958 0.742578 0.573958 0.742578 0.596875 0.726562 0.596875
0 0.750391 0.590625 0.767969 0.590625 0.767969 0.613021 0.750391 0.613021
0 0.732812 0.482292 0.750781 0.482292 0.750781 0.508854 0.732812 0.508854
0 0.746484 0.505729 0.764453 0.505729 0.764453 0.526562 0.746484 0.526562
0 0.701172 0.444792 0.721094 0.444792 0.721094 0.471875 0.701172 0.471875
0 0.736328 0.615104 0.749609 0.615104 0.749609 0.646354 0.736328 0.646354
0 0.780859 0.623958 0.796875 0.623958 0.796875 0.65625 0.780859 0.65625
0 0.696875 0.609896 0.717578 0.609896 0.717578 0.638021 0.696875 0.638021
0 0.945703 0.490104 0.9625 0.490104 0.9625 0.523438 0.945703 0.523438
0 0.964453 0.547396 0.983594 0.547396 0.983594 0.571354 0.964453 0.571354
0 0.966406 0.46875 0.980078 0.46875 0.980078 0.495833 0.966406 0.495833
0 0.912891 0.944271 0.928125 0.944271 0.928125 0.972396 0.912891 0.972396
0 0.964062 0.939062 0.98125 0.939062 0.98125 0.969271 0.964062 0.969271
0 0.594531 0.24375 0.619141 0.24375 0.619141 0.277083 0.594531 0.277083
0 0.628125 0.34375 0.642969 0.34375 0.642969 0.368229 0.628125 0.368229
0 0.632812 0.303125 0.655469 0.303125 0.655469 0.323438 0.632812 0.323438
0 0.688672 0.405729 0.710547 0.405729 0.710547 0.428125 0.688672 0.428125
0 0.741016 0.388542 0.75625 0.388542 0.75625 0.414062 0.741016 0.414062
0 0.754688 0.363542 0.775781 0.363542 0.775781 0.384375 0.754688 0.384375
0 0.744531 0.33125 0.765234 0.33125 0.765234 0.353646 0.744531 0.353646
0 0.764844 0.3 0.785156 0.3 0.785156 0.327083 0.764844 0.327083