0 0.055469 0.016146 0.075391 0.016146 0.075391 0.039583 0.055469 0.039583
0 0.079297 0.007292 0.099219 0.007292 0.099219 0.028646 0.079297 0.028646
0 0.098047 0.039583 0.116797 0.039583 0.116797 0.071875 0.098047 0.071875
0 0.135547 0.043229 0.152734 0.043229 0.152734 0.073958 0.135547 0.073958
0 0.119141 0.086979 0.138672 0.086979 0.138672 0.116667 0.119141 0.116667
0 0.152344 0.1 0.167578 0.1 0.167578 0.123438 0.152344 0.123438
0 0.092188 0.114062 0.111719 0.114062 0.111719 0.135417 0.092188 0.135417
0 0.078125 0.083333 0.096484 0.083333 0.096484 0.111458 0.078125 0.111458
0 0.058594 0.05625 0.078125 0.05625 0.078125 0.078646 0.058594 0.078646
0 0.177344 0.040104 0.197656 0.040104 0.197656 0.071354 0.177344 0.071354
0 0.189844 0.104167 0.208984 0.104167 0.208984 0.128646 0.189844 0.128646
0 0.176562 0.141667 0.194531 0.141667 0.194531 0.167188 0.176562 0.167188
0 0.128906 0.0 0.145703 0.0 0.145703 0.015104 0.128906 0.015104
0 0.052344 0.172917 0.065625 0.172917 0.065625 0.19375 0.052344 0.19375
0 0.078516 0.191146 0.095703 0.191146 0.095703 0.217188 0.078516 0.217188
0 0.108594 0.2 0.126172 0.2 0.126172 0.233854 0.108594 0.233854
0 0.103906 0.155208 0.125391 0.155208 0.125391 0.178125 0.103906 0.178125
0 0.075781 0.225 0.094922 0.225 0.094922 0.247917 0.075781 0.247917
0 0.09375 0.248438 0.1125 0.248438 0.1125 0.266667 0.09375 0.266667
0 0.123438 0.251563 0.139453 0.251563 0.139453 0.272917 0.123438 0.272917
0 0.135938 0.272917 0.153125 0.272917 0.153125 0.299479 0.135938 0.299479
0 0.100781 0.272396 0.116016 0.272396 0.116016 0.299479 0.100781 0.299479
0 0.033203 0.363021 0.053516 0.363021 0.053516 0.396875 0.033203 0.396875
0 0.082812 0.407292 0.100391 0.407292 0.100391 0.43125 0.082812 0.43125
0 0.040234 0.407292 0.053906 0.407292 0.053906 0.429688 0.040234 0.429688
0 0.064453 0.433854 0.080859 0.433854 0.080859 0.458333 0.064453 0.458333
0 0.087109 0.456771 0.103516 0.456771 0.103516 0.478125 0.087109 0.478125
0 0.120312 0.470833 0.136328 0.470833 0.136328 0.498958 0.120312 0.498958
0 0.100781 0.513021 0.119922 0.513021 0.119922 0.542188 0.100781 0.542188
0 0.143359 0.491146 0.160938 0.491146 0.160938 0.519271 0.143359 0.519271
0 0.019531 0.477604 0.035938 0.477604 0.035938 0.505729 0.019531 0.505729
0 0.05 0.516667 0.064062 0.516667 0.064062 0.548438 0.05 0.548438
0 0.077734 0.532292 0.091016 0.532292 0.091016 0.552604 0.077734 0.552604
0 0.006641 0.531771 0.027344 0.531771 0.027344 0.560417 0.006641 0.560417
0 0.0 0.571354 0.009375 0.571354 0.009375 0.595312 0.0 0.595312
0 0.000781 0.490104 0.0125 0.490104 0.0125 0.515625 0.000781 0.515625
0 0.030078 0.580208 0.046094 0.580208 0.046094 0.608854 0.030078 0.608854
0 0.065625 0.599479 0.081641 0.599479 0.081641 0.623438 0.065625 0.623438
0 0.067578 0.567708 0.084375 0.567708 0.084375 0.592708 0.067578 0.592708
0 0.000781 0.623438 0.018359 0.623438 0.018359 0.647917 0.000781 0.647917
0 0.025 0.645833 0.041797 0.645833 0.041797 0.670833 0.025 0.670833
0 0.073438 0.644271 0.092578 0.644271 0.092578 0.676562 0.073438 0.676562
0 0.0 0.669792 0.014062 0.669792 0.014062 0.695833 0.0 0.695833
0 0.041016 0.684896 0.064453 0.684896 0.064453 0.708333 0.041016 0.708333
0 0.020703 0.719271 0.042188 0.719271 0.042188 0.743229 0.020703 0.743229
0 0.0 0.789583 0.016016 0.789583 0.016016 0.811979 0.0 0.811979
0 0.015234 0.885417 0.029297 0.885417 0.029297 0.914062 0.015234 0.914062
0 0.032812 0.878646 0.047656 0.878646 0.047656 0.908333 0.032812 0.908333
0 0.044531 0.846875 0.059766 0.846875 0.059766 0.871875 0.044531 0.871875
0 0.071875 0.858333 0.091016 0.858333 0.091016 0.890104 0.071875 0.890104
0 0.018359 0.944271 0.041406 0.944271 0.041406 0.976042 0.018359 0.976042
0 0.146875 0.963021 0.16875 0.963021 0.16875 0.989062 0.146875 0.989062
0 0.161719 0.873958 0.177734 0.873958 0.177734 0.904688 0.161719 0.904688
0 0.190625 0.929167 0.211719 0.929167 0.211719 0.954167 0.190625 0.954167
0 0.202344 0.89375 0.220312 0.89375 0.220312 0.923958 0.202344 0.923958
0 0.137891 0.895833 0.155469 0.895833 0.155469 0.925521 0.137891 0.925521
0 0.078906 0.7125 0.099219 0.7125 0.099219 0.743229 0.078906 0.743229
0 0.11875 0.695833 0.138281 0.695833 0.138281 0.716667 0.11875 0.716667
0 0.149219 0.727604 0.171094 0.727604 0.171094 0.749479 0.149219 0.749479
0 0.190234 0.716146 0.213281 0.716146 0.213281 0.739062 0.190234 0.739062
0 0.194531 0.759375 0.2125 0.759375 0.2125 0.782812 0.194531 0.782812
0 0.213281 0.791667 0.234766 0.791667 0.234766 0.817708 0.213281 0.817708
0 0.130859 0.755208 0.149219 0.755208 0.149219 0.778646 0.130859 0.778646
0 0.101172 0.769271 0.123047 0.769271 0.123047 0.789062 0.101172 0.789062
0 0.206641 0.0 0.228516 0.0 0.228516 0.016667 0.206641 0.016667
0 0.240234 0.019792 0.257812 0.019792 0.257812 0.053646 0.240234 0.053646
0 0.312891 0.025 0.333203 0.025 0.333203 0.053646 0.312891 0.053646
0 0.337109 0.045833 0.353125 0.045833 0.353125 0.070833 0.337109 0.070833
0 0.358984 0.010417 0.375781 0.010417 0.375781 0.033333 0.358984 0.033333
0 0.385938 0.004167 0.406641 0.004167 0.406641 0.035938 0.385938 0.035938
0 0.414062 0.042188 0.435156 0.042188 0.435156 0.071875 0.414062 0.071875
0 0.260156 0.076562 0.278906 0.076562 0.278906 0.101562 0.260156 0.101562
0 0.286719 0.098438 0.304297 0.098438 0.304297 0.128125 0.286719 0.128125
0 0.210547 0.067188 0.228516 0.067188 0.228516 0.09375 0.210547 0.09375
0 0.233594 0.107812 0.253516 0.107812 0.253516 0.140104 0.233594 0.140104
0 0.3 0.057812 0.317188 0.057812 0.317188 0.082292 0.3 0.082292
0 0.331641 0.082812 0.350781 0.082812 0.350781 0.110938 0.331641 0.110938
0 0.361328 0.060938 0.378906 0.060938 0.378906 0.089062 0.361328 0.089062
0 0.362891 0.143229 0.382422 0.143229 0.382422 0.167708 0.362891 0.167708
0 0.372266 0.189583 0.391406 0.189583 0.391406 0.2125 0.372266 0.2125
0 0.330078 0.192708 0.348828 0.192708 0.348828 0.213021 0.330078 0.213021
0 0.198828 0.174479 0.219531 0.174479 0.219531 0.196875 0.198828 0.196875
0 0.170312 0.191146 0.190234 0.191146 0.190234 0.215625 0.170312 0.215625
0 0.171094 0.233333 0.189453 0.233333 0.189453 0.259375 0.171094 0.259375
0 0.20625 0.223958 0.225 0.223958 0.225 0.249479 0.20625 0.249479
0 0.159766 0.28125 0.180078 0.28125 0.180078 0.313542 0.159766 0.313542
0 0.19375 0.277083 0.211719 0.277083 0.211719 0.301562 0.19375 0.301562
0 0.219531 0.251563 0.238672 0.251563 0.238672 0.275 0.219531 0.275
0 0.159766 0.317188 0.177734 0.317188 0.177734 0.344792 0.159766 0.344792
0 0.185547 0.317708 0.206641 0.317708 0.206641 0.347396 0.185547 0.347396
0 0.211719 0.319792 0.230078 0.319792 0.230078 0.351042 0.211719 0.351042
0 0.145312 0.306771 0.158203 0.306771 0.158203 0.328125 0.145312 0.328125
0 0.11875 0.621354 0.134766 0.621354 0.134766 0.642708 0.11875 0.642708
0 0.149219 0.625 0.167969 0.625 0.167969 0.645312 0.149219 0.645312
0 0.183203 0.645833 0.198047 0.645833 0.198047 0.671875 0.183203 0.671875
0 0.147656 0.670833 0.167188 0.670833 0.167188 0.695833 0.147656 0.695833
0 0.115625 0.570312 0.132422 0.570312 0.132422 0.598438 0.115625 0.598438
0 0.142969 0.557292 0.160156 0.557292 0.160156 0.578125 0.142969 0.578125
0 0.156641 0.573958 0.173828 0.573958 0.173828 0.595833 0.156641 0.595833
0 0.173438 0.601562 0.190625 0.601562 0.190625 0.626042 0.173438 0.626042
0 0.201562 0.622917 0.219141 0.622917 0.219141 0.649479 0.201562 0.649479
0 0.191406 0.558333 0.210156 0.558333 0.210156 0.590104 0.191406 0.590104
0 0.178516 0.494271 0.193359 0.494271 0.193359 0.522396 0.178516 0.522396
0 0.247266 0.682292 0.264453 0.682292 0.264453 0.720833 0.247266 0.720833
0 0.216406 0.95625 0.233594 0.95625 0.233594 0.984896 0.216406 0.984896
0 0.241406 0.968229 0.259766 0.968229 0.259766 0.997917 0.241406 0.997917
0 0.264062 0.964062 0.28125 0.964062 0.28125 0.991667 0.264062 0.991667
0 0.290625 0.970833 0.308203 0.970833 0.308203 0.997917 0.290625 0.997917
0 0.248438 0.91875 0.266406 0.91875 0.266406 0.947917 0.248438 0.947917
0 0.288281 0.913542 0.310547 0.913542 0.310547 0.936458 0.288281 0.936458
0 0.332812 0.954688 0.347266 0.954688 0.347266 0.982812 0.332812 0.982812
0 0.353906 0.95625 0.374219 0.95625 0.374219 0.982812 0.353906 0.982812
0 0.255859 0.8625 0.268359 0.8625 0.268359 0.896354 0.255859 0.896354
0 0.271484 0.886979 0.285156 0.886979 0.285156 0.919271 0.271484 0.919271
0 0.29375 0.861979 0.310547 0.861979 0.310547 0.886458 0.29375 0.886458
0 0.320312 0.889583 0.339453 0.889583 0.339453 0.921354 0.320312 0.921354
0 0.339844 0.857292 0.353906 0.857292 0.353906 0.886979 0.339844 0.886979
0 0.356641 0.883854 0.369922 0.883854 0.369922 0.909896 0.356641 0.909896
0 0.429688 0.003646 0.446094 0.003646 0.446094 0.027604 0.429688 0.027604
0 0.455078 0.046875 0.473047 0.046875 0.473047 0.069792 0.455078 0.069792
0 0.489062 0.05 0.506641 0.05 0.506641 0.078125 0.489062 0.078125
0 0.510938 0.042188 0.529297 0.042188 0.529297 0.077083 0.510938 0.077083
0 0.475391 0.007292 0.492969 0.007292 0.492969 0.035417 0.475391 0.035417
0 0.533203 0.009375 0.548438 0.009375 0.548438 0.038542 0.533203 0.038542
0 0.432031 0.075521 0.451953 0.075521 0.451953 0.105208 0.432031 0.105208
0 0.467578 0.079167 0.489844 0.079167 0.489844 0.101562 0.467578 0.101562
0 0.429688 0.116146 0.450391 0.116146 0.450391 0.142188 0.429688 0.142188
0 0.486328 0.116667 0.506641 0.116667 0.506641 0.139583 0.486328 0.139583
0 0.415234 0.158333 0.439062 0.158333 0.439062 0.183333 0.415234 0.183333
0 0.346875 0.214583 0.366016 0.214583 0.366016 0.245833 0.346875 0.245833
0 0.372656 0.240104 0.391797 0.240104 0.391797 0.266667 0.372656 0.266667
0 0.404297 0.228646 0.421094 0.228646 0.421094 0.25625 0.404297 0.25625
0 0.438281 0.228125 0.455859 0.228125 0.455859 0.248958 0.438281 0.248958
0 0.281641 0.265625 0.298047 0.265625 0.298047 0.297396 0.281641 0.297396
0 0.321875 0.282292 0.341406 0.282292 0.341406 0.305208 0.321875 0.305208
0 0.345703 0.258333 0.361328 0.258333 0.361328 0.282292 0.345703 0.282292
0 0.369922 0.2875 0.387109 0.2875 0.387109 0.314583 0.369922 0.314583
0 0.392969 0.277604 0.414453 0.277604 0.414453 0.301562 0.392969 0.301562
0 0.289844 0.330729 0.308203 0.330729 0.308203 0.358333 0.289844 0.358333
0 0.316797 0.329167 0.333203 0.329167 0.333203 0.352604 0.316797 0.352604
0 0.350391 0.330729 0.366797 0.330729 0.366797 0.355208 0.350391 0.355208
0 0.380859 0.333854 0.396875 0.333854 0.396875 0.359375 0.380859 0.359375
0 0.258594 0.369792 0.282812 0.369792 0.282812 0.391667 0.258594 0.391667
0 0.295312 0.395312 0.314062 0.395312 0.314062 0.422396 0.295312 0.422396
0 0.321875 0.370312 0.342578 0.370312 0.342578 0.401042 0.321875 0.401042
0 0.363281 0.384375 0.380859 0.384375 0.380859 0.413021 0.363281 0.413021
0 0.271484 0.421875 0.287891 0.421875 0.287891 0.445312 0.271484 0.445312
0 0.318359 0.430729 0.337109 0.430729 0.337109 0.459896 0.318359 0.459896
0 0.341016 0.4375 0.359766 0.4375 0.359766 0.465625 0.341016 0.465625
0 0.270312 0.604167 0.288672 0.604167 0.288672 0.633854 0.270312 0.633854
0 0.283594 0.578125 0.302734 0.578125 0.302734 0.602604 0.283594 0.602604
0 0.321094 0.579688 0.339844 0.579688 0.339844 0.601042 0.321094 0.601042
0 0.336328 0.61875 0.35625 0.61875 0.35625 0.645833 0.336328 0.645833
0 0.295703 0.626562 0.316406 0.626562 0.316406 0.652604 0.295703 0.652604
0 0.296484 0.667188 0.317188 0.667188 0.317188 0.689583 0.296484 0.689583
0 0.335938 0.655729 0.355859 0.655729 0.355859 0.676562 0.335938 0.676562
0 0.305469 0.542708 0.324609 0.542708 0.324609 0.570833 0.305469 0.570833
0 0.350781 0.557812 0.364453 0.557812 0.364453 0.576562 0.350781 0.576562
0 0.364844 0.610938 0.380469 0.610938 0.380469 0.633854 0.364844 0.633854
0 0.296875 0.7125 0.315234 0.7125 0.315234 0.735417 0.296875 0.735417
0 0.324219 0.706771 0.341406 0.706771 0.341406 0.732812 0.324219 0.732812
0 0.358203 0.720312 0.374219 0.720312 0.374219 0.746354 0.358203 0.746354
0 0.4625 0.157292 0.482422 0.157292 0.482422 0.180729 0.4625 0.180729
0 0.475391 0.1875 0.496094 0.1875 0.496094 0.208333 0.475391 0.208333
0 0.467969 0.217188 0.489844 0.217188 0.489844 0.240104 0.467969 0.240104
0 0.438672 0.266667 0.457422 0.266667 0.457422 0.291667 0.438672 0.291667
0 0.491406 0.275521 0.509766 0.275521 0.509766 0.304688 0.491406 0.304688
0 0.459375 0.29375 0.480469 0.29375 0.480469 0.320833 0.459375 0.320833
0 0.415625 0.326042 0.435156 0.326042 0.435156 0.352083 0.415625 0.352083
0 0.463281 0.344792 0.486719 0.344792 0.486719 0.369792 0.463281 0.369792
0 0.499609 0.353646 0.520703 0.353646 0.520703 0.379688 0.499609 0.379688
0 0.400781 0.371875 0.423438 0.371875 0.423438 0.396354 0.400781 0.396354
0 0.374609 0.434896 0.392578 0.434896 0.392578 0.458333 0.374609 0.458333
0 0.396875 0.418229 0.418359 0.418229 0.418359 0.442188 0.396875 0.442188
0 0.428125 0.40625 0.442188 0.40625 0.442188 0.430208 0.428125 0.430208
0 0.451562 0.383854 0.467578 0.383854 0.467578 0.409375 0.451562 0.409375
0 0.477734 0.403125 0.498047 0.403125 0.498047 0.425 0.477734 0.425
0 0.455469 0.449479 0.474219 0.449479 0.474219 0.471875 0.455469 0.471875
0 0.444531 0.471875 0.458594 0.471875 0.458594 0.496354 0.444531 0.496354
0 0.410156 0.461458 0.427344 0.461458 0.427344 0.488542 0.410156 0.488542
0 0.651172 0.0 0.671484 0.0 0.671484 0.017708 0.651172 0.017708
0 0.689453 0.0 0.709766 0.0 0.709766 0.024479 0.689453 0.024479
0 0.667578 0.025 0.687109 0.025 0.687109 0.048958 0.667578 0.048958
0 0.687109 0.055208 0.705859 0.055208 0.705859 0.085938 0.687109 0.085938
0 0.717188 0.042188 0.733984 0.042188 0.733984 0.075 0.717188 0.075
0 0.744141 0.0625 0.762109 0.0625 0.762109 0.081771 0.744141 0.081771
0 0.626562 0.057292 0.648047 0.057292 0.648047 0.078125 0.626562 0.078125
0 0.667188 0.085938 0.684375 0.085938 0.684375 0.115104 0.667188 0.115104
0 0.695312 0.094271 0.711719 0.094271 0.711719 0.121354 0.695312 0.121354
0 0.647266 0.101562 0.666797 0.101562 0.666797 0.127083 0.647266 0.127083
0 0.618359 0.101042 0.637891 0.101042 0.637891 0.127604 0.618359 0.127604
0 0.632031 0.146875 0.648047 0.146875 0.648047 0.173958 0.632031 0.173958
0 0.659766 0.16875 0.680469 0.16875 0.680469 0.191667 0.659766 0.191667
0 0.690234 0.148958 0.70625 0.148958 0.70625 0.178646 0.690234 0.178646
0 0.712109 0.136979 0.730078 0.136979 0.730078 0.154167 0.712109 0.154167
0 0.744922 0.135938 0.763672 0.135938 0.763672 0.156771 0.744922 0.156771
0 0.737891 0.092188 0.757031 0.092188 0.757031 0.113542 0.737891 0.113542
0 0.776953 0.115625 0.795703 0.115625 0.795703 0.148438 0.776953 0.148438
0 0.785938 0.0625 0.801172 0.0625 0.801172 0.090625 0.785938 0.090625
0 0.780859 0.029167 0.800391 0.029167 0.800391 0.05 0.780859 0.05
0 0.586328 0.213542 0.602344 0.213542 0.602344 0.239062 0.586328 0.239062
0 0.60625 0.207292 0.625391 0.207292 0.625391 0.23125 0.60625 0.23125
0 0.620312 0.18125 0.638672 0.18125 0.638672 0.202083 0.620312 0.202083
0 0.65625 0.203646 0.675 0.203646 0.675 0.228125 0.65625 0.228125
0 0.683594 0.204167 0.700781 0.204167 0.700781 0.227604 0.683594 0.227604
0 0.685938 0.239583 0.700781 0.239583 0.700781 0.266667 0.685938 0.266667
0 0.720312 0.248958 0.739844 0.248958 0.739844 0.273958 0.720312 0.273958
0 0.726172 0.185417 0.744531 0.185417 0.744531 0.219792 0.726172 0.219792
0 0.703906 0.276562 0.720312 0.276562 0.720312 0.302083 0.703906 0.302083
0 0.660547 0.267188 0.675 0.267188 0.675 0.29375 0.660547 0.29375
0 0.625781 0.240104 0.644922 0.240104 0.644922 0.271354 0.625781 0.271354
0 0.598047 0.244271 0.614844 0.244271 0.614844 0.269792 0.598047 0.269792
0 0.588281 0.286979 0.605859 0.286979 0.605859 0.316146 0.588281 0.316146
0 0.6125 0.305208 0.628516 0.305208 0.628516 0.329167 0.6125 0.329167
0 0.637109 0.297396 0.650391 0.297396 0.650391 0.321875 0.637109 0.321875
0 0.653125 0.3125 0.669922 0.3125 0.669922 0.3375 0.653125 0.3375
0 0.669141 0.34375 0.6875 0.34375 0.6875 0.365104 0.669141 0.365104
0 0.682031 0.290104 0.698828 0.290104 0.698828 0.321875 0.682031 0.321875
0 0.708984 0.313021 0.73125 0.313021 0.73125 0.335938 0.708984 0.335938
0 0.626953 0.339583 0.642969 0.339583 0.642969 0.360417 0.626953 0.360417
0 0.489453 0.575 0.5125 0.575 0.5125 0.602083 0.489453 0.602083
0 0.523047 0.558854 0.542188 0.558854 0.542188 0.590104 0.523047 0.590104
0 0.552344 0.556771 0.572656 0.556771 0.572656 0.582812 0.552344 0.582812
0 0.571875 0.595833 0.590234 0.595833 0.590234 0.621354 0.571875 0.621354
0 0.592188 0.575 0.614062 0.575 0.614062 0.6 0.592188 0.6
0 0.555078 0.521354 0.576172 0.521354 0.576172 0.540104 0.555078 0.540104
0 0.526562 0.51875 0.54375 0.51875 0.54375 0.541146 0.526562 0.541146
0 0.553125 0.476042 0.569531 0.476042 0.569531 0.500521 0.553125 0.500521
0 0.572266 0.498438 0.586719 0.498438 0.586719 0.521354 0.572266 0.521354
0 0.598047 0.504167 0.617578 0.504167 0.617578 0.534375 0.598047 0.534375
0 0.625781 0.519271 0.647266 0.519271 0.647266 0.551562 0.625781 0.551562
0 0.620312 0.478125 0.637109 0.478125 0.637109 0.509375 0.620312 0.509375
0 0.595312 0.446354 0.610938 0.446354 0.610938 0.476042 0.595312 0.476042
0 0.620703 0.445312 0.6375 0.445312 0.6375 0.467708 0.620703 0.467708
0 0.60625 0.41875 0.624219 0.41875 0.624219 0.439583 0.60625 0.439583
0 0.653125 0.436458 0.66875 0.436458 0.66875 0.459375 0.653125 0.459375
0 0.662109 0.467708 0.683594 0.467708 0.683594 0.496875 0.662109 0.496875
0 0.642188 0.478125 0.65625 0.478125 0.65625 0.505208 0.642188 0.505208
0 0.676562 0.515625 0.696484 0.515625 0.696484 0.541667 0.676562 0.541667
0 0.699219 0.479688 0.717969 0.479688 0.717969 0.504167 0.699219 0.504167
0 0.685156 0.448438 0.699219 0.448438 0.699219 0.481771 0.685156 0.481771
0 0.708203 0.442708 0.721484 0.442708 0.721484 0.469271 0.708203 0.469271
0 0.720312 0.5125 0.737109 0.5125 0.737109 0.536979 0.720312 0.536979
0 0.723828 0.54375 0.740234 0.54375 0.740234 0.56875 0.723828 0.56875
0 0.694531 0.546875 0.711328 0.546875 0.711328 0.573958 0.694531 0.573958
0 0.65 0.560417 0.669922 0.560417 0.669922 0.581771 0.65 0.581771
0 0.68125 0.579167 0.703516 0.579167 0.703516 0.600521 0.68125 0.600521
0 0.458984 0.627604 0.475 0.627604 0.475 0.652083 0.458984 0.652083
0 0.465625 0.598958 0.482812 0.598958 0.482812 0.620312 0.465625 0.620312
0 0.487891 0.619792 0.508203 0.619792 0.508203 0.640625 0.487891 0.640625
0 0.491797 0.653125 0.512109 0.653125 0.512109 0.678125 0.491797 0.678125
0 0.517578 0.680729 0.536328 0.680729 0.536328 0.709896 0.517578 0.709896
0 0.525391 0.628646 0.538672 0.628646 0.538672 0.65625 0.525391 0.65625
0 0.556641 0.636979 0.573047 0.636979 0.573047 0.661979 0.556641 0.661979
0 0.485156 0.732812 0.503906 0.732812 0.503906 0.761979 0.485156 0.761979
0 0.520312 0.721875 0.539453 0.721875 0.539453 0.748438 0.520312 0.748438
0 0.555078 0.728125 0.576172 0.728125 0.576172 0.75 0.555078 0.75
0 0.527344 0.767188 0.546875 0.767188 0.546875 0.790625 0.527344 0.790625
0 0.449219 0.767188 0.464453 0.767188 0.464453 0.789583 0.449219 0.789583
0 0.460938 0.741667 0.478516 0.741667 0.478516 0.765625 0.460938 0.765625
0 0.468359 0.700521 0.488281 0.700521 0.488281 0.722396 0.468359 0.722396
0 0.554297 0.678125 0.570703 0.678125 0.570703 0.703646 0.554297 0.703646
0 0.580078 0.665625 0.6 0.665625 0.6 0.689583 0.580078 0.689583
0 0.476562 0.794792 0.496484 0.794792 0.496484 0.820312 0.476562 0.820312
0 0.446094 0.817708 0.465234 0.817708 0.465234 0.842188 0.446094 0.842188
0 0.496484 0.826042 0.51875 0.826042 0.51875 0.850521 0.496484 0.850521
0 0.508984 0.801562 0.525781 0.801562 0.525781 0.825 0.508984 0.825
0 0.539062 0.803125 0.554297 0.803125 0.554297 0.826562 0.539062 0.826562
0 0.4375 0.870833 0.455859 0.870833 0.455859 0.892188 0.4375 0.892188
0 0.454297 0.905729 0.469531 0.905729 0.469531 0.93125 0.454297 0.93125
0 0.476562 0.858333 0.496875 0.858333 0.496875 0.881771 0.476562 0.881771
0 0.486328 0.888542 0.505469 0.888542 0.505469 0.910417 0.486328 0.910417
0 0.509766 0.910938 0.524609 0.910938 0.524609 0.941667 0.509766 0.941667
0 0.475391 0.920312 0.492969 0.920312 0.492969 0.948438 0.475391 0.948438
0 0.442969 0.95 0.461328 0.95 0.461328 0.978646 0.442969 0.978646
0 0.512109 0.966667 0.533203 0.966667 0.533203 0.992188 0.512109 0.992188
0 0.539062 0.922396 0.55625 0.922396 0.55625 0.947396 0.539062 0.947396
0 0.596484 0.952604 0.621484 0.952604 0.621484 0.980208 0.596484 0.980208
0 0.630859 0.965104 0.648438 0.965104 0.648438 0.988021 0.630859 0.988021
0 0.652734 0.980729 0.66875 0.980729 0.66875 0.999479 0.652734 0.999479
0 0.674609 0.979688 0.692578 0.979688 0.692578 0.999479 0.674609 0.999479
0 0.572656 0.863021 0.597266 0.863021 0.597266 0.889583 0.572656 0.889583
0 0.589062 0.826042 0.611328 0.826042 0.611328 0.849479 0.589062 0.849479
0 0.616016 0.794792 0.6375 0.794792 0.6375 0.816667 0.616016 0.816667
0 0.601172 0.744271 0.61875 0.744271 0.61875 0.774479 0.601172 0.774479
0 0.634375 0.751562 0.649219 0.751562 0.649219 0.772396 0.634375 0.772396
0 0.655078 0.723438 0.667969 0.723438 0.667969 0.751042 0.655078 0.751042
0 0.620312 0.7125 0.635938 0.7125 0.635938 0.740625 0.620312 0.740625
0 0.646875 0.634375 0.664844 0.634375 0.664844 0.663542 0.646875 0.663542
0 0.664844 0.624479 0.682422 0.624479 0.682422 0.652604 0.664844 0.652604
0 0.683594 0.682812 0.700781 0.682812 0.700781 0.705729 0.683594 0.705729
0 0.658984 0.677083 0.674219 0.677083 0.674219 0.702083 0.658984 0.702083
0 0.673047 0.657812 0.691016 0.657812 0.691016 0.676562 0.673047 0.676562
0 0.74375 0.627083 0.757422 0.627083 0.757422 0.653646 0.74375 0.653646
0 0.770703 0.657292 0.791016 0.657292 0.791016 0.683333 0.770703 0.683333
0 0.689844 0.919792 0.722656 0.919792 0.722656 0.947917 0.689844 0.947917
0 0.759766 0.936979 0.781641 0.936979 0.781641 0.963542 0.759766 0.963542
0 0.769531 0.980729 0.792188 0.980729 0.792188 0.999479 0.769531 0.999479
0 0.714844 0.963542 0.730469 0.963542 0.730469 0.989583 0.714844 0.989583
0 0.730469 0.951562 0.744922 0.951562 0.744922 0.975521 0.730469 0.975521
0 0.683984 0.854688 0.701562 0.854688 0.701562 0.8875 0.683984 0.8875
0 0.705469 0.877083 0.728125 0.877083 0.728125 0.898958 0.705469 0.898958
0 0.760547 0.868229 0.780469 0.868229 0.780469 0.897396 0.760547 0.897396
0 0.787891 0.858854 0.802344 0.858854 0.802344 0.879688 0.787891 0.879688
0 0.803516 0.885417 0.820703 0.885417 0.820703 0.905729 0.803516 0.905729
0 0.826172 0.879167 0.843359 0.879167 0.843359 0.902083 0.826172 0.902083
0 0.801953 0.929167 0.816406 0.929167 0.816406 0.949479 0.801953 0.949479
0 0.822266 0.947917 0.841406 0.947917 0.841406 0.967188 0.822266 0.967188
0 0.821484 0.048438 0.839844 0.048438 0.839844 0.078646 0.821484 0.078646
0 0.850391 0.061458 0.866016 0.061458 0.866016 0.091146 0.850391 0.091146
0 0.815234 0.09375 0.833203 0.09375 0.833203 0.133854 0.815234 0.133854
0 0.826953 0.139062 0.84375 0.139062 0.84375 0.170833 0.826953 0.170833
0 0.861328 0.145833 0.880469 0.145833 0.880469 0.170312 0.861328 0.170312
0 0.856641 0.102604 0.877734 0.102604 0.877734 0.130208 0.856641 0.130208
0 0.890625 0.097396 0.910938 0.097396 0.910938 0.126562 0.890625 0.126562
0 0.890234 0.05 0.905859 0.05 0.905859 0.070833 0.890234 0.070833
0 0.913672 0.059896 0.93125 0.059896 0.93125 0.083333 0.913672 0.083333
0 0.944922 0.017188 0.964453 0.017188 0.964453 0.044792 0.944922 0.044792
0 0.905078 0.0 0.923438 0.0 0.923438 0.01875 0.905078 0.01875
0 0.975391 0.023438 0.99375 0.023438 0.99375 0.053646 0.975391 0.053646
0 0.767969 0.1875 0.785938 0.1875 0.785938 0.2125 0.767969 0.2125
0 0.795312 0.167708 0.817188 0.167708 0.817188 0.192708 0.795312 0.192708
0 0.84375 0.171875 0.8625 0.171875 0.8625 0.194792 0.84375 0.194792
0 0.86875 0.180729 0.883984 0.180729 0.883984 0.203125 0.86875 0.203125
0 0.840234 0.213021 0.857031 0.213021 0.857031 0.2375 0.840234 0.2375
0 0.817969 0.211979 0.836719 0.211979 0.836719 0.242708 0.817969 0.242708
0 0.860156 0.242708 0.876172 0.242708 0.876172 0.269271 0.860156 0.269271
0 0.831641 0.25625 0.844922 0.25625 0.844922 0.277604 0.831641 0.277604
0 0.794922 0.259896 0.808594 0.259896 0.808594 0.290104 0.794922 0.290104
0 0.759375 0.246875 0.777344 0.246875 0.777344 0.283854 0.759375 0.283854
0 0.737891 0.31875 0.754688 0.31875 0.754688 0.345833 0.737891 0.345833
0 0.777734 0.31875 0.800781 0.31875 0.800781 0.354167 0.777734 0.354167
0 0.754688 0.348438 0.771875 0.348438 0.771875 0.375 0.754688 0.375
0 0.799609 0.359375 0.817578 0.359375 0.817578 0.380208 0.799609 0.380208
0 0.825 0.348438 0.839453 0.348438 0.839453 0.373438 0.825 0.373438
0 0.814062 0.299479 0.829688 0.299479 0.829688 0.327604 0.814062 0.327604
0 0.839062 0.290625 0.854688 0.290625 0.854688 0.318229 0.839062 0.318229
0 0.915234 0.093229 0.929688 0.093229 0.929688 0.1125 0.915234 0.1125
0 0.932812 0.046875 0.946875 0.046875 0.946875 0.066667 0.932812 0.066667
0 0.868359 0.289062 0.886328 0.289062 0.886328 0.316667 0.868359 0.316667
0 0.887109 0.20625 0.901953 0.20625 0.901953 0.226562 0.887109 0.226562
0 0.983594 0.2625 0.999609 0.2625 0.999609 0.291667 0.983594 0.291667
0 0.960547 0.297917 0.977344 0.297917 0.977344 0.328646 0.960547 0.328646
0 0.911328 0.351042 0.928516 0.351042 0.928516 0.373958 0.911328 0.373958
0 0.898047 0.3875 0.912109 0.3875 0.912109 0.409896 0.898047 0.409896
0 0.923438 0.413021 0.940234 0.413021 0.940234 0.435938 0.923438 0.435938
0 0.955078 0.413542 0.969141 0.413542 0.969141 0.440625 0.955078 0.440625
0 0.982031 0.415625 0.995312 0.415625 0.995312 0.438542 0.982031 0.438542
0 0.850391 0.445312 0.875 0.445312 0.875 0.467708 0.850391 0.467708
0 0.891797 0.451562 0.908203 0.451562 0.908203 0.474479 0.891797 0.474479
0 0.929688 0.444271 0.944141 0.444271 0.944141 0.469271 0.929688 0.469271
0 0.921094 0.476562 0.941406 0.476562 0.941406 0.5 0.921094 0.5
0 0.780469 0.554688 0.798438 0.554688 0.798438 0.586979 0.780469 0.586979
0 0.815234 0.579167 0.834766 0.579167 0.834766 0.609896 0.815234 0.609896
0 0.792969 0.605729 0.814453 0.605729 0.814453 0.630729 0.792969 0.630729
0 0.827344 0.621354 0.846875 0.621354 0.846875 0.642708 0.827344 0.642708
0 0.852734 0.6125 0.873828 0.6125 0.873828 0.640625 0.852734 0.640625
0 0.810156 0.663542 0.825391 0.663542 0.825391 0.692708 0.810156 0.692708
0 0.85 0.664062 0.872266 0.664062 0.872266 0.688021 0.85 0.688021
0 0.770312 0.707292 0.788672 0.707292 0.788672 0.728646 0.770312 0.728646
0 0.802344 0.709375 0.816797 0.709375 0.816797 0.732292 0.802344 0.732292
0 0.828906 0.713021 0.844141 0.713021 0.844141 0.738021 0.828906 0.738021
0 0.767188 0.741146 0.786719 0.741146 0.786719 0.763542 0.767188 0.763542
0 0.748828 0.776042 0.765625 0.776042 0.765625 0.802083 0.748828 0.802083
0 0.789453 0.782292 0.807031 0.782292 0.807031 0.802604 0.789453 0.802604
0 0.815234 0.751562 0.832031 0.751562 0.832031 0.774479 0.815234 0.774479
0 0.829297 0.778125 0.849609 0.778125 0.849609 0.801042 0.829297 0.801042
0 0.891797 0.678646 0.912109 0.678646 0.912109 0.698438 0.891797 0.698438
0 0.871484 0.698958 0.887891 0.698958 0.887891 0.727083 0.871484 0.727083
0 0.891016 0.725 0.912109 0.725 0.912109 0.747396 0.891016 0.747396
0 0.8625 0.744792 0.877734 0.744792 0.877734 0.775521 0.8625 0.775521
0 0.868359 0.798438 0.880469 0.798438 0.880469 0.826042 0.868359 0.826042
0 0.886719 0.777604 0.902734 0.777604 0.902734 0.795833 0.886719 0.795833
0 0.905859 0.804167 0.920703 0.804167 0.920703 0.83125 0.905859 0.83125
0 0.923047 0.78125 0.936719 0.78125 0.936719 0.806771 0.923047 0.806771
0 0.835156 0.81875 0.85 0.81875 0.85 0.841667 0.835156 0.841667
0 0.791016 0.826042 0.8125 0.826042 0.8125 0.845312 0.791016 0.845312
0 0.848438 0.841146 0.861719 0.841146 0.861719 0.869271 0.848438 0.869271
0 0.887109 0.853646 0.901562 0.853646 0.901562 0.8875 0.887109 0.8875
0 0.867188 0.884896 0.882812 0.884896 0.882812 0.913021 0.867188 0.913021
0 0.922656 0.86875 0.9375 0.86875 0.9375 0.9 0.922656 0.9
0 0.842969 0.905729 0.863281 0.905729 0.863281 0.928125 0.842969 0.928125
0 0.895312 0.896875 0.909766 0.896875 0.909766 0.922396 0.895312 0.922396
0 0.917578 0.915625 0.934766 0.915625 0.934766 0.942708 0.917578 0.942708
0 0.889844 0.9625 0.910938 0.9625 0.910938 0.990625 0.889844 0.990625
0 0.952734 0.466667 0.969531 0.466667 0.969531 0.485417 0.952734 0.485417
0 0.983984 0.455208 0.998047 0.455208 0.998047 0.475521 0.983984 0.475521
0 0.977734 0.503125 0.994141 0.503125 0.994141 0.523438 0.977734 0.523438
0 0.969141 0.548958 0.983203 0.548958 0.983203 0.569792 0.969141 0.569792
0 0.963672 0.624479 0.983594 0.624479 0.983594 0.661458 0.963672 0.661458
0 0.976562 0.821354 0.990625 0.821354 0.990625 0.850521 0.976562 0.850521
0 0.985156 0.85625 0.999609 0.85625 0.999609 0.885417 0.985156 0.885417
0 0.992188 0.693229 0.999609 0.693229 0.999609 0.71875 0.992188 0.71875