0 0.024219 0.075 0.041797 0.075 0.041797 0.088542 0.024219 0.088542
0 0.016016 0.110938 0.030859 0.110938 0.030859 0.131771 0.016016 0.131771
0 0.068359 0.119271 0.080859 0.119271 0.080859 0.139062 0.068359 0.139062
0 0.032422 0.132292 0.051172 0.132292 0.051172 0.152083 0.032422 0.152083
0 0.007031 0.142188 0.021484 0.142188 0.021484 0.15625 0.007031 0.15625
0 0.00625 0.166667 0.024219 0.166667 0.024219 0.192708 0.00625 0.192708
0 0.159766 0.076562 0.176172 0.076562 0.176172 0.089583 0.159766 0.089583
0 0.107031 0.064062 0.121094 0.064062 0.121094 0.079688 0.107031 0.079688
0 0.102344 0.001042 0.119141 0.001042 0.119141 0.021875 0.102344 0.021875
0 0.19375 0.020312 0.210938 0.020312 0.210938 0.039583 0.19375 0.039583
0 0.173438 0.04375 0.19375 0.04375 0.19375 0.064062 0.173438 0.064062
0 0.313672 0.016146 0.331641 0.016146 0.331641 0.032292 0.313672 0.032292
0 0.298828 0.033854 0.318359 0.033854 0.318359 0.048438 0.298828 0.048438
0 0.387109 0.008333 0.401172 0.008333 0.401172 0.029688 0.387109 0.029688
0 0.341797 0.033854 0.352734 0.033854 0.352734 0.051562 0.341797 0.051562
0 0.399609 0.045833 0.412109 0.045833 0.412109 0.064583 0.399609 0.064583
0 0.438672 0.004167 0.453516 0.004167 0.453516 0.027604 0.438672 0.027604
0 0.485547 0.049479 0.512109 0.049479 0.512109 0.080208 0.485547 0.080208
0 0.468359 0.009375 0.485938 0.009375 0.485938 0.030729 0.468359 0.030729
0 0.5125 0.020312 0.529688 0.020312 0.529688 0.039062 0.5125 0.039062
0 0.5375 0.061458 0.553516 0.061458 0.553516 0.080729 0.5375 0.080729
0 0.518359 0.077604 0.538672 0.077604 0.538672 0.095833 0.518359 0.095833
0 0.392578 0.078125 0.405469 0.078125 0.405469 0.098958 0.392578 0.098958
0 0.556641 0.002083 0.571484 0.002083 0.571484 0.023438 0.556641 0.023438
0 0.532812 0.001042 0.548828 0.001042 0.548828 0.019271 0.532812 0.019271
0 0.557812 0.045312 0.570312 0.045312 0.570312 0.063542 0.557812 0.063542
0 0.582422 0.008333 0.596875 0.008333 0.596875 0.028125 0.582422 0.028125
0 0.612891 0.000521 0.627344 0.000521 0.627344 0.024479 0.612891 0.024479
0 0.571484 0.057292 0.589062 0.057292 0.589062 0.077604 0.571484 0.077604
0 0.603906 0.052083 0.619531 0.052083 0.619531 0.069792 0.603906 0.069792
0 0.530078 0.027604 0.552734 0.027604 0.552734 0.048958 0.530078 0.048958
0 0.688672 0.003646 0.703125 0.003646 0.703125 0.020833 0.688672 0.020833
0 0.712109 0.022917 0.728125 0.022917 0.728125 0.038542 0.712109 0.038542
0 0.762891 0.014062 0.782422 0.014062 0.782422 0.034375 0.762891 0.034375
0 0.798828 0.032292 0.819141 0.032292 0.819141 0.051042 0.798828 0.051042
0 0.750391 0.052083 0.767969 0.052083 0.767969 0.071354 0.750391 0.071354
0 0.785547 0.067188 0.802344 0.067188 0.802344 0.080729 0.785547 0.080729
0 0.741016 0.098958 0.758203 0.098958 0.758203 0.116146 0.741016 0.116146
0 0.713281 0.06875 0.733203 0.06875 0.733203 0.085938 0.713281 0.085938
0 0.717578 0.110417 0.730469 0.110417 0.730469 0.130208 0.717578 0.130208
0 0.827734 0.051042 0.848047 0.051042 0.848047 0.071875 0.827734 0.071875
0 0.847656 0.094271 0.862891 0.094271 0.862891 0.111458 0.847656 0.111458
0 0.889453 0.066667 0.904297 0.066667 0.904297 0.082292 0.889453 0.082292
0 0.876562 0.15 0.889453 0.15 0.889453 0.169271 0.876562 0.169271
0 0.841016 0.167188 0.857031 0.167188 0.857031 0.185417 0.841016 0.185417
0 0.798438 0.1375 0.813672 0.1375 0.813672 0.160938 0.798438 0.160938
0 0.809375 0.179688 0.822266 0.179688 0.822266 0.201042 0.809375 0.201042
0 0.828125 0.201042 0.845312 0.201042 0.845312 0.216146 0.828125 0.216146
0 0.896484 0.025 0.913672 0.025 0.913672 0.044792 0.896484 0.044792
0 0.837109 0.008333 0.851562 0.008333 0.851562 0.029688 0.837109 0.029688
0 0.926953 0.023438 0.945312 0.023438 0.945312 0.038542 0.926953 0.038542
0 0.972266 0.157812 0.984766 0.157812 0.984766 0.175521 0.972266 0.175521
0 0.885938 0.204688 0.898047 0.204688 0.898047 0.226042 0.885938 0.226042
0 0.866797 0.188542 0.882031 0.188542 0.882031 0.206771 0.866797 0.206771
0 0.968359 0.28125 0.987891 0.28125 0.987891 0.301042 0.968359 0.301042
0 0.961328 0.252083 0.98125 0.252083 0.98125 0.269792 0.961328 0.269792
0 0.907031 0.376042 0.922656 0.376042 0.922656 0.403125 0.907031 0.403125
0 0.888672 0.409375 0.906641 0.409375 0.906641 0.427083 0.888672 0.427083
0 0.907422 0.427604 0.921484 0.427604 0.921484 0.451562 0.907422 0.451562
0 0.942578 0.41875 0.961328 0.41875 0.961328 0.440104 0.942578 0.440104
0 0.887891 0.464583 0.901562 0.464583 0.901562 0.480208 0.887891 0.480208
0 0.943359 0.479688 0.957422 0.479688 0.957422 0.497917 0.943359 0.497917
0 0.892578 0.49375 0.909766 0.49375 0.909766 0.5125 0.892578 0.5125
0 0.669141 0.130729 0.683594 0.130729 0.683594 0.146354 0.669141 0.146354
0 0.722266 0.139583 0.740234 0.139583 0.740234 0.151562 0.722266 0.151562
0 0.703516 0.163021 0.717188 0.163021 0.717188 0.182292 0.703516 0.182292
0 0.734375 0.185938 0.753906 0.185938 0.753906 0.203125 0.734375 0.203125
0 0.746484 0.149479 0.761719 0.149479 0.761719 0.170833 0.746484 0.170833
0 0.76875 0.169792 0.78125 0.169792 0.78125 0.188542 0.76875 0.188542
0 0.775391 0.130208 0.7875 0.130208 0.7875 0.150521 0.775391 0.150521
0 0.689453 0.219271 0.707812 0.219271 0.707812 0.236458 0.689453 0.236458
0 0.699219 0.191146 0.715625 0.191146 0.715625 0.207812 0.699219 0.207812
0 0.669141 0.181771 0.680859 0.181771 0.680859 0.199479 0.669141 0.199479
0 0.651953 0.226562 0.669922 0.226562 0.669922 0.244271 0.651953 0.244271
0 0.724219 0.219792 0.739062 0.219792 0.739062 0.242708 0.724219 0.242708
0 0.770703 0.207812 0.785547 0.207812 0.785547 0.224479 0.770703 0.224479
0 0.773828 0.234375 0.791406 0.234375 0.791406 0.25 0.773828 0.25
0 0.793359 0.25625 0.808984 0.25625 0.808984 0.270312 0.793359 0.270312
0 0.816016 0.264062 0.833203 0.264062 0.833203 0.278646 0.816016 0.278646
0 0.779688 0.278125 0.791797 0.278125 0.791797 0.293229 0.779688 0.293229
0 0.8125 0.286458 0.828906 0.286458 0.828906 0.3 0.8125 0.3
0 0.859766 0.243229 0.876172 0.243229 0.876172 0.263542 0.859766 0.263542
0 0.841406 0.226562 0.857031 0.226562 0.857031 0.242708 0.841406 0.242708
0 0.81875 0.238021 0.834766 0.238021 0.834766 0.255729 0.81875 0.255729
0 0.845312 0.295312 0.858984 0.295312 0.858984 0.318229 0.845312 0.318229
0 0.829297 0.332812 0.842578 0.332812 0.842578 0.354167 0.829297 0.354167
0 0.812109 0.317708 0.826562 0.317708 0.826562 0.335938 0.812109 0.335938
0 0.789062 0.311979 0.805859 0.311979 0.805859 0.332812 0.789062 0.332812
0 0.766406 0.3375 0.782812 0.3375 0.782812 0.353125 0.766406 0.353125
0 0.807812 0.357812 0.823828 0.357812 0.823828 0.372396 0.807812 0.372396
0 0.810156 0.382292 0.829297 0.382292 0.829297 0.397917 0.810156 0.397917
0 0.792969 0.403646 0.810938 0.403646 0.810938 0.421354 0.792969 0.421354
0 0.788672 0.440625 0.807812 0.440625 0.807812 0.460417 0.788672 0.460417
0 0.914453 0.470833 0.928516 0.470833 0.928516 0.486979 0.914453 0.486979
0 0.916406 0.515625 0.935547 0.515625 0.935547 0.539062 0.916406 0.539062
0 0.905078 0.553125 0.925 0.553125 0.925 0.573438 0.905078 0.573438
0 0.941016 0.546354 0.957812 0.546354 0.957812 0.56875 0.941016 0.56875
0 0.916406 0.580208 0.935156 0.580208 0.935156 0.601562 0.916406 0.601562
0 0.940234 0.597396 0.959766 0.597396 0.959766 0.616146 0.940234 0.616146
0 0.978125 0.68125 0.994531 0.68125 0.994531 0.702083 0.978125 0.702083
0 0.901172 0.7125 0.920312 0.7125 0.920312 0.73125 0.901172 0.73125
0 0.931641 0.729688 0.946094 0.729688 0.946094 0.747917 0.931641 0.747917
0 0.862109 0.720312 0.879688 0.720312 0.879688 0.735938 0.862109 0.735938
0 0.892578 0.745312 0.909766 0.745312 0.909766 0.761979 0.892578 0.761979
0 0.869531 0.759375 0.886719 0.759375 0.886719 0.777604 0.869531 0.777604
0 0.936719 0.769271 0.958594 0.769271 0.958594 0.788542 0.936719 0.788542
0 0.902344 0.768229 0.920312 0.768229 0.920312 0.784896 0.902344 0.784896
0 0.914844 0.792708 0.93125 0.792708 0.93125 0.811458 0.914844 0.811458
0 0.968359 0.572917 0.980859 0.572917 0.980859 0.593229 0.968359 0.593229
0 0.842578 0.80625 0.861719 0.80625 0.861719 0.826042 0.842578 0.826042
0 0.876562 0.846875 0.895312 0.846875 0.895312 0.867188 0.876562 0.867188
0 0.836719 0.85 0.855859 0.85 0.855859 0.86875 0.836719 0.86875
0 0.858203 0.875521 0.874609 0.875521 0.874609 0.89375 0.858203 0.89375
0 0.820312 0.871354 0.832422 0.871354 0.832422 0.883854 0.820312 0.883854
0 0.843359 0.921875 0.857422 0.921875 0.857422 0.943229 0.843359 0.943229
0 0.948828 0.966146 0.964062 0.966146 0.964062 0.989583 0.948828 0.989583
0 0.973828 0.96875 0.991016 0.96875 0.991016 0.9875 0.973828 0.9875
0 0.971875 0.91875 0.9875 0.91875 0.9875 0.938021 0.971875 0.938021
0 0.84375 0.778125 0.860156 0.778125 0.860156 0.797396 0.84375 0.797396
0 0.890234 0.801562 0.90625 0.801562 0.90625 0.818229 0.890234 0.818229
0 0.600781 0.874479 0.613672 0.874479 0.613672 0.896354 0.600781 0.896354
0 0.635156 0.876042 0.654297 0.876042 0.654297 0.893229 0.635156 0.893229
0 0.677734 0.775 0.690625 0.775 0.690625 0.790625 0.677734 0.790625
0 0.6 0.821875 0.616016 0.821875 0.616016 0.835417 0.6 0.835417
0 0.579297 0.844792 0.592578 0.844792 0.592578 0.866146 0.579297 0.866146
0 0.699219 0.895833 0.719531 0.895833 0.719531 0.921875 0.699219 0.921875
0 0.661719 0.918229 0.682031 0.918229 0.682031 0.9375 0.661719 0.9375
0 0.707422 0.844792 0.725 0.844792 0.725 0.86875 0.707422 0.86875
0 0.667969 0.855208 0.684375 0.855208 0.684375 0.870312 0.667969 0.870312
0 0.636719 0.940104 0.651562 0.940104 0.651562 0.960938 0.636719 0.960938
0 0.654297 0.960938 0.671484 0.960938 0.671484 0.979167 0.654297 0.979167
0 0.692969 0.938021 0.709766 0.938021 0.709766 0.955208 0.692969 0.955208
0 0.608594 0.95 0.621094 0.95 0.621094 0.972917 0.608594 0.972917
0 0.634766 0.909375 0.651172 0.909375 0.651172 0.926562 0.634766 0.926562
0 0.572266 0.936458 0.586719 0.936458 0.586719 0.958854 0.572266 0.958854
0 0.565234 0.905729 0.579688 0.905729 0.579688 0.923438 0.565234 0.923438
0 0.538672 0.855208 0.551562 0.855208 0.551562 0.879167 0.538672 0.879167
0 0.511328 0.870312 0.525 0.870312 0.525 0.896875 0.511328 0.896875
0 0.722266 0.758854 0.735547 0.758854 0.735547 0.782292 0.722266 0.782292
0 0.708203 0.726042 0.71875 0.726042 0.71875 0.747917 0.708203 0.747917
0 0.673828 0.721875 0.689062 0.721875 0.689062 0.742188 0.673828 0.742188
0 0.704688 0.774479 0.723047 0.774479 0.723047 0.791146 0.704688 0.791146
0 0.643359 0.739062 0.6625 0.739062 0.6625 0.760938 0.643359 0.760938
0 0.657422 0.693229 0.674219 0.693229 0.674219 0.713021 0.657422 0.713021
0 0.751953 0.484375 0.765625 0.484375 0.765625 0.505208 0.751953 0.505208
0 0.786719 0.479167 0.808984 0.479167 0.808984 0.502083 0.786719 0.502083
0 0.770312 0.53125 0.783594 0.53125 0.783594 0.547917 0.770312 0.547917
0 0.75625 0.554688 0.771484 0.554688 0.771484 0.572396 0.75625 0.572396
0 0.721484 0.540104 0.735156 0.540104 0.735156 0.558854 0.721484 0.558854
0 0.726172 0.497917 0.742578 0.497917 0.742578 0.518229 0.726172 0.518229
0 0.728125 0.455729 0.747656 0.455729 0.747656 0.477083 0.728125 0.477083
0 0.752344 0.445312 0.771484 0.445312 0.771484 0.464583 0.752344 0.464583
0 0.701562 0.489062 0.714844 0.489062 0.714844 0.508333 0.701562 0.508333
0 0.673828 0.444792 0.685547 0.444792 0.685547 0.458333 0.673828 0.458333
0 0.723438 0.373958 0.738281 0.373958 0.738281 0.392708 0.723438 0.392708
0 0.753516 0.392708 0.770312 0.392708 0.770312 0.418229 0.753516 0.418229
0 0.717969 0.404688 0.736328 0.404688 0.736328 0.421875 0.717969 0.421875
0 0.711719 0.465625 0.728125 0.465625 0.728125 0.489583 0.711719 0.489583
0 0.660156 0.539583 0.678125 0.539583 0.678125 0.5625 0.660156 0.5625
0 0.69375 0.360938 0.705859 0.360938 0.705859 0.376042 0.69375 0.376042
0 0.664844 0.365104 0.68125 0.365104 0.68125 0.382812 0.664844 0.382812
0 0.666406 0.338542 0.684375 0.338542 0.684375 0.353646 0.666406 0.353646
0 0.655859 0.28125 0.675391 0.28125 0.675391 0.297396 0.655859 0.297396
0 0.699609 0.272917 0.718359 0.272917 0.718359 0.286979 0.699609 0.286979
0 0.498828 0.183854 0.519141 0.183854 0.519141 0.201562 0.498828 0.201562
0 0.529297 0.1625 0.545312 0.1625 0.545312 0.180208 0.529297 0.180208
0 0.561719 0.264583 0.575391 0.264583 0.575391 0.284375 0.561719 0.284375
0 0.477734 0.201562 0.494141 0.201562 0.494141 0.225521 0.477734 0.225521
0 0.458984 0.236458 0.480469 0.236458 0.480469 0.260938 0.458984 0.260938
0 0.486328 0.290104 0.50625 0.290104 0.50625 0.310417 0.486328 0.310417
0 0.528906 0.3 0.548828 0.3 0.548828 0.316146 0.528906 0.316146
0 0.536719 0.232292 0.558203 0.232292 0.558203 0.252083 0.536719 0.252083
0 0.564844 0.188021 0.573047 0.188021 0.573047 0.2 0.564844 0.2
0 0.576953 0.160938 0.5875 0.160938 0.5875 0.174479 0.576953 0.174479
0 0.564062 0.215104 0.575 0.215104 0.575 0.227604 0.564062 0.227604
0 0.436719 0.198958 0.455469 0.198958 0.455469 0.217708 0.436719 0.217708
0 0.431641 0.152083 0.448047 0.152083 0.448047 0.164583 0.431641 0.164583
0 0.422656 0.25 0.443359 0.25 0.443359 0.271354 0.422656 0.271354
0 0.446484 0.271354 0.462109 0.271354 0.462109 0.293229 0.446484 0.293229
0 0.445703 0.338542 0.463281 0.338542 0.463281 0.355729 0.445703 0.355729
0 0.466016 0.313542 0.480859 0.313542 0.480859 0.335417 0.466016 0.335417
0 0.447266 0.296875 0.462109 0.296875 0.462109 0.317188 0.447266 0.317188
0 0.432812 0.313021 0.448828 0.313021 0.448828 0.334896 0.432812 0.334896
0 0.4 0.282812 0.4125 0.282812 0.4125 0.302083 0.4 0.302083
0 0.404688 0.333854 0.423047 0.333854 0.423047 0.354688 0.404688 0.354688
0 0.520703 0.319271 0.539453 0.319271 0.539453 0.335938 0.520703 0.335938
0 0.492969 0.343229 0.508203 0.343229 0.508203 0.357292 0.492969 0.357292
0 0.570703 0.373958 0.587109 0.373958 0.587109 0.388021 0.570703 0.388021
0 0.550781 0.396875 0.566016 0.396875 0.566016 0.410938 0.550781 0.410938
0 0.518359 0.394271 0.534766 0.394271 0.534766 0.410938 0.518359 0.410938
0 0.559375 0.317708 0.571484 0.317708 0.571484 0.332292 0.559375 0.332292
0 0.626562 0.503125 0.639453 0.503125 0.639453 0.520833 0.626562 0.520833
0 0.628516 0.536458 0.640625 0.536458 0.640625 0.555729 0.628516 0.555729
0 0.609375 0.5375 0.623047 0.5375 0.623047 0.557812 0.609375 0.557812
0 0.585938 0.519271 0.599219 0.519271 0.599219 0.534375 0.585938 0.534375
0 0.588672 0.480208 0.604688 0.480208 0.604688 0.497917 0.588672 0.497917
0 0.574219 0.45625 0.592188 0.45625 0.592188 0.471354 0.574219 0.471354
0 0.652344 0.572396 0.666016 0.572396 0.666016 0.591146 0.652344 0.591146
0 0.673828 0.579688 0.690234 0.579688 0.690234 0.603125 0.673828 0.603125
0 0.579297 0.553646 0.591797 0.553646 0.591797 0.572917 0.579297 0.572917
0 0.590234 0.625521 0.605859 0.625521 0.605859 0.647917 0.590234 0.647917
0 0.557422 0.639062 0.571094 0.639062 0.571094 0.660417 0.557422 0.660417
0 0.632812 0.641667 0.653125 0.641667 0.653125 0.654688 0.632812 0.654688
0 0.632031 0.603125 0.651172 0.603125 0.651172 0.622396 0.632031 0.622396
0 0.70625 0.51875 0.721484 0.51875 0.721484 0.536458 0.70625 0.536458
0 0.498828 0.605729 0.516016 0.605729 0.516016 0.624479 0.498828 0.624479
0 0.516016 0.541667 0.534375 0.541667 0.534375 0.560417 0.516016 0.560417
0 0.459375 0.603646 0.476562 0.603646 0.476562 0.620312 0.459375 0.620312
0 0.624609 0.6875 0.644531 0.6875 0.644531 0.702604 0.624609 0.702604
0 0.592969 0.664062 0.613672 0.664062 0.613672 0.676042 0.592969 0.676042
0 0.603906 0.725521 0.623047 0.725521 0.623047 0.740625 0.603906 0.740625
0 0.560938 0.719271 0.574219 0.719271 0.574219 0.732812 0.560938 0.732812
0 0.541797 0.73125 0.560547 0.73125 0.560547 0.744271 0.541797 0.744271
0 0.496484 0.646875 0.514453 0.646875 0.514453 0.663021 0.496484 0.663021
0 0.473828 0.633854 0.488281 0.633854 0.488281 0.651562 0.473828 0.651562
0 0.450781 0.551562 0.465625 0.551562 0.465625 0.579167 0.450781 0.579167
0 0.474609 0.525521 0.495703 0.525521 0.495703 0.544271 0.474609 0.544271
0 0.438672 0.516146 0.457422 0.516146 0.457422 0.536458 0.438672 0.536458
0 0.444141 0.488542 0.462891 0.488542 0.462891 0.505729 0.444141 0.505729
0 0.483984 0.495833 0.498047 0.495833 0.498047 0.517188 0.483984 0.517188
0 0.479688 0.451562 0.491406 0.451562 0.491406 0.472917 0.479688 0.472917
0 0.457422 0.459375 0.471875 0.459375 0.471875 0.480208 0.457422 0.480208
0 0.415625 0.475 0.432031 0.475 0.432031 0.496875 0.415625 0.496875
0 0.402344 0.435938 0.421094 0.435938 0.421094 0.452604 0.402344 0.452604
0 0.385938 0.496875 0.404688 0.496875 0.404688 0.516667 0.385938 0.516667
0 0.391016 0.532292 0.405469 0.532292 0.405469 0.55625 0.391016 0.55625
0 0.415234 0.538542 0.43125 0.538542 0.43125 0.554688 0.415234 0.554688
0 0.375391 0.578125 0.388281 0.578125 0.388281 0.594792 0.375391 0.594792
0 0.411719 0.601562 0.427734 0.601562 0.427734 0.622917 0.411719 0.622917
0 0.403516 0.565104 0.416016 0.565104 0.416016 0.581771 0.403516 0.581771
0 0.480078 0.561458 0.494531 0.561458 0.494531 0.579688 0.480078 0.579688
0 0.357812 0.527083 0.375 0.527083 0.375 0.539583 0.357812 0.539583
0 0.353516 0.498958 0.365234 0.498958 0.365234 0.514062 0.353516 0.514062
0 0.442578 0.438542 0.458594 0.438542 0.458594 0.45625 0.442578 0.45625
0 0.428125 0.426042 0.442969 0.426042 0.442969 0.438542 0.428125 0.438542
0 0.457031 0.752604 0.471094 0.752604 0.471094 0.774479 0.457031 0.774479
0 0.466016 0.806771 0.479688 0.806771 0.479688 0.828646 0.466016 0.828646
0 0.429297 0.739583 0.442969 0.739583 0.442969 0.7625 0.429297 0.7625
0 0.4 0.753646 0.416406 0.753646 0.416406 0.770833 0.4 0.770833
0 0.392578 0.775521 0.404688 0.775521 0.404688 0.794271 0.392578 0.794271
0 0.410938 0.794792 0.426172 0.794792 0.426172 0.813021 0.410938 0.813021
0 0.460547 0.710417 0.473828 0.710417 0.473828 0.730208 0.460547 0.730208
0 0.525391 0.75625 0.541406 0.75625 0.541406 0.774479 0.525391 0.774479
0 0.592188 0.755208 0.60625 0.755208 0.60625 0.770833 0.592188 0.770833
0 0.546094 0.803125 0.566797 0.803125 0.566797 0.826562 0.546094 0.826562
0 0.487109 0.767188 0.508203 0.767188 0.508203 0.783854 0.487109 0.783854
0 0.439453 0.804688 0.455078 0.804688 0.455078 0.825 0.439453 0.825
0 0.435938 0.776562 0.450391 0.776562 0.450391 0.798438 0.435938 0.798438
0 0.370312 0.766667 0.383203 0.766667 0.383203 0.785938 0.370312 0.785938
0 0.342188 0.730208 0.360938 0.730208 0.360938 0.745833 0.342188 0.745833
0 0.371094 0.866667 0.388281 0.866667 0.388281 0.888542 0.371094 0.888542
0 0.419141 0.865104 0.437891 0.865104 0.437891 0.882812 0.419141 0.882812
0 0.414453 0.826562 0.432031 0.826562 0.432031 0.845833 0.414453 0.845833
0 0.352344 0.795833 0.368359 0.795833 0.368359 0.817708 0.352344 0.817708
0 0.329688 0.803125 0.344922 0.803125 0.344922 0.828125 0.329688 0.828125
0 0.312109 0.8125 0.325391 0.8125 0.325391 0.828125 0.312109 0.828125
0 0.301562 0.782812 0.315625 0.782812 0.315625 0.801562 0.301562 0.801562
0 0.337109 0.7625 0.353125 0.7625 0.353125 0.776042 0.337109 0.776042
0 0.319922 0.724479 0.333984 0.724479 0.333984 0.743229 0.319922 0.743229
0 0.35625 0.6875 0.368359 0.6875 0.368359 0.709896 0.35625 0.709896
0 0.391406 0.717188 0.409375 0.717188 0.409375 0.732292 0.391406 0.732292
0 0.338672 0.671354 0.353906 0.671354 0.353906 0.686458 0.338672 0.686458
0 0.308984 0.697396 0.322656 0.697396 0.322656 0.723958 0.308984 0.723958
0 0.475391 0.889062 0.489453 0.889062 0.489453 0.904167 0.475391 0.904167
0 0.454297 0.894792 0.467188 0.894792 0.467188 0.916146 0.454297 0.916146
0 0.421484 0.898958 0.434375 0.898958 0.434375 0.917708 0.421484 0.917708
0 0.376953 0.929688 0.394922 0.929688 0.394922 0.947396 0.376953 0.947396
0 0.336719 0.941667 0.351172 0.941667 0.351172 0.958333 0.336719 0.958333
0 0.316406 0.963021 0.329688 0.963021 0.329688 0.979688 0.316406 0.979688
0 0.377734 0.95625 0.398047 0.95625 0.398047 0.972396 0.377734 0.972396
0 0.415234 0.955208 0.427734 0.955208 0.427734 0.973438 0.415234 0.973438
0 0.330859 0.910417 0.347266 0.910417 0.347266 0.923958 0.330859 0.923958
0 0.305078 0.925521 0.324219 0.925521 0.324219 0.939062 0.305078 0.939062
0 0.171875 0.965104 0.183594 0.965104 0.183594 0.980729 0.171875 0.980729
0 0.203125 0.923958 0.219531 0.923958 0.219531 0.940104 0.203125 0.940104
0 0.176172 0.903125 0.189062 0.903125 0.189062 0.928646 0.176172 0.928646
0 0.205078 0.957812 0.216797 0.957812 0.216797 0.973958 0.205078 0.973958
0 0.137891 0.947396 0.154297 0.947396 0.154297 0.967188 0.137891 0.967188
0 0.132812 0.882292 0.151953 0.882292 0.151953 0.901562 0.132812 0.901562
0 0.160938 0.85625 0.180859 0.85625 0.180859 0.877604 0.160938 0.877604
0 0.197266 0.827083 0.211719 0.827083 0.211719 0.845312 0.197266 0.845312
0 0.504297 0.795312 0.523438 0.795312 0.523438 0.818229 0.504297 0.818229
0 0.487109 0.710417 0.504687 0.710417 0.504687 0.736979 0.487109 0.736979
0 0.444141 0.7 0.457031 0.7 0.457031 0.723958 0.444141 0.723958
0 0.680469 0.825 0.696875 0.825 0.696875 0.839062 0.680469 0.839062
0 0.550781 0.744271 0.566797 0.744271 0.566797 0.763021 0.550781 0.763021
0 0.69375 0.971354 0.707031 0.971354 0.707031 0.988542 0.69375 0.988542
0 0.551953 0.497917 0.573047 0.497917 0.573047 0.518229 0.551953 0.518229
0 0.5375 0.435938 0.552734 0.435938 0.552734 0.454688 0.5375 0.454688
0 0.328516 0.25625 0.342188 0.25625 0.342188 0.276042 0.328516 0.276042
0 0.342969 0.2875 0.358594 0.2875 0.358594 0.313021 0.342969 0.313021
0 0.372656 0.342188 0.386719 0.342188 0.386719 0.366667 0.372656 0.366667
0 0.383594 0.203646 0.401562 0.203646 0.401562 0.228646 0.383594 0.228646
0 0.377344 0.249479 0.39375 0.249479 0.39375 0.267188 0.377344 0.267188
0 0.411719 0.299479 0.429688 0.299479 0.429688 0.320833 0.411719 0.320833
0 0.371484 0.170312 0.394922 0.170312 0.394922 0.2 0.371484 0.2
0 0.339062 0.198438 0.35625 0.198438 0.35625 0.221354 0.339062 0.221354
0 0.305469 0.082812 0.324219 0.082812 0.324219 0.096875 0.305469 0.096875
0 0.312109 0.125 0.334375 0.125 0.334375 0.145312 0.312109 0.145312
0 0.313672 0.104167 0.332031 0.104167 0.332031 0.119271 0.313672 0.119271
0 0.289844 0.141146 0.305469 0.141146 0.305469 0.165625 0.289844 0.165625
0 0.307812 0.164062 0.327344 0.164062 0.327344 0.178125 0.307812 0.178125
0 0.344922 0.165625 0.359766 0.165625 0.359766 0.182812 0.344922 0.182812
0 0.488281 0.120833 0.505859 0.120833 0.505859 0.134375 0.488281 0.134375
0 0.364844 0.271875 0.379297 0.271875 0.379297 0.2875 0.364844 0.2875
0 0.382812 0.304688 0.396875 0.304688 0.396875 0.326042 0.382812 0.326042
0 0.305469 0.403125 0.328516 0.403125 0.328516 0.431771 0.305469 0.431771
0 0.360156 0.388021 0.385938 0.388021 0.385938 0.421354 0.360156 0.421354
0 0.373828 0.676042 0.389062 0.676042 0.389062 0.692188 0.373828 0.692188
0 0.142188 0.208854 0.160547 0.208854 0.160547 0.235417 0.142188 0.235417
0 0.173438 0.251563 0.194141 0.251563 0.194141 0.273438 0.173438 0.273438
0 0.239062 0.270833 0.25625 0.270833 0.25625 0.29375 0.239062 0.29375
0 0.225 0.209375 0.242188 0.209375 0.242188 0.227083 0.225 0.227083
0 0.163672 0.183854 0.182422 0.183854 0.182422 0.205208 0.163672 0.205208
0 0.094922 0.191667 0.108594 0.191667 0.108594 0.209375 0.094922 0.209375
0 0.142969 0.284896 0.159766 0.284896 0.159766 0.305729 0.142969 0.305729
0 0.094141 0.295312 0.110938 0.295312 0.110938 0.315625 0.094141 0.315625
0 0.107422 0.266667 0.123828 0.266667 0.123828 0.282292 0.107422 0.282292
0 0.064453 0.302604 0.082031 0.302604 0.082031 0.319792 0.064453 0.319792
0 0.198047 0.351042 0.219531 0.351042 0.219531 0.384375 0.198047 0.384375
0 0.249609 0.4 0.275 0.4 0.275 0.418229 0.249609 0.418229
0 0.250781 0.363542 0.267969 0.363542 0.267969 0.384375 0.250781 0.384375
0 0.050781 0.339062 0.069531 0.339062 0.069531 0.358333 0.050781 0.358333
0 0.010938 0.401562 0.029297 0.401562 0.029297 0.429688 0.010938 0.429688
0 0.042578 0.401042 0.058203 0.401042 0.058203 0.426042 0.042578 0.426042
0 0.145312 0.357292 0.166016 0.357292 0.166016 0.375 0.145312 0.375
0 0.132812 0.320312 0.157812 0.320312 0.157812 0.341146 0.132812 0.341146
0 0.161328 0.416146 0.181641 0.416146 0.181641 0.439583 0.161328 0.439583
0 0.133203 0.440104 0.151172 0.440104 0.151172 0.466667 0.133203 0.466667
0 0.189453 0.603125 0.211328 0.603125 0.211328 0.623958 0.189453 0.623958
0 0.217188 0.634896 0.23125 0.634896 0.23125 0.660417 0.217188 0.660417
0 0.239844 0.63125 0.251953 0.63125 0.251953 0.652604 0.239844 0.652604
0 0.095312 0.61875 0.111328 0.61875 0.111328 0.640625 0.095312 0.640625
0 0.119922 0.647917 0.134766 0.647917 0.134766 0.6625 0.119922 0.6625
0 0.087109 0.584375 0.100781 0.584375 0.100781 0.607812 0.087109 0.607812
0 0.04375 0.509375 0.059375 0.509375 0.059375 0.535417 0.04375 0.535417
0 0.186719 0.552604 0.206641 0.552604 0.206641 0.571354 0.186719 0.571354
0 0.205859 0.579167 0.224219 0.579167 0.224219 0.601042 0.205859 0.601042
0 0.105469 0.533854 0.125781 0.533854 0.125781 0.555208 0.105469 0.555208
0 0.117188 0.604167 0.134766 0.604167 0.134766 0.625 0.117188 0.625
0 0.219922 0.691667 0.236328 0.691667 0.236328 0.711979 0.219922 0.711979
0 0.195312 0.678125 0.209766 0.678125 0.209766 0.703646 0.195312 0.703646
0 0.253516 0.419271 0.274609 0.419271 0.274609 0.441667 0.253516 0.441667
0 0.025781 0.491667 0.041406 0.491667 0.041406 0.514583 0.025781 0.514583
0 0.029688 0.457812 0.045312 0.457812 0.045312 0.477604 0.029688 0.477604
0 0.112891 0.7875 0.126172 0.7875 0.126172 0.802604 0.112891 0.802604
0 0.116016 0.746354 0.13125 0.746354 0.13125 0.763542 0.116016 0.763542
0 0.139844 0.756771 0.157422 0.756771 0.157422 0.770833 0.139844 0.770833
0 0.082812 0.774479 0.098438 0.774479 0.098438 0.792708 0.082812 0.792708
0 0.050391 0.771875 0.063281 0.771875 0.063281 0.786458 0.050391 0.786458
0 0.080859 0.742708 0.100391 0.742708 0.100391 0.759375 0.080859 0.759375
0 0.145703 0.8125 0.163672 0.8125 0.163672 0.83125 0.145703 0.83125
0 0.194141 0.781771 0.207422 0.781771 0.207422 0.798438 0.194141 0.798438
0 0.207031 0.802083 0.220312 0.802083 0.220312 0.816667 0.207031 0.816667
0 0.219531 0.81875 0.232031 0.81875 0.232031 0.840104 0.219531 0.840104
0 0.107031 0.935938 0.130078 0.935938 0.130078 0.957292 0.107031 0.957292
0 0.152344 0.932292 0.169922 0.932292 0.169922 0.951042 0.152344 0.951042
0 0.107422 0.903646 0.127734 0.903646 0.127734 0.924479 0.107422 0.924479
0 0.083984 0.885938 0.105469 0.885938 0.105469 0.903646 0.083984 0.903646
0 0.083203 0.866667 0.104297 0.866667 0.104297 0.882812 0.083203 0.882812
0 0.108203 0.860417 0.127734 0.860417 0.127734 0.879167 0.108203 0.879167
0 0.056641 0.933854 0.072266 0.933854 0.072266 0.957292 0.056641 0.957292
0 0.120703 0.973438 0.132031 0.973438 0.132031 0.998958 0.120703 0.998958
0 0.048438 0.707292 0.067969 0.707292 0.067969 0.734896 0.048438 0.734896
0 0.077344 0.617188 0.086328 0.617188 0.086328 0.634896 0.077344 0.634896
0 0.051562 0.798438 0.069141 0.798438 0.069141 0.815104 0.051562 0.815104
0 0.069531 0.953646 0.085547 0.953646 0.085547 0.965625 0.069531 0.965625
0 0.148438 0.143229 0.185938 0.143229 0.185938 0.170833 0.148438 0.170833
0 0.196094 0.185417 0.214844 0.185417 0.214844 0.208333 0.196094 0.208333