0 0.047656 0.063542 0.072656 0.063542 0.072656 0.084375 0.047656 0.084375
0 0.058203 0.094792 0.083594 0.094792 0.083594 0.116667 0.058203 0.116667
0 0.033203 0.120312 0.056641 0.120312 0.056641 0.142708 0.033203 0.142708
0 0.004688 0.135938 0.030078 0.135938 0.030078 0.159375 0.004688 0.159375
0 0.071875 0.180729 0.093359 0.180729 0.093359 0.200521 0.071875 0.200521
0 0.117578 0.161458 0.135156 0.161458 0.135156 0.191667 0.117578 0.191667
0 0.150391 0.153646 0.167969 0.153646 0.167969 0.173958 0.150391 0.173958
0 0.173047 0.133854 0.195312 0.133854 0.195312 0.157292 0.173047 0.157292
0 0.152734 0.061979 0.16875 0.061979 0.16875 0.088021 0.152734 0.088021
0 0.179688 0.083333 0.195312 0.083333 0.195312 0.102604 0.179688 0.102604
0 0.174609 0.104688 0.195312 0.104688 0.195312 0.124479 0.174609 0.124479
0 0.210547 0.152604 0.232031 0.152604 0.232031 0.175 0.210547 0.175
0 0.223828 0.113542 0.242188 0.113542 0.242188 0.138021 0.223828 0.138021
0 0.245703 0.189583 0.259766 0.189583 0.259766 0.205208 0.245703 0.205208
0 0.220703 0.192708 0.235547 0.192708 0.235547 0.215104 0.220703 0.215104
0 0.174609 0.186979 0.19375 0.186979 0.19375 0.208333 0.174609 0.208333
0 0.090234 0.225 0.110156 0.225 0.110156 0.250521 0.090234 0.250521
0 0.051562 0.020312 0.070703 0.020312 0.070703 0.036458 0.051562 0.036458
0 0.105078 0.046354 0.126562 0.046354 0.126562 0.070312 0.105078 0.070312
0 0.085156 0.072396 0.102344 0.072396 0.102344 0.091146 0.085156 0.091146
0 0.14375 0.027604 0.16875 0.027604 0.16875 0.048438 0.14375 0.048438
0 0.192578 0.021354 0.208203 0.021354 0.208203 0.038021 0.192578 0.038021
0 0.222656 0.230729 0.24375 0.230729 0.24375 0.254167 0.222656 0.254167
0 0.151953 0.211979 0.175391 0.211979 0.175391 0.235938 0.151953 0.235938
0 0.024609 0.184375 0.049609 0.184375 0.049609 0.207292 0.024609 0.207292
0 0.252344 0.046875 0.267188 0.046875 0.267188 0.078125 0.252344 0.078125
0 0.295312 0.111458 0.316797 0.111458 0.316797 0.134375 0.295312 0.134375
0 0.317578 0.152604 0.333594 0.152604 0.333594 0.171354 0.317578 0.171354
0 0.320312 0.077083 0.342578 0.077083 0.342578 0.109896 0.320312 0.109896
0 0.351953 0.145833 0.372656 0.145833 0.372656 0.161979 0.351953 0.161979
0 0.346094 0.105729 0.364844 0.105729 0.364844 0.123438 0.346094 0.123438
0 0.378516 0.078646 0.398438 0.078646 0.398438 0.103646 0.378516 0.103646
0 0.354297 0.030729 0.379297 0.030729 0.379297 0.068229 0.354297 0.068229
0 0.310938 0.015625 0.333594 0.015625 0.333594 0.032812 0.310938 0.032812
0 0.303125 0.038542 0.325391 0.038542 0.325391 0.064583 0.303125 0.064583
0 0.041406 0.415104 0.060156 0.415104 0.060156 0.442188 0.041406 0.442188
0 0.074609 0.252604 0.091797 0.252604 0.091797 0.274479 0.074609 0.274479
0 0.146875 0.242188 0.166797 0.242188 0.166797 0.263542 0.146875 0.263542
0 0.216016 0.292188 0.238281 0.292188 0.238281 0.317708 0.216016 0.317708
0 0.142188 0.302083 0.1625 0.302083 0.1625 0.327083 0.142188 0.327083
0 0.100781 0.357292 0.125781 0.357292 0.125781 0.384375 0.100781 0.384375
0 0.210938 0.407292 0.238281 0.407292 0.238281 0.443229 0.210938 0.443229
0 0.153906 0.500521 0.173828 0.500521 0.173828 0.528646 0.153906 0.528646
0 0.196094 0.524479 0.212109 0.524479 0.212109 0.543229 0.196094 0.543229
0 0.14375 0.580729 0.157422 0.580729 0.157422 0.605729 0.14375 0.605729
0 0.259375 0.266667 0.277734 0.266667 0.277734 0.282292 0.259375 0.282292
0 0.233594 0.270833 0.253516 0.270833 0.253516 0.285417 0.233594 0.285417
0 0.104688 0.259896 0.124219 0.259896 0.124219 0.283854 0.104688 0.283854
0 0.131641 0.275 0.155078 0.275 0.155078 0.296354 0.131641 0.296354
0 0.173438 0.264583 0.190234 0.264583 0.190234 0.291667 0.173438 0.291667
0 0.081641 0.286979 0.098828 0.286979 0.098828 0.314583 0.081641 0.314583
0 0.028125 0.238542 0.053516 0.238542 0.053516 0.263542 0.028125 0.263542
0 0.321875 0.192708 0.34375 0.192708 0.34375 0.216667 0.321875 0.216667
0 0.3875 0.244271 0.408984 0.244271 0.408984 0.275521 0.3875 0.275521
0 0.418359 0.224479 0.439844 0.224479 0.439844 0.253125 0.418359 0.253125
0 0.409375 0.278125 0.427344 0.278125 0.427344 0.296875 0.409375 0.296875
0 0.390625 0.308854 0.410156 0.308854 0.410156 0.327604 0.390625 0.327604
0 0.366797 0.253125 0.385156 0.253125 0.385156 0.26875 0.366797 0.26875
0 0.439844 0.176042 0.451953 0.176042 0.451953 0.197917 0.439844 0.197917
0 0.442188 0.260417 0.457422 0.260417 0.457422 0.2875 0.442188 0.2875
0 0.433594 0.303646 0.451172 0.303646 0.451172 0.329167 0.433594 0.329167
0 0.469531 0.152083 0.482812 0.152083 0.482812 0.172396 0.469531 0.172396
0 0.393359 0.0625 0.412109 0.0625 0.412109 0.078125 0.393359 0.078125
0 0.561328 0.094271 0.573828 0.094271 0.573828 0.119271 0.561328 0.119271
0 0.505469 0.150521 0.519531 0.150521 0.519531 0.171875 0.505469 0.171875
0 0.517188 0.197396 0.529688 0.197396 0.529688 0.221354 0.517188 0.221354
0 0.477734 0.207292 0.489844 0.207292 0.489844 0.233854 0.477734 0.233854
0 0.491406 0.165104 0.505078 0.165104 0.505078 0.191146 0.491406 0.191146
0 0.536719 0.281771 0.551953 0.281771 0.551953 0.305729 0.536719 0.305729
0 0.509375 0.360417 0.520703 0.360417 0.520703 0.379167 0.509375 0.379167
0 0.547656 0.323958 0.566406 0.323958 0.566406 0.341146 0.547656 0.341146
0 0.464453 0.398958 0.48125 0.398958 0.48125 0.423958 0.464453 0.423958
0 0.493359 0.392188 0.505078 0.392188 0.505078 0.415104 0.493359 0.415104
0 0.582422 0.382292 0.601172 0.382292 0.601172 0.395833 0.582422 0.395833
0 0.555078 0.263021 0.570703 0.263021 0.570703 0.286458 0.555078 0.286458
0 0.538281 0.360417 0.556641 0.360417 0.556641 0.384896 0.538281 0.384896
0 0.49375 0.265625 0.509766 0.265625 0.509766 0.288021 0.49375 0.288021
0 0.606641 0.346875 0.623047 0.346875 0.623047 0.371875 0.606641 0.371875
0 0.630859 0.217708 0.648828 0.217708 0.648828 0.235417 0.630859 0.235417
0 0.384766 0.466667 0.404297 0.466667 0.404297 0.496354 0.384766 0.496354
0 0.329688 0.426562 0.354688 0.426562 0.354688 0.464062 0.329688 0.464062
0 0.388672 0.344271 0.402734 0.344271 0.402734 0.371354 0.388672 0.371354
0 0.432422 0.354167 0.452734 0.354167 0.452734 0.386458 0.432422 0.386458
0 0.457031 0.365104 0.469141 0.365104 0.469141 0.393229 0.457031 0.393229
0 0.511719 0.446875 0.532812 0.446875 0.532812 0.466667 0.511719 0.466667
0 0.559766 0.467708 0.571875 0.467708 0.571875 0.490104 0.559766 0.490104
0 0.101172 0.623958 0.122266 0.623958 0.122266 0.64375 0.101172 0.64375
0 0.228516 0.576042 0.248828 0.576042 0.248828 0.604688 0.228516 0.604688
0 0.170703 0.539583 0.186719 0.539583 0.186719 0.566667 0.170703 0.566667
0 0.167969 0.667708 0.18125 0.667708 0.18125 0.696875 0.167969 0.696875
0 0.150781 0.711458 0.170703 0.711458 0.170703 0.734896 0.150781 0.734896
0 0.206641 0.757812 0.222266 0.757812 0.222266 0.784896 0.206641 0.784896
0 0.08125 0.801562 0.102344 0.801562 0.102344 0.828125 0.08125 0.828125
0 0.116797 0.656771 0.137891 0.656771 0.137891 0.675 0.116797 0.675
0 0.116406 0.685417 0.138281 0.685417 0.138281 0.707292 0.116406 0.707292
0 0.188281 0.676562 0.2125 0.676562 0.2125 0.70625 0.188281 0.70625
0 0.175781 0.602083 0.191016 0.602083 0.191016 0.628125 0.175781 0.628125
0 0.060547 0.909896 0.076562 0.909896 0.076562 0.934896 0.060547 0.934896
0 0.078906 0.941667 0.095312 0.941667 0.095312 0.957292 0.078906 0.957292
0 0.101172 0.972396 0.122266 0.972396 0.122266 0.992708 0.101172 0.992708
0 0.129297 0.905729 0.141406 0.905729 0.141406 0.921354 0.129297 0.921354
0 0.114453 0.922396 0.132422 0.922396 0.132422 0.942708 0.114453 0.942708
0 0.189453 0.966667 0.205859 0.966667 0.205859 0.992708 0.189453 0.992708
0 0.153125 0.896875 0.167578 0.896875 0.167578 0.913542 0.153125 0.913542
0 0.26875 0.945833 0.278906 0.945833 0.278906 0.966146 0.26875 0.966146
0 0.115234 0.823438 0.13125 0.823438 0.13125 0.841146 0.115234 0.841146
0 0.326953 0.821875 0.348047 0.821875 0.348047 0.839583 0.326953 0.839583
0 0.370703 0.867188 0.389062 0.867188 0.389062 0.882812 0.370703 0.882812
0 0.343359 0.719792 0.362109 0.719792 0.362109 0.741667 0.343359 0.741667
0 0.405859 0.707292 0.426953 0.707292 0.426953 0.726042 0.405859 0.726042
0 0.482031 0.716146 0.503906 0.716146 0.503906 0.734375 0.482031 0.734375
0 0.570703 0.872396 0.586719 0.872396 0.586719 0.896354 0.570703 0.896354
0 0.56875 0.826562 0.588672 0.826562 0.588672 0.848438 0.56875 0.848438
0 0.599219 0.829167 0.612891 0.829167 0.612891 0.846354 0.599219 0.846354
0 0.380469 0.622917 0.396484 0.622917 0.396484 0.646354 0.380469 0.646354
0 0.339062 0.613021 0.353516 0.613021 0.353516 0.633333 0.339062 0.633333
0 0.360547 0.745833 0.384375 0.745833 0.384375 0.764583 0.360547 0.764583
0 0.363281 0.788021 0.378125 0.788021 0.378125 0.809896 0.363281 0.809896
0 0.455859 0.651042 0.473438 0.651042 0.473438 0.677604 0.455859 0.677604
0 0.427734 0.625 0.449219 0.625 0.449219 0.651042 0.427734 0.651042
0 0.489844 0.818229 0.507812 0.818229 0.507812 0.8375 0.489844 0.8375
0 0.533594 0.789062 0.552734 0.789062 0.552734 0.809896 0.533594 0.809896
0 0.548047 0.916146 0.563281 0.916146 0.563281 0.941146 0.548047 0.941146
0 0.364062 0.821875 0.380078 0.821875 0.380078 0.842708 0.364062 0.842708
0 0.36875 0.716146 0.390625 0.716146 0.390625 0.735938 0.36875 0.735938
0 0.363672 0.685938 0.385938 0.685938 0.385938 0.705729 0.363672 0.705729
0 0.318359 0.634896 0.330859 0.634896 0.330859 0.653125 0.318359 0.653125
0 0.516797 0.8875 0.54375 0.8875 0.54375 0.914062 0.516797 0.914062
0 0.524609 0.855208 0.537891 0.855208 0.537891 0.874479 0.524609 0.874479
0 0.527734 0.677083 0.542969 0.677083 0.542969 0.701562 0.527734 0.701562
0 0.557422 0.68125 0.575 0.68125 0.575 0.697917 0.557422 0.697917
0 0.538281 0.711458 0.551172 0.711458 0.551172 0.730729 0.538281 0.730729
0 0.613672 0.810938 0.632422 0.810938 0.632422 0.826562 0.613672 0.826562
0 0.53125 0.834896 0.553125 0.834896 0.553125 0.852083 0.53125 0.852083
0 0.425391 0.956771 0.440625 0.956771 0.440625 0.973438 0.425391 0.973438
0 0.632812 0.786979 0.647656 0.786979 0.647656 0.803646 0.632812 0.803646
0 0.655859 0.804688 0.671875 0.804688 0.671875 0.817708 0.655859 0.817708
0 0.66875 0.738021 0.683984 0.738021 0.683984 0.751042 0.66875 0.751042
0 0.723828 0.532292 0.737891 0.532292 0.737891 0.551562 0.723828 0.551562
0 0.75 0.564583 0.767188 0.564583 0.767188 0.577604 0.75 0.577604
0 0.783594 0.578646 0.798438 0.578646 0.798438 0.596354 0.783594 0.596354
0 0.804297 0.558333 0.821484 0.558333 0.821484 0.576042 0.804297 0.576042
0 0.753125 0.489583 0.76875 0.489583 0.76875 0.5125 0.753125 0.5125
0 0.836719 0.589583 0.851562 0.589583 0.851562 0.602083 0.836719 0.602083
0 0.771094 0.464062 0.784766 0.464062 0.784766 0.481771 0.771094 0.481771
0 0.782031 0.530729 0.792969 0.530729 0.792969 0.545833 0.782031 0.545833
0 0.715625 0.560417 0.734375 0.560417 0.734375 0.580208 0.715625 0.580208
0 0.706641 0.5125 0.715625 0.5125 0.715625 0.530208 0.706641 0.530208
0 0.625781 0.685938 0.650781 0.685938 0.650781 0.704167 0.625781 0.704167
0 0.6375 0.725 0.658203 0.725 0.658203 0.742708 0.6375 0.742708
0 0.636328 0.573438 0.646484 0.573438 0.646484 0.591667 0.636328 0.591667
0 0.694141 0.604688 0.707812 0.604688 0.707812 0.625 0.694141 0.625
0 0.367578 0.598438 0.382031 0.598438 0.382031 0.615625 0.367578 0.615625
0 0.408984 0.568229 0.425 0.568229 0.425 0.584896 0.408984 0.584896
0 0.409375 0.59375 0.428906 0.59375 0.428906 0.613021 0.409375 0.613021
0 0.479297 0.572917 0.496875 0.572917 0.496875 0.598438 0.479297 0.598438
0 0.378516 0.513021 0.401172 0.513021 0.401172 0.535417 0.378516 0.535417
0 0.429688 0.677083 0.443359 0.677083 0.443359 0.697396 0.429688 0.697396
0 0.517188 0.655729 0.527734 0.655729 0.527734 0.684375 0.517188 0.684375
0 0.550781 0.426042 0.564844 0.426042 0.564844 0.447917 0.550781 0.447917
0 0.621094 0.508333 0.634766 0.508333 0.634766 0.534896 0.621094 0.534896
0 0.753125 0.60625 0.775781 0.60625 0.775781 0.626042 0.753125 0.626042
0 0.875391 0.74375 0.889453 0.74375 0.889453 0.757812 0.875391 0.757812
0 0.904297 0.74375 0.917969 0.74375 0.917969 0.758854 0.904297 0.758854
0 0.905078 0.814062 0.921484 0.814062 0.921484 0.83125 0.905078 0.83125
0 0.883203 0.860938 0.901953 0.860938 0.901953 0.885417 0.883203 0.885417
0 0.909766 0.853125 0.924219 0.853125 0.924219 0.878646 0.909766 0.878646
0 0.934766 0.850521 0.950391 0.850521 0.950391 0.868229 0.934766 0.868229
0 0.859766 0.874479 0.873828 0.874479 0.873828 0.895312 0.859766 0.895312
0 0.909375 0.902604 0.927734 0.902604 0.927734 0.919271 0.909375 0.919271
0 0.917969 0.794271 0.932031 0.794271 0.932031 0.810417 0.917969 0.810417
0 0.786719 0.885938 0.801953 0.885938 0.801953 0.898958 0.786719 0.898958
0 0.784375 0.933854 0.801562 0.933854 0.801562 0.953646 0.784375 0.953646
0 0.774609 0.906771 0.785547 0.906771 0.785547 0.922917 0.774609 0.922917
0 0.775 0.976042 0.790234 0.976042 0.790234 0.990104 0.775 0.990104
0 0.724219 0.933333 0.732812 0.933333 0.732812 0.946354 0.724219 0.946354
0 0.751953 0.278125 0.761719 0.278125 0.761719 0.296354 0.751953 0.296354
0 0.741016 0.307812 0.753125 0.307812 0.753125 0.322396 0.741016 0.322396
0 0.798438 0.304688 0.816016 0.304688 0.816016 0.319271 0.798438 0.319271
0 0.809766 0.342188 0.825 0.342188 0.825 0.367188 0.809766 0.367188
0 0.832422 0.335417 0.844922 0.335417 0.844922 0.350521 0.832422 0.350521
0 0.858984 0.332292 0.873047 0.332292 0.873047 0.352083 0.858984 0.352083
0 0.841016 0.301562 0.859766 0.301562 0.859766 0.317708 0.841016 0.317708
0 0.865625 0.234896 0.880078 0.234896 0.880078 0.258854 0.865625 0.258854
0 0.794922 0.264583 0.807812 0.264583 0.807812 0.283333 0.794922 0.283333
0 0.771875 0.265104 0.787109 0.265104 0.787109 0.283854 0.771875 0.283854
0 0.79375 0.229688 0.807812 0.229688 0.807812 0.248958 0.79375 0.248958
0 0.886719 0.220833 0.902344 0.220833 0.902344 0.238542 0.886719 0.238542
0 0.865234 0.200521 0.880469 0.200521 0.880469 0.216146 0.865234 0.216146
0 0.814844 0.206771 0.833203 0.206771 0.833203 0.21875 0.814844 0.21875
0 0.676172 0.308854 0.691406 0.308854 0.691406 0.330729 0.676172 0.330729
0 0.657422 0.303646 0.669141 0.303646 0.669141 0.323438 0.657422 0.323438
0 0.65 0.272396 0.664844 0.272396 0.664844 0.292188 0.65 0.292188
0 0.683203 0.263021 0.697656 0.263021 0.697656 0.279167 0.683203 0.279167
0 0.658594 0.189062 0.673828 0.189062 0.673828 0.208333 0.658594 0.208333
0 0.648438 0.139583 0.663672 0.139583 0.663672 0.160938 0.648438 0.160938
0 0.711328 0.09375 0.726562 0.09375 0.726562 0.118229 0.711328 0.118229
0 0.738672 0.082812 0.754688 0.082812 0.754688 0.108854 0.738672 0.108854
0 0.834375 0.119271 0.852344 0.119271 0.852344 0.1375 0.834375 0.1375
0 0.863672 0.136458 0.878125 0.136458 0.878125 0.15 0.863672 0.15
0 0.574219 0.286458 0.587109 0.286458 0.587109 0.313021 0.574219 0.313021
0 0.514844 0.415625 0.533203 0.415625 0.533203 0.434375 0.514844 0.434375
0 0.502734 0.227083 0.517969 0.227083 0.517969 0.24375 0.502734 0.24375
0 0.394141 0.654688 0.416797 0.654688 0.416797 0.678125 0.394141 0.678125
0 0.362109 0.563542 0.38125 0.563542 0.38125 0.582812 0.362109 0.582812
0 0.426562 0.477083 0.44375 0.477083 0.44375 0.5 0.426562 0.5
0 0.328125 0.540104 0.346094 0.540104 0.346094 0.557812 0.328125 0.557812
0 0.355859 0.523958 0.369531 0.523958 0.369531 0.544792 0.355859 0.544792
0 0.463672 0.542708 0.476172 0.542708 0.476172 0.5625 0.463672 0.5625
0 0.300391 0.602604 0.310938 0.602604 0.310938 0.621875 0.300391 0.621875
0 0.246484 0.723438 0.257812 0.723438 0.257812 0.744792 0.246484 0.744792
0 0.216406 0.596875 0.232422 0.596875 0.232422 0.628646 0.216406 0.628646
0 0.198438 0.565104 0.215625 0.565104 0.215625 0.585417 0.198438 0.585417
0 0.339453 0.479688 0.357031 0.479688 0.357031 0.501042 0.339453 0.501042
0 0.347656 0.364062 0.3625 0.364062 0.3625 0.383333 0.347656 0.383333
0 0.534766 0.464062 0.553125 0.464062 0.553125 0.489062 0.534766 0.489062
0 0.419141 0.190625 0.433984 0.190625 0.433984 0.211979 0.419141 0.211979
0 0.407422 0.086979 0.424609 0.086979 0.424609 0.105729 0.407422 0.105729
0 0.608984 0.101042 0.626953 0.101042 0.626953 0.128646 0.608984 0.128646
0 0.594531 0.132812 0.604688 0.132812 0.604688 0.153125 0.594531 0.153125
0 0.615234 0.140625 0.627344 0.140625 0.627344 0.161458 0.615234 0.161458
0 0.597266 0.080729 0.614453 0.080729 0.614453 0.097917 0.597266 0.097917
0 0.621875 0.032812 0.63125 0.032812 0.63125 0.058854 0.621875 0.058854
0 0.642578 0.029167 0.654688 0.029167 0.654688 0.048438 0.642578 0.048438
0 0.651953 0.059896 0.665625 0.059896 0.665625 0.085417 0.651953 0.085417
0 0.691016 0.114583 0.70625 0.114583 0.70625 0.142188 0.691016 0.142188
0 0.669531 0.103646 0.682031 0.103646 0.682031 0.126042 0.669531 0.126042
0 0.866016 0.084896 0.881641 0.084896 0.881641 0.098438 0.866016 0.098438
0 0.840234 0.018229 0.854297 0.018229 0.854297 0.041146 0.840234 0.041146
0 0.882422 0.165625 0.899219 0.165625 0.899219 0.182292 0.882422 0.182292
0 0.890625 0.129688 0.905469 0.129688 0.905469 0.143229 0.890625 0.143229
0 0.839844 0.367708 0.854688 0.367708 0.854688 0.382292 0.839844 0.382292
0 0.755859 0.338021 0.766016 0.338021 0.766016 0.356771 0.755859 0.356771
0 0.702344 0.453646 0.722266 0.453646 0.722266 0.467708 0.702344 0.467708
0 0.666406 0.478646 0.68125 0.478646 0.68125 0.498438 0.666406 0.498438
0 0.653516 0.536979 0.671094 0.536979 0.671094 0.554688 0.653516 0.554688
0 0.729688 0.492708 0.740234 0.492708 0.740234 0.509375 0.729688 0.509375
0 0.828516 0.527083 0.84375 0.527083 0.84375 0.542708 0.828516 0.542708
0 0.885938 0.021875 0.903125 0.021875 0.903125 0.0375 0.885938 0.0375
0 0.890625 0.096875 0.907031 0.096875 0.907031 0.114062 0.890625 0.114062
0 0.722656 0.029167 0.732422 0.029167 0.732422 0.054688 0.722656 0.054688
0 0.833594 0.083854 0.848438 0.083854 0.848438 0.097917 0.833594 0.097917
0 0.865625 0.039583 0.882812 0.039583 0.882812 0.054688 0.865625 0.054688
0 0.697266 0.05625 0.709766 0.05625 0.709766 0.080208 0.697266 0.080208
0 0.742578 0.035938 0.754688 0.035938 0.754688 0.068229 0.742578 0.068229
0 0.686719 0.079167 0.7 0.079167 0.7 0.101562 0.686719 0.101562
0 0.782031 0.032812 0.796875 0.032812 0.796875 0.060417 0.782031 0.060417
0 0.599609 0.189583 0.610156 0.189583 0.610156 0.210938 0.599609 0.210938
0 0.567188 0.189062 0.576172 0.189062 0.576172 0.203646 0.567188 0.203646
0 0.517578 0.305729 0.532812 0.305729 0.532812 0.325521 0.517578 0.325521
0 0.6 0.313542 0.614062 0.313542 0.614062 0.338021 0.6 0.338021
0 0.531641 0.256771 0.546484 0.256771 0.546484 0.276042 0.531641 0.276042
0 0.610938 0.420833 0.621875 0.420833 0.621875 0.444271 0.610938 0.444271
0 0.591406 0.424479 0.601562 0.424479 0.601562 0.447396 0.591406 0.447396
0 0.651172 0.470312 0.664453 0.470312 0.664453 0.483333 0.651172 0.483333
0 0.679297 0.413021 0.694531 0.413021 0.694531 0.438542 0.679297 0.438542
0 0.590625 0.75 0.612891 0.75 0.612891 0.773438 0.590625 0.773438
0 0.664062 0.706771 0.679688 0.706771 0.679688 0.722917 0.664062 0.722917
0 0.596484 0.690104 0.610547 0.690104 0.610547 0.704688 0.596484 0.704688
0 0.613672 0.647396 0.628516 0.647396 0.628516 0.66875 0.613672 0.66875
0 0.813672 0.9625 0.829688 0.9625 0.829688 0.979167 0.813672 0.979167
0 0.930469 0.93125 0.948047 0.93125 0.948047 0.948958 0.930469 0.948958
0 0.940234 0.888542 0.961328 0.888542 0.961328 0.908333 0.940234 0.908333
0 0.962891 0.824479 0.978125 0.824479 0.978125 0.842188 0.962891 0.842188
0 0.959375 0.861458 0.977344 0.861458 0.977344 0.878646 0.959375 0.878646
0 0.79375 0.611979 0.808594 0.611979 0.808594 0.628646 0.79375 0.628646
0 0.946875 0.951042 0.963672 0.951042 0.963672 0.965625 0.946875 0.965625
0 0.895703 0.772917 0.908594 0.772917 0.908594 0.786979 0.895703 0.786979
0 0.813672 0.266667 0.823828 0.266667 0.823828 0.283854 0.813672 0.283854
0 0.851172 0.272917 0.865234 0.272917 0.865234 0.289583 0.851172 0.289583
0 0.830078 0.402083 0.844922 0.402083 0.844922 0.422396 0.830078 0.422396
0 0.860938 0.397396 0.878516 0.397396 0.878516 0.413021 0.860938 0.413021
0 0.448438 0.595833 0.466016 0.595833 0.466016 0.619271 0.448438 0.619271
0 0.391406 0.745833 0.411719 0.745833 0.411719 0.763021 0.391406 0.763021
0 0.381641 0.771875 0.399609 0.771875 0.399609 0.785938 0.381641 0.785938
0 0.161328 0.324479 0.180859 0.324479 0.180859 0.351562 0.161328 0.351562
0 0.183984 0.311979 0.203906 0.311979 0.203906 0.338542 0.183984 0.338542
0 0.213281 0.340104 0.229688 0.340104 0.229688 0.355729 0.213281 0.355729
0 0.024219 0.077604 0.037109 0.077604 0.037109 0.094792 0.024219 0.094792
0 0.108594 0.006771 0.123828 0.006771 0.123828 0.022917 0.108594 0.022917
0 0.012891 0.030208 0.032422 0.030208 0.032422 0.046354 0.012891 0.046354
0 0.078125 0.134896 0.095312 0.134896 0.095312 0.149479 0.078125 0.149479
0 0.269922 0.052604 0.282422 0.052604 0.282422 0.076562 0.269922 0.076562
0 0.148047 0.624479 0.1625 0.624479 0.1625 0.648438 0.148047 0.648438
0 0.012109 0.503125 0.025 0.503125 0.025 0.522396 0.012109 0.522396
0 0.002734 0.419271 0.014844 0.419271 0.014844 0.443229 0.002734 0.443229
0 0.235156 0.915625 0.250391 0.915625 0.250391 0.928646 0.235156 0.928646