0 0.033203 0.0 0.053125 0.0 0.053125 0.019792 0.033203 0.019792
0 0.072266 0.007812 0.095312 0.007812 0.095312 0.036458 0.072266 0.036458
0 0.064453 0.04375 0.086328 0.04375 0.086328 0.068229 0.064453 0.068229
0 0.0375 0.031771 0.058984 0.031771 0.058984 0.059375 0.0375 0.059375
0 0.011719 0.027604 0.027344 0.027604 0.027344 0.052604 0.011719 0.052604
0 0.030469 0.089062 0.051172 0.089062 0.051172 0.114583 0.030469 0.114583
0 0.077734 0.091667 0.094141 0.091667 0.094141 0.118229 0.077734 0.118229
0 0.111719 0.088542 0.124609 0.088542 0.124609 0.114583 0.111719 0.114583
0 0.127344 0.082292 0.143359 0.082292 0.143359 0.115104 0.127344 0.115104
0 0.054297 0.142188 0.083984 0.142188 0.083984 0.164583 0.054297 0.164583
0 0.086328 0.130208 0.105078 0.130208 0.105078 0.147396 0.086328 0.147396
0 0.015234 0.119792 0.038672 0.119792 0.038672 0.155208 0.015234 0.155208
0 0.038672 0.175521 0.053516 0.175521 0.053516 0.210938 0.038672 0.210938
0 0.062109 0.210938 0.084766 0.210938 0.084766 0.230208 0.062109 0.230208
0 0.091016 0.207812 0.114844 0.207812 0.114844 0.234375 0.091016 0.234375
0 0.021875 0.2375 0.041016 0.2375 0.041016 0.268229 0.021875 0.268229
0 0.066406 0.263021 0.082812 0.263021 0.082812 0.293229 0.066406 0.293229
0 0.008984 0.280208 0.026953 0.280208 0.026953 0.315625 0.008984 0.315625
0 0.039062 0.311979 0.0625 0.311979 0.0625 0.342708 0.039062 0.342708
0 0.0 0.311979 0.015625 0.311979 0.015625 0.344792 0.0 0.344792
0 0.238281 0.010417 0.257031 0.010417 0.257031 0.039062 0.238281 0.039062
0 0.212109 0.091146 0.239062 0.091146 0.239062 0.113021 0.212109 0.113021
0 0.21875 0.128125 0.248438 0.128125 0.248438 0.150521 0.21875 0.150521
0 0.275781 0.116667 0.292188 0.116667 0.292188 0.153646 0.275781 0.153646
0 0.323438 0.120833 0.343359 0.120833 0.343359 0.15625 0.323438 0.15625
0 0.212891 0.165625 0.235156 0.165625 0.235156 0.194792 0.212891 0.194792
0 0.239844 0.16875 0.256641 0.16875 0.256641 0.201042 0.239844 0.201042
0 0.188281 0.197917 0.210938 0.197917 0.210938 0.227083 0.188281 0.227083
0 0.361328 0.0 0.383203 0.0 0.383203 0.021875 0.361328 0.021875
0 0.380078 0.027604 0.393359 0.027604 0.393359 0.061458 0.380078 0.061458
0 0.400781 0.035417 0.426953 0.035417 0.426953 0.057812 0.400781 0.057812
0 0.396484 0.071354 0.421484 0.071354 0.421484 0.091146 0.396484 0.091146
0 0.368359 0.121354 0.380859 0.121354 0.380859 0.149479 0.368359 0.149479
0 0.277344 0.058333 0.303125 0.058333 0.303125 0.084896 0.277344 0.084896
0 0.385938 0.136979 0.413672 0.136979 0.413672 0.165625 0.385938 0.165625
0 0.444531 0.126042 0.462891 0.126042 0.462891 0.159375 0.444531 0.159375
0 0.467578 0.153125 0.488672 0.153125 0.488672 0.182812 0.467578 0.182812
0 0.432031 0.180208 0.455859 0.180208 0.455859 0.214583 0.432031 0.214583
0 0.397656 0.183333 0.418359 0.183333 0.418359 0.217188 0.397656 0.217188
0 0.36875 0.2 0.392969 0.2 0.392969 0.223438 0.36875 0.223438
0 0.462109 0.088542 0.486328 0.088542 0.486328 0.118229 0.462109 0.118229
0 0.560156 0.096875 0.578906 0.096875 0.578906 0.116146 0.560156 0.116146
0 0.552734 0.13125 0.571875 0.13125 0.571875 0.151042 0.552734 0.151042
0 0.573047 0.160417 0.598828 0.160417 0.598828 0.188021 0.573047 0.188021
0 0.534766 0.227604 0.557031 0.227604 0.557031 0.253646 0.534766 0.253646
0 0.580469 0.227083 0.605469 0.227083 0.605469 0.259896 0.580469 0.259896
0 0.609766 0.192188 0.634375 0.192188 0.634375 0.219271 0.609766 0.219271
0 0.226172 0.223438 0.244922 0.223438 0.244922 0.253646 0.226172 0.253646
0 0.259766 0.213542 0.284375 0.213542 0.284375 0.236458 0.259766 0.236458
0 0.327344 0.203646 0.347656 0.203646 0.347656 0.238021 0.327344 0.238021
0 0.305859 0.241146 0.324219 0.241146 0.324219 0.269271 0.305859 0.269271
0 0.252344 0.269271 0.269141 0.269271 0.269141 0.300521 0.252344 0.300521
0 0.285156 0.267188 0.307031 0.267188 0.307031 0.290104 0.285156 0.290104
0 0.338281 0.284896 0.353516 0.284896 0.353516 0.321354 0.338281 0.321354
0 0.369922 0.284375 0.385156 0.284375 0.385156 0.320312 0.369922 0.320312
0 0.364062 0.236979 0.386719 0.236979 0.386719 0.258854 0.364062 0.258854
0 0.013672 0.354688 0.037891 0.354688 0.037891 0.385417 0.013672 0.385417
0 0.013672 0.394792 0.037109 0.394792 0.037109 0.426562 0.013672 0.426562
0 0.0 0.439583 0.026562 0.439583 0.026562 0.4625 0.0 0.4625
0 0.013281 0.466146 0.042969 0.466146 0.042969 0.497917 0.013281 0.497917
0 0.056641 0.461979 0.081641 0.461979 0.081641 0.488021 0.056641 0.488021
0 0.059766 0.365104 0.080859 0.365104 0.080859 0.404688 0.059766 0.404688
0 0.077734 0.35 0.099219 0.35 0.099219 0.379167 0.077734 0.379167
0 0.155469 0.289062 0.173047 0.289062 0.173047 0.321354 0.155469 0.321354
0 0.171875 0.335417 0.192188 0.335417 0.192188 0.366667 0.171875 0.366667
0 0.192578 0.388021 0.220703 0.388021 0.220703 0.414062 0.192578 0.414062
0 0.219922 0.349479 0.243359 0.349479 0.243359 0.378646 0.219922 0.378646
0 0.218359 0.313021 0.241406 0.313021 0.241406 0.339583 0.218359 0.339583
0 0.191016 0.263542 0.210156 0.263542 0.210156 0.293229 0.191016 0.293229
0 0.408984 0.278125 0.431641 0.278125 0.431641 0.31875 0.408984 0.31875
0 0.280469 0.302604 0.301562 0.302604 0.301562 0.329167 0.280469 0.329167
0 0.298438 0.365104 0.316016 0.365104 0.316016 0.403646 0.298438 0.403646
0 0.259766 0.329167 0.285938 0.329167 0.285938 0.354167 0.259766 0.354167
0 0.260938 0.385417 0.286328 0.385417 0.286328 0.406771 0.260938 0.406771
0 0.603906 0.032292 0.628125 0.032292 0.628125 0.057812 0.603906 0.057812
0 0.670312 0.005208 0.692578 0.005208 0.692578 0.031771 0.670312 0.031771
0 0.655469 0.046875 0.677344 0.046875 0.677344 0.078646 0.655469 0.078646
0 0.638672 0.086979 0.659375 0.086979 0.659375 0.115104 0.638672 0.115104
0 0.606641 0.110417 0.626953 0.110417 0.626953 0.135938 0.606641 0.135938
0 0.699609 0.004688 0.719531 0.004688 0.719531 0.036458 0.699609 0.036458
0 0.769922 0.047917 0.791797 0.047917 0.791797 0.080208 0.769922 0.080208
0 0.754297 0.002604 0.769922 0.002604 0.769922 0.035417 0.754297 0.035417
0 0.779297 0.0 0.800781 0.0 0.800781 0.033333 0.779297 0.033333
0 0.804297 0.029167 0.825391 0.029167 0.825391 0.058854 0.804297 0.058854
0 0.811328 0.0 0.832422 0.0 0.832422 0.010938 0.811328 0.010938
0 0.793359 0.082812 0.816406 0.082812 0.816406 0.117188 0.793359 0.117188
0 0.732812 0.084375 0.755469 0.084375 0.755469 0.107812 0.732812 0.107812
0 0.732812 0.122396 0.760547 0.122396 0.760547 0.148438 0.732812 0.148438
0 0.7375 0.159375 0.761719 0.159375 0.761719 0.192708 0.7375 0.192708
0 0.775391 0.145312 0.796484 0.145312 0.796484 0.170312 0.775391 0.170312
0 0.804688 0.138542 0.826562 0.138542 0.826562 0.175 0.804688 0.175
0 0.882812 0.13125 0.903906 0.13125 0.903906 0.161979 0.882812 0.161979
0 0.854297 0.173438 0.875781 0.173438 0.875781 0.199479 0.854297 0.199479
0 0.829297 0.179688 0.846875 0.179688 0.846875 0.209896 0.829297 0.209896
0 0.803516 0.209896 0.823438 0.209896 0.823438 0.240625 0.803516 0.240625
0 0.820703 0.252083 0.844141 0.252083 0.844141 0.275 0.820703 0.275
0 0.854688 0.217708 0.876953 0.217708 0.876953 0.242188 0.854688 0.242188
0 0.764062 0.204167 0.786328 0.204167 0.786328 0.227604 0.764062 0.227604
0 0.781641 0.238021 0.801953 0.238021 0.801953 0.273958 0.781641 0.273958
0 0.747656 0.248958 0.766406 0.248958 0.766406 0.281771 0.747656 0.281771
0 0.730469 0.222396 0.749609 0.222396 0.749609 0.252083 0.730469 0.252083
0 0.697266 0.194271 0.720703 0.194271 0.720703 0.230208 0.697266 0.230208
0 0.691016 0.134375 0.716016 0.134375 0.716016 0.172917 0.691016 0.172917
0 0.666406 0.173438 0.683984 0.173438 0.683984 0.199479 0.666406 0.199479
0 0.629297 0.211458 0.65 0.211458 0.65 0.239583 0.629297 0.239583
0 0.963672 0.015625 0.989453 0.015625 0.989453 0.045833 0.963672 0.045833
0 0.974219 0.066146 0.991016 0.066146 0.991016 0.095833 0.974219 0.095833
0 0.870703 0.071354 0.890625 0.071354 0.890625 0.100521 0.870703 0.100521
0 0.595703 0.279167 0.616406 0.279167 0.616406 0.308854 0.595703 0.308854
0 0.545312 0.265104 0.567578 0.265104 0.567578 0.302083 0.545312 0.302083
0 0.632422 0.273958 0.655859 0.273958 0.655859 0.30625 0.632422 0.30625
0 0.672656 0.289062 0.695312 0.289062 0.695312 0.317188 0.672656 0.317188
0 0.713281 0.267708 0.73125 0.267708 0.73125 0.294271 0.713281 0.294271
0 0.742969 0.298958 0.760547 0.298958 0.760547 0.332812 0.742969 0.332812
0 0.698438 0.330208 0.714062 0.330208 0.714062 0.363021 0.698438 0.363021
0 0.817578 0.294792 0.8375 0.294792 0.8375 0.320312 0.817578 0.320312
0 0.873438 0.294792 0.892969 0.294792 0.892969 0.314062 0.873438 0.314062
0 0.835156 0.322396 0.855469 0.322396 0.855469 0.350521 0.835156 0.350521
0 0.777734 0.310417 0.807812 0.310417 0.807812 0.340625 0.777734 0.340625
0 0.524219 0.340104 0.538672 0.340104 0.538672 0.373438 0.524219 0.373438
0 0.555469 0.326042 0.578516 0.326042 0.578516 0.357292 0.555469 0.357292
0 0.573828 0.364583 0.593359 0.364583 0.593359 0.398958 0.573828 0.398958
0 0.609375 0.340104 0.629297 0.340104 0.629297 0.371875 0.609375 0.371875
0 0.645312 0.348438 0.666406 0.348438 0.666406 0.381771 0.645312 0.381771
0 0.680859 0.372917 0.703906 0.372917 0.703906 0.414062 0.680859 0.414062
0 0.737891 0.395833 0.758594 0.395833 0.758594 0.423438 0.737891 0.423438
0 0.78125 0.392708 0.803906 0.392708 0.803906 0.423438 0.78125 0.423438
0 0.825391 0.363542 0.844922 0.363542 0.844922 0.401042 0.825391 0.401042
0 0.752344 0.461979 0.778125 0.461979 0.778125 0.493229 0.752344 0.493229
0 0.698438 0.460938 0.733203 0.460938 0.733203 0.490104 0.698438 0.490104
0 0.657422 0.405208 0.677734 0.405208 0.677734 0.43125 0.657422 0.43125
0 0.610938 0.391146 0.633984 0.391146 0.633984 0.419271 0.610938 0.419271
0 0.671875 0.493229 0.690625 0.493229 0.690625 0.523958 0.671875 0.523958
0 0.664844 0.558333 0.689844 0.558333 0.689844 0.582812 0.664844 0.582812
0 0.708594 0.556771 0.734766 0.556771 0.734766 0.58125 0.708594 0.58125
0 0.684375 0.586458 0.708594 0.586458 0.708594 0.609896 0.684375 0.609896
0 0.698047 0.623958 0.720312 0.623958 0.720312 0.652604 0.698047 0.652604
0 0.74375 0.521875 0.776562 0.521875 0.776562 0.550521 0.74375 0.550521
0 0.217188 0.489062 0.239844 0.489062 0.239844 0.520312 0.217188 0.520312
0 0.246094 0.513542 0.270312 0.513542 0.270312 0.542708 0.246094 0.542708
0 0.302344 0.519271 0.332812 0.519271 0.332812 0.552083 0.302344 0.552083
0 0.309766 0.480729 0.332812 0.480729 0.332812 0.515625 0.309766 0.515625
0 0.351562 0.488021 0.367578 0.488021 0.367578 0.527604 0.351562 0.527604
0 0.344141 0.448438 0.373047 0.448438 0.373047 0.475 0.344141 0.475
0 0.378125 0.434375 0.403516 0.434375 0.403516 0.460938 0.378125 0.460938
0 0.413281 0.436458 0.433594 0.436458 0.433594 0.471875 0.413281 0.471875
0 0.426172 0.480208 0.446484 0.480208 0.446484 0.513542 0.426172 0.513542
0 0.375391 0.513542 0.403906 0.513542 0.403906 0.541667 0.375391 0.541667
0 0.362891 0.538021 0.379688 0.538021 0.379688 0.571354 0.362891 0.571354
0 0.38125 0.564062 0.407031 0.564062 0.407031 0.594792 0.38125 0.594792
0 0.422266 0.565104 0.44375 0.565104 0.44375 0.598438 0.422266 0.598438
0 0.479297 0.568229 0.505859 0.568229 0.505859 0.600521 0.479297 0.600521
0 0.405469 0.616146 0.426172 0.616146 0.426172 0.641146 0.405469 0.641146
0 0.319141 0.574479 0.341797 0.574479 0.341797 0.598438 0.319141 0.598438
0 0.267188 0.554167 0.29375 0.554167 0.29375 0.579167 0.267188 0.579167
0 0.219531 0.55625 0.250391 0.55625 0.250391 0.583333 0.219531 0.583333
0 0.258203 0.594792 0.287109 0.594792 0.287109 0.61875 0.258203 0.61875
0 0.196484 0.591667 0.236328 0.591667 0.236328 0.619792 0.196484 0.619792
0 0.202734 0.641146 0.225391 0.641146 0.225391 0.671875 0.202734 0.671875
0 0.253516 0.632292 0.278516 0.632292 0.278516 0.667708 0.253516 0.667708
0 0.305469 0.645312 0.323438 0.645312 0.323438 0.672917 0.305469 0.672917
0 0.353125 0.625 0.376562 0.625 0.376562 0.659375 0.353125 0.659375
0 0.394141 0.652604 0.419141 0.652604 0.419141 0.695833 0.394141 0.695833
0 0.369141 0.683854 0.390234 0.683854 0.390234 0.711458 0.369141 0.711458
0 0.335547 0.714062 0.362891 0.714062 0.362891 0.738542 0.335547 0.738542
0 0.464062 0.528646 0.495703 0.528646 0.495703 0.561979 0.464062 0.561979
0 0.522266 0.556771 0.545312 0.556771 0.545312 0.588542 0.522266 0.588542
0 0.542188 0.593229 0.561328 0.593229 0.561328 0.622917 0.542188 0.622917
0 0.552734 0.646354 0.578516 0.646354 0.578516 0.671354 0.552734 0.671354
0 0.589453 0.635938 0.612109 0.635938 0.612109 0.669271 0.589453 0.669271
0 0.008984 0.658333 0.037109 0.658333 0.037109 0.690104 0.008984 0.690104
0 0.047266 0.716667 0.072656 0.716667 0.072656 0.748958 0.047266 0.748958
0 0.085156 0.747396 0.106641 0.747396 0.106641 0.7875 0.085156 0.7875
0 0.107422 0.721354 0.130078 0.721354 0.130078 0.750521 0.107422 0.750521
0 0.121094 0.745312 0.139453 0.745312 0.139453 0.779688 0.121094 0.779688
0 0.126953 0.783854 0.158984 0.783854 0.158984 0.808854 0.126953 0.808854
0 0.03125 0.785417 0.050781 0.785417 0.050781 0.817708 0.03125 0.817708
0 0.003906 0.748958 0.025391 0.748958 0.025391 0.780208 0.003906 0.780208
0 0.0 0.807292 0.016797 0.807292 0.016797 0.838021 0.0 0.838021
0 0.035938 0.839583 0.057422 0.839583 0.057422 0.873958 0.035938 0.873958
0 0.074609 0.823958 0.095312 0.823958 0.095312 0.856771 0.074609 0.856771
0 0.089453 0.798438 0.111328 0.798438 0.111328 0.823438 0.089453 0.823438
0 0.128125 0.816667 0.157422 0.816667 0.157422 0.845312 0.128125 0.845312
0 0.106641 0.847396 0.126172 0.847396 0.126172 0.883333 0.106641 0.883333
0 0.142188 0.859896 0.161328 0.859896 0.161328 0.893229 0.142188 0.893229
0 0.034766 0.954688 0.053125 0.954688 0.053125 0.983333 0.034766 0.983333
0 0.045703 0.905729 0.073047 0.905729 0.073047 0.929688 0.045703 0.929688
0 0.079297 0.919271 0.098438 0.919271 0.098438 0.954688 0.079297 0.954688
0 0.133203 0.949479 0.152344 0.949479 0.152344 0.982292 0.133203 0.982292
0 0.162109 0.957812 0.191406 0.957812 0.191406 0.985417 0.162109 0.985417
0 0.173047 0.924479 0.199219 0.924479 0.199219 0.947917 0.173047 0.947917
0 0.217578 0.683854 0.246875 0.683854 0.246875 0.707812 0.217578 0.707812
0 0.274609 0.690104 0.292578 0.690104 0.292578 0.713021 0.274609 0.713021
0 0.282422 0.733854 0.307422 0.733854 0.307422 0.757812 0.282422 0.757812
0 0.219922 0.741667 0.246484 0.741667 0.246484 0.770833 0.219922 0.770833
0 0.248047 0.761458 0.270312 0.761458 0.270312 0.801562 0.248047 0.801562
0 0.295312 0.770833 0.324609 0.770833 0.324609 0.793229 0.295312 0.793229
0 0.314453 0.823438 0.338281 0.823438 0.338281 0.852604 0.314453 0.852604
0 0.353516 0.797917 0.380859 0.797917 0.380859 0.825521 0.353516 0.825521
0 0.390625 0.745833 0.413672 0.745833 0.413672 0.783333 0.390625 0.783333
0 0.269141 0.869792 0.290234 0.869792 0.290234 0.892188 0.269141 0.892188
0 0.295703 0.867188 0.321484 0.867188 0.321484 0.884896 0.295703 0.884896
0 0.344531 0.864583 0.361719 0.864583 0.361719 0.896875 0.344531 0.896875
0 0.368359 0.892188 0.389062 0.892188 0.389062 0.924479 0.368359 0.924479
0 0.282422 0.927083 0.309766 0.927083 0.309766 0.953125 0.282422 0.953125
0 0.317188 0.956771 0.340625 0.956771 0.340625 0.985417 0.317188 0.985417
0 0.3625 0.953646 0.386719 0.953646 0.386719 0.986979 0.3625 0.986979
0 0.288281 0.973438 0.311328 0.973438 0.311328 0.998438 0.288281 0.998438
0 0.202344 0.91875 0.222266 0.91875 0.222266 0.95 0.202344 0.95
0 0.392188 0.919792 0.415234 0.919792 0.415234 0.944271 0.392188 0.944271
0 0.433203 0.938542 0.458984 0.938542 0.458984 0.966146 0.433203 0.966146
0 0.411328 0.88125 0.435156 0.88125 0.435156 0.913021 0.411328 0.913021
0 0.400781 0.83125 0.422266 0.83125 0.422266 0.865104 0.400781 0.865104
0 0.431641 0.8375 0.452734 0.8375 0.452734 0.870833 0.431641 0.870833
0 0.449219 0.798438 0.472656 0.798438 0.472656 0.832292 0.449219 0.832292
0 0.485156 0.836979 0.50625 0.836979 0.50625 0.871875 0.485156 0.871875
0 0.471875 0.903646 0.492578 0.903646 0.492578 0.940625 0.471875 0.940625
0 0.50625 0.914583 0.525391 0.914583 0.525391 0.952083 0.50625 0.952083
0 0.520703 0.853125 0.545703 0.853125 0.545703 0.889062 0.520703 0.889062
0 0.495703 0.648438 0.525 0.648438 0.525 0.676562 0.495703 0.676562
0 0.467578 0.7375 0.491016 0.7375 0.491016 0.772917 0.467578 0.772917
0 0.508203 0.725 0.530078 0.725 0.530078 0.758854 0.508203 0.758854
0 0.496875 0.790104 0.522656 0.790104 0.522656 0.819271 0.496875 0.819271
0 0.538281 0.7875 0.565625 0.7875 0.565625 0.825 0.538281 0.825
0 0.571094 0.784375 0.597656 0.784375 0.597656 0.827083 0.571094 0.827083
0 0.562109 0.736458 0.583594 0.736458 0.583594 0.770312 0.562109 0.770312
0 0.607031 0.744792 0.628906 0.744792 0.628906 0.778646 0.607031 0.778646
0 0.599219 0.689583 0.618359 0.689583 0.618359 0.720833 0.599219 0.720833
0 0.555078 0.689583 0.577734 0.689583 0.577734 0.723958 0.555078 0.723958
0 0.487109 0.696354 0.517578 0.696354 0.517578 0.725 0.487109 0.725
0 0.911719 0.750521 0.927734 0.750521 0.927734 0.779167 0.911719 0.779167
0 0.954297 0.768229 0.979297 0.768229 0.979297 0.79375 0.954297 0.79375
0 0.930078 0.828646 0.949219 0.828646 0.949219 0.857812 0.930078 0.857812
0 0.884375 0.818229 0.911719 0.818229 0.911719 0.844792 0.884375 0.844792
0 0.860547 0.79375 0.876562 0.79375 0.876562 0.815104 0.860547 0.815104
0 0.835156 0.830208 0.851172 0.830208 0.851172 0.864062 0.835156 0.864062
0 0.857422 0.852604 0.880859 0.852604 0.880859 0.880208 0.857422 0.880208
0 0.888672 0.865104 0.909766 0.865104 0.909766 0.896354 0.888672 0.896354
0 0.964062 0.851562 0.9875 0.851562 0.9875 0.885417 0.964062 0.885417
0 0.916797 0.910938 0.933984 0.910938 0.933984 0.945312 0.916797 0.945312
0 0.948047 0.896875 0.970312 0.896875 0.970312 0.919792 0.948047 0.919792
0 0.941016 0.940625 0.968359 0.940625 0.968359 0.968229 0.941016 0.968229
0 0.795312 0.872396 0.816406 0.872396 0.816406 0.9 0.795312 0.9
0 0.835156 0.905729 0.860938 0.905729 0.860938 0.927604 0.835156 0.927604
0 0.867969 0.90625 0.888281 0.90625 0.888281 0.928646 0.867969 0.928646
0 0.796484 0.913542 0.823438 0.913542 0.823438 0.935417 0.796484 0.935417
0 0.747266 0.933333 0.763672 0.933333 0.763672 0.958854 0.747266 0.958854
0 0.974219 0.803125 0.989453 0.803125 0.989453 0.838021 0.974219 0.838021
0 0.803906 0.964062 0.829688 0.964062 0.829688 0.991667 0.803906 0.991667
0 0.864844 0.976042 0.887109 0.976042 0.887109 0.996875 0.864844 0.996875