0 0.040625 0.078125 0.062891 0.078125 0.062891 0.099479 0.040625 0.099479
0 0.010547 0.117708 0.040625 0.117708 0.040625 0.141667 0.010547 0.141667
0 0.168359 0.103646 0.183984 0.103646 0.183984 0.136458 0.168359 0.136458
0 0.120312 0.146354 0.153516 0.146354 0.153516 0.170312 0.120312 0.170312
0 0.109766 0.194792 0.134375 0.194792 0.134375 0.229688 0.109766 0.229688
0 0.124219 0.257292 0.147656 0.257292 0.147656 0.295833 0.124219 0.295833
0 0.093359 0.286979 0.108594 0.286979 0.108594 0.319271 0.093359 0.319271
0 0.013672 0.304167 0.03125 0.304167 0.03125 0.334375 0.013672 0.334375
0 0.128516 0.320312 0.152344 0.320312 0.152344 0.350521 0.128516 0.350521
0 0.157422 0.301042 0.182422 0.301042 0.182422 0.326562 0.157422 0.326562
0 0.189062 0.26875 0.219531 0.26875 0.219531 0.290104 0.189062 0.290104
0 0.241406 0.296354 0.255078 0.296354 0.255078 0.324479 0.241406 0.324479
0 0.196875 0.313542 0.221484 0.313542 0.221484 0.3375 0.196875 0.3375
0 0.183203 0.340625 0.209766 0.340625 0.209766 0.366667 0.183203 0.366667
0 0.157812 0.355729 0.176953 0.355729 0.176953 0.378646 0.157812 0.378646
0 0.103125 0.383333 0.126953 0.383333 0.126953 0.4125 0.103125 0.4125
0 0.201172 0.142188 0.226562 0.142188 0.226562 0.167188 0.201172 0.167188
0 0.241797 0.148958 0.267188 0.148958 0.267188 0.172396 0.241797 0.172396
0 0.294531 0.133854 0.313672 0.133854 0.313672 0.166146 0.294531 0.166146
0 0.326953 0.163021 0.347656 0.163021 0.347656 0.202083 0.326953 0.202083
0 0.347656 0.142188 0.373828 0.142188 0.373828 0.161458 0.347656 0.161458
0 0.367188 0.160417 0.385938 0.160417 0.385938 0.201042 0.367188 0.201042
0 0.390234 0.188542 0.405469 0.188542 0.405469 0.221875 0.390234 0.221875
0 0.304688 0.201042 0.324609 0.201042 0.324609 0.225 0.304688 0.225
0 0.244531 0.178125 0.269141 0.178125 0.269141 0.208854 0.244531 0.208854
0 0.268359 0.2125 0.294531 0.2125 0.294531 0.239583 0.268359 0.239583
0 0.221484 0.221875 0.245703 0.221875 0.245703 0.244271 0.221484 0.244271
0 0.185938 0.200521 0.208594 0.200521 0.208594 0.225 0.185938 0.225
0 0.161328 0.188021 0.182031 0.188021 0.182031 0.216667 0.161328 0.216667
0 0.292578 0.264062 0.311328 0.264062 0.311328 0.289583 0.292578 0.289583
0 0.322266 0.269271 0.340625 0.269271 0.340625 0.294271 0.322266 0.294271
0 0.358203 0.2375 0.386719 0.2375 0.386719 0.264062 0.358203 0.264062
0 0.346875 0.29375 0.376953 0.29375 0.376953 0.315104 0.346875 0.315104
0 0.282031 0.334375 0.305469 0.334375 0.305469 0.361458 0.282031 0.361458
0 0.322656 0.343229 0.346484 0.343229 0.346484 0.364583 0.322656 0.364583
0 0.33125 0.370312 0.3625 0.370312 0.3625 0.396354 0.33125 0.396354
0 0.364844 0.385417 0.389062 0.385417 0.389062 0.420312 0.364844 0.420312
0 0.063672 0.416146 0.092188 0.416146 0.092188 0.435938 0.063672 0.435938
0 0.074219 0.452083 0.101172 0.452083 0.101172 0.475 0.074219 0.475
0 0.100781 0.481771 0.125391 0.481771 0.125391 0.508333 0.100781 0.508333
0 0.116797 0.449479 0.144922 0.449479 0.144922 0.472917 0.116797 0.472917
0 0.148047 0.426042 0.173047 0.426042 0.173047 0.445833 0.148047 0.445833
0 0.148438 0.392708 0.174609 0.392708 0.174609 0.413542 0.148438 0.413542
0 0.188281 0.463021 0.208203 0.463021 0.208203 0.492708 0.188281 0.492708
0 0.306641 0.413021 0.334375 0.413021 0.334375 0.440625 0.306641 0.440625
0 0.279688 0.424479 0.299219 0.424479 0.299219 0.451042 0.279688 0.451042
0 0.246875 0.444792 0.273438 0.444792 0.273438 0.470833 0.246875 0.470833
0 0.286328 0.470833 0.312891 0.470833 0.312891 0.497917 0.286328 0.497917
0 0.326172 0.447396 0.346094 0.447396 0.346094 0.4875 0.326172 0.4875
0 0.347266 0.432812 0.369141 0.432812 0.369141 0.453125 0.347266 0.453125
0 0.392578 0.425521 0.413281 0.425521 0.413281 0.459375 0.392578 0.459375
0 0.362891 0.463542 0.386328 0.463542 0.386328 0.49375 0.362891 0.49375
0 0.327734 0.509896 0.350781 0.509896 0.350781 0.538021 0.327734 0.538021
0 0.294531 0.506771 0.316406 0.506771 0.316406 0.535938 0.294531 0.535938
0 0.275 0.50625 0.294141 0.50625 0.294141 0.531771 0.275 0.531771
0 0.25625 0.503125 0.273828 0.503125 0.273828 0.529688 0.25625 0.529688
0 0.240625 0.534375 0.265625 0.534375 0.265625 0.56875 0.240625 0.56875
0 0.005078 0.572917 0.033594 0.572917 0.033594 0.596354 0.005078 0.596354
0 0.069141 0.594271 0.091016 0.594271 0.091016 0.616146 0.069141 0.616146
0 0.059766 0.622396 0.082422 0.622396 0.082422 0.647396 0.059766 0.647396
0 0.040234 0.723958 0.065625 0.723958 0.065625 0.751562 0.040234 0.751562
0 0.004688 0.798958 0.026953 0.798958 0.026953 0.821354 0.004688 0.821354
0 0.027734 0.852604 0.048047 0.852604 0.048047 0.886458 0.027734 0.886458
0 0.021484 0.601562 0.046484 0.601562 0.046484 0.635417 0.021484 0.635417
0 0.035547 0.673438 0.060938 0.673438 0.060938 0.697396 0.035547 0.697396
0 0.013281 0.703646 0.029297 0.703646 0.029297 0.739062 0.013281 0.739062
0 0.140234 0.678125 0.171094 0.678125 0.171094 0.700521 0.140234 0.700521
0 0.201562 0.678646 0.222656 0.678646 0.222656 0.718229 0.201562 0.718229
0 0.091406 0.630208 0.102344 0.630208 0.102344 0.65625 0.091406 0.65625
0 0.171875 0.596875 0.190234 0.596875 0.190234 0.621354 0.171875 0.621354
0 0.284375 0.597396 0.311328 0.597396 0.311328 0.632812 0.284375 0.632812
0 0.030859 0.786458 0.046484 0.786458 0.046484 0.810417 0.030859 0.810417
0 0.063281 0.806771 0.083594 0.806771 0.083594 0.83125 0.063281 0.83125
0 0.110156 0.750521 0.132031 0.750521 0.132031 0.778125 0.110156 0.778125
0 0.166797 0.717188 0.192578 0.717188 0.192578 0.746875 0.166797 0.746875
0 0.211719 0.743229 0.230078 0.743229 0.230078 0.777604 0.211719 0.777604
0 0.144141 0.797396 0.1625 0.797396 0.1625 0.826042 0.144141 0.826042
0 0.064062 0.876562 0.090234 0.876562 0.090234 0.901042 0.064062 0.901042
0 0.103516 0.85625 0.123047 0.85625 0.123047 0.882292 0.103516 0.882292
0 0.151953 0.847917 0.170312 0.847917 0.170312 0.880208 0.151953 0.880208
0 0.0 0.974479 0.021484 0.974479 0.021484 0.996875 0.0 0.996875
0 0.060547 0.954688 0.079297 0.954688 0.079297 0.976562 0.060547 0.976562
0 0.026562 0.955729 0.041406 0.955729 0.041406 0.981771 0.026562 0.981771
0 0.083594 0.935938 0.105078 0.935938 0.105078 0.957292 0.083594 0.957292
0 0.108203 0.916146 0.124609 0.916146 0.124609 0.947917 0.108203 0.947917
0 0.146484 0.967188 0.169922 0.967188 0.169922 0.988542 0.146484 0.988542
0 0.224219 0.789062 0.245312 0.789062 0.245312 0.825 0.224219 0.825
0 0.266797 0.750521 0.2875 0.750521 0.2875 0.788542 0.266797 0.788542
0 0.319141 0.755729 0.348438 0.755729 0.348438 0.779688 0.319141 0.779688
0 0.277344 0.701042 0.298047 0.701042 0.298047 0.735938 0.277344 0.735938
0 0.303125 0.679688 0.330859 0.679688 0.330859 0.704167 0.303125 0.704167
0 0.322656 0.708854 0.339844 0.708854 0.339844 0.741146 0.322656 0.741146
0 0.351172 0.716667 0.369531 0.716667 0.369531 0.749479 0.351172 0.749479
0 0.346484 0.677604 0.375781 0.677604 0.375781 0.704167 0.346484 0.704167
0 0.338672 0.639583 0.364062 0.639583 0.364062 0.670312 0.338672 0.670312
0 0.369531 0.621875 0.396094 0.621875 0.396094 0.65 0.369531 0.65
0 0.328125 0.614583 0.351953 0.614583 0.351953 0.633854 0.328125 0.633854
0 0.260156 0.916667 0.281641 0.916667 0.281641 0.946354 0.260156 0.946354
0 0.283594 0.967188 0.307812 0.967188 0.307812 0.999479 0.283594 0.999479
0 0.328906 0.925 0.349609 0.925 0.349609 0.954688 0.328906 0.954688
0 0.345312 0.971875 0.369531 0.971875 0.369531 0.997917 0.345312 0.997917
0 0.373047 0.957292 0.398438 0.957292 0.398438 0.986458 0.373047 0.986458
0 0.368359 0.888021 0.392188 0.888021 0.392188 0.919792 0.368359 0.919792
0 0.340625 0.878646 0.364453 0.878646 0.364453 0.906771 0.340625 0.906771
0 0.358984 0.835938 0.383594 0.835938 0.383594 0.872396 0.358984 0.872396
0 0.390625 0.915104 0.410547 0.915104 0.410547 0.947917 0.390625 0.947917
0 0.450391 0.814583 0.476172 0.814583 0.476172 0.838542 0.450391 0.838542
0 0.440234 0.854167 0.470312 0.854167 0.470312 0.878646 0.440234 0.878646
0 0.426562 0.892188 0.445703 0.892188 0.445703 0.93125 0.426562 0.93125
0 0.471094 0.889062 0.497266 0.889062 0.497266 0.920833 0.471094 0.920833
0 0.497266 0.864062 0.51875 0.864062 0.51875 0.888542 0.497266 0.888542
0 0.508594 0.916667 0.532422 0.916667 0.532422 0.941146 0.508594 0.941146
0 0.503516 0.959375 0.530078 0.959375 0.530078 0.989062 0.503516 0.989062
0 0.467188 0.952083 0.490234 0.952083 0.490234 0.975 0.467188 0.975
0 0.430078 0.955208 0.449609 0.955208 0.449609 0.9875 0.430078 0.9875
0 0.522266 0.851562 0.544141 0.851562 0.544141 0.880729 0.522266 0.880729
0 0.598828 0.866146 0.621484 0.866146 0.621484 0.891146 0.598828 0.891146
0 0.605078 0.828125 0.628906 0.828125 0.628906 0.855729 0.605078 0.855729
0 0.65625 0.833854 0.674219 0.833854 0.674219 0.860417 0.65625 0.860417
0 0.632422 0.782292 0.658984 0.782292 0.658984 0.807292 0.632422 0.807292
0 0.572656 0.751042 0.594531 0.751042 0.594531 0.785938 0.572656 0.785938
0 0.551562 0.750521 0.570703 0.750521 0.570703 0.78125 0.551562 0.78125
0 0.510938 0.676042 0.542969 0.676042 0.542969 0.700521 0.510938 0.700521
0 0.51875 0.723438 0.545703 0.723438 0.545703 0.74375 0.51875 0.74375
0 0.564844 0.664062 0.583594 0.664062 0.583594 0.702083 0.564844 0.702083
0 0.587109 0.697396 0.606641 0.697396 0.606641 0.721354 0.587109 0.721354
0 0.59375 0.727604 0.619531 0.727604 0.619531 0.751042 0.59375 0.751042
0 0.622656 0.683333 0.642969 0.683333 0.642969 0.719271 0.622656 0.719271
0 0.646484 0.702083 0.667969 0.702083 0.667969 0.727604 0.646484 0.727604
0 0.663672 0.745312 0.682422 0.745312 0.682422 0.78125 0.663672 0.78125
0 0.688672 0.742188 0.711719 0.742188 0.711719 0.776562 0.688672 0.776562
0 0.596094 0.647396 0.622266 0.647396 0.622266 0.676042 0.596094 0.676042
0 0.605078 0.617188 0.632422 0.617188 0.632422 0.640104 0.605078 0.640104
0 0.523828 0.622917 0.552344 0.622917 0.552344 0.647396 0.523828 0.647396
0 0.503906 0.583333 0.522266 0.583333 0.522266 0.608854 0.503906 0.608854
0 0.535547 0.56875 0.558984 0.56875 0.558984 0.597917 0.535547 0.597917
0 0.497656 0.523958 0.522266 0.523958 0.522266 0.555208 0.497656 0.555208
0 0.475391 0.472396 0.498828 0.472396 0.498828 0.500521 0.475391 0.500521
0 0.580859 0.065104 0.601562 0.065104 0.601562 0.092708 0.580859 0.092708
0 0.594531 0.048438 0.611719 0.048438 0.611719 0.072396 0.594531 0.072396
0 0.621875 0.075 0.649219 0.075 0.649219 0.104167 0.621875 0.104167
0 0.646484 0.092708 0.664062 0.092708 0.664062 0.122917 0.646484 0.122917
0 0.678125 0.084375 0.694922 0.084375 0.694922 0.123438 0.678125 0.123438
0 0.586719 0.111458 0.608594 0.111458 0.608594 0.133333 0.586719 0.133333
0 0.613672 0.14375 0.630078 0.14375 0.630078 0.177604 0.613672 0.177604
0 0.533203 0.153125 0.551172 0.153125 0.551172 0.184896 0.533203 0.184896
0 0.489844 0.158854 0.509766 0.158854 0.509766 0.191146 0.489844 0.191146
0 0.499219 0.198958 0.525 0.198958 0.525 0.23125 0.499219 0.23125
0 0.571484 0.181771 0.588672 0.181771 0.588672 0.215104 0.571484 0.215104
0 0.575391 0.226042 0.601172 0.226042 0.601172 0.255729 0.575391 0.255729
0 0.549609 0.253125 0.572266 0.253125 0.572266 0.290104 0.549609 0.290104
0 0.516797 0.256771 0.540234 0.256771 0.540234 0.284375 0.516797 0.284375
0 0.747656 0.026042 0.769922 0.026042 0.769922 0.052604 0.747656 0.052604
0 0.717188 0.053646 0.732812 0.053646 0.732812 0.091667 0.717188 0.091667
0 0.765625 0.106771 0.78125 0.106771 0.78125 0.141667 0.765625 0.141667
0 0.725 0.115104 0.753125 0.115104 0.753125 0.138542 0.725 0.138542
0 0.814062 0.010938 0.830859 0.010938 0.830859 0.054688 0.814062 0.054688
0 0.836719 0.014062 0.853125 0.014062 0.853125 0.05625 0.836719 0.05625
0 0.821875 0.098958 0.843359 0.098958 0.843359 0.134896 0.821875 0.134896
0 0.845703 0.154167 0.86875 0.154167 0.86875 0.185417 0.845703 0.185417
0 0.7875 0.141667 0.812109 0.141667 0.812109 0.16875 0.7875 0.16875
0 0.807031 0.178125 0.828516 0.178125 0.828516 0.220312 0.807031 0.220312
0 0.760547 0.164583 0.782812 0.164583 0.782812 0.198958 0.760547 0.198958
0 0.720703 0.157812 0.747656 0.157812 0.747656 0.180729 0.720703 0.180729
0 0.673047 0.145833 0.690625 0.145833 0.690625 0.179688 0.673047 0.179688
0 0.642969 0.179167 0.672266 0.179167 0.672266 0.204688 0.642969 0.204688
0 0.620703 0.230208 0.648828 0.230208 0.648828 0.251563 0.620703 0.251563
0 0.659375 0.235938 0.686719 0.235938 0.686719 0.273438 0.659375 0.273438
0 0.689453 0.213542 0.707422 0.213542 0.707422 0.247396 0.689453 0.247396
0 0.733594 0.203646 0.752344 0.203646 0.752344 0.228125 0.733594 0.228125
0 0.758984 0.232812 0.780859 0.232812 0.780859 0.255208 0.758984 0.255208
0 0.819141 0.231771 0.841406 0.231771 0.841406 0.263021 0.819141 0.263021
0 0.858594 0.209896 0.882031 0.209896 0.882031 0.238021 0.858594 0.238021
0 0.848047 0.260938 0.878516 0.260938 0.878516 0.294792 0.848047 0.294792
0 0.872266 0.299479 0.900391 0.299479 0.900391 0.330208 0.872266 0.330208
0 0.845312 0.325 0.866797 0.325 0.866797 0.35625 0.845312 0.35625
0 0.799219 0.265625 0.815625 0.265625 0.815625 0.302083 0.799219 0.302083
0 0.773047 0.268229 0.794531 0.268229 0.794531 0.301562 0.773047 0.301562
0 0.752734 0.310417 0.772656 0.310417 0.772656 0.338542 0.752734 0.338542
0 0.687891 0.2875 0.719141 0.2875 0.719141 0.3125 0.687891 0.3125
0 0.623047 0.267708 0.647656 0.267708 0.647656 0.289583 0.623047 0.289583
0 0.596875 0.281771 0.621094 0.281771 0.621094 0.304688 0.596875 0.304688
0 0.66875 0.319271 0.6875 0.319271 0.6875 0.349479 0.66875 0.349479
0 0.742969 0.357292 0.766797 0.357292 0.766797 0.380729 0.742969 0.380729
0 0.717969 0.385417 0.743359 0.385417 0.743359 0.411458 0.717969 0.411458
0 0.754688 0.4 0.774609 0.4 0.774609 0.425521 0.754688 0.425521
0 0.817578 0.358854 0.837109 0.358854 0.837109 0.394271 0.817578 0.394271
0 0.567969 0.390625 0.592188 0.390625 0.592188 0.417188 0.567969 0.417188
0 0.6 0.422396 0.620312 0.422396 0.620312 0.451042 0.6 0.451042
0 0.644141 0.434375 0.671094 0.434375 0.671094 0.463542 0.644141 0.463542
0 0.644531 0.4125 0.670312 0.4125 0.670312 0.43125 0.644531 0.43125
0 0.619531 0.452083 0.648828 0.452083 0.648828 0.473438 0.619531 0.473438
0 0.353906 0.535938 0.377344 0.535938 0.377344 0.567188 0.353906 0.567188
0 0.356641 0.576042 0.380078 0.576042 0.380078 0.6 0.356641 0.6
0 0.403516 0.511458 0.422266 0.511458 0.422266 0.547917 0.403516 0.547917
0 0.472656 0.424479 0.493359 0.424479 0.493359 0.459375 0.472656 0.459375
0 0.498438 0.408854 0.525391 0.408854 0.525391 0.433333 0.498438 0.433333
0 0.501172 0.448958 0.51875 0.448958 0.51875 0.479167 0.501172 0.479167
0 0.560938 0.461458 0.583203 0.461458 0.583203 0.486979 0.560938 0.486979
0 0.595312 0.478125 0.620703 0.478125 0.620703 0.498958 0.595312 0.498958
0 0.635547 0.483333 0.656641 0.483333 0.656641 0.507812 0.635547 0.507812
0 0.691016 0.492188 0.711328 0.492188 0.711328 0.521875 0.691016 0.521875
0 0.663672 0.547917 0.691016 0.547917 0.691016 0.573958 0.663672 0.573958
0 0.688672 0.580729 0.708594 0.580729 0.708594 0.605208 0.688672 0.605208
0 0.617578 0.529688 0.642188 0.529688 0.642188 0.559896 0.617578 0.559896
0 0.571875 0.53125 0.594141 0.53125 0.594141 0.566146 0.571875 0.566146
0 0.603125 0.572917 0.629297 0.572917 0.629297 0.601562 0.603125 0.601562
0 0.633594 0.579167 0.651953 0.579167 0.651953 0.610417 0.633594 0.610417
0 0.653906 0.601562 0.675391 0.601562 0.675391 0.629688 0.653906 0.629688
0 0.692969 0.620833 0.717188 0.620833 0.717188 0.653646 0.692969 0.653646
0 0.652734 0.6375 0.682812 0.6375 0.682812 0.66875 0.652734 0.66875
0 0.880469 0.345312 0.906641 0.345312 0.906641 0.377604 0.880469 0.377604
0 0.760156 0.452083 0.789062 0.452083 0.789062 0.473438 0.760156 0.473438
0 0.853125 0.478646 0.873828 0.478646 0.873828 0.509375 0.853125 0.509375
0 0.880469 0.477083 0.900781 0.477083 0.900781 0.513021 0.880469 0.513021
0 0.924219 0.464583 0.946484 0.464583 0.946484 0.501042 0.924219 0.501042
0 0.953125 0.520833 0.969141 0.520833 0.969141 0.560417 0.953125 0.560417
0 0.923438 0.517188 0.942969 0.517188 0.942969 0.559375 0.923438 0.559375
0 0.876562 0.540625 0.904688 0.540625 0.904688 0.569271 0.876562 0.569271
0 0.876562 0.591667 0.902734 0.591667 0.902734 0.621875 0.876562 0.621875
0 0.816016 0.539583 0.844922 0.539583 0.844922 0.566667 0.816016 0.566667
0 0.787109 0.584375 0.809375 0.584375 0.809375 0.631771 0.787109 0.631771
0 0.826172 0.605208 0.852344 0.605208 0.852344 0.636458 0.826172 0.636458
0 0.783203 0.633854 0.803906 0.633854 0.803906 0.671354 0.783203 0.671354
0 0.751562 0.656771 0.772266 0.656771 0.772266 0.691146 0.751562 0.691146
0 0.753516 0.585417 0.770312 0.585417 0.770312 0.626562 0.753516 0.626562
0 0.928125 0.579167 0.953125 0.579167 0.953125 0.611458 0.928125 0.611458
0 0.957812 0.584375 0.985938 0.584375 0.985938 0.614062 0.957812 0.614062
0 0.975391 0.544271 0.998047 0.544271 0.998047 0.581771 0.975391 0.581771
0 0.898828 0.654167 0.924219 0.654167 0.924219 0.680208 0.898828 0.680208
0 0.942969 0.648958 0.959766 0.648958 0.959766 0.686458 0.942969 0.686458
0 0.851562 0.664062 0.871875 0.664062 0.871875 0.69375 0.851562 0.69375
0 0.822656 0.708854 0.849609 0.708854 0.849609 0.742708 0.822656 0.742708
0 0.869141 0.696354 0.885938 0.696354 0.885938 0.733854 0.869141 0.733854
0 0.9625 0.7 0.988672 0.7 0.988672 0.732292 0.9625 0.732292
0 0.859766 0.744792 0.883984 0.744792 0.883984 0.776042 0.859766 0.776042
0 0.891406 0.76875 0.914062 0.76875 0.914062 0.805729 0.891406 0.805729
0 0.929688 0.783333 0.953906 0.783333 0.953906 0.809896 0.929688 0.809896
0 0.831641 0.772396 0.850391 0.772396 0.850391 0.807292 0.831641 0.807292
0 0.785156 0.765104 0.801953 0.765104 0.801953 0.797396 0.785156 0.797396
0 0.861719 0.791146 0.88125 0.791146 0.88125 0.832292 0.861719 0.832292
0 0.961719 0.645312 0.98125 0.645312 0.98125 0.673438 0.961719 0.673438
0 0.819141 0.809896 0.841016 0.809896 0.841016 0.845312 0.819141 0.845312
0 0.8625 0.850521 0.878906 0.850521 0.878906 0.885417 0.8625 0.885417
0 0.823438 0.864062 0.850391 0.864062 0.850391 0.890104 0.823438 0.890104
0 0.783984 0.848958 0.801562 0.848958 0.801562 0.88125 0.783984 0.88125
0 0.794141 0.898438 0.809375 0.898438 0.809375 0.933333 0.794141 0.933333
0 0.735547 0.878646 0.761719 0.878646 0.761719 0.904167 0.735547 0.904167
0 0.745312 0.921354 0.771875 0.921354 0.771875 0.951562 0.745312 0.951562
0 0.808203 0.942188 0.830469 0.942188 0.830469 0.970833 0.808203 0.970833
0 0.874609 0.910938 0.894531 0.910938 0.894531 0.943229 0.874609 0.943229
0 0.884766 0.951042 0.905859 0.951042 0.905859 0.984896 0.884766 0.984896
0 0.932031 0.926562 0.955859 0.926562 0.955859 0.960417 0.932031 0.960417
0 0.948438 0.8875 0.966016 0.8875 0.966016 0.921354 0.948438 0.921354
0 0.899609 0.896354 0.916016 0.896354 0.916016 0.93125 0.899609 0.93125
0 0.93125 0.822917 0.955859 0.822917 0.955859 0.851042 0.93125 0.851042
0 0.949219 0.856771 0.975 0.856771 0.975 0.878646 0.949219 0.878646
0 0.978125 0.894792 0.998828 0.894792 0.998828 0.921875 0.978125 0.921875
0 0.969922 0.939583 0.996875 0.939583 0.996875 0.963021 0.969922 0.963021
0 0.013672 0.23125 0.045703 0.23125 0.045703 0.257812 0.013672 0.257812