0 0.1875 0.327083 0.215234 0.327083 0.215234 0.354688 0.1875 0.354688
0 0.234375 0.322396 0.264453 0.322396 0.264453 0.353646 0.234375 0.353646
0 0.136719 0.189062 0.160938 0.189062 0.160938 0.225521 0.136719 0.225521
0 0.106641 0.214583 0.125391 0.214583 0.125391 0.253125 0.106641 0.253125
0 0.070312 0.181771 0.097266 0.181771 0.097266 0.215625 0.070312 0.215625
0 0.127344 0.307812 0.151172 0.307812 0.151172 0.336979 0.127344 0.336979
0 0.171094 0.254688 0.203906 0.254688 0.203906 0.279688 0.171094 0.279688
0 0.1875 0.172396 0.205469 0.172396 0.205469 0.207292 0.1875 0.207292
0 0.249219 0.219792 0.261719 0.219792 0.261719 0.263021 0.249219 0.263021
0 0.266406 0.201562 0.298047 0.201562 0.298047 0.230729 0.266406 0.230729
0 0.271484 0.249479 0.299609 0.249479 0.299609 0.284896 0.271484 0.284896
0 0.262891 0.369271 0.280859 0.369271 0.280859 0.406771 0.262891 0.406771
0 0.344141 0.253646 0.366797 0.253646 0.366797 0.278646 0.344141 0.278646
0 0.344141 0.196875 0.366016 0.196875 0.366016 0.220833 0.344141 0.220833
0 0.294531 0.1625 0.311719 0.1625 0.311719 0.196354 0.294531 0.196354
0 0.369922 0.159375 0.394922 0.159375 0.394922 0.194271 0.369922 0.194271
0 0.388672 0.232812 0.405859 0.232812 0.405859 0.266667 0.388672 0.266667
0 0.367188 0.196875 0.391406 0.196875 0.391406 0.219792 0.367188 0.219792
0 0.408594 0.160417 0.439844 0.160417 0.439844 0.203646 0.408594 0.203646
0 0.480469 0.216146 0.503125 0.216146 0.503125 0.24375 0.480469 0.24375
0 0.448438 0.236458 0.46875 0.236458 0.46875 0.264062 0.448438 0.264062
0 0.408594 0.271354 0.444141 0.271354 0.444141 0.299479 0.408594 0.299479
0 0.385938 0.296875 0.408594 0.296875 0.408594 0.322396 0.385938 0.322396
0 0.372266 0.344271 0.389453 0.344271 0.389453 0.384896 0.372266 0.384896
0 0.400391 0.385938 0.425 0.385938 0.425 0.417708 0.400391 0.417708
0 0.454297 0.336979 0.479297 0.336979 0.479297 0.368229 0.454297 0.368229
0 0.435938 0.294271 0.462109 0.294271 0.462109 0.328125 0.435938 0.328125
0 0.457812 0.267708 0.483984 0.267708 0.483984 0.304167 0.457812 0.304167
0 0.564844 0.365625 0.588281 0.365625 0.588281 0.411458 0.564844 0.411458
0 0.533984 0.346354 0.553906 0.346354 0.553906 0.382812 0.533984 0.382812
0 0.565625 0.422396 0.58125 0.422396 0.58125 0.459896 0.565625 0.459896
0 0.456641 0.183333 0.476562 0.183333 0.476562 0.218229 0.456641 0.218229
0 0.132031 0.240104 0.151953 0.240104 0.151953 0.272917 0.132031 0.272917
0 0.155469 0.223438 0.184766 0.223438 0.184766 0.254688 0.155469 0.254688
0 0.110938 0.270312 0.129297 0.270312 0.129297 0.303125 0.110938 0.303125
0 0.088672 0.303125 0.116406 0.303125 0.116406 0.335417 0.088672 0.335417
0 0.114844 0.352604 0.14375 0.352604 0.14375 0.380208 0.114844 0.380208
0 0.154688 0.335417 0.178125 0.335417 0.178125 0.364583 0.154688 0.364583
0 0.202734 0.296875 0.232031 0.296875 0.232031 0.327083 0.202734 0.327083
0 0.168359 0.382292 0.201172 0.382292 0.201172 0.406771 0.168359 0.406771
0 0.24375 0.441667 0.272656 0.441667 0.272656 0.478125 0.24375 0.478125
0 0.305469 0.420312 0.335156 0.420312 0.335156 0.465625 0.305469 0.465625
0 0.291797 0.377604 0.307031 0.377604 0.307031 0.417708 0.291797 0.417708
0 0.320703 0.354688 0.340625 0.354688 0.340625 0.39375 0.320703 0.39375
0 0.353516 0.382292 0.369922 0.382292 0.369922 0.421354 0.353516 0.421354
0 0.342578 0.344271 0.361719 0.344271 0.361719 0.382292 0.342578 0.382292
0 0.420703 0.423958 0.439844 0.423958 0.439844 0.467188 0.420703 0.467188
0 0.451172 0.386458 0.467969 0.386458 0.467969 0.433333 0.451172 0.433333
0 0.451562 0.438021 0.48125 0.438021 0.48125 0.478125 0.451562 0.478125
0 0.337891 0.423438 0.369531 0.423438 0.369531 0.457292 0.337891 0.457292
0 0.374219 0.457812 0.407812 0.457812 0.407812 0.49375 0.374219 0.49375
0 0.341406 0.465625 0.370703 0.465625 0.370703 0.498438 0.341406 0.498438
0 0.375391 0.401042 0.393359 0.401042 0.393359 0.439583 0.375391 0.439583
0 0.394141 0.520312 0.417969 0.520312 0.417969 0.564062 0.394141 0.564062
0 0.516016 0.518229 0.539453 0.518229 0.539453 0.559896 0.516016 0.559896
0 0.506641 0.470833 0.525 0.470833 0.525 0.507292 0.506641 0.507292
0 0.534766 0.411458 0.553906 0.411458 0.553906 0.446354 0.534766 0.446354
0 0.162109 0.441667 0.188281 0.441667 0.188281 0.467188 0.162109 0.467188
0 0.151953 0.395833 0.175391 0.395833 0.175391 0.427604 0.151953 0.427604
0 0.135547 0.408854 0.151953 0.408854 0.151953 0.438021 0.135547 0.438021
0 0.106641 0.411458 0.135547 0.411458 0.135547 0.439583 0.106641 0.439583
0 0.098438 0.447917 0.132812 0.447917 0.132812 0.472917 0.098438 0.472917
0 0.105469 0.479167 0.147656 0.479167 0.147656 0.503125 0.105469 0.503125
0 0.084766 0.488021 0.103125 0.488021 0.103125 0.523958 0.084766 0.523958
0 0.176562 0.482812 0.203516 0.482812 0.203516 0.510417 0.176562 0.510417
0 0.144922 0.465625 0.165625 0.465625 0.165625 0.497396 0.144922 0.497396
0 0.609375 0.404167 0.627344 0.404167 0.627344 0.444271 0.609375 0.444271
0 0.585547 0.451042 0.601953 0.451042 0.601953 0.472917 0.585547 0.472917
0 0.621094 0.471354 0.644922 0.471354 0.644922 0.510938 0.621094 0.510938
0 0.581641 0.502604 0.609375 0.502604 0.609375 0.533854 0.581641 0.533854
0 0.532812 0.486458 0.553125 0.486458 0.553125 0.517188 0.532812 0.517188
0 0.547656 0.530208 0.567188 0.530208 0.567188 0.559896 0.547656 0.559896
0 0.578125 0.541667 0.598828 0.541667 0.598828 0.577083 0.578125 0.577083
0 0.553906 0.580208 0.579688 0.580208 0.579688 0.605208 0.553906 0.605208
0 0.513672 0.565625 0.542578 0.565625 0.542578 0.589583 0.513672 0.589583
0 0.655078 0.516146 0.686719 0.516146 0.686719 0.540104 0.655078 0.540104
0 0.656641 0.465104 0.677344 0.465104 0.677344 0.498438 0.656641 0.498438
0 0.645703 0.420833 0.675 0.420833 0.675 0.445833 0.645703 0.445833
0 0.627344 0.442188 0.64375 0.442188 0.64375 0.470833 0.627344 0.470833
0 0.627344 0.374479 0.650781 0.374479 0.650781 0.4 0.627344 0.4
0 0.660156 0.386458 0.683594 0.386458 0.683594 0.414062 0.660156 0.414062
0 0.687891 0.409896 0.703906 0.409896 0.703906 0.439583 0.687891 0.439583
0 0.714453 0.418229 0.732422 0.418229 0.732422 0.454167 0.714453 0.454167
0 0.303906 0.555729 0.336328 0.555729 0.336328 0.582292 0.303906 0.582292
0 0.348047 0.511458 0.364844 0.511458 0.364844 0.538542 0.348047 0.538542
0 0.378125 0.572396 0.407422 0.572396 0.407422 0.596354 0.378125 0.596354
0 0.415234 0.670312 0.442969 0.670312 0.442969 0.689583 0.415234 0.689583
0 0.453516 0.671354 0.484375 0.671354 0.484375 0.7 0.453516 0.7
0 0.479297 0.710417 0.501562 0.710417 0.501562 0.741667 0.479297 0.741667
0 0.444531 0.706771 0.466406 0.706771 0.466406 0.734375 0.444531 0.734375
0 0.367188 0.532292 0.388281 0.532292 0.388281 0.553646 0.367188 0.553646
0 0.376562 0.501562 0.403906 0.501562 0.403906 0.520312 0.376562 0.520312
0 0.227734 0.504687 0.250391 0.504687 0.250391 0.520833 0.227734 0.520833
0 0.231641 0.532812 0.257031 0.532812 0.257031 0.5625 0.231641 0.5625
0 0.254297 0.610417 0.280859 0.610417 0.280859 0.629688 0.254297 0.629688
0 0.319141 0.595312 0.346875 0.595312 0.346875 0.620833 0.319141 0.620833
0 0.288672 0.529688 0.305469 0.529688 0.305469 0.561979 0.288672 0.561979
0 0.060156 0.621875 0.078906 0.621875 0.078906 0.646354 0.060156 0.646354
0 0.107422 0.641146 0.138672 0.641146 0.138672 0.659896 0.107422 0.659896
0 0.132031 0.579688 0.157422 0.579688 0.157422 0.608854 0.132031 0.608854
0 0.164844 0.590104 0.185938 0.590104 0.185938 0.625 0.164844 0.625
0 0.203125 0.574479 0.219531 0.574479 0.219531 0.59375 0.203125 0.59375
0 0.160938 0.542708 0.182812 0.542708 0.182812 0.576042 0.160938 0.576042
0 0.113672 0.538542 0.145312 0.538542 0.145312 0.569792 0.113672 0.569792
0 0.052734 0.5 0.066016 0.5 0.066016 0.53125 0.052734 0.53125
0 0.080859 0.540625 0.112891 0.540625 0.112891 0.565625 0.080859 0.565625
0 0.083984 0.569792 0.119141 0.569792 0.119141 0.592188 0.083984 0.592188
0 0.107031 0.603125 0.13125 0.603125 0.13125 0.632812 0.107031 0.632812
0 0.079688 0.605729 0.101562 0.605729 0.101562 0.634896 0.079688 0.634896
0 0.137109 0.713021 0.158984 0.713021 0.158984 0.738542 0.137109 0.738542
0 0.150391 0.741146 0.173438 0.741146 0.173438 0.764583 0.150391 0.764583
0 0.115234 0.741146 0.132812 0.741146 0.132812 0.772917 0.115234 0.772917
0 0.069141 0.760417 0.095312 0.760417 0.095312 0.789062 0.069141 0.789062
0 0.041797 0.735417 0.075781 0.735417 0.075781 0.759375 0.041797 0.759375
0 0.024219 0.715104 0.058203 0.715104 0.058203 0.735417 0.024219 0.735417
0 0.673828 0.204167 0.693359 0.204167 0.693359 0.231771 0.673828 0.231771
0 0.640234 0.211458 0.659375 0.211458 0.659375 0.23125 0.640234 0.23125
0 0.614453 0.225 0.636328 0.225 0.636328 0.255729 0.614453 0.255729
0 0.673828 0.248958 0.689844 0.248958 0.689844 0.273438 0.673828 0.273438
0 0.651562 0.234896 0.674609 0.234896 0.674609 0.256771 0.651562 0.256771
0 0.617969 0.281771 0.640625 0.281771 0.640625 0.307812 0.617969 0.307812
0 0.583984 0.289583 0.609766 0.289583 0.609766 0.318229 0.583984 0.318229
0 0.648828 0.307812 0.675391 0.307812 0.675391 0.340625 0.648828 0.340625
0 0.696094 0.360417 0.716797 0.360417 0.716797 0.391667 0.696094 0.391667
0 0.626172 0.326562 0.648828 0.326562 0.648828 0.355208 0.626172 0.355208
0 0.583594 0.345312 0.607422 0.345312 0.607422 0.376042 0.583594 0.376042
0 0.581641 0.323958 0.6125 0.323958 0.6125 0.345833 0.581641 0.345833
0 0.592188 0.045312 0.616016 0.045312 0.616016 0.072917 0.592188 0.072917
0 0.601562 0.079688 0.621094 0.079688 0.621094 0.108333 0.601562 0.108333
0 0.566016 0.059896 0.591406 0.059896 0.591406 0.086979 0.566016 0.086979
0 0.586719 0.105729 0.605859 0.105729 0.605859 0.135417 0.586719 0.135417
0 0.622266 0.129688 0.640234 0.129688 0.640234 0.159375 0.622266 0.159375
0 0.64375 0.138542 0.667188 0.138542 0.667188 0.159896 0.64375 0.159896
0 0.635938 0.172396 0.663672 0.172396 0.663672 0.203125 0.635938 0.203125
0 0.572656 0.145312 0.591016 0.145312 0.591016 0.174479 0.572656 0.174479
0 0.563672 0.114062 0.580859 0.114062 0.580859 0.140104 0.563672 0.140104
0 0.658984 0.055729 0.684375 0.055729 0.684375 0.083333 0.658984 0.083333
0 0.630859 0.059896 0.655859 0.059896 0.655859 0.086458 0.630859 0.086458
0 0.665234 0.094271 0.691016 0.094271 0.691016 0.120833 0.665234 0.120833
0 0.692188 0.061979 0.711328 0.061979 0.711328 0.097396 0.692188 0.097396
0 0.616406 0.032812 0.636719 0.032812 0.636719 0.059375 0.616406 0.059375
0 0.639453 0.019792 0.664844 0.019792 0.664844 0.044271 0.639453 0.044271
0 0.75 0.888542 0.774609 0.888542 0.774609 0.916667 0.75 0.916667
0 0.667969 0.867188 0.695312 0.867188 0.695312 0.895833 0.667969 0.895833
0 0.717188 0.89375 0.739062 0.89375 0.739062 0.91875 0.717188 0.91875
0 0.69375 0.833333 0.7125 0.833333 0.7125 0.863542 0.69375 0.863542
0 0.664453 0.714583 0.689844 0.714583 0.689844 0.744792 0.664453 0.744792
0 0.679297 0.675 0.7125 0.675 0.7125 0.7 0.679297 0.7
0 0.804297 0.642188 0.832422 0.642188 0.832422 0.669792 0.804297 0.669792
0 0.805078 0.573438 0.833984 0.573438 0.833984 0.60625 0.805078 0.60625
0 0.935938 0.622917 0.960547 0.622917 0.960547 0.644792 0.935938 0.644792
0 0.915234 0.646875 0.938672 0.646875 0.938672 0.678125 0.915234 0.678125
0 0.850391 0.667708 0.876172 0.667708 0.876172 0.696354 0.850391 0.696354
0 0.883984 0.597396 0.909375 0.597396 0.909375 0.633854 0.883984 0.633854
0 0.853125 0.598438 0.877734 0.598438 0.877734 0.630208 0.853125 0.630208
0 0.700781 0.636458 0.721484 0.636458 0.721484 0.665104 0.700781 0.665104
0 0.733594 0.632812 0.758984 0.632812 0.758984 0.657812 0.733594 0.657812
0 0.716406 0.686979 0.730859 0.686979 0.730859 0.723438 0.716406 0.723438
0 0.650781 0.632292 0.680078 0.632292 0.680078 0.66875 0.650781 0.66875
0 0.620312 0.618229 0.649219 0.618229 0.649219 0.650521 0.620312 0.650521
0 0.602734 0.652083 0.636328 0.652083 0.636328 0.686979 0.602734 0.686979
0 0.629297 0.877604 0.655469 0.877604 0.655469 0.905208 0.629297 0.905208
0 0.648438 0.916146 0.667969 0.916146 0.667969 0.943229 0.648438 0.943229
0 0.619141 0.895833 0.645312 0.895833 0.645312 0.939062 0.619141 0.939062
0 0.678516 0.921354 0.70625 0.921354 0.70625 0.966146 0.678516 0.966146
0 0.708203 0.952604 0.736328 0.952604 0.736328 0.982812 0.708203 0.982812
0 0.6375 0.946354 0.665625 0.946354 0.665625 0.979167 0.6375 0.979167
0 0.505859 0.796875 0.523438 0.796875 0.523438 0.826562 0.505859 0.826562
0 0.511719 0.846875 0.528906 0.846875 0.528906 0.873438 0.511719 0.873438
0 0.480078 0.798958 0.499609 0.798958 0.499609 0.828646 0.480078 0.828646
0 0.466016 0.845833 0.492188 0.845833 0.492188 0.871354 0.466016 0.871354
0 0.457812 0.804688 0.475391 0.804688 0.475391 0.838021 0.457812 0.838021
0 0.032422 0.766146 0.057031 0.766146 0.057031 0.805208 0.032422 0.805208
0 0.033203 0.813021 0.060156 0.813021 0.060156 0.832292 0.033203 0.832292
0 0.060156 0.794792 0.085547 0.794792 0.085547 0.831771 0.060156 0.831771
0 0.110938 0.786458 0.137109 0.786458 0.137109 0.828125 0.110938 0.828125
0 0.1375 0.790104 0.1625 0.790104 0.1625 0.834375 0.1375 0.834375
0 0.034766 0.841146 0.068359 0.841146 0.068359 0.865625 0.034766 0.865625
0 0.01875 0.870833 0.052734 0.870833 0.052734 0.90625 0.01875 0.90625
0 0.025391 0.909896 0.057812 0.909896 0.057812 0.939583 0.025391 0.939583
0 0.069922 0.919792 0.107031 0.919792 0.107031 0.944271 0.069922 0.944271
0 0.067969 0.859375 0.087109 0.859375 0.087109 0.892708 0.067969 0.892708
0 0.091797 0.833333 0.116406 0.833333 0.116406 0.863542 0.091797 0.863542
0 0.125391 0.850521 0.146875 0.850521 0.146875 0.890625 0.125391 0.890625
0 0.172266 0.877604 0.194531 0.877604 0.194531 0.922917 0.172266 0.922917
0 0.090625 0.872917 0.107812 0.872917 0.107812 0.913021 0.090625 0.913021
0 0.112109 0.913542 0.132812 0.913542 0.132812 0.954167 0.112109 0.954167
0 0.043359 0.965104 0.060156 0.965104 0.060156 0.997396 0.043359 0.997396
0 0.1 0.965625 0.123438 0.965625 0.123438 0.990625 0.1 0.990625
0 0.148047 0.958854 0.168359 0.958854 0.168359 0.996354 0.148047 0.996354
0 0.148438 0.921875 0.185547 0.921875 0.185547 0.958854 0.148438 0.958854
0 0.1625 0.803125 0.187109 0.803125 0.187109 0.832812 0.1625 0.832812
0 0.213672 0.811979 0.2375 0.811979 0.2375 0.844271 0.213672 0.844271
0 0.319141 0.835417 0.343359 0.835417 0.343359 0.861979 0.319141 0.861979
0 0.297266 0.801042 0.314453 0.801042 0.314453 0.8375 0.297266 0.8375
0 0.313281 0.788542 0.342188 0.788542 0.342188 0.819792 0.313281 0.819792
0 0.309375 0.876042 0.324219 0.876042 0.324219 0.905729 0.309375 0.905729
0 0.330078 0.875521 0.352734 0.875521 0.352734 0.909896 0.330078 0.909896
0 0.294141 0.851042 0.317578 0.851042 0.317578 0.875521 0.294141 0.875521
0 0.380469 0.857292 0.409375 0.857292 0.409375 0.8875 0.380469 0.8875
0 0.380859 0.804167 0.400781 0.804167 0.400781 0.842188 0.380859 0.842188
0 0.363672 0.758333 0.379297 0.758333 0.379297 0.791146 0.363672 0.791146
0 0.333594 0.74375 0.355078 0.74375 0.355078 0.772396 0.333594 0.772396
0 0.310938 0.747917 0.330469 0.747917 0.330469 0.777604 0.310938 0.777604
0 0.271875 0.744792 0.3 0.744792 0.3 0.768229 0.271875 0.768229
0 0.267969 0.776562 0.3 0.776562 0.3 0.799479 0.267969 0.799479
0 0.412891 0.866146 0.436328 0.866146 0.436328 0.895312 0.412891 0.895312
0 0.441016 0.892708 0.464844 0.892708 0.464844 0.916667 0.441016 0.916667
0 0.377344 0.906771 0.39375 0.906771 0.39375 0.932812 0.377344 0.932812
0 0.358594 0.941667 0.382031 0.941667 0.382031 0.959896 0.358594 0.959896
0 0.423047 0.960938 0.451953 0.960938 0.451953 0.985417 0.423047 0.985417
0 0.418359 0.915625 0.442969 0.915625 0.442969 0.941146 0.418359 0.941146
0 0.454297 0.922917 0.480469 0.922917 0.480469 0.948958 0.454297 0.948958
0 0.49375 0.943229 0.517188 0.943229 0.517188 0.978646 0.49375 0.978646
0 0.460156 0.871354 0.485938 0.871354 0.485938 0.898438 0.460156 0.898438
0 0.263672 0.711458 0.287891 0.711458 0.287891 0.740104 0.263672 0.740104
0 0.311719 0.698438 0.328125 0.698438 0.328125 0.73125 0.311719 0.73125
0 0.346484 0.710938 0.367969 0.710938 0.367969 0.736979 0.346484 0.736979
0 0.40625 0.792188 0.426562 0.792188 0.426562 0.815104 0.40625 0.815104
0 0.439453 0.793229 0.455859 0.793229 0.455859 0.817708 0.439453 0.817708
0 0.448047 0.751042 0.474609 0.751042 0.474609 0.783854 0.448047 0.783854
0 0.40625 0.760417 0.430859 0.760417 0.430859 0.788542 0.40625 0.788542
0 0.419922 0.711979 0.44375 0.711979 0.44375 0.747396 0.419922 0.747396
0 0.397266 0.685417 0.415234 0.685417 0.415234 0.721354 0.397266 0.721354
0 0.329688 0.675521 0.354297 0.675521 0.354297 0.694271 0.329688 0.694271
0 0.058594 0.320833 0.087891 0.320833 0.087891 0.345312 0.058594 0.345312
0 0.060156 0.282812 0.08125 0.282812 0.08125 0.304688 0.060156 0.304688
0 0.047656 0.214583 0.080078 0.214583 0.080078 0.236979 0.047656 0.236979
0 0.084766 0.25625 0.113281 0.25625 0.113281 0.279167 0.084766 0.279167
0 0.067969 0.356771 0.083203 0.356771 0.083203 0.380729 0.067969 0.380729
0 0.089062 0.149479 0.113672 0.149479 0.113672 0.175 0.089062 0.175
0 0.125391 0.138542 0.145312 0.138542 0.145312 0.170312 0.125391 0.170312
0 0.154688 0.145833 0.178516 0.145833 0.178516 0.179688 0.154688 0.179688
0 0.218359 0.1625 0.246094 0.1625 0.246094 0.184375 0.218359 0.184375
0 0.248828 0.148958 0.264844 0.148958 0.264844 0.18125 0.248828 0.18125
0 0.061328 0.239062 0.079688 0.239062 0.079688 0.26875 0.061328 0.26875
0 0.103125 0.057292 0.132812 0.057292 0.132812 0.0875 0.103125 0.0875
0 0.074219 0.066146 0.102344 0.066146 0.102344 0.095312 0.074219 0.095312
0 0.079688 0.098958 0.110938 0.098958 0.110938 0.127083 0.079688 0.127083
0 0.146875 0.089583 0.167188 0.089583 0.167188 0.122396 0.146875 0.122396
0 0.176562 0.117708 0.198047 0.117708 0.198047 0.14375 0.176562 0.14375
0 0.184766 0.076562 0.204688 0.076562 0.204688 0.102604 0.184766 0.102604
0 0.249609 0.075521 0.271484 0.075521 0.271484 0.097917 0.249609 0.097917
0 0.263672 0.113542 0.292969 0.113542 0.292969 0.131771 0.263672 0.131771
0 0.275391 0.134896 0.297266 0.134896 0.297266 0.155208 0.275391 0.155208
0 0.232422 0.099479 0.250391 0.099479 0.250391 0.131771 0.232422 0.131771
0 0.208984 0.080208 0.227344 0.080208 0.227344 0.111458 0.208984 0.111458
0 0.301172 0.095312 0.330469 0.095312 0.330469 0.119792 0.301172 0.119792
0 0.307812 0.129167 0.330859 0.129167 0.330859 0.157292 0.307812 0.157292
0 0.285938 0.059375 0.314453 0.059375 0.314453 0.089583 0.285938 0.089583
0 0.233984 0.039583 0.258203 0.039583 0.258203 0.068229 0.233984 0.068229
0 0.147266 0.034375 0.167969 0.034375 0.167969 0.064583 0.147266 0.064583
0 0.19375 0.036979 0.214844 0.036979 0.214844 0.065625 0.19375 0.065625
0 0.268359 0.03125 0.290625 0.03125 0.290625 0.053646 0.268359 0.053646
0 0.328125 0.027083 0.346484 0.027083 0.346484 0.056771 0.328125 0.056771
0 0.342188 0.058854 0.364453 0.058854 0.364453 0.079688 0.342188 0.079688
0 0.365625 0.075 0.381641 0.075 0.381641 0.10625 0.365625 0.10625
0 0.395312 0.126562 0.415625 0.126562 0.415625 0.153646 0.395312 0.153646
0 0.380078 0.029688 0.401953 0.029688 0.401953 0.055729 0.380078 0.055729
0 0.419922 0.094271 0.435938 0.094271 0.435938 0.132812 0.419922 0.132812
0 0.792578 0.886979 0.833594 0.886979 0.833594 0.923958 0.792578 0.923958
0 0.801953 0.934375 0.830078 0.934375 0.830078 0.960417 0.801953 0.960417
0 0.780469 0.965104 0.802734 0.965104 0.802734 0.999479 0.780469 0.999479
0 0.883203 0.916667 0.907812 0.916667 0.907812 0.946354 0.883203 0.946354
0 0.866406 0.865625 0.888672 0.865625 0.888672 0.89375 0.866406 0.89375
0 0.838281 0.911458 0.850391 0.911458 0.850391 0.945312 0.838281 0.945312
0 0.946875 0.965104 0.962891 0.965104 0.962891 0.996875 0.946875 0.996875
0 0.919141 0.801562 0.941016 0.801562 0.941016 0.833854 0.919141 0.833854
0 0.941797 0.784375 0.969922 0.784375 0.969922 0.813021 0.941797 0.813021
0 0.762109 0.84375 0.786719 0.84375 0.786719 0.864583 0.762109 0.864583
0 0.726562 0.854167 0.743359 0.854167 0.743359 0.877604 0.726562 0.877604
0 0.955469 0.750521 0.986719 0.750521 0.986719 0.779167 0.955469 0.779167
0 0.919531 0.742708 0.946094 0.742708 0.946094 0.7625 0.919531 0.7625
0 0.878516 0.740625 0.909766 0.740625 0.909766 0.755729 0.878516 0.755729
0 0.886328 0.76875 0.907812 0.76875 0.907812 0.795312 0.886328 0.795312
0 0.623047 0.740625 0.648047 0.740625 0.648047 0.765104 0.623047 0.765104
0 0.59375 0.742708 0.616406 0.742708 0.616406 0.771354 0.59375 0.771354
0 0.742969 0.378646 0.768359 0.378646 0.768359 0.401562 0.742969 0.401562
0 0.728906 0.400521 0.744922 0.400521 0.744922 0.428125 0.728906 0.428125
0 0.749219 0.428125 0.778906 0.428125 0.778906 0.45 0.749219 0.45
0 0.758594 0.475 0.783594 0.475 0.783594 0.502604 0.758594 0.502604
0 0.694531 0.447917 0.718359 0.447917 0.718359 0.471354 0.694531 0.471354
0 0.682031 0.468229 0.710938 0.468229 0.710938 0.492708 0.682031 0.492708
0 0.845312 0.351562 0.866016 0.351562 0.866016 0.375 0.845312 0.375
0 0.788281 0.31875 0.807812 0.31875 0.807812 0.348438 0.788281 0.348438
0 0.759766 0.323438 0.781641 0.323438 0.781641 0.345312 0.759766 0.345312
0 0.805078 0.289062 0.827734 0.289062 0.827734 0.314062 0.805078 0.314062
0 0.844141 0.302604 0.874219 0.302604 0.874219 0.327604 0.844141 0.327604
0 0.912109 0.372917 0.934375 0.372917 0.934375 0.397917 0.912109 0.397917
0 0.926953 0.410417 0.947656 0.410417 0.947656 0.442188 0.926953 0.442188
0 0.899609 0.401562 0.917969 0.401562 0.917969 0.428125 0.899609 0.428125
0 0.873438 0.396354 0.893359 0.396354 0.893359 0.423438 0.873438 0.423438
0 0.888281 0.467708 0.912891 0.467708 0.912891 0.491146 0.888281 0.491146
0 0.884766 0.496354 0.908984 0.496354 0.908984 0.529688 0.884766 0.529688
0 0.853906 0.536979 0.879297 0.536979 0.879297 0.558333 0.853906 0.558333
0 0.926562 0.497917 0.946875 0.497917 0.946875 0.519271 0.926562 0.519271
0 0.938281 0.463542 0.960938 0.463542 0.960938 0.484896 0.938281 0.484896
0 0.957422 0.480208 0.973438 0.480208 0.973438 0.502083 0.957422 0.502083
0 0.74375 0.551042 0.762891 0.551042 0.762891 0.579167 0.74375 0.579167
0 0.76875 0.509375 0.792578 0.509375 0.792578 0.529167 0.76875 0.529167
0 0.821875 0.550521 0.845312 0.550521 0.845312 0.573438 0.821875 0.573438
0 0.850781 0.560938 0.877344 0.560938 0.877344 0.589062 0.850781 0.589062
0 0.890625 0.555208 0.909375 0.555208 0.909375 0.584375 0.890625 0.584375
0 0.658984 0.571875 0.688281 0.571875 0.688281 0.602604 0.658984 0.602604
0 0.617188 0.582812 0.645312 0.582812 0.645312 0.615625 0.617188 0.615625
0 0.577344 0.60625 0.603516 0.60625 0.603516 0.627604 0.577344 0.627604
0 0.587109 0.636458 0.613672 0.636458 0.613672 0.655208 0.587109 0.655208
0 0.553906 0.703125 0.578125 0.703125 0.578125 0.725 0.553906 0.725
0 0.689062 0.569271 0.714453 0.569271 0.714453 0.594792 0.689062 0.594792
0 0.703125 0.536979 0.722266 0.536979 0.722266 0.559896 0.703125 0.559896
0 0.717578 0.579688 0.742578 0.579688 0.742578 0.608854 0.717578 0.608854
0 0.882422 0.703646 0.908594 0.703646 0.908594 0.730729 0.882422 0.730729
0 0.888281 0.660938 0.908594 0.660938 0.908594 0.689062 0.888281 0.689062
0 0.912109 0.683333 0.933984 0.683333 0.933984 0.709375 0.912109 0.709375
0 0.845312 0.702604 0.876562 0.702604 0.876562 0.726042 0.845312 0.726042
0 0.925 0.553125 0.944141 0.553125 0.944141 0.575521 0.925 0.575521
0 0.920312 0.590625 0.939062 0.590625 0.939062 0.625 0.920312 0.625
0 0.953906 0.568229 0.971875 0.568229 0.971875 0.594271 0.953906 0.594271
0 0.713672 0.005208 0.740234 0.005208 0.740234 0.030729 0.713672 0.030729
0 0.702344 0.033854 0.735938 0.033854 0.735938 0.065625 0.702344 0.065625
0 0.730469 0.061979 0.749609 0.061979 0.749609 0.094792 0.730469 0.094792
0 0.748047 0.009896 0.774219 0.009896 0.774219 0.041146 0.748047 0.041146
0 0.779297 0.030729 0.805469 0.030729 0.805469 0.060417 0.779297 0.060417
0 0.809375 0.015104 0.835547 0.015104 0.835547 0.036458 0.809375 0.036458
0 0.864062 0.063021 0.882422 0.063021 0.882422 0.1 0.864062 0.1
0 0.831641 0.078646 0.848438 0.078646 0.848438 0.108854 0.831641 0.108854
0 0.783203 0.08125 0.808594 0.08125 0.808594 0.102083 0.783203 0.102083
0 0.766406 0.094792 0.783984 0.094792 0.783984 0.130729 0.766406 0.130729
0 0.74375 0.119271 0.767578 0.119271 0.767578 0.157812 0.74375 0.157812
0 0.780078 0.131771 0.803516 0.131771 0.803516 0.160938 0.780078 0.160938
0 0.825781 0.129688 0.855469 0.129688 0.855469 0.160417 0.825781 0.160417
0 0.879688 0.133333 0.901953 0.133333 0.901953 0.159375 0.879688 0.159375
0 0.900781 0.181771 0.919531 0.181771 0.919531 0.21875 0.900781 0.21875
0 0.928516 0.190625 0.948828 0.190625 0.948828 0.227083 0.928516 0.227083
0 0.833984 0.195833 0.851172 0.195833 0.851172 0.230729 0.833984 0.230729
0 0.795703 0.186458 0.821094 0.186458 0.821094 0.211458 0.795703 0.211458
0 0.778906 0.192188 0.801562 0.192188 0.801562 0.220312 0.778906 0.220312
0 0.776953 0.227083 0.803516 0.227083 0.803516 0.251563 0.776953 0.251563
0 0.735156 0.209896 0.755859 0.209896 0.755859 0.234375 0.735156 0.234375
0 0.707031 0.192188 0.723438 0.192188 0.723438 0.223958 0.707031 0.223958
0 0.758594 0.248958 0.779297 0.248958 0.779297 0.277604 0.758594 0.277604
0 0.798828 0.254167 0.823047 0.254167 0.823047 0.283854 0.798828 0.283854
0 0.832812 0.263021 0.85625 0.263021 0.85625 0.293229 0.832812 0.293229
0 0.858984 0.223958 0.883594 0.223958 0.883594 0.250521 0.858984 0.250521
0 0.889453 0.253125 0.908984 0.253125 0.908984 0.284375 0.889453 0.284375
0 0.910547 0.234375 0.945703 0.234375 0.945703 0.255208 0.910547 0.255208
0 0.849219 0.169792 0.866016 0.169792 0.866016 0.195833 0.849219 0.195833
0 0.961719 0.036458 0.978906 0.036458 0.978906 0.063021 0.961719 0.063021
0 0.944141 0.059375 0.967188 0.059375 0.967188 0.094792 0.944141 0.094792
0 0.983203 0.017188 0.999609 0.017188 0.999609 0.039062 0.983203 0.039062
0 0.981641 0.0 0.999609 0.0 0.999609 0.011979 0.981641 0.011979
0 0.987891 0.061458 0.999609 0.061458 0.999609 0.086458 0.987891 0.086458
0 0.982031 0.096354 0.999609 0.096354 0.999609 0.117188 0.982031 0.117188
0 0.51875 0.908854 0.546094 0.908854 0.546094 0.932812 0.51875 0.932812
0 0.525391 0.945312 0.555078 0.945312 0.555078 0.977604 0.525391 0.977604
0 0.452734 0.971354 0.477734 0.971354 0.477734 0.999479 0.452734 0.999479
0 0.973047 0.911979 0.999609 0.911979 0.999609 0.939062 0.973047 0.939062
0 0.967188 0.886458 0.997656 0.886458 0.997656 0.906771 0.967188 0.906771
0 0.816016 0.977604 0.835156 0.977604 0.835156 0.999479 0.816016 0.999479
0 0.119922 0.021354 0.153125 0.021354 0.153125 0.051042 0.119922 0.051042
0 0.044922 0.158333 0.06875 0.158333 0.06875 0.190625 0.044922 0.190625
0 0.460156 0.086458 0.475781 0.086458 0.475781 0.127604 0.460156 0.127604
0 0.443359 0.113021 0.457422 0.113021 0.457422 0.1375 0.443359 0.1375
0 0.459375 0.149479 0.478125 0.149479 0.478125 0.176042 0.459375 0.176042
0 0.421094 0.220312 0.445312 0.220312 0.445312 0.249479 0.421094 0.249479
0 0.867188 0.270312 0.890234 0.270312 0.890234 0.3 0.867188 0.3
0 0.86875 0.176042 0.8875 0.176042 0.8875 0.205729 0.86875 0.205729
0 0.256641 0.958854 0.272266 0.958854 0.272266 0.989583 0.256641 0.989583
0 0.194141 0.907812 0.214844 0.907812 0.214844 0.936979 0.194141 0.936979
0 0.18125 0.954167 0.205078 0.954167 0.205078 0.969792 0.18125 0.969792
0 0.206641 0.983854 0.226562 0.983854 0.226562 0.999479 0.206641 0.999479
0 0.612109 0.504167 0.625781 0.504167 0.625781 0.527083 0.612109 0.527083
0 0.705078 0.913021 0.721484 0.913021 0.721484 0.947917 0.705078 0.947917
0 0.953516 0.680208 0.973438 0.680208 0.973438 0.71875 0.953516 0.71875
0 0.480859 0.173958 0.496875 0.173958 0.496875 0.195312 0.480859 0.195312
0 0.169922 0.523958 0.196875 0.523958 0.196875 0.5375 0.169922 0.5375
0 0.192188 0.544792 0.2125 0.544792 0.2125 0.566146 0.192188 0.566146
0 0.035938 0.539583 0.068359 0.539583 0.068359 0.576562 0.035938 0.576562
0 0.196484 0.780208 0.214453 0.780208 0.214453 0.813542 0.196484 0.813542
0 0.416016 0.829688 0.440234 0.829688 0.440234 0.859375 0.416016 0.859375