0 0.114844 0.010938 0.135156 0.010938 0.135156 0.047396 0.114844 0.047396
0 0.153125 0.018229 0.175 0.018229 0.175 0.045833 0.153125 0.045833
0 0.216406 0.004688 0.235547 0.004688 0.235547 0.0375 0.216406 0.0375
0 0.260938 0.0 0.278516 0.0 0.278516 0.030208 0.260938 0.030208
0 0.278125 0.039583 0.298438 0.039583 0.298438 0.061458 0.278125 0.061458
0 0.303516 0.057812 0.322656 0.057812 0.322656 0.084896 0.303516 0.084896
0 0.331641 0.069792 0.359766 0.069792 0.359766 0.1125 0.331641 0.1125
0 0.315625 0.005729 0.337109 0.005729 0.337109 0.035938 0.315625 0.035938
0 0.154688 0.055729 0.171094 0.055729 0.171094 0.086979 0.154688 0.086979
0 0.183984 0.06875 0.201953 0.06875 0.201953 0.107292 0.183984 0.107292
0 0.218359 0.090625 0.241016 0.090625 0.241016 0.130729 0.218359 0.130729
0 0.23125 0.053125 0.246484 0.053125 0.246484 0.084375 0.23125 0.084375
0 0.255859 0.080729 0.267188 0.080729 0.267188 0.117188 0.255859 0.117188
0 0.258203 0.133854 0.280078 0.133854 0.280078 0.167708 0.258203 0.167708
0 0.2875 0.141667 0.303516 0.141667 0.303516 0.167708 0.2875 0.167708
0 0.298438 0.120833 0.315625 0.120833 0.315625 0.141667 0.298438 0.141667
0 0.326172 0.130729 0.347266 0.130729 0.347266 0.158333 0.326172 0.158333
0 0.338281 0.158333 0.369141 0.158333 0.369141 0.185938 0.338281 0.185938
0 0.275391 0.180208 0.292969 0.180208 0.292969 0.205208 0.275391 0.205208
0 0.113281 0.084896 0.1375 0.084896 0.1375 0.105208 0.113281 0.105208
0 0.147656 0.125521 0.164062 0.125521 0.164062 0.157292 0.147656 0.157292
0 0.18125 0.140104 0.196875 0.140104 0.196875 0.171354 0.18125 0.171354
0 0.205859 0.141146 0.225 0.141146 0.225 0.167708 0.205859 0.167708
0 0.207422 0.183854 0.224609 0.183854 0.224609 0.217188 0.207422 0.217188
0 0.242969 0.178646 0.262109 0.178646 0.262109 0.204167 0.242969 0.204167
0 0.151953 0.189583 0.168359 0.189583 0.168359 0.21875 0.151953 0.21875
0 0.165625 0.227083 0.190234 0.227083 0.190234 0.248958 0.165625 0.248958
0 0.109375 0.153646 0.132422 0.153646 0.132422 0.183333 0.109375 0.183333
0 0.108594 0.195833 0.129297 0.195833 0.129297 0.222396 0.108594 0.222396
0 0.116797 0.228125 0.143359 0.228125 0.143359 0.251042 0.116797 0.251042
0 0.099609 0.247396 0.117578 0.247396 0.117578 0.282812 0.099609 0.282812
0 0.084375 0.1 0.100391 0.1 0.100391 0.126562 0.084375 0.126562
0 0.171094 0.0 0.197656 0.0 0.197656 0.018229 0.171094 0.018229
0 0.240625 0.229167 0.258203 0.229167 0.258203 0.252604 0.240625 0.252604
0 0.270703 0.227604 0.295703 0.227604 0.295703 0.252083 0.270703 0.252083
0 0.299609 0.211979 0.323828 0.211979 0.323828 0.240625 0.299609 0.240625
0 0.329297 0.23125 0.350391 0.23125 0.350391 0.253125 0.329297 0.253125
0 0.402344 0.0 0.426172 0.0 0.426172 0.016146 0.402344 0.016146
0 0.402344 0.039583 0.421094 0.039583 0.421094 0.067188 0.402344 0.067188
0 0.432031 0.021354 0.456641 0.021354 0.456641 0.039583 0.432031 0.039583
0 0.460156 0.053646 0.476562 0.053646 0.476562 0.079688 0.460156 0.079688
0 0.429688 0.072396 0.451172 0.072396 0.451172 0.09375 0.429688 0.09375
0 0.403516 0.104688 0.424219 0.104688 0.424219 0.136458 0.403516 0.136458
0 0.386719 0.099479 0.405859 0.099479 0.405859 0.134375 0.386719 0.134375
0 0.442188 0.10625 0.463281 0.10625 0.463281 0.134896 0.442188 0.134896
0 0.470312 0.111979 0.494531 0.111979 0.494531 0.142188 0.470312 0.142188
0 0.485156 0.028125 0.502734 0.028125 0.502734 0.066146 0.485156 0.066146
0 0.508594 0.017188 0.527734 0.017188 0.527734 0.053646 0.508594 0.053646
0 0.435938 0.150521 0.453906 0.150521 0.453906 0.175521 0.435938 0.175521
0 0.458594 0.158333 0.481641 0.158333 0.481641 0.181771 0.458594 0.181771
0 0.435938 0.183854 0.464453 0.183854 0.464453 0.211979 0.435938 0.211979
0 0.609766 0.004688 0.635547 0.004688 0.635547 0.0375 0.609766 0.0375
0 0.596875 0.039583 0.628516 0.039583 0.628516 0.072396 0.596875 0.072396
0 0.601172 0.0875 0.624219 0.0875 0.624219 0.120312 0.601172 0.120312
0 0.579297 0.131771 0.598047 0.131771 0.598047 0.159896 0.579297 0.159896
0 0.608984 0.133854 0.632812 0.133854 0.632812 0.165625 0.608984 0.165625
0 0.594531 0.166667 0.618359 0.166667 0.618359 0.19375 0.594531 0.19375
0 0.621875 0.169792 0.641406 0.169792 0.641406 0.201562 0.621875 0.201562
0 0.639844 0.119271 0.66875 0.119271 0.66875 0.165625 0.639844 0.165625
0 0.661719 0.0875 0.696484 0.0875 0.696484 0.122396 0.661719 0.122396
0 0.66875 0.157812 0.695703 0.157812 0.695703 0.188021 0.66875 0.188021
0 0.689062 0.136979 0.711328 0.136979 0.711328 0.175521 0.689062 0.175521
0 0.646484 0.028125 0.66875 0.028125 0.66875 0.060938 0.646484 0.060938
0 0.653125 0.0 0.679688 0.0 0.679688 0.017188 0.653125 0.017188
0 0.697656 0.0 0.71875 0.0 0.71875 0.018229 0.697656 0.018229
0 0.672656 0.026042 0.694922 0.026042 0.694922 0.058854 0.672656 0.058854
0 0.698438 0.046354 0.720703 0.046354 0.720703 0.080208 0.698438 0.080208
0 0.722266 0.051042 0.744531 0.051042 0.744531 0.076042 0.722266 0.076042
0 0.734766 0.018229 0.758594 0.018229 0.758594 0.042188 0.734766 0.042188
0 0.768359 0.043229 0.798828 0.043229 0.798828 0.073438 0.768359 0.073438
0 0.801172 0.0125 0.827734 0.0125 0.827734 0.035417 0.801172 0.035417
0 0.7875 0.0 0.821875 0.0 0.821875 0.010417 0.7875 0.010417
0 0.814844 0.065625 0.828516 0.065625 0.828516 0.098438 0.814844 0.098438
0 0.840625 0.048958 0.860156 0.048958 0.860156 0.083854 0.840625 0.083854
0 0.731641 0.076042 0.761328 0.076042 0.761328 0.099479 0.731641 0.099479
0 0.768359 0.1 0.785156 0.1 0.785156 0.131771 0.768359 0.131771
0 0.722266 0.110938 0.749609 0.110938 0.749609 0.138021 0.722266 0.138021
0 0.7375 0.157292 0.757812 0.157292 0.757812 0.185938 0.7375 0.185938
0 0.788672 0.155208 0.811719 0.155208 0.811719 0.177083 0.788672 0.177083
0 0.782812 0.121354 0.808984 0.121354 0.808984 0.145312 0.782812 0.145312
0 0.820703 0.120312 0.839844 0.120312 0.839844 0.147396 0.820703 0.147396
0 0.912891 0.046354 0.9375 0.046354 0.9375 0.071354 0.912891 0.071354
0 0.898438 0.103125 0.912891 0.103125 0.912891 0.123438 0.898438 0.123438
0 0.908594 0.127083 0.933203 0.127083 0.933203 0.153125 0.908594 0.153125
0 0.935938 0.120312 0.950391 0.120312 0.950391 0.146354 0.935938 0.146354
0 0.882422 0.151042 0.896484 0.151042 0.896484 0.184896 0.882422 0.184896
0 0.907031 0.170312 0.936719 0.170312 0.936719 0.194792 0.907031 0.194792
0 0.949219 0.171354 0.970703 0.171354 0.970703 0.19375 0.949219 0.19375
0 0.969531 0.101562 0.994922 0.101562 0.994922 0.13125 0.969531 0.13125
0 0.713672 0.217708 0.734766 0.217708 0.734766 0.248438 0.713672 0.248438
0 0.579688 0.222396 0.610938 0.222396 0.610938 0.260417 0.579688 0.260417
0 0.611719 0.214062 0.639062 0.214062 0.639062 0.235417 0.611719 0.235417
0 0.669141 0.207292 0.703125 0.207292 0.703125 0.241146 0.669141 0.241146
0 0.740234 0.191667 0.773047 0.191667 0.773047 0.21875 0.740234 0.21875
0 0.739453 0.229688 0.766797 0.229688 0.766797 0.253125 0.739453 0.253125
0 0.784375 0.192708 0.803125 0.192708 0.803125 0.227083 0.784375 0.227083
0 0.863281 0.215104 0.896094 0.215104 0.896094 0.251042 0.863281 0.251042
0 0.919141 0.236458 0.947656 0.236458 0.947656 0.264062 0.919141 0.264062
0 0.885547 0.265104 0.905859 0.265104 0.905859 0.291146 0.885547 0.291146
0 0.916797 0.272396 0.938672 0.272396 0.938672 0.300521 0.916797 0.300521
0 0.945703 0.270833 0.972266 0.270833 0.972266 0.297917 0.945703 0.297917
0 0.964453 0.242708 0.988281 0.242708 0.988281 0.269792 0.964453 0.269792
0 0.974219 0.183333 0.999609 0.183333 0.999609 0.220312 0.974219 0.220312
0 0.5875 0.0 0.607031 0.0 0.607031 0.031771 0.5875 0.031771
0 0.219141 0.346354 0.251172 0.346354 0.251172 0.366667 0.219141 0.366667
0 0.2125 0.380729 0.232812 0.380729 0.232812 0.40625 0.2125 0.40625
0 0.245703 0.401042 0.266406 0.401042 0.266406 0.417188 0.245703 0.417188
0 0.23125 0.421354 0.254297 0.421354 0.254297 0.459896 0.23125 0.459896
0 0.178125 0.427604 0.201172 0.427604 0.201172 0.456771 0.178125 0.456771
0 0.112109 0.453646 0.134766 0.453646 0.134766 0.484375 0.112109 0.484375
0 0.096094 0.482292 0.115234 0.482292 0.115234 0.514583 0.096094 0.514583
0 0.050391 0.456771 0.072656 0.456771 0.072656 0.485417 0.050391 0.485417
0 0.052734 0.494271 0.070312 0.494271 0.070312 0.530729 0.052734 0.530729
0 0.025391 0.515625 0.042188 0.515625 0.042188 0.547917 0.025391 0.547917
0 0.070312 0.539062 0.088672 0.539062 0.088672 0.575521 0.070312 0.575521
0 0.097656 0.536979 0.11875 0.536979 0.11875 0.563542 0.097656 0.563542
0 0.15 0.555208 0.164453 0.555208 0.164453 0.582812 0.15 0.582812
0 0.137891 0.526042 0.151562 0.526042 0.151562 0.547396 0.137891 0.547396
0 0.166797 0.530729 0.185938 0.530729 0.185938 0.557292 0.166797 0.557292
0 0.198828 0.482292 0.219141 0.482292 0.219141 0.511458 0.198828 0.511458
0 0.227734 0.492188 0.248047 0.492188 0.248047 0.5125 0.227734 0.5125
0 0.211719 0.530729 0.229688 0.530729 0.229688 0.566667 0.211719 0.566667
0 0.292188 0.360417 0.314062 0.360417 0.314062 0.378646 0.292188 0.378646
0 0.288281 0.384896 0.312891 0.384896 0.312891 0.409896 0.288281 0.409896
0 0.275 0.416146 0.291406 0.416146 0.291406 0.442708 0.275 0.442708
0 0.304688 0.419792 0.330078 0.419792 0.330078 0.447396 0.304688 0.447396
0 0.285547 0.461979 0.303125 0.461979 0.303125 0.491146 0.285547 0.491146
0 0.271484 0.521354 0.29375 0.521354 0.29375 0.546875 0.271484 0.546875
0 0.237891 0.533333 0.253906 0.533333 0.253906 0.557292 0.237891 0.557292
0 0.317578 0.508333 0.347266 0.508333 0.347266 0.536979 0.317578 0.536979
0 0.363672 0.430729 0.380078 0.430729 0.380078 0.472917 0.363672 0.472917
0 0.332031 0.392188 0.35 0.392188 0.35 0.416146 0.332031 0.416146
0 0.333203 0.352083 0.35 0.352083 0.35 0.380208 0.333203 0.380208
0 0.35 0.334375 0.367578 0.334375 0.367578 0.368229 0.35 0.368229
0 0.357422 0.383333 0.372656 0.383333 0.372656 0.419792 0.357422 0.419792
0 0.407422 0.320833 0.422656 0.320833 0.422656 0.349479 0.407422 0.349479
0 0.447266 0.319271 0.462891 0.319271 0.462891 0.355729 0.447266 0.355729
0 0.468359 0.352083 0.488281 0.352083 0.488281 0.383333 0.468359 0.383333
0 0.401953 0.364583 0.422656 0.364583 0.422656 0.388542 0.401953 0.388542
0 0.432031 0.380208 0.454297 0.380208 0.454297 0.4125 0.432031 0.4125
0 0.410156 0.4125 0.428906 0.4125 0.428906 0.440104 0.410156 0.440104
0 0.428125 0.441667 0.45 0.441667 0.45 0.474479 0.428125 0.474479
0 0.4625 0.445312 0.483594 0.445312 0.483594 0.480208 0.4625 0.480208
0 0.500781 0.382292 0.521484 0.382292 0.521484 0.424479 0.500781 0.424479
0 0.517188 0.41875 0.536328 0.41875 0.536328 0.451562 0.517188 0.451562
0 0.482812 0.477604 0.504687 0.477604 0.504687 0.511979 0.482812 0.511979
0 0.516016 0.500521 0.538281 0.500521 0.538281 0.520312 0.516016 0.520312
0 0.429297 0.500521 0.458203 0.500521 0.458203 0.532292 0.429297 0.532292
0 0.454297 0.535938 0.480859 0.535938 0.480859 0.568229 0.454297 0.568229
0 0.495312 0.538542 0.521875 0.538542 0.521875 0.578125 0.495312 0.578125
0 0.476172 0.573438 0.498828 0.573438 0.498828 0.604688 0.476172 0.604688
0 0.4 0.464583 0.417188 0.464583 0.417188 0.504167 0.4 0.504167
0 0.369141 0.484896 0.386328 0.484896 0.386328 0.514062 0.369141 0.514062
0 0.032812 0.603646 0.054297 0.603646 0.054297 0.642188 0.032812 0.642188
0 0.008203 0.63125 0.023047 0.63125 0.023047 0.659375 0.008203 0.659375
0 0.022266 0.665625 0.045312 0.665625 0.045312 0.689062 0.022266 0.689062
0 0.005859 0.691667 0.031641 0.691667 0.031641 0.719792 0.005859 0.719792
0 0.017188 0.732292 0.043359 0.732292 0.043359 0.760938 0.017188 0.760938
0 0.039453 0.752083 0.059375 0.752083 0.059375 0.789583 0.039453 0.789583
0 0.06875 0.736979 0.082812 0.736979 0.082812 0.76875 0.06875 0.76875
0 0.080078 0.704167 0.107812 0.704167 0.107812 0.731771 0.080078 0.731771
0 0.054297 0.654688 0.074609 0.654688 0.074609 0.6875 0.054297 0.6875
0 0.073047 0.609896 0.090625 0.609896 0.090625 0.638542 0.073047 0.638542
0 0.095312 0.6 0.111719 0.6 0.111719 0.633333 0.095312 0.633333
0 0.082422 0.65625 0.105859 0.65625 0.105859 0.682292 0.082422 0.682292
0 0.122266 0.660938 0.145703 0.660938 0.145703 0.682292 0.122266 0.682292
0 0.119531 0.698958 0.134766 0.698958 0.134766 0.723958 0.119531 0.723958
0 0.143359 0.722917 0.161719 0.722917 0.161719 0.753646 0.143359 0.753646
0 0.164062 0.678125 0.192969 0.678125 0.192969 0.703646 0.164062 0.703646
0 0.157422 0.646875 0.178906 0.646875 0.178906 0.668229 0.157422 0.668229
0 0.151562 0.609896 0.173047 0.609896 0.173047 0.634896 0.151562 0.634896
0 0.123438 0.572917 0.145703 0.572917 0.145703 0.601562 0.123438 0.601562
0 0.015625 0.905729 0.038672 0.905729 0.038672 0.936458 0.015625 0.936458
0 0.006641 0.944271 0.028906 0.944271 0.028906 0.966667 0.006641 0.966667
0 0.0 0.966146 0.012891 0.966146 0.012891 0.99375 0.0 0.99375
0 0.046875 0.934375 0.071094 0.934375 0.071094 0.960938 0.046875 0.960938
0 0.028125 0.882292 0.049219 0.882292 0.049219 0.908333 0.028125 0.908333
0 0.060938 0.889583 0.088672 0.889583 0.088672 0.91875 0.060938 0.91875
0 0.0875 0.872396 0.108984 0.872396 0.108984 0.892188 0.0875 0.892188
0 0.130469 0.882812 0.161328 0.882812 0.161328 0.908333 0.130469 0.908333
0 0.067969 0.963021 0.098438 0.963021 0.098438 0.998438 0.067969 0.998438
0 0.109375 0.963021 0.127734 0.963021 0.127734 0.994792 0.109375 0.994792
0 0.144531 0.940625 0.169922 0.940625 0.169922 0.973958 0.144531 0.973958
0 0.172656 0.925521 0.191406 0.925521 0.191406 0.953646 0.172656 0.953646
0 0.096484 0.778125 0.115625 0.778125 0.115625 0.799479 0.096484 0.799479
0 0.119531 0.778125 0.134766 0.778125 0.134766 0.811979 0.119531 0.811979
0 0.141797 0.777604 0.155469 0.777604 0.155469 0.806771 0.141797 0.806771
0 0.106641 0.811979 0.123828 0.811979 0.123828 0.839583 0.106641 0.839583
0 0.100781 0.733854 0.125391 0.733854 0.125391 0.760417 0.100781 0.760417
0 0.176953 0.713021 0.205859 0.713021 0.205859 0.738021 0.176953 0.738021
0 0.1625 0.809896 0.180469 0.809896 0.180469 0.843229 0.1625 0.843229
0 0.205078 0.778646 0.226953 0.778646 0.226953 0.807292 0.205078 0.807292
0 0.181641 0.751042 0.204297 0.751042 0.204297 0.775 0.181641 0.775
0 0.189062 0.848438 0.21875 0.848438 0.21875 0.878125 0.189062 0.878125
0 0.167578 0.884375 0.182031 0.884375 0.182031 0.911979 0.167578 0.911979
0 0.209375 0.8875 0.228516 0.8875 0.228516 0.913021 0.209375 0.913021
0 0.250781 0.948438 0.271875 0.948438 0.271875 0.970833 0.250781 0.970833
0 0.277734 0.927083 0.30625 0.927083 0.30625 0.955208 0.277734 0.955208
0 0.299219 0.972396 0.316406 0.972396 0.316406 0.997396 0.299219 0.997396
0 0.335156 0.956771 0.360156 0.956771 0.360156 0.990625 0.335156 0.990625
0 0.323438 0.909896 0.347656 0.909896 0.347656 0.940625 0.323438 0.940625
0 0.308203 0.884375 0.332812 0.884375 0.332812 0.907812 0.308203 0.907812
0 0.282812 0.879688 0.299609 0.879688 0.299609 0.907812 0.282812 0.907812
0 0.308594 0.853646 0.331641 0.853646 0.331641 0.869792 0.308594 0.869792
0 0.346094 0.868229 0.362891 0.868229 0.362891 0.897917 0.346094 0.897917
0 0.363672 0.908854 0.387891 0.908854 0.387891 0.944271 0.363672 0.944271
0 0.383984 0.949479 0.402344 0.949479 0.402344 0.979688 0.383984 0.979688
0 0.386328 0.867188 0.407422 0.867188 0.407422 0.9 0.386328 0.9
0 0.41875 0.863542 0.447656 0.863542 0.447656 0.892708 0.41875 0.892708
0 0.422266 0.901042 0.444141 0.901042 0.444141 0.929167 0.422266 0.929167
0 0.439453 0.94375 0.4625 0.94375 0.4625 0.969271 0.439453 0.969271
0 0.235547 0.582812 0.252344 0.582812 0.252344 0.605208 0.235547 0.605208
0 0.250781 0.559896 0.26875 0.559896 0.26875 0.5875 0.250781 0.5875
0 0.218359 0.596875 0.2375 0.596875 0.2375 0.624479 0.218359 0.624479
0 0.249219 0.623958 0.266406 0.623958 0.266406 0.653646 0.249219 0.653646
0 0.266406 0.598438 0.283203 0.598438 0.283203 0.629688 0.266406 0.629688
0 0.2875 0.598438 0.312109 0.598438 0.312109 0.629688 0.2875 0.629688
0 0.306641 0.560938 0.324609 0.560938 0.324609 0.5875 0.306641 0.5875
0 0.358594 0.531771 0.374609 0.531771 0.374609 0.561979 0.358594 0.561979
0 0.316016 0.605729 0.335156 0.605729 0.335156 0.632292 0.316016 0.632292
0 0.359375 0.610417 0.379297 0.610417 0.379297 0.6375 0.359375 0.6375
0 0.276172 0.644271 0.290625 0.644271 0.290625 0.667188 0.276172 0.667188
0 0.332422 0.645833 0.358984 0.645833 0.358984 0.673438 0.332422 0.673438
0 0.286328 0.688542 0.307422 0.688542 0.307422 0.7125 0.286328 0.7125
0 0.279688 0.718229 0.302734 0.718229 0.302734 0.738542 0.279688 0.738542
0 0.317578 0.738021 0.337891 0.738021 0.337891 0.763542 0.317578 0.763542
0 0.289844 0.797396 0.316406 0.797396 0.316406 0.81875 0.289844 0.81875
0 0.323047 0.683333 0.335938 0.683333 0.335938 0.716146 0.323047 0.716146
0 0.354688 0.691146 0.375 0.691146 0.375 0.725 0.354688 0.725
0 0.372656 0.655729 0.384766 0.655729 0.384766 0.682812 0.372656 0.682812
0 0.418359 0.684375 0.431641 0.684375 0.431641 0.709896 0.418359 0.709896
0 0.407422 0.747396 0.437109 0.747396 0.437109 0.767708 0.407422 0.767708
0 0.442188 0.580208 0.458203 0.580208 0.458203 0.605729 0.442188 0.605729
0 0.50625 0.600521 0.533984 0.600521 0.533984 0.620833 0.50625 0.620833
0 0.470312 0.627083 0.498047 0.627083 0.498047 0.653125 0.470312 0.653125
0 0.505859 0.633333 0.536328 0.633333 0.536328 0.650521 0.505859 0.650521
0 0.465625 0.678125 0.492578 0.678125 0.492578 0.701042 0.465625 0.701042
0 0.448047 0.64375 0.471484 0.64375 0.471484 0.661458 0.448047 0.661458
0 0.504687 0.676042 0.524609 0.676042 0.524609 0.708854 0.504687 0.708854
0 0.530469 0.672917 0.553516 0.672917 0.553516 0.698438 0.530469 0.698438
0 0.527344 0.709375 0.548047 0.709375 0.548047 0.734896 0.527344 0.734896
0 0.483984 0.718229 0.511719 0.718229 0.511719 0.744792 0.483984 0.744792
0 0.457031 0.742708 0.482031 0.742708 0.482031 0.772917 0.457031 0.772917
0 0.448828 0.698438 0.469922 0.698438 0.469922 0.733333 0.448828 0.733333
0 0.428516 0.65 0.451562 0.65 0.451562 0.688542 0.428516 0.688542
0 0.501172 0.764062 0.527734 0.764062 0.527734 0.785417 0.501172 0.785417
0 0.463672 0.796354 0.489844 0.796354 0.489844 0.816667 0.463672 0.816667
0 0.425391 0.782812 0.446875 0.782812 0.446875 0.813542 0.425391 0.813542
0 0.502344 0.801562 0.528906 0.801562 0.528906 0.829688 0.502344 0.829688
0 0.53125 0.789062 0.553516 0.789062 0.553516 0.825 0.53125 0.825
0 0.476953 0.915104 0.500391 0.915104 0.500391 0.934896 0.476953 0.934896
0 0.510547 0.918229 0.528906 0.918229 0.528906 0.942188 0.510547 0.942188
0 0.480078 0.942188 0.508594 0.942188 0.508594 0.974479 0.480078 0.974479
0 0.678516 0.294271 0.700391 0.294271 0.700391 0.319271 0.678516 0.319271
0 0.641016 0.282812 0.669922 0.282812 0.669922 0.298958 0.641016 0.298958
0 0.641016 0.317188 0.674219 0.317188 0.674219 0.341667 0.641016 0.341667
0 0.750781 0.333854 0.779688 0.333854 0.779688 0.370312 0.750781 0.370312
0 0.616406 0.357812 0.645312 0.357812 0.645312 0.373438 0.616406 0.373438
0 0.664062 0.358854 0.697266 0.358854 0.697266 0.379167 0.664062 0.379167
0 0.641016 0.392708 0.665625 0.392708 0.665625 0.410938 0.641016 0.410938
0 0.616406 0.413021 0.641016 0.413021 0.641016 0.433854 0.616406 0.433854
0 0.601953 0.450521 0.632422 0.450521 0.632422 0.475521 0.601953 0.475521
0 0.660547 0.467708 0.678516 0.467708 0.678516 0.490104 0.660547 0.490104
0 0.673438 0.429167 0.696484 0.429167 0.696484 0.453125 0.673438 0.453125
0 0.682031 0.379167 0.703125 0.379167 0.703125 0.40625 0.682031 0.40625
0 0.711719 0.390625 0.730469 0.390625 0.730469 0.425521 0.711719 0.425521
0 0.736328 0.411979 0.750781 0.411979 0.750781 0.441667 0.736328 0.441667
0 0.763672 0.44375 0.778125 0.44375 0.778125 0.478125 0.763672 0.478125
0 0.794141 0.43125 0.811328 0.43125 0.811328 0.45625 0.794141 0.45625
0 0.821484 0.448438 0.85625 0.448438 0.85625 0.476562 0.821484 0.476562
0 0.717578 0.460938 0.738672 0.460938 0.738672 0.499479 0.717578 0.499479
0 0.691016 0.444792 0.711719 0.444792 0.711719 0.469792 0.691016 0.469792
0 0.947266 0.325521 0.976172 0.325521 0.976172 0.353125 0.947266 0.353125
0 0.969922 0.376562 0.994531 0.376562 0.994531 0.399479 0.969922 0.399479
0 0.945703 0.376562 0.9625 0.376562 0.9625 0.396875 0.945703 0.396875
0 0.909375 0.369271 0.938281 0.369271 0.938281 0.388542 0.909375 0.388542
0 0.9 0.391667 0.93125 0.391667 0.93125 0.414062 0.9 0.414062
0 0.871094 0.426042 0.895703 0.426042 0.895703 0.45625 0.871094 0.45625
0 0.830859 0.389583 0.857422 0.389583 0.857422 0.419792 0.830859 0.419792
0 0.927344 0.421875 0.941797 0.421875 0.941797 0.448438 0.927344 0.448438
0 0.950391 0.432292 0.960938 0.432292 0.960938 0.454688 0.950391 0.454688
0 0.982031 0.442188 0.996094 0.442188 0.996094 0.463542 0.982031 0.463542
0 0.895703 0.475521 0.910938 0.475521 0.910938 0.493229 0.895703 0.493229
0 0.877344 0.491146 0.894922 0.491146 0.894922 0.513542 0.877344 0.513542
0 0.884766 0.528646 0.915234 0.528646 0.915234 0.548958 0.884766 0.548958
0 0.838672 0.509375 0.857422 0.509375 0.857422 0.535417 0.838672 0.535417
0 0.863672 0.531771 0.895703 0.531771 0.895703 0.568229 0.863672 0.568229
0 0.85625 0.564062 0.888672 0.564062 0.888672 0.589583 0.85625 0.589583
0 0.8 0.480729 0.817969 0.480729 0.817969 0.517188 0.8 0.517188
0 0.81875 0.480729 0.839453 0.480729 0.839453 0.509375 0.81875 0.509375
0 0.651172 0.513542 0.678516 0.513542 0.678516 0.539062 0.651172 0.539062
0 0.686328 0.495312 0.709375 0.495312 0.709375 0.519792 0.686328 0.519792
0 0.713672 0.535417 0.73125 0.535417 0.73125 0.564583 0.713672 0.564583
0 0.736328 0.530208 0.753516 0.530208 0.753516 0.564062 0.736328 0.564062
0 0.670312 0.54375 0.705859 0.54375 0.705859 0.577604 0.670312 0.577604
0 0.645703 0.582812 0.663672 0.582812 0.663672 0.614062 0.645703 0.614062
0 0.705859 0.590625 0.723828 0.590625 0.723828 0.624479 0.705859 0.624479
0 0.651172 0.630729 0.669531 0.630729 0.669531 0.65625 0.651172 0.65625
0 0.678516 0.630729 0.701172 0.630729 0.701172 0.667188 0.678516 0.667188
0 0.723828 0.638021 0.745312 0.638021 0.745312 0.665625 0.723828 0.665625
0 0.701953 0.655208 0.726562 0.655208 0.726562 0.689062 0.701953 0.689062
0 0.741016 0.661979 0.752734 0.661979 0.752734 0.6875 0.741016 0.6875
0 0.761719 0.635417 0.785547 0.635417 0.785547 0.663542 0.761719 0.663542
0 0.759375 0.575 0.784766 0.575 0.784766 0.605208 0.759375 0.605208
0 0.792578 0.564062 0.8125 0.564062 0.8125 0.597917 0.792578 0.597917
0 0.781641 0.525521 0.802734 0.525521 0.802734 0.552604 0.781641 0.552604
0 0.828906 0.551042 0.846094 0.551042 0.846094 0.577604 0.828906 0.577604
0 0.810156 0.619792 0.825391 0.619792 0.825391 0.655208 0.810156 0.655208
0 0.628516 0.677604 0.647656 0.677604 0.647656 0.702083 0.628516 0.702083
0 0.656641 0.696354 0.674609 0.696354 0.674609 0.720312 0.656641 0.720312
0 0.644141 0.722396 0.662109 0.722396 0.662109 0.742188 0.644141 0.742188
0 0.669141 0.677604 0.689453 0.677604 0.689453 0.707812 0.669141 0.707812
0 0.725391 0.705729 0.755469 0.705729 0.755469 0.735938 0.725391 0.735938
0 0.710938 0.750521 0.757422 0.750521 0.757422 0.788021 0.710938 0.788021
0 0.694922 0.953125 0.717188 0.953125 0.717188 0.982812 0.694922 0.982812
0 0.736328 0.910938 0.754297 0.910938 0.754297 0.942708 0.736328 0.942708
0 0.770312 0.910938 0.782812 0.910938 0.782812 0.95 0.770312 0.95
0 0.801953 0.913021 0.814844 0.913021 0.814844 0.934375 0.801953 0.934375
0 0.811328 0.941667 0.839062 0.941667 0.839062 0.966667 0.811328 0.966667
0 0.803125 0.978125 0.841016 0.978125 0.841016 0.999479 0.803125 0.999479
0 0.826172 0.885417 0.848438 0.885417 0.848438 0.91875 0.826172 0.91875
0 0.823828 0.852604 0.850391 0.852604 0.850391 0.88125 0.823828 0.88125
0 0.813672 0.834896 0.833984 0.834896 0.833984 0.856771 0.813672 0.856771
0 0.801172 0.806771 0.826172 0.806771 0.826172 0.830208 0.801172 0.830208
0 0.86875 0.796354 0.890625 0.796354 0.890625 0.827604 0.86875 0.827604
0 0.864453 0.857292 0.878906 0.857292 0.878906 0.890625 0.864453 0.890625
0 0.896875 0.890625 0.914062 0.890625 0.914062 0.919271 0.896875 0.919271
0 0.905469 0.933333 0.930078 0.933333 0.930078 0.958854 0.905469 0.958854
0 0.978516 0.610417 0.999219 0.610417 0.999219 0.626042 0.978516 0.626042
0 0.964062 0.634896 0.978125 0.634896 0.978125 0.658333 0.964062 0.658333
0 0.944531 0.668229 0.963281 0.668229 0.963281 0.69375 0.944531 0.69375
0 0.972656 0.677604 0.991406 0.677604 0.991406 0.701562 0.972656 0.701562
0 0.930469 0.7125 0.95 0.7125 0.95 0.736979 0.930469 0.736979
0 0.95625 0.73125 0.972656 0.73125 0.972656 0.760938 0.95625 0.760938
0 0.9375 0.759375 0.959766 0.759375 0.959766 0.774479 0.9375 0.774479
0 0.982031 0.734375 0.998828 0.734375 0.998828 0.764062 0.982031 0.764062
0 0.962109 0.817708 0.989844 0.817708 0.989844 0.833333 0.962109 0.833333
0 0.990625 0.642708 0.999609 0.642708 0.999609 0.675521 0.990625 0.675521
0 0.873828 0.959375 0.896875 0.959375 0.896875 0.972396 0.873828 0.972396
0 0.870703 0.910938 0.884766 0.910938 0.884766 0.934896 0.870703 0.934896
0 0.841406 0.798438 0.858594 0.798438 0.858594 0.832292 0.841406 0.832292
0 0.741016 0.954688 0.765234 0.954688 0.765234 0.979688 0.741016 0.979688
0 0.778906 0.967188 0.796484 0.967188 0.796484 0.985938 0.778906 0.985938