0 0.036719 0.027083 0.055469 0.027083 0.055469 0.055208 0.036719 0.055208
0 0.038281 0.071354 0.060156 0.071354 0.060156 0.098958 0.038281 0.098958
0 0.032422 0.109375 0.056641 0.109375 0.056641 0.132292 0.032422 0.132292
0 0.121094 0.107292 0.145312 0.107292 0.145312 0.131771 0.121094 0.131771
0 0.119531 0.146875 0.141016 0.146875 0.141016 0.175 0.119531 0.175
0 0.154297 0.132292 0.176562 0.132292 0.176562 0.160417 0.154297 0.160417
0 0.206641 0.108854 0.223047 0.108854 0.223047 0.141146 0.206641 0.141146
0 0.241406 0.095833 0.258984 0.095833 0.258984 0.130729 0.241406 0.130729
0 0.265234 0.098438 0.283594 0.098438 0.283594 0.130208 0.265234 0.130208
0 0.294531 0.098958 0.314062 0.098958 0.314062 0.132292 0.294531 0.132292
0 0.267578 0.143229 0.290625 0.143229 0.290625 0.166146 0.267578 0.166146
0 0.317188 0.186979 0.335156 0.186979 0.335156 0.222396 0.317188 0.222396
0 0.085547 0.079167 0.104297 0.079167 0.104297 0.109896 0.085547 0.109896
0 0.122266 0.059896 0.145312 0.059896 0.145312 0.083333 0.122266 0.083333
0 0.151172 0.076562 0.171875 0.076562 0.171875 0.101042 0.151172 0.101042
0 0.203125 0.067188 0.219922 0.067188 0.219922 0.091667 0.203125 0.091667
0 0.207031 0.027083 0.226562 0.027083 0.226562 0.055208 0.207031 0.055208
0 0.054688 0.144792 0.071094 0.144792 0.071094 0.177604 0.054688 0.177604
0 0.034375 0.172917 0.052344 0.172917 0.052344 0.197396 0.034375 0.197396
0 0.077734 0.190104 0.101172 0.190104 0.101172 0.214583 0.077734 0.214583
0 0.072266 0.028646 0.092578 0.028646 0.092578 0.053646 0.072266 0.053646
0 0.118359 0.246875 0.142188 0.246875 0.142188 0.268229 0.118359 0.268229
0 0.16875 0.281771 0.185938 0.281771 0.185938 0.304167 0.16875 0.304167
0 0.045703 0.286979 0.062891 0.286979 0.062891 0.318229 0.045703 0.318229
0 0.078906 0.144792 0.098047 0.144792 0.098047 0.16875 0.078906 0.16875
0 0.266406 0.054688 0.285156 0.054688 0.285156 0.086979 0.266406 0.086979
0 0.285938 0.016667 0.305078 0.016667 0.305078 0.052604 0.285938 0.052604
0 0.262109 0.008854 0.282812 0.008854 0.282812 0.040104 0.262109 0.040104
0 0.321484 0.036458 0.339453 0.036458 0.339453 0.066667 0.321484 0.066667
0 0.116797 0.021354 0.137891 0.021354 0.137891 0.046875 0.116797 0.046875
0 0.019922 0.134375 0.043359 0.134375 0.043359 0.159896 0.019922 0.159896
0 0.019922 0.332812 0.040234 0.332812 0.040234 0.354167 0.019922 0.354167
0 0.102344 0.309896 0.123828 0.309896 0.123828 0.329167 0.102344 0.329167
0 0.094922 0.339062 0.116797 0.339062 0.116797 0.360417 0.094922 0.360417
0 0.085547 0.36875 0.1 0.36875 0.1 0.395312 0.085547 0.395312
0 0.059375 0.373438 0.076562 0.373438 0.076562 0.404688 0.059375 0.404688
0 0.035938 0.353125 0.055078 0.353125 0.055078 0.376562 0.035938 0.376562
0 0.012891 0.411458 0.0375 0.411458 0.0375 0.434896 0.012891 0.434896
0 0.058203 0.418229 0.079297 0.418229 0.079297 0.441146 0.058203 0.441146
0 0.092188 0.407292 0.111719 0.407292 0.111719 0.434896 0.092188 0.434896
0 0.123047 0.367188 0.141797 0.367188 0.141797 0.397917 0.123047 0.397917
0 0.159375 0.341146 0.178906 0.341146 0.178906 0.369271 0.159375 0.369271
0 0.167969 0.373438 0.185156 0.373438 0.185156 0.4 0.167969 0.4
0 0.158984 0.414583 0.176172 0.414583 0.176172 0.446354 0.158984 0.446354
0 0.209375 0.375 0.228516 0.375 0.228516 0.404167 0.209375 0.404167
0 0.048828 0.445833 0.071094 0.445833 0.071094 0.469792 0.048828 0.469792
0 0.101172 0.456771 0.121094 0.456771 0.121094 0.482812 0.101172 0.482812
0 0.128906 0.498438 0.154688 0.498438 0.154688 0.521875 0.128906 0.521875
0 0.130859 0.434896 0.154688 0.434896 0.154688 0.457812 0.130859 0.457812
0 0.190625 0.440104 0.208594 0.440104 0.208594 0.472396 0.190625 0.472396
0 0.217188 0.421354 0.236719 0.421354 0.236719 0.450521 0.217188 0.450521
0 0.211328 0.479688 0.234375 0.479688 0.234375 0.5 0.211328 0.5
0 0.003906 0.498438 0.023438 0.498438 0.023438 0.528646 0.003906 0.528646
0 0.082812 0.523958 0.1 0.523958 0.1 0.55 0.082812 0.55
0 0.058203 0.546354 0.076562 0.546354 0.076562 0.579167 0.058203 0.579167
0 0.10625 0.528646 0.119531 0.528646 0.119531 0.555729 0.10625 0.555729
0 0.148047 0.548438 0.169531 0.548438 0.169531 0.580729 0.148047 0.580729
0 0.212891 0.534375 0.233203 0.534375 0.233203 0.569792 0.212891 0.569792
0 0.205078 0.315104 0.223438 0.315104 0.223438 0.345312 0.205078 0.345312
0 0.242578 0.338542 0.262109 0.338542 0.262109 0.368229 0.242578 0.368229
0 0.276172 0.331771 0.29375 0.331771 0.29375 0.360417 0.276172 0.360417
0 0.246484 0.396354 0.264062 0.396354 0.264062 0.426562 0.246484 0.426562
0 0.271875 0.422396 0.289844 0.422396 0.289844 0.449479 0.271875 0.449479
0 0.100391 0.275521 0.122656 0.275521 0.122656 0.294271 0.100391 0.294271
0 0.074609 0.597917 0.102734 0.597917 0.102734 0.620833 0.074609 0.620833
0 0.114844 0.566667 0.132812 0.566667 0.132812 0.599479 0.114844 0.599479
0 0.082812 0.639062 0.101562 0.639062 0.101562 0.659896 0.082812 0.659896
0 0.108594 0.634896 0.125781 0.634896 0.125781 0.660938 0.108594 0.660938
0 0.042578 0.624479 0.057812 0.624479 0.057812 0.648958 0.042578 0.648958
0 0.014062 0.589062 0.03125 0.589062 0.03125 0.616667 0.014062 0.616667
0 0.021875 0.663021 0.041406 0.663021 0.041406 0.688021 0.021875 0.688021
0 0.046875 0.690625 0.066016 0.690625 0.066016 0.721354 0.046875 0.721354
0 0.076953 0.695833 0.095703 0.695833 0.095703 0.725 0.076953 0.725
0 0.107031 0.679688 0.125781 0.679688 0.125781 0.707812 0.107031 0.707812
0 0.135547 0.676562 0.155469 0.676562 0.155469 0.708333 0.135547 0.708333
0 0.178906 0.668229 0.198438 0.668229 0.198438 0.7 0.178906 0.7
0 0.165234 0.70625 0.185547 0.70625 0.185547 0.734375 0.165234 0.734375
0 0.154297 0.601562 0.175391 0.601562 0.175391 0.625521 0.154297 0.625521
0 0.1875 0.570312 0.202734 0.570312 0.202734 0.598438 0.1875 0.598438
0 0.20625 0.603125 0.225781 0.603125 0.225781 0.636979 0.20625 0.636979
0 0.182031 0.757292 0.203125 0.757292 0.203125 0.79375 0.182031 0.79375
0 0.212891 0.776042 0.233203 0.776042 0.233203 0.808333 0.212891 0.808333
0 0.23125 0.735938 0.253516 0.735938 0.253516 0.767188 0.23125 0.767188
0 0.209766 0.696875 0.227734 0.696875 0.227734 0.725521 0.209766 0.725521
0 0.246094 0.692708 0.263281 0.692708 0.263281 0.720312 0.246094 0.720312
0 0.239062 0.604688 0.257031 0.604688 0.257031 0.641667 0.239062 0.641667
0 0.261328 0.615625 0.279297 0.615625 0.279297 0.65 0.261328 0.65
0 0.128516 0.724479 0.148438 0.724479 0.148438 0.747396 0.128516 0.747396
0 0.113281 0.769792 0.130469 0.769792 0.130469 0.801042 0.113281 0.801042
0 0.026562 0.753646 0.047656 0.753646 0.047656 0.784375 0.026562 0.784375
0 0.064453 0.754688 0.083594 0.754688 0.083594 0.788542 0.064453 0.788542
0 0.091016 0.782292 0.110547 0.782292 0.110547 0.808854 0.091016 0.808854
0 0.023047 0.820833 0.046875 0.820833 0.046875 0.846875 0.023047 0.846875
0 0.264453 0.560938 0.283203 0.560938 0.283203 0.592708 0.264453 0.592708
0 0.25625 0.467708 0.275 0.467708 0.275 0.497917 0.25625 0.497917
0 0.247266 0.521354 0.264453 0.521354 0.264453 0.549479 0.247266 0.549479
0 0.272656 0.513542 0.289062 0.513542 0.289062 0.542188 0.272656 0.542188
0 0.334375 0.480208 0.354297 0.480208 0.354297 0.510938 0.334375 0.510938
0 0.348438 0.36875 0.363672 0.36875 0.363672 0.4 0.348438 0.4
0 0.366406 0.36875 0.385156 0.36875 0.385156 0.395312 0.366406 0.395312
0 0.366016 0.421354 0.385938 0.421354 0.385938 0.449479 0.366016 0.449479
0 0.374219 0.470833 0.396875 0.470833 0.396875 0.499479 0.374219 0.499479
0 0.348438 0.522917 0.371094 0.522917 0.371094 0.548438 0.348438 0.548438
0 0.289062 0.365625 0.305859 0.365625 0.305859 0.390625 0.289062 0.390625
0 0.335547 0.591667 0.357422 0.591667 0.357422 0.618229 0.335547 0.618229
0 0.357422 0.560417 0.376562 0.560417 0.376562 0.588021 0.357422 0.588021
0 0.383594 0.527083 0.407031 0.527083 0.407031 0.551042 0.383594 0.551042
0 0.380469 0.576042 0.396484 0.576042 0.396484 0.605729 0.380469 0.605729
0 0.367188 0.617188 0.383984 0.617188 0.383984 0.644792 0.367188 0.644792
0 0.336328 0.677604 0.361328 0.677604 0.361328 0.702604 0.336328 0.702604
0 0.3875 0.636979 0.409766 0.636979 0.409766 0.665625 0.3875 0.665625
0 0.4 0.602604 0.420312 0.602604 0.420312 0.630729 0.4 0.630729
0 0.336719 0.716146 0.362109 0.716146 0.362109 0.742708 0.336719 0.742708
0 0.380078 0.693229 0.399219 0.693229 0.399219 0.722396 0.380078 0.722396
0 0.391016 0.122396 0.410547 0.122396 0.410547 0.146875 0.391016 0.146875
0 0.367578 0.159375 0.390234 0.159375 0.390234 0.185417 0.367578 0.185417
0 0.410938 0.143229 0.430078 0.143229 0.430078 0.168229 0.410938 0.168229
0 0.365625 0.063021 0.380469 0.063021 0.380469 0.094271 0.365625 0.094271
0 0.389453 0.040104 0.408203 0.040104 0.408203 0.074479 0.389453 0.074479
0 0.358594 0.030208 0.373047 0.030208 0.373047 0.057812 0.358594 0.057812
0 0.402734 0.073438 0.426953 0.073438 0.426953 0.096875 0.402734 0.096875
0 0.439062 0.330729 0.464844 0.330729 0.464844 0.357292 0.439062 0.357292
0 0.430469 0.36875 0.451562 0.36875 0.451562 0.393229 0.430469 0.393229
0 0.405078 0.3625 0.423047 0.3625 0.423047 0.384896 0.405078 0.384896
0 0.391016 0.325 0.413281 0.325 0.413281 0.346875 0.391016 0.346875
0 0.428906 0.415625 0.453125 0.415625 0.453125 0.439583 0.428906 0.439583
0 0.460156 0.411458 0.475781 0.411458 0.475781 0.433854 0.460156 0.433854
0 0.475 0.396875 0.492188 0.396875 0.492188 0.422396 0.475 0.422396
0 0.492188 0.344271 0.511719 0.344271 0.511719 0.368229 0.492188 0.368229
0 0.389062 0.405208 0.407812 0.405208 0.407812 0.428125 0.389062 0.428125
0 0.447266 0.235417 0.466406 0.235417 0.466406 0.260938 0.447266 0.260938
0 0.408203 0.245833 0.428906 0.245833 0.428906 0.271875 0.408203 0.271875
0 0.430859 0.215104 0.449609 0.215104 0.449609 0.2375 0.430859 0.2375
0 0.475 0.206771 0.495703 0.206771 0.495703 0.232812 0.475 0.232812
0 0.476172 0.25625 0.49375 0.25625 0.49375 0.2875 0.476172 0.2875
0 0.502344 0.258333 0.522266 0.258333 0.522266 0.289062 0.502344 0.289062
0 0.427734 0.29375 0.454297 0.29375 0.454297 0.317188 0.427734 0.317188
0 0.48125 0.297917 0.505078 0.297917 0.505078 0.319792 0.48125 0.319792
0 0.384375 0.283854 0.406641 0.283854 0.406641 0.305729 0.384375 0.305729
0 0.526562 0.223958 0.549609 0.223958 0.549609 0.255729 0.526562 0.255729
0 0.489844 0.16875 0.510938 0.16875 0.510938 0.198958 0.489844 0.198958
0 0.524219 0.165625 0.541406 0.165625 0.541406 0.196354 0.524219 0.196354
0 0.548438 0.167708 0.566016 0.167708 0.566016 0.195833 0.548438 0.195833
0 0.574219 0.15625 0.589453 0.15625 0.589453 0.182292 0.574219 0.182292
0 0.566406 0.214583 0.586328 0.214583 0.586328 0.242188 0.566406 0.242188
0 0.589453 0.198438 0.611328 0.198438 0.611328 0.228646 0.589453 0.228646
0 0.619531 0.180729 0.639062 0.180729 0.639062 0.209375 0.619531 0.209375
0 0.615625 0.229167 0.635156 0.229167 0.635156 0.260417 0.615625 0.260417
0 0.587109 0.267708 0.605078 0.267708 0.605078 0.295833 0.587109 0.295833
0 0.605469 0.298438 0.631641 0.298438 0.631641 0.326562 0.605469 0.326562
0 0.442578 0.182292 0.464062 0.182292 0.464062 0.206771 0.442578 0.206771
0 0.530078 0.332292 0.553125 0.332292 0.553125 0.358854 0.530078 0.358854
0 0.544141 0.282292 0.564844 0.282292 0.564844 0.305729 0.544141 0.305729
0 0.651562 0.252604 0.671094 0.252604 0.671094 0.280729 0.651562 0.280729
0 0.564453 0.438542 0.588281 0.438542 0.588281 0.467708 0.564453 0.467708
0 0.509766 0.408854 0.532031 0.408854 0.532031 0.433854 0.509766 0.433854
0 0.498438 0.430208 0.517188 0.430208 0.517188 0.456771 0.498438 0.456771
0 0.404688 0.460417 0.427344 0.460417 0.427344 0.486458 0.404688 0.486458
0 0.421094 0.434896 0.442578 0.434896 0.442578 0.458333 0.421094 0.458333
0 0.425 0.492708 0.448438 0.492708 0.448438 0.516667 0.425 0.516667
0 0.460938 0.479167 0.479688 0.479167 0.479688 0.510417 0.460938 0.510417
0 0.523047 0.452604 0.544141 0.452604 0.544141 0.479688 0.523047 0.479688
0 0.515234 0.486979 0.536719 0.486979 0.536719 0.510938 0.515234 0.510938
0 0.46875 0.5125 0.496094 0.5125 0.496094 0.536979 0.46875 0.536979
0 0.544531 0.371354 0.565234 0.371354 0.565234 0.392708 0.544531 0.392708
0 0.569531 0.348958 0.589844 0.348958 0.589844 0.379167 0.569531 0.379167
0 0.598438 0.352604 0.616016 0.352604 0.616016 0.378125 0.598438 0.378125
0 0.605469 0.395312 0.624219 0.395312 0.624219 0.421875 0.605469 0.421875
0 0.633984 0.422396 0.655469 0.422396 0.655469 0.447917 0.633984 0.447917
0 0.573047 0.496354 0.596875 0.496354 0.596875 0.522396 0.573047 0.522396
0 0.629297 0.500521 0.647266 0.500521 0.647266 0.522917 0.629297 0.522917
0 0.641016 0.380208 0.657812 0.380208 0.657812 0.410938 0.641016 0.410938
0 0.658594 0.354167 0.676562 0.354167 0.676562 0.386458 0.658594 0.386458
0 0.160938 0.7875 0.183594 0.7875 0.183594 0.816146 0.160938 0.816146
0 0.164453 0.839583 0.183594 0.839583 0.183594 0.866146 0.164453 0.866146
0 0.136328 0.830208 0.15625 0.830208 0.15625 0.858333 0.136328 0.858333
0 0.102734 0.830208 0.123047 0.830208 0.123047 0.860417 0.102734 0.860417
0 0.076562 0.85625 0.098047 0.85625 0.098047 0.883854 0.076562 0.883854
0 0.039844 0.86875 0.063281 0.86875 0.063281 0.897917 0.039844 0.897917
0 0.010547 0.890625 0.030469 0.890625 0.030469 0.916146 0.010547 0.916146
0 0.003516 0.939062 0.026172 0.939062 0.026172 0.964583 0.003516 0.964583
0 0.037109 0.94375 0.055078 0.94375 0.055078 0.964583 0.037109 0.964583
0 0.054688 0.910417 0.080078 0.910417 0.080078 0.935938 0.054688 0.935938
0 0.240234 0.949479 0.258594 0.949479 0.258594 0.979167 0.240234 0.979167
0 0.273828 0.946354 0.292188 0.946354 0.292188 0.973958 0.273828 0.973958
0 0.303516 0.953125 0.323047 0.953125 0.323047 0.985938 0.303516 0.985938
0 0.339844 0.9375 0.358984 0.9375 0.358984 0.964583 0.339844 0.964583
0 0.362891 0.972396 0.385156 0.972396 0.385156 0.996875 0.362891 0.996875
0 0.372266 0.865625 0.395703 0.865625 0.395703 0.890625 0.372266 0.890625
0 0.403516 0.8875 0.422266 0.8875 0.422266 0.911458 0.403516 0.911458
0 0.410938 0.850521 0.432031 0.850521 0.432031 0.876042 0.410938 0.876042
0 0.437891 0.863021 0.455859 0.863021 0.455859 0.889583 0.437891 0.889583
0 0.365625 0.821354 0.388672 0.821354 0.388672 0.846875 0.365625 0.846875
0 0.347266 0.763542 0.36875 0.763542 0.36875 0.791146 0.347266 0.791146
0 0.374219 0.759375 0.392969 0.759375 0.392969 0.786979 0.374219 0.786979
0 0.399219 0.786458 0.417188 0.786458 0.417188 0.808854 0.399219 0.808854
0 0.424219 0.754167 0.442578 0.754167 0.442578 0.782812 0.424219 0.782812
0 0.420703 0.705208 0.445312 0.705208 0.445312 0.729688 0.420703 0.729688
0 0.451562 0.746875 0.473438 0.746875 0.473438 0.771354 0.451562 0.771354
0 0.492969 0.725521 0.517578 0.725521 0.517578 0.751562 0.492969 0.751562
0 0.478906 0.767708 0.498438 0.767708 0.498438 0.789062 0.478906 0.789062
0 0.473047 0.809375 0.496484 0.809375 0.496484 0.833854 0.473047 0.833854
0 0.479688 0.841146 0.5 0.841146 0.5 0.867188 0.479688 0.867188
0 0.50625 0.823958 0.525391 0.823958 0.525391 0.851042 0.50625 0.851042
0 0.534766 0.833854 0.553516 0.833854 0.553516 0.860938 0.534766 0.860938
0 0.539844 0.784896 0.566016 0.784896 0.566016 0.810938 0.539844 0.810938
0 0.548438 0.730729 0.571484 0.730729 0.571484 0.756771 0.548438 0.756771
0 0.575781 0.8 0.597266 0.8 0.597266 0.827083 0.575781 0.827083
0 0.531641 0.693229 0.553125 0.693229 0.553125 0.721354 0.531641 0.721354
0 0.578516 0.694271 0.597266 0.694271 0.597266 0.721354 0.578516 0.721354
0 0.490234 0.664062 0.508203 0.664062 0.508203 0.691667 0.490234 0.691667
0 0.4625 0.694792 0.483594 0.694792 0.483594 0.719271 0.4625 0.719271
0 0.315625 0.780208 0.333594 0.780208 0.333594 0.804167 0.315625 0.804167
0 0.428516 0.540104 0.449219 0.540104 0.449219 0.565625 0.428516 0.565625
0 0.446875 0.589062 0.467578 0.589062 0.467578 0.616667 0.446875 0.616667
0 0.435156 0.619271 0.455078 0.619271 0.455078 0.642708 0.435156 0.642708
0 0.446875 0.658333 0.466016 0.658333 0.466016 0.686458 0.446875 0.686458
0 0.470703 0.645312 0.489453 0.645312 0.489453 0.670833 0.470703 0.670833
0 0.480859 0.601042 0.497266 0.601042 0.497266 0.63125 0.480859 0.63125
0 0.500391 0.6125 0.519141 0.6125 0.519141 0.640104 0.500391 0.640104
0 0.492578 0.566667 0.5125 0.566667 0.5125 0.595833 0.492578 0.595833
0 0.533203 0.577083 0.554688 0.577083 0.554688 0.603646 0.533203 0.603646
0 0.55 0.611458 0.573438 0.611458 0.573438 0.638021 0.55 0.638021
0 0.525781 0.651042 0.544531 0.651042 0.544531 0.679688 0.525781 0.679688
0 0.556641 0.650521 0.577344 0.650521 0.577344 0.677083 0.556641 0.677083
0 0.527734 0.5375 0.548828 0.5375 0.548828 0.561458 0.527734 0.561458
0 0.563672 0.529688 0.585938 0.529688 0.585938 0.555208 0.563672 0.555208
0 0.563672 0.5625 0.586328 0.5625 0.586328 0.586458 0.563672 0.586458
0 0.599219 0.578646 0.61875 0.578646 0.61875 0.605208 0.599219 0.605208
0 0.625391 0.582292 0.642578 0.582292 0.642578 0.609896 0.625391 0.609896
0 0.614062 0.618229 0.638281 0.618229 0.638281 0.644271 0.614062 0.644271
0 0.655078 0.589062 0.672266 0.589062 0.672266 0.622917 0.655078 0.622917
0 0.608984 0.673438 0.628906 0.673438 0.628906 0.697917 0.608984 0.697917
0 0.596094 0.71875 0.620703 0.71875 0.620703 0.746354 0.596094 0.746354
0 0.6375 0.689062 0.657031 0.689062 0.657031 0.715104 0.6375 0.715104
0 0.636719 0.733333 0.65625 0.733333 0.65625 0.758333 0.636719 0.758333
0 0.613281 0.776562 0.632422 0.776562 0.632422 0.802083 0.613281 0.802083
0 0.647656 0.771354 0.665234 0.771354 0.665234 0.795312 0.647656 0.795312
0 0.617188 0.839583 0.637891 0.839583 0.637891 0.866146 0.617188 0.866146
0 0.627344 0.870312 0.648047 0.870312 0.648047 0.896875 0.627344 0.896875
0 0.680469 0.782292 0.698047 0.782292 0.698047 0.807812 0.680469 0.807812
0 0.682422 0.828646 0.701172 0.828646 0.701172 0.85625 0.682422 0.85625
0 0.71875 0.747917 0.741797 0.747917 0.741797 0.776042 0.71875 0.776042
0 0.688672 0.745833 0.707422 0.745833 0.707422 0.770312 0.688672 0.770312
0 0.700781 0.714062 0.720312 0.714062 0.720312 0.739062 0.700781 0.739062
0 0.716406 0.69375 0.736328 0.69375 0.736328 0.715104 0.716406 0.715104
0 0.743359 0.714583 0.771484 0.714583 0.771484 0.738542 0.743359 0.738542
0 0.709766 0.782812 0.728906 0.782812 0.728906 0.808333 0.709766 0.808333
0 0.497266 0.940104 0.517969 0.940104 0.517969 0.967188 0.497266 0.967188
0 0.465625 0.929167 0.485156 0.929167 0.485156 0.957292 0.465625 0.957292
0 0.441797 0.947396 0.4625 0.947396 0.4625 0.973958 0.441797 0.973958
0 0.443359 0.976562 0.466406 0.976562 0.466406 0.997917 0.443359 0.997917
0 0.486719 0.897396 0.505078 0.897396 0.505078 0.922396 0.486719 0.922396
0 0.506641 0.880208 0.530078 0.880208 0.530078 0.90625 0.506641 0.90625
0 0.550391 0.882292 0.570703 0.882292 0.570703 0.914583 0.550391 0.914583
0 0.557422 0.932292 0.578125 0.932292 0.578125 0.954167 0.557422 0.954167
0 0.586328 0.886979 0.605469 0.886979 0.605469 0.9125 0.586328 0.9125
0 0.582422 0.920833 0.600781 0.920833 0.600781 0.95 0.582422 0.95
0 0.609766 0.935938 0.626562 0.935938 0.626562 0.960417 0.609766 0.960417
0 0.451172 0.778125 0.470312 0.778125 0.470312 0.801562 0.451172 0.801562
0 0.774219 0.756771 0.794531 0.756771 0.794531 0.785417 0.774219 0.785417
0 0.777344 0.813542 0.802734 0.813542 0.802734 0.838542 0.777344 0.838542
0 0.762891 0.847917 0.782812 0.847917 0.782812 0.872917 0.762891 0.872917
0 0.729688 0.830729 0.751172 0.830729 0.751172 0.858854 0.729688 0.858854
0 0.745312 0.871875 0.764844 0.871875 0.764844 0.902083 0.745312 0.902083
0 0.778516 0.878646 0.8 0.878646 0.8 0.905208 0.778516 0.905208
0 0.81875 0.830729 0.841406 0.830729 0.841406 0.8625 0.81875 0.8625
0 0.827344 0.885417 0.847266 0.885417 0.847266 0.919271 0.827344 0.919271
0 0.856641 0.899479 0.876562 0.899479 0.876562 0.926562 0.856641 0.926562
0 0.879688 0.865625 0.899609 0.865625 0.899609 0.891667 0.879688 0.891667
0 0.859375 0.815104 0.882422 0.815104 0.882422 0.839583 0.859375 0.839583
0 0.850391 0.753646 0.870703 0.753646 0.870703 0.779688 0.850391 0.779688
0 0.797656 0.725 0.820703 0.725 0.820703 0.747917 0.797656 0.747917
0 0.849219 0.709375 0.875391 0.709375 0.875391 0.734375 0.849219 0.734375
0 0.905469 0.725 0.928906 0.725 0.928906 0.755729 0.905469 0.755729
0 0.881641 0.753646 0.905078 0.753646 0.905078 0.778646 0.881641 0.778646
0 0.814453 0.932812 0.835938 0.932812 0.835938 0.959896 0.814453 0.959896
0 0.761719 0.934375 0.784375 0.934375 0.784375 0.961458 0.761719 0.961458
0 0.865234 0.940625 0.887109 0.940625 0.887109 0.963021 0.865234 0.963021
0 0.827344 0.76875 0.844141 0.76875 0.844141 0.797917 0.827344 0.797917
0 0.858984 0.673438 0.879688 0.673438 0.879688 0.695833 0.858984 0.695833
0 0.889062 0.683854 0.911719 0.683854 0.911719 0.711979 0.889062 0.711979
0 0.925781 0.683854 0.94375 0.683854 0.94375 0.7125 0.925781 0.7125
0 0.907031 0.655208 0.926172 0.655208 0.926172 0.677083 0.907031 0.677083
0 0.883594 0.644792 0.903516 0.644792 0.903516 0.670833 0.883594 0.670833
0 0.816016 0.690104 0.838281 0.690104 0.838281 0.71875 0.816016 0.71875
0 0.800391 0.642188 0.817969 0.642188 0.817969 0.671875 0.800391 0.671875
0 0.863281 0.63125 0.884375 0.63125 0.884375 0.657292 0.863281 0.657292
0 0.720703 0.922396 0.741797 0.922396 0.741797 0.952083 0.720703 0.952083
0 0.701953 0.859896 0.724609 0.859896 0.724609 0.8875 0.701953 0.8875
0 0.740234 0.96875 0.7625 0.96875 0.7625 0.995312 0.740234 0.995312
0 0.6875 0.917188 0.704297 0.917188 0.704297 0.946354 0.6875 0.946354
0 0.571094 0.979167 0.591406 0.979167 0.591406 0.999479 0.571094 0.999479
0 0.707422 0.602604 0.729297 0.602604 0.729297 0.627604 0.707422 0.627604
0 0.721875 0.639062 0.748047 0.639062 0.748047 0.665625 0.721875 0.665625
0 0.767969 0.627083 0.791406 0.627083 0.791406 0.646875 0.767969 0.646875
0 0.760938 0.665625 0.782031 0.665625 0.782031 0.69375 0.760938 0.69375
0 0.748828 0.594271 0.770703 0.594271 0.770703 0.620833 0.748828 0.620833
0 0.724609 0.572917 0.74375 0.572917 0.74375 0.597917 0.724609 0.597917
0 0.752344 0.547917 0.774609 0.547917 0.774609 0.570833 0.752344 0.570833
0 0.772656 0.572917 0.791406 0.572917 0.791406 0.600521 0.772656 0.600521
0 0.730469 0.516667 0.751562 0.516667 0.751562 0.540625 0.730469 0.540625
0 0.737109 0.474479 0.755859 0.474479 0.755859 0.502083 0.737109 0.502083
0 0.809766 0.532812 0.832422 0.532812 0.832422 0.558333 0.809766 0.558333
0 0.808984 0.588021 0.826172 0.588021 0.826172 0.614583 0.808984 0.614583
0 0.832422 0.599479 0.856641 0.599479 0.856641 0.63125 0.832422 0.63125
0 0.841406 0.555208 0.861719 0.555208 0.861719 0.582812 0.841406 0.582812
0 0.872266 0.59375 0.895703 0.59375 0.895703 0.616667 0.872266 0.616667
0 0.910156 0.595833 0.934766 0.595833 0.934766 0.619792 0.910156 0.619792
0 0.824219 0.442188 0.848047 0.442188 0.848047 0.465104 0.824219 0.465104
0 0.769531 0.422396 0.794141 0.422396 0.794141 0.444792 0.769531 0.444792
0 0.774219 0.448438 0.799609 0.448438 0.799609 0.475 0.774219 0.475
0 0.800781 0.390104 0.817969 0.390104 0.817969 0.418229 0.800781 0.418229
0 0.822656 0.399479 0.844531 0.399479 0.844531 0.424479 0.822656 0.424479
0 0.825 0.355729 0.847656 0.355729 0.847656 0.382292 0.825 0.382292
0 0.860938 0.370833 0.883203 0.370833 0.883203 0.4 0.860938 0.4
0 0.882812 0.415625 0.903516 0.415625 0.903516 0.439583 0.882812 0.439583
0 0.899219 0.384896 0.919922 0.384896 0.919922 0.413021 0.899219 0.413021
0 0.938672 0.383854 0.960547 0.383854 0.960547 0.409375 0.938672 0.409375
0 0.973828 0.380729 0.994141 0.380729 0.994141 0.407812 0.973828 0.407812
0 0.917578 0.440625 0.9375 0.440625 0.9375 0.471354 0.917578 0.471354
0 0.903516 0.488542 0.927734 0.488542 0.927734 0.514583 0.903516 0.514583
0 0.862891 0.475 0.883203 0.475 0.883203 0.501562 0.862891 0.501562
0 0.799219 0.486979 0.822266 0.486979 0.822266 0.507292 0.799219 0.507292
0 0.833594 0.504167 0.853125 0.504167 0.853125 0.534896 0.833594 0.534896
0 0.942578 0.554167 0.959766 0.554167 0.959766 0.581771 0.942578 0.581771
0 0.901562 0.528125 0.924609 0.528125 0.924609 0.552083 0.901562 0.552083
0 0.876953 0.534896 0.900781 0.534896 0.900781 0.560938 0.876953 0.560938
0 0.829688 0.653646 0.848438 0.653646 0.848438 0.68125 0.829688 0.68125
0 0.875781 0.500521 0.896875 0.500521 0.896875 0.527604 0.875781 0.527604
0 0.943359 0.450521 0.964062 0.450521 0.964062 0.478125 0.943359 0.478125
0 0.955078 0.41875 0.975 0.41875 0.975 0.448438 0.955078 0.448438
0 0.905469 0.344792 0.926562 0.344792 0.926562 0.368229 0.905469 0.368229
0 0.935547 0.328646 0.956641 0.328646 0.956641 0.358333 0.935547 0.358333
0 0.957031 0.310417 0.976953 0.310417 0.976953 0.339583 0.957031 0.339583
0 0.909766 0.294271 0.934766 0.294271 0.934766 0.318229 0.909766 0.318229
0 0.854688 0.333333 0.878516 0.333333 0.878516 0.354167 0.854688 0.354167
0 0.807422 0.314062 0.828125 0.314062 0.828125 0.338542 0.807422 0.338542
0 0.824219 0.283333 0.847656 0.283333 0.847656 0.309896 0.824219 0.309896
0 0.860547 0.277604 0.882422 0.277604 0.882422 0.305208 0.860547 0.305208
0 0.733203 0.340625 0.748828 0.340625 0.748828 0.369792 0.733203 0.369792
0 0.711719 0.340625 0.729297 0.340625 0.729297 0.373958 0.711719 0.373958
0 0.687891 0.403125 0.703516 0.403125 0.703516 0.432292 0.687891 0.432292
0 0.679688 0.361979 0.700391 0.361979 0.700391 0.397917 0.679688 0.397917
0 0.672656 0.325 0.694141 0.325 0.694141 0.35 0.672656 0.35
0 0.662891 0.290625 0.688672 0.290625 0.688672 0.31875 0.662891 0.31875
0 0.771484 0.276042 0.791016 0.276042 0.791016 0.302604 0.771484 0.302604
0 0.735156 0.177604 0.753125 0.177604 0.753125 0.205729 0.735156 0.205729
0 0.761328 0.189062 0.782812 0.189062 0.782812 0.218229 0.761328 0.218229
0 0.766406 0.220833 0.790625 0.220833 0.790625 0.24375 0.766406 0.24375
0 0.794141 0.242188 0.811719 0.242188 0.811719 0.269792 0.794141 0.269792
0 0.828516 0.249479 0.846094 0.249479 0.846094 0.274479 0.828516 0.274479
0 0.877344 0.227604 0.897266 0.227604 0.897266 0.256771 0.877344 0.256771
0 0.898438 0.185938 0.922656 0.185938 0.922656 0.214062 0.898438 0.214062
0 0.918359 0.2375 0.943359 0.2375 0.943359 0.265625 0.918359 0.265625
0 0.774609 0.140104 0.797266 0.140104 0.797266 0.166667 0.774609 0.166667
0 0.819141 0.120833 0.837109 0.120833 0.837109 0.152083 0.819141 0.152083
0 0.795312 0.185938 0.817188 0.185938 0.817188 0.213542 0.795312 0.213542
0 0.685156 0.239062 0.703125 0.239062 0.703125 0.268229 0.685156 0.268229
0 0.697656 0.191146 0.716406 0.191146 0.716406 0.219792 0.697656 0.219792
0 0.721875 0.150521 0.739844 0.150521 0.739844 0.180208 0.721875 0.180208
0 0.733594 0.1 0.749609 0.1 0.749609 0.129688 0.733594 0.129688
0 0.759766 0.097917 0.778906 0.097917 0.778906 0.122396 0.759766 0.122396
0 0.788672 0.071875 0.811328 0.071875 0.811328 0.096875 0.788672 0.096875
0 0.826172 0.079167 0.847266 0.079167 0.847266 0.104688 0.826172 0.104688
0 0.64375 0.115104 0.660938 0.115104 0.660938 0.147396 0.64375 0.147396
0 0.603125 0.125 0.627734 0.125 0.627734 0.154167 0.603125 0.154167
0 0.678516 0.135417 0.696484 0.135417 0.696484 0.163542 0.678516 0.163542
0 0.70625 0.116146 0.724219 0.116146 0.724219 0.139062 0.70625 0.139062
0 0.695312 0.05625 0.713672 0.05625 0.713672 0.088021 0.695312 0.088021
0 0.730859 0.057292 0.748438 0.057292 0.748438 0.082812 0.730859 0.082812
0 0.602344 0.059896 0.620312 0.059896 0.620312 0.091667 0.602344 0.091667
0 0.553516 0.058854 0.577734 0.058854 0.577734 0.085417 0.553516 0.085417
0 0.566016 0.092708 0.584375 0.092708 0.584375 0.120833 0.566016 0.120833
0 0.942578 0.210938 0.961719 0.210938 0.961719 0.238542 0.942578 0.238542
0 0.918359 0.146354 0.940625 0.146354 0.940625 0.171354 0.918359 0.171354
0 0.93125 0.266667 0.95 0.266667 0.95 0.288542 0.93125 0.288542
0 0.630469 0.011458 0.653125 0.011458 0.653125 0.036458 0.630469 0.036458
0 0.656641 0.040104 0.676562 0.040104 0.676562 0.069792 0.656641 0.069792
0 0.678906 0.009896 0.697656 0.009896 0.697656 0.040625 0.678906 0.040625
0 0.783203 0.032812 0.805078 0.032812 0.805078 0.061979 0.783203 0.061979
0 0.736328 0.020312 0.759375 0.020312 0.759375 0.048438 0.736328 0.048438
0 0.638672 0.061458 0.655078 0.061458 0.655078 0.0875 0.638672 0.0875
0 0.583594 0.016146 0.603516 0.016146 0.603516 0.047917 0.583594 0.047917
0 0.969922 0.023958 0.991797 0.023958 0.991797 0.053646 0.969922 0.053646
0 0.967969 0.218229 0.986328 0.218229 0.986328 0.245312 0.967969 0.245312
0 0.656641 0.190625 0.676562 0.190625 0.676562 0.209896 0.656641 0.209896
0 0.434375 0.04375 0.456641 0.04375 0.456641 0.072917 0.434375 0.072917
0 0.526562 0.071875 0.544531 0.071875 0.544531 0.097917 0.526562 0.097917
0 0.540234 0.126042 0.564844 0.126042 0.564844 0.145312 0.540234 0.145312
0 0.542188 0.027083 0.5625 0.027083 0.5625 0.051042 0.542188 0.051042
0 0.465234 0.002604 0.488281 0.002604 0.488281 0.026562 0.465234 0.026562
0 0.462109 0.874479 0.477344 0.874479 0.477344 0.905208 0.462109 0.905208
0 0.619141 0.972917 0.637109 0.972917 0.637109 0.994271 0.619141 0.994271