0 0.022266 0.003125 0.038281 0.003125 0.038281 0.031771 0.022266 0.031771
0 0.042188 0.024479 0.060547 0.024479 0.060547 0.057292 0.042188 0.057292
0 0.064062 0.005208 0.080859 0.005208 0.080859 0.034896 0.064062 0.034896
0 0.075391 0.038542 0.095703 0.038542 0.095703 0.065625 0.075391 0.065625
0 0.053906 0.069271 0.072656 0.069271 0.072656 0.097917 0.053906 0.097917
0 0.039844 0.104167 0.059766 0.104167 0.059766 0.1375 0.039844 0.1375
0 0.069922 0.098958 0.092578 0.098958 0.092578 0.130729 0.069922 0.130729
0 0.095312 0.081771 0.114844 0.081771 0.114844 0.109375 0.095312 0.109375
0 0.101953 0.115104 0.124219 0.115104 0.124219 0.144271 0.101953 0.144271
0 0.017578 0.153125 0.039453 0.153125 0.039453 0.180729 0.017578 0.180729
0 0.059375 0.166146 0.080859 0.166146 0.080859 0.196354 0.059375 0.196354
0 0.077344 0.202083 0.098047 0.202083 0.098047 0.228125 0.077344 0.228125
0 0.114062 0.044271 0.13125 0.044271 0.13125 0.073958 0.114062 0.073958
0 0.158984 0.061979 0.177734 0.061979 0.177734 0.090104 0.158984 0.090104
0 0.155469 0.110417 0.173828 0.110417 0.173828 0.141667 0.155469 0.141667
0 0.148438 0.027604 0.169141 0.027604 0.169141 0.052604 0.148438 0.052604
0 0.203906 0.05 0.221094 0.05 0.221094 0.076562 0.203906 0.076562
0 0.198047 0.015625 0.218359 0.015625 0.218359 0.039062 0.198047 0.039062
0 0.225 0.047917 0.24375 0.047917 0.24375 0.076042 0.225 0.076042
0 0.271484 0.070312 0.290234 0.070312 0.290234 0.100521 0.271484 0.100521
0 0.177734 0.090104 0.197266 0.090104 0.197266 0.118229 0.177734 0.118229
0 0.184766 0.133854 0.204297 0.133854 0.204297 0.157812 0.184766 0.157812
0 0.177734 0.164062 0.197266 0.164062 0.197266 0.190625 0.177734 0.190625
0 0.148438 0.182292 0.166797 0.182292 0.166797 0.210417 0.148438 0.210417
0 0.142578 0.213542 0.164453 0.213542 0.164453 0.239583 0.142578 0.239583
0 0.023828 0.209375 0.044922 0.209375 0.044922 0.238542 0.023828 0.238542
0 0.064453 0.225 0.083984 0.225 0.083984 0.250521 0.064453 0.250521
0 0.275781 0.114062 0.298828 0.114062 0.298828 0.141146 0.275781 0.141146
0 0.249219 0.144271 0.267578 0.144271 0.267578 0.169271 0.249219 0.169271
0 0.229297 0.150521 0.245312 0.150521 0.245312 0.177604 0.229297 0.177604
0 0.271875 0.159896 0.294922 0.159896 0.294922 0.185938 0.271875 0.185938
0 0.2375 0.177604 0.258203 0.177604 0.258203 0.2 0.2375 0.2
0 0.241016 0.214062 0.258984 0.214062 0.258984 0.239062 0.241016 0.239062
0 0.264844 0.216146 0.285938 0.216146 0.285938 0.241667 0.264844 0.241667
0 0.303125 0.0375 0.319922 0.0375 0.319922 0.065104 0.303125 0.065104
0 0.324219 0.060417 0.342188 0.060417 0.342188 0.086458 0.324219 0.086458
0 0.350391 0.059896 0.367969 0.059896 0.367969 0.083854 0.350391 0.083854
0 0.33125 0.029167 0.351953 0.029167 0.351953 0.049479 0.33125 0.049479
0 0.331641 0.1125 0.353125 0.1125 0.353125 0.140104 0.331641 0.140104
0 0.351172 0.164062 0.375781 0.164062 0.375781 0.188542 0.351172 0.188542
0 0.306641 0.157292 0.328906 0.157292 0.328906 0.186458 0.306641 0.186458
0 0.403906 0.140625 0.425781 0.140625 0.425781 0.167708 0.403906 0.167708
0 0.436719 0.107812 0.451562 0.107812 0.451562 0.131771 0.436719 0.131771
0 0.446094 0.005208 0.467969 0.005208 0.467969 0.028125 0.446094 0.028125
0 0.433594 0.15 0.452344 0.15 0.452344 0.177604 0.433594 0.177604
0 0.462891 0.167188 0.48125 0.167188 0.48125 0.194792 0.462891 0.194792
0 0.432812 0.186458 0.454688 0.186458 0.454688 0.210417 0.432812 0.210417
0 0.405859 0.208333 0.423438 0.208333 0.423438 0.233333 0.405859 0.233333
0 0.375391 0.209375 0.396484 0.209375 0.396484 0.236458 0.375391 0.236458
0 0.539062 0.069792 0.560156 0.069792 0.560156 0.095833 0.539062 0.095833
0 0.508984 0.075 0.528906 0.075 0.528906 0.098958 0.508984 0.098958
0 0.547266 0.0375 0.571094 0.0375 0.571094 0.060938 0.547266 0.060938
0 0.546875 0.104688 0.571094 0.104688 0.571094 0.129688 0.546875 0.129688
0 0.541016 0.131771 0.563281 0.131771 0.563281 0.156771 0.541016 0.156771
0 0.586719 0.035417 0.610547 0.035417 0.610547 0.063021 0.586719 0.063021
0 0.584375 0.08125 0.603125 0.08125 0.603125 0.110417 0.584375 0.110417
0 0.582812 0.130208 0.605859 0.130208 0.605859 0.161458 0.582812 0.161458
0 0.532812 0.164583 0.552734 0.164583 0.552734 0.189583 0.532812 0.189583
0 0.61875 0.116146 0.637109 0.116146 0.637109 0.146875 0.61875 0.146875
0 0.619141 0.063021 0.641016 0.063021 0.641016 0.086979 0.619141 0.086979
0 0.623047 0.01875 0.645703 0.01875 0.645703 0.041146 0.623047 0.041146
0 0.652734 0.028646 0.674219 0.028646 0.674219 0.053646 0.652734 0.053646
0 0.697266 0.063021 0.71875 0.063021 0.71875 0.091667 0.697266 0.091667
0 0.655469 0.074479 0.678516 0.074479 0.678516 0.095833 0.655469 0.095833
0 0.648047 0.098438 0.667578 0.098438 0.667578 0.119792 0.648047 0.119792
0 0.685156 0.100521 0.702734 0.100521 0.702734 0.128125 0.685156 0.128125
0 0.719531 0.096875 0.739453 0.096875 0.739453 0.126562 0.719531 0.126562
0 0.741016 0.129688 0.760156 0.129688 0.760156 0.158854 0.741016 0.158854
0 0.764062 0.083854 0.788281 0.083854 0.788281 0.105729 0.764062 0.105729
0 0.784766 0.130208 0.804688 0.130208 0.804688 0.155208 0.784766 0.155208
0 0.819922 0.115104 0.842969 0.115104 0.842969 0.132292 0.819922 0.132292
0 0.700781 0.139583 0.721875 0.139583 0.721875 0.167188 0.700781 0.167188
0 0.748047 0.019792 0.766406 0.019792 0.766406 0.045312 0.748047 0.045312
0 0.790625 0.018229 0.810156 0.018229 0.810156 0.04375 0.790625 0.04375
0 0.800781 0.055729 0.823047 0.055729 0.823047 0.080208 0.800781 0.080208
0 0.795703 0.083333 0.816016 0.083333 0.816016 0.103125 0.795703 0.103125
0 0.828906 0.066667 0.847266 0.066667 0.847266 0.088542 0.828906 0.088542
0 0.842578 0.09375 0.864062 0.09375 0.864062 0.114062 0.842578 0.114062
0 0.870312 0.069792 0.892578 0.069792 0.892578 0.094792 0.870312 0.094792
0 0.828516 0.029688 0.848047 0.029688 0.848047 0.053646 0.828516 0.053646
0 0.825 0.157292 0.843359 0.157292 0.843359 0.185417 0.825 0.185417
0 0.758984 0.170833 0.780859 0.170833 0.780859 0.201042 0.758984 0.201042
0 0.873438 0.128125 0.893359 0.128125 0.893359 0.154167 0.873438 0.154167
0 0.888672 0.09375 0.911328 0.09375 0.911328 0.11875 0.888672 0.11875
0 0.861719 0.165104 0.882031 0.165104 0.882031 0.189062 0.861719 0.189062
0 0.888672 0.0 0.909375 0.0 0.909375 0.025 0.888672 0.025
0 0.898047 0.041667 0.920312 0.041667 0.920312 0.069792 0.898047 0.069792
0 0.862109 0.028125 0.883984 0.028125 0.883984 0.051042 0.862109 0.051042
0 0.932031 0.073958 0.951953 0.073958 0.951953 0.099479 0.932031 0.099479
0 0.714453 0.184896 0.733984 0.184896 0.733984 0.217188 0.714453 0.217188
0 0.764844 0.219271 0.784375 0.219271 0.784375 0.250521 0.764844 0.250521
0 0.79375 0.202604 0.809766 0.202604 0.809766 0.219792 0.79375 0.219792
0 0.822266 0.204688 0.841406 0.204688 0.841406 0.232292 0.822266 0.232292
0 0.851953 0.198438 0.86875 0.198438 0.86875 0.222396 0.851953 0.222396
0 0.737109 0.218229 0.755469 0.218229 0.755469 0.245312 0.737109 0.245312
0 0.746875 0.260417 0.765625 0.260417 0.765625 0.2875 0.746875 0.2875
0 0.682812 0.180729 0.701562 0.180729 0.701562 0.203646 0.682812 0.203646
0 0.683984 0.240104 0.703125 0.240104 0.703125 0.268229 0.683984 0.268229
0 0.635938 0.155208 0.658594 0.155208 0.658594 0.189062 0.635938 0.189062
0 0.660938 0.195312 0.682031 0.195312 0.682031 0.221354 0.660938 0.221354
0 0.594531 0.207292 0.616797 0.207292 0.616797 0.233333 0.594531 0.233333
0 0.620703 0.222396 0.639844 0.222396 0.639844 0.24375 0.620703 0.24375
0 0.650391 0.230208 0.66875 0.230208 0.66875 0.258333 0.650391 0.258333
0 0.631641 0.253125 0.649219 0.253125 0.649219 0.276562 0.631641 0.276562
0 0.608984 0.251563 0.628125 0.251563 0.628125 0.278646 0.608984 0.278646
0 0.587109 0.264062 0.603516 0.264062 0.603516 0.286979 0.587109 0.286979
0 0.564453 0.221354 0.583594 0.221354 0.583594 0.245833 0.564453 0.245833
0 0.857812 0.394271 0.88125 0.394271 0.88125 0.419271 0.857812 0.419271
0 0.835938 0.369792 0.855859 0.369792 0.855859 0.395312 0.835938 0.395312
0 0.925781 0.214583 0.943359 0.214583 0.943359 0.239583 0.925781 0.239583
0 0.946875 0.224479 0.966016 0.224479 0.966016 0.248958 0.946875 0.248958
0 0.954688 0.264583 0.974609 0.264583 0.974609 0.294271 0.954688 0.294271
0 0.911719 0.245312 0.933203 0.245312 0.933203 0.275521 0.911719 0.275521
0 0.954297 0.191146 0.976172 0.191146 0.976172 0.215104 0.954297 0.215104
0 0.8375 0.296875 0.857031 0.296875 0.857031 0.322917 0.8375 0.322917
0 0.863672 0.309896 0.885547 0.309896 0.885547 0.338021 0.863672 0.338021
0 0.903125 0.303646 0.925 0.303646 0.925 0.332812 0.903125 0.332812
0 0.323047 0.214062 0.343359 0.214062 0.343359 0.241146 0.323047 0.241146
0 0.355078 0.228646 0.374609 0.228646 0.374609 0.258854 0.355078 0.258854
0 0.388281 0.250521 0.409766 0.250521 0.409766 0.274479 0.388281 0.274479
0 0.426172 0.246354 0.449219 0.246354 0.449219 0.270312 0.426172 0.270312
0 0.457422 0.225 0.477344 0.225 0.477344 0.248958 0.457422 0.248958
0 0.472266 0.279688 0.491016 0.279688 0.491016 0.30625 0.472266 0.30625
0 0.419141 0.279688 0.437109 0.279688 0.437109 0.305729 0.419141 0.305729
0 0.440234 0.289062 0.460938 0.289062 0.460938 0.316146 0.440234 0.316146
0 0.393359 0.309896 0.415625 0.309896 0.415625 0.336979 0.393359 0.336979
0 0.367188 0.318229 0.385547 0.318229 0.385547 0.341667 0.367188 0.341667
0 0.343359 0.305208 0.360156 0.305208 0.360156 0.331771 0.343359 0.331771
0 0.324219 0.277083 0.344141 0.277083 0.344141 0.305729 0.324219 0.305729
0 0.291016 0.268229 0.311328 0.268229 0.311328 0.294271 0.291016 0.294271
0 0.279297 0.238021 0.299219 0.238021 0.299219 0.2625 0.279297 0.2625
0 0.255469 0.268229 0.274219 0.268229 0.274219 0.294792 0.255469 0.294792
0 0.228516 0.26875 0.246484 0.26875 0.246484 0.293229 0.228516 0.293229
0 0.237109 0.301042 0.260156 0.301042 0.260156 0.325 0.237109 0.325
0 0.26875 0.301042 0.287109 0.301042 0.287109 0.327604 0.26875 0.327604
0 0.302344 0.311979 0.322266 0.311979 0.322266 0.335938 0.302344 0.335938
0 0.300391 0.346354 0.317969 0.346354 0.317969 0.369792 0.300391 0.369792
0 0.331641 0.361979 0.354297 0.361979 0.354297 0.386979 0.331641 0.386979
0 0.366797 0.353646 0.388672 0.353646 0.388672 0.380208 0.366797 0.380208
0 0.376953 0.286979 0.393359 0.286979 0.393359 0.309375 0.376953 0.309375
0 0.435156 0.329688 0.45625 0.329688 0.45625 0.358333 0.435156 0.358333
0 0.405078 0.352083 0.423438 0.352083 0.423438 0.377604 0.405078 0.377604
0 0.475391 0.316667 0.496484 0.316667 0.496484 0.342708 0.475391 0.342708
0 0.504297 0.328646 0.524219 0.328646 0.524219 0.354167 0.504297 0.354167
0 0.490625 0.359896 0.512891 0.359896 0.512891 0.38125 0.490625 0.38125
0 0.426562 0.380208 0.448047 0.380208 0.448047 0.406771 0.426562 0.406771
0 0.395312 0.397396 0.41875 0.397396 0.41875 0.419792 0.395312 0.419792
0 0.112891 0.235417 0.131641 0.235417 0.131641 0.264062 0.112891 0.264062
0 0.137891 0.248438 0.158984 0.248438 0.158984 0.276562 0.137891 0.276562
0 0.042188 0.261458 0.061328 0.261458 0.061328 0.286979 0.042188 0.286979
0 0.099609 0.285417 0.116406 0.285417 0.116406 0.310417 0.099609 0.310417
0 0.123047 0.290625 0.141406 0.290625 0.141406 0.319271 0.123047 0.319271
0 0.083984 0.310938 0.104297 0.310938 0.104297 0.340625 0.083984 0.340625
0 0.046484 0.396875 0.067578 0.396875 0.067578 0.424479 0.046484 0.424479
0 0.073438 0.430208 0.094531 0.430208 0.094531 0.459896 0.073438 0.459896
0 0.045312 0.445833 0.064844 0.445833 0.064844 0.469792 0.045312 0.469792
0 0.094531 0.374479 0.115234 0.374479 0.115234 0.405729 0.094531 0.405729
0 0.127344 0.390104 0.150391 0.390104 0.150391 0.420833 0.127344 0.420833
0 0.11875 0.35 0.139844 0.35 0.139844 0.375521 0.11875 0.375521
0 0.146094 0.334896 0.160547 0.334896 0.160547 0.367188 0.146094 0.367188
0 0.065625 0.257812 0.083203 0.257812 0.083203 0.285938 0.065625 0.285938
0 0.010156 0.280208 0.028125 0.280208 0.028125 0.310938 0.010156 0.310938
0 0.033203 0.311458 0.051562 0.311458 0.051562 0.338021 0.033203 0.338021
0 0.008594 0.326042 0.026953 0.326042 0.026953 0.352604 0.008594 0.352604
0 0.030078 0.359375 0.051562 0.359375 0.051562 0.383854 0.030078 0.383854
0 0.057812 0.352604 0.077734 0.352604 0.077734 0.382292 0.057812 0.382292
0 0.077734 0.348438 0.094922 0.348438 0.094922 0.375521 0.077734 0.375521
0 0.007812 0.398958 0.028906 0.398958 0.028906 0.422917 0.007812 0.422917
0 0.0 0.435417 0.020312 0.435417 0.020312 0.459896 0.0 0.459896
0 0.0 0.466146 0.020703 0.466146 0.020703 0.489062 0.0 0.489062
0 0.053906 0.535938 0.070703 0.535938 0.070703 0.561458 0.053906 0.561458
0 0.107812 0.540104 0.126172 0.540104 0.126172 0.563021 0.107812 0.563021
0 0.144141 0.526562 0.162109 0.526562 0.162109 0.551042 0.144141 0.551042
0 0.097656 0.564583 0.117188 0.564583 0.117188 0.588542 0.097656 0.588542
0 0.13125 0.576042 0.150781 0.576042 0.150781 0.604688 0.13125 0.604688
0 0.152734 0.585417 0.173438 0.585417 0.173438 0.61875 0.152734 0.61875
0 0.195703 0.586458 0.214453 0.586458 0.214453 0.614583 0.195703 0.614583
0 0.241016 0.339062 0.265625 0.339062 0.265625 0.361979 0.241016 0.361979
0 0.249609 0.369271 0.271094 0.369271 0.271094 0.390625 0.249609 0.390625
0 0.275 0.407812 0.296875 0.407812 0.296875 0.434896 0.275 0.434896
0 0.309766 0.428646 0.328516 0.428646 0.328516 0.455208 0.309766 0.455208
0 0.334375 0.392708 0.355078 0.392708 0.355078 0.417708 0.334375 0.417708
0 0.215234 0.335417 0.233984 0.335417 0.233984 0.361458 0.215234 0.361458
0 0.653906 0.363021 0.678125 0.363021 0.678125 0.389583 0.653906 0.389583
0 0.60625 0.395833 0.626172 0.395833 0.626172 0.425 0.60625 0.425
0 0.556641 0.40625 0.576953 0.40625 0.576953 0.436458 0.556641 0.436458
0 0.528516 0.420312 0.547656 0.420312 0.547656 0.445312 0.528516 0.445312
0 0.260938 0.465104 0.282031 0.465104 0.282031 0.495312 0.260938 0.495312
0 0.285547 0.442708 0.306641 0.442708 0.306641 0.466146 0.285547 0.466146
0 0.302344 0.471354 0.321875 0.471354 0.321875 0.499479 0.302344 0.499479
0 0.326953 0.458854 0.350391 0.458854 0.350391 0.484375 0.326953 0.484375
0 0.202734 0.438542 0.222266 0.438542 0.222266 0.463542 0.202734 0.463542
0 0.23125 0.45 0.255078 0.45 0.255078 0.472917 0.23125 0.472917
0 0.228125 0.419792 0.248828 0.419792 0.248828 0.445312 0.228125 0.445312
0 0.028125 0.514062 0.05 0.514062 0.05 0.540625 0.028125 0.540625
0 0.019922 0.558854 0.041797 0.558854 0.041797 0.578646 0.019922 0.578646
0 0.026172 0.604688 0.047266 0.604688 0.047266 0.628646 0.026172 0.628646
0 0.055078 0.639583 0.075 0.639583 0.075 0.663021 0.055078 0.663021
0 0.064062 0.600521 0.084766 0.600521 0.084766 0.625 0.064062 0.625
0 0.105078 0.635417 0.126953 0.635417 0.126953 0.666667 0.105078 0.666667
0 0.142188 0.644271 0.160938 0.644271 0.160938 0.675 0.142188 0.675
0 0.114453 0.6875 0.1375 0.6875 0.1375 0.716146 0.114453 0.716146
0 0.075781 0.676562 0.092969 0.676562 0.092969 0.703646 0.075781 0.703646
0 0.044922 0.671354 0.0625 0.671354 0.0625 0.697917 0.044922 0.697917
0 0.026562 0.665104 0.042188 0.665104 0.042188 0.691667 0.026562 0.691667
0 0.160156 0.736979 0.182422 0.736979 0.182422 0.766146 0.160156 0.766146
0 0.129297 0.735417 0.150781 0.735417 0.150781 0.765104 0.129297 0.765104
0 0.097266 0.729167 0.115625 0.729167 0.115625 0.759896 0.097266 0.759896
0 0.065625 0.716667 0.082812 0.716667 0.082812 0.74375 0.065625 0.74375
0 0.189062 0.654167 0.208203 0.654167 0.208203 0.682812 0.189062 0.682812
0 0.215234 0.63125 0.234766 0.63125 0.234766 0.661979 0.215234 0.661979
0 0.202344 0.682812 0.226953 0.682812 0.226953 0.707292 0.202344 0.707292
0 0.200391 0.713542 0.222656 0.713542 0.222656 0.735417 0.200391 0.735417
0 0.2375 0.699479 0.259766 0.699479 0.259766 0.729688 0.2375 0.729688
0 0.237891 0.638021 0.257812 0.638021 0.257812 0.666667 0.237891 0.666667
0 0.403516 0.435417 0.424219 0.435417 0.424219 0.458854 0.403516 0.458854
0 0.348438 0.432812 0.369922 0.432812 0.369922 0.457292 0.348438 0.457292
0 0.369922 0.460417 0.387891 0.460417 0.387891 0.488021 0.369922 0.488021
0 0.391797 0.471875 0.413281 0.471875 0.413281 0.496875 0.391797 0.496875
0 0.35 0.494271 0.366406 0.494271 0.366406 0.51875 0.35 0.51875
0 0.327344 0.503125 0.344922 0.503125 0.344922 0.529167 0.327344 0.529167
0 0.302344 0.521354 0.325391 0.521354 0.325391 0.546875 0.302344 0.546875
0 0.403125 0.627604 0.424219 0.627604 0.424219 0.652604 0.403125 0.652604
0 0.278125 0.55 0.297266 0.55 0.297266 0.575 0.278125 0.575
0 0.303516 0.563021 0.321094 0.563021 0.321094 0.5875 0.303516 0.5875
0 0.340234 0.531771 0.361328 0.531771 0.361328 0.556771 0.340234 0.556771
0 0.377344 0.509375 0.396094 0.509375 0.396094 0.529688 0.377344 0.529688
0 0.400781 0.515625 0.415234 0.515625 0.415234 0.535417 0.400781 0.535417
0 0.415234 0.500521 0.435156 0.500521 0.435156 0.526042 0.415234 0.526042
0 0.56875 0.542708 0.596875 0.542708 0.596875 0.578646 0.56875 0.578646
0 0.616406 0.540104 0.636328 0.540104 0.636328 0.561979 0.616406 0.561979
0 0.641406 0.559375 0.6625 0.559375 0.6625 0.585938 0.641406 0.585938
0 0.641406 0.615625 0.662109 0.615625 0.662109 0.636458 0.641406 0.636458
0 0.923438 0.288021 0.943359 0.288021 0.943359 0.316146 0.923438 0.316146
0 0.950781 0.322917 0.971484 0.322917 0.971484 0.342188 0.950781 0.342188
0 0.898828 0.276562 0.914453 0.276562 0.914453 0.300521 0.898828 0.300521
0 0.975391 0.294792 0.992969 0.294792 0.992969 0.315625 0.975391 0.315625
0 0.879297 0.360938 0.901172 0.360938 0.901172 0.382812 0.879297 0.382812
0 0.813281 0.350521 0.831641 0.350521 0.831641 0.38125 0.813281 0.38125
0 0.915234 0.345833 0.933203 0.345833 0.933203 0.370312 0.915234 0.370312
0 0.948438 0.354167 0.971094 0.354167 0.971094 0.378125 0.948438 0.378125
0 0.953516 0.385417 0.973828 0.385417 0.973828 0.408333 0.953516 0.408333
0 0.918359 0.384896 0.9375 0.384896 0.9375 0.407292 0.918359 0.407292
0 0.876172 0.434896 0.896484 0.434896 0.896484 0.458333 0.876172 0.458333
0 0.877734 0.459896 0.901953 0.459896 0.901953 0.484375 0.877734 0.484375
0 0.913281 0.444792 0.935938 0.444792 0.935938 0.469792 0.913281 0.469792
0 0.928125 0.417188 0.949609 0.417188 0.949609 0.436458 0.928125 0.436458
0 0.959766 0.416667 0.979297 0.416667 0.979297 0.442708 0.959766 0.442708
0 0.817578 0.413021 0.836719 0.413021 0.836719 0.433333 0.817578 0.433333
0 0.853516 0.473958 0.871094 0.473958 0.871094 0.502083 0.853516 0.502083
0 0.816406 0.436979 0.842188 0.436979 0.842188 0.461979 0.816406 0.461979
0 0.811719 0.476042 0.832031 0.476042 0.832031 0.494792 0.811719 0.494792
0 0.842578 0.520312 0.864062 0.520312 0.864062 0.539583 0.842578 0.539583
0 0.875781 0.494271 0.896094 0.494271 0.896094 0.518229 0.875781 0.518229
0 0.902734 0.513021 0.924609 0.513021 0.924609 0.533333 0.902734 0.533333
0 0.936328 0.496354 0.955859 0.496354 0.955859 0.519271 0.936328 0.519271
0 0.953906 0.463021 0.971875 0.463021 0.971875 0.486458 0.953906 0.486458
0 0.907031 0.470312 0.927344 0.470312 0.927344 0.496875 0.907031 0.496875
0 0.982422 0.483854 0.998438 0.483854 0.998438 0.508333 0.982422 0.508333
0 0.935156 0.529688 0.958594 0.529688 0.958594 0.550521 0.935156 0.550521
0 0.896875 0.550521 0.916797 0.550521 0.916797 0.575521 0.896875 0.575521
0 0.975 0.216146 0.996094 0.216146 0.996094 0.243229 0.975 0.243229
0 0.702734 0.383854 0.719922 0.383854 0.719922 0.410938 0.702734 0.410938
0 0.660938 0.419271 0.680078 0.419271 0.680078 0.447917 0.660938 0.447917
0 0.683984 0.424479 0.705078 0.424479 0.705078 0.453125 0.683984 0.453125
0 0.710547 0.452604 0.732812 0.452604 0.732812 0.477604 0.710547 0.477604
0 0.711719 0.480729 0.732812 0.480729 0.732812 0.500521 0.711719 0.500521
0 0.85625 0.551042 0.875781 0.551042 0.875781 0.573438 0.85625 0.573438
0 0.816406 0.536458 0.834766 0.536458 0.834766 0.557292 0.816406 0.557292
0 0.839453 0.571354 0.860547 0.571354 0.860547 0.595312 0.839453 0.595312
0 0.876172 0.579688 0.898828 0.579688 0.898828 0.603646 0.876172 0.603646
0 0.878516 0.617708 0.898828 0.617708 0.898828 0.642708 0.878516 0.642708
0 0.907422 0.609375 0.926953 0.609375 0.926953 0.6375 0.907422 0.6375
0 0.924219 0.568229 0.941797 0.568229 0.941797 0.589062 0.924219 0.589062
0 0.933594 0.640625 0.954297 0.640625 0.954297 0.667708 0.933594 0.667708
0 0.890234 0.645833 0.909766 0.645833 0.909766 0.671875 0.890234 0.671875
0 0.869141 0.642708 0.887109 0.642708 0.887109 0.667708 0.869141 0.667708
0 0.874609 0.679167 0.89375 0.679167 0.89375 0.704688 0.874609 0.704688
0 0.920312 0.676562 0.939062 0.676562 0.939062 0.705729 0.920312 0.705729
0 0.959375 0.704688 0.985156 0.704688 0.985156 0.742188 0.959375 0.742188
0 0.825391 0.638021 0.848047 0.638021 0.848047 0.661458 0.825391 0.661458
0 0.807812 0.6125 0.825781 0.6125 0.825781 0.634375 0.807812 0.634375
0 0.794141 0.667708 0.817578 0.667708 0.817578 0.697396 0.794141 0.697396
0 0.820703 0.710417 0.840625 0.710417 0.840625 0.736458 0.820703 0.736458
0 0.853125 0.71875 0.876562 0.71875 0.876562 0.74375 0.853125 0.74375
0 0.899219 0.734896 0.923047 0.734896 0.923047 0.759375 0.899219 0.759375
0 0.910547 0.710417 0.930078 0.710417 0.930078 0.732292 0.910547 0.732292
0 0.925 0.757812 0.942578 0.757812 0.942578 0.78125 0.925 0.78125
0 0.953516 0.765104 0.972266 0.765104 0.972266 0.800521 0.953516 0.800521
0 0.930469 0.782812 0.948438 0.782812 0.948438 0.807812 0.930469 0.807812
0 0.972656 0.794271 0.992578 0.794271 0.992578 0.825521 0.972656 0.825521
0 0.820312 0.748958 0.845312 0.748958 0.845312 0.771354 0.820312 0.771354
0 0.858984 0.771875 0.878125 0.771875 0.878125 0.800521 0.858984 0.800521
0 0.898047 0.772917 0.915234 0.772917 0.915234 0.798438 0.898047 0.798438
0 0.894922 0.813021 0.911719 0.813021 0.911719 0.838542 0.894922 0.838542
0 0.939062 0.809896 0.959766 0.809896 0.959766 0.836979 0.939062 0.836979
0 0.782812 0.725 0.8 0.725 0.8 0.75 0.782812 0.75
0 0.770703 0.686979 0.786328 0.686979 0.786328 0.707292 0.770703 0.707292
0 0.786719 0.603646 0.803516 0.603646 0.803516 0.629688 0.786719 0.629688
0 0.809375 0.584896 0.827734 0.584896 0.827734 0.607292 0.809375 0.607292
0 0.867188 0.828125 0.883984 0.828125 0.883984 0.850521 0.867188 0.850521
0 0.809766 0.8 0.834766 0.8 0.834766 0.823438 0.809766 0.823438
0 0.959375 0.836458 0.979688 0.836458 0.979688 0.861979 0.959375 0.861979
0 0.98125 0.85625 0.998438 0.85625 0.998438 0.880729 0.98125 0.880729
0 0.949219 0.929167 0.967969 0.929167 0.967969 0.953125 0.949219 0.953125
0 0.704297 0.760938 0.724219 0.760938 0.724219 0.785417 0.704297 0.785417
0 0.696094 0.677604 0.716797 0.677604 0.716797 0.702604 0.696094 0.702604
0 0.79375 0.888021 0.813281 0.888021 0.813281 0.913542 0.79375 0.913542
0 0.830469 0.8875 0.851562 0.8875 0.851562 0.910938 0.830469 0.910938
0 0.855469 0.906771 0.875781 0.906771 0.875781 0.931771 0.855469 0.931771
0 0.894141 0.93125 0.910156 0.93125 0.910156 0.954167 0.894141 0.954167
0 0.888672 0.969271 0.908594 0.969271 0.908594 0.994271 0.888672 0.994271
0 0.769141 0.907812 0.789453 0.907812 0.789453 0.932812 0.769141 0.932812
0 0.813672 0.915625 0.830078 0.915625 0.830078 0.936458 0.813672 0.936458
0 0.808203 0.95625 0.825781 0.95625 0.825781 0.978125 0.808203 0.978125
0 0.785547 0.924479 0.805078 0.924479 0.805078 0.951562 0.785547 0.951562
0 0.736719 0.941667 0.755469 0.941667 0.755469 0.968229 0.736719 0.968229
0 0.754688 0.964583 0.776562 0.964583 0.776562 0.991667 0.754688 0.991667
0 0.780078 0.964583 0.797266 0.964583 0.797266 0.991146 0.780078 0.991146
0 0.842188 0.775 0.857812 0.775 0.857812 0.799479 0.842188 0.799479
0 0.797656 0.746875 0.813281 0.746875 0.813281 0.76875 0.797656 0.76875
0 0.688672 0.617708 0.708594 0.617708 0.708594 0.642708 0.688672 0.642708
0 0.698047 0.594271 0.71875 0.594271 0.71875 0.618229 0.698047 0.618229
0 0.717969 0.615104 0.737109 0.615104 0.737109 0.6375 0.717969 0.6375
0 0.671094 0.479167 0.691016 0.479167 0.691016 0.507812 0.671094 0.507812
0 0.701562 0.513542 0.720703 0.513542 0.720703 0.538542 0.701562 0.538542
0 0.700391 0.542188 0.723047 0.542188 0.723047 0.565625 0.700391 0.565625
0 0.647656 0.51875 0.669531 0.51875 0.669531 0.545312 0.647656 0.545312
0 0.671094 0.538021 0.6875 0.538021 0.6875 0.564062 0.671094 0.564062
0 0.592188 0.614062 0.610547 0.614062 0.610547 0.645312 0.592188 0.645312
0 0.616797 0.631771 0.633984 0.631771 0.633984 0.664062 0.616797 0.664062
0 0.66875 0.638021 0.690625 0.638021 0.690625 0.666146 0.66875 0.666146
0 0.699219 0.652083 0.721094 0.652083 0.721094 0.675 0.699219 0.675
0 0.696484 0.725521 0.713672 0.725521 0.713672 0.746875 0.696484 0.746875
0 0.634766 0.697396 0.654297 0.697396 0.654297 0.725521 0.634766 0.725521
0 0.589453 0.665625 0.608203 0.665625 0.608203 0.691146 0.589453 0.691146
0 0.605859 0.698958 0.622266 0.698958 0.622266 0.725 0.605859 0.725
0 0.619141 0.733854 0.639062 0.733854 0.639062 0.758333 0.619141 0.758333
0 0.673438 0.741146 0.692969 0.741146 0.692969 0.767188 0.673438 0.767188
0 0.629688 0.455208 0.650781 0.455208 0.650781 0.485417 0.629688 0.485417
0 0.640625 0.488021 0.662109 0.488021 0.662109 0.515104 0.640625 0.515104
0 0.604297 0.467708 0.625 0.467708 0.625 0.498958 0.604297 0.498958
0 0.582031 0.439583 0.600391 0.439583 0.600391 0.467708 0.582031 0.467708
0 0.577734 0.472917 0.59375 0.472917 0.59375 0.498958 0.577734 0.498958
0 0.430859 0.424479 0.45 0.424479 0.45 0.451562 0.430859 0.451562
0 0.494141 0.453646 0.514844 0.453646 0.514844 0.482292 0.494141 0.482292
0 0.525 0.483333 0.541797 0.483333 0.541797 0.509375 0.525 0.509375
0 0.540234 0.457292 0.560938 0.457292 0.560938 0.488021 0.540234 0.488021
0 0.563672 0.445312 0.581641 0.445312 0.581641 0.471875 0.563672 0.471875
0 0.511328 0.516146 0.532031 0.516146 0.532031 0.539583 0.511328 0.539583
0 0.546484 0.50625 0.566797 0.50625 0.566797 0.531771 0.546484 0.531771
0 0.498438 0.535417 0.517578 0.535417 0.517578 0.559896 0.498438 0.559896
0 0.465625 0.542188 0.485547 0.542188 0.485547 0.564583 0.465625 0.564583
0 0.519141 0.55625 0.542969 0.55625 0.542969 0.579167 0.519141 0.579167
0 0.484766 0.565104 0.506641 0.565104 0.506641 0.591146 0.484766 0.591146
0 0.508594 0.592188 0.532031 0.592188 0.532031 0.61875 0.508594 0.61875
0 0.480469 0.600521 0.499609 0.600521 0.499609 0.623438 0.480469 0.623438
0 0.541016 0.622396 0.561328 0.622396 0.561328 0.654167 0.541016 0.654167
0 0.567578 0.620312 0.585547 0.620312 0.585547 0.644792 0.567578 0.644792
0 0.496484 0.628125 0.517578 0.628125 0.517578 0.655729 0.496484 0.655729
0 0.519141 0.646354 0.5375 0.646354 0.5375 0.671875 0.519141 0.671875
0 0.510938 0.675 0.528516 0.675 0.528516 0.697917 0.510938 0.697917
0 0.481641 0.695833 0.506641 0.695833 0.506641 0.729688 0.481641 0.729688
0 0.521094 0.706771 0.545703 0.706771 0.545703 0.734896 0.521094 0.734896
0 0.551172 0.670312 0.570703 0.670312 0.570703 0.694792 0.551172 0.694792
0 0.564844 0.704688 0.586328 0.704688 0.586328 0.73125 0.564844 0.73125
0 0.592578 0.728646 0.608203 0.728646 0.608203 0.754688 0.592578 0.754688
0 0.564844 0.750521 0.582422 0.750521 0.582422 0.772396 0.564844 0.772396
0 0.016016 0.710938 0.034766 0.710938 0.034766 0.739583 0.016016 0.739583
0 0.016797 0.766146 0.037891 0.766146 0.037891 0.790625 0.016797 0.790625
0 0.046484 0.745312 0.065625 0.745312 0.065625 0.774479 0.046484 0.774479
0 0.014844 0.819271 0.037891 0.819271 0.037891 0.844792 0.014844 0.844792
0 0.074219 0.8125 0.096484 0.8125 0.096484 0.841146 0.074219 0.841146
0 0.123828 0.780729 0.143359 0.780729 0.143359 0.804688 0.123828 0.804688
0 0.159375 0.784896 0.182031 0.784896 0.182031 0.809896 0.159375 0.809896
0 0.186719 0.815625 0.203906 0.815625 0.203906 0.836979 0.186719 0.836979
0 0.160547 0.839583 0.18125 0.839583 0.18125 0.864062 0.160547 0.864062
0 0.141406 0.859896 0.158594 0.859896 0.158594 0.885417 0.141406 0.885417
0 0.089062 0.860938 0.108984 0.860938 0.108984 0.889062 0.089062 0.889062
0 0.053125 0.863542 0.072266 0.863542 0.072266 0.892708 0.053125 0.892708
0 0.021094 0.89375 0.046484 0.89375 0.046484 0.916667 0.021094 0.916667
0 0.028516 0.932812 0.047266 0.932812 0.047266 0.955208 0.028516 0.955208
0 0.015625 0.958333 0.034766 0.958333 0.034766 0.984375 0.015625 0.984375
0 0.074219 0.896875 0.091406 0.896875 0.091406 0.921354 0.074219 0.921354
0 0.055469 0.946354 0.073438 0.946354 0.073438 0.974479 0.055469 0.974479
0 0.05 0.975521 0.068359 0.975521 0.068359 0.999479 0.05 0.999479
0 0.078906 0.958333 0.094141 0.958333 0.094141 0.989583 0.078906 0.989583
0 0.091797 0.925521 0.107422 0.925521 0.107422 0.952083 0.091797 0.952083
0 0.1375 0.948438 0.155859 0.948438 0.155859 0.975521 0.1375 0.975521
0 0.141406 0.890104 0.160156 0.890104 0.160156 0.916146 0.141406 0.916146
0 0.169531 0.896875 0.187109 0.896875 0.187109 0.921354 0.169531 0.921354
0 0.164062 0.949479 0.180469 0.949479 0.180469 0.975 0.164062 0.975
0 0.395312 0.853646 0.414844 0.853646 0.414844 0.879167 0.395312 0.879167
0 0.374219 0.819271 0.392188 0.819271 0.392188 0.84375 0.374219 0.84375
0 0.361328 0.84375 0.380859 0.84375 0.380859 0.869792 0.361328 0.869792
0 0.34375 0.864583 0.361328 0.864583 0.361328 0.888021 0.34375 0.888021
0 0.338281 0.800521 0.354688 0.800521 0.354688 0.827083 0.338281 0.827083
0 0.314062 0.816667 0.33125 0.816667 0.33125 0.847396 0.314062 0.847396
0 0.437109 0.766667 0.454688 0.766667 0.454688 0.789062 0.437109 0.789062
0 0.463281 0.777604 0.48125 0.777604 0.48125 0.802604 0.463281 0.802604
0 0.475 0.735417 0.494531 0.735417 0.494531 0.763021 0.475 0.763021
0 0.425391 0.713542 0.448047 0.713542 0.448047 0.736458 0.425391 0.736458
0 0.454297 0.689583 0.472266 0.689583 0.472266 0.714062 0.454297 0.714062
0 0.465234 0.665104 0.486328 0.665104 0.486328 0.689583 0.465234 0.689583
0 0.463672 0.636458 0.484375 0.636458 0.484375 0.659375 0.463672 0.659375
0 0.419531 0.674479 0.437891 0.674479 0.437891 0.701042 0.419531 0.701042
0 0.373047 0.655208 0.391016 0.655208 0.391016 0.683333 0.373047 0.683333
0 0.358203 0.683333 0.377734 0.683333 0.377734 0.702083 0.358203 0.702083
0 0.542188 0.798438 0.560938 0.798438 0.560938 0.824479 0.542188 0.824479
0 0.591406 0.770312 0.609766 0.770312 0.609766 0.799479 0.591406 0.799479
0 0.620703 0.770312 0.640234 0.770312 0.640234 0.796354 0.620703 0.796354
0 0.665625 0.784375 0.688672 0.784375 0.688672 0.808333 0.665625 0.808333
0 0.694531 0.801042 0.715234 0.801042 0.715234 0.823958 0.694531 0.823958
0 0.720703 0.786979 0.737891 0.786979 0.737891 0.815625 0.720703 0.815625
0 0.733984 0.769792 0.750781 0.769792 0.750781 0.793229 0.733984 0.793229
0 0.676953 0.838542 0.695312 0.838542 0.695312 0.867188 0.676953 0.867188
0 0.70625 0.852083 0.723047 0.852083 0.723047 0.876562 0.70625 0.876562
0 0.696094 0.878646 0.710547 0.878646 0.710547 0.903646 0.696094 0.903646
0 0.591406 0.815104 0.610938 0.815104 0.610938 0.841667 0.591406 0.841667
0 0.625781 0.836458 0.648047 0.836458 0.648047 0.865104 0.625781 0.865104
0 0.658594 0.904688 0.678516 0.904688 0.678516 0.930208 0.658594 0.930208
0 0.638672 0.871875 0.660156 0.871875 0.660156 0.898438 0.638672 0.898438
0 0.571484 0.848958 0.591406 0.848958 0.591406 0.873958 0.571484 0.873958
0 0.525391 0.836458 0.545312 0.836458 0.545312 0.866667 0.525391 0.866667
0 0.486719 0.854688 0.505469 0.854688 0.505469 0.884375 0.486719 0.884375
0 0.507031 0.873958 0.526562 0.873958 0.526562 0.904688 0.507031 0.904688
0 0.544141 0.876562 0.560938 0.876562 0.560938 0.901562 0.544141 0.901562
0 0.532812 0.904688 0.555469 0.904688 0.555469 0.93125 0.532812 0.93125
0 0.576562 0.908854 0.596484 0.908854 0.596484 0.938542 0.576562 0.938542
0 0.599219 0.892708 0.617578 0.892708 0.617578 0.920833 0.599219 0.920833
0 0.621875 0.886458 0.6375 0.886458 0.6375 0.914583 0.621875 0.914583
0 0.365234 0.917708 0.384375 0.917708 0.384375 0.947396 0.365234 0.947396
0 0.391016 0.926562 0.408594 0.926562 0.408594 0.956771 0.391016 0.956771
0 0.430469 0.933854 0.448828 0.933854 0.448828 0.958854 0.430469 0.958854
0 0.451172 0.905208 0.470703 0.905208 0.470703 0.93125 0.451172 0.93125
0 0.466406 0.931771 0.485938 0.931771 0.485938 0.957812 0.466406 0.957812
0 0.508203 0.916667 0.525391 0.916667 0.525391 0.938021 0.508203 0.938021
0 0.227344 0.832812 0.248047 0.832812 0.248047 0.8625 0.227344 0.8625
0 0.221484 0.896354 0.245312 0.896354 0.245312 0.923438 0.221484 0.923438
0 0.257031 0.810417 0.275 0.810417 0.275 0.8375 0.257031 0.8375
0 0.295312 0.859896 0.311328 0.859896 0.311328 0.889062 0.295312 0.889062
0 0.321094 0.872917 0.336328 0.872917 0.336328 0.902604 0.321094 0.902604
0 0.3 0.921875 0.319141 0.921875 0.319141 0.952083 0.3 0.952083
0 0.272266 0.960938 0.292578 0.960938 0.292578 0.9875 0.272266 0.9875
0 0.333984 0.919792 0.354297 0.919792 0.354297 0.950521 0.333984 0.950521
0 0.380078 0.884896 0.400781 0.884896 0.400781 0.913542 0.380078 0.913542
0 0.351172 0.965104 0.369141 0.965104 0.369141 0.998958 0.351172 0.998958
0 0.391406 0.969792 0.412891 0.969792 0.412891 0.996875 0.391406 0.996875
0 0.314062 0.954167 0.333984 0.954167 0.333984 0.982812 0.314062 0.982812
0 0.462109 0.963542 0.483203 0.963542 0.483203 0.990104 0.462109 0.990104
0 0.510938 0.955208 0.532422 0.955208 0.532422 0.979688 0.510938 0.979688
0 0.555469 0.949479 0.576562 0.949479 0.576562 0.975521 0.555469 0.975521
0 0.614062 0.951042 0.633594 0.951042 0.633594 0.974479 0.614062 0.974479
0 0.589844 0.966146 0.608203 0.966146 0.608203 0.99375 0.589844 0.99375