0 0.063281 0.017188 0.083203 0.017188 0.083203 0.045312 0.063281 0.045312
0 0.091016 0.0 0.105469 0.0 0.105469 0.011458 0.091016 0.011458
0 0.101562 0.023438 0.122656 0.023438 0.122656 0.047396 0.101562 0.047396
0 0.020703 0.020833 0.038281 0.020833 0.038281 0.039583 0.020703 0.039583
0 0.032422 0.04375 0.046875 0.04375 0.046875 0.069271 0.032422 0.069271
0 0.017578 0.099479 0.033984 0.099479 0.033984 0.127083 0.017578 0.127083
0 0.048047 0.090104 0.064453 0.090104 0.064453 0.126562 0.048047 0.126562
0 0.077344 0.072396 0.094922 0.072396 0.094922 0.100521 0.077344 0.100521
0 0.108984 0.069271 0.123047 0.069271 0.123047 0.0875 0.108984 0.0875
0 0.122266 0.094271 0.134766 0.094271 0.134766 0.118229 0.122266 0.118229
0 0.138672 0.073958 0.151172 0.073958 0.151172 0.094792 0.138672 0.094792
0 0.132031 0.046875 0.147656 0.046875 0.147656 0.071875 0.132031 0.071875
0 0.126562 0.0 0.145703 0.0 0.145703 0.018229 0.126562 0.018229
0 0.166797 0.011979 0.183984 0.011979 0.183984 0.0375 0.166797 0.0375
0 0.175 0.060417 0.189062 0.060417 0.189062 0.088021 0.175 0.088021
0 0.157812 0.077083 0.174219 0.077083 0.174219 0.096875 0.157812 0.096875
0 0.219531 0.016146 0.236719 0.016146 0.236719 0.040625 0.219531 0.040625
0 0.257812 0.015104 0.273047 0.015104 0.273047 0.039583 0.257812 0.039583
0 0.242578 0.075 0.259766 0.075 0.259766 0.097917 0.242578 0.097917
0 0.267969 0.111458 0.287109 0.111458 0.287109 0.134896 0.267969 0.134896
0 0.208203 0.063021 0.227344 0.063021 0.227344 0.080729 0.208203 0.080729
0 0.206641 0.101562 0.225391 0.101562 0.225391 0.123438 0.206641 0.123438
0 0.010156 0.167708 0.026562 0.167708 0.026562 0.190104 0.010156 0.190104
0 0.048438 0.157292 0.066016 0.157292 0.066016 0.175521 0.048438 0.175521
0 0.066406 0.13125 0.083984 0.13125 0.083984 0.145833 0.066406 0.145833
0 0.113281 0.139062 0.135156 0.139062 0.135156 0.160417 0.113281 0.160417
0 0.16875 0.173438 0.191016 0.173438 0.191016 0.198438 0.16875 0.198438
0 0.143359 0.159375 0.167578 0.159375 0.167578 0.18125 0.143359 0.18125
0 0.102344 0.179688 0.117969 0.179688 0.117969 0.196875 0.102344 0.196875
0 0.065234 0.186458 0.082031 0.186458 0.082031 0.203646 0.065234 0.203646
0 0.070703 0.210938 0.092188 0.210938 0.092188 0.238021 0.070703 0.238021
0 0.040234 0.207812 0.058203 0.207812 0.058203 0.236979 0.040234 0.236979
0 0.151562 0.129688 0.170703 0.129688 0.170703 0.145312 0.151562 0.145312
0 0.195703 0.143229 0.216797 0.143229 0.216797 0.16875 0.195703 0.16875
0 0.230469 0.129167 0.254297 0.129167 0.254297 0.153125 0.230469 0.153125
0 0.271875 0.148958 0.292188 0.148958 0.292188 0.18125 0.271875 0.18125
0 0.303125 0.153646 0.320312 0.153646 0.320312 0.176562 0.303125 0.176562
0 0.240234 0.158854 0.264453 0.158854 0.264453 0.184896 0.240234 0.184896
0 0.243359 0.190104 0.261719 0.190104 0.261719 0.213542 0.243359 0.213542
0 0.270703 0.196354 0.287891 0.196354 0.287891 0.225 0.270703 0.225
0 0.292578 0.182812 0.3125 0.182812 0.3125 0.207812 0.292578 0.207812
0 0.319531 0.170312 0.341016 0.170312 0.341016 0.197917 0.319531 0.197917
0 0.201953 0.188021 0.220312 0.188021 0.220312 0.215104 0.201953 0.215104
0 0.21875 0.202604 0.240234 0.202604 0.240234 0.232812 0.21875 0.232812
0 0.033984 0.260938 0.055078 0.260938 0.055078 0.284896 0.033984 0.284896
0 0.077734 0.259375 0.096094 0.259375 0.096094 0.283854 0.077734 0.283854
0 0.101953 0.2375 0.124609 0.2375 0.124609 0.260938 0.101953 0.260938
0 0.130078 0.269792 0.152344 0.269792 0.152344 0.291667 0.130078 0.291667
0 0.104688 0.279688 0.126953 0.279688 0.126953 0.309896 0.104688 0.309896
0 0.085938 0.289062 0.102734 0.289062 0.102734 0.31875 0.085938 0.31875
0 0.053516 0.299479 0.071484 0.299479 0.071484 0.328125 0.053516 0.328125
0 0.033984 0.304688 0.05 0.304688 0.05 0.329167 0.033984 0.329167
0 0.114062 0.197917 0.135938 0.197917 0.135938 0.219271 0.114062 0.219271
0 0.145312 0.202604 0.162891 0.202604 0.162891 0.225 0.145312 0.225
0 0.164453 0.226562 0.180469 0.226562 0.180469 0.248438 0.164453 0.248438
0 0.188281 0.220312 0.206641 0.220312 0.206641 0.244271 0.188281 0.244271
0 0.002344 0.469792 0.017969 0.469792 0.017969 0.491146 0.002344 0.491146
0 0.016406 0.451562 0.037109 0.451562 0.037109 0.477083 0.016406 0.477083
0 0.038281 0.469792 0.054688 0.469792 0.054688 0.504167 0.038281 0.504167
0 0.05625 0.432812 0.071875 0.432812 0.071875 0.460938 0.05625 0.460938
0 0.1 0.433333 0.116016 0.433333 0.116016 0.460417 0.1 0.460417
0 0.127734 0.424479 0.145312 0.424479 0.145312 0.446875 0.127734 0.446875
0 0.146875 0.409375 0.161328 0.409375 0.161328 0.433854 0.146875 0.433854
0 0.118359 0.382292 0.1375 0.382292 0.1375 0.404688 0.118359 0.404688
0 0.123047 0.351562 0.1375 0.351562 0.1375 0.371354 0.123047 0.371354
0 0.143359 0.340625 0.162109 0.340625 0.162109 0.360417 0.143359 0.360417
0 0.175391 0.327604 0.196094 0.327604 0.196094 0.35 0.175391 0.35
0 0.199609 0.322396 0.219141 0.322396 0.219141 0.347917 0.199609 0.347917
0 0.160938 0.371354 0.185938 0.371354 0.185938 0.394271 0.160938 0.394271
0 0.181641 0.392188 0.201953 0.392188 0.201953 0.420833 0.181641 0.420833
0 0.209375 0.429688 0.225781 0.429688 0.225781 0.457292 0.209375 0.457292
0 0.215625 0.373958 0.2375 0.373958 0.2375 0.397396 0.215625 0.397396
0 0.232031 0.328125 0.254688 0.328125 0.254688 0.357812 0.232031 0.357812
0 0.243359 0.357812 0.263281 0.357812 0.263281 0.391146 0.243359 0.391146
0 0.274219 0.373438 0.291797 0.373438 0.291797 0.401042 0.274219 0.401042
0 0.28125 0.405208 0.298828 0.405208 0.298828 0.429688 0.28125 0.429688
0 0.237109 0.397396 0.253516 0.397396 0.253516 0.433854 0.237109 0.433854
0 0.287109 0.330729 0.302734 0.330729 0.302734 0.354688 0.287109 0.354688
0 0.264844 0.323438 0.280078 0.323438 0.280078 0.352604 0.264844 0.352604
0 0.307031 0.302604 0.320703 0.302604 0.320703 0.326562 0.307031 0.326562
0 0.332812 0.304688 0.348047 0.304688 0.348047 0.335938 0.332812 0.335938
0 0.344141 0.269271 0.365234 0.269271 0.365234 0.294792 0.344141 0.294792
0 0.023438 0.577604 0.038281 0.577604 0.038281 0.595312 0.023438 0.595312
0 0.055859 0.538542 0.072266 0.538542 0.072266 0.567708 0.055859 0.567708
0 0.032812 0.532292 0.047656 0.532292 0.047656 0.563542 0.032812 0.563542
0 0.140234 0.517188 0.156641 0.517188 0.156641 0.542188 0.140234 0.542188
0 0.107031 0.471354 0.123438 0.471354 0.123438 0.495833 0.107031 0.495833
0 0.136719 0.4625 0.157031 0.4625 0.157031 0.485417 0.136719 0.485417
0 0.067969 0.480208 0.088281 0.480208 0.088281 0.507292 0.067969 0.507292
0 0.086719 0.540625 0.102734 0.540625 0.102734 0.571354 0.086719 0.571354
0 0.117969 0.54375 0.128516 0.54375 0.128516 0.566146 0.117969 0.566146
0 0.139062 0.55625 0.150781 0.55625 0.150781 0.580208 0.139062 0.580208
0 0.157031 0.544271 0.171875 0.544271 0.171875 0.569271 0.157031 0.569271
0 0.191016 0.549479 0.212891 0.549479 0.212891 0.575521 0.191016 0.575521
0 0.179297 0.509896 0.192969 0.509896 0.192969 0.530208 0.179297 0.530208
0 0.199219 0.523958 0.219531 0.523958 0.219531 0.547917 0.199219 0.547917
0 0.16875 0.446875 0.1875 0.446875 0.1875 0.473438 0.16875 0.473438
0 0.200391 0.477083 0.219531 0.477083 0.219531 0.502083 0.200391 0.502083
0 0.236719 0.461979 0.251563 0.461979 0.251563 0.488542 0.236719 0.488542
0 0.266016 0.461979 0.286328 0.461979 0.286328 0.488542 0.266016 0.488542
0 0.293359 0.446875 0.306641 0.446875 0.306641 0.476042 0.293359 0.476042
0 0.258203 0.497917 0.276953 0.497917 0.276953 0.523438 0.258203 0.523438
0 0.291797 0.501042 0.309375 0.501042 0.309375 0.526042 0.291797 0.526042
0 0.329688 0.489583 0.347266 0.489583 0.347266 0.511979 0.329688 0.511979
0 0.233203 0.532292 0.253125 0.532292 0.253125 0.558333 0.233203 0.558333
0 0.282812 0.547917 0.302344 0.547917 0.302344 0.573438 0.282812 0.573438
0 0.319141 0.543229 0.335547 0.543229 0.335547 0.564583 0.319141 0.564583
0 0.334375 0.564583 0.353516 0.564583 0.353516 0.586458 0.334375 0.586458
0 0.307422 0.577083 0.327344 0.577083 0.327344 0.602083 0.307422 0.602083
0 0.260547 0.591146 0.280469 0.591146 0.280469 0.619792 0.260547 0.619792
0 0.212891 0.564583 0.228516 0.564583 0.228516 0.594271 0.212891 0.594271
0 0.236719 0.58125 0.251563 0.58125 0.251563 0.606771 0.236719 0.606771
0 0.0 0.645833 0.011719 0.645833 0.011719 0.669271 0.0 0.669271
0 0.038672 0.628125 0.051172 0.628125 0.051172 0.660417 0.038672 0.660417
0 0.012109 0.610417 0.032812 0.610417 0.032812 0.63125 0.012109 0.63125
0 0.065234 0.597396 0.080469 0.597396 0.080469 0.626042 0.065234 0.626042
0 0.106641 0.577083 0.124609 0.577083 0.124609 0.608333 0.106641 0.608333
0 0.163672 0.601562 0.183203 0.601562 0.183203 0.633333 0.163672 0.633333
0 0.134766 0.635417 0.154297 0.635417 0.154297 0.667708 0.134766 0.667708
0 0.096875 0.656771 0.1125 0.656771 0.1125 0.683333 0.096875 0.683333
0 0.067188 0.644271 0.085938 0.644271 0.085938 0.666667 0.067188 0.666667
0 0.058594 0.695312 0.078906 0.695312 0.078906 0.729688 0.058594 0.729688
0 0.098438 0.705729 0.112891 0.705729 0.112891 0.727604 0.098438 0.727604
0 0.008594 0.771875 0.031641 0.771875 0.031641 0.799479 0.008594 0.799479
0 0.061328 0.757292 0.080469 0.757292 0.080469 0.782292 0.061328 0.782292
0 0.094922 0.74375 0.108984 0.74375 0.108984 0.764583 0.094922 0.764583
0 0.121875 0.745833 0.135547 0.745833 0.135547 0.763542 0.121875 0.763542
0 0.098047 0.771354 0.122656 0.771354 0.122656 0.798958 0.098047 0.798958
0 0.063281 0.792188 0.087891 0.792188 0.087891 0.818229 0.063281 0.818229
0 0.107031 0.807292 0.125781 0.807292 0.125781 0.830729 0.107031 0.830729
0 0.067188 0.833854 0.087109 0.833854 0.087109 0.855729 0.067188 0.855729
0 0.092969 0.847396 0.113672 0.847396 0.113672 0.873438 0.092969 0.873438
0 0.004297 0.829167 0.020703 0.829167 0.020703 0.85625 0.004297 0.85625
0 0.030078 0.827083 0.048047 0.827083 0.048047 0.8625 0.030078 0.8625
0 0.050781 0.875521 0.074219 0.875521 0.074219 0.897396 0.050781 0.897396
0 0.007422 0.888021 0.027344 0.888021 0.027344 0.910938 0.007422 0.910938
0 0.108984 0.882812 0.128125 0.882812 0.128125 0.908854 0.108984 0.908854
0 0.133984 0.849479 0.151562 0.849479 0.151562 0.882292 0.133984 0.882292
0 0.004688 0.935938 0.032422 0.935938 0.032422 0.958333 0.004688 0.958333
0 0.086719 0.91875 0.110938 0.91875 0.110938 0.944271 0.086719 0.944271
0 0.061719 0.945833 0.081641 0.945833 0.081641 0.969271 0.061719 0.969271
0 0.007031 0.964583 0.025781 0.964583 0.025781 0.985938 0.007031 0.985938
0 0.033594 0.969792 0.054297 0.969792 0.054297 0.999479 0.033594 0.999479
0 0.066797 0.98125 0.086328 0.98125 0.086328 0.999479 0.066797 0.999479
0 0.089453 0.9875 0.107031 0.9875 0.107031 0.999479 0.089453 0.999479
0 0.192969 0.932812 0.215625 0.932812 0.215625 0.956771 0.192969 0.956771
0 0.219531 0.923958 0.239062 0.923958 0.239062 0.945312 0.219531 0.945312
0 0.246875 0.911458 0.267969 0.911458 0.267969 0.936979 0.246875 0.936979
0 0.197266 0.904167 0.216797 0.904167 0.216797 0.926562 0.197266 0.926562
0 0.192578 0.876562 0.210938 0.876562 0.210938 0.898958 0.192578 0.898958
0 0.223047 0.881771 0.246875 0.881771 0.246875 0.910417 0.223047 0.910417
0 0.226562 0.956771 0.241406 0.956771 0.241406 0.976562 0.226562 0.976562
0 0.296484 0.950521 0.315234 0.950521 0.315234 0.971875 0.296484 0.971875
0 0.292188 0.978646 0.309766 0.978646 0.309766 0.999479 0.292188 0.999479
0 0.286719 0.910417 0.307422 0.910417 0.307422 0.935417 0.286719 0.935417
0 0.266406 0.868229 0.2875 0.868229 0.2875 0.889062 0.266406 0.889062
0 0.225391 0.848438 0.24375 0.848438 0.24375 0.871875 0.225391 0.871875
0 0.206641 0.842188 0.221875 0.842188 0.221875 0.864062 0.206641 0.864062
0 0.222266 0.816667 0.242969 0.816667 0.242969 0.844792 0.222266 0.844792
0 0.250391 0.829688 0.273438 0.829688 0.273438 0.858854 0.250391 0.858854
0 0.289453 0.828646 0.305469 0.828646 0.305469 0.853646 0.289453 0.853646
0 0.327734 0.894271 0.348438 0.894271 0.348438 0.91875 0.327734 0.91875
0 0.316016 0.975521 0.333203 0.975521 0.333203 0.997917 0.316016 0.997917
0 0.334766 0.955729 0.355859 0.955729 0.355859 0.978646 0.334766 0.978646
0 0.365234 0.955729 0.386719 0.955729 0.386719 0.976042 0.365234 0.976042
0 0.394141 0.938542 0.416406 0.938542 0.416406 0.964062 0.394141 0.964062
0 0.365234 0.910938 0.383594 0.910938 0.383594 0.935417 0.365234 0.935417
0 0.398047 0.892708 0.413281 0.892708 0.413281 0.916146 0.398047 0.916146
0 0.396875 0.84375 0.416406 0.84375 0.416406 0.866146 0.396875 0.866146
0 0.430859 0.814062 0.446484 0.814062 0.446484 0.840104 0.430859 0.840104
0 0.389844 0.810938 0.411328 0.810938 0.411328 0.835417 0.389844 0.835417
0 0.364453 0.828125 0.38125 0.828125 0.38125 0.852083 0.364453 0.852083
0 0.334766 0.844792 0.353125 0.844792 0.353125 0.869271 0.334766 0.869271
0 0.369922 0.873958 0.387891 0.873958 0.387891 0.894271 0.369922 0.894271
0 0.318359 0.807292 0.337891 0.807292 0.337891 0.8375 0.318359 0.8375
0 0.349609 0.792188 0.364453 0.792188 0.364453 0.817188 0.349609 0.817188
0 0.267969 0.798438 0.282812 0.798438 0.282812 0.820833 0.267969 0.820833
0 0.283984 0.771875 0.301172 0.771875 0.301172 0.796875 0.283984 0.796875
0 0.258984 0.768229 0.278125 0.768229 0.278125 0.786979 0.258984 0.786979
0 0.289453 0.746875 0.309766 0.746875 0.309766 0.765625 0.289453 0.765625
0 0.316016 0.777604 0.332422 0.777604 0.332422 0.798438 0.316016 0.798438
0 0.330859 0.746875 0.350391 0.746875 0.350391 0.769792 0.330859 0.769792
0 0.202734 0.785417 0.219531 0.785417 0.219531 0.810417 0.202734 0.810417
0 0.229688 0.779688 0.247266 0.779688 0.247266 0.809375 0.229688 0.809375
0 0.2125 0.733333 0.233594 0.733333 0.233594 0.759375 0.2125 0.759375
0 0.245703 0.739583 0.260938 0.739583 0.260938 0.764583 0.245703 0.764583
0 0.215234 0.669792 0.238672 0.669792 0.238672 0.689062 0.215234 0.689062
0 0.246094 0.666146 0.268359 0.666146 0.268359 0.689062 0.246094 0.689062
0 0.246094 0.697917 0.264062 0.697917 0.264062 0.719792 0.246094 0.719792
0 0.275 0.702604 0.288672 0.702604 0.288672 0.730729 0.275 0.730729
0 0.315625 0.721354 0.332031 0.721354 0.332031 0.742708 0.315625 0.742708
0 0.199609 0.600521 0.217578 0.600521 0.217578 0.619271 0.199609 0.619271
0 0.278516 0.623438 0.294141 0.623438 0.294141 0.645312 0.278516 0.645312
0 0.290625 0.652083 0.307812 0.652083 0.307812 0.679167 0.290625 0.679167
0 0.314844 0.673438 0.33125 0.673438 0.33125 0.697917 0.314844 0.697917
0 0.326953 0.652083 0.344531 0.652083 0.344531 0.671875 0.326953 0.671875
0 0.338672 0.689062 0.354688 0.689062 0.354688 0.720833 0.338672 0.720833
0 0.367578 0.682812 0.384766 0.682812 0.384766 0.709375 0.367578 0.709375
0 0.233203 0.633333 0.248828 0.633333 0.248828 0.656771 0.233203 0.656771
0 0.364062 0.740104 0.388281 0.740104 0.388281 0.765625 0.364062 0.765625
0 0.392578 0.786458 0.416016 0.786458 0.416016 0.80625 0.392578 0.80625
0 0.420703 0.759896 0.444531 0.759896 0.444531 0.785417 0.420703 0.785417
0 0.416406 0.727083 0.439062 0.727083 0.439062 0.750521 0.416406 0.750521
0 0.435938 0.700521 0.45625 0.700521 0.45625 0.724479 0.435938 0.724479
0 0.414844 0.68125 0.433984 0.68125 0.433984 0.706771 0.414844 0.706771
0 0.451562 0.730208 0.469141 0.730208 0.469141 0.751562 0.451562 0.751562
0 0.46875 0.693229 0.490234 0.693229 0.490234 0.715104 0.46875 0.715104
0 0.355859 0.588021 0.375781 0.588021 0.375781 0.615104 0.355859 0.615104
0 0.397656 0.605208 0.419141 0.605208 0.419141 0.625 0.397656 0.625
0 0.371484 0.626562 0.391016 0.626562 0.391016 0.651042 0.371484 0.651042
0 0.404688 0.651562 0.422266 0.651562 0.422266 0.676042 0.404688 0.676042
0 0.443359 0.636458 0.463281 0.636458 0.463281 0.659896 0.443359 0.659896
0 0.457422 0.751562 0.476562 0.751562 0.476562 0.769792 0.457422 0.769792
0 0.278906 0.072917 0.299219 0.072917 0.299219 0.096875 0.278906 0.096875
0 0.337109 0.010938 0.355469 0.010938 0.355469 0.033333 0.337109 0.033333
0 0.372266 0.036979 0.385938 0.036979 0.385938 0.058854 0.372266 0.058854
0 0.408203 0.0375 0.426953 0.0375 0.426953 0.060938 0.408203 0.060938
0 0.400391 0.005208 0.421094 0.005208 0.421094 0.025521 0.400391 0.025521
0 0.351953 0.054688 0.364844 0.054688 0.364844 0.076562 0.351953 0.076562
0 0.322266 0.04375 0.338672 0.04375 0.338672 0.068229 0.322266 0.068229
0 0.320312 0.110938 0.342578 0.110938 0.342578 0.141667 0.320312 0.141667
0 0.415625 0.133333 0.437891 0.133333 0.437891 0.164583 0.415625 0.164583
0 0.50625 0.057812 0.527344 0.057812 0.527344 0.077604 0.50625 0.077604
0 0.528516 0.084375 0.549609 0.084375 0.549609 0.107812 0.528516 0.107812
0 0.558984 0.042708 0.585156 0.042708 0.585156 0.067188 0.558984 0.067188
0 0.575391 0.008854 0.594531 0.008854 0.594531 0.029167 0.575391 0.029167
0 0.614062 0.0125 0.642969 0.0125 0.642969 0.032292 0.614062 0.032292
0 0.542188 0.002604 0.563281 0.002604 0.563281 0.023438 0.542188 0.023438
0 0.497656 0.103125 0.514453 0.103125 0.514453 0.120833 0.497656 0.120833
0 0.489844 0.129167 0.50625 0.129167 0.50625 0.146875 0.489844 0.146875
0 0.508984 0.151562 0.524219 0.151562 0.524219 0.170833 0.508984 0.170833
0 0.558984 0.104167 0.577734 0.104167 0.577734 0.126042 0.558984 0.126042
0 0.575391 0.081771 0.594922 0.081771 0.594922 0.104167 0.575391 0.104167
0 0.610156 0.089583 0.630859 0.089583 0.630859 0.109375 0.610156 0.109375
0 0.621484 0.055729 0.641016 0.055729 0.641016 0.08125 0.621484 0.08125
0 0.544141 0.129167 0.564062 0.129167 0.564062 0.15 0.544141 0.15
0 0.584375 0.126562 0.601953 0.126562 0.601953 0.150521 0.584375 0.150521
0 0.624219 0.139583 0.635938 0.139583 0.635938 0.158854 0.624219 0.158854
0 0.568359 0.161458 0.584766 0.161458 0.584766 0.180208 0.568359 0.180208
0 0.5375 0.175521 0.562109 0.175521 0.562109 0.201042 0.5375 0.201042
0 0.598828 0.184896 0.623828 0.184896 0.623828 0.207812 0.598828 0.207812
0 0.641406 0.147917 0.660156 0.147917 0.660156 0.169792 0.641406 0.169792
0 0.663672 0.123958 0.681641 0.123958 0.681641 0.147396 0.663672 0.147396
0 0.644141 0.093229 0.665234 0.093229 0.665234 0.117188 0.644141 0.117188
0 0.675391 0.147396 0.692578 0.147396 0.692578 0.177083 0.675391 0.177083
0 0.653516 0.177083 0.673438 0.177083 0.673438 0.196875 0.653516 0.196875
0 0.664453 0.206771 0.682812 0.206771 0.682812 0.228125 0.664453 0.228125
0 0.635547 0.211979 0.658203 0.211979 0.658203 0.236979 0.635547 0.236979
0 0.582812 0.21875 0.603906 0.21875 0.603906 0.242188 0.582812 0.242188
0 0.617969 0.249479 0.639062 0.249479 0.639062 0.276042 0.617969 0.276042
0 0.557031 0.223438 0.575781 0.223438 0.575781 0.245312 0.557031 0.245312
0 0.549609 0.248438 0.564062 0.248438 0.564062 0.268229 0.549609 0.268229
0 0.580469 0.247917 0.6 0.247917 0.6 0.270312 0.580469 0.270312
0 0.308984 0.386458 0.333203 0.386458 0.333203 0.409375 0.308984 0.409375
0 0.344141 0.376562 0.369531 0.376562 0.369531 0.399479 0.344141 0.399479
0 0.367969 0.347917 0.387109 0.347917 0.387109 0.377604 0.367969 0.377604
0 0.353125 0.309896 0.373438 0.309896 0.373438 0.336458 0.353125 0.336458
0 0.375391 0.301042 0.394141 0.301042 0.394141 0.327083 0.375391 0.327083
0 0.39375 0.321875 0.411719 0.321875 0.411719 0.350521 0.39375 0.350521
0 0.398828 0.295312 0.416797 0.295312 0.416797 0.319792 0.398828 0.319792
0 0.413672 0.335938 0.431641 0.335938 0.431641 0.368229 0.413672 0.368229
0 0.428516 0.379167 0.448047 0.379167 0.448047 0.404688 0.428516 0.404688
0 0.409375 0.418229 0.432812 0.418229 0.432812 0.44375 0.409375 0.44375
0 0.386719 0.386979 0.411719 0.386979 0.411719 0.413542 0.386719 0.413542
0 0.378125 0.420312 0.397656 0.420312 0.397656 0.441667 0.378125 0.441667
0 0.326172 0.416667 0.345312 0.416667 0.345312 0.439583 0.326172 0.439583
0 0.333984 0.450521 0.348828 0.450521 0.348828 0.469271 0.333984 0.469271
0 0.366016 0.453646 0.382031 0.453646 0.382031 0.474479 0.366016 0.474479
0 0.380859 0.575521 0.395703 0.575521 0.395703 0.595312 0.380859 0.595312
0 0.368359 0.548958 0.387891 0.548958 0.387891 0.572917 0.368359 0.572917
0 0.363672 0.517708 0.385938 0.517708 0.385938 0.542188 0.363672 0.542188
0 0.422656 0.529167 0.442578 0.529167 0.442578 0.551562 0.422656 0.551562
0 0.448438 0.551042 0.460547 0.551042 0.460547 0.571354 0.448438 0.571354
0 0.458594 0.579688 0.475 0.579688 0.475 0.607292 0.458594 0.607292
0 0.4375 0.585938 0.451953 0.585938 0.451953 0.611979 0.4375 0.611979
0 0.425781 0.494792 0.442188 0.494792 0.442188 0.515625 0.425781 0.515625
0 0.446094 0.505729 0.466406 0.505729 0.466406 0.529688 0.446094 0.529688
0 0.407031 0.472917 0.428516 0.472917 0.428516 0.492708 0.407031 0.492708
0 0.451562 0.469792 0.470312 0.469792 0.470312 0.489062 0.451562 0.489062
0 0.464453 0.252604 0.482812 0.252604 0.482812 0.277604 0.464453 0.277604
0 0.492578 0.268229 0.516016 0.268229 0.516016 0.292708 0.492578 0.292708
0 0.544922 0.283854 0.563672 0.283854 0.563672 0.306771 0.544922 0.306771
0 0.573047 0.291667 0.594531 0.291667 0.594531 0.315625 0.573047 0.315625
0 0.600391 0.280208 0.621484 0.280208 0.621484 0.304167 0.600391 0.304167
0 0.479297 0.292188 0.5 0.292188 0.5 0.315625 0.479297 0.315625
0 0.505469 0.333333 0.527344 0.333333 0.527344 0.355729 0.505469 0.355729
0 0.528516 0.303125 0.553516 0.303125 0.553516 0.326042 0.528516 0.326042
0 0.486328 0.326562 0.500781 0.326562 0.500781 0.348438 0.486328 0.348438
0 0.46875 0.326042 0.482031 0.326042 0.482031 0.348958 0.46875 0.348958
0 0.476562 0.368229 0.491406 0.368229 0.491406 0.392188 0.476562 0.392188
0 0.5 0.380208 0.515625 0.380208 0.515625 0.402083 0.5 0.402083
0 0.528906 0.390104 0.545703 0.390104 0.545703 0.410938 0.528906 0.410938
0 0.551953 0.373438 0.565234 0.373438 0.565234 0.396354 0.551953 0.396354
0 0.562109 0.335417 0.580469 0.335417 0.580469 0.351042 0.562109 0.351042
0 0.596094 0.349479 0.609766 0.349479 0.609766 0.373958 0.596094 0.373958
0 0.573828 0.377604 0.589062 0.377604 0.589062 0.401562 0.573828 0.401562
0 0.523438 0.359896 0.539453 0.359896 0.539453 0.383854 0.523438 0.383854
0 0.519922 0.434896 0.537109 0.434896 0.537109 0.455729 0.519922 0.455729
0 0.547656 0.442188 0.569141 0.442188 0.569141 0.460938 0.547656 0.460938
0 0.572266 0.416146 0.585547 0.416146 0.585547 0.439062 0.572266 0.439062
0 0.602734 0.395312 0.616797 0.395312 0.616797 0.417188 0.602734 0.417188
0 0.625 0.398958 0.639844 0.398958 0.639844 0.425 0.625 0.425
0 0.65625 0.391146 0.674219 0.391146 0.674219 0.413021 0.65625 0.413021
0 0.651172 0.351042 0.666797 0.351042 0.666797 0.374479 0.651172 0.374479
0 0.659375 0.419271 0.681641 0.419271 0.681641 0.443229 0.659375 0.443229
0 0.63125 0.440104 0.646094 0.440104 0.646094 0.465625 0.63125 0.465625
0 0.6625 0.468229 0.675 0.468229 0.675 0.486979 0.6625 0.486979
0 0.683203 0.468229 0.698438 0.468229 0.698438 0.498958 0.683203 0.498958
0 0.700781 0.458333 0.713672 0.458333 0.713672 0.485938 0.700781 0.485938
0 0.578906 0.465625 0.597656 0.465625 0.597656 0.4875 0.578906 0.4875
0 0.524609 0.472396 0.540625 0.472396 0.540625 0.486458 0.524609 0.486458
0 0.533594 0.515625 0.549219 0.515625 0.549219 0.538542 0.533594 0.538542
0 0.569141 0.498438 0.582422 0.498438 0.582422 0.520833 0.569141 0.520833
0 0.592578 0.5125 0.611328 0.5125 0.611328 0.535938 0.592578 0.535938
0 0.614062 0.532292 0.630859 0.532292 0.630859 0.556771 0.614062 0.556771
0 0.639844 0.550521 0.65625 0.550521 0.65625 0.568229 0.639844 0.568229
0 0.651953 0.518229 0.666406 0.518229 0.666406 0.535938 0.651953 0.535938
0 0.667969 0.498438 0.684375 0.498438 0.684375 0.518229 0.667969 0.518229
0 0.683984 0.532812 0.701562 0.532812 0.701562 0.554688 0.683984 0.554688
0 0.714062 0.515625 0.728906 0.515625 0.728906 0.539583 0.714062 0.539583
0 0.530859 0.584375 0.550781 0.584375 0.550781 0.607812 0.530859 0.607812
0 0.551562 0.544271 0.571484 0.544271 0.571484 0.574479 0.551562 0.574479
0 0.574609 0.538542 0.592578 0.538542 0.592578 0.563542 0.574609 0.563542
0 0.535938 0.548438 0.549219 0.548438 0.549219 0.56875 0.535938 0.56875
0 0.629688 0.582292 0.646484 0.582292 0.646484 0.604167 0.629688 0.604167
0 0.550391 0.658333 0.566797 0.658333 0.566797 0.683333 0.550391 0.683333
0 0.578906 0.622396 0.6 0.622396 0.6 0.653646 0.578906 0.653646
0 0.592188 0.664062 0.611328 0.664062 0.611328 0.688542 0.592188 0.688542
0 0.562891 0.678646 0.580469 0.678646 0.580469 0.701562 0.562891 0.701562
0 0.601953 0.620312 0.617578 0.620312 0.617578 0.64375 0.601953 0.64375
0 0.505469 0.959896 0.528516 0.959896 0.528516 0.980208 0.505469 0.980208
0 0.498047 0.917708 0.516797 0.917708 0.516797 0.942708 0.498047 0.942708
0 0.515234 0.878646 0.532812 0.878646 0.532812 0.905208 0.515234 0.905208
0 0.540625 0.907812 0.560156 0.907812 0.560156 0.940104 0.540625 0.940104
0 0.521875 0.927604 0.537891 0.927604 0.537891 0.953646 0.521875 0.953646
0 0.544531 0.95 0.564844 0.95 0.564844 0.967188 0.544531 0.967188
0 0.574219 0.958854 0.592969 0.958854 0.592969 0.985417 0.574219 0.985417
0 0.573047 0.925 0.591016 0.925 0.591016 0.944271 0.573047 0.944271
0 0.565625 0.894792 0.586328 0.894792 0.586328 0.919792 0.565625 0.919792
0 0.551562 0.843229 0.566797 0.843229 0.566797 0.871354 0.551562 0.871354
0 0.528516 0.817708 0.547656 0.817708 0.547656 0.844792 0.528516 0.844792
0 0.500391 0.844792 0.518359 0.844792 0.518359 0.870833 0.500391 0.870833
0 0.580469 0.844271 0.600781 0.844271 0.600781 0.872396 0.580469 0.872396
0 0.606641 0.900521 0.620312 0.900521 0.620312 0.932292 0.606641 0.932292
0 0.631641 0.905208 0.651562 0.905208 0.651562 0.931771 0.631641 0.931771
0 0.609375 0.964583 0.630859 0.964583 0.630859 0.989062 0.609375 0.989062
0 0.527344 0.777083 0.544141 0.777083 0.544141 0.802604 0.527344 0.802604
0 0.552734 0.796354 0.569531 0.796354 0.569531 0.824479 0.552734 0.824479
0 0.573047 0.789583 0.594141 0.789583 0.594141 0.820312 0.573047 0.820312
0 0.603516 0.817188 0.61875 0.817188 0.61875 0.8375 0.603516 0.8375
0 0.616797 0.791667 0.632422 0.791667 0.632422 0.811458 0.616797 0.811458
0 0.614062 0.85 0.632422 0.85 0.632422 0.878646 0.614062 0.878646
0 0.666016 0.567708 0.683984 0.567708 0.683984 0.592708 0.666016 0.592708
0 0.722266 0.617708 0.738281 0.617708 0.738281 0.64375 0.722266 0.64375
0 0.701562 0.650521 0.716016 0.650521 0.716016 0.674479 0.701562 0.674479
0 0.675781 0.66875 0.696875 0.66875 0.696875 0.692188 0.675781 0.692188
0 0.714453 0.684896 0.732422 0.684896 0.732422 0.7125 0.714453 0.7125
0 0.655469 0.755208 0.675781 0.755208 0.675781 0.778646 0.655469 0.778646
0 0.664062 0.720312 0.676562 0.720312 0.676562 0.742708 0.664062 0.742708
0 0.680859 0.713542 0.698438 0.713542 0.698438 0.74375 0.680859 0.74375
0 0.70625 0.728646 0.727734 0.728646 0.727734 0.755208 0.70625 0.755208
0 0.740625 0.741146 0.760156 0.741146 0.760156 0.772396 0.740625 0.772396
0 0.704297 0.764062 0.724609 0.764062 0.724609 0.786458 0.704297 0.786458
0 0.678516 0.779688 0.698438 0.779688 0.698438 0.804167 0.678516 0.804167
0 0.741016 0.852604 0.759375 0.852604 0.759375 0.880208 0.741016 0.880208
0 0.729297 0.889583 0.745703 0.889583 0.745703 0.921354 0.729297 0.921354
0 0.75625 0.9125 0.772656 0.9125 0.772656 0.942708 0.75625 0.942708
0 0.774609 0.869792 0.79375 0.869792 0.79375 0.896875 0.774609 0.896875
0 0.744141 0.797396 0.759766 0.797396 0.759766 0.825 0.744141 0.825
0 0.774609 0.767708 0.794141 0.767708 0.794141 0.794271 0.774609 0.794271
0 0.772266 0.825 0.792969 0.825 0.792969 0.85 0.772266 0.85
0 0.734766 0.933854 0.751172 0.933854 0.751172 0.961979 0.734766 0.961979
0 0.787891 0.904167 0.796875 0.904167 0.796875 0.926562 0.787891 0.926562
0 0.801172 0.930208 0.820703 0.930208 0.820703 0.960417 0.801172 0.960417
0 0.647266 0.023438 0.666406 0.023438 0.666406 0.041146 0.647266 0.041146
0 0.655469 0.055208 0.671484 0.055208 0.671484 0.076042 0.655469 0.076042
0 0.689062 0.076042 0.705859 0.076042 0.705859 0.094271 0.689062 0.094271
0 0.684375 0.102604 0.699609 0.102604 0.699609 0.115104 0.684375 0.115104
0 0.728125 0.006771 0.743359 0.006771 0.743359 0.026042 0.728125 0.026042
0 0.741797 0.032292 0.757812 0.032292 0.757812 0.061979 0.741797 0.061979
0 0.773047 0.040104 0.785547 0.040104 0.785547 0.064062 0.773047 0.064062
0 0.798047 0.060938 0.815234 0.060938 0.815234 0.089583 0.798047 0.089583
0 0.748828 0.071875 0.764062 0.071875 0.764062 0.089062 0.748828 0.089062
0 0.723438 0.057292 0.733594 0.057292 0.733594 0.079688 0.723438 0.079688
0 0.787109 0.00625 0.804688 0.00625 0.804688 0.032292 0.787109 0.032292
0 0.812891 0.008333 0.829688 0.008333 0.829688 0.033854 0.812891 0.033854
0 0.837891 0.005729 0.853906 0.005729 0.853906 0.029167 0.837891 0.029167
0 0.883203 0.0 0.899609 0.0 0.899609 0.019792 0.883203 0.019792
0 0.910156 0.017708 0.930859 0.017708 0.930859 0.038021 0.910156 0.038021
0 0.960547 0.0 0.978125 0.0 0.978125 0.028646 0.960547 0.028646
0 0.846875 0.039583 0.867188 0.039583 0.867188 0.065104 0.846875 0.065104
0 0.840625 0.103646 0.858984 0.103646 0.858984 0.129688 0.840625 0.129688
0 0.865625 0.119792 0.884375 0.119792 0.884375 0.139583 0.865625 0.139583
0 0.862109 0.085417 0.877734 0.085417 0.877734 0.102604 0.862109 0.102604
0 0.904688 0.079167 0.920312 0.079167 0.920312 0.101562 0.904688 0.101562
0 0.920312 0.120312 0.937891 0.120312 0.937891 0.14375 0.920312 0.14375
0 0.899219 0.125 0.916016 0.125 0.916016 0.147396 0.899219 0.147396
0 0.878516 0.151042 0.900391 0.151042 0.900391 0.171354 0.878516 0.171354
0 0.906641 0.163542 0.924219 0.163542 0.924219 0.190104 0.906641 0.190104
0 0.751172 0.223438 0.764453 0.223438 0.764453 0.246354 0.751172 0.246354
0 0.740625 0.196875 0.758984 0.196875 0.758984 0.213542 0.740625 0.213542
0 0.797656 0.203125 0.817969 0.203125 0.817969 0.225521 0.797656 0.225521
0 0.832031 0.240625 0.848047 0.240625 0.848047 0.259896 0.832031 0.259896
0 0.798047 0.239583 0.814844 0.239583 0.814844 0.265625 0.798047 0.265625
0 0.812891 0.271354 0.832031 0.271354 0.832031 0.296354 0.812891 0.296354
0 0.738672 0.245312 0.754688 0.245312 0.754688 0.265104 0.738672 0.265104
0 0.757812 0.251042 0.770703 0.251042 0.770703 0.268229 0.757812 0.268229
0 0.776562 0.264062 0.798047 0.264062 0.798047 0.285938 0.776562 0.285938
0 0.762891 0.286458 0.778125 0.286458 0.778125 0.306771 0.762891 0.306771
0 0.792188 0.306771 0.814062 0.306771 0.814062 0.332812 0.792188 0.332812
0 0.833984 0.323438 0.856641 0.323438 0.856641 0.34375 0.833984 0.34375
0 0.835938 0.285938 0.853906 0.285938 0.853906 0.308333 0.835938 0.308333
0 0.865625 0.260417 0.882422 0.260417 0.882422 0.284896 0.865625 0.284896
0 0.730859 0.291667 0.745312 0.291667 0.745312 0.3125 0.730859 0.3125
0 0.751172 0.317188 0.769922 0.317188 0.769922 0.336979 0.751172 0.336979
0 0.689062 0.314062 0.708203 0.314062 0.708203 0.331771 0.689062 0.331771
0 0.698438 0.345312 0.716016 0.345312 0.716016 0.3625 0.698438 0.3625
0 0.738281 0.344792 0.759766 0.344792 0.759766 0.369271 0.738281 0.369271
0 0.778516 0.363021 0.795312 0.363021 0.795312 0.384896 0.778516 0.384896
0 0.814062 0.353646 0.837891 0.353646 0.837891 0.376562 0.814062 0.376562
0 0.709375 0.377083 0.730469 0.377083 0.730469 0.398438 0.709375 0.398438
0 0.723438 0.408333 0.744531 0.408333 0.744531 0.430729 0.723438 0.430729
0 0.741406 0.447917 0.757031 0.447917 0.757031 0.470312 0.741406 0.470312
0 0.721875 0.480208 0.739062 0.480208 0.739062 0.505208 0.721875 0.505208
0 0.747656 0.482292 0.767969 0.482292 0.767969 0.505729 0.747656 0.505729
0 0.748047 0.522917 0.762109 0.522917 0.762109 0.551562 0.748047 0.551562
0 0.729688 0.508333 0.749609 0.508333 0.749609 0.533333 0.729688 0.533333
0 0.766016 0.65625 0.788281 0.65625 0.788281 0.684375 0.766016 0.684375
0 0.803125 0.679167 0.822656 0.679167 0.822656 0.706771 0.803125 0.706771
0 0.818359 0.653125 0.833594 0.653125 0.833594 0.678125 0.818359 0.678125
0 0.823047 0.707812 0.839062 0.707812 0.839062 0.728125 0.823047 0.728125
0 0.855078 0.716667 0.869531 0.716667 0.869531 0.736979 0.855078 0.736979
0 0.841016 0.744792 0.85625 0.744792 0.85625 0.768229 0.841016 0.768229
0 0.780469 0.720312 0.801562 0.720312 0.801562 0.745833 0.780469 0.745833
0 0.808594 0.757292 0.827734 0.757292 0.827734 0.778646 0.808594 0.778646
0 0.855078 0.759896 0.871875 0.759896 0.871875 0.785938 0.855078 0.785938
0 0.797656 0.791667 0.813281 0.791667 0.813281 0.811979 0.797656 0.811979
0 0.8 0.817188 0.816016 0.817188 0.816016 0.840104 0.8 0.840104
0 0.821094 0.827604 0.834375 0.827604 0.834375 0.850521 0.821094 0.850521
0 0.848438 0.825 0.858984 0.825 0.858984 0.848438 0.848438 0.848438
0 0.837891 0.796354 0.853516 0.796354 0.853516 0.816667 0.837891 0.816667
0 0.839844 0.890104 0.856641 0.890104 0.856641 0.908333 0.839844 0.908333
0 0.859766 0.853646 0.877344 0.853646 0.877344 0.872396 0.859766 0.872396
0 0.801953 0.8625 0.818359 0.8625 0.818359 0.891667 0.801953 0.891667
0 0.908203 0.842708 0.924609 0.842708 0.924609 0.856771 0.908203 0.856771
0 0.974609 0.238542 0.994531 0.238542 0.994531 0.258854 0.974609 0.258854
0 0.967188 0.284375 0.985938 0.284375 0.985938 0.317188 0.967188 0.317188
0 0.930859 0.283333 0.947656 0.283333 0.947656 0.302083 0.930859 0.302083
0 0.955469 0.366146 0.972266 0.366146 0.972266 0.391667 0.955469 0.391667
0 0.986328 0.3625 0.999609 0.3625 0.999609 0.38125 0.986328 0.38125
0 0.913281 0.353125 0.933984 0.353125 0.933984 0.376562 0.913281 0.376562
0 0.894922 0.38125 0.909766 0.38125 0.909766 0.405729 0.894922 0.405729
0 0.924609 0.380208 0.942969 0.380208 0.942969 0.404688 0.924609 0.404688
0 0.944531 0.409896 0.9625 0.409896 0.9625 0.43125 0.944531 0.43125
0 0.979297 0.403125 0.999219 0.403125 0.999219 0.428646 0.979297 0.428646
0 0.967188 0.432292 0.985156 0.432292 0.985156 0.455208 0.967188 0.455208
0 0.940234 0.451562 0.958984 0.451562 0.958984 0.467708 0.940234 0.467708
0 0.907812 0.439062 0.924609 0.439062 0.924609 0.467708 0.907812 0.467708
0 0.875391 0.426042 0.895703 0.426042 0.895703 0.447396 0.875391 0.447396
0 0.876953 0.452083 0.899609 0.452083 0.899609 0.475521 0.876953 0.475521
0 0.913281 0.304688 0.928906 0.304688 0.928906 0.322396 0.913281 0.322396
0 0.953516 0.26875 0.967969 0.26875 0.967969 0.285938 0.953516 0.285938
0 0.805859 0.40625 0.819922 0.40625 0.819922 0.433854 0.805859 0.433854
0 0.808594 0.518229 0.825781 0.518229 0.825781 0.541146 0.808594 0.541146
0 0.875781 0.513542 0.894531 0.513542 0.894531 0.534896 0.875781 0.534896
0 0.894922 0.477604 0.913281 0.477604 0.913281 0.494792 0.894922 0.494792
0 0.855469 0.472396 0.871484 0.472396 0.871484 0.501562 0.855469 0.501562
0 0.828125 0.470833 0.845703 0.470833 0.845703 0.495833 0.828125 0.495833
0 0.836328 0.534375 0.858594 0.534375 0.858594 0.557292 0.836328 0.557292
0 0.828906 0.565104 0.844141 0.565104 0.844141 0.583854 0.828906 0.583854
0 0.854688 0.591146 0.869922 0.591146 0.869922 0.613021 0.854688 0.613021
0 0.887891 0.559896 0.903125 0.559896 0.903125 0.576562 0.887891 0.576562
0 0.914453 0.580208 0.932031 0.580208 0.932031 0.596354 0.914453 0.596354
0 0.887891 0.60625 0.902734 0.60625 0.902734 0.629167 0.887891 0.629167
0 0.917578 0.611979 0.936328 0.611979 0.936328 0.626562 0.917578 0.626562
0 0.943359 0.613542 0.957422 0.613542 0.957422 0.634896 0.943359 0.634896
0 0.949609 0.563542 0.967188 0.563542 0.967188 0.580208 0.949609 0.580208
0 0.905078 0.53125 0.926562 0.53125 0.926562 0.555729 0.905078 0.555729
0 0.942969 0.519792 0.966797 0.519792 0.966797 0.544271 0.942969 0.544271
0 0.917188 0.490625 0.934766 0.490625 0.934766 0.520833 0.917188 0.520833
0 0.961719 0.623958 0.976172 0.623958 0.976172 0.65 0.961719 0.65
0 0.986328 0.613021 0.998438 0.613021 0.998438 0.634375 0.986328 0.634375
0 0.937109 0.653646 0.948828 0.653646 0.948828 0.673438 0.937109 0.673438
0 0.908594 0.631771 0.922266 0.631771 0.922266 0.653646 0.908594 0.653646
0 0.897266 0.650521 0.908984 0.650521 0.908984 0.671354 0.897266 0.671354
0 0.877344 0.656771 0.891016 0.656771 0.891016 0.676562 0.877344 0.676562
0 0.854297 0.652083 0.869531 0.652083 0.869531 0.671354 0.854297 0.671354
0 0.988672 0.466667 0.999609 0.466667 0.999609 0.490104 0.988672 0.490104
0 0.964844 0.488021 0.976172 0.488021 0.976172 0.508333 0.964844 0.508333
0 0.986328 0.548438 0.999609 0.548438 0.999609 0.572917 0.986328 0.572917