0 0.099609 0.0 0.129688 0.0 0.129688 0.018229 0.099609 0.018229
0 0.122656 0.032292 0.142578 0.032292 0.142578 0.063021 0.122656 0.063021
0 0.089062 0.035938 0.113281 0.035938 0.113281 0.061458 0.089062 0.061458
0 0.100391 0.072917 0.120703 0.072917 0.120703 0.102604 0.100391 0.102604
0 0.142969 0.053125 0.165234 0.053125 0.165234 0.079167 0.142969 0.079167
0 0.173828 0.022917 0.199609 0.022917 0.199609 0.046875 0.173828 0.046875
0 0.00625 0.063021 0.025781 0.063021 0.025781 0.090625 0.00625 0.090625
0 0.011328 0.109375 0.03125 0.109375 0.03125 0.139062 0.011328 0.139062
0 0.232031 0.011979 0.260547 0.011979 0.260547 0.034375 0.232031 0.034375
0 0.266016 0.042188 0.289062 0.042188 0.289062 0.070312 0.266016 0.070312
0 0.276172 0.009375 0.303125 0.009375 0.303125 0.028646 0.276172 0.028646
0 0.025 0.132812 0.044141 0.132812 0.044141 0.15625 0.025 0.15625
0 0.008984 0.160417 0.034766 0.160417 0.034766 0.184375 0.008984 0.184375
0 0.113672 0.132292 0.130078 0.132292 0.130078 0.164583 0.113672 0.164583
0 0.1375 0.130208 0.154297 0.130208 0.154297 0.164583 0.1375 0.164583
0 0.166406 0.139583 0.183594 0.139583 0.183594 0.168229 0.166406 0.168229
0 0.166406 0.096875 0.189453 0.096875 0.189453 0.124479 0.166406 0.124479
0 0.215625 0.076562 0.233594 0.076562 0.233594 0.107812 0.215625 0.107812
0 0.239453 0.077083 0.250391 0.077083 0.250391 0.107812 0.239453 0.107812
0 0.004297 0.245312 0.022266 0.245312 0.022266 0.273958 0.004297 0.273958
0 0.048828 0.229167 0.066016 0.229167 0.066016 0.255208 0.048828 0.255208
0 0.021875 0.275521 0.048047 0.275521 0.048047 0.305729 0.021875 0.305729
0 0.065625 0.303646 0.083984 0.303646 0.083984 0.329167 0.065625 0.329167
0 0.041016 0.339062 0.057422 0.339062 0.057422 0.372396 0.041016 0.372396
0 0.059375 0.357812 0.073828 0.357812 0.073828 0.385938 0.059375 0.385938
0 0.521875 0.017708 0.5375 0.017708 0.5375 0.050521 0.521875 0.050521
0 0.488281 0.030208 0.509375 0.030208 0.509375 0.063542 0.488281 0.063542
0 0.441797 0.043229 0.464453 0.043229 0.464453 0.068229 0.441797 0.068229
0 0.425 0.076042 0.451953 0.076042 0.451953 0.103646 0.425 0.103646
0 0.487891 0.092188 0.508984 0.092188 0.508984 0.121354 0.487891 0.121354
0 0.524219 0.076042 0.541797 0.076042 0.541797 0.107292 0.524219 0.107292
0 0.377734 0.093229 0.398828 0.093229 0.398828 0.122917 0.377734 0.122917
0 0.392578 0.134896 0.411719 0.134896 0.411719 0.163542 0.392578 0.163542
0 0.421875 0.122396 0.444141 0.122396 0.444141 0.148958 0.421875 0.148958
0 0.450391 0.135417 0.470703 0.135417 0.470703 0.1625 0.450391 0.1625
0 0.472656 0.160938 0.489844 0.160938 0.489844 0.198958 0.472656 0.198958
0 0.503125 0.13125 0.519141 0.13125 0.519141 0.159375 0.503125 0.159375
0 0.538672 0.123438 0.558203 0.123438 0.558203 0.155208 0.538672 0.155208
0 0.569922 0.117188 0.5875 0.117188 0.5875 0.151042 0.569922 0.151042
0 0.580469 0.15625 0.601562 0.15625 0.601562 0.18125 0.580469 0.18125
0 0.553516 0.16875 0.571484 0.16875 0.571484 0.198958 0.553516 0.198958
0 0.527734 0.176042 0.545312 0.176042 0.545312 0.2125 0.527734 0.2125
0 0.346094 0.206771 0.363281 0.206771 0.363281 0.243229 0.346094 0.243229
0 0.41875 0.176562 0.444922 0.176562 0.444922 0.199479 0.41875 0.199479
0 0.388281 0.183333 0.40625 0.183333 0.40625 0.210938 0.388281 0.210938
0 0.382812 0.217188 0.403125 0.217188 0.403125 0.238542 0.382812 0.238542
0 0.296875 0.239583 0.316016 0.239583 0.316016 0.265625 0.296875 0.265625
0 0.275781 0.259896 0.294141 0.259896 0.294141 0.289583 0.275781 0.289583
0 0.245312 0.305208 0.263281 0.305208 0.263281 0.339062 0.245312 0.339062
0 0.266406 0.30625 0.282812 0.30625 0.282812 0.335417 0.266406 0.335417
0 0.296484 0.296875 0.322656 0.296875 0.322656 0.322917 0.296484 0.322917
0 0.207812 0.313021 0.226562 0.313021 0.226562 0.34375 0.207812 0.34375
0 0.230469 0.383854 0.249219 0.383854 0.249219 0.418229 0.230469 0.418229
0 0.270703 0.35625 0.295703 0.35625 0.295703 0.386458 0.270703 0.386458
0 0.321094 0.348958 0.338281 0.348958 0.338281 0.380208 0.321094 0.380208
0 0.168359 0.418229 0.187109 0.418229 0.187109 0.443229 0.168359 0.443229
0 0.172266 0.470833 0.196875 0.470833 0.196875 0.493229 0.172266 0.493229
0 0.202344 0.492188 0.222266 0.492188 0.222266 0.515104 0.202344 0.515104
0 0.230859 0.501562 0.253516 0.501562 0.253516 0.533854 0.230859 0.533854
0 0.226953 0.438542 0.255469 0.438542 0.255469 0.464583 0.226953 0.464583
0 0.085547 0.572396 0.109766 0.572396 0.109766 0.594271 0.085547 0.594271
0 0.139062 0.638542 0.168359 0.638542 0.168359 0.661979 0.139062 0.661979
0 0.019531 0.610417 0.039453 0.610417 0.039453 0.636458 0.019531 0.636458
0 0.060156 0.617708 0.079297 0.617708 0.079297 0.645312 0.060156 0.645312
0 0.0 0.615104 0.015234 0.615104 0.015234 0.640625 0.0 0.640625
0 0.025781 0.653125 0.051953 0.653125 0.051953 0.679167 0.025781 0.679167
0 0.065625 0.665104 0.089844 0.665104 0.089844 0.69375 0.065625 0.69375
0 0.0 0.674479 0.008594 0.674479 0.008594 0.7 0.0 0.7
0 0.024219 0.6875 0.051172 0.6875 0.051172 0.715104 0.024219 0.715104
0 0.000391 0.732292 0.021484 0.732292 0.021484 0.761979 0.000391 0.761979
0 0.044531 0.731771 0.063281 0.731771 0.063281 0.766146 0.044531 0.766146
0 0.081641 0.713542 0.101562 0.713542 0.101562 0.749479 0.081641 0.749479
0 0.012109 0.772396 0.034375 0.772396 0.034375 0.796354 0.012109 0.796354
0 0.065234 0.772396 0.084375 0.772396 0.084375 0.799479 0.065234 0.799479
0 0.099219 0.798438 0.117188 0.798438 0.117188 0.830208 0.099219 0.830208
0 0.111328 0.747917 0.130469 0.747917 0.130469 0.780729 0.111328 0.780729
0 0.037891 0.822396 0.059375 0.822396 0.059375 0.844792 0.037891 0.844792
0 0.0125 0.860417 0.030859 0.860417 0.030859 0.886979 0.0125 0.886979
0 0.034375 0.880729 0.053906 0.880729 0.053906 0.905208 0.034375 0.905208
0 0.091797 0.839062 0.117578 0.839062 0.117578 0.861458 0.091797 0.861458
0 0.110547 0.886458 0.128125 0.886458 0.128125 0.920312 0.110547 0.920312
0 0.026953 0.927604 0.049219 0.927604 0.049219 0.947917 0.026953 0.947917
0 0.005859 0.961458 0.023828 0.961458 0.023828 0.983854 0.005859 0.983854
0 0.046094 0.978125 0.068359 0.978125 0.068359 0.999479 0.046094 0.999479
0 0.091016 0.979167 0.108984 0.979167 0.108984 0.999479 0.091016 0.999479
0 0.498828 0.220312 0.520312 0.220312 0.520312 0.254167 0.498828 0.254167
0 0.466406 0.229167 0.487891 0.229167 0.487891 0.260417 0.466406 0.260417
0 0.419922 0.248438 0.437891 0.248438 0.437891 0.272396 0.419922 0.272396
0 0.385156 0.265104 0.403906 0.265104 0.403906 0.292188 0.385156 0.292188
0 0.439844 0.301562 0.456641 0.301562 0.456641 0.334896 0.439844 0.334896
0 0.465625 0.327604 0.491016 0.327604 0.491016 0.351562 0.465625 0.351562
0 0.346094 0.313021 0.3625 0.313021 0.3625 0.343229 0.346094 0.343229
0 0.385156 0.33125 0.403906 0.33125 0.403906 0.354167 0.385156 0.354167
0 0.485938 0.280729 0.503516 0.280729 0.503516 0.304167 0.485938 0.304167
0 0.526953 0.317708 0.549609 0.317708 0.549609 0.345312 0.526953 0.345312
0 0.544141 0.26875 0.560156 0.26875 0.560156 0.301042 0.544141 0.301042
0 0.275 0.404167 0.292969 0.404167 0.292969 0.43125 0.275 0.43125
0 0.307031 0.404167 0.322266 0.404167 0.322266 0.432812 0.307031 0.432812
0 0.326562 0.393229 0.35 0.393229 0.35 0.413542 0.326562 0.413542
0 0.335938 0.425 0.354297 0.425 0.354297 0.451562 0.335938 0.451562
0 0.361328 0.415104 0.38125 0.415104 0.38125 0.45 0.361328 0.45
0 0.364844 0.472917 0.388281 0.472917 0.388281 0.501562 0.364844 0.501562
0 0.312891 0.454688 0.332031 0.454688 0.332031 0.486458 0.312891 0.486458
0 0.281641 0.451562 0.301562 0.451562 0.301562 0.477604 0.281641 0.477604
0 0.267578 0.488021 0.289062 0.488021 0.289062 0.519792 0.267578 0.519792
0 0.412109 0.442188 0.430469 0.442188 0.430469 0.475521 0.412109 0.475521
0 0.376562 0.515625 0.400781 0.515625 0.400781 0.539583 0.376562 0.539583
0 0.332812 0.520312 0.353906 0.520312 0.353906 0.540625 0.332812 0.540625
0 0.255078 0.571354 0.275 0.571354 0.275 0.602083 0.255078 0.602083
0 0.291016 0.554688 0.310938 0.554688 0.310938 0.589583 0.291016 0.589583
0 0.323438 0.559896 0.34375 0.559896 0.34375 0.5875 0.323438 0.5875
0 0.367188 0.560417 0.3875 0.560417 0.3875 0.582812 0.367188 0.582812
0 0.124609 0.695312 0.142578 0.695312 0.142578 0.727604 0.124609 0.727604
0 0.148828 0.759375 0.167969 0.759375 0.167969 0.781771 0.148828 0.781771
0 0.169141 0.786979 0.188281 0.786979 0.188281 0.815625 0.169141 0.815625
0 0.156641 0.867708 0.177734 0.867708 0.177734 0.895833 0.156641 0.895833
0 0.178516 0.820833 0.204297 0.820833 0.204297 0.844271 0.178516 0.844271
0 0.217969 0.838021 0.240625 0.838021 0.240625 0.872396 0.217969 0.872396
0 0.21875 0.882812 0.244141 0.882812 0.244141 0.904167 0.21875 0.904167
0 0.202344 0.90625 0.219141 0.90625 0.219141 0.9375 0.202344 0.9375
0 0.217578 0.960938 0.24375 0.960938 0.24375 0.985417 0.217578 0.985417
0 0.158984 0.944792 0.184766 0.944792 0.184766 0.972396 0.158984 0.972396
0 0.223828 0.759375 0.249219 0.759375 0.249219 0.789583 0.223828 0.789583
0 0.244922 0.797917 0.265234 0.797917 0.265234 0.830729 0.244922 0.830729
0 0.258594 0.844271 0.275781 0.844271 0.275781 0.880729 0.258594 0.880729
0 0.367969 0.866667 0.390625 0.866667 0.390625 0.897917 0.367969 0.897917
0 0.359766 0.903646 0.3875 0.903646 0.3875 0.93125 0.359766 0.93125
0 0.348047 0.952604 0.369141 0.952604 0.369141 0.982812 0.348047 0.982812
0 0.376562 0.943229 0.398828 0.943229 0.398828 0.977083 0.376562 0.977083
0 0.410156 0.935938 0.432031 0.935938 0.432031 0.967708 0.410156 0.967708
0 0.432812 0.928125 0.453516 0.928125 0.453516 0.958854 0.432812 0.958854
0 0.417969 0.878646 0.441016 0.878646 0.441016 0.904688 0.417969 0.904688
0 0.441016 0.857812 0.467188 0.857812 0.467188 0.883333 0.441016 0.883333
0 0.475391 0.903646 0.497656 0.903646 0.497656 0.935938 0.475391 0.935938
0 0.492578 0.956771 0.514453 0.956771 0.514453 0.979167 0.492578 0.979167
0 0.542578 0.960938 0.566406 0.960938 0.566406 0.989583 0.542578 0.989583
0 0.524609 0.933854 0.556641 0.933854 0.556641 0.9625 0.524609 0.9625
0 0.518359 0.902604 0.541797 0.902604 0.541797 0.926042 0.518359 0.926042
0 0.523438 0.863542 0.546094 0.863542 0.546094 0.894792 0.523438 0.894792
0 0.555859 0.872396 0.583203 0.872396 0.583203 0.897396 0.555859 0.897396
0 0.560938 0.980208 0.580469 0.980208 0.580469 0.999479 0.560938 0.999479
0 0.277734 0.607292 0.296094 0.607292 0.296094 0.640625 0.277734 0.640625
0 0.328516 0.654167 0.354297 0.654167 0.354297 0.679688 0.328516 0.679688
0 0.327344 0.697917 0.355859 0.697917 0.355859 0.719792 0.327344 0.719792
0 0.317578 0.719792 0.338281 0.719792 0.338281 0.748958 0.317578 0.748958
0 0.351953 0.729167 0.375391 0.729167 0.375391 0.757292 0.351953 0.757292
0 0.374609 0.751042 0.394141 0.751042 0.394141 0.783854 0.374609 0.783854
0 0.407422 0.775521 0.430078 0.775521 0.430078 0.799479 0.407422 0.799479
0 0.422266 0.745833 0.446094 0.745833 0.446094 0.775 0.422266 0.775
0 0.433984 0.719271 0.45625 0.719271 0.45625 0.74375 0.433984 0.74375
0 0.455078 0.7625 0.476953 0.7625 0.476953 0.788542 0.455078 0.788542
0 0.485156 0.742188 0.512891 0.742188 0.512891 0.765625 0.485156 0.765625
0 0.464844 0.706771 0.485938 0.706771 0.485938 0.733854 0.464844 0.733854
0 0.449609 0.676562 0.471875 0.676562 0.471875 0.70625 0.449609 0.70625
0 0.410547 0.671875 0.432031 0.671875 0.432031 0.697917 0.410547 0.697917
0 0.6375 0.0 0.653906 0.0 0.653906 0.023438 0.6375 0.023438
0 0.641406 0.023438 0.664453 0.023438 0.664453 0.049479 0.641406 0.049479
0 0.664062 0.0 0.687891 0.0 0.687891 0.0125 0.664062 0.0125
0 0.716016 0.010938 0.734766 0.010938 0.734766 0.044792 0.716016 0.044792
0 0.669141 0.029167 0.688281 0.029167 0.688281 0.057292 0.669141 0.057292
0 0.686328 0.061458 0.710156 0.061458 0.710156 0.091146 0.686328 0.091146
0 0.640625 0.073438 0.6625 0.073438 0.6625 0.101562 0.640625 0.101562
0 0.680078 0.113542 0.701562 0.113542 0.701562 0.144271 0.680078 0.144271
0 0.705469 0.136979 0.725391 0.136979 0.725391 0.167708 0.705469 0.167708
0 0.733594 0.109896 0.753125 0.109896 0.753125 0.136458 0.733594 0.136458
0 0.751172 0.056771 0.774219 0.056771 0.774219 0.084896 0.751172 0.084896
0 0.753125 0.0 0.773438 0.0 0.773438 0.017188 0.753125 0.017188
0 0.78125 0.032812 0.803516 0.032812 0.803516 0.061458 0.78125 0.061458
0 0.833984 0.093229 0.855469 0.093229 0.855469 0.120312 0.833984 0.120312
0 0.879297 0.083854 0.901562 0.083854 0.901562 0.110417 0.879297 0.110417
0 0.895312 0.036979 0.921484 0.036979 0.921484 0.063542 0.895312 0.063542
0 0.802344 0.117188 0.821875 0.117188 0.821875 0.14375 0.802344 0.14375
0 0.775 0.13125 0.79375 0.13125 0.79375 0.160417 0.775 0.160417
0 0.796484 0.160417 0.814062 0.160417 0.814062 0.188021 0.796484 0.188021
0 0.817969 0.175 0.838281 0.175 0.838281 0.208854 0.817969 0.208854
0 0.744141 0.15625 0.761328 0.15625 0.761328 0.185938 0.744141 0.185938
0 0.764453 0.171354 0.781641 0.171354 0.781641 0.203125 0.764453 0.203125
0 0.791406 0.203125 0.808594 0.203125 0.808594 0.235417 0.791406 0.235417
0 0.814062 0.235938 0.838281 0.235938 0.838281 0.271875 0.814062 0.271875
0 0.842578 0.249479 0.861719 0.249479 0.861719 0.28125 0.842578 0.28125
0 0.849219 0.1875 0.867578 0.1875 0.867578 0.216667 0.849219 0.216667
0 0.837109 0.147396 0.855859 0.147396 0.855859 0.183854 0.837109 0.183854
0 0.867578 0.130729 0.884766 0.130729 0.884766 0.163021 0.867578 0.163021
0 0.963281 0.019271 0.978125 0.019271 0.978125 0.044792 0.963281 0.044792
0 0.970312 0.073438 0.982031 0.073438 0.982031 0.105208 0.970312 0.105208
0 0.921094 0.085417 0.939062 0.085417 0.939062 0.117188 0.921094 0.117188
0 0.928906 0.130208 0.944141 0.130208 0.944141 0.156771 0.928906 0.156771
0 0.991406 0.097396 0.999609 0.097396 0.999609 0.128125 0.991406 0.128125
0 0.898047 0.152083 0.915234 0.152083 0.915234 0.184375 0.898047 0.184375
0 0.920703 0.178125 0.941016 0.178125 0.941016 0.207292 0.920703 0.207292
0 0.88125 0.186979 0.897656 0.186979 0.897656 0.219271 0.88125 0.219271
0 0.91875 0.221875 0.939062 0.221875 0.939062 0.249479 0.91875 0.249479
0 0.582031 0.203646 0.601953 0.203646 0.601953 0.232812 0.582031 0.232812
0 0.624219 0.188542 0.647266 0.188542 0.647266 0.213542 0.624219 0.213542
0 0.616406 0.21875 0.638672 0.21875 0.638672 0.247917 0.616406 0.247917
0 0.619922 0.25625 0.640234 0.25625 0.640234 0.2875 0.619922 0.2875
0 0.583203 0.25 0.602734 0.25 0.602734 0.28125 0.583203 0.28125
0 0.613672 0.296875 0.642578 0.296875 0.642578 0.319792 0.613672 0.319792
0 0.599609 0.322396 0.624219 0.322396 0.624219 0.347917 0.599609 0.347917
0 0.563672 0.336458 0.588281 0.336458 0.588281 0.35625 0.563672 0.35625
0 0.730469 0.225 0.755859 0.225 0.755859 0.247917 0.730469 0.247917
0 0.771875 0.257292 0.788281 0.257292 0.788281 0.283854 0.771875 0.283854
0 0.752344 0.274479 0.771094 0.274479 0.771094 0.305208 0.752344 0.305208
0 0.791016 0.282812 0.811719 0.282812 0.811719 0.315625 0.791016 0.315625
0 0.614453 0.354688 0.639844 0.354688 0.639844 0.380208 0.614453 0.380208
0 0.641016 0.357812 0.658984 0.357812 0.658984 0.390104 0.641016 0.390104
0 0.667969 0.394271 0.692578 0.394271 0.692578 0.41875 0.667969 0.41875
0 0.625 0.4125 0.649219 0.4125 0.649219 0.434896 0.625 0.434896
0 0.609375 0.451042 0.629688 0.451042 0.629688 0.471875 0.609375 0.471875
0 0.560156 0.402604 0.586719 0.402604 0.586719 0.428125 0.560156 0.428125
0 0.556641 0.433333 0.585156 0.433333 0.585156 0.456771 0.556641 0.456771
0 0.520703 0.410938 0.54375 0.410938 0.54375 0.438542 0.520703 0.438542
0 0.494141 0.364062 0.510547 0.364062 0.510547 0.39375 0.494141 0.39375
0 0.534375 0.473958 0.554688 0.473958 0.554688 0.497396 0.534375 0.497396
0 0.56875 0.503646 0.591406 0.503646 0.591406 0.526562 0.56875 0.526562
0 0.6125 0.498958 0.635938 0.498958 0.635938 0.527604 0.6125 0.527604
0 0.569531 0.530208 0.596484 0.530208 0.596484 0.554167 0.569531 0.554167
0 0.625 0.547396 0.647266 0.547396 0.647266 0.571354 0.625 0.571354
0 0.666797 0.539062 0.684766 0.539062 0.684766 0.573438 0.666797 0.573438
0 0.589062 0.565104 0.610938 0.565104 0.610938 0.598438 0.589062 0.598438
0 0.628125 0.582292 0.655469 0.582292 0.655469 0.610417 0.628125 0.610417
0 0.482812 0.523958 0.50625 0.523958 0.50625 0.548958 0.482812 0.548958
0 0.5125 0.5375 0.533594 0.5375 0.533594 0.567708 0.5125 0.567708
0 0.490234 0.573438 0.50625 0.573438 0.50625 0.604167 0.490234 0.604167
0 0.517969 0.586458 0.534375 0.586458 0.534375 0.614062 0.517969 0.614062
0 0.539062 0.578646 0.558203 0.578646 0.558203 0.610938 0.539062 0.610938
0 0.441406 0.584896 0.462891 0.584896 0.462891 0.611979 0.441406 0.611979
0 0.383594 0.618229 0.405469 0.618229 0.405469 0.638021 0.383594 0.638021
0 0.410156 0.575 0.428125 0.575 0.428125 0.603646 0.410156 0.603646
0 0.41875 0.629167 0.443359 0.629167 0.443359 0.655729 0.41875 0.655729
0 0.461328 0.641146 0.485156 0.641146 0.485156 0.668229 0.461328 0.668229
0 0.494141 0.671354 0.514844 0.671354 0.514844 0.706771 0.494141 0.706771
0 0.536719 0.686979 0.555078 0.686979 0.555078 0.717708 0.536719 0.717708
0 0.569922 0.652604 0.591797 0.652604 0.591797 0.678125 0.569922 0.678125
0 0.61875 0.641146 0.639453 0.641146 0.639453 0.663021 0.61875 0.663021
0 0.607812 0.672917 0.633984 0.672917 0.633984 0.7 0.607812 0.7
0 0.647266 0.689062 0.667969 0.689062 0.667969 0.719271 0.647266 0.719271
0 0.673438 0.679688 0.688672 0.679688 0.688672 0.713021 0.673438 0.713021
0 0.601562 0.709375 0.620703 0.709375 0.620703 0.733333 0.601562 0.733333
0 0.599609 0.748438 0.620703 0.748438 0.620703 0.777083 0.599609 0.777083
0 0.570703 0.731771 0.594922 0.731771 0.594922 0.759375 0.570703 0.759375
0 0.596094 0.792708 0.620703 0.792708 0.620703 0.826042 0.596094 0.826042
0 0.701953 0.451562 0.726562 0.451562 0.726562 0.475521 0.701953 0.475521
0 0.700781 0.490625 0.720312 0.490625 0.720312 0.522396 0.700781 0.522396
0 0.691016 0.559896 0.710547 0.559896 0.710547 0.585938 0.691016 0.585938
0 0.714062 0.580729 0.730859 0.580729 0.730859 0.603646 0.714062 0.603646
0 0.951953 0.296875 0.972266 0.296875 0.972266 0.319792 0.951953 0.319792
0 0.904297 0.342188 0.926953 0.342188 0.926953 0.372396 0.904297 0.372396
0 0.926953 0.383854 0.949219 0.383854 0.949219 0.409375 0.926953 0.409375
0 0.977344 0.417708 0.996875 0.417708 0.996875 0.445312 0.977344 0.445312
0 0.877344 0.364583 0.898438 0.364583 0.898438 0.386979 0.877344 0.386979
0 0.871094 0.39375 0.892578 0.39375 0.892578 0.423958 0.871094 0.423958
0 0.894141 0.411979 0.914844 0.411979 0.914844 0.443229 0.894141 0.443229
0 0.926953 0.441146 0.953906 0.441146 0.953906 0.469271 0.926953 0.469271
0 0.8375 0.447396 0.853125 0.447396 0.853125 0.480208 0.8375 0.480208
0 0.863281 0.469271 0.886328 0.469271 0.886328 0.498438 0.863281 0.498438
0 0.899219 0.463542 0.918359 0.463542 0.918359 0.495833 0.899219 0.495833
0 0.971094 0.467188 0.992969 0.467188 0.992969 0.49375 0.971094 0.49375
0 0.985938 0.494792 0.999609 0.494792 0.999609 0.523438 0.985938 0.523438
0 0.947266 0.510938 0.974609 0.510938 0.974609 0.541146 0.947266 0.541146
0 0.905078 0.536458 0.927734 0.536458 0.927734 0.5625 0.905078 0.5625
0 0.934375 0.569792 0.959766 0.569792 0.959766 0.597396 0.934375 0.597396
0 0.980469 0.540625 0.999609 0.540625 0.999609 0.572396 0.980469 0.572396
0 0.945703 0.611458 0.975781 0.611458 0.975781 0.647396 0.945703 0.647396
0 0.851562 0.642708 0.877734 0.642708 0.877734 0.669792 0.851562 0.669792
0 0.835547 0.615104 0.856641 0.615104 0.856641 0.640625 0.835547 0.640625
0 0.802344 0.636979 0.819531 0.636979 0.819531 0.670833 0.802344 0.670833
0 0.741797 0.710417 0.765234 0.710417 0.765234 0.738542 0.741797 0.738542
0 0.803516 0.714062 0.824219 0.714062 0.824219 0.742188 0.803516 0.742188
0 0.848438 0.691667 0.878125 0.691667 0.878125 0.718229 0.848438 0.718229
0 0.880859 0.722917 0.898438 0.722917 0.898438 0.754688 0.880859 0.754688
0 0.908203 0.738542 0.928516 0.738542 0.928516 0.765625 0.908203 0.765625
0 0.912891 0.703125 0.935547 0.703125 0.935547 0.726042 0.912891 0.726042
0 0.912109 0.664062 0.93125 0.664062 0.93125 0.686979 0.912109 0.686979
0 0.973828 0.735417 0.992188 0.735417 0.992188 0.773438 0.973828 0.773438
0 0.960938 0.811979 0.978516 0.811979 0.978516 0.844271 0.960938 0.844271
0 0.981641 0.841667 0.999609 0.841667 0.999609 0.879688 0.981641 0.879688
0 0.892969 0.810417 0.910938 0.810417 0.910938 0.835417 0.892969 0.835417
0 0.890234 0.776562 0.9125 0.776562 0.9125 0.802083 0.890234 0.802083
0 0.733984 0.765625 0.753516 0.765625 0.753516 0.792188 0.733984 0.792188
0 0.763281 0.757812 0.784375 0.757812 0.784375 0.783333 0.763281 0.783333
0 0.798828 0.759896 0.824219 0.759896 0.824219 0.785938 0.798828 0.785938
0 0.846094 0.754688 0.867969 0.754688 0.867969 0.780208 0.846094 0.780208
0 0.864062 0.798438 0.885156 0.798438 0.885156 0.827083 0.864062 0.827083
0 0.819922 0.8 0.839062 0.8 0.839062 0.83125 0.819922 0.83125
0 0.84375 0.828125 0.867578 0.828125 0.867578 0.863021 0.84375 0.863021
0 0.809766 0.842188 0.830469 0.842188 0.830469 0.870833 0.809766 0.870833
0 0.7875 0.806771 0.805078 0.806771 0.805078 0.834896 0.7875 0.834896
0 0.753516 0.801042 0.776172 0.801042 0.776172 0.830729 0.753516 0.830729
0 0.759766 0.844792 0.785156 0.844792 0.785156 0.872396 0.759766 0.872396
0 0.761328 0.885417 0.788672 0.885417 0.788672 0.913542 0.761328 0.913542
0 0.795703 0.878646 0.817188 0.878646 0.817188 0.908854 0.795703 0.908854
0 0.712109 0.786458 0.738281 0.786458 0.738281 0.814583 0.712109 0.814583
0 0.726562 0.838021 0.751172 0.838021 0.751172 0.870833 0.726562 0.870833
0 0.700391 0.826042 0.721484 0.826042 0.721484 0.861458 0.700391 0.861458
0 0.71875 0.895312 0.745312 0.895312 0.745312 0.925 0.71875 0.925
0 0.738672 0.929688 0.761719 0.929688 0.761719 0.956771 0.738672 0.956771
0 0.751562 0.961979 0.775391 0.961979 0.775391 0.986458 0.751562 0.986458
0 0.903906 0.9375 0.921875 0.9375 0.921875 0.968229 0.903906 0.968229
0 0.930078 0.938021 0.953516 0.938021 0.953516 0.967708 0.930078 0.967708
0 0.95625 0.920312 0.975781 0.920312 0.975781 0.952604 0.95625 0.952604
0 0.937109 0.89375 0.961719 0.89375 0.961719 0.917708 0.937109 0.917708
0 0.984375 0.942708 0.999609 0.942708 0.999609 0.977083 0.984375 0.977083