0 0.002344 0.845312 0.035547 0.845312 0.035547 0.882292 0.002344 0.882292
0 0.041406 0.868229 0.060547 0.868229 0.060547 0.897396 0.041406 0.897396
0 0.009766 0.886979 0.040625 0.886979 0.040625 0.911979 0.009766 0.911979
0 0.048828 0.905208 0.073438 0.905208 0.073438 0.923958 0.048828 0.923958
0 0.092578 0.752604 0.116016 0.752604 0.116016 0.783854 0.092578 0.783854
0 0.088672 0.702083 0.114062 0.702083 0.114062 0.741667 0.088672 0.741667
0 0.139062 0.732812 0.169922 0.732812 0.169922 0.758333 0.139062 0.758333
0 0.125 0.707292 0.147266 0.707292 0.147266 0.733854 0.125 0.733854
0 0.126172 0.756771 0.146094 0.756771 0.146094 0.785938 0.126172 0.785938
0 0.157031 0.780208 0.178125 0.780208 0.178125 0.810417 0.157031 0.810417
0 0.175391 0.809375 0.202734 0.809375 0.202734 0.834896 0.175391 0.834896
0 0.184375 0.831771 0.219141 0.831771 0.219141 0.861979 0.184375 0.861979
0 0.238281 0.876042 0.273438 0.876042 0.273438 0.902604 0.238281 0.902604
0 0.242578 0.714583 0.275 0.714583 0.275 0.745312 0.242578 0.745312
0 0.213672 0.722917 0.230078 0.722917 0.230078 0.751562 0.213672 0.751562
0 0.16875 0.694271 0.189062 0.694271 0.189062 0.727604 0.16875 0.727604
0 0.200781 0.756771 0.223438 0.756771 0.223438 0.791146 0.200781 0.791146
0 0.237109 0.75625 0.2625 0.75625 0.2625 0.7875 0.237109 0.7875
0 0.266797 0.758333 0.291797 0.758333 0.291797 0.789583 0.266797 0.789583
0 0.2625 0.799479 0.292578 0.799479 0.292578 0.827604 0.2625 0.827604
0 0.095312 0.663021 0.121484 0.663021 0.121484 0.698438 0.095312 0.698438
0 0.133594 0.65625 0.179688 0.65625 0.179688 0.688542 0.133594 0.688542
0 0.324609 0.663021 0.357812 0.663021 0.357812 0.703125 0.324609 0.703125
0 0.321484 0.592708 0.356641 0.592708 0.356641 0.639583 0.321484 0.639583
0 0.212109 0.500521 0.241016 0.500521 0.241016 0.530729 0.212109 0.530729
0 0.206641 0.606771 0.223438 0.606771 0.223438 0.655208 0.206641 0.655208
0 0.164453 0.607812 0.199609 0.607812 0.199609 0.649479 0.164453 0.649479
0 0.092188 0.598438 0.123047 0.598438 0.123047 0.619271 0.092188 0.619271
0 0.142578 0.513021 0.178906 0.513021 0.178906 0.543229 0.142578 0.543229
0 0.291797 0.573438 0.327734 0.573438 0.327734 0.609375 0.291797 0.609375
0 0.237891 0.457812 0.264844 0.457812 0.264844 0.488021 0.237891 0.488021
0 0.282422 0.514062 0.303906 0.514062 0.303906 0.543229 0.282422 0.543229
0 0.189844 0.564062 0.217969 0.564062 0.217969 0.589583 0.189844 0.589583
0 0.158203 0.575 0.1875 0.575 0.1875 0.601562 0.158203 0.601562
0 0.135938 0.596354 0.159766 0.596354 0.159766 0.617708 0.135938 0.617708
0 0.103125 0.572396 0.128516 0.572396 0.128516 0.600521 0.103125 0.600521
0 0.123828 0.541146 0.149219 0.541146 0.149219 0.569792 0.123828 0.569792
0 0.174219 0.532812 0.195312 0.532812 0.195312 0.553125 0.174219 0.553125
0 0.241016 0.546875 0.270312 0.546875 0.270312 0.572396 0.241016 0.572396
0 0.240625 0.584375 0.266406 0.584375 0.266406 0.609375 0.240625 0.609375
0 0.239844 0.616146 0.254688 0.616146 0.254688 0.648438 0.239844 0.648438
0 0.267578 0.614062 0.294141 0.614062 0.294141 0.651562 0.267578 0.651562
0 0.263672 0.670833 0.285938 0.670833 0.285938 0.692188 0.263672 0.692188
0 0.289453 0.684375 0.309766 0.684375 0.309766 0.717708 0.289453 0.717708
0 0.069531 0.634896 0.093359 0.634896 0.093359 0.6625 0.069531 0.6625
0 0.091016 0.620312 0.115234 0.620312 0.115234 0.648958 0.091016 0.648958
0 0.005078 0.948958 0.027734 0.948958 0.027734 0.98125 0.005078 0.98125
0 0.023438 0.915625 0.042578 0.915625 0.042578 0.946875 0.023438 0.946875
0 0.029688 0.952083 0.058594 0.952083 0.058594 0.985938 0.029688 0.985938
0 0.052344 0.917188 0.075391 0.917188 0.075391 0.953125 0.052344 0.953125
0 0.067969 0.946875 0.086719 0.946875 0.086719 0.978125 0.067969 0.978125
0 0.090625 0.958854 0.110156 0.958854 0.110156 0.991667 0.090625 0.991667
0 0.146875 0.811458 0.167578 0.811458 0.167578 0.846875 0.146875 0.846875
0 0.132812 0.793229 0.155078 0.793229 0.155078 0.820833 0.132812 0.820833
0 0.232422 0.908333 0.261719 0.908333 0.261719 0.936458 0.232422 0.936458
0 0.185547 0.901562 0.217188 0.901562 0.217188 0.931771 0.185547 0.931771
0 0.200391 0.927083 0.228125 0.927083 0.228125 0.952604 0.200391 0.952604
0 0.213672 0.949479 0.241406 0.949479 0.241406 0.976562 0.213672 0.976562
0 0.257812 0.934896 0.281641 0.934896 0.281641 0.972917 0.257812 0.972917
0 0.285156 0.963542 0.310938 0.963542 0.310938 0.995833 0.285156 0.995833
0 0.202734 0.978125 0.223828 0.978125 0.223828 0.998438 0.202734 0.998438
0 0.303125 0.923438 0.328516 0.923438 0.328516 0.953646 0.303125 0.953646
0 0.305078 0.892188 0.329688 0.892188 0.329688 0.917708 0.305078 0.917708
0 0.314844 0.865625 0.339844 0.865625 0.339844 0.891667 0.314844 0.891667
0 0.33125 0.932812 0.351953 0.932812 0.351953 0.965104 0.33125 0.965104
0 0.360547 0.945833 0.379688 0.945833 0.379688 0.972917 0.360547 0.972917
0 0.381641 0.96875 0.399219 0.96875 0.399219 0.999479 0.381641 0.999479
0 0.299219 0.729688 0.329688 0.729688 0.329688 0.75625 0.299219 0.75625
0 0.294922 0.766146 0.316016 0.766146 0.316016 0.802604 0.294922 0.802604
0 0.316797 0.772396 0.333594 0.772396 0.333594 0.808854 0.316797 0.808854
0 0.336719 0.776042 0.358203 0.776042 0.358203 0.809896 0.336719 0.809896
0 0.380078 0.73125 0.408594 0.73125 0.408594 0.775 0.380078 0.775
0 0.339844 0.709375 0.364453 0.709375 0.364453 0.739583 0.339844 0.739583
0 0.373828 0.671875 0.397266 0.671875 0.397266 0.705729 0.373828 0.705729
0 0.08125 0.317708 0.105078 0.317708 0.105078 0.35 0.08125 0.35
0 0.098828 0.333854 0.121094 0.333854 0.121094 0.369271 0.098828 0.369271
0 0.121484 0.326042 0.143359 0.326042 0.143359 0.370833 0.121484 0.370833
0 0.078906 0.381771 0.100391 0.381771 0.100391 0.413021 0.078906 0.413021
0 0.102344 0.398958 0.121875 0.398958 0.121875 0.430208 0.102344 0.430208
0 0.134375 0.384896 0.157422 0.384896 0.157422 0.418229 0.134375 0.418229
0 0.123047 0.426562 0.144922 0.426562 0.144922 0.447396 0.123047 0.447396
0 0.164844 0.431771 0.186328 0.431771 0.186328 0.465625 0.164844 0.465625
0 0.151172 0.325521 0.175781 0.325521 0.175781 0.361979 0.151172 0.361979
0 0.180859 0.349479 0.200391 0.349479 0.200391 0.379688 0.180859 0.379688
0 0.220312 0.379167 0.238672 0.379167 0.238672 0.416146 0.220312 0.416146
0 0.251953 0.401562 0.276562 0.401562 0.276562 0.444792 0.251953 0.444792
0 0.174609 0.279688 0.203906 0.279688 0.203906 0.320833 0.174609 0.320833
0 0.203125 0.271354 0.232422 0.271354 0.232422 0.304167 0.203125 0.304167
0 0.140234 0.260938 0.167188 0.260938 0.167188 0.294271 0.140234 0.294271
0 0.107812 0.270833 0.134375 0.270833 0.134375 0.304167 0.107812 0.304167
0 0.279297 0.345833 0.305859 0.345833 0.305859 0.375521 0.279297 0.375521
0 0.275 0.383333 0.304688 0.383333 0.304688 0.410417 0.275 0.410417
0 0.292578 0.4125 0.316797 0.4125 0.316797 0.440104 0.292578 0.440104
0 0.285938 0.442188 0.310547 0.442188 0.310547 0.473438 0.285938 0.473438
0 0.128125 0.123438 0.147266 0.123438 0.147266 0.155729 0.128125 0.155729
0 0.069922 0.117708 0.089453 0.117708 0.089453 0.154688 0.069922 0.154688
0 0.098047 0.164062 0.119531 0.164062 0.119531 0.201562 0.098047 0.201562
0 0.155469 0.164062 0.172656 0.164062 0.172656 0.194271 0.155469 0.194271
0 0.1625 0.202083 0.188281 0.202083 0.188281 0.221875 0.1625 0.221875
0 0.177734 0.154688 0.207422 0.154688 0.207422 0.180208 0.177734 0.180208
0 0.176953 0.113021 0.204688 0.113021 0.204688 0.14375 0.176953 0.14375
0 0.228516 0.027604 0.248828 0.027604 0.248828 0.054688 0.228516 0.054688
0 0.251953 0.086979 0.278125 0.086979 0.278125 0.108854 0.251953 0.108854
0 0.2875 0.089583 0.307422 0.089583 0.307422 0.130208 0.2875 0.130208
0 0.276562 0.0 0.300781 0.0 0.300781 0.019792 0.276562 0.019792
0 0.199219 0.009375 0.23125 0.009375 0.23125 0.035938 0.199219 0.035938
0 0.201953 0.070312 0.226172 0.070312 0.226172 0.097917 0.201953 0.097917
0 0.227734 0.1375 0.25 0.1375 0.25 0.168229 0.227734 0.168229
0 0.183594 0.181771 0.210938 0.181771 0.210938 0.207292 0.183594 0.207292
0 0.254297 0.038542 0.280859 0.038542 0.280859 0.073958 0.254297 0.073958
0 0.2875 0.034375 0.321484 0.034375 0.321484 0.066667 0.2875 0.066667
0 0.312891 0.067188 0.341406 0.067188 0.341406 0.099479 0.312891 0.099479
0 0.326172 0.023438 0.354297 0.023438 0.354297 0.058854 0.326172 0.058854
0 0.324609 0.096875 0.349609 0.096875 0.349609 0.121354 0.324609 0.121354
0 0.248828 0.127604 0.276172 0.127604 0.276172 0.152604 0.248828 0.152604
0 0.251172 0.157812 0.287891 0.157812 0.287891 0.182292 0.251172 0.182292
0 0.435156 0.882292 0.45625 0.882292 0.45625 0.91875 0.435156 0.91875
0 0.458594 0.846875 0.480859 0.846875 0.480859 0.895833 0.458594 0.895833
0 0.468359 0.841146 0.502734 0.841146 0.502734 0.866667 0.468359 0.866667
0 0.487109 0.803125 0.514453 0.803125 0.514453 0.842708 0.487109 0.842708
0 0.515625 0.783333 0.545312 0.783333 0.545312 0.821354 0.515625 0.821354
0 0.526562 0.829688 0.553906 0.829688 0.553906 0.870833 0.526562 0.870833
0 0.546484 0.889062 0.571875 0.889062 0.571875 0.920312 0.546484 0.920312
0 0.466797 0.950521 0.490625 0.950521 0.490625 0.978125 0.466797 0.978125
0 0.432422 0.942708 0.452344 0.942708 0.452344 0.963542 0.432422 0.963542
0 0.498828 0.711458 0.522266 0.711458 0.522266 0.740625 0.498828 0.740625
0 0.528516 0.685938 0.565234 0.685938 0.565234 0.715625 0.528516 0.715625
0 0.490625 0.656771 0.513672 0.656771 0.513672 0.693229 0.490625 0.693229
0 0.432422 0.632812 0.464844 0.632812 0.464844 0.674479 0.432422 0.674479
0 0.297656 0.653646 0.328125 0.653646 0.328125 0.674479 0.297656 0.674479
0 0.501172 0.885938 0.524609 0.885938 0.524609 0.927083 0.501172 0.927083
0 0.547266 0.944792 0.567188 0.944792 0.567188 0.983333 0.547266 0.983333
0 0.571484 0.835417 0.588672 0.835417 0.588672 0.873958 0.571484 0.873958
0 0.545312 0.790625 0.571484 0.790625 0.571484 0.822917 0.545312 0.822917
0 0.597266 0.852083 0.617969 0.852083 0.617969 0.882292 0.597266 0.882292
0 0.628516 0.868229 0.64375 0.868229 0.64375 0.901042 0.628516 0.901042
0 0.613281 0.945312 0.630078 0.945312 0.630078 0.977083 0.613281 0.977083
0 0.580078 0.903646 0.608203 0.903646 0.608203 0.939062 0.580078 0.939062
0 0.617969 0.9125 0.632031 0.9125 0.632031 0.936979 0.617969 0.936979
0 0.528125 0.922396 0.550781 0.922396 0.550781 0.948438 0.528125 0.948438
0 0.583203 0.973958 0.603516 0.973958 0.603516 0.99375 0.583203 0.99375
0 0.351953 0.429688 0.381641 0.429688 0.381641 0.470312 0.351953 0.470312
0 0.340234 0.38125 0.366797 0.38125 0.366797 0.415625 0.340234 0.415625
0 0.355859 0.333333 0.383203 0.333333 0.383203 0.385417 0.355859 0.385417
0 0.383594 0.317708 0.409766 0.317708 0.409766 0.350521 0.383594 0.350521
0 0.41875 0.313021 0.447656 0.313021 0.447656 0.348958 0.41875 0.348958
0 0.388281 0.276042 0.413672 0.276042 0.413672 0.313542 0.388281 0.313542
0 0.3375 0.284896 0.361328 0.284896 0.361328 0.320833 0.3375 0.320833
0 0.490234 0.342188 0.511328 0.342188 0.511328 0.378646 0.490234 0.378646
0 0.458984 0.333333 0.48125 0.333333 0.48125 0.360417 0.458984 0.360417
0 0.405469 0.360417 0.429688 0.360417 0.429688 0.3875 0.405469 0.3875
0 0.435156 0.389583 0.463672 0.389583 0.463672 0.415625 0.435156 0.415625
0 0.39375 0.399479 0.417188 0.399479 0.417188 0.425521 0.39375 0.425521
0 0.429688 0.425521 0.454297 0.425521 0.454297 0.452083 0.429688 0.452083
0 0.410547 0.442708 0.441797 0.442708 0.441797 0.470833 0.410547 0.470833
0 0.398438 0.456771 0.422266 0.456771 0.422266 0.4875 0.398438 0.4875
0 0.425 0.494271 0.461719 0.494271 0.461719 0.531771 0.425 0.531771
0 0.310938 0.515625 0.341797 0.515625 0.341797 0.540625 0.310938 0.540625
0 0.307031 0.551562 0.336328 0.551562 0.336328 0.568229 0.307031 0.568229
0 0.295312 0.2875 0.320703 0.2875 0.320703 0.316667 0.295312 0.316667
0 0.312109 0.236979 0.332422 0.236979 0.332422 0.269792 0.312109 0.269792
0 0.346094 0.226042 0.367969 0.226042 0.367969 0.260938 0.346094 0.260938
0 0.363672 0.261979 0.377734 0.261979 0.377734 0.293229 0.363672 0.293229
0 0.377734 0.211458 0.398047 0.211458 0.398047 0.242708 0.377734 0.242708
0 0.426953 0.205729 0.446094 0.205729 0.446094 0.239583 0.426953 0.239583
0 0.426953 0.249479 0.454688 0.249479 0.454688 0.280729 0.426953 0.280729
0 0.459766 0.241667 0.484766 0.241667 0.484766 0.269792 0.459766 0.269792
0 0.478906 0.2125 0.501562 0.2125 0.501562 0.240625 0.478906 0.240625
0 0.500781 0.265104 0.523438 0.265104 0.523438 0.285417 0.500781 0.285417
0 0.494922 0.285417 0.514453 0.285417 0.514453 0.310417 0.494922 0.310417
0 0.473047 0.290104 0.4875 0.290104 0.4875 0.326042 0.473047 0.326042
0 0.448828 0.181771 0.473047 0.181771 0.473047 0.209896 0.448828 0.209896
0 0.407422 0.151562 0.426953 0.151562 0.426953 0.177604 0.407422 0.177604
0 0.333203 0.193229 0.371094 0.193229 0.371094 0.221354 0.333203 0.221354
0 0.430078 0.161979 0.448828 0.161979 0.448828 0.1875 0.430078 0.1875
0 0.226172 0.315625 0.245703 0.315625 0.245703 0.34375 0.226172 0.34375
0 0.172266 0.479688 0.191797 0.479688 0.191797 0.507812 0.172266 0.507812
0 0.575 0.349479 0.601953 0.349479 0.601953 0.385417 0.575 0.385417
0 0.602734 0.222396 0.625391 0.222396 0.625391 0.263021 0.602734 0.263021
0 0.645703 0.191146 0.666016 0.191146 0.666016 0.229167 0.645703 0.229167
0 0.534375 0.176562 0.558984 0.176562 0.558984 0.195312 0.534375 0.195312
0 0.554688 0.2 0.575781 0.2 0.575781 0.239583 0.554688 0.239583
0 0.516016 0.305729 0.539453 0.305729 0.539453 0.338021 0.516016 0.338021
0 0.532812 0.342708 0.558203 0.342708 0.558203 0.367708 0.532812 0.367708
0 0.525391 0.384375 0.540625 0.384375 0.540625 0.406771 0.525391 0.406771
0 0.544531 0.386458 0.566406 0.386458 0.566406 0.413542 0.544531 0.413542
0 0.558984 0.442708 0.580078 0.442708 0.580078 0.465104 0.558984 0.465104
0 0.526953 0.469792 0.552344 0.469792 0.552344 0.492188 0.526953 0.492188
0 0.604297 0.34375 0.63125 0.34375 0.63125 0.377604 0.604297 0.377604
0 0.604297 0.389062 0.624609 0.389062 0.624609 0.417188 0.604297 0.417188
0 0.625391 0.370833 0.655078 0.370833 0.655078 0.390104 0.625391 0.390104
0 0.63125 0.406771 0.660156 0.406771 0.660156 0.427083 0.63125 0.427083
0 0.669141 0.232812 0.689453 0.232812 0.689453 0.266146 0.669141 0.266146
0 0.698828 0.223438 0.719141 0.223438 0.719141 0.250521 0.698828 0.250521
0 0.719141 0.255208 0.739844 0.255208 0.739844 0.290104 0.719141 0.290104
0 0.728906 0.318229 0.748438 0.318229 0.748438 0.363021 0.728906 0.363021
0 0.748438 0.208854 0.770312 0.208854 0.770312 0.252604 0.748438 0.252604
0 0.771094 0.16875 0.796484 0.16875 0.796484 0.206771 0.771094 0.206771
0 0.789062 0.23125 0.810938 0.23125 0.810938 0.259375 0.789062 0.259375
0 0.78125 0.263021 0.8125 0.263021 0.8125 0.292188 0.78125 0.292188
0 0.690234 0.265104 0.712109 0.265104 0.712109 0.295312 0.690234 0.295312
0 0.38125 0.018229 0.408984 0.018229 0.408984 0.047396 0.38125 0.047396
0 0.466016 0.060938 0.497266 0.060938 0.497266 0.084375 0.466016 0.084375
0 0.470703 0.102604 0.49375 0.102604 0.49375 0.138021 0.470703 0.138021
0 0.478906 0.0125 0.503125 0.0125 0.503125 0.047917 0.478906 0.047917
0 0.513672 0.021354 0.536328 0.021354 0.536328 0.044792 0.513672 0.044792
0 0.550391 0.001042 0.577734 0.001042 0.577734 0.032292 0.550391 0.032292
0 0.511719 0.055729 0.541016 0.055729 0.541016 0.095833 0.511719 0.095833
0 0.495312 0.113021 0.51875 0.113021 0.51875 0.15 0.495312 0.15
0 0.523047 0.126562 0.544531 0.126562 0.544531 0.15625 0.523047 0.15625
0 0.557812 0.055729 0.580469 0.055729 0.580469 0.083854 0.557812 0.083854
0 0.605078 0.024479 0.623438 0.024479 0.623438 0.059896 0.605078 0.059896
0 0.558984 0.125 0.58125 0.125 0.58125 0.157292 0.558984 0.157292
0 0.571875 0.091667 0.594141 0.091667 0.594141 0.120312 0.571875 0.120312
0 0.585938 0.11875 0.603906 0.11875 0.603906 0.15625 0.585938 0.15625
0 0.620703 0.117708 0.635156 0.117708 0.635156 0.148438 0.620703 0.148438
0 0.651172 0.125521 0.673047 0.125521 0.673047 0.160938 0.651172 0.160938
0 0.674609 0.114062 0.698828 0.114062 0.698828 0.14375 0.674609 0.14375
0 0.625781 0.154688 0.642969 0.154688 0.642969 0.18125 0.625781 0.18125
0 0.602344 0.154688 0.619922 0.154688 0.619922 0.188542 0.602344 0.188542
0 0.619922 0.20625 0.643359 0.20625 0.643359 0.229167 0.619922 0.229167
0 0.671484 0.170833 0.691797 0.170833 0.691797 0.202604 0.671484 0.202604
0 0.706641 0.164062 0.726172 0.164062 0.726172 0.19375 0.706641 0.19375
0 0.743359 0.128125 0.766406 0.128125 0.766406 0.160417 0.743359 0.160417
0 0.713281 0.076562 0.735156 0.076562 0.735156 0.105208 0.713281 0.105208
0 0.752734 0.088021 0.78125 0.088021 0.78125 0.119271 0.752734 0.119271
0 0.700391 0.107292 0.723438 0.107292 0.723438 0.146354 0.700391 0.146354
0 0.733594 0.043229 0.760547 0.043229 0.760547 0.080208 0.733594 0.080208
0 0.641406 0.0 0.660938 0.0 0.660938 0.027604 0.641406 0.027604
0 0.642969 0.059375 0.670312 0.059375 0.670312 0.083854 0.642969 0.083854
0 0.708594 0.033333 0.728906 0.033333 0.728906 0.059375 0.708594 0.059375
0 0.725391 0.0 0.751172 0.0 0.751172 0.021875 0.725391 0.021875
0 0.664453 0.0 0.691406 0.0 0.691406 0.019792 0.664453 0.019792
0 0.859375 0.0 0.885938 0.0 0.885938 0.024479 0.859375 0.024479
0 0.874219 0.049479 0.901953 0.049479 0.901953 0.083854 0.874219 0.083854
0 0.854297 0.075 0.874219 0.075 0.874219 0.104688 0.854297 0.104688
0 0.928906 0.030729 0.960547 0.030729 0.960547 0.061979 0.928906 0.061979
0 0.902344 0.077604 0.926953 0.077604 0.926953 0.103125 0.902344 0.103125
0 0.820312 0.136979 0.851172 0.136979 0.851172 0.161458 0.820312 0.161458
0 0.819922 0.071875 0.846875 0.071875 0.846875 0.108333 0.819922 0.108333
0 0.814844 0.034375 0.83125 0.034375 0.83125 0.063542 0.814844 0.063542
0 0.836328 0.040104 0.862109 0.040104 0.862109 0.061458 0.836328 0.061458
0 0.766797 0.049479 0.799219 0.049479 0.799219 0.086458 0.766797 0.086458
0 0.942188 0.081771 0.96875 0.081771 0.96875 0.11875 0.942188 0.11875
0 0.879297 0.104167 0.905078 0.104167 0.905078 0.132292 0.879297 0.132292
0 0.862109 0.148438 0.885156 0.148438 0.885156 0.173958 0.862109 0.173958
0 0.909375 0.117708 0.937109 0.117708 0.937109 0.148438 0.909375 0.148438
0 0.889062 0.161979 0.910547 0.161979 0.910547 0.183333 0.889062 0.183333
0 0.913672 0.163021 0.939844 0.163021 0.939844 0.192708 0.913672 0.192708
0 0.884766 0.19375 0.909375 0.19375 0.909375 0.220833 0.884766 0.220833
0 0.93125 0.203125 0.956641 0.203125 0.956641 0.226562 0.93125 0.226562
0 0.935938 0.141667 0.9625 0.141667 0.9625 0.165625 0.935938 0.165625
0 0.832422 0.173958 0.860156 0.173958 0.860156 0.201562 0.832422 0.201562
0 0.810547 0.201562 0.840234 0.201562 0.840234 0.221354 0.810547 0.221354
0 0.853516 0.238542 0.875781 0.238542 0.875781 0.266667 0.853516 0.266667
0 0.919141 0.240104 0.946484 0.240104 0.946484 0.263021 0.919141 0.263021
0 0.841016 0.285417 0.867969 0.285417 0.867969 0.315625 0.841016 0.315625
0 0.819141 0.23125 0.84375 0.23125 0.84375 0.265625 0.819141 0.265625
0 0.815234 0.277083 0.839844 0.277083 0.839844 0.308854 0.815234 0.308854
0 0.926953 0.305208 0.951953 0.305208 0.951953 0.328125 0.926953 0.328125
0 0.959375 0.304167 0.986719 0.304167 0.986719 0.327604 0.959375 0.327604
0 0.933594 0.340625 0.95625 0.340625 0.95625 0.358854 0.933594 0.358854
0 0.905859 0.370312 0.931641 0.370312 0.931641 0.402083 0.905859 0.402083
0 0.872266 0.388542 0.892969 0.388542 0.892969 0.408854 0.872266 0.408854
0 0.891406 0.417188 0.910156 0.417188 0.910156 0.436979 0.891406 0.436979
0 0.936719 0.422396 0.965234 0.422396 0.965234 0.450521 0.936719 0.450521
0 0.970703 0.366667 0.998438 0.366667 0.998438 0.404688 0.970703 0.404688
0 0.853906 0.415104 0.882422 0.415104 0.882422 0.445833 0.853906 0.445833
0 0.93125 0.45625 0.956641 0.45625 0.956641 0.488542 0.93125 0.488542
0 0.966016 0.478646 0.990234 0.478646 0.990234 0.501042 0.966016 0.501042
0 0.859766 0.477083 0.885938 0.477083 0.885938 0.505208 0.859766 0.505208
0 0.901562 0.469271 0.922656 0.469271 0.922656 0.501042 0.901562 0.501042
0 0.892969 0.519792 0.917578 0.519792 0.917578 0.561458 0.892969 0.561458
0 0.950391 0.519792 0.968359 0.519792 0.968359 0.548958 0.950391 0.548958
0 0.823828 0.507812 0.845312 0.507812 0.845312 0.532292 0.823828 0.532292
0 0.85 0.522917 0.872656 0.522917 0.872656 0.547396 0.85 0.547396
0 0.8375 0.554688 0.861328 0.554688 0.861328 0.576042 0.8375 0.576042
0 0.919922 0.576042 0.950391 0.576042 0.950391 0.610417 0.919922 0.610417
0 0.88125 0.603125 0.902734 0.603125 0.902734 0.633333 0.88125 0.633333
0 0.857812 0.588542 0.881641 0.588542 0.881641 0.614583 0.857812 0.614583
0 0.791406 0.521354 0.81875 0.521354 0.81875 0.551562 0.791406 0.551562
0 0.776172 0.555208 0.798828 0.555208 0.798828 0.591667 0.776172 0.591667
0 0.809766 0.601042 0.835156 0.601042 0.835156 0.634375 0.809766 0.634375
0 0.839062 0.613542 0.864062 0.613542 0.864062 0.642708 0.839062 0.642708
0 0.985547 0.323958 0.999609 0.323958 0.999609 0.353646 0.985547 0.353646
0 0.450781 0.549479 0.481641 0.549479 0.481641 0.582812 0.450781 0.582812
0 0.428125 0.579688 0.457812 0.579688 0.457812 0.611979 0.428125 0.611979
0 0.467188 0.604688 0.488672 0.604688 0.488672 0.644792 0.467188 0.644792
0 0.489062 0.574479 0.513281 0.574479 0.513281 0.60625 0.489062 0.60625
0 0.5 0.527604 0.517969 0.527604 0.517969 0.552604 0.5 0.552604
0 0.498828 0.497396 0.528125 0.497396 0.528125 0.522396 0.498828 0.522396
0 0.549609 0.499479 0.593359 0.499479 0.593359 0.536979 0.549609 0.536979
0 0.555078 0.5625 0.587891 0.5625 0.587891 0.595312 0.555078 0.595312
0 0.526172 0.573438 0.552344 0.573438 0.552344 0.613021 0.526172 0.613021
0 0.508594 0.633854 0.535938 0.633854 0.535938 0.6625 0.508594 0.6625
0 0.541406 0.646875 0.564062 0.646875 0.564062 0.676042 0.541406 0.676042
0 0.56875 0.613542 0.593359 0.613542 0.593359 0.641146 0.56875 0.641146
0 0.596094 0.635938 0.615234 0.635938 0.615234 0.659375 0.596094 0.659375
0 0.601562 0.555208 0.629688 0.555208 0.629688 0.586458 0.601562 0.586458
0 0.619531 0.509375 0.646875 0.509375 0.646875 0.527604 0.619531 0.527604
0 0.652344 0.534896 0.675781 0.534896 0.675781 0.565104 0.652344 0.565104
0 0.637891 0.583333 0.663281 0.583333 0.663281 0.615625 0.637891 0.615625
0 0.630469 0.620833 0.651172 0.620833 0.651172 0.650521 0.630469 0.650521
0 0.601562 0.684375 0.629688 0.684375 0.629688 0.714583 0.601562 0.714583
0 0.642969 0.686979 0.663281 0.686979 0.663281 0.717188 0.642969 0.717188
0 0.557812 0.708854 0.589453 0.708854 0.589453 0.740104 0.557812 0.740104
0 0.619531 0.729167 0.642188 0.729167 0.642188 0.748438 0.619531 0.748438
0 0.581641 0.741667 0.615234 0.741667 0.615234 0.772917 0.581641 0.772917
0 0.575 0.467708 0.602344 0.467708 0.602344 0.490104 0.575 0.490104
0 0.613672 0.445833 0.637891 0.445833 0.637891 0.46875 0.613672 0.46875
0 0.655469 0.423958 0.670312 0.423958 0.670312 0.45625 0.655469 0.45625
0 0.636328 0.476562 0.658984 0.476562 0.658984 0.502083 0.636328 0.502083
0 0.666406 0.465625 0.690234 0.465625 0.690234 0.491667 0.666406 0.491667
0 0.659766 0.495833 0.6875 0.495833 0.6875 0.519792 0.659766 0.519792
0 0.698438 0.461979 0.716797 0.461979 0.716797 0.498438 0.698438 0.498438
0 0.680078 0.409896 0.712109 0.409896 0.712109 0.445312 0.680078 0.445312
0 0.512891 0.44375 0.531641 0.44375 0.531641 0.470312 0.512891 0.470312
0 0.486328 0.408854 0.508984 0.408854 0.508984 0.439062 0.486328 0.439062
0 0.469922 0.36875 0.490234 0.36875 0.490234 0.4 0.469922 0.4
0 0.728516 0.614583 0.757422 0.614583 0.757422 0.654167 0.728516 0.654167
0 0.741016 0.667188 0.768359 0.667188 0.768359 0.697917 0.741016 0.697917
0 0.673047 0.583333 0.696875 0.583333 0.696875 0.621875 0.673047 0.621875
0 0.774219 0.617708 0.797266 0.617708 0.797266 0.657292 0.774219 0.657292
0 0.803125 0.653125 0.821484 0.653125 0.821484 0.678646 0.803125 0.678646
0 0.839844 0.674479 0.865625 0.674479 0.865625 0.7 0.839844 0.7
0 0.860156 0.64375 0.880859 0.64375 0.880859 0.673438 0.860156 0.673438
0 0.876953 0.677604 0.894531 0.677604 0.894531 0.713021 0.876953 0.713021
0 0.900391 0.667188 0.917969 0.667188 0.917969 0.709896 0.900391 0.709896
0 0.928516 0.707812 0.956641 0.707812 0.956641 0.7375 0.928516 0.7375
0 0.917188 0.742188 0.939062 0.742188 0.939062 0.763542 0.917188 0.763542
0 0.929297 0.777083 0.957422 0.777083 0.957422 0.821354 0.929297 0.821354
0 0.888281 0.7625 0.920312 0.7625 0.920312 0.789062 0.888281 0.789062
0 0.85625 0.714062 0.883594 0.714062 0.883594 0.739583 0.85625 0.739583
0 0.865625 0.772917 0.890625 0.772917 0.890625 0.803125 0.865625 0.803125
0 0.8625 0.804167 0.892188 0.804167 0.892188 0.833854 0.8625 0.833854
0 0.835156 0.772917 0.864062 0.772917 0.864062 0.803125 0.835156 0.803125
0 0.828906 0.805208 0.864062 0.805208 0.864062 0.8375 0.828906 0.8375
0 0.804688 0.748438 0.835938 0.748438 0.835938 0.778125 0.804688 0.778125
0 0.794141 0.779167 0.815234 0.779167 0.815234 0.814583 0.794141 0.814583
0 0.760547 0.771875 0.786328 0.771875 0.786328 0.810417 0.760547 0.810417
0 0.783594 0.822396 0.809375 0.822396 0.809375 0.846875 0.783594 0.846875
0 0.733203 0.822396 0.751562 0.822396 0.751562 0.847917 0.733203 0.847917
0 0.707422 0.845833 0.729297 0.845833 0.729297 0.872396 0.707422 0.872396
0 0.751562 0.8375 0.782031 0.8375 0.782031 0.866146 0.751562 0.866146
0 0.74375 0.89375 0.770312 0.89375 0.770312 0.919792 0.74375 0.919792
0 0.714844 0.914062 0.739453 0.914062 0.739453 0.945312 0.714844 0.945312
0 0.823047 0.847917 0.849609 0.847917 0.849609 0.871354 0.823047 0.871354
0 0.801562 0.865104 0.823047 0.865104 0.823047 0.896354 0.801562 0.896354
0 0.782812 0.897396 0.814453 0.897396 0.814453 0.920833 0.782812 0.920833
0 0.765234 0.926042 0.792578 0.926042 0.792578 0.953646 0.765234 0.953646
0 0.890625 0.861979 0.919531 0.861979 0.919531 0.896354 0.890625 0.896354
0 0.846484 0.870312 0.874609 0.870312 0.874609 0.897396 0.846484 0.897396
0 0.851953 0.915625 0.885938 0.915625 0.885938 0.936979 0.851953 0.936979
0 0.828125 0.894792 0.850391 0.894792 0.850391 0.91875 0.828125 0.91875
0 0.785938 0.978125 0.813672 0.978125 0.813672 0.999479 0.785938 0.999479
0 0.838672 0.926562 0.867578 0.926562 0.867578 0.955729 0.838672 0.955729
0 0.850781 0.9625 0.873047 0.9625 0.873047 0.983333 0.850781 0.983333
0 0.894531 0.930729 0.921484 0.930729 0.921484 0.951562 0.894531 0.951562
0 0.905469 0.95 0.938672 0.95 0.938672 0.970833 0.905469 0.970833
0 0.880859 0.977604 0.907812 0.977604 0.907812 0.995833 0.880859 0.995833
0 0.809766 0.95 0.841016 0.95 0.841016 0.974479 0.809766 0.974479
0 0.760547 0.973438 0.782812 0.973438 0.782812 0.990625 0.760547 0.990625