0 0.152734 0.0 0.167969 0.0 0.167969 0.024479 0.152734 0.024479
0 0.116406 0.028646 0.131641 0.028646 0.131641 0.054167 0.116406 0.054167
0 0.140234 0.040625 0.153125 0.040625 0.153125 0.063542 0.140234 0.063542
0 0.160156 0.061979 0.176562 0.061979 0.176562 0.090625 0.160156 0.090625
0 0.2 0.024479 0.214062 0.024479 0.214062 0.051562 0.2 0.051562
0 0.192969 0.086458 0.210547 0.086458 0.210547 0.114583 0.192969 0.114583
0 0.238281 0.019792 0.255469 0.019792 0.255469 0.044792 0.238281 0.044792
0 0.230859 0.051562 0.248047 0.051562 0.248047 0.075521 0.230859 0.075521
0 0.227344 0.093229 0.247266 0.093229 0.247266 0.119792 0.227344 0.119792
0 0.260547 0.047396 0.279297 0.047396 0.279297 0.077083 0.260547 0.077083
0 0.31875 0.002604 0.337109 0.002604 0.337109 0.025 0.31875 0.025
0 0.292578 0.043229 0.310156 0.043229 0.310156 0.071875 0.292578 0.071875
0 0.325781 0.056771 0.342578 0.056771 0.342578 0.082292 0.325781 0.082292
0 0.359766 0.036458 0.373438 0.036458 0.373438 0.060417 0.359766 0.060417
0 0.16875 0.135938 0.189062 0.135938 0.189062 0.161458 0.16875 0.161458
0 0.208984 0.11875 0.227344 0.11875 0.227344 0.140104 0.208984 0.140104
0 0.261328 0.103646 0.279688 0.103646 0.279688 0.124479 0.261328 0.124479
0 0.299219 0.105208 0.31875 0.105208 0.31875 0.130729 0.299219 0.130729
0 0.112891 0.153646 0.130469 0.153646 0.130469 0.177083 0.112891 0.177083
0 0.14375 0.148438 0.163672 0.148438 0.163672 0.175 0.14375 0.175
0 0.2125 0.174479 0.23125 0.174479 0.23125 0.195312 0.2125 0.195312
0 0.253906 0.135938 0.271094 0.135938 0.271094 0.158854 0.253906 0.158854
0 0.276562 0.127604 0.296094 0.127604 0.296094 0.151042 0.276562 0.151042
0 0.317969 0.149479 0.339453 0.149479 0.339453 0.170312 0.317969 0.170312
0 0.313281 0.083333 0.333594 0.083333 0.333594 0.10625 0.313281 0.10625
0 0.077734 0.108854 0.095312 0.108854 0.095312 0.128125 0.077734 0.128125
0 0.082031 0.173438 0.103125 0.173438 0.103125 0.201562 0.082031 0.201562
0 0.135547 0.181771 0.158594 0.181771 0.158594 0.204167 0.135547 0.204167
0 0.175781 0.192188 0.195312 0.192188 0.195312 0.221354 0.175781 0.221354
0 0.117969 0.214583 0.134375 0.214583 0.134375 0.239583 0.117969 0.239583
0 0.092188 0.216667 0.107812 0.216667 0.107812 0.239583 0.092188 0.239583
0 0.051953 0.151042 0.071875 0.151042 0.071875 0.169792 0.051953 0.169792
0 0.016406 0.221875 0.033984 0.221875 0.033984 0.248438 0.016406 0.248438
0 0.001562 0.267188 0.019531 0.267188 0.019531 0.293229 0.001562 0.293229
0 0.035547 0.279167 0.055078 0.279167 0.055078 0.3 0.035547 0.3
0 0.078906 0.258333 0.101562 0.258333 0.101562 0.291667 0.078906 0.291667
0 0.144531 0.241146 0.166406 0.241146 0.166406 0.264583 0.144531 0.264583
0 0.128125 0.271354 0.146484 0.271354 0.146484 0.296875 0.128125 0.296875
0 0.224609 0.220312 0.244141 0.220312 0.244141 0.24375 0.224609 0.24375
0 0.255859 0.200521 0.278125 0.200521 0.278125 0.226562 0.255859 0.226562
0 0.282031 0.185938 0.299219 0.185938 0.299219 0.206771 0.282031 0.206771
0 0.265625 0.245833 0.292188 0.245833 0.292188 0.269792 0.265625 0.269792
0 0.224219 0.254688 0.244922 0.254688 0.244922 0.276562 0.224219 0.276562
0 0.034375 0.304688 0.055078 0.304688 0.055078 0.323438 0.034375 0.323438
0 0.051953 0.339062 0.069531 0.339062 0.069531 0.360938 0.051953 0.360938
0 0.053125 0.368229 0.076172 0.368229 0.076172 0.389062 0.053125 0.389062
0 0.0625 0.401562 0.080469 0.401562 0.080469 0.419792 0.0625 0.419792
0 0.201562 0.316146 0.219141 0.316146 0.219141 0.341146 0.201562 0.341146
0 0.173828 0.310417 0.191406 0.310417 0.191406 0.332812 0.173828 0.332812
0 0.107422 0.384896 0.123438 0.384896 0.123438 0.411458 0.107422 0.411458
0 0.133203 0.378125 0.149219 0.378125 0.149219 0.408854 0.133203 0.408854
0 0.155859 0.389062 0.172656 0.389062 0.172656 0.414583 0.155859 0.414583
0 0.227734 0.345312 0.246875 0.345312 0.246875 0.369792 0.227734 0.369792
0 0.257422 0.296875 0.277344 0.296875 0.277344 0.320312 0.257422 0.320312
0 0.280859 0.310417 0.298828 0.310417 0.298828 0.336458 0.280859 0.336458
0 0.216406 0.382292 0.235547 0.382292 0.235547 0.408854 0.216406 0.408854
0 0.079297 0.421354 0.099219 0.421354 0.099219 0.448438 0.079297 0.448438
0 0.026172 0.431771 0.045703 0.431771 0.045703 0.45625 0.026172 0.45625
0 0.058203 0.438542 0.078125 0.438542 0.078125 0.464062 0.058203 0.464062
0 0.316016 0.180729 0.339453 0.180729 0.339453 0.202604 0.316016 0.202604
0 0.339062 0.210417 0.359766 0.210417 0.359766 0.233333 0.339062 0.233333
0 0.303516 0.236979 0.323438 0.236979 0.323438 0.265625 0.303516 0.265625
0 0.371484 0.247917 0.392188 0.247917 0.392188 0.270833 0.371484 0.270833
0 0.307031 0.301042 0.33125 0.301042 0.33125 0.324479 0.307031 0.324479
0 0.355469 0.276562 0.379688 0.276562 0.379688 0.299479 0.355469 0.299479
0 0.354688 0.320833 0.379297 0.320833 0.379297 0.342708 0.354688 0.342708
0 0.302734 0.3375 0.323438 0.3375 0.323438 0.357292 0.302734 0.357292
0 0.021875 0.51875 0.040625 0.51875 0.040625 0.552604 0.021875 0.552604
0 0.041406 0.464062 0.060938 0.464062 0.060938 0.491667 0.041406 0.491667
0 0.088281 0.464062 0.108594 0.464062 0.108594 0.488542 0.088281 0.488542
0 0.141016 0.440625 0.163281 0.440625 0.163281 0.465625 0.141016 0.465625
0 0.183203 0.417708 0.198828 0.417708 0.198828 0.445312 0.183203 0.445312
0 0.140234 0.488021 0.163281 0.488021 0.163281 0.514583 0.140234 0.514583
0 0.051562 0.500521 0.071094 0.500521 0.071094 0.521875 0.051562 0.521875
0 0.081641 0.530208 0.099219 0.530208 0.099219 0.559375 0.081641 0.559375
0 0.108984 0.523438 0.127344 0.523438 0.127344 0.550521 0.108984 0.550521
0 0.040625 0.540104 0.059375 0.540104 0.059375 0.565104 0.040625 0.565104
0 0.252344 0.370833 0.267969 0.370833 0.267969 0.398438 0.252344 0.398438
0 0.291406 0.36875 0.312891 0.36875 0.312891 0.393229 0.291406 0.393229
0 0.274219 0.395312 0.296094 0.395312 0.296094 0.419271 0.274219 0.419271
0 0.340234 0.358333 0.358594 0.358333 0.358594 0.382812 0.340234 0.382812
0 0.004297 0.466146 0.023828 0.466146 0.023828 0.497917 0.004297 0.497917
0 0.017969 0.577604 0.038672 0.577604 0.038672 0.6 0.017969 0.6
0 0.280469 0.431771 0.300391 0.431771 0.300391 0.451042 0.280469 0.451042
0 0.254297 0.533333 0.274219 0.533333 0.274219 0.551562 0.254297 0.551562
0 0.327344 0.395312 0.348438 0.395312 0.348438 0.419271 0.327344 0.419271
0 0.139062 0.646354 0.155859 0.646354 0.155859 0.667708 0.139062 0.667708
0 0.178516 0.613021 0.198047 0.613021 0.198047 0.642188 0.178516 0.642188
0 0.214844 0.581771 0.233203 0.581771 0.233203 0.607812 0.214844 0.607812
0 0.200391 0.606771 0.216406 0.606771 0.216406 0.641146 0.200391 0.641146
0 0.248438 0.563542 0.269531 0.563542 0.269531 0.584375 0.248438 0.584375
0 0.281641 0.565104 0.3 0.565104 0.3 0.5875 0.281641 0.5875
0 0.306641 0.55625 0.327344 0.55625 0.327344 0.580729 0.306641 0.580729
0 0.072266 0.670833 0.090234 0.670833 0.090234 0.701042 0.072266 0.701042
0 0.044922 0.701042 0.0625 0.701042 0.0625 0.729688 0.044922 0.729688
0 0.139844 0.684896 0.157812 0.684896 0.157812 0.709375 0.139844 0.709375
0 0.073047 0.705208 0.093359 0.705208 0.093359 0.733333 0.073047 0.733333
0 0.124609 0.709375 0.143359 0.709375 0.143359 0.735417 0.124609 0.735417
0 0.053125 0.76875 0.070703 0.76875 0.070703 0.798438 0.053125 0.798438
0 0.10625 0.740625 0.126953 0.740625 0.126953 0.766146 0.10625 0.766146
0 0.090234 0.763021 0.102734 0.763021 0.102734 0.788021 0.090234 0.788021
0 0.048047 0.808333 0.066016 0.808333 0.066016 0.831771 0.048047 0.831771
0 0.0875 0.801562 0.105469 0.801562 0.105469 0.828646 0.0875 0.828646
0 0.072266 0.834896 0.0875 0.834896 0.0875 0.863021 0.072266 0.863021
0 0.208984 0.656771 0.227734 0.656771 0.227734 0.676562 0.208984 0.676562
0 0.188281 0.696875 0.203516 0.696875 0.203516 0.725521 0.188281 0.725521
0 0.155078 0.725521 0.174609 0.725521 0.174609 0.753646 0.155078 0.753646
0 0.142188 0.766146 0.160156 0.766146 0.160156 0.786979 0.142188 0.786979
0 0.171484 0.771875 0.190625 0.771875 0.190625 0.797396 0.171484 0.797396
0 0.253516 0.597917 0.275 0.597917 0.275 0.620312 0.253516 0.620312
0 0.239062 0.636458 0.257422 0.636458 0.257422 0.6625 0.239062 0.6625
0 0.303125 0.604688 0.322656 0.604688 0.322656 0.628125 0.303125 0.628125
0 0.327344 0.581771 0.345312 0.581771 0.345312 0.609896 0.327344 0.609896
0 0.276562 0.633333 0.296875 0.633333 0.296875 0.655729 0.276562 0.655729
0 0.259766 0.681771 0.278516 0.681771 0.278516 0.703125 0.259766 0.703125
0 0.286328 0.670833 0.307422 0.670833 0.307422 0.693229 0.286328 0.693229
0 0.337109 0.634375 0.357422 0.634375 0.357422 0.657292 0.337109 0.657292
0 0.317969 0.658333 0.334766 0.658333 0.334766 0.686979 0.317969 0.686979
0 0.344531 0.66875 0.362891 0.66875 0.362891 0.694792 0.344531 0.694792
0 0.230859 0.694271 0.252734 0.694271 0.252734 0.717188 0.230859 0.717188
0 0.214062 0.718229 0.231641 0.718229 0.231641 0.75 0.214062 0.75
0 0.196094 0.755729 0.2125 0.755729 0.2125 0.782292 0.196094 0.782292
0 0.257422 0.7375 0.277734 0.7375 0.277734 0.760938 0.257422 0.760938
0 0.228516 0.751562 0.25 0.751562 0.25 0.778125 0.228516 0.778125
0 0.277734 0.717188 0.296875 0.717188 0.296875 0.739583 0.277734 0.739583
0 0.333203 0.709375 0.35625 0.709375 0.35625 0.7375 0.333203 0.7375
0 0.309766 0.742708 0.328125 0.742708 0.328125 0.770833 0.309766 0.770833
0 0.149219 0.809896 0.171094 0.809896 0.171094 0.833854 0.149219 0.833854
0 0.225781 0.794271 0.25 0.794271 0.25 0.815625 0.225781 0.815625
0 0.262891 0.780729 0.285547 0.780729 0.285547 0.802604 0.262891 0.802604
0 0.322266 0.809896 0.344922 0.809896 0.344922 0.833854 0.322266 0.833854
0 0.216406 0.820833 0.235938 0.820833 0.235938 0.841146 0.216406 0.841146
0 0.171094 0.876042 0.191406 0.876042 0.191406 0.895833 0.171094 0.895833
0 0.144922 0.865104 0.162891 0.865104 0.162891 0.888542 0.144922 0.888542
0 0.095703 0.951042 0.111328 0.951042 0.111328 0.975521 0.095703 0.975521
0 0.117578 0.95625 0.133203 0.95625 0.133203 0.98125 0.117578 0.98125
0 0.153125 0.946354 0.170312 0.946354 0.170312 0.970833 0.153125 0.970833
0 0.174609 0.922396 0.197266 0.922396 0.197266 0.940625 0.174609 0.940625
0 0.331641 0.770833 0.352344 0.770833 0.352344 0.795833 0.331641 0.795833
0 0.390234 0.804167 0.408594 0.804167 0.408594 0.828646 0.390234 0.828646
0 0.248047 0.831771 0.270703 0.831771 0.270703 0.854167 0.248047 0.854167
0 0.218359 0.857812 0.241016 0.857812 0.241016 0.877083 0.218359 0.877083
0 0.237891 0.903125 0.258984 0.903125 0.258984 0.921354 0.237891 0.921354
0 0.267969 0.879688 0.292578 0.879688 0.292578 0.903125 0.267969 0.903125
0 0.295703 0.907812 0.316406 0.907812 0.316406 0.930208 0.295703 0.930208
0 0.244531 0.940625 0.264453 0.940625 0.264453 0.961458 0.244531 0.961458
0 0.276953 0.9375 0.296875 0.9375 0.296875 0.958333 0.276953 0.958333
0 0.326562 0.923438 0.344922 0.923438 0.344922 0.946354 0.326562 0.946354
0 0.282422 0.975 0.302344 0.975 0.302344 0.997396 0.282422 0.997396
0 0.319141 0.970312 0.339844 0.970312 0.339844 0.991146 0.319141 0.991146
0 0.423047 0.785417 0.444141 0.785417 0.444141 0.814062 0.423047 0.814062
0 0.454688 0.764062 0.473438 0.764062 0.473438 0.794792 0.454688 0.794792
0 0.420703 0.827604 0.44375 0.827604 0.44375 0.852083 0.420703 0.852083
0 0.485938 0.791667 0.512109 0.791667 0.512109 0.815104 0.485938 0.815104
0 0.485547 0.754688 0.507031 0.754688 0.507031 0.776562 0.485547 0.776562
0 0.2 0.970833 0.220703 0.970833 0.220703 0.998438 0.2 0.998438
0 0.391406 0.915625 0.410156 0.915625 0.410156 0.946875 0.391406 0.946875
0 0.419141 0.879167 0.436328 0.879167 0.436328 0.904167 0.419141 0.904167
0 0.453906 0.901042 0.472266 0.901042 0.472266 0.927604 0.453906 0.927604
0 0.426172 0.925 0.448047 0.925 0.448047 0.95 0.426172 0.95
0 0.415625 0.956771 0.433203 0.956771 0.433203 0.984896 0.415625 0.984896
0 0.467578 0.86875 0.486719 0.86875 0.486719 0.898438 0.467578 0.898438
0 0.476172 0.834896 0.497266 0.834896 0.497266 0.861458 0.476172 0.861458
0 0.44375 0.869792 0.459375 0.869792 0.459375 0.89375 0.44375 0.89375
0 0.43125 0.754688 0.448438 0.754688 0.448438 0.779167 0.43125 0.779167
0 0.523828 0.803125 0.546094 0.803125 0.546094 0.828125 0.523828 0.828125
0 0.521875 0.838542 0.542969 0.838542 0.542969 0.859375 0.521875 0.859375
0 0.516406 0.878125 0.539844 0.878125 0.539844 0.902083 0.516406 0.902083
0 0.558984 0.816146 0.580469 0.816146 0.580469 0.843229 0.558984 0.843229
0 0.513672 0.753646 0.531641 0.753646 0.531641 0.770833 0.513672 0.770833
0 0.547656 0.772917 0.561328 0.772917 0.561328 0.796354 0.547656 0.796354
0 0.511328 0.924479 0.530469 0.924479 0.530469 0.945312 0.511328 0.945312
0 0.548828 0.904688 0.569531 0.904688 0.569531 0.924479 0.548828 0.924479
0 0.429297 0.651562 0.446875 0.651562 0.446875 0.679688 0.429297 0.679688
0 0.463281 0.656771 0.483984 0.656771 0.483984 0.682292 0.463281 0.682292
0 0.471875 0.688542 0.493359 0.688542 0.493359 0.714583 0.471875 0.714583
0 0.505859 0.683333 0.526953 0.683333 0.526953 0.706771 0.505859 0.706771
0 0.534766 0.707812 0.552734 0.707812 0.552734 0.733333 0.534766 0.733333
0 0.498438 0.723438 0.521094 0.723438 0.521094 0.744271 0.498438 0.744271
0 0.566406 0.715625 0.589062 0.715625 0.589062 0.741667 0.566406 0.741667
0 0.585156 0.753125 0.609766 0.753125 0.609766 0.776562 0.585156 0.776562
0 0.583594 0.794271 0.603125 0.794271 0.603125 0.815104 0.583594 0.815104
0 0.604297 0.81875 0.620703 0.81875 0.620703 0.839062 0.604297 0.839062
0 0.639844 0.766146 0.659766 0.766146 0.659766 0.786979 0.639844 0.786979
0 0.610938 0.727604 0.634766 0.727604 0.634766 0.746875 0.610938 0.746875
0 0.58125 0.671875 0.595703 0.671875 0.595703 0.698438 0.58125 0.698438
0 0.63125 0.696875 0.647656 0.696875 0.647656 0.717708 0.63125 0.717708
0 0.600781 0.695833 0.622266 0.695833 0.622266 0.716667 0.600781 0.716667
0 0.5375 0.642708 0.557422 0.642708 0.557422 0.667708 0.5375 0.667708
0 0.508594 0.636979 0.529297 0.636979 0.529297 0.658333 0.508594 0.658333
0 0.403125 0.611979 0.419141 0.611979 0.419141 0.636979 0.403125 0.636979
0 0.426172 0.590625 0.44375 0.590625 0.44375 0.61875 0.426172 0.61875
0 0.398047 0.516146 0.414062 0.516146 0.414062 0.541146 0.398047 0.541146
0 0.401172 0.573958 0.415625 0.573958 0.415625 0.602604 0.401172 0.602604
0 0.429297 0.555208 0.448828 0.555208 0.448828 0.575521 0.429297 0.575521
0 0.412109 0.480208 0.432031 0.480208 0.432031 0.503646 0.412109 0.503646
0 0.459375 0.339062 0.489062 0.339062 0.489062 0.365625 0.459375 0.365625
0 0.425781 0.454167 0.440625 0.454167 0.440625 0.48125 0.425781 0.48125
0 0.447266 0.445833 0.465234 0.445833 0.465234 0.471875 0.447266 0.471875
0 0.441406 0.491146 0.458984 0.491146 0.458984 0.516146 0.441406 0.516146
0 0.476953 0.463021 0.492578 0.463021 0.492578 0.483333 0.476953 0.483333
0 0.470312 0.491146 0.487109 0.491146 0.487109 0.516146 0.470312 0.516146
0 0.455078 0.526562 0.471875 0.526562 0.471875 0.548438 0.455078 0.548438
0 0.464453 0.567708 0.485547 0.567708 0.485547 0.594792 0.464453 0.594792
0 0.510547 0.517188 0.531641 0.517188 0.531641 0.539062 0.510547 0.539062
0 0.501953 0.560417 0.520703 0.560417 0.520703 0.583333 0.501953 0.583333
0 0.477734 0.604688 0.496875 0.604688 0.496875 0.633333 0.477734 0.633333
0 0.507812 0.600521 0.528125 0.600521 0.528125 0.625521 0.507812 0.625521
0 0.546094 0.602604 0.563281 0.602604 0.563281 0.633333 0.546094 0.633333
0 0.590625 0.620833 0.609766 0.620833 0.609766 0.647396 0.590625 0.647396
0 0.523828 0.398958 0.542578 0.398958 0.542578 0.424479 0.523828 0.424479
0 0.530078 0.366146 0.549609 0.366146 0.549609 0.389583 0.530078 0.389583
0 0.555469 0.350521 0.576953 0.350521 0.576953 0.378125 0.555469 0.378125
0 0.56875 0.388542 0.5875 0.388542 0.5875 0.416667 0.56875 0.416667
0 0.6 0.430208 0.622656 0.430208 0.622656 0.452083 0.6 0.452083
0 0.594531 0.459896 0.615625 0.459896 0.615625 0.480729 0.594531 0.480729
0 0.439453 0.279688 0.455859 0.279688 0.455859 0.308854 0.439453 0.308854
0 0.469141 0.258854 0.487891 0.258854 0.487891 0.288542 0.469141 0.288542
0 0.494922 0.2625 0.516406 0.2625 0.516406 0.289583 0.494922 0.289583
0 0.63125 0.455729 0.653516 0.455729 0.653516 0.480208 0.63125 0.480208
0 0.596875 0.388021 0.615234 0.388021 0.615234 0.407292 0.596875 0.407292
0 0.653125 0.408333 0.672656 0.408333 0.672656 0.433333 0.653125 0.433333
0 0.671875 0.446875 0.693359 0.446875 0.693359 0.470312 0.671875 0.470312
0 0.658203 0.486458 0.682031 0.486458 0.682031 0.508333 0.658203 0.508333
0 0.693359 0.470312 0.710938 0.470312 0.710938 0.494271 0.693359 0.494271
0 0.687891 0.529167 0.708594 0.529167 0.708594 0.552604 0.687891 0.552604
0 0.703906 0.559375 0.723438 0.559375 0.723438 0.582292 0.703906 0.582292
0 0.692188 0.586979 0.714062 0.586979 0.714062 0.614583 0.692188 0.614583
0 0.346484 0.088021 0.366797 0.088021 0.366797 0.1125 0.346484 0.1125
0 0.674219 0.598438 0.69375 0.598438 0.69375 0.629688 0.674219 0.629688
0 0.694531 0.648438 0.711719 0.648438 0.711719 0.675 0.694531 0.675
0 0.71875 0.59375 0.740234 0.59375 0.740234 0.615625 0.71875 0.615625
0 0.719922 0.652604 0.742188 0.652604 0.742188 0.676562 0.719922 0.676562
0 0.738672 0.621875 0.758594 0.621875 0.758594 0.643229 0.738672 0.643229
0 0.766797 0.629688 0.785547 0.629688 0.785547 0.65625 0.766797 0.65625
0 0.757812 0.673438 0.776172 0.673438 0.776172 0.69375 0.757812 0.69375
0 0.755078 0.529167 0.772656 0.529167 0.772656 0.557812 0.755078 0.557812
0 0.733984 0.557812 0.75625 0.557812 0.75625 0.579688 0.733984 0.579688
0 0.721094 0.446875 0.739062 0.446875 0.739062 0.472917 0.721094 0.472917
0 0.705078 0.415104 0.722266 0.415104 0.722266 0.438542 0.705078 0.438542
0 0.762109 0.478646 0.782031 0.478646 0.782031 0.505208 0.762109 0.505208
0 0.790234 0.482292 0.8125 0.482292 0.8125 0.506771 0.790234 0.506771
0 0.778125 0.521354 0.798047 0.521354 0.798047 0.544271 0.778125 0.544271
0 0.781641 0.60625 0.803125 0.60625 0.803125 0.629688 0.781641 0.629688
0 0.791406 0.549479 0.811328 0.549479 0.811328 0.573438 0.791406 0.573438
0 0.685938 0.350521 0.712109 0.350521 0.712109 0.379688 0.685938 0.379688
0 0.625781 0.345312 0.646484 0.345312 0.646484 0.365625 0.625781 0.365625
0 0.641797 0.376562 0.660156 0.376562 0.660156 0.399479 0.641797 0.399479
0 0.680078 0.4 0.700391 0.4 0.700391 0.421875 0.680078 0.421875
0 0.723438 0.355208 0.745703 0.355208 0.745703 0.379688 0.723438 0.379688
0 0.753516 0.395312 0.775781 0.395312 0.775781 0.415625 0.753516 0.415625
0 0.808984 0.459896 0.830078 0.459896 0.830078 0.483333 0.808984 0.483333
0 0.825781 0.421875 0.843359 0.421875 0.843359 0.445833 0.825781 0.445833
0 0.844141 0.45625 0.862891 0.45625 0.862891 0.477604 0.844141 0.477604
0 0.828906 0.489583 0.853125 0.489583 0.853125 0.516146 0.828906 0.516146
0 0.825781 0.535938 0.846484 0.535938 0.846484 0.557812 0.825781 0.557812
0 0.854297 0.521354 0.875781 0.521354 0.875781 0.543229 0.854297 0.543229
0 0.848438 0.555208 0.871875 0.555208 0.871875 0.573958 0.848438 0.573958
0 0.818359 0.58125 0.838672 0.58125 0.838672 0.602604 0.818359 0.602604
0 0.801562 0.342708 0.820703 0.342708 0.820703 0.367188 0.801562 0.367188
0 0.935547 0.419792 0.953516 0.419792 0.953516 0.448438 0.935547 0.448438
0 0.9625 0.453125 0.979297 0.453125 0.979297 0.476042 0.9625 0.476042
0 0.894922 0.331771 0.913672 0.331771 0.913672 0.359375 0.894922 0.359375
0 0.867969 0.345312 0.885547 0.345312 0.885547 0.371354 0.867969 0.371354
0 0.935547 0.349479 0.954688 0.349479 0.954688 0.370312 0.935547 0.370312
0 0.960156 0.330208 0.982422 0.330208 0.982422 0.355729 0.960156 0.355729
0 0.948438 0.385417 0.967578 0.385417 0.967578 0.404688 0.948438 0.404688
0 0.972266 0.404688 0.992578 0.404688 0.992578 0.423438 0.972266 0.423438
0 0.423047 0.044792 0.4375 0.044792 0.4375 0.068229 0.423047 0.068229
0 0.445312 0.067188 0.462109 0.067188 0.462109 0.092188 0.445312 0.092188
0 0.467578 0.038542 0.490234 0.038542 0.490234 0.061979 0.467578 0.061979
0 0.491797 0.010938 0.514062 0.010938 0.514062 0.036458 0.491797 0.036458
0 0.534766 0.044792 0.555469 0.044792 0.555469 0.073958 0.534766 0.073958
0 0.469922 0.079167 0.490234 0.079167 0.490234 0.100521 0.469922 0.100521
0 0.498828 0.067188 0.521094 0.067188 0.521094 0.092188 0.498828 0.092188
0 0.440625 0.110938 0.459766 0.110938 0.459766 0.139062 0.440625 0.139062
0 0.497266 0.106771 0.517188 0.106771 0.517188 0.132292 0.497266 0.132292
0 0.571484 0.04375 0.589062 0.04375 0.589062 0.070833 0.571484 0.070833
0 0.698438 0.038542 0.723438 0.038542 0.723438 0.065104 0.698438 0.065104
0 0.472656 0.164583 0.492578 0.164583 0.492578 0.188021 0.472656 0.188021
0 0.476562 0.199479 0.501172 0.199479 0.501172 0.225 0.476562 0.225
0 0.507812 0.152604 0.528516 0.152604 0.528516 0.175 0.507812 0.175
0 0.532422 0.0 0.553125 0.0 0.553125 0.021354 0.532422 0.021354
0 0.51875 0.111979 0.539453 0.111979 0.539453 0.132812 0.51875 0.132812
0 0.544531 0.116146 0.562109 0.116146 0.562109 0.139583 0.544531 0.139583
0 0.64375 0.0625 0.661328 0.0625 0.661328 0.085938 0.64375 0.085938
0 0.678906 0.065104 0.697656 0.065104 0.697656 0.092708 0.678906 0.092708
0 0.648828 0.101042 0.667578 0.101042 0.667578 0.119271 0.648828 0.119271
0 0.535938 0.171875 0.554297 0.171875 0.554297 0.193229 0.535938 0.193229
0 0.530469 0.213021 0.549609 0.213021 0.549609 0.234375 0.530469 0.234375
0 0.570312 0.188542 0.591016 0.188542 0.591016 0.216146 0.570312 0.216146
0 0.565625 0.225 0.586328 0.225 0.586328 0.247917 0.565625 0.247917
0 0.66875 0.126042 0.694922 0.126042 0.694922 0.153125 0.66875 0.153125
0 0.714453 0.005208 0.738672 0.005208 0.738672 0.028125 0.714453 0.028125
0 0.7375 0.038542 0.755859 0.038542 0.755859 0.069271 0.7375 0.069271
0 0.701953 0.075521 0.723828 0.075521 0.723828 0.1 0.701953 0.1
0 0.687109 0.096875 0.710938 0.096875 0.710938 0.124479 0.687109 0.124479
0 0.773828 0.034375 0.793359 0.034375 0.793359 0.060417 0.773828 0.060417
0 0.748828 0.0875 0.769531 0.0875 0.769531 0.108854 0.748828 0.108854
0 0.776172 0.072396 0.796875 0.072396 0.796875 0.09375 0.776172 0.09375
0 0.704297 0.141146 0.723828 0.141146 0.723828 0.167188 0.704297 0.167188
0 0.732812 0.131771 0.752344 0.131771 0.752344 0.160938 0.732812 0.160938
0 0.771875 0.110417 0.798047 0.110417 0.798047 0.133333 0.771875 0.133333
0 0.757812 0.136458 0.784375 0.136458 0.784375 0.164062 0.757812 0.164062
0 0.751172 0.170312 0.775 0.170312 0.775 0.193229 0.751172 0.193229
0 0.799219 0.176042 0.81875 0.176042 0.81875 0.200521 0.799219 0.200521
0 0.838672 0.018229 0.857812 0.018229 0.857812 0.044792 0.838672 0.044792
0 0.911328 0.020312 0.929688 0.020312 0.929688 0.05 0.911328 0.05
0 0.935938 0.005208 0.953516 0.005208 0.953516 0.0375 0.935938 0.0375
0 0.956641 0.041667 0.982422 0.041667 0.982422 0.069271 0.956641 0.069271
0 0.970312 0.009896 0.991016 0.009896 0.991016 0.038542 0.970312 0.038542
0 0.914453 0.065104 0.929688 0.065104 0.929688 0.089583 0.914453 0.089583
0 0.942578 0.080208 0.964844 0.080208 0.964844 0.101562 0.942578 0.101562
0 0.9375 0.134375 0.955078 0.134375 0.955078 0.155729 0.9375 0.155729
0 0.564844 0.255729 0.585547 0.255729 0.585547 0.278125 0.564844 0.278125
0 0.558203 0.286979 0.577734 0.286979 0.577734 0.308333 0.558203 0.308333
0 0.579297 0.308333 0.605078 0.308333 0.605078 0.333333 0.579297 0.333333
0 0.592188 0.215625 0.611328 0.215625 0.611328 0.241667 0.592188 0.241667
0 0.621875 0.219271 0.637891 0.219271 0.637891 0.241667 0.621875 0.241667
0 0.648438 0.219271 0.667969 0.219271 0.667969 0.241667 0.648438 0.241667
0 0.6 0.263021 0.61875 0.263021 0.61875 0.285938 0.6 0.285938
0 0.642188 0.271875 0.664453 0.271875 0.664453 0.294271 0.642188 0.294271
0 0.645312 0.308333 0.671094 0.308333 0.671094 0.334375 0.645312 0.334375
0 0.597656 0.3375 0.617969 0.3375 0.617969 0.361979 0.597656 0.361979
0 0.698438 0.2375 0.717969 0.2375 0.717969 0.259896 0.698438 0.259896
0 0.675781 0.294271 0.69375 0.294271 0.69375 0.320312 0.675781 0.320312
0 0.696875 0.278125 0.721094 0.278125 0.721094 0.297396 0.696875 0.297396
0 0.748438 0.241667 0.766016 0.241667 0.766016 0.267708 0.748438 0.267708
0 0.760547 0.277083 0.782422 0.277083 0.782422 0.301042 0.760547 0.301042
0 0.736328 0.311458 0.758203 0.311458 0.758203 0.339583 0.736328 0.339583
0 0.786328 0.314583 0.807422 0.314583 0.807422 0.336458 0.786328 0.336458
0 0.958203 0.132812 0.979688 0.132812 0.979688 0.15 0.958203 0.15
0 0.946484 0.1625 0.965234 0.1625 0.965234 0.182812 0.946484 0.182812
0 0.921094 0.1875 0.944922 0.1875 0.944922 0.209896 0.921094 0.209896
0 0.879297 0.208854 0.896484 0.208854 0.896484 0.231771 0.879297 0.231771
0 0.872656 0.271354 0.888672 0.271354 0.888672 0.292708 0.872656 0.292708
0 0.864844 0.310938 0.884375 0.310938 0.884375 0.336979 0.864844 0.336979
0 0.891406 0.300521 0.910938 0.300521 0.910938 0.325521 0.891406 0.325521
0 0.892188 0.253125 0.913281 0.253125 0.913281 0.28125 0.892188 0.28125
0 0.926172 0.260938 0.942969 0.260938 0.942969 0.280208 0.926172 0.280208
0 0.936328 0.235938 0.958203 0.235938 0.958203 0.25625 0.936328 0.25625
0 0.973438 0.2375 0.995703 0.2375 0.995703 0.260938 0.973438 0.260938
0 0.956641 0.28125 0.976172 0.28125 0.976172 0.311979 0.956641 0.311979
0 0.921875 0.309896 0.944922 0.309896 0.944922 0.334896 0.921875 0.334896
0 0.903516 0.20625 0.927734 0.20625 0.927734 0.223958 0.903516 0.223958
0 0.939062 0.697917 0.958984 0.697917 0.958984 0.721354 0.939062 0.721354
0 0.912891 0.704688 0.930469 0.704688 0.930469 0.73125 0.912891 0.73125
0 0.912109 0.738021 0.927734 0.738021 0.927734 0.761979 0.912109 0.761979
0 0.941016 0.750521 0.959766 0.750521 0.959766 0.779688 0.941016 0.779688
0 0.962891 0.736979 0.978516 0.736979 0.978516 0.764062 0.962891 0.764062
0 0.874219 0.797917 0.893359 0.797917 0.893359 0.825521 0.874219 0.825521
0 0.935156 0.788021 0.953906 0.788021 0.953906 0.810417 0.935156 0.810417
0 0.974609 0.789583 0.99375 0.789583 0.99375 0.821875 0.974609 0.821875
0 0.802344 0.842708 0.820703 0.842708 0.820703 0.867188 0.802344 0.867188
0 0.825391 0.841146 0.845312 0.841146 0.845312 0.867708 0.825391 0.867708
0 0.880469 0.835417 0.898047 0.835417 0.898047 0.863021 0.880469 0.863021
0 0.908984 0.854688 0.928906 0.854688 0.928906 0.882292 0.908984 0.882292
0 0.932812 0.897917 0.951562 0.897917 0.951562 0.919271 0.932812 0.919271
0 0.803516 0.884375 0.825 0.884375 0.825 0.907812 0.803516 0.907812
0 0.832422 0.88125 0.852344 0.88125 0.852344 0.902083 0.832422 0.902083
0 0.859375 0.877083 0.877734 0.877083 0.877734 0.900521 0.859375 0.900521
0 0.880859 0.892708 0.901562 0.892708 0.901562 0.915625 0.880859 0.915625
0 0.973828 0.867708 0.997656 0.867708 0.997656 0.892708 0.973828 0.892708
0 0.716797 0.952083 0.736328 0.952083 0.736328 0.973438 0.716797 0.973438
0 0.760156 0.967708 0.778125 0.967708 0.778125 0.995312 0.760156 0.995312
0 0.866797 0.932812 0.887109 0.932812 0.887109 0.954688 0.866797 0.954688
0 0.872266 0.963021 0.892969 0.963021 0.892969 0.984375 0.872266 0.984375
0 0.910938 0.947917 0.927734 0.947917 0.927734 0.972917 0.910938 0.972917
0 0.927734 0.926042 0.945312 0.926042 0.945312 0.952083 0.927734 0.952083
0 0.955859 0.911458 0.972656 0.911458 0.972656 0.936979 0.955859 0.936979
0 0.972266 0.901042 0.990234 0.901042 0.990234 0.919271 0.972266 0.919271
0 0.964453 0.94375 0.985156 0.94375 0.985156 0.963542 0.964453 0.963542
0 0.958984 0.971354 0.976953 0.971354 0.976953 0.995312 0.958984 0.995312
0 0.801953 0.924479 0.81875 0.924479 0.81875 0.947917 0.801953 0.947917