0 0.001172 0.017708 0.013281 0.017708 0.013281 0.044271 0.001172 0.044271
0 0.053125 0.03125 0.071484 0.03125 0.071484 0.055729 0.053125 0.055729
0 0.064844 0.0 0.082812 0.0 0.082812 0.017708 0.064844 0.017708
0 0.166797 0.014583 0.180469 0.014583 0.180469 0.041146 0.166797 0.041146
0 0.202734 0.0 0.220703 0.0 0.220703 0.025521 0.202734 0.025521
0 0.222656 0.021354 0.242969 0.021354 0.242969 0.041146 0.222656 0.041146
0 0.261719 0.0 0.284375 0.0 0.284375 0.017708 0.261719 0.017708
0 0.283203 0.015625 0.299219 0.015625 0.299219 0.038021 0.283203 0.038021
0 0.321094 0.005729 0.333984 0.005729 0.333984 0.031771 0.321094 0.031771
0 0.358984 0.009896 0.379688 0.009896 0.379688 0.029688 0.358984 0.029688
0 0.000781 0.107292 0.015234 0.107292 0.015234 0.129167 0.000781 0.129167
0 0.005078 0.144271 0.029688 0.144271 0.029688 0.165104 0.005078 0.165104
0 0.039062 0.101562 0.055078 0.101562 0.055078 0.121875 0.039062 0.121875
0 0.06875 0.086458 0.086328 0.086458 0.086328 0.105208 0.06875 0.105208
0 0.172266 0.134896 0.185938 0.134896 0.185938 0.161979 0.172266 0.161979
0 0.1875 0.180208 0.203906 0.180208 0.203906 0.200521 0.1875 0.200521
0 0.230469 0.182812 0.246484 0.182812 0.246484 0.2 0.230469 0.2
0 0.241797 0.154167 0.257422 0.154167 0.257422 0.181771 0.241797 0.181771
0 0.270703 0.154688 0.287109 0.154688 0.287109 0.182292 0.270703 0.182292
0 0.302734 0.171875 0.322656 0.171875 0.322656 0.194271 0.302734 0.194271
0 0.295312 0.134896 0.308984 0.134896 0.308984 0.160417 0.295312 0.160417
0 0.330078 0.11875 0.343359 0.11875 0.343359 0.144792 0.330078 0.144792
0 0.046094 0.13125 0.067578 0.13125 0.067578 0.151042 0.046094 0.151042
0 0.009766 0.188542 0.028516 0.188542 0.028516 0.204167 0.009766 0.204167
0 0.101562 0.171354 0.117578 0.171354 0.117578 0.199479 0.101562 0.199479
0 0.135156 0.160417 0.147656 0.160417 0.147656 0.183854 0.135156 0.183854
0 0.155859 0.188542 0.169141 0.188542 0.169141 0.217708 0.155859 0.217708
0 0.192188 0.210417 0.210547 0.210417 0.210547 0.240625 0.192188 0.240625
0 0.223047 0.214062 0.241016 0.214062 0.241016 0.242188 0.223047 0.242188
0 0.130078 0.205208 0.144922 0.205208 0.144922 0.235938 0.130078 0.235938
0 0.099219 0.207812 0.116016 0.207812 0.116016 0.235938 0.099219 0.235938
0 0.1125 0.251042 0.133203 0.251042 0.133203 0.279688 0.1125 0.279688
0 0.178516 0.257292 0.192578 0.257292 0.192578 0.2875 0.178516 0.2875
0 0.227734 0.290104 0.248438 0.290104 0.248438 0.317708 0.227734 0.317708
0 0.179688 0.313542 0.201953 0.313542 0.201953 0.341146 0.179688 0.341146
0 0.155859 0.294792 0.171875 0.294792 0.171875 0.325521 0.155859 0.325521
0 0.123828 0.303125 0.136719 0.303125 0.136719 0.33125 0.123828 0.33125
0 0.064062 0.232292 0.079297 0.232292 0.079297 0.258854 0.064062 0.258854
0 0.078125 0.284375 0.095312 0.284375 0.095312 0.305208 0.078125 0.305208
0 0.099219 0.282292 0.115625 0.282292 0.115625 0.311979 0.099219 0.311979
0 0.055859 0.314062 0.075781 0.314062 0.075781 0.335938 0.055859 0.335938
0 0.086328 0.33125 0.102734 0.33125 0.102734 0.361979 0.086328 0.361979
0 0.119531 0.343229 0.144922 0.343229 0.144922 0.367188 0.119531 0.367188
0 0.103906 0.379167 0.127344 0.379167 0.127344 0.401562 0.103906 0.401562
0 0.079688 0.389583 0.100391 0.389583 0.100391 0.411979 0.079688 0.411979
0 0.047266 0.3625 0.064453 0.3625 0.064453 0.382812 0.047266 0.382812
0 0.027734 0.385938 0.041016 0.385938 0.041016 0.410417 0.027734 0.410417
0 0.048828 0.426042 0.067969 0.426042 0.067969 0.445312 0.048828 0.445312
0 0.073047 0.448958 0.095312 0.448958 0.095312 0.473958 0.073047 0.473958
0 0.042188 0.463542 0.061719 0.463542 0.061719 0.484375 0.042188 0.484375
0 0.0 0.411979 0.022656 0.411979 0.022656 0.444792 0.0 0.444792
0 0.405469 0.016667 0.426172 0.016667 0.426172 0.032292 0.405469 0.032292
0 0.402344 0.096354 0.420703 0.096354 0.420703 0.115625 0.402344 0.115625
0 0.375781 0.104167 0.393359 0.104167 0.393359 0.121875 0.375781 0.121875
0 0.40625 0.146354 0.428906 0.146354 0.428906 0.166667 0.40625 0.166667
0 0.365234 0.138542 0.384375 0.138542 0.384375 0.1625 0.365234 0.1625
0 0.345312 0.171875 0.360938 0.171875 0.360938 0.197917 0.345312 0.197917
0 0.373438 0.185417 0.401562 0.185417 0.401562 0.209375 0.373438 0.209375
0 0.438281 0.111458 0.459375 0.111458 0.459375 0.129688 0.438281 0.129688
0 0.441797 0.142188 0.459375 0.142188 0.459375 0.166146 0.441797 0.166146
0 0.483594 0.149479 0.498828 0.149479 0.498828 0.179167 0.483594 0.179167
0 0.460938 0.186458 0.485547 0.186458 0.485547 0.213021 0.460938 0.213021
0 0.425391 0.217188 0.44375 0.217188 0.44375 0.233854 0.425391 0.233854
0 0.45 0.235938 0.467969 0.235938 0.467969 0.255729 0.45 0.255729
0 0.352734 0.207292 0.369141 0.207292 0.369141 0.236458 0.352734 0.236458
0 0.391797 0.243229 0.408984 0.243229 0.408984 0.266667 0.391797 0.266667
0 0.344141 0.250521 0.371094 0.250521 0.371094 0.26875 0.344141 0.26875
0 0.353906 0.276042 0.375781 0.276042 0.375781 0.297917 0.353906 0.297917
0 0.258203 0.222917 0.277344 0.222917 0.277344 0.244792 0.258203 0.244792
0 0.282812 0.197917 0.296484 0.197917 0.296484 0.225 0.282812 0.225
0 0.298438 0.215625 0.312891 0.215625 0.312891 0.242708 0.298438 0.242708
0 0.28125 0.26875 0.300781 0.26875 0.300781 0.295833 0.28125 0.295833
0 0.310938 0.318229 0.325781 0.318229 0.325781 0.342708 0.310938 0.342708
0 0.329688 0.30625 0.352344 0.30625 0.352344 0.329688 0.329688 0.329688
0 0.349609 0.334375 0.360938 0.334375 0.360938 0.351042 0.349609 0.351042
0 0.338281 0.36875 0.351562 0.36875 0.351562 0.390104 0.338281 0.390104
0 0.286328 0.346875 0.301172 0.346875 0.301172 0.372396 0.286328 0.372396
0 0.242188 0.354688 0.258594 0.354688 0.258594 0.379167 0.242188 0.379167
0 0.214453 0.397396 0.242188 0.397396 0.242188 0.426562 0.214453 0.426562
0 0.29375 0.369271 0.316406 0.369271 0.316406 0.392188 0.29375 0.392188
0 0.367188 0.392188 0.386328 0.392188 0.386328 0.414062 0.367188 0.414062
0 0.013281 0.503125 0.035156 0.503125 0.035156 0.524479 0.013281 0.524479
0 0.006641 0.534896 0.022266 0.534896 0.022266 0.5625 0.006641 0.5625
0 0.030469 0.538021 0.046094 0.538021 0.046094 0.567708 0.030469 0.567708
0 0.052344 0.560417 0.065625 0.560417 0.065625 0.5875 0.052344 0.5875
0 0.074609 0.572396 0.089062 0.572396 0.089062 0.602083 0.074609 0.602083
0 0.073438 0.527604 0.087109 0.527604 0.087109 0.551042 0.073438 0.551042
0 0.084766 0.502083 0.110547 0.502083 0.110547 0.527083 0.084766 0.527083
0 0.139062 0.443229 0.161328 0.443229 0.161328 0.467188 0.139062 0.467188
0 0.180859 0.428646 0.198828 0.428646 0.198828 0.45 0.180859 0.45
0 0.209766 0.439583 0.227734 0.439583 0.227734 0.459896 0.209766 0.459896
0 0.256641 0.454688 0.270312 0.454688 0.270312 0.483854 0.256641 0.483854
0 0.21875 0.48125 0.233984 0.48125 0.233984 0.511458 0.21875 0.511458
0 0.182031 0.46875 0.198828 0.46875 0.198828 0.492708 0.182031 0.492708
0 0.170312 0.502083 0.186328 0.502083 0.186328 0.526042 0.170312 0.526042
0 0.147266 0.513021 0.161719 0.513021 0.161719 0.540625 0.147266 0.540625
0 0.185156 0.526042 0.204297 0.526042 0.204297 0.545833 0.185156 0.545833
0 0.152734 0.559896 0.167578 0.559896 0.167578 0.585938 0.152734 0.585938
0 0.102734 0.552083 0.115234 0.552083 0.115234 0.58125 0.102734 0.58125
0 0.126562 0.54375 0.140234 0.54375 0.140234 0.573438 0.126562 0.573438
0 0.111328 0.589062 0.126172 0.589062 0.126172 0.61875 0.111328 0.61875
0 0.0875 0.604167 0.100781 0.604167 0.100781 0.627083 0.0875 0.627083
0 0.139062 0.609896 0.152344 0.609896 0.152344 0.639583 0.139062 0.639583
0 0.171875 0.611458 0.184375 0.611458 0.184375 0.639062 0.171875 0.639062
0 0.173438 0.574479 0.191016 0.574479 0.191016 0.597917 0.173438 0.597917
0 0.199609 0.572917 0.215234 0.572917 0.215234 0.604167 0.199609 0.604167
0 0.207031 0.635417 0.225781 0.635417 0.225781 0.660417 0.207031 0.660417
0 0.092578 0.642188 0.113672 0.642188 0.113672 0.666146 0.092578 0.666146
0 0.128516 0.649479 0.142969 0.649479 0.142969 0.669792 0.128516 0.669792
0 0.25625 0.498958 0.273047 0.498958 0.273047 0.529688 0.25625 0.529688
0 0.273828 0.532812 0.295312 0.532812 0.295312 0.552083 0.273828 0.552083
0 0.301953 0.508854 0.321094 0.508854 0.321094 0.5375 0.301953 0.5375
0 0.310547 0.468229 0.330469 0.468229 0.330469 0.494271 0.310547 0.494271
0 0.275391 0.498958 0.291406 0.498958 0.291406 0.51875 0.275391 0.51875
0 0.252734 0.596354 0.267969 0.596354 0.267969 0.623958 0.252734 0.623958
0 0.282031 0.566146 0.299219 0.566146 0.299219 0.590625 0.282031 0.590625
0 0.292188 0.592708 0.308594 0.592708 0.308594 0.610938 0.292188 0.610938
0 0.081641 0.738021 0.106641 0.738021 0.106641 0.760938 0.081641 0.760938
0 0.111719 0.761979 0.135156 0.761979 0.135156 0.792188 0.111719 0.792188
0 0.079297 0.770833 0.1 0.770833 0.1 0.790625 0.079297 0.790625
0 0.051172 0.794792 0.065234 0.794792 0.065234 0.81875 0.051172 0.81875
0 0.073438 0.835417 0.089453 0.835417 0.089453 0.865104 0.073438 0.865104
0 0.108594 0.867188 0.124609 0.867188 0.124609 0.889583 0.108594 0.889583
0 0.073047 0.886979 0.089453 0.886979 0.089453 0.908333 0.073047 0.908333
0 0.048047 0.866146 0.06875 0.866146 0.06875 0.889062 0.048047 0.889062
0 0.058203 0.920312 0.084375 0.920312 0.084375 0.94375 0.058203 0.94375
0 0.126562 0.803125 0.145312 0.803125 0.145312 0.830208 0.126562 0.830208
0 0.145312 0.745312 0.16875 0.745312 0.16875 0.766667 0.145312 0.766667
0 0.175 0.780729 0.189453 0.780729 0.189453 0.806771 0.175 0.806771
0 0.203125 0.814583 0.219141 0.814583 0.219141 0.842188 0.203125 0.842188
0 0.170312 0.849479 0.189453 0.849479 0.189453 0.867188 0.170312 0.867188
0 0.197656 0.869271 0.2125 0.869271 0.2125 0.89375 0.197656 0.89375
0 0.188281 0.905208 0.207812 0.905208 0.207812 0.934375 0.188281 0.934375
0 0.161719 0.91875 0.185156 0.91875 0.185156 0.938021 0.161719 0.938021
0 0.144141 0.873438 0.160547 0.873438 0.160547 0.902604 0.144141 0.902604
0 0.141406 0.940104 0.164844 0.940104 0.164844 0.964583 0.141406 0.964583
0 0.103125 0.911458 0.126562 0.911458 0.126562 0.933854 0.103125 0.933854
0 0.03125 0.976562 0.05 0.976562 0.05 0.994792 0.03125 0.994792
0 0.067969 0.956771 0.083203 0.956771 0.083203 0.977604 0.067969 0.977604
0 0.095312 0.956771 0.110156 0.956771 0.110156 0.975 0.095312 0.975
0 0.110156 0.977604 0.126562 0.977604 0.126562 0.999479 0.110156 0.999479
0 0.160547 0.976042 0.179688 0.976042 0.179688 0.992188 0.160547 0.992188
0 0.192969 0.953125 0.208203 0.953125 0.208203 0.983333 0.192969 0.983333
0 0.489844 0.001562 0.508594 0.001562 0.508594 0.028646 0.489844 0.028646
0 0.504297 0.04375 0.526562 0.04375 0.526562 0.059896 0.504297 0.059896
0 0.548047 0.019792 0.569141 0.019792 0.569141 0.04375 0.548047 0.04375
0 0.589062 0.021875 0.614453 0.021875 0.614453 0.047917 0.589062 0.047917
0 0.608203 0.0 0.627344 0.0 0.627344 0.015625 0.608203 0.015625
0 0.704688 0.042708 0.726562 0.042708 0.726562 0.069271 0.704688 0.069271
0 0.746875 0.046875 0.758594 0.046875 0.758594 0.072396 0.746875 0.072396
0 0.766016 0.056771 0.777734 0.056771 0.777734 0.075 0.766016 0.075
0 0.796875 0.045833 0.821094 0.045833 0.821094 0.078125 0.796875 0.078125
0 0.807031 0.004167 0.821094 0.004167 0.821094 0.01875 0.807031 0.01875
0 0.827344 0.066146 0.847266 0.066146 0.847266 0.096354 0.827344 0.096354
0 0.814844 0.107812 0.840234 0.107812 0.840234 0.133854 0.814844 0.133854
0 0.840234 0.152604 0.860156 0.152604 0.860156 0.178125 0.840234 0.178125
0 0.783203 0.169792 0.800781 0.169792 0.800781 0.196354 0.783203 0.196354
0 0.760938 0.101562 0.783203 0.101562 0.783203 0.124479 0.760938 0.124479
0 0.728125 0.111458 0.747266 0.111458 0.747266 0.134375 0.728125 0.134375
0 0.903516 0.005729 0.920312 0.005729 0.920312 0.03125 0.903516 0.03125
0 0.86875 0.052083 0.885938 0.052083 0.885938 0.074479 0.86875 0.074479
0 0.896875 0.060417 0.910156 0.060417 0.910156 0.088542 0.896875 0.088542
0 0.921875 0.094792 0.939453 0.094792 0.939453 0.122917 0.921875 0.122917
0 0.873828 0.095312 0.889062 0.095312 0.889062 0.120833 0.873828 0.120833
0 0.898438 0.119271 0.913281 0.119271 0.913281 0.141146 0.898438 0.141146
0 0.919922 0.135417 0.931641 0.135417 0.931641 0.160417 0.919922 0.160417
0 0.955078 0.129688 0.969141 0.129688 0.969141 0.148958 0.955078 0.148958
0 0.897656 0.179688 0.918359 0.179688 0.918359 0.198958 0.897656 0.198958
0 0.935547 0.198438 0.952734 0.198438 0.952734 0.219271 0.935547 0.219271
0 0.951172 0.169792 0.970703 0.169792 0.970703 0.192188 0.951172 0.192188
0 0.969922 0.217188 0.989062 0.217188 0.989062 0.244792 0.969922 0.244792
0 0.920312 0.239062 0.94375 0.239062 0.94375 0.259375 0.920312 0.259375
0 0.900391 0.253646 0.919141 0.253646 0.919141 0.277083 0.900391 0.277083
0 0.914844 0.3 0.936328 0.3 0.936328 0.319271 0.914844 0.319271
0 0.94375 0.328125 0.966797 0.328125 0.966797 0.348438 0.94375 0.348438
0 0.966797 0.352083 0.989844 0.352083 0.989844 0.370312 0.966797 0.370312
0 0.904688 0.348438 0.924609 0.348438 0.924609 0.368229 0.904688 0.368229
0 0.935156 0.372396 0.951172 0.372396 0.951172 0.399479 0.935156 0.399479
0 0.860156 0.2625 0.873828 0.2625 0.873828 0.284375 0.860156 0.284375
0 0.855469 0.207812 0.874609 0.207812 0.874609 0.235417 0.855469 0.235417
0 0.820312 0.205208 0.838281 0.205208 0.838281 0.230208 0.820312 0.230208
0 0.784766 0.213542 0.801953 0.213542 0.801953 0.236979 0.784766 0.236979
0 0.757422 0.235938 0.782031 0.235938 0.782031 0.253646 0.757422 0.253646
0 0.608984 0.086458 0.627344 0.086458 0.627344 0.108333 0.608984 0.108333
0 0.653516 0.09375 0.671875 0.09375 0.671875 0.114062 0.653516 0.114062
0 0.702734 0.103125 0.721094 0.103125 0.721094 0.120312 0.702734 0.120312
0 0.700781 0.136458 0.724219 0.136458 0.724219 0.157292 0.700781 0.157292
0 0.658984 0.128125 0.675391 0.128125 0.675391 0.151562 0.658984 0.151562
0 0.700781 0.183854 0.723438 0.183854 0.723438 0.208333 0.700781 0.208333
0 0.753125 0.146354 0.771484 0.146354 0.771484 0.172917 0.753125 0.172917
0 0.544922 0.147917 0.564844 0.147917 0.564844 0.175521 0.544922 0.175521
0 0.59375 0.160417 0.617578 0.160417 0.617578 0.1875 0.59375 0.1875
0 0.638281 0.161979 0.660938 0.161979 0.660938 0.189583 0.638281 0.189583
0 0.664844 0.216146 0.678516 0.216146 0.678516 0.25 0.664844 0.25
0 0.690625 0.245833 0.7125 0.245833 0.7125 0.268229 0.690625 0.268229
0 0.721484 0.226042 0.74375 0.226042 0.74375 0.244792 0.721484 0.244792
0 0.769922 0.258333 0.791016 0.258333 0.791016 0.280208 0.769922 0.280208
0 0.578906 0.194792 0.589453 0.194792 0.589453 0.227083 0.578906 0.227083
0 0.608594 0.241146 0.625391 0.241146 0.625391 0.261458 0.608594 0.261458
0 0.385938 0.319792 0.414453 0.319792 0.414453 0.345312 0.385938 0.345312
0 0.44375 0.313021 0.468359 0.313021 0.468359 0.335938 0.44375 0.335938
0 0.432812 0.279167 0.448828 0.279167 0.448828 0.308854 0.432812 0.308854
0 0.467188 0.252083 0.486328 0.252083 0.486328 0.277083 0.467188 0.277083
0 0.532031 0.324479 0.545312 0.324479 0.545312 0.350521 0.532031 0.350521
0 0.552344 0.313542 0.570703 0.313542 0.570703 0.339583 0.552344 0.339583
0 0.578906 0.307292 0.598047 0.307292 0.598047 0.325521 0.578906 0.325521
0 0.58125 0.330729 0.596484 0.330729 0.596484 0.352604 0.58125 0.352604
0 0.608203 0.336979 0.626172 0.336979 0.626172 0.361979 0.608203 0.361979
0 0.638281 0.376562 0.653906 0.376562 0.653906 0.401042 0.638281 0.401042
0 0.657422 0.338021 0.675 0.338021 0.675 0.357812 0.657422 0.357812
0 0.585547 0.361458 0.600391 0.361458 0.600391 0.380729 0.585547 0.380729
0 0.578516 0.401562 0.593359 0.401562 0.593359 0.428646 0.578516 0.428646
0 0.623438 0.202604 0.641016 0.202604 0.641016 0.226562 0.623438 0.226562
0 0.739453 0.325 0.758984 0.325 0.758984 0.341667 0.739453 0.341667
0 0.766797 0.333333 0.782422 0.333333 0.782422 0.353646 0.766797 0.353646
0 0.789453 0.353646 0.808203 0.353646 0.808203 0.372396 0.789453 0.372396
0 0.819141 0.380729 0.830078 0.380729 0.830078 0.404688 0.819141 0.404688
0 0.783203 0.396875 0.802344 0.396875 0.802344 0.418229 0.783203 0.418229
0 0.767969 0.371354 0.784766 0.371354 0.784766 0.389583 0.767969 0.389583
0 0.738281 0.378646 0.758594 0.378646 0.758594 0.403646 0.738281 0.403646
0 0.722656 0.361979 0.736328 0.361979 0.736328 0.384375 0.722656 0.384375
0 0.711719 0.396354 0.723047 0.396354 0.723047 0.422396 0.711719 0.422396
0 0.69375 0.354167 0.707422 0.354167 0.707422 0.376562 0.69375 0.376562
0 0.855469 0.340625 0.871094 0.340625 0.871094 0.360417 0.855469 0.360417
0 0.871875 0.375521 0.892969 0.375521 0.892969 0.39375 0.871875 0.39375
0 0.962891 0.383854 0.985938 0.383854 0.985938 0.408333 0.962891 0.408333
0 0.934766 0.423958 0.955469 0.423958 0.955469 0.449479 0.934766 0.449479
0 0.958203 0.443229 0.978125 0.443229 0.978125 0.470833 0.958203 0.470833
0 0.907422 0.402083 0.922656 0.402083 0.922656 0.429688 0.907422 0.429688
0 0.860938 0.422396 0.876953 0.422396 0.876953 0.445833 0.860938 0.445833
0 0.822656 0.414062 0.839453 0.414062 0.839453 0.44375 0.822656 0.44375
0 0.483984 0.450521 0.500781 0.450521 0.500781 0.476042 0.483984 0.476042
0 0.521094 0.455208 0.542578 0.455208 0.542578 0.4875 0.521094 0.4875
0 0.548438 0.4875 0.562891 0.4875 0.562891 0.513021 0.548438 0.513021
0 0.567188 0.502604 0.586328 0.502604 0.586328 0.527083 0.567188 0.527083
0 0.507422 0.510938 0.532031 0.510938 0.532031 0.534896 0.507422 0.534896
0 0.442578 0.505208 0.462891 0.505208 0.462891 0.535938 0.442578 0.535938
0 0.473828 0.506771 0.490234 0.506771 0.490234 0.531771 0.473828 0.531771
0 0.416797 0.488021 0.435547 0.488021 0.435547 0.511979 0.416797 0.511979
0 0.414453 0.528125 0.432422 0.528125 0.432422 0.55625 0.414453 0.55625
0 0.403125 0.58125 0.426953 0.58125 0.426953 0.614062 0.403125 0.614062
0 0.433594 0.558333 0.453906 0.558333 0.453906 0.586458 0.433594 0.586458
0 0.458594 0.569792 0.475 0.569792 0.475 0.596354 0.458594 0.596354
0 0.480469 0.556771 0.5 0.556771 0.5 0.586458 0.480469 0.586458
0 0.526562 0.542708 0.546094 0.542708 0.546094 0.569271 0.526562 0.569271
0 0.380078 0.550521 0.397656 0.550521 0.397656 0.570312 0.380078 0.570312
0 0.427734 0.619271 0.455859 0.619271 0.455859 0.642708 0.427734 0.642708
0 0.508594 0.600521 0.529297 0.600521 0.529297 0.620833 0.508594 0.620833
0 0.573828 0.552083 0.590625 0.552083 0.590625 0.577604 0.573828 0.577604
0 0.204297 0.71875 0.233203 0.71875 0.233203 0.742188 0.204297 0.742188
0 0.31875 0.696875 0.3375 0.696875 0.3375 0.716667 0.31875 0.716667
0 0.358203 0.676562 0.376562 0.676562 0.376562 0.698438 0.358203 0.698438
0 0.357422 0.701042 0.376172 0.701042 0.376172 0.725521 0.357422 0.725521
0 0.236719 0.7875 0.253516 0.7875 0.253516 0.810938 0.236719 0.810938
0 0.275781 0.790625 0.294922 0.790625 0.294922 0.809375 0.275781 0.809375
0 0.250781 0.860417 0.265625 0.860417 0.265625 0.883854 0.250781 0.883854
0 0.235547 0.901562 0.251563 0.901562 0.251563 0.93125 0.235547 0.93125
0 0.28125 0.935938 0.303125 0.935938 0.303125 0.953646 0.28125 0.953646
0 0.319922 0.970312 0.333984 0.970312 0.333984 0.993229 0.319922 0.993229
0 0.316406 0.871354 0.33125 0.871354 0.33125 0.890104 0.316406 0.890104
0 0.33125 0.896875 0.344531 0.896875 0.344531 0.920833 0.33125 0.920833
0 0.351172 0.940625 0.363281 0.940625 0.363281 0.9625 0.351172 0.9625
0 0.403516 0.970833 0.433984 0.970833 0.433984 0.999479 0.403516 0.999479
0 0.686328 0.49375 0.711719 0.49375 0.711719 0.513542 0.686328 0.513542
0 0.6375 0.478125 0.658594 0.478125 0.658594 0.503646 0.6375 0.503646
0 0.65625 0.416667 0.680859 0.416667 0.680859 0.442188 0.65625 0.442188
0 0.762109 0.445833 0.780469 0.445833 0.780469 0.471354 0.762109 0.471354
0 0.607031 0.380208 0.622656 0.380208 0.622656 0.402083 0.607031 0.402083
0 0.719531 0.441146 0.741406 0.441146 0.741406 0.466667 0.719531 0.466667
0 0.741406 0.479688 0.7625 0.479688 0.7625 0.503125 0.741406 0.503125
0 0.789062 0.464062 0.808984 0.464062 0.808984 0.486458 0.789062 0.486458
0 0.815625 0.485417 0.830469 0.485417 0.830469 0.50625 0.815625 0.50625
0 0.880078 0.482292 0.905078 0.482292 0.905078 0.502083 0.880078 0.502083
0 0.805078 0.522396 0.821094 0.522396 0.821094 0.540104 0.805078 0.540104
0 0.830859 0.546354 0.851953 0.546354 0.851953 0.564583 0.830859 0.564583
0 0.863672 0.522396 0.887109 0.522396 0.887109 0.545833 0.863672 0.545833
0 0.937109 0.485938 0.958594 0.485938 0.958594 0.514583 0.937109 0.514583
0 0.969922 0.486458 0.985547 0.486458 0.985547 0.518229 0.969922 0.518229
0 0.919141 0.528646 0.934766 0.528646 0.934766 0.559375 0.919141 0.559375
0 0.940625 0.55 0.958984 0.55 0.958984 0.579167 0.940625 0.579167
0 0.642969 0.525521 0.664062 0.525521 0.664062 0.553125 0.642969 0.553125
0 0.671094 0.529167 0.692969 0.529167 0.692969 0.561979 0.671094 0.561979
0 0.700781 0.558854 0.719141 0.558854 0.719141 0.582812 0.700781 0.582812
0 0.729297 0.535938 0.747266 0.535938 0.747266 0.56875 0.729297 0.56875
0 0.755078 0.511458 0.774219 0.511458 0.774219 0.532812 0.755078 0.532812
0 0.78125 0.563542 0.803516 0.563542 0.803516 0.588021 0.78125 0.588021
0 0.350391 0.736458 0.372656 0.736458 0.372656 0.758854 0.350391 0.758854
0 0.389844 0.748438 0.415234 0.748438 0.415234 0.769271 0.389844 0.769271
0 0.419531 0.767188 0.434766 0.767188 0.434766 0.797917 0.419531 0.797917
0 0.388672 0.825521 0.412109 0.825521 0.412109 0.848958 0.388672 0.848958
0 0.471875 0.771875 0.490625 0.771875 0.490625 0.802083 0.471875 0.802083
0 0.469141 0.716146 0.489844 0.716146 0.489844 0.738542 0.469141 0.738542
0 0.448047 0.736979 0.467188 0.736979 0.467188 0.764583 0.448047 0.764583
0 0.405078 0.650521 0.421094 0.650521 0.421094 0.675521 0.405078 0.675521
0 0.39375 0.685417 0.414453 0.685417 0.414453 0.715104 0.39375 0.715104
0 0.367188 0.63125 0.396094 0.63125 0.396094 0.651042 0.367188 0.651042
0 0.335156 0.627604 0.352344 0.627604 0.352344 0.648438 0.335156 0.648438
0 0.43125 0.694271 0.451562 0.694271 0.451562 0.714062 0.43125 0.714062
0 0.463281 0.672917 0.4875 0.672917 0.4875 0.690625 0.463281 0.690625
0 0.50625 0.685938 0.519531 0.685938 0.519531 0.713021 0.50625 0.713021
0 0.489453 0.633333 0.504297 0.633333 0.504297 0.658333 0.489453 0.658333
0 0.537109 0.623438 0.55625 0.623438 0.55625 0.645312 0.537109 0.645312
0 0.590234 0.629167 0.609766 0.629167 0.609766 0.652604 0.590234 0.652604
0 0.628125 0.63125 0.642969 0.63125 0.642969 0.653125 0.628125 0.653125
0 0.598828 0.681771 0.615625 0.681771 0.615625 0.707812 0.598828 0.707812
0 0.582422 0.717188 0.601562 0.717188 0.601562 0.739062 0.582422 0.739062
0 0.546875 0.729688 0.565234 0.729688 0.565234 0.751562 0.546875 0.751562
0 0.542969 0.770833 0.567969 0.770833 0.567969 0.796354 0.542969 0.796354
0 0.470703 0.871875 0.485547 0.871875 0.485547 0.894271 0.470703 0.894271
0 0.474219 0.826042 0.49375 0.826042 0.49375 0.84375 0.474219 0.84375
0 0.516406 0.876562 0.539844 0.876562 0.539844 0.903646 0.516406 0.903646
0 0.559766 0.88125 0.583984 0.88125 0.583984 0.909896 0.559766 0.909896
0 0.557422 0.845833 0.576172 0.845833 0.576172 0.86875 0.557422 0.86875
0 0.524219 0.922917 0.542578 0.922917 0.542578 0.939062 0.524219 0.939062
0 0.599609 0.861979 0.614844 0.861979 0.614844 0.886458 0.599609 0.886458
0 0.619141 0.824479 0.638672 0.824479 0.638672 0.854688 0.619141 0.854688
0 0.603125 0.952083 0.619922 0.952083 0.619922 0.973958 0.603125 0.973958
0 0.650781 0.916146 0.666016 0.916146 0.666016 0.944271 0.650781 0.944271
0 0.671094 0.954688 0.686719 0.954688 0.686719 0.976042 0.671094 0.976042
0 0.621484 0.901562 0.640234 0.901562 0.640234 0.938021 0.621484 0.938021
0 0.914453 0.595312 0.935547 0.595312 0.935547 0.613021 0.914453 0.613021
0 0.891016 0.617708 0.915234 0.617708 0.915234 0.646354 0.891016 0.646354
0 0.864062 0.592708 0.879688 0.592708 0.879688 0.622396 0.864062 0.622396
0 0.883203 0.676562 0.900781 0.676562 0.900781 0.702604 0.883203 0.702604
0 0.844922 0.648438 0.864062 0.648438 0.864062 0.673958 0.844922 0.673958
0 0.820312 0.624479 0.840234 0.624479 0.840234 0.644271 0.820312 0.644271
0 0.805078 0.597917 0.821484 0.597917 0.821484 0.618229 0.805078 0.618229
0 0.633984 0.691667 0.649219 0.691667 0.649219 0.716146 0.633984 0.716146
0 0.675781 0.7 0.695703 0.7 0.695703 0.728125 0.675781 0.728125
0 0.707031 0.68125 0.723828 0.68125 0.723828 0.702083 0.707031 0.702083
0 0.783203 0.644792 0.798047 0.644792 0.798047 0.663542 0.783203 0.663542
0 0.829297 0.694792 0.848047 0.694792 0.848047 0.708333 0.829297 0.708333
0 0.800781 0.729688 0.823828 0.729688 0.823828 0.755208 0.800781 0.755208
0 0.777734 0.746354 0.788281 0.746354 0.788281 0.770312 0.777734 0.770312
0 0.734766 0.744271 0.749609 0.744271 0.749609 0.773958 0.734766 0.773958
0 0.828516 0.768229 0.845703 0.768229 0.845703 0.785417 0.828516 0.785417
0 0.779688 0.696875 0.798438 0.696875 0.798438 0.714062 0.779688 0.714062
0 0.642188 0.734896 0.658594 0.734896 0.658594 0.7625 0.642188 0.7625
0 0.63125 0.775 0.64375 0.775 0.64375 0.804688 0.63125 0.804688
0 0.660938 0.761458 0.671484 0.761458 0.671484 0.788021 0.660938 0.788021
0 0.692969 0.745312 0.707422 0.745312 0.707422 0.761979 0.692969 0.761979
0 0.685938 0.791146 0.702734 0.791146 0.702734 0.807292 0.685938 0.807292
0 0.514062 0.764583 0.533984 0.764583 0.533984 0.7875 0.514062 0.7875
0 0.544141 0.685938 0.559375 0.685938 0.559375 0.709375 0.544141 0.709375
0 0.576562 0.775521 0.593359 0.775521 0.593359 0.803125 0.576562 0.803125
0 0.655469 0.853646 0.678125 0.853646 0.678125 0.876042 0.655469 0.876042
0 0.683984 0.828646 0.703906 0.828646 0.703906 0.851562 0.683984 0.851562
0 0.7 0.882812 0.7125 0.882812 0.7125 0.911979 0.7 0.911979
0 0.678125 0.914062 0.689844 0.914062 0.689844 0.936979 0.678125 0.936979
0 0.723828 0.874479 0.739844 0.874479 0.739844 0.896354 0.723828 0.896354
0 0.746484 0.899479 0.763672 0.899479 0.763672 0.917708 0.746484 0.917708
0 0.766797 0.8625 0.785156 0.8625 0.785156 0.885417 0.766797 0.885417
0 0.748828 0.817188 0.763281 0.817188 0.763281 0.846354 0.748828 0.846354
0 0.784766 0.803646 0.801172 0.803646 0.801172 0.827604 0.784766 0.827604
0 0.789062 0.842708 0.800391 0.842708 0.800391 0.866146 0.789062 0.866146
0 0.714453 0.934375 0.727344 0.934375 0.727344 0.958854 0.714453 0.958854
0 0.741406 0.940104 0.759375 0.940104 0.759375 0.9625 0.741406 0.9625
0 0.726172 0.978646 0.745312 0.978646 0.745312 0.999479 0.726172 0.999479
0 0.823047 0.810417 0.835938 0.810417 0.835938 0.830729 0.823047 0.830729
0 0.972656 0.89375 0.988672 0.89375 0.988672 0.926042 0.972656 0.926042