0 0.254688 0.004688 0.280859 0.004688 0.280859 0.035417 0.254688 0.035417
0 0.263281 0.05 0.281641 0.05 0.281641 0.080208 0.263281 0.080208
0 0.216797 0.041667 0.234766 0.041667 0.234766 0.06875 0.216797 0.06875
0 0.25 0.094792 0.272656 0.094792 0.272656 0.121875 0.25 0.121875
0 0.342188 0.169271 0.360938 0.169271 0.360938 0.190104 0.342188 0.190104
0 0.273047 0.167708 0.289453 0.167708 0.289453 0.192708 0.273047 0.192708
0 0.301953 0.125521 0.321484 0.125521 0.321484 0.150521 0.301953 0.150521
0 0.302734 0.167708 0.319141 0.167708 0.319141 0.196354 0.302734 0.196354
0 0.277734 0.138542 0.294141 0.138542 0.294141 0.157812 0.277734 0.157812
0 0.241406 0.133854 0.256641 0.133854 0.256641 0.157812 0.241406 0.157812
0 0.190625 0.163021 0.210547 0.163021 0.210547 0.185417 0.190625 0.185417
0 0.194922 0.111458 0.214844 0.111458 0.214844 0.132812 0.194922 0.132812
0 0.167578 0.192188 0.183984 0.192188 0.183984 0.214583 0.167578 0.214583
0 0.338672 0.11875 0.355078 0.11875 0.355078 0.145833 0.338672 0.145833
0 0.366016 0.115625 0.379297 0.115625 0.379297 0.145312 0.366016 0.145312
0 0.398828 0.125 0.410156 0.125 0.410156 0.145833 0.398828 0.145833
0 0.422266 0.138542 0.440234 0.138542 0.440234 0.164583 0.422266 0.164583
0 0.447656 0.147396 0.464062 0.147396 0.464062 0.171354 0.447656 0.171354
0 0.405078 0.180729 0.41875 0.180729 0.41875 0.201042 0.405078 0.201042
0 0.244922 0.203125 0.257422 0.203125 0.257422 0.21875 0.244922 0.21875
0 0.204688 0.144792 0.225781 0.144792 0.225781 0.164583 0.204688 0.164583
0 0.21875 0.127604 0.232422 0.127604 0.232422 0.146875 0.21875 0.146875
0 0.220312 0.108333 0.233594 0.108333 0.233594 0.128125 0.220312 0.128125
0 0.201172 0.217188 0.214062 0.217188 0.214062 0.233854 0.201172 0.233854
0 0.183203 0.23125 0.198047 0.23125 0.198047 0.246875 0.183203 0.246875
0 0.192578 0.264583 0.203125 0.264583 0.203125 0.282812 0.192578 0.282812
0 0.16875 0.253646 0.183203 0.253646 0.183203 0.271875 0.16875 0.271875
0 0.167578 0.289583 0.182031 0.289583 0.182031 0.310938 0.167578 0.310938
0 0.215625 0.267708 0.230469 0.267708 0.230469 0.292188 0.215625 0.292188
0 0.226953 0.221875 0.24375 0.221875 0.24375 0.243229 0.226953 0.243229
0 0.188281 0.295833 0.201562 0.295833 0.201562 0.3125 0.188281 0.3125
0 0.272266 0.2625 0.289844 0.2625 0.289844 0.278125 0.272266 0.278125
0 0.287891 0.240625 0.308594 0.240625 0.308594 0.265104 0.287891 0.265104
0 0.320312 0.23125 0.340234 0.23125 0.340234 0.258854 0.320312 0.258854
0 0.275781 0.299479 0.293359 0.299479 0.293359 0.317708 0.275781 0.317708
0 0.441797 0.191667 0.462109 0.191667 0.462109 0.216667 0.441797 0.216667
0 0.486328 0.127604 0.50625 0.127604 0.50625 0.145312 0.486328 0.145312
0 0.469922 0.185417 0.4875 0.185417 0.4875 0.208854 0.469922 0.208854
0 0.426172 0.097396 0.448047 0.097396 0.448047 0.113542 0.426172 0.113542
0 0.514844 0.184375 0.5375 0.184375 0.5375 0.202604 0.514844 0.202604
0 0.464062 0.21875 0.483594 0.21875 0.483594 0.244792 0.464062 0.244792
0 0.495703 0.220312 0.5125 0.220312 0.5125 0.240625 0.495703 0.240625
0 0.512891 0.223438 0.527344 0.223438 0.527344 0.240104 0.512891 0.240104
0 0.473438 0.255208 0.488672 0.255208 0.488672 0.275521 0.473438 0.275521
0 0.492578 0.263021 0.512109 0.263021 0.512109 0.285938 0.492578 0.285938
0 0.574219 0.158854 0.596094 0.158854 0.596094 0.180208 0.574219 0.180208
0 0.578906 0.1125 0.601172 0.1125 0.601172 0.134375 0.578906 0.134375
0 0.512891 0.138542 0.527734 0.138542 0.527734 0.161458 0.512891 0.161458
0 0.501562 0.161458 0.516016 0.161458 0.516016 0.180208 0.501562 0.180208
0 0.530469 0.130729 0.539844 0.130729 0.539844 0.148438 0.530469 0.148438
0 0.569141 0.201042 0.585547 0.201042 0.585547 0.221875 0.569141 0.221875
0 0.596875 0.196875 0.611719 0.196875 0.611719 0.21875 0.596875 0.21875
0 0.635938 0.149479 0.653516 0.149479 0.653516 0.171354 0.635938 0.171354
0 0.641797 0.189062 0.660547 0.189062 0.660547 0.207292 0.641797 0.207292
0 0.626562 0.210417 0.638672 0.210417 0.638672 0.240104 0.626562 0.240104
0 0.577734 0.230208 0.599609 0.230208 0.599609 0.248438 0.577734 0.248438
0 0.560938 0.25625 0.580078 0.25625 0.580078 0.277083 0.560938 0.277083
0 0.3625 0.261458 0.3875 0.261458 0.3875 0.296875 0.3625 0.296875
0 0.316016 0.304167 0.335547 0.304167 0.335547 0.332292 0.316016 0.332292
0 0.296094 0.322396 0.308594 0.322396 0.308594 0.344271 0.296094 0.344271
0 0.248438 0.309896 0.266016 0.309896 0.266016 0.333333 0.248438 0.333333
0 0.225781 0.318229 0.241016 0.318229 0.241016 0.341146 0.225781 0.341146
0 0.171094 0.322396 0.190234 0.322396 0.190234 0.341146 0.171094 0.341146
0 0.192578 0.351562 0.207031 0.351562 0.207031 0.376562 0.192578 0.376562
0 0.154688 0.359375 0.173438 0.359375 0.173438 0.380729 0.154688 0.380729
0 0.144531 0.409375 0.162891 0.409375 0.162891 0.430208 0.144531 0.430208
0 0.173828 0.404688 0.195703 0.404688 0.195703 0.420833 0.173828 0.420833
0 0.214062 0.382812 0.23125 0.382812 0.23125 0.404167 0.214062 0.404167
0 0.251953 0.339062 0.272656 0.339062 0.272656 0.361979 0.251953 0.361979
0 0.300391 0.348438 0.318359 0.348438 0.318359 0.369792 0.300391 0.369792
0 0.286328 0.389583 0.303516 0.389583 0.303516 0.411979 0.286328 0.411979
0 0.250391 0.404688 0.264844 0.404688 0.264844 0.420833 0.250391 0.420833
0 0.26875 0.40625 0.279688 0.40625 0.279688 0.433333 0.26875 0.433333
0 0.323828 0.403646 0.342578 0.403646 0.342578 0.429688 0.323828 0.429688
0 0.349219 0.349479 0.36875 0.349479 0.36875 0.382812 0.349219 0.382812
0 0.369531 0.316667 0.385156 0.316667 0.385156 0.340104 0.369531 0.340104
0 0.386719 0.33125 0.401953 0.33125 0.401953 0.358333 0.386719 0.358333
0 0.377344 0.360417 0.392578 0.360417 0.392578 0.382812 0.377344 0.382812
0 0.433203 0.315104 0.453125 0.315104 0.453125 0.344792 0.433203 0.344792
0 0.469922 0.336979 0.497656 0.336979 0.497656 0.361979 0.469922 0.361979
0 0.473828 0.378646 0.494531 0.378646 0.494531 0.396354 0.473828 0.396354
0 0.448828 0.384375 0.466016 0.384375 0.466016 0.409375 0.448828 0.409375
0 0.499219 0.409896 0.521875 0.409896 0.521875 0.428646 0.499219 0.428646
0 0.477344 0.435417 0.498047 0.435417 0.498047 0.459375 0.477344 0.459375
0 0.447656 0.436458 0.462109 0.436458 0.462109 0.460938 0.447656 0.460938
0 0.423828 0.420833 0.440234 0.420833 0.440234 0.444271 0.423828 0.444271
0 0.380078 0.400521 0.392578 0.400521 0.392578 0.420833 0.380078 0.420833
0 0.354688 0.428646 0.366797 0.428646 0.366797 0.458333 0.354688 0.458333
0 0.563281 0.346354 0.582422 0.346354 0.582422 0.369792 0.563281 0.369792
0 0.557422 0.311979 0.578906 0.311979 0.578906 0.333854 0.557422 0.333854
0 0.598047 0.253125 0.613281 0.253125 0.613281 0.280208 0.598047 0.280208
0 0.602734 0.305208 0.621094 0.305208 0.621094 0.326042 0.602734 0.326042
0 0.588281 0.335938 0.601953 0.335938 0.601953 0.356771 0.588281 0.356771
0 0.604688 0.343229 0.623438 0.343229 0.623438 0.368229 0.604688 0.368229
0 0.642969 0.247396 0.658203 0.247396 0.658203 0.270312 0.642969 0.270312
0 0.680469 0.140104 0.700781 0.140104 0.700781 0.166667 0.680469 0.166667
0 0.682031 0.184375 0.696875 0.184375 0.696875 0.207292 0.682031 0.207292
0 0.683203 0.224479 0.698438 0.224479 0.698438 0.251042 0.683203 0.251042
0 0.657422 0.285417 0.675391 0.285417 0.675391 0.303646 0.657422 0.303646
0 0.680859 0.311979 0.695703 0.311979 0.695703 0.336458 0.680859 0.336458
0 0.649609 0.324479 0.668359 0.324479 0.668359 0.340104 0.649609 0.340104
0 0.667578 0.347917 0.686719 0.347917 0.686719 0.36875 0.667578 0.36875
0 0.700781 0.324479 0.714844 0.324479 0.714844 0.346354 0.700781 0.346354
0 0.711328 0.266146 0.731641 0.266146 0.731641 0.2875 0.711328 0.2875
0 0.738672 0.242708 0.759766 0.242708 0.759766 0.265625 0.738672 0.265625
0 0.714062 0.1875 0.733594 0.1875 0.733594 0.213542 0.714062 0.213542
0 0.286328 0.426042 0.301172 0.426042 0.301172 0.454688 0.286328 0.454688
0 0.250781 0.444271 0.266016 0.444271 0.266016 0.473958 0.250781 0.473958
0 0.2125 0.468229 0.230078 0.468229 0.230078 0.498958 0.2125 0.498958
0 0.169922 0.457292 0.186719 0.457292 0.186719 0.491146 0.169922 0.491146
0 0.26875 0.488542 0.286328 0.488542 0.286328 0.5125 0.26875 0.5125
0 0.317969 0.459896 0.341406 0.459896 0.341406 0.486458 0.317969 0.486458
0 0.345312 0.490104 0.359375 0.490104 0.359375 0.518229 0.345312 0.518229
0 0.299609 0.491667 0.316406 0.491667 0.316406 0.520312 0.299609 0.520312
0 0.244531 0.501562 0.258594 0.501562 0.258594 0.527604 0.244531 0.527604
0 0.228516 0.526562 0.244531 0.526562 0.244531 0.54375 0.228516 0.54375
0 0.180859 0.498438 0.196875 0.498438 0.196875 0.529688 0.180859 0.529688
0 0.128906 0.491667 0.146484 0.491667 0.146484 0.519792 0.128906 0.519792
0 0.460547 0.416146 0.476953 0.416146 0.476953 0.434375 0.460547 0.434375
0 0.563281 0.442708 0.582031 0.442708 0.582031 0.472396 0.563281 0.472396
0 0.532422 0.464583 0.552734 0.464583 0.552734 0.491667 0.532422 0.491667
0 0.503906 0.458854 0.518359 0.458854 0.518359 0.476042 0.503906 0.476042
0 0.419922 0.454167 0.432812 0.454167 0.432812 0.478646 0.419922 0.478646
0 0.431641 0.486979 0.44375 0.486979 0.44375 0.513542 0.431641 0.513542
0 0.409766 0.492188 0.423438 0.492188 0.423438 0.515104 0.409766 0.515104
0 0.46875 0.53125 0.482812 0.53125 0.482812 0.551042 0.46875 0.551042
0 0.494922 0.531771 0.513281 0.531771 0.513281 0.549479 0.494922 0.549479
0 0.346875 0.563021 0.365625 0.563021 0.365625 0.583333 0.346875 0.583333
0 0.370312 0.583333 0.390234 0.583333 0.390234 0.608854 0.370312 0.608854
0 0.321875 0.526562 0.336719 0.526562 0.336719 0.551042 0.321875 0.551042
0 0.353516 0.527083 0.372266 0.527083 0.372266 0.551042 0.353516 0.551042
0 0.392969 0.548958 0.405859 0.548958 0.405859 0.577083 0.392969 0.577083
0 0.421484 0.546875 0.441016 0.546875 0.441016 0.573438 0.421484 0.573438
0 0.467188 0.561458 0.484766 0.561458 0.484766 0.584375 0.467188 0.584375
0 0.458203 0.593229 0.476953 0.593229 0.476953 0.610417 0.458203 0.610417
0 0.494922 0.595833 0.514453 0.595833 0.514453 0.614583 0.494922 0.614583
0 0.478125 0.490104 0.496875 0.490104 0.496875 0.510417 0.478125 0.510417
0 0.380859 0.5125 0.398828 0.5125 0.398828 0.53125 0.380859 0.53125
0 0.51875 0.548958 0.535547 0.548958 0.535547 0.576562 0.51875 0.576562
0 0.544141 0.519792 0.558203 0.519792 0.558203 0.541667 0.544141 0.541667
0 0.574219 0.534896 0.592969 0.534896 0.592969 0.55625 0.574219 0.55625
0 0.568359 0.567708 0.584766 0.567708 0.584766 0.594271 0.568359 0.594271
0 0.542969 0.603646 0.565625 0.603646 0.565625 0.626042 0.542969 0.626042
0 0.597656 0.628125 0.615234 0.628125 0.615234 0.656771 0.597656 0.656771
0 0.525781 0.643229 0.546484 0.643229 0.546484 0.663542 0.525781 0.663542
0 0.556641 0.654688 0.578516 0.654688 0.578516 0.676042 0.556641 0.676042
0 0.490234 0.644792 0.506641 0.644792 0.506641 0.660417 0.490234 0.660417
0 0.436719 0.633854 0.456641 0.633854 0.456641 0.658854 0.436719 0.658854
0 0.266797 0.528646 0.278906 0.528646 0.278906 0.551042 0.266797 0.551042
0 0.275781 0.549479 0.285547 0.549479 0.285547 0.563021 0.275781 0.563021
0 0.277344 0.516667 0.289453 0.516667 0.289453 0.533854 0.277344 0.533854
0 0.222656 0.563021 0.2375 0.563021 0.2375 0.588021 0.222656 0.588021
0 0.208984 0.570833 0.21875 0.570833 0.21875 0.594792 0.208984 0.594792
0 0.162109 0.558333 0.178125 0.558333 0.178125 0.579688 0.162109 0.579688
0 0.15625 0.507292 0.171484 0.507292 0.171484 0.529167 0.15625 0.529167
0 0.241797 0.572917 0.257031 0.572917 0.257031 0.598438 0.241797 0.598438
0 0.31875 0.068229 0.341797 0.068229 0.341797 0.095312 0.31875 0.095312
0 0.296875 0.070833 0.312109 0.070833 0.312109 0.101042 0.296875 0.101042
0 0.305078 0.047396 0.321875 0.047396 0.321875 0.066146 0.305078 0.066146
0 0.322266 0.005208 0.333984 0.005208 0.333984 0.03125 0.322266 0.03125
0 0.308594 0.023958 0.323438 0.023958 0.323438 0.045312 0.308594 0.045312
0 0.369141 0.016667 0.385156 0.016667 0.385156 0.039062 0.369141 0.039062
0 0.373438 0.04375 0.385156 0.04375 0.385156 0.066146 0.373438 0.066146
0 0.353906 0.070833 0.369922 0.070833 0.369922 0.107292 0.353906 0.107292
0 0.371484 0.080208 0.390234 0.080208 0.390234 0.117708 0.371484 0.117708
0 0.433984 0.068229 0.446484 0.068229 0.446484 0.096875 0.433984 0.096875
0 0.407812 0.019271 0.421094 0.019271 0.421094 0.045312 0.407812 0.045312
0 0.4375 0.00625 0.45625 0.00625 0.45625 0.029688 0.4375 0.029688
0 0.474609 0.016667 0.494922 0.016667 0.494922 0.042708 0.474609 0.042708
0 0.464062 0.044792 0.478125 0.044792 0.478125 0.073438 0.464062 0.073438
0 0.488672 0.067188 0.507031 0.067188 0.507031 0.093229 0.488672 0.093229
0 0.485938 0.041146 0.513281 0.041146 0.513281 0.057812 0.485938 0.057812
0 0.495703 0.001562 0.510547 0.001562 0.510547 0.014583 0.495703 0.014583
0 0.397266 0.002604 0.415625 0.002604 0.415625 0.020312 0.397266 0.020312
0 0.352344 0.008333 0.365625 0.008333 0.365625 0.03125 0.352344 0.03125
0 0.342578 0.036458 0.360547 0.036458 0.360547 0.060417 0.342578 0.060417
0 0.524609 0.025 0.546484 0.025 0.546484 0.046354 0.524609 0.046354
0 0.560547 0.029688 0.583594 0.029688 0.583594 0.053125 0.560547 0.053125
0 0.555078 0.071875 0.570312 0.071875 0.570312 0.097917 0.555078 0.097917
0 0.579688 0.085938 0.602734 0.085938 0.602734 0.114062 0.579688 0.114062
0 0.517578 0.085938 0.534375 0.085938 0.534375 0.108333 0.517578 0.108333
0 0.551562 0.114062 0.56875 0.114062 0.56875 0.140104 0.551562 0.140104
0 0.540234 0.125521 0.555469 0.125521 0.555469 0.15625 0.540234 0.15625
0 0.559766 0.164583 0.573828 0.164583 0.573828 0.184375 0.559766 0.184375
0 0.630859 0.064062 0.65 0.064062 0.65 0.096354 0.630859 0.096354
0 0.684766 0.060417 0.705859 0.060417 0.705859 0.080729 0.684766 0.080729
0 0.713672 0.077083 0.734375 0.077083 0.734375 0.098438 0.713672 0.098438
0 0.739453 0.066146 0.755859 0.066146 0.755859 0.082812 0.739453 0.082812
0 0.772656 0.066667 0.785938 0.066667 0.785938 0.092708 0.772656 0.092708
0 0.755859 0.109375 0.777344 0.109375 0.777344 0.128646 0.755859 0.128646
0 0.718359 0.131771 0.741406 0.131771 0.741406 0.150521 0.718359 0.150521
0 0.752734 0.154167 0.773828 0.154167 0.773828 0.174479 0.752734 0.174479
0 0.727344 0.166146 0.753906 0.166146 0.753906 0.1875 0.727344 0.1875
0 0.753906 0.195312 0.776172 0.195312 0.776172 0.2125 0.753906 0.2125
0 0.683594 0.286458 0.701562 0.286458 0.701562 0.300521 0.683594 0.300521
0 0.691406 0.303125 0.705469 0.303125 0.705469 0.310417 0.691406 0.310417
0 0.722266 0.289583 0.732422 0.289583 0.732422 0.311458 0.722266 0.311458
0 0.7375 0.290104 0.754297 0.290104 0.754297 0.307292 0.7375 0.307292
0 0.748438 0.279167 0.764844 0.279167 0.764844 0.296875 0.748438 0.296875
0 0.757422 0.303125 0.770312 0.303125 0.770312 0.329688 0.757422 0.329688
0 0.726172 0.321354 0.746484 0.321354 0.746484 0.344792 0.726172 0.344792
0 0.751953 0.330208 0.769141 0.330208 0.769141 0.34375 0.751953 0.34375
0 0.773828 0.220312 0.801172 0.220312 0.801172 0.247917 0.773828 0.247917
0 0.777734 0.276042 0.798047 0.276042 0.798047 0.299479 0.777734 0.299479
0 0.786328 0.160417 0.811719 0.160417 0.811719 0.183854 0.786328 0.183854
0 0.799219 0.116146 0.821484 0.116146 0.821484 0.145312 0.799219 0.145312
0 0.793359 0.059375 0.808984 0.059375 0.808984 0.086979 0.793359 0.086979
0 0.699609 0.030729 0.722266 0.030729 0.722266 0.051562 0.699609 0.051562
0 0.680469 0.001042 0.692188 0.001042 0.692188 0.024479 0.680469 0.024479
0 0.746484 0.0 0.755469 0.0 0.755469 0.021875 0.746484 0.021875
0 0.764062 0.003646 0.780859 0.003646 0.780859 0.030729 0.764062 0.030729
0 0.279297 0.573438 0.301953 0.573438 0.301953 0.596875 0.279297 0.596875
0 0.265625 0.638021 0.28125 0.638021 0.28125 0.668229 0.265625 0.668229
0 0.291797 0.606771 0.3125 0.606771 0.3125 0.629167 0.291797 0.629167
0 0.319141 0.601562 0.334766 0.601562 0.334766 0.629167 0.319141 0.629167
0 0.297656 0.640625 0.316406 0.640625 0.316406 0.668229 0.297656 0.668229
0 0.332812 0.645833 0.351562 0.645833 0.351562 0.666667 0.332812 0.666667
0 0.358203 0.652604 0.372656 0.652604 0.372656 0.673438 0.358203 0.673438
0 0.261719 0.604167 0.276562 0.604167 0.276562 0.629167 0.261719 0.629167
0 0.202344 0.61875 0.223828 0.61875 0.223828 0.641146 0.202344 0.641146
0 0.173047 0.610938 0.190625 0.610938 0.190625 0.642188 0.173047 0.642188
0 0.473438 0.663021 0.496484 0.663021 0.496484 0.68125 0.473438 0.68125
0 0.394922 0.658333 0.411328 0.658333 0.411328 0.677604 0.394922 0.677604
0 0.371094 0.66875 0.387891 0.66875 0.387891 0.689062 0.371094 0.689062
0 0.328516 0.686979 0.346484 0.686979 0.346484 0.704167 0.328516 0.704167
0 0.296094 0.684896 0.316406 0.684896 0.316406 0.702604 0.296094 0.702604
0 0.234766 0.640104 0.246094 0.640104 0.246094 0.665104 0.234766 0.665104
0 0.255469 0.671875 0.271094 0.671875 0.271094 0.696875 0.255469 0.696875
0 0.184375 0.672396 0.195312 0.672396 0.195312 0.691667 0.184375 0.691667
0 0.205078 0.703125 0.224609 0.703125 0.224609 0.725521 0.205078 0.725521
0 0.875391 0.700521 0.896484 0.700521 0.896484 0.731771 0.875391 0.731771
0 0.8375 0.685938 0.854688 0.685938 0.854688 0.711458 0.8375 0.711458
0 0.819141 0.667188 0.832031 0.667188 0.832031 0.692188 0.819141 0.692188
0 0.766406 0.665104 0.785156 0.665104 0.785156 0.685417 0.766406 0.685417
0 0.794922 0.675521 0.810938 0.675521 0.810938 0.691667 0.794922 0.691667
0 0.682031 0.642188 0.701562 0.642188 0.701562 0.6625 0.682031 0.6625
0 0.708203 0.667188 0.722266 0.667188 0.722266 0.690104 0.708203 0.690104
0 0.677344 0.690625 0.69375 0.690625 0.69375 0.717188 0.677344 0.717188
0 0.655859 0.689062 0.671094 0.689062 0.671094 0.710938 0.655859 0.710938
0 0.699609 0.719271 0.716406 0.719271 0.716406 0.739583 0.699609 0.739583
0 0.725781 0.690625 0.739453 0.690625 0.739453 0.717708 0.725781 0.717708
0 0.747266 0.66875 0.760156 0.66875 0.760156 0.695312 0.747266 0.695312
0 0.689062 0.55625 0.707422 0.55625 0.707422 0.578646 0.689062 0.578646
0 0.711719 0.535938 0.728906 0.535938 0.728906 0.554688 0.711719 0.554688
0 0.730469 0.494792 0.750391 0.494792 0.750391 0.517188 0.730469 0.517188
0 0.74375 0.431771 0.760938 0.431771 0.760938 0.450521 0.74375 0.450521
0 0.803125 0.3875 0.825 0.3875 0.825 0.404688 0.803125 0.404688
0 0.776953 0.438021 0.793359 0.438021 0.793359 0.453646 0.776953 0.453646
0 0.747266 0.475 0.767969 0.475 0.767969 0.495833 0.747266 0.495833
0 0.776953 0.482812 0.793359 0.482812 0.793359 0.504167 0.776953 0.504167
0 0.8125 0.420833 0.827344 0.420833 0.827344 0.4375 0.8125 0.4375
0 0.830078 0.454167 0.848438 0.454167 0.848438 0.473958 0.830078 0.473958
0 0.810938 0.476042 0.826172 0.476042 0.826172 0.494792 0.810938 0.494792
0 0.83125 0.504687 0.851172 0.504687 0.851172 0.522917 0.83125 0.522917
0 0.787109 0.523438 0.808203 0.523438 0.808203 0.546875 0.787109 0.546875
0 0.751953 0.539583 0.774219 0.539583 0.774219 0.55625 0.751953 0.55625
0 0.763672 0.505729 0.777734 0.505729 0.777734 0.522917 0.763672 0.522917
0 0.724609 0.548438 0.740625 0.548438 0.740625 0.561979 0.724609 0.561979
0 0.708984 0.575521 0.730469 0.575521 0.730469 0.592708 0.708984 0.592708
0 0.736328 0.584896 0.752734 0.584896 0.752734 0.609375 0.736328 0.609375
0 0.7625 0.567708 0.782031 0.567708 0.782031 0.591146 0.7625 0.591146
0 0.802734 0.56875 0.817969 0.56875 0.817969 0.589583 0.802734 0.589583
0 0.832422 0.564062 0.844141 0.564062 0.844141 0.585938 0.832422 0.585938
0 0.852734 0.579167 0.870312 0.579167 0.870312 0.598958 0.852734 0.598958
0 0.821875 0.627604 0.840234 0.627604 0.840234 0.652604 0.821875 0.652604
0 0.857031 0.632292 0.872656 0.632292 0.872656 0.651042 0.857031 0.651042
0 0.891406 0.595833 0.907812 0.595833 0.907812 0.617708 0.891406 0.617708
0 0.889062 0.65 0.907031 0.65 0.907031 0.671875 0.889062 0.671875
0 0.76875 0.7125 0.784766 0.7125 0.784766 0.732812 0.76875 0.732812
0 0.742578 0.714583 0.760938 0.714583 0.760938 0.734375 0.742578 0.734375
0 0.530078 0.7 0.547656 0.7 0.547656 0.723958 0.530078 0.723958
0 0.482812 0.69375 0.498047 0.69375 0.498047 0.715625 0.482812 0.715625
0 0.397656 0.692708 0.413672 0.692708 0.413672 0.716146 0.397656 0.716146
0 0.360938 0.703646 0.380859 0.703646 0.380859 0.723958 0.360938 0.723958
0 0.414062 0.722396 0.432031 0.722396 0.432031 0.739583 0.414062 0.739583
0 0.461328 0.722396 0.480469 0.722396 0.480469 0.740625 0.461328 0.740625
0 0.514062 0.708333 0.525391 0.708333 0.525391 0.728125 0.514062 0.728125
0 0.494531 0.707812 0.508594 0.707812 0.508594 0.723958 0.494531 0.723958
0 0.536328 0.569271 0.554688 0.569271 0.554688 0.589583 0.536328 0.589583
0 0.869141 0.475 0.884375 0.475 0.884375 0.497917 0.869141 0.497917
0 0.887891 0.483854 0.899609 0.483854 0.899609 0.508333 0.887891 0.508333
0 0.880859 0.3625 0.904688 0.3625 0.904688 0.390625 0.880859 0.390625
0 0.890625 0.409375 0.908984 0.409375 0.908984 0.431771 0.890625 0.431771
0 0.374219 0.741146 0.398438 0.741146 0.398438 0.760417 0.374219 0.760417
0 0.291406 0.751042 0.313281 0.751042 0.313281 0.769271 0.291406 0.769271
0 0.329297 0.76875 0.347266 0.76875 0.347266 0.790625 0.329297 0.790625
0 0.239453 0.791146 0.257812 0.791146 0.257812 0.816146 0.239453 0.816146
0 0.226172 0.845312 0.246875 0.845312 0.246875 0.863021 0.226172 0.863021
0 0.217578 0.878125 0.231641 0.878125 0.231641 0.899479 0.217578 0.899479
0 0.288672 0.811458 0.306641 0.811458 0.306641 0.830208 0.288672 0.830208
0 0.321875 0.836979 0.337891 0.836979 0.337891 0.870312 0.321875 0.870312
0 0.366797 0.790104 0.384766 0.790104 0.384766 0.808854 0.366797 0.808854
0 0.344531 0.873438 0.359375 0.873438 0.359375 0.896875 0.344531 0.896875
0 0.370312 0.839583 0.392188 0.839583 0.392188 0.858854 0.370312 0.858854
0 0.400391 0.8375 0.416406 0.8375 0.416406 0.857292 0.400391 0.857292
0 0.401953 0.880208 0.413672 0.880208 0.413672 0.897396 0.401953 0.897396
0 0.373438 0.888542 0.390625 0.888542 0.390625 0.901562 0.373438 0.901562
0 0.382422 0.914062 0.400391 0.914062 0.400391 0.930208 0.382422 0.930208
0 0.306641 0.925521 0.324609 0.925521 0.324609 0.952083 0.306641 0.952083
0 0.336719 0.926042 0.353906 0.926042 0.353906 0.951042 0.336719 0.951042
0 0.366016 0.934375 0.380859 0.934375 0.380859 0.9625 0.366016 0.9625
0 0.434766 0.746875 0.455859 0.746875 0.455859 0.766146 0.434766 0.766146
0 0.492188 0.765625 0.508203 0.765625 0.508203 0.792188 0.492188 0.792188
0 0.453516 0.804688 0.46875 0.804688 0.46875 0.825 0.453516 0.825
0 0.460547 0.832812 0.475 0.832812 0.475 0.854167 0.460547 0.854167
0 0.481641 0.828125 0.493359 0.828125 0.493359 0.855729 0.481641 0.855729
0 0.473828 0.794792 0.487891 0.794792 0.487891 0.819271 0.473828 0.819271
0 0.504687 0.7875 0.521875 0.7875 0.521875 0.805729 0.504687 0.805729
0 0.529688 0.804688 0.544141 0.804688 0.544141 0.826042 0.529688 0.826042
0 0.516016 0.830208 0.535938 0.830208 0.535938 0.853125 0.516016 0.853125
0 0.523828 0.752083 0.542969 0.752083 0.542969 0.775 0.523828 0.775
0 0.486328 0.738542 0.508203 0.738542 0.508203 0.756771 0.486328 0.756771
0 0.391797 0.811979 0.410156 0.811979 0.410156 0.833854 0.391797 0.833854
0 0.264062 0.883854 0.2875 0.883854 0.2875 0.901562 0.264062 0.901562
0 0.299609 0.885417 0.319922 0.885417 0.319922 0.900521 0.299609 0.900521
0 0.301172 0.866146 0.324219 0.866146 0.324219 0.88125 0.301172 0.88125
0 0.234375 0.883333 0.248828 0.883333 0.248828 0.9 0.234375 0.9
0 0.212109 0.668229 0.231641 0.668229 0.231641 0.693229 0.212109 0.693229
0 0.186328 0.721875 0.199219 0.721875 0.199219 0.740625 0.186328 0.740625
0 0.158984 0.793229 0.173047 0.793229 0.173047 0.814583 0.158984 0.814583
0 0.139062 0.790625 0.152734 0.790625 0.152734 0.811458 0.139062 0.811458
0 0.116797 0.75 0.133984 0.75 0.133984 0.780208 0.116797 0.780208
0 0.106641 0.674479 0.125 0.674479 0.125 0.70625 0.106641 0.70625
0 0.146484 0.704688 0.166797 0.704688 0.166797 0.742708 0.146484 0.742708
0 0.260547 0.964583 0.277344 0.964583 0.277344 0.981771 0.260547 0.981771
0 0.283203 0.954167 0.299219 0.954167 0.299219 0.978646 0.283203 0.978646
0 0.323047 0.977083 0.334375 0.977083 0.334375 0.999479 0.323047 0.999479
0 0.365625 0.989062 0.38125 0.989062 0.38125 0.999479 0.365625 0.999479
0 0.387891 0.977083 0.402734 0.977083 0.402734 0.99375 0.387891 0.99375
0 0.474609 0.922396 0.489062 0.922396 0.489062 0.946875 0.474609 0.946875
0 0.457422 0.98125 0.471094 0.98125 0.471094 0.999479 0.457422 0.999479
0 0.483594 0.976562 0.497656 0.976562 0.497656 0.999479 0.483594 0.999479
0 0.519531 0.973958 0.544141 0.973958 0.544141 0.994271 0.519531 0.994271
0 0.512891 0.923958 0.528516 0.923958 0.528516 0.941146 0.512891 0.941146
0 0.537891 0.914062 0.554688 0.914062 0.554688 0.9375 0.537891 0.9375
0 0.551172 0.892708 0.569141 0.892708 0.569141 0.908333 0.551172 0.908333
0 0.573438 0.890625 0.592969 0.890625 0.592969 0.911458 0.573438 0.911458
0 0.600391 0.863542 0.617578 0.863542 0.617578 0.886979 0.600391 0.886979
0 0.5875 0.824479 0.603906 0.824479 0.603906 0.847917 0.5875 0.847917
0 0.620703 0.841146 0.635547 0.841146 0.635547 0.859375 0.620703 0.859375
0 0.625781 0.878646 0.639453 0.878646 0.639453 0.897396 0.625781 0.897396
0 0.59375 0.918229 0.607031 0.918229 0.607031 0.938021 0.59375 0.938021
0 0.566016 0.936458 0.583984 0.936458 0.583984 0.956771 0.566016 0.956771
0 0.592578 0.970312 0.612891 0.970312 0.612891 0.992708 0.592578 0.992708
0 0.620312 0.920312 0.635547 0.920312 0.635547 0.944792 0.620312 0.944792
0 0.630469 0.954688 0.648047 0.954688 0.648047 0.969271 0.630469 0.969271
0 0.649219 0.915625 0.662109 0.915625 0.662109 0.946354 0.649219 0.946354
0 0.686328 0.926042 0.702344 0.926042 0.702344 0.947917 0.686328 0.947917
0 0.708984 0.876562 0.724609 0.876562 0.724609 0.904688 0.708984 0.904688
0 0.677734 0.749479 0.695312 0.749479 0.695312 0.776562 0.677734 0.776562
0 0.546484 0.686979 0.564062 0.686979 0.564062 0.708333 0.546484 0.708333
0 0.710156 0.810938 0.731641 0.810938 0.731641 0.840104 0.710156 0.840104
0 0.726562 0.749479 0.751172 0.749479 0.751172 0.770312 0.726562 0.770312
0 0.766406 0.773958 0.788281 0.773958 0.788281 0.799479 0.766406 0.799479
0 0.7875 0.731771 0.801953 0.731771 0.801953 0.751562 0.7875 0.751562
0 0.797656 0.776042 0.813281 0.776042 0.813281 0.801562 0.797656 0.801562
0 0.753906 0.821875 0.771484 0.821875 0.771484 0.854167 0.753906 0.854167
0 0.739453 0.849479 0.755469 0.849479 0.755469 0.870833 0.739453 0.870833
0 0.801562 0.809375 0.819141 0.809375 0.819141 0.836458 0.801562 0.836458
0 0.814062 0.851042 0.83125 0.851042 0.83125 0.865625 0.814062 0.865625
0 0.760547 0.880208 0.776562 0.880208 0.776562 0.910938 0.760547 0.910938
0 0.815234 0.942188 0.834766 0.942188 0.834766 0.9625 0.815234 0.9625
0 0.811328 0.976562 0.832422 0.976562 0.832422 0.997917 0.811328 0.997917
0 0.916406 0.608854 0.936719 0.608854 0.936719 0.632292 0.916406 0.632292
0 0.895703 0.632812 0.912891 0.632812 0.912891 0.647396 0.895703 0.647396
0 0.787109 0.642188 0.80625 0.642188 0.80625 0.660417 0.787109 0.660417
0 0.838672 0.730208 0.865234 0.730208 0.865234 0.756771 0.838672 0.756771
0 0.899609 0.727604 0.913672 0.727604 0.913672 0.747917 0.899609 0.747917
0 0.907812 0.670833 0.925781 0.670833 0.925781 0.695833 0.907812 0.695833
0 0.924219 0.707812 0.94375 0.707812 0.94375 0.726042 0.924219 0.726042
0 0.943359 0.652083 0.958984 0.652083 0.958984 0.669792 0.943359 0.669792
0 0.956641 0.703646 0.973828 0.703646 0.973828 0.720312 0.956641 0.720312
0 0.928516 0.738542 0.948828 0.738542 0.948828 0.757812 0.928516 0.757812
0 0.964453 0.752604 0.983984 0.752604 0.983984 0.773438 0.964453 0.773438
0 0.928125 0.779167 0.946875 0.779167 0.946875 0.801042 0.928125 0.801042
0 0.901953 0.784896 0.919141 0.784896 0.919141 0.809896 0.901953 0.809896
0 0.831641 0.774479 0.851953 0.774479 0.851953 0.793229 0.831641 0.793229
0 0.855469 0.780208 0.867188 0.780208 0.867188 0.795833 0.855469 0.795833
0 0.810547 0.767188 0.825391 0.767188 0.825391 0.783333 0.810547 0.783333
0 0.864062 0.808854 0.879688 0.808854 0.879688 0.829167 0.864062 0.829167
0 0.833594 0.8625 0.854688 0.8625 0.854688 0.884375 0.833594 0.884375
0 0.867969 0.859375 0.887109 0.859375 0.887109 0.879167 0.867969 0.879167
0 0.881641 0.815104 0.895312 0.815104 0.895312 0.829688 0.881641 0.829688
0 0.893359 0.833333 0.907422 0.833333 0.907422 0.85 0.893359 0.85
0 0.928516 0.844271 0.943359 0.844271 0.943359 0.869271 0.928516 0.869271
0 0.894922 0.860938 0.909766 0.860938 0.909766 0.880729 0.894922 0.880729
0 0.870312 0.892188 0.887109 0.892188 0.887109 0.907812 0.870312 0.907812
0 0.838672 0.93125 0.855859 0.93125 0.855859 0.949479 0.838672 0.949479
0 0.871484 0.929688 0.887109 0.929688 0.887109 0.954688 0.871484 0.954688
0 0.894922 0.908333 0.910547 0.908333 0.910547 0.921354 0.894922 0.921354
0 0.95625 0.804167 0.973828 0.804167 0.973828 0.830208 0.95625 0.830208
0 0.965234 0.838542 0.984766 0.838542 0.984766 0.857292 0.965234 0.857292
0 0.957812 0.864583 0.975781 0.864583 0.975781 0.886979 0.957812 0.886979
0 0.951953 0.909896 0.967969 0.909896 0.967969 0.930208 0.951953 0.930208
0 0.93125 0.921354 0.948438 0.921354 0.948438 0.942188 0.93125 0.942188
0 0.9125 0.922396 0.928906 0.922396 0.928906 0.942708 0.9125 0.942708
0 0.89375 0.934375 0.911328 0.934375 0.911328 0.954167 0.89375 0.954167
0 0.851953 0.967188 0.878125 0.967188 0.878125 0.985938 0.851953 0.985938
0 0.89375 0.971875 0.915625 0.971875 0.915625 0.992188 0.89375 0.992188
0 0.923438 0.972396 0.9375 0.972396 0.9375 0.992188 0.923438 0.992188
0 0.664844 0.641146 0.679688 0.641146 0.679688 0.661458 0.664844 0.661458
0 0.254297 0.853646 0.276172 0.853646 0.276172 0.873958 0.254297 0.873958
0 0.970703 0.028125 0.994531 0.028125 0.994531 0.0625 0.970703 0.0625
0 0.143359 0.581771 0.170312 0.581771 0.170312 0.615104 0.143359 0.615104