0 0.080469 0.006771 0.113281 0.006771 0.113281 0.044271 0.080469 0.044271
0 0.035547 0.0 0.074609 0.0 0.074609 0.034375 0.035547 0.034375
0 0.119141 0.05625 0.145312 0.05625 0.145312 0.105208 0.119141 0.105208
0 0.134375 0.0 0.158203 0.0 0.158203 0.019792 0.134375 0.019792
0 0.169531 0.002604 0.194531 0.002604 0.194531 0.028125 0.169531 0.028125
0 0.196875 0.064583 0.228125 0.064583 0.228125 0.1 0.196875 0.1
0 0.262109 0.069792 0.299609 0.069792 0.299609 0.105208 0.262109 0.105208
0 0.316797 0.054688 0.343359 0.054688 0.343359 0.086979 0.316797 0.086979
0 0.316797 0.009896 0.348828 0.009896 0.348828 0.038021 0.316797 0.038021
0 0.369922 0.030208 0.408203 0.030208 0.408203 0.075 0.369922 0.075
0 0.422656 0.009896 0.465234 0.009896 0.465234 0.050521 0.422656 0.050521
0 0.454297 0.05625 0.488672 0.05625 0.488672 0.092188 0.454297 0.092188
0 0.491797 0.038021 0.532812 0.038021 0.532812 0.078646 0.491797 0.078646
0 0.512109 0.089062 0.541016 0.089062 0.541016 0.122396 0.512109 0.122396
0 0.478906 0.102083 0.512109 0.102083 0.512109 0.135417 0.478906 0.135417
0 0.507031 0.129688 0.530469 0.129688 0.530469 0.148958 0.507031 0.148958
0 0.466016 0.14375 0.491797 0.14375 0.491797 0.176042 0.466016 0.176042
0 0.39375 0.113542 0.430859 0.113542 0.430859 0.145833 0.39375 0.145833
0 0.148047 0.104167 0.167969 0.104167 0.167969 0.14375 0.148047 0.14375
0 0.178516 0.107292 0.203516 0.107292 0.203516 0.155729 0.178516 0.155729
0 0.199219 0.129688 0.219531 0.129688 0.219531 0.161979 0.199219 0.161979
0 0.229688 0.165104 0.248438 0.165104 0.248438 0.195312 0.229688 0.195312
0 0.192188 0.1875 0.216016 0.1875 0.216016 0.225 0.192188 0.225
0 0.289453 0.130729 0.313281 0.130729 0.313281 0.161979 0.289453 0.161979
0 0.316797 0.095833 0.351953 0.095833 0.351953 0.127604 0.316797 0.127604
0 0.289453 0.168229 0.321484 0.168229 0.321484 0.196354 0.289453 0.196354
0 0.294141 0.213542 0.327734 0.213542 0.327734 0.247396 0.294141 0.247396
0 0.354297 0.172917 0.380859 0.172917 0.380859 0.209896 0.354297 0.209896
0 0.389844 0.184375 0.417969 0.184375 0.417969 0.228125 0.389844 0.228125
0 0.41875 0.159896 0.446875 0.159896 0.446875 0.198438 0.41875 0.198438
0 0.441406 0.190625 0.462109 0.190625 0.462109 0.229167 0.441406 0.229167
0 0.032422 0.040625 0.076172 0.040625 0.076172 0.070312 0.032422 0.070312
0 0.0 0.063542 0.013672 0.063542 0.013672 0.109896 0.0 0.109896
0 0.058594 0.083854 0.083984 0.083854 0.083984 0.125 0.058594 0.125
0 0.061719 0.127604 0.084375 0.127604 0.084375 0.166146 0.061719 0.166146
0 0.098438 0.093229 0.116406 0.093229 0.116406 0.125 0.098438 0.125
0 0.101562 0.170833 0.124219 0.170833 0.124219 0.213542 0.101562 0.213542
0 0.063281 0.182292 0.091016 0.182292 0.091016 0.219792 0.063281 0.219792
0 0.034766 0.222917 0.069531 0.222917 0.069531 0.261458 0.034766 0.261458
0 0.085547 0.248438 0.108594 0.248438 0.108594 0.279688 0.085547 0.279688
0 0.117578 0.247396 0.145703 0.247396 0.145703 0.280729 0.117578 0.280729
0 0.151172 0.234896 0.171875 0.234896 0.171875 0.275 0.151172 0.275
0 0.166406 0.214583 0.197266 0.214583 0.197266 0.251042 0.166406 0.251042
0 0.232031 0.278646 0.254688 0.278646 0.254688 0.3125 0.232031 0.3125
0 0.185547 0.294271 0.219141 0.294271 0.219141 0.326562 0.185547 0.326562
0 0.126562 0.304167 0.153906 0.304167 0.153906 0.339062 0.126562 0.339062
0 0.096484 0.295312 0.122266 0.295312 0.122266 0.332812 0.096484 0.332812
0 0.029297 0.289583 0.069531 0.289583 0.069531 0.329167 0.029297 0.329167
0 0.016797 0.333854 0.062109 0.333854 0.062109 0.364583 0.016797 0.364583
0 0.142188 0.367708 0.163672 0.367708 0.163672 0.394271 0.142188 0.394271
0 0.167188 0.352083 0.189062 0.352083 0.189062 0.3875 0.167188 0.3875
0 0.204688 0.361979 0.228125 0.361979 0.228125 0.395833 0.204688 0.395833
0 0.231641 0.335417 0.255469 0.335417 0.255469 0.372917 0.231641 0.372917
0 0.262891 0.296875 0.289844 0.296875 0.289844 0.335417 0.262891 0.335417
0 0.277344 0.340104 0.304297 0.340104 0.304297 0.368229 0.277344 0.368229
0 0.302734 0.3125 0.328125 0.3125 0.328125 0.35 0.302734 0.35
0 0.329688 0.279688 0.35625 0.279688 0.35625 0.30625 0.329688 0.30625
0 0.347266 0.232812 0.374219 0.232812 0.374219 0.263021 0.347266 0.263021
0 0.367188 0.277604 0.396875 0.277604 0.396875 0.307812 0.367188 0.307812
0 0.402344 0.313542 0.429688 0.313542 0.429688 0.342708 0.402344 0.342708
0 0.363672 0.341667 0.379688 0.341667 0.379688 0.373958 0.363672 0.373958
0 0.319922 0.365625 0.348828 0.365625 0.348828 0.394792 0.319922 0.394792
0 0.304688 0.401562 0.337891 0.401562 0.337891 0.429688 0.304688 0.429688
0 0.266406 0.413542 0.297266 0.413542 0.297266 0.451042 0.266406 0.451042
0 0.326953 0.447396 0.354297 0.447396 0.354297 0.481771 0.326953 0.481771
0 0.4125 0.428646 0.433984 0.428646 0.433984 0.459896 0.4125 0.459896
0 0.455859 0.428125 0.487891 0.428125 0.487891 0.460938 0.455859 0.460938
0 0.113281 0.490625 0.142188 0.490625 0.142188 0.510417 0.113281 0.510417
0 0.096094 0.517708 0.1375 0.517708 0.1375 0.547917 0.096094 0.547917
0 0.082422 0.548958 0.107812 0.548958 0.107812 0.588542 0.082422 0.588542
0 0.054688 0.572917 0.078516 0.572917 0.078516 0.60625 0.054688 0.60625
0 0.150391 0.553125 0.170312 0.553125 0.170312 0.592708 0.150391 0.592708
0 0.179688 0.534375 0.207812 0.534375 0.207812 0.564062 0.179688 0.564062
0 0.212891 0.575 0.239453 0.575 0.239453 0.603125 0.212891 0.603125
0 0.183594 0.609896 0.206641 0.609896 0.206641 0.640625 0.183594 0.640625
0 0.122656 0.629688 0.142188 0.629688 0.142188 0.665625 0.122656 0.665625
0 0.111719 0.594271 0.141406 0.594271 0.141406 0.621875 0.111719 0.621875
0 0.075 0.632292 0.105078 0.632292 0.105078 0.663021 0.075 0.663021
0 0.003906 0.554167 0.038672 0.554167 0.038672 0.583854 0.003906 0.583854
0 0.053906 0.489583 0.08125 0.489583 0.08125 0.534896 0.053906 0.534896
0 0.298047 0.468229 0.323047 0.468229 0.323047 0.505208 0.298047 0.505208
0 0.390625 0.526042 0.417188 0.526042 0.417188 0.558333 0.390625 0.558333
0 0.443359 0.536979 0.479688 0.536979 0.479688 0.570833 0.443359 0.570833
0 0.410156 0.569792 0.429297 0.569792 0.429297 0.602083 0.410156 0.602083
0 0.375781 0.576042 0.407812 0.576042 0.407812 0.607812 0.375781 0.607812
0 0.444922 0.598438 0.467188 0.598438 0.467188 0.6375 0.444922 0.6375
0 0.429688 0.465625 0.45625 0.465625 0.45625 0.496354 0.429688 0.496354
0 0.463281 0.492188 0.4875 0.492188 0.4875 0.527083 0.463281 0.527083
0 0.519531 0.488542 0.546094 0.488542 0.546094 0.523438 0.519531 0.523438
0 0.508984 0.432292 0.535938 0.432292 0.535938 0.463021 0.508984 0.463021
0 0.578125 0.4625 0.612891 0.4625 0.612891 0.496875 0.578125 0.496875
0 0.527344 0.379167 0.556641 0.379167 0.556641 0.404167 0.527344 0.404167
0 0.496094 0.350521 0.517969 0.350521 0.517969 0.384375 0.496094 0.384375
0 0.559375 0.341146 0.578125 0.341146 0.578125 0.376042 0.559375 0.376042
0 0.60625 0.365625 0.627344 0.365625 0.627344 0.401562 0.60625 0.401562
0 0.558203 0.0 0.596484 0.0 0.596484 0.031771 0.558203 0.031771
0 0.605469 0.03125 0.638281 0.03125 0.638281 0.064062 0.605469 0.064062
0 0.623828 0.067708 0.648828 0.067708 0.648828 0.100521 0.623828 0.100521
0 0.666797 0.048438 0.702734 0.048438 0.702734 0.081771 0.666797 0.081771
0 0.671484 0.002604 0.697656 0.002604 0.697656 0.03125 0.671484 0.03125
0 0.7 0.000521 0.723047 0.000521 0.723047 0.019792 0.7 0.019792
0 0.735938 0.006771 0.769141 0.006771 0.769141 0.036458 0.735938 0.036458
0 0.764062 0.047917 0.795312 0.047917 0.795312 0.085938 0.764062 0.085938
0 0.722266 0.046875 0.761328 0.046875 0.761328 0.088542 0.722266 0.088542
0 0.713281 0.102604 0.742969 0.102604 0.742969 0.1375 0.713281 0.1375
0 0.686328 0.114583 0.705859 0.114583 0.705859 0.147917 0.686328 0.147917
0 0.730078 0.170312 0.766406 0.170312 0.766406 0.205729 0.730078 0.205729
0 0.788672 0.116146 0.810156 0.116146 0.810156 0.146875 0.788672 0.146875
0 0.772266 0.205729 0.798047 0.205729 0.798047 0.243229 0.772266 0.243229
0 0.735156 0.224479 0.765234 0.224479 0.765234 0.257292 0.735156 0.257292
0 0.778125 0.275521 0.808203 0.275521 0.808203 0.311979 0.778125 0.311979
0 0.625 0.128646 0.657031 0.128646 0.657031 0.164062 0.625 0.164062
0 0.579688 0.123958 0.603516 0.123958 0.603516 0.15625 0.579688 0.15625
0 0.577734 0.163542 0.60625 0.163542 0.60625 0.190104 0.577734 0.190104
0 0.619141 0.210417 0.648828 0.210417 0.648828 0.242708 0.619141 0.242708
0 0.667578 0.217188 0.692188 0.217188 0.692188 0.243229 0.667578 0.243229
0 0.69375 0.236458 0.714453 0.236458 0.714453 0.267708 0.69375 0.267708
0 0.560547 0.222396 0.583594 0.222396 0.583594 0.264062 0.560547 0.264062
0 0.631641 0.25625 0.669531 0.25625 0.669531 0.290104 0.631641 0.290104
0 0.689062 0.279688 0.717188 0.279688 0.717188 0.323438 0.689062 0.323438
0 0.823438 0.089583 0.842969 0.089583 0.842969 0.125521 0.823438 0.125521
0 0.853125 0.10625 0.878516 0.10625 0.878516 0.141667 0.853125 0.141667
0 0.85625 0.15625 0.884375 0.15625 0.884375 0.186458 0.85625 0.186458
0 0.826953 0.178125 0.846875 0.178125 0.846875 0.209896 0.826953 0.209896
0 0.825391 0.244271 0.844922 0.244271 0.844922 0.279167 0.825391 0.279167
0 0.872656 0.240104 0.898438 0.240104 0.898438 0.271875 0.872656 0.271875
0 0.905078 0.239583 0.929297 0.239583 0.929297 0.265104 0.905078 0.265104
0 0.929297 0.2125 0.958594 0.2125 0.958594 0.255208 0.929297 0.255208
0 0.957422 0.2625 0.983984 0.2625 0.983984 0.291146 0.957422 0.291146
0 0.854297 0.28125 0.88125 0.28125 0.88125 0.307292 0.854297 0.307292
0 0.885547 0.277083 0.917969 0.277083 0.917969 0.303125 0.885547 0.303125
0 0.890625 0.309896 0.915234 0.309896 0.915234 0.338021 0.890625 0.338021
0 0.919531 0.320833 0.942578 0.320833 0.942578 0.353646 0.919531 0.353646
0 0.949609 0.344792 0.975391 0.344792 0.975391 0.376042 0.949609 0.376042
0 0.730078 0.315104 0.754297 0.315104 0.754297 0.35 0.730078 0.35
0 0.811719 0.334375 0.841797 0.334375 0.841797 0.363542 0.811719 0.363542
0 0.855469 0.364062 0.888281 0.364062 0.888281 0.400521 0.855469 0.400521
0 0.903516 0.346875 0.928125 0.346875 0.928125 0.384896 0.903516 0.384896
0 0.809375 0.391146 0.836328 0.391146 0.836328 0.426562 0.809375 0.426562
0 0.769141 0.352083 0.8 0.352083 0.8 0.398438 0.769141 0.398438
0 0.875391 0.413542 0.903516 0.413542 0.903516 0.443229 0.875391 0.443229
0 0.925 0.456771 0.945312 0.456771 0.945312 0.505729 0.925 0.505729
0 0.880078 0.482812 0.9125 0.482812 0.9125 0.505729 0.880078 0.505729
0 0.969922 0.394271 0.999609 0.394271 0.999609 0.421354 0.969922 0.421354
0 0.948828 0.439062 0.985938 0.439062 0.985938 0.465104 0.948828 0.465104
0 0.964844 0.490104 0.991406 0.490104 0.991406 0.538542 0.964844 0.538542
0 0.511719 0.291667 0.554688 0.291667 0.554688 0.328125 0.511719 0.328125
0 0.598438 0.295833 0.622656 0.295833 0.622656 0.339062 0.598438 0.339062
0 0.649609 0.311458 0.682812 0.311458 0.682812 0.347396 0.649609 0.347396
0 0.685547 0.33125 0.717969 0.33125 0.717969 0.353125 0.685547 0.353125
0 0.632031 0.355208 0.661719 0.355208 0.661719 0.388542 0.632031 0.388542
0 0.677734 0.384896 0.698438 0.384896 0.698438 0.416146 0.677734 0.416146
0 0.714453 0.384375 0.753125 0.384375 0.753125 0.416146 0.714453 0.416146
0 0.662891 0.425521 0.691406 0.425521 0.691406 0.456771 0.662891 0.456771
0 0.721875 0.429167 0.750781 0.429167 0.750781 0.458854 0.721875 0.458854
0 0.664453 0.469271 0.689062 0.469271 0.689062 0.498958 0.664453 0.498958
0 0.754297 0.458854 0.777734 0.458854 0.777734 0.489062 0.754297 0.489062
0 0.812891 0.476042 0.83125 0.476042 0.83125 0.519792 0.812891 0.519792
0 0.830469 0.447396 0.851953 0.447396 0.851953 0.476042 0.830469 0.476042
0 0.855469 0.504167 0.883594 0.504167 0.883594 0.544271 0.855469 0.544271
0 0.912109 0.549479 0.941406 0.549479 0.941406 0.579167 0.912109 0.579167
0 0.860547 0.596354 0.8875 0.596354 0.8875 0.625 0.860547 0.625
0 0.883984 0.617188 0.91875 0.617188 0.91875 0.65 0.883984 0.65
0 0.846094 0.646875 0.876953 0.646875 0.876953 0.672917 0.846094 0.672917
0 0.808594 0.620833 0.839844 0.620833 0.839844 0.660417 0.808594 0.660417
0 0.699609 0.520833 0.732812 0.520833 0.732812 0.55625 0.699609 0.55625
0 0.551172 0.552083 0.577734 0.552083 0.577734 0.584375 0.551172 0.584375
0 0.588281 0.534375 0.616406 0.534375 0.616406 0.566667 0.588281 0.566667
0 0.646875 0.553646 0.673438 0.553646 0.673438 0.589583 0.646875 0.589583
0 0.612891 0.603125 0.638281 0.603125 0.638281 0.646875 0.612891 0.646875
0 0.589062 0.6 0.610547 0.6 0.610547 0.63125 0.589062 0.63125
0 0.645703 0.618229 0.671484 0.618229 0.671484 0.65 0.645703 0.65
0 0.661328 0.6 0.694531 0.6 0.694531 0.626042 0.661328 0.626042
0 0.736719 0.613021 0.777344 0.613021 0.777344 0.641667 0.736719 0.641667
0 0.732812 0.660417 0.763672 0.660417 0.763672 0.695312 0.732812 0.695312
0 0.048047 0.689583 0.079688 0.689583 0.079688 0.740104 0.048047 0.740104
0 0.054688 0.654167 0.081641 0.654167 0.081641 0.685417 0.054688 0.685417
0 0.091406 0.682812 0.112109 0.682812 0.112109 0.715625 0.091406 0.715625
0 0.146094 0.703646 0.169922 0.703646 0.169922 0.728646 0.146094 0.728646
0 0.127344 0.732812 0.157031 0.732812 0.157031 0.760417 0.127344 0.760417
0 0.074609 0.760417 0.090234 0.760417 0.090234 0.786979 0.074609 0.786979
0 0.033984 0.7625 0.062891 0.7625 0.062891 0.793229 0.033984 0.793229
0 0.055859 0.827083 0.078125 0.827083 0.078125 0.857812 0.055859 0.857812
0 0.108203 0.819792 0.133594 0.819792 0.133594 0.858854 0.108203 0.858854
0 0.139062 0.791667 0.165234 0.791667 0.165234 0.821354 0.139062 0.821354
0 0.176562 0.773438 0.195312 0.773438 0.195312 0.802083 0.176562 0.802083
0 0.198828 0.793229 0.216016 0.793229 0.216016 0.818229 0.198828 0.818229
0 0.231641 0.763021 0.267969 0.763021 0.267969 0.784896 0.231641 0.784896
0 0.265234 0.696875 0.29375 0.696875 0.29375 0.727604 0.265234 0.727604
0 0.223438 0.683333 0.248438 0.683333 0.248438 0.714062 0.223438 0.714062
0 0.283594 0.733333 0.302734 0.733333 0.302734 0.769271 0.283594 0.769271
0 0.181641 0.669792 0.206641 0.669792 0.206641 0.698958 0.181641 0.698958
0 0.280469 0.634896 0.305078 0.634896 0.305078 0.670833 0.280469 0.670833
0 0.283594 0.604167 0.305469 0.604167 0.305469 0.626042 0.283594 0.626042
0 0.319922 0.638021 0.348438 0.638021 0.348438 0.669271 0.319922 0.669271
0 0.3375 0.684375 0.357812 0.684375 0.357812 0.717188 0.3375 0.717188
0 0.301953 0.693229 0.329688 0.693229 0.329688 0.726042 0.301953 0.726042
0 0.3375 0.752604 0.366797 0.752604 0.366797 0.785417 0.3375 0.785417
0 0.320703 0.798958 0.347266 0.798958 0.347266 0.836458 0.320703 0.836458
0 0.290234 0.819792 0.314062 0.819792 0.314062 0.85625 0.290234 0.85625
0 0.0 0.777604 0.014062 0.777604 0.014062 0.811458 0.0 0.811458
0 0.007031 0.828646 0.023438 0.828646 0.023438 0.872396 0.007031 0.872396
0 0.0375 0.921875 0.061719 0.921875 0.061719 0.955729 0.0375 0.955729
0 0.074219 0.877083 0.092578 0.877083 0.092578 0.907292 0.074219 0.907292
0 0.095703 0.947917 0.125781 0.947917 0.125781 0.98125 0.095703 0.98125
0 0.152734 0.877604 0.177734 0.877604 0.177734 0.904688 0.152734 0.904688
0 0.152344 0.832812 0.183594 0.832812 0.183594 0.858333 0.152344 0.858333
0 0.21875 0.860417 0.251172 0.860417 0.251172 0.889583 0.21875 0.889583
0 0.145703 0.917708 0.180469 0.917708 0.180469 0.947917 0.145703 0.947917
0 0.210547 0.958854 0.240234 0.958854 0.240234 0.991146 0.210547 0.991146
0 0.235938 0.921354 0.255078 0.921354 0.255078 0.957812 0.235938 0.957812
0 0.008984 0.93125 0.026953 0.93125 0.026953 0.961458 0.008984 0.961458
0 0.013672 0.96875 0.042188 0.96875 0.042188 0.997917 0.013672 0.997917
0 0.244531 0.836979 0.266797 0.836979 0.266797 0.863021 0.244531 0.863021
0 0.294922 0.895312 0.31875 0.895312 0.31875 0.928646 0.294922 0.928646
0 0.328125 0.956771 0.353125 0.956771 0.353125 0.98125 0.328125 0.98125
0 0.367969 0.910417 0.389453 0.910417 0.389453 0.944792 0.367969 0.944792
0 0.335938 0.864062 0.3625 0.864062 0.3625 0.890625 0.335938 0.890625
0 0.388281 0.848958 0.418359 0.848958 0.418359 0.872396 0.388281 0.872396
0 0.400781 0.897917 0.426953 0.897917 0.426953 0.927083 0.400781 0.927083
0 0.441406 0.839062 0.473828 0.839062 0.473828 0.856771 0.441406 0.856771
0 0.439062 0.861979 0.478516 0.861979 0.478516 0.885938 0.439062 0.885938
0 0.389844 0.794792 0.423438 0.794792 0.423438 0.826562 0.389844 0.826562
0 0.40625 0.741667 0.433984 0.741667 0.433984 0.768229 0.40625 0.768229
0 0.373047 0.720833 0.405078 0.720833 0.405078 0.744792 0.373047 0.744792
0 0.367969 0.757812 0.390625 0.757812 0.390625 0.796354 0.367969 0.796354
0 0.471875 0.953646 0.501953 0.953646 0.501953 0.988021 0.471875 0.988021
0 0.512109 0.919271 0.536328 0.919271 0.536328 0.9625 0.512109 0.9625
0 0.538281 0.9375 0.559766 0.9375 0.559766 0.972396 0.538281 0.972396
0 0.603906 0.789583 0.628125 0.789583 0.628125 0.825521 0.603906 0.825521
0 0.643359 0.811458 0.669141 0.811458 0.669141 0.848958 0.643359 0.848958
0 0.611328 0.85 0.642188 0.85 0.642188 0.880729 0.611328 0.880729
0 0.649219 0.861458 0.687891 0.861458 0.687891 0.888542 0.649219 0.888542
0 0.668359 0.933333 0.691797 0.933333 0.691797 0.968229 0.668359 0.968229
0 0.696094 0.919792 0.722656 0.919792 0.722656 0.943229 0.696094 0.943229
0 0.705078 0.950521 0.730859 0.950521 0.730859 0.990625 0.705078 0.990625
0 0.745703 0.958333 0.774609 0.958333 0.774609 0.989583 0.745703 0.989583
0 0.748438 0.905208 0.776953 0.905208 0.776953 0.932292 0.748438 0.932292
0 0.7125 0.860938 0.739453 0.860938 0.739453 0.891146 0.7125 0.891146
0 0.772656 0.852604 0.807812 0.852604 0.807812 0.888542 0.772656 0.888542
0 0.813281 0.879167 0.836328 0.879167 0.836328 0.91875 0.813281 0.91875
0 0.792969 0.924479 0.823438 0.924479 0.823438 0.953646 0.792969 0.953646
0 0.68125 0.806771 0.717188 0.806771 0.717188 0.850521 0.68125 0.850521
0 0.756641 0.770833 0.786719 0.770833 0.786719 0.802083 0.756641 0.802083
0 0.812109 0.788542 0.833203 0.788542 0.833203 0.820833 0.812109 0.820833
0 0.598828 0.744792 0.622656 0.744792 0.622656 0.766667 0.598828 0.766667
0 0.635156 0.73125 0.664844 0.73125 0.664844 0.758333 0.635156 0.758333
0 0.677734 0.710417 0.7 0.710417 0.7 0.750521 0.677734 0.750521
0 0.703516 0.689062 0.730469 0.689062 0.730469 0.711458 0.703516 0.711458
0 0.754688 0.729167 0.788281 0.729167 0.788281 0.752604 0.754688 0.752604
0 0.724609 0.756771 0.753125 0.756771 0.753125 0.790104 0.724609 0.790104
0 0.775391 0.686979 0.808594 0.686979 0.808594 0.7125 0.775391 0.7125
0 0.820703 0.71875 0.849219 0.71875 0.849219 0.760938 0.820703 0.760938
0 0.863672 0.695312 0.896484 0.695312 0.896484 0.720833 0.863672 0.720833
0 0.916016 0.683854 0.947656 0.683854 0.947656 0.708854 0.916016 0.708854
0 0.950781 0.639583 0.986328 0.639583 0.986328 0.677604 0.950781 0.677604
0 0.959375 0.572917 0.993359 0.572917 0.993359 0.597396 0.959375 0.597396
0 0.631641 0.504167 0.658984 0.504167 0.658984 0.527604 0.631641 0.527604
0 0.492969 0.691667 0.515625 0.691667 0.515625 0.725 0.492969 0.725
0 0.51875 0.686458 0.540625 0.686458 0.540625 0.723438 0.51875 0.723438
0 0.478906 0.608854 0.507812 0.608854 0.507812 0.651042 0.478906 0.651042
0 0.482812 0.578125 0.505859 0.578125 0.505859 0.602083 0.482812 0.602083
0 0.379297 0.664583 0.401562 0.664583 0.401562 0.705208 0.379297 0.705208
0 0.868359 0.808333 0.893359 0.808333 0.893359 0.854688 0.868359 0.854688
0 0.847266 0.864062 0.876562 0.864062 0.876562 0.90625 0.847266 0.90625
0 0.897656 0.915625 0.917578 0.915625 0.917578 0.949479 0.897656 0.949479
0 0.914844 0.896354 0.954688 0.896354 0.954688 0.938542 0.914844 0.938542
0 0.946875 0.825 0.971094 0.825 0.971094 0.858854 0.946875 0.858854
0 0.903125 0.782812 0.939844 0.782812 0.939844 0.813021 0.903125 0.813021
0 0.948438 0.749479 0.979297 0.749479 0.979297 0.777604 0.948438 0.777604
0 0.943359 0.782812 0.982422 0.782812 0.982422 0.816146 0.943359 0.816146
0 0.910547 0.829167 0.934766 0.829167 0.934766 0.865625 0.910547 0.865625
0 0.978906 0.809896 0.998828 0.809896 0.998828 0.856771 0.978906 0.856771
0 0.972266 0.708854 0.999609 0.708854 0.999609 0.753125 0.972266 0.753125
0 0.923438 0.96875 0.951953 0.96875 0.951953 0.995312 0.923438 0.995312
0 0.9625 0.953125 0.991406 0.953125 0.991406 0.986458 0.9625 0.986458