0 0.098047 0.002083 0.122266 0.002083 0.122266 0.028646 0.098047 0.028646
0 0.0375 0.027083 0.056641 0.027083 0.056641 0.047917 0.0375 0.047917
0 0.0 0.08125 0.023438 0.08125 0.023438 0.097396 0.0 0.097396
0 0.001562 0.029688 0.016016 0.029688 0.016016 0.053125 0.001562 0.053125
0 0.039062 0.061979 0.062891 0.061979 0.062891 0.086458 0.039062 0.086458
0 0.076562 0.06875 0.101172 0.06875 0.101172 0.091667 0.076562 0.091667
0 0.003516 0.120833 0.021484 0.120833 0.021484 0.142188 0.003516 0.142188
0 0.039844 0.109896 0.059375 0.109896 0.059375 0.1375 0.039844 0.1375
0 0.017969 0.129167 0.035938 0.129167 0.035938 0.157292 0.017969 0.157292
0 0.048047 0.155729 0.064062 0.155729 0.064062 0.182292 0.048047 0.182292
0 0.092969 0.123438 0.109375 0.123438 0.109375 0.147396 0.092969 0.147396
0 0.071875 0.114583 0.085547 0.114583 0.085547 0.135938 0.071875 0.135938
0 0.132031 0.102083 0.150781 0.102083 0.150781 0.126562 0.132031 0.126562
0 0.176953 0.079688 0.194531 0.079688 0.194531 0.108854 0.176953 0.108854
0 0.151953 0.045312 0.169922 0.045312 0.169922 0.065625 0.151953 0.065625
0 0.137109 0.144792 0.154688 0.144792 0.154688 0.165104 0.137109 0.165104
0 0.196875 0.117188 0.213672 0.117188 0.213672 0.142188 0.196875 0.142188
0 0.208594 0.152604 0.224219 0.152604 0.224219 0.170312 0.208594 0.170312
0 0.163672 0.156771 0.175781 0.156771 0.175781 0.180208 0.163672 0.180208
0 0.189844 0.185417 0.203516 0.185417 0.203516 0.208333 0.189844 0.208333
0 0.101172 0.183854 0.121094 0.183854 0.121094 0.209375 0.101172 0.209375
0 0.146484 0.230729 0.164062 0.230729 0.164062 0.250521 0.146484 0.250521
0 0.186719 0.234896 0.205078 0.234896 0.205078 0.256771 0.186719 0.256771
0 0.221484 0.228646 0.239844 0.228646 0.239844 0.246354 0.221484 0.246354
0 0.230078 0.199479 0.25 0.199479 0.25 0.216667 0.230078 0.216667
0 0.339453 0.051562 0.357812 0.051562 0.357812 0.071354 0.339453 0.071354
0 0.364844 0.069792 0.382422 0.069792 0.382422 0.093229 0.364844 0.093229
0 0.394141 0.063542 0.412891 0.063542 0.412891 0.09375 0.394141 0.09375
0 0.416016 0.072396 0.432812 0.072396 0.432812 0.098438 0.416016 0.098438
0 0.332422 0.107292 0.351953 0.107292 0.351953 0.129688 0.332422 0.129688
0 0.299609 0.113542 0.314062 0.113542 0.314062 0.138542 0.299609 0.138542
0 0.332422 0.150521 0.349609 0.150521 0.349609 0.176562 0.332422 0.176562
0 0.356641 0.139062 0.377344 0.139062 0.377344 0.163021 0.356641 0.163021
0 0.369531 0.172396 0.392578 0.172396 0.392578 0.195833 0.369531 0.195833
0 0.375391 0.104688 0.389844 0.104688 0.389844 0.131771 0.375391 0.131771
0 0.397266 0.128125 0.417969 0.128125 0.417969 0.152083 0.397266 0.152083
0 0.412891 0.188021 0.433203 0.188021 0.433203 0.207812 0.412891 0.207812
0 0.427734 0.145312 0.445703 0.145312 0.445703 0.172396 0.427734 0.172396
0 0.345312 0.022396 0.366016 0.022396 0.366016 0.042708 0.345312 0.042708
0 0.398047 0.009375 0.416406 0.009375 0.416406 0.033333 0.398047 0.033333
0 0.450781 0.032812 0.467578 0.032812 0.467578 0.059896 0.450781 0.059896
0 0.431641 0.106771 0.448828 0.106771 0.448828 0.127083 0.431641 0.127083
0 0.464453 0.109896 0.483594 0.109896 0.483594 0.132292 0.464453 0.132292
0 0.462109 0.152083 0.480859 0.152083 0.480859 0.176042 0.462109 0.176042
0 0.516016 0.053125 0.53125 0.053125 0.53125 0.082292 0.516016 0.082292
0 0.501172 0.127083 0.523047 0.127083 0.523047 0.147396 0.501172 0.147396
0 0.546094 0.121354 0.562891 0.121354 0.562891 0.14375 0.546094 0.14375
0 0.517578 0.161979 0.539062 0.161979 0.539062 0.191146 0.517578 0.191146
0 0.562109 0.1375 0.588281 0.1375 0.588281 0.158854 0.562109 0.158854
0 0.547266 0.070833 0.571484 0.070833 0.571484 0.091146 0.547266 0.091146
0 0.571875 0.030208 0.589453 0.030208 0.589453 0.050521 0.571875 0.050521
0 0.601172 0.04375 0.61875 0.04375 0.61875 0.065625 0.601172 0.065625
0 0.601172 0.071354 0.624609 0.071354 0.624609 0.094792 0.601172 0.094792
0 0.594531 0.107292 0.615625 0.107292 0.615625 0.126562 0.594531 0.126562
0 0.538672 0.036979 0.556641 0.036979 0.556641 0.059375 0.538672 0.059375
0 0.666797 0.201042 0.6875 0.201042 0.6875 0.235417 0.666797 0.235417
0 0.596484 0.179688 0.611328 0.179688 0.611328 0.205729 0.596484 0.205729
0 0.566016 0.202083 0.586328 0.202083 0.586328 0.219271 0.566016 0.219271
0 0.021875 0.208854 0.04375 0.208854 0.04375 0.239583 0.021875 0.239583
0 0.030078 0.241667 0.052734 0.241667 0.052734 0.263542 0.030078 0.263542
0 0.078906 0.238542 0.098047 0.238542 0.098047 0.267708 0.078906 0.267708
0 0.114062 0.260417 0.132031 0.260417 0.132031 0.288021 0.114062 0.288021
0 0.048047 0.280208 0.067578 0.280208 0.067578 0.303125 0.048047 0.303125
0 0.066406 0.313021 0.087109 0.313021 0.087109 0.340625 0.066406 0.340625
0 0.089062 0.285938 0.109375 0.285938 0.109375 0.30625 0.089062 0.30625
0 0.102734 0.329688 0.125 0.329688 0.125 0.35625 0.102734 0.35625
0 0.141016 0.340104 0.156641 0.340104 0.156641 0.365104 0.141016 0.365104
0 0.223047 0.273438 0.243359 0.273438 0.243359 0.297396 0.223047 0.297396
0 0.149219 0.285938 0.168359 0.285938 0.168359 0.313542 0.149219 0.313542
0 0.19375 0.300521 0.210938 0.300521 0.210938 0.326562 0.19375 0.326562
0 0.215625 0.317708 0.233203 0.317708 0.233203 0.341667 0.215625 0.341667
0 0.040625 0.360417 0.058984 0.360417 0.058984 0.380729 0.040625 0.380729
0 0.010156 0.383333 0.027344 0.383333 0.027344 0.417188 0.010156 0.417188
0 0.024609 0.434375 0.042578 0.434375 0.042578 0.474479 0.024609 0.474479
0 0.066406 0.465625 0.092188 0.465625 0.092188 0.488542 0.066406 0.488542
0 0.073047 0.493229 0.099609 0.493229 0.099609 0.519271 0.073047 0.519271
0 0.112891 0.463021 0.126953 0.463021 0.126953 0.485417 0.112891 0.485417
0 0.131641 0.440104 0.146094 0.440104 0.146094 0.464583 0.131641 0.464583
0 0.114844 0.393229 0.129688 0.393229 0.129688 0.423958 0.114844 0.423958
0 0.15 0.392188 0.164453 0.392188 0.164453 0.416146 0.15 0.416146
0 0.160938 0.439062 0.178125 0.439062 0.178125 0.46875 0.160938 0.46875
0 0.060156 0.398438 0.075391 0.398438 0.075391 0.426042 0.060156 0.426042
0 0.084766 0.417708 0.1 0.417708 0.1 0.444271 0.084766 0.444271
0 0.177344 0.365625 0.196875 0.365625 0.196875 0.395833 0.177344 0.395833
0 0.194141 0.4 0.215234 0.4 0.215234 0.432292 0.194141 0.432292
0 0.207031 0.354167 0.228516 0.354167 0.228516 0.385938 0.207031 0.385938
0 0.2375 0.402083 0.253516 0.402083 0.253516 0.435938 0.2375 0.435938
0 0.210547 0.44375 0.233203 0.44375 0.233203 0.463021 0.210547 0.463021
0 0.267578 0.428646 0.282031 0.428646 0.282031 0.452083 0.267578 0.452083
0 0.269141 0.281771 0.284375 0.281771 0.284375 0.300521 0.269141 0.300521
0 0.267969 0.313021 0.287891 0.313021 0.287891 0.334896 0.267969 0.334896
0 0.240625 0.326562 0.259766 0.326562 0.259766 0.35 0.240625 0.35
0 0.257812 0.351562 0.279688 0.351562 0.279688 0.379167 0.257812 0.379167
0 0.29375 0.410938 0.309766 0.410938 0.309766 0.433333 0.29375 0.433333
0 0.308203 0.426562 0.325 0.426562 0.325 0.451562 0.308203 0.451562
0 0.289844 0.460938 0.312109 0.460938 0.312109 0.480208 0.289844 0.480208
0 0.213672 0.474479 0.232031 0.474479 0.232031 0.493229 0.213672 0.493229
0 0.264062 0.522396 0.284766 0.522396 0.284766 0.542188 0.264062 0.542188
0 0.346094 0.224479 0.364844 0.224479 0.364844 0.24375 0.346094 0.24375
0 0.376953 0.217188 0.395312 0.217188 0.395312 0.2375 0.376953 0.2375
0 0.379688 0.252083 0.398438 0.252083 0.398438 0.274479 0.379688 0.274479
0 0.412109 0.217708 0.431641 0.217708 0.431641 0.2375 0.412109 0.2375
0 0.457422 0.213021 0.475 0.213021 0.475 0.236979 0.457422 0.236979
0 0.491016 0.230729 0.506641 0.230729 0.506641 0.254688 0.491016 0.254688
0 0.561328 0.238021 0.581641 0.238021 0.581641 0.257292 0.561328 0.257292
0 0.506641 0.246354 0.519922 0.246354 0.519922 0.267188 0.506641 0.267188
0 0.525391 0.271354 0.542578 0.271354 0.542578 0.293229 0.525391 0.293229
0 0.516016 0.291667 0.527344 0.291667 0.527344 0.311458 0.516016 0.311458
0 0.471875 0.264583 0.488672 0.264583 0.488672 0.2875 0.471875 0.2875
0 0.657031 0.254688 0.675781 0.254688 0.675781 0.278646 0.657031 0.278646
0 0.689453 0.260417 0.705078 0.260417 0.705078 0.285417 0.689453 0.285417
0 0.725391 0.223438 0.742578 0.223438 0.742578 0.238542 0.725391 0.238542
0 0.747266 0.257292 0.763672 0.257292 0.763672 0.278125 0.747266 0.278125
0 0.689453 0.305729 0.711719 0.305729 0.711719 0.328646 0.689453 0.328646
0 0.727344 0.295312 0.740625 0.295312 0.740625 0.318229 0.727344 0.318229
0 0.6375 0.330729 0.651562 0.330729 0.651562 0.345833 0.6375 0.345833
0 0.605078 0.355208 0.621094 0.355208 0.621094 0.375521 0.605078 0.375521
0 0.698047 0.350521 0.710938 0.350521 0.710938 0.375521 0.698047 0.375521
0 0.717188 0.350521 0.736328 0.350521 0.736328 0.369271 0.717188 0.369271
0 0.789062 0.185938 0.808594 0.185938 0.808594 0.208854 0.789062 0.208854
0 0.7375 0.182812 0.757031 0.182812 0.757031 0.207292 0.7375 0.207292
0 0.702734 0.16875 0.721875 0.16875 0.721875 0.190625 0.702734 0.190625
0 0.775 0.157292 0.794531 0.157292 0.794531 0.175521 0.775 0.175521
0 0.804297 0.146875 0.824609 0.146875 0.824609 0.170312 0.804297 0.170312
0 0.760156 0.115625 0.781641 0.115625 0.781641 0.134375 0.760156 0.134375
0 0.798047 0.107292 0.814844 0.107292 0.814844 0.127604 0.798047 0.127604
0 0.8125 0.204167 0.828906 0.204167 0.828906 0.225521 0.8125 0.225521
0 0.758984 0.169271 0.775391 0.169271 0.775391 0.195312 0.758984 0.195312
0 0.841406 0.184896 0.855469 0.184896 0.855469 0.203646 0.841406 0.203646
0 0.865625 0.170312 0.878125 0.170312 0.878125 0.195833 0.865625 0.195833
0 0.898047 0.171354 0.9125 0.171354 0.9125 0.195833 0.898047 0.195833
0 0.881641 0.204167 0.899609 0.204167 0.899609 0.224479 0.881641 0.224479
0 0.885156 0.233854 0.905078 0.233854 0.905078 0.252604 0.885156 0.252604
0 0.840234 0.238542 0.863672 0.238542 0.863672 0.260417 0.840234 0.260417
0 0.526562 0.217708 0.548047 0.217708 0.548047 0.236458 0.526562 0.236458
0 0.517578 0.008333 0.539844 0.008333 0.539844 0.028646 0.517578 0.028646
0 0.854688 0.03125 0.873047 0.03125 0.873047 0.058854 0.854688 0.058854
0 0.797266 0.070312 0.817969 0.070312 0.817969 0.093229 0.797266 0.093229
0 0.764844 0.016146 0.784375 0.016146 0.784375 0.036979 0.764844 0.036979
0 0.750391 0.055208 0.771094 0.055208 0.771094 0.072917 0.750391 0.072917
0 0.733594 0.031771 0.752734 0.031771 0.752734 0.051042 0.733594 0.051042
0 0.729297 0.077083 0.746875 0.077083 0.746875 0.096354 0.729297 0.096354
0 0.825 0.017708 0.842969 0.017708 0.842969 0.044792 0.825 0.044792
0 0.896094 0.0125 0.910938 0.0125 0.910938 0.035417 0.896094 0.035417
0 0.894141 0.102083 0.914062 0.102083 0.914062 0.118229 0.894141 0.118229
0 0.914844 0.133333 0.935156 0.133333 0.935156 0.152083 0.914844 0.152083
0 0.923828 0.0125 0.939062 0.0125 0.939062 0.038542 0.923828 0.038542
0 0.953125 0.03125 0.967578 0.03125 0.967578 0.05625 0.953125 0.05625
0 0.966016 0.061979 0.983203 0.061979 0.983203 0.08125 0.966016 0.08125
0 0.943359 0.073958 0.959766 0.073958 0.959766 0.102604 0.943359 0.102604
0 0.971094 0.096354 0.991016 0.096354 0.991016 0.116667 0.971094 0.116667
0 0.973438 0.008333 0.994922 0.008333 0.994922 0.027083 0.973438 0.027083
0 0.850781 0.110417 0.865625 0.110417 0.865625 0.136458 0.850781 0.136458
0 0.935938 0.180208 0.957422 0.180208 0.957422 0.201562 0.935938 0.201562
0 0.787891 0.253125 0.808984 0.253125 0.808984 0.279167 0.787891 0.279167
0 0.765625 0.286979 0.781641 0.286979 0.781641 0.303646 0.765625 0.303646
0 0.821094 0.266667 0.843359 0.266667 0.843359 0.282292 0.821094 0.282292
0 0.875391 0.278646 0.892578 0.278646 0.892578 0.3 0.875391 0.3
0 0.801562 0.307812 0.815625 0.307812 0.815625 0.327083 0.801562 0.327083
0 0.767188 0.328646 0.788672 0.328646 0.788672 0.345833 0.767188 0.345833
0 0.845312 0.307812 0.871875 0.307812 0.871875 0.330208 0.845312 0.330208
0 0.883203 0.330729 0.898438 0.330729 0.898438 0.346875 0.883203 0.346875
0 0.732031 0.380208 0.758594 0.380208 0.758594 0.40625 0.732031 0.40625
0 0.826562 0.386458 0.840625 0.386458 0.840625 0.414062 0.826562 0.414062
0 0.823047 0.351042 0.840625 0.351042 0.840625 0.367708 0.823047 0.367708
0 0.855469 0.361458 0.878125 0.361458 0.878125 0.384375 0.855469 0.384375
0 0.357422 0.300521 0.377734 0.300521 0.377734 0.328125 0.357422 0.328125
0 0.364062 0.335938 0.386719 0.335938 0.386719 0.367188 0.364062 0.367188
0 0.421875 0.285417 0.439844 0.285417 0.439844 0.3125 0.421875 0.3125
0 0.408594 0.251563 0.425781 0.251563 0.425781 0.277083 0.408594 0.277083
0 0.425 0.332812 0.440234 0.332812 0.440234 0.363021 0.425 0.363021
0 0.457031 0.329688 0.472656 0.329688 0.472656 0.357292 0.457031 0.357292
0 0.45 0.275521 0.463281 0.275521 0.463281 0.301042 0.45 0.301042
0 0.491016 0.319792 0.508984 0.319792 0.508984 0.338021 0.491016 0.338021
0 0.4375 0.363021 0.460156 0.363021 0.460156 0.380729 0.4375 0.380729
0 0.517969 0.398958 0.533203 0.398958 0.533203 0.420833 0.517969 0.420833
0 0.482422 0.435938 0.505078 0.435938 0.505078 0.455729 0.482422 0.455729
0 0.525781 0.436979 0.54375 0.436979 0.54375 0.455208 0.525781 0.455208
0 0.473828 0.477083 0.496484 0.477083 0.496484 0.496875 0.473828 0.496875
0 0.513281 0.473438 0.536719 0.473438 0.536719 0.503125 0.513281 0.503125
0 0.547656 0.485938 0.567578 0.485938 0.567578 0.503125 0.547656 0.503125
0 0.553516 0.455729 0.567578 0.455729 0.567578 0.475 0.553516 0.475
0 0.595312 0.454688 0.619531 0.454688 0.619531 0.475521 0.595312 0.475521
0 0.580469 0.38125 0.597656 0.38125 0.597656 0.402083 0.580469 0.402083
0 0.564844 0.415104 0.583984 0.415104 0.583984 0.434375 0.564844 0.434375
0 0.594922 0.41875 0.611719 0.41875 0.611719 0.438542 0.594922 0.438542
0 0.624609 0.423958 0.641016 0.423958 0.641016 0.443229 0.624609 0.443229
0 0.63125 0.389583 0.649219 0.389583 0.649219 0.4125 0.63125 0.4125
0 0.665625 0.434375 0.678906 0.434375 0.678906 0.457812 0.665625 0.457812
0 0.696094 0.4 0.713672 0.4 0.713672 0.428125 0.696094 0.428125
0 0.722266 0.416146 0.738281 0.416146 0.738281 0.434375 0.722266 0.434375
0 0.764062 0.418229 0.783203 0.418229 0.783203 0.439062 0.764062 0.439062
0 0.748828 0.454688 0.773047 0.454688 0.773047 0.478646 0.748828 0.478646
0 0.70625 0.475 0.721875 0.475 0.721875 0.497917 0.70625 0.497917
0 0.711328 0.50625 0.727734 0.50625 0.727734 0.530729 0.711328 0.530729
0 0.652734 0.509375 0.672266 0.509375 0.672266 0.530729 0.652734 0.530729
0 0.592969 0.497396 0.614844 0.497396 0.614844 0.518229 0.592969 0.518229
0 0.468359 0.534375 0.484766 0.534375 0.484766 0.554688 0.468359 0.554688
0 0.499219 0.536458 0.516016 0.536458 0.516016 0.559896 0.499219 0.559896
0 0.530859 0.5375 0.546094 0.5375 0.546094 0.565625 0.530859 0.565625
0 0.563672 0.525 0.579688 0.525 0.579688 0.551042 0.563672 0.551042
0 0.496094 0.571354 0.511328 0.571354 0.511328 0.592708 0.496094 0.592708
0 0.534375 0.580208 0.553516 0.580208 0.553516 0.602083 0.534375 0.602083
0 0.589844 0.589583 0.610938 0.589583 0.610938 0.609896 0.589844 0.609896
0 0.604297 0.548438 0.626562 0.548438 0.626562 0.567188 0.604297 0.567188
0 0.428906 0.565104 0.444922 0.565104 0.444922 0.592708 0.428906 0.592708
0 0.457422 0.575 0.474219 0.575 0.474219 0.603125 0.457422 0.603125
0 0.478906 0.599479 0.495312 0.599479 0.495312 0.625 0.478906 0.625
0 0.502734 0.622396 0.520703 0.622396 0.520703 0.647917 0.502734 0.647917
0 0.553516 0.609896 0.572656 0.609896 0.572656 0.639062 0.553516 0.639062
0 0.573828 0.648958 0.591797 0.648958 0.591797 0.671354 0.573828 0.671354
0 0.610547 0.619792 0.630469 0.619792 0.630469 0.638542 0.610547 0.638542
0 0.607031 0.65 0.628516 0.65 0.628516 0.669792 0.607031 0.669792
0 0.647266 0.6125 0.665234 0.6125 0.665234 0.632292 0.647266 0.632292
0 0.653516 0.672396 0.66875 0.672396 0.66875 0.693229 0.653516 0.693229
0 0.669141 0.645312 0.686719 0.645312 0.686719 0.660417 0.669141 0.660417
0 0.678125 0.600521 0.7 0.600521 0.7 0.623438 0.678125 0.623438
0 0.663281 0.561979 0.686328 0.561979 0.686328 0.585417 0.663281 0.585417
0 0.687891 0.539062 0.707422 0.539062 0.707422 0.565104 0.687891 0.565104
0 0.703516 0.580208 0.728516 0.580208 0.728516 0.604688 0.703516 0.604688
0 0.350391 0.592188 0.36875 0.592188 0.36875 0.616146 0.350391 0.616146
0 0.355859 0.629167 0.370703 0.629167 0.370703 0.653125 0.355859 0.653125
0 0.375781 0.680208 0.39375 0.680208 0.39375 0.698438 0.375781 0.698438
0 0.375781 0.717188 0.392969 0.717188 0.392969 0.740104 0.375781 0.740104
0 0.357422 0.721875 0.373828 0.721875 0.373828 0.745312 0.357422 0.745312
0 0.242578 0.567188 0.265625 0.567188 0.265625 0.5875 0.242578 0.5875
0 0.278516 0.564583 0.299609 0.564583 0.299609 0.584375 0.278516 0.584375
0 0.272656 0.599479 0.292969 0.599479 0.292969 0.621875 0.272656 0.621875
0 0.307031 0.607292 0.322266 0.607292 0.322266 0.630729 0.307031 0.630729
0 0.256641 0.634896 0.271094 0.634896 0.271094 0.661979 0.256641 0.661979
0 0.229688 0.611979 0.246875 0.611979 0.246875 0.633333 0.229688 0.633333
0 0.207422 0.616667 0.220312 0.616667 0.220312 0.641146 0.207422 0.641146
0 0.225 0.653646 0.241016 0.653646 0.241016 0.68125 0.225 0.68125
0 0.327344 0.654167 0.344141 0.654167 0.344141 0.683333 0.327344 0.683333
0 0.1875 0.653646 0.205469 0.653646 0.205469 0.679688 0.1875 0.679688
0 0.251563 0.70625 0.273047 0.70625 0.273047 0.740104 0.251563 0.740104
0 0.291016 0.699479 0.312891 0.699479 0.312891 0.71875 0.291016 0.71875
0 0.295312 0.659375 0.315234 0.659375 0.315234 0.68125 0.295312 0.68125
0 0.330469 0.709896 0.345312 0.709896 0.345312 0.733854 0.330469 0.733854
0 0.927734 0.233854 0.941797 0.233854 0.941797 0.259375 0.927734 0.259375
0 0.932422 0.275 0.953906 0.275 0.953906 0.307292 0.932422 0.307292
0 0.909375 0.296354 0.938672 0.296354 0.938672 0.325 0.909375 0.325
0 0.969141 0.266146 0.986328 0.266146 0.986328 0.294792 0.969141 0.294792
0 0.9625 0.324479 0.983594 0.324479 0.983594 0.353646 0.9625 0.353646
0 0.923438 0.349479 0.939453 0.349479 0.939453 0.38125 0.923438 0.38125
0 0.8875 0.369271 0.913672 0.369271 0.913672 0.390104 0.8875 0.390104
0 0.894531 0.411979 0.915234 0.411979 0.915234 0.439062 0.894531 0.439062
0 0.950391 0.124479 0.967188 0.124479 0.967188 0.144792 0.950391 0.144792
0 0.943359 0.154688 0.964453 0.154688 0.964453 0.176562 0.943359 0.176562
0 0.983594 0.157812 0.996484 0.157812 0.996484 0.183333 0.983594 0.183333
0 0.952734 0.220312 0.971484 0.220312 0.971484 0.238021 0.952734 0.238021
0 0.8 0.422396 0.81875 0.422396 0.81875 0.440625 0.8 0.440625
0 0.865234 0.422917 0.883203 0.422917 0.883203 0.440625 0.865234 0.440625
0 0.803516 0.464583 0.823047 0.464583 0.823047 0.484375 0.803516 0.484375
0 0.839453 0.477083 0.858984 0.477083 0.858984 0.495833 0.839453 0.495833
0 0.883203 0.457812 0.908594 0.457812 0.908594 0.48125 0.883203 0.48125
0 0.828125 0.428646 0.846875 0.428646 0.846875 0.461458 0.828125 0.461458
0 0.802734 0.529688 0.820312 0.529688 0.820312 0.547396 0.802734 0.547396
0 0.816016 0.556771 0.835938 0.556771 0.835938 0.576042 0.816016 0.576042
0 0.842578 0.522917 0.860938 0.522917 0.860938 0.540625 0.842578 0.540625
0 0.760938 0.565625 0.783594 0.565625 0.783594 0.588542 0.760938 0.588542
0 0.786719 0.602083 0.806641 0.602083 0.806641 0.625521 0.786719 0.625521
0 0.771875 0.622917 0.79375 0.622917 0.79375 0.647396 0.771875 0.647396
0 0.8 0.651042 0.821484 0.651042 0.821484 0.671875 0.8 0.671875
0 0.743359 0.532292 0.763672 0.532292 0.763672 0.556771 0.743359 0.556771
0 0.757031 0.499479 0.775391 0.499479 0.775391 0.516146 0.757031 0.516146
0 0.926562 0.696354 0.944141 0.696354 0.944141 0.721875 0.926562 0.721875
0 0.902734 0.716146 0.91875 0.716146 0.91875 0.744792 0.902734 0.744792
0 0.921875 0.757292 0.944141 0.757292 0.944141 0.778125 0.921875 0.778125
0 0.965234 0.757292 0.980078 0.757292 0.980078 0.783854 0.965234 0.783854
0 0.943359 0.788021 0.963672 0.788021 0.963672 0.816146 0.943359 0.816146
0 0.904688 0.826042 0.928516 0.826042 0.928516 0.849479 0.904688 0.849479
0 0.728125 0.623438 0.748828 0.623438 0.748828 0.649479 0.728125 0.649479
0 0.744531 0.595312 0.761719 0.595312 0.761719 0.616146 0.744531 0.616146
0 0.750391 0.666146 0.766797 0.666146 0.766797 0.688542 0.750391 0.688542
0 0.780859 0.669271 0.798438 0.669271 0.798438 0.701562 0.780859 0.701562
0 0.710547 0.657292 0.727734 0.657292 0.727734 0.683333 0.710547 0.683333
0 0.680469 0.675521 0.699609 0.675521 0.699609 0.695312 0.680469 0.695312
0 0.740234 0.725521 0.761719 0.725521 0.761719 0.746354 0.740234 0.746354
0 0.733203 0.772917 0.752734 0.772917 0.752734 0.791667 0.733203 0.791667
0 0.869531 0.789062 0.886328 0.789062 0.886328 0.815625 0.869531 0.815625
0 0.869141 0.743229 0.887109 0.743229 0.887109 0.776042 0.869141 0.776042
0 0.885547 0.698958 0.903516 0.698958 0.903516 0.725521 0.885547 0.725521
0 0.821875 0.802083 0.839844 0.802083 0.839844 0.822917 0.821875 0.822917
0 0.796094 0.815104 0.811719 0.815104 0.811719 0.835417 0.796094 0.835417
0 0.801953 0.844792 0.823438 0.844792 0.823438 0.864062 0.801953 0.864062
0 0.838672 0.847396 0.855859 0.847396 0.855859 0.8625 0.838672 0.8625
0 0.863672 0.829688 0.878125 0.829688 0.878125 0.852604 0.863672 0.852604
0 0.889453 0.878125 0.904688 0.878125 0.904688 0.899479 0.889453 0.899479
0 0.949609 0.676562 0.966406 0.676562 0.966406 0.691667 0.949609 0.691667
0 0.951953 0.7125 0.970312 0.7125 0.970312 0.733333 0.951953 0.733333
0 0.896875 0.790625 0.908203 0.790625 0.908203 0.813542 0.896875 0.813542
0 0.973438 0.834896 0.989844 0.834896 0.989844 0.854688 0.973438 0.854688
0 0.951953 0.914583 0.966797 0.914583 0.966797 0.934375 0.951953 0.934375
0 0.967578 0.942708 0.988672 0.942708 0.988672 0.964062 0.967578 0.964062
0 0.952734 0.9625 0.967578 0.9625 0.967578 0.9875 0.952734 0.9875
0 0.983203 0.976042 0.998438 0.976042 0.998438 0.996354 0.983203 0.996354
0 0.926172 0.973438 0.942188 0.973438 0.942188 0.99375 0.926172 0.99375
0 0.908984 0.929167 0.922266 0.929167 0.922266 0.957292 0.908984 0.957292
0 0.880859 0.911979 0.895703 0.911979 0.895703 0.93125 0.880859 0.93125
0 0.878516 0.945312 0.895312 0.945312 0.895312 0.971875 0.878516 0.971875
0 0.854688 0.931771 0.869141 0.931771 0.869141 0.955729 0.854688 0.955729
0 0.828906 0.921875 0.846875 0.921875 0.846875 0.944271 0.828906 0.944271
0 0.842969 0.880208 0.8625 0.880208 0.8625 0.897917 0.842969 0.897917
0 0.807422 0.876562 0.825 0.876562 0.825 0.895833 0.807422 0.895833
0 0.780078 0.911979 0.799219 0.911979 0.799219 0.932812 0.780078 0.932812
0 0.75625 0.940625 0.770703 0.940625 0.770703 0.961979 0.75625 0.961979
0 0.757812 0.865104 0.773828 0.865104 0.773828 0.889583 0.757812 0.889583
0 0.746484 0.906771 0.760938 0.906771 0.760938 0.928646 0.746484 0.928646
0 0.710547 0.935417 0.725391 0.935417 0.725391 0.9625 0.710547 0.9625
0 0.753516 0.977604 0.774219 0.977604 0.774219 0.999479 0.753516 0.999479
0 0.632812 0.896875 0.651562 0.896875 0.651562 0.915625 0.632812 0.915625
0 0.620703 0.864062 0.642578 0.864062 0.642578 0.8875 0.620703 0.8875
0 0.625391 0.829688 0.648047 0.829688 0.648047 0.848438 0.625391 0.848438
0 0.666797 0.809375 0.691016 0.809375 0.691016 0.825521 0.666797 0.825521
0 0.703906 0.770833 0.715625 0.770833 0.715625 0.797396 0.703906 0.797396
0 0.663281 0.753125 0.681641 0.753125 0.681641 0.771875 0.663281 0.771875
0 0.671875 0.978646 0.690234 0.978646 0.690234 0.999479 0.671875 0.999479
0 0.799609 0.952604 0.812891 0.952604 0.812891 0.980208 0.799609 0.980208
0 0.16875 0.576042 0.189062 0.576042 0.189062 0.600521 0.16875 0.600521
0 0.148828 0.600521 0.166797 0.600521 0.166797 0.620312 0.148828 0.620312
0 0.120312 0.577604 0.135938 0.577604 0.135938 0.593229 0.120312 0.593229
0 0.139062 0.639062 0.157031 0.639062 0.157031 0.655208 0.139062 0.655208
0 0.098438 0.636979 0.117578 0.636979 0.117578 0.65625 0.098438 0.65625
0 0.238281 0.532292 0.258594 0.532292 0.258594 0.55625 0.238281 0.55625
0 0.199219 0.702083 0.208203 0.702083 0.208203 0.727083 0.199219 0.727083
0 0.226172 0.695833 0.238672 0.695833 0.238672 0.719271 0.226172 0.719271
0 0.201953 0.746354 0.230469 0.746354 0.230469 0.769792 0.201953 0.769792
0 0.241016 0.763021 0.254297 0.763021 0.254297 0.794271 0.241016 0.794271
0 0.271484 0.747917 0.289844 0.747917 0.289844 0.763542 0.271484 0.763542
0 0.324609 0.754167 0.346094 0.754167 0.346094 0.771354 0.324609 0.771354
0 0.371094 0.766667 0.391016 0.766667 0.391016 0.790104 0.371094 0.790104
0 0.494922 0.699479 0.513672 0.699479 0.513672 0.719271 0.494922 0.719271
0 0.490625 0.742708 0.508203 0.742708 0.508203 0.759896 0.490625 0.759896
0 0.485156 0.786979 0.504297 0.786979 0.504297 0.805729 0.485156 0.805729
0 0.632031 0.685938 0.645312 0.685938 0.645312 0.709375 0.632031 0.709375
0 0.607812 0.69375 0.624609 0.69375 0.624609 0.713542 0.607812 0.713542
0 0.562109 0.680729 0.58125 0.680729 0.58125 0.703646 0.562109 0.703646
0 0.535547 0.690625 0.551172 0.690625 0.551172 0.70625 0.535547 0.70625
0 0.548828 0.715104 0.567188 0.715104 0.567188 0.731771 0.548828 0.731771
0 0.577344 0.731771 0.6 0.731771 0.6 0.75 0.577344 0.75
0 0.619922 0.741667 0.641797 0.741667 0.641797 0.763542 0.619922 0.763542
0 0.645703 0.717708 0.665625 0.717708 0.665625 0.739583 0.645703 0.739583
0 0.669141 0.718229 0.691016 0.718229 0.691016 0.741667 0.669141 0.741667
0 0.613672 0.783333 0.635547 0.783333 0.635547 0.805729 0.613672 0.805729
0 0.577734 0.793229 0.6 0.793229 0.6 0.815104 0.577734 0.815104
0 0.521484 0.745833 0.543359 0.745833 0.543359 0.766146 0.521484 0.766146
0 0.547656 0.769792 0.563672 0.769792 0.563672 0.79375 0.547656 0.79375
0 0.517969 0.797396 0.534766 0.797396 0.534766 0.819792 0.517969 0.819792
0 0.573828 0.960417 0.59375 0.960417 0.59375 0.980208 0.573828 0.980208
0 0.542578 0.961979 0.5625 0.961979 0.5625 0.979688 0.542578 0.979688
0 0.528516 0.933854 0.546484 0.933854 0.546484 0.958854 0.528516 0.958854
0 0.558594 0.922917 0.578125 0.922917 0.578125 0.940625 0.558594 0.940625
0 0.596875 0.919271 0.621484 0.919271 0.621484 0.938021 0.596875 0.938021
0 0.572656 0.905729 0.592188 0.905729 0.592188 0.923438 0.572656 0.923438
0 0.570703 0.869792 0.590234 0.869792 0.590234 0.892708 0.570703 0.892708
0 0.596875 0.839583 0.614844 0.839583 0.614844 0.861979 0.596875 0.861979
0 0.567578 0.835938 0.582031 0.835938 0.582031 0.854688 0.567578 0.854688
0 0.537891 0.835938 0.557812 0.835938 0.557812 0.85625 0.537891 0.85625
0 0.541016 0.891667 0.557031 0.891667 0.557031 0.917708 0.541016 0.917708
0 0.504297 0.905208 0.522656 0.905208 0.522656 0.931771 0.504297 0.931771
0 0.483203 0.869792 0.507812 0.869792 0.507812 0.89375 0.483203 0.89375
0 0.500781 0.833854 0.521875 0.833854 0.521875 0.859375 0.500781 0.859375
0 0.475391 0.814062 0.492188 0.814062 0.492188 0.833333 0.475391 0.833333
0 0.226172 0.800521 0.241406 0.800521 0.241406 0.823958 0.226172 0.823958
0 0.260938 0.792188 0.277344 0.792188 0.277344 0.814583 0.260938 0.814583
0 0.325 0.784896 0.345703 0.784896 0.345703 0.805729 0.325 0.805729
0 0.3625 0.798958 0.382031 0.798958 0.382031 0.821354 0.3625 0.821354
0 0.341406 0.817188 0.357812 0.817188 0.357812 0.839062 0.341406 0.839062
0 0.30625 0.825521 0.319531 0.825521 0.319531 0.850521 0.30625 0.850521
0 0.336719 0.848958 0.363281 0.848958 0.363281 0.872396 0.336719 0.872396
0 0.316406 0.865625 0.333203 0.865625 0.333203 0.886458 0.316406 0.886458
0 0.267969 0.854688 0.287891 0.854688 0.287891 0.875521 0.267969 0.875521
0 0.251172 0.821875 0.267578 0.821875 0.267578 0.846875 0.251172 0.846875
0 0.359766 0.963542 0.376953 0.963542 0.376953 0.988021 0.359766 0.988021
0 0.379297 0.921875 0.394531 0.921875 0.394531 0.953125 0.379297 0.953125
0 0.357812 0.890625 0.375391 0.890625 0.375391 0.910417 0.357812 0.910417
0 0.330859 0.921875 0.348438 0.921875 0.348438 0.945312 0.330859 0.945312
0 0.30625 0.915104 0.322266 0.915104 0.322266 0.938021 0.30625 0.938021
0 0.278906 0.884896 0.298047 0.884896 0.298047 0.904167 0.278906 0.904167
0 0.332031 0.952083 0.352344 0.952083 0.352344 0.978646 0.332031 0.978646
0 0.262891 0.938021 0.280859 0.938021 0.280859 0.958854 0.262891 0.958854
0 0.292188 0.959896 0.3125 0.959896 0.3125 0.977604 0.292188 0.977604
0 0.257031 0.978646 0.278516 0.978646 0.278516 0.999479 0.257031 0.999479
0 0.235156 0.915625 0.249219 0.915625 0.249219 0.940625 0.235156 0.940625
0 0.189844 0.910417 0.209375 0.910417 0.209375 0.928646 0.189844 0.928646
0 0.207812 0.936458 0.225391 0.936458 0.225391 0.958333 0.207812 0.958333
0 0.189062 0.970833 0.207812 0.970833 0.207812 0.994271 0.189062 0.994271
0 0.151172 0.911979 0.164844 0.911979 0.164844 0.940104 0.151172 0.940104
0 0.192188 0.864583 0.207422 0.864583 0.207422 0.882292 0.192188 0.882292
0 0.226953 0.861458 0.246094 0.861458 0.246094 0.88125 0.226953 0.88125
0 0.219141 0.9 0.235156 0.9 0.235156 0.919271 0.219141 0.919271
0 0.154297 0.878125 0.169922 0.878125 0.169922 0.898958 0.154297 0.898958
0 0.146484 0.819792 0.167188 0.819792 0.167188 0.848438 0.146484 0.848438
0 0.185547 0.817708 0.210156 0.817708 0.210156 0.845833 0.185547 0.845833
0 0.096484 0.595312 0.120312 0.595312 0.120312 0.624479 0.096484 0.624479
0 0.01875 0.669792 0.036719 0.669792 0.036719 0.690104 0.01875 0.690104
0 0.034375 0.7 0.046875 0.7 0.046875 0.728646 0.034375 0.728646
0 0.059375 0.715104 0.071875 0.715104 0.071875 0.746354 0.059375 0.746354
0 0.094922 0.718229 0.116406 0.718229 0.116406 0.748958 0.094922 0.748958
0 0.083984 0.791146 0.108594 0.791146 0.108594 0.816146 0.083984 0.816146
0 0.163281 0.66875 0.175781 0.66875 0.175781 0.69375 0.163281 0.69375
0 0.077734 0.670833 0.095312 0.670833 0.095312 0.688021 0.077734 0.688021
0 0.107422 0.955729 0.125781 0.955729 0.125781 0.978125 0.107422 0.978125
0 0.073047 0.961979 0.088281 0.961979 0.088281 0.986979 0.073047 0.986979
0 0.042969 0.951562 0.059766 0.951562 0.059766 0.979688 0.042969 0.979688
0 0.015625 0.963021 0.030078 0.963021 0.030078 0.9875 0.015625 0.9875
0 0.040625 0.90625 0.053125 0.90625 0.053125 0.938542 0.040625 0.938542
0 0.077734 0.908333 0.089844 0.908333 0.089844 0.9375 0.077734 0.9375
0 0.027734 0.78125 0.04375 0.78125 0.04375 0.809375 0.027734 0.809375
0 0.005859 0.835938 0.021484 0.835938 0.021484 0.859375 0.005859 0.859375
0 0.080859 0.844792 0.097266 0.844792 0.097266 0.872917 0.080859 0.872917
0 0.114062 0.874479 0.139062 0.874479 0.139062 0.898958 0.114062 0.898958
0 0.138672 0.760417 0.153516 0.760417 0.153516 0.7875 0.138672 0.7875
0 0.079688 0.753646 0.092969 0.753646 0.092969 0.775521 0.079688 0.775521