0 0.049609 0.097917 0.068359 0.097917 0.068359 0.128125 0.049609 0.128125
0 0.069922 0.128646 0.089844 0.128646 0.089844 0.149479 0.069922 0.149479
0 0.065234 0.154688 0.086719 0.154688 0.086719 0.180208 0.065234 0.180208
0 0.041016 0.180208 0.066797 0.180208 0.066797 0.205729 0.041016 0.205729
0 0.028516 0.139583 0.044531 0.139583 0.044531 0.160938 0.028516 0.160938
0 0.002734 0.1625 0.021875 0.1625 0.021875 0.188021 0.002734 0.188021
0 0.016016 0.213021 0.040234 0.213021 0.040234 0.238021 0.016016 0.238021
0 0.04375 0.25 0.067969 0.25 0.067969 0.275 0.04375 0.275
0 0.0 0.239062 0.0125 0.239062 0.0125 0.272917 0.0 0.272917
0 0.039844 0.288021 0.063672 0.288021 0.063672 0.3125 0.039844 0.3125
0 0.070703 0.275521 0.091797 0.275521 0.091797 0.297396 0.070703 0.297396
0 0.003906 0.319792 0.025781 0.319792 0.025781 0.34375 0.003906 0.34375
0 0.076172 0.314583 0.097656 0.314583 0.097656 0.336979 0.076172 0.336979
0 0.037891 0.367708 0.05625 0.367708 0.05625 0.398958 0.037891 0.398958
0 0.051953 0.400521 0.074219 0.400521 0.074219 0.423958 0.051953 0.423958
0 0.054688 0.4375 0.08125 0.4375 0.08125 0.460938 0.054688 0.460938
0 0.016406 0.482292 0.041016 0.482292 0.041016 0.506771 0.016406 0.506771
0 0.092578 0.494271 0.108203 0.494271 0.108203 0.518229 0.092578 0.518229
0 0.026562 0.5375 0.042969 0.5375 0.042969 0.56875 0.026562 0.56875
0 0.048828 0.527083 0.067578 0.527083 0.067578 0.55625 0.048828 0.55625
0 0.046484 0.573438 0.067969 0.573438 0.067969 0.602604 0.046484 0.602604
0 0.075781 0.588021 0.092578 0.588021 0.092578 0.617708 0.075781 0.617708
0 0.042578 0.620833 0.059766 0.620833 0.059766 0.640104 0.042578 0.640104
0 0.0 0.69375 0.020312 0.69375 0.020312 0.722396 0.0 0.722396
0 0.055469 0.673438 0.070312 0.673438 0.070312 0.69375 0.055469 0.69375
0 0.023438 0.675521 0.039453 0.675521 0.039453 0.695312 0.023438 0.695312
0 0.002734 0.740625 0.021094 0.740625 0.021094 0.765625 0.002734 0.765625
0 0.035156 0.726042 0.05 0.726042 0.05 0.753125 0.035156 0.753125
0 0.0 0.818229 0.020312 0.818229 0.020312 0.841146 0.0 0.841146
0 0.012891 0.780729 0.032812 0.780729 0.032812 0.808854 0.012891 0.808854
0 0.083984 0.971875 0.100781 0.971875 0.100781 0.992188 0.083984 0.992188
0 0.169141 0.929167 0.189844 0.929167 0.189844 0.953646 0.169141 0.953646
0 0.156641 0.95625 0.174609 0.95625 0.174609 0.986979 0.156641 0.986979
0 0.185547 0.977604 0.205078 0.977604 0.205078 0.999479 0.185547 0.999479
0 0.121875 0.978646 0.140625 0.978646 0.140625 0.999479 0.121875 0.999479
0 0.1125 0.0 0.137109 0.0 0.137109 0.014583 0.1125 0.014583
0 0.160938 0.0125 0.189062 0.0125 0.189062 0.034896 0.160938 0.034896
0 0.135938 0.034896 0.157031 0.034896 0.157031 0.057292 0.135938 0.057292
0 0.184766 0.055729 0.202344 0.055729 0.202344 0.079688 0.184766 0.079688
0 0.189453 0.0 0.214844 0.0 0.214844 0.013021 0.189453 0.013021
0 0.213672 0.048438 0.238672 0.048438 0.238672 0.072396 0.213672 0.072396
0 0.149219 0.090104 0.173828 0.090104 0.173828 0.109375 0.149219 0.109375
0 0.1875 0.101562 0.209766 0.101562 0.209766 0.128646 0.1875 0.128646
0 0.219922 0.120833 0.237891 0.120833 0.237891 0.154167 0.219922 0.154167
0 0.173438 0.136979 0.191797 0.136979 0.191797 0.160938 0.173438 0.160938
0 0.143359 0.111458 0.161719 0.111458 0.161719 0.134896 0.143359 0.134896
0 0.236719 0.077604 0.257812 0.077604 0.257812 0.104688 0.236719 0.104688
0 0.267969 0.080729 0.287891 0.080729 0.287891 0.1125 0.267969 0.1125
0 0.238672 0.023438 0.257422 0.023438 0.257422 0.044792 0.238672 0.044792
0 0.275 0.03125 0.296484 0.03125 0.296484 0.055208 0.275 0.055208
0 0.221094 0.161458 0.237109 0.161458 0.237109 0.191667 0.221094 0.191667
0 0.258203 0.153646 0.276953 0.153646 0.276953 0.184896 0.258203 0.184896
0 0.295703 0.144271 0.318359 0.144271 0.318359 0.166667 0.295703 0.166667
0 0.289453 0.182812 0.312109 0.182812 0.312109 0.207292 0.289453 0.207292
0 0.245703 0.210417 0.264453 0.210417 0.264453 0.236979 0.245703 0.236979
0 0.161719 0.165104 0.177344 0.165104 0.177344 0.190104 0.161719 0.190104
0 0.192969 0.183333 0.2125 0.183333 0.2125 0.213542 0.192969 0.213542
0 0.278516 0.226042 0.304297 0.226042 0.304297 0.251042 0.278516 0.251042
0 0.325781 0.211979 0.348828 0.211979 0.348828 0.236458 0.325781 0.236458
0 0.224219 0.352604 0.244141 0.352604 0.244141 0.377604 0.224219 0.377604
0 0.245312 0.340104 0.270312 0.340104 0.270312 0.357292 0.245312 0.357292
0 0.259375 0.370312 0.284375 0.370312 0.284375 0.392708 0.259375 0.392708
0 0.291797 0.338021 0.317188 0.338021 0.317188 0.357812 0.291797 0.357812
0 0.279688 0.314062 0.298828 0.314062 0.298828 0.339583 0.279688 0.339583
0 0.355469 0.341667 0.376953 0.341667 0.376953 0.3625 0.355469 0.3625
0 0.367969 0.29375 0.391406 0.29375 0.391406 0.314062 0.367969 0.314062
0 0.426562 0.289583 0.44375 0.289583 0.44375 0.315625 0.426562 0.315625
0 0.394922 0.317188 0.416016 0.317188 0.416016 0.338542 0.394922 0.338542
0 0.428516 0.33125 0.446875 0.33125 0.446875 0.363542 0.428516 0.363542
0 0.391406 0.347917 0.412109 0.347917 0.412109 0.377083 0.391406 0.377083
0 0.4 0.386979 0.424219 0.386979 0.424219 0.409896 0.4 0.409896
0 0.453516 0.365625 0.476562 0.365625 0.476562 0.396354 0.453516 0.396354
0 0.484375 0.382292 0.501562 0.382292 0.501562 0.4125 0.484375 0.4125
0 0.505859 0.358333 0.53125 0.358333 0.53125 0.383333 0.505859 0.383333
0 0.519922 0.4125 0.541016 0.4125 0.541016 0.434896 0.519922 0.434896
0 0.239062 0.4 0.263281 0.4 0.263281 0.420833 0.239062 0.420833
0 0.312109 0.382292 0.334766 0.382292 0.334766 0.408854 0.312109 0.408854
0 0.312109 0.353125 0.336328 0.353125 0.336328 0.375 0.312109 0.375
0 0.359375 0.397396 0.377344 0.397396 0.377344 0.432292 0.359375 0.432292
0 0.377344 0.4625 0.394922 0.4625 0.394922 0.497396 0.377344 0.497396
0 0.409766 0.432292 0.434766 0.432292 0.434766 0.457812 0.409766 0.457812
0 0.431641 0.471875 0.455469 0.471875 0.455469 0.497396 0.431641 0.497396
0 0.455469 0.439062 0.473828 0.439062 0.473828 0.46875 0.455469 0.46875
0 0.481641 0.445833 0.499219 0.445833 0.499219 0.471354 0.481641 0.471354
0 0.515625 0.446875 0.535156 0.446875 0.535156 0.46875 0.515625 0.46875
0 0.521875 0.488021 0.539453 0.488021 0.539453 0.5125 0.521875 0.5125
0 0.476562 0.491667 0.503125 0.491667 0.503125 0.516667 0.476562 0.516667
0 0.326172 0.422396 0.343359 0.422396 0.343359 0.453125 0.326172 0.453125
0 0.348828 0.454688 0.367969 0.454688 0.367969 0.478125 0.348828 0.478125
0 0.296484 0.405208 0.314453 0.405208 0.314453 0.436979 0.296484 0.436979
0 0.266016 0.425 0.286719 0.425 0.286719 0.446354 0.266016 0.446354
0 0.232812 0.424479 0.253125 0.424479 0.253125 0.444792 0.232812 0.444792
0 0.222656 0.496354 0.245312 0.496354 0.245312 0.523438 0.222656 0.523438
0 0.207422 0.526562 0.230469 0.526562 0.230469 0.552083 0.207422 0.552083
0 0.290234 0.5625 0.310156 0.5625 0.310156 0.590625 0.290234 0.590625
0 0.322266 0.59375 0.342578 0.59375 0.342578 0.622917 0.322266 0.622917
0 0.35625 0.608854 0.380469 0.608854 0.380469 0.628646 0.35625 0.628646
0 0.357422 0.580729 0.378125 0.580729 0.378125 0.601042 0.357422 0.601042
0 0.257422 0.559375 0.279688 0.559375 0.279688 0.585417 0.257422 0.585417
0 0.2125 0.572917 0.231641 0.572917 0.231641 0.596875 0.2125 0.596875
0 0.25 0.614583 0.276562 0.614583 0.276562 0.638021 0.25 0.638021
0 0.18125 0.639062 0.199219 0.639062 0.199219 0.664583 0.18125 0.664583
0 0.192578 0.675 0.2125 0.675 0.2125 0.696354 0.192578 0.696354
0 0.230078 0.660417 0.246484 0.660417 0.246484 0.688021 0.230078 0.688021
0 0.275 0.666667 0.295312 0.666667 0.295312 0.69375 0.275 0.69375
0 0.182422 0.744792 0.197266 0.744792 0.197266 0.769792 0.182422 0.769792
0 0.185547 0.773438 0.205078 0.773438 0.205078 0.79375 0.185547 0.79375
0 0.228516 0.764062 0.243359 0.764062 0.243359 0.791667 0.228516 0.791667
0 0.252734 0.742708 0.275 0.742708 0.275 0.768229 0.252734 0.768229
0 0.228906 0.727083 0.249609 0.727083 0.249609 0.755208 0.228906 0.755208
0 0.203516 0.720312 0.221484 0.720312 0.221484 0.745833 0.203516 0.745833
0 0.291016 0.709896 0.314453 0.709896 0.314453 0.73125 0.291016 0.73125
0 0.263672 0.774479 0.279688 0.774479 0.279688 0.8 0.263672 0.8
0 0.284375 0.788021 0.300391 0.788021 0.300391 0.817188 0.284375 0.817188
0 0.330469 0.769792 0.35 0.769792 0.35 0.796875 0.330469 0.796875
0 0.321875 0.805729 0.340625 0.805729 0.340625 0.828125 0.321875 0.828125
0 0.214844 0.840104 0.230078 0.840104 0.230078 0.867188 0.214844 0.867188
0 0.238281 0.849479 0.258594 0.849479 0.258594 0.873958 0.238281 0.873958
0 0.251563 0.875521 0.269922 0.875521 0.269922 0.89375 0.251563 0.89375
0 0.299609 0.81875 0.320312 0.81875 0.320312 0.845833 0.299609 0.845833
0 0.329688 0.925 0.354688 0.925 0.354688 0.945833 0.329688 0.945833
0 0.367969 0.940625 0.387891 0.940625 0.387891 0.970312 0.367969 0.970312
0 0.335547 0.89375 0.358984 0.89375 0.358984 0.914583 0.335547 0.914583
0 0.376562 0.848438 0.396484 0.848438 0.396484 0.883854 0.376562 0.883854
0 0.421875 0.954167 0.441406 0.954167 0.441406 0.983333 0.421875 0.983333
0 0.400391 0.924479 0.424219 0.924479 0.424219 0.947917 0.400391 0.947917
0 0.446094 0.913021 0.46875 0.913021 0.46875 0.938542 0.446094 0.938542
0 0.410547 0.823438 0.426953 0.823438 0.426953 0.858333 0.410547 0.858333
0 0.399219 0.858333 0.416016 0.858333 0.416016 0.889583 0.399219 0.889583
0 0.4375 0.845312 0.457031 0.845312 0.457031 0.870312 0.4375 0.870312
0 0.465625 0.867708 0.485156 0.867708 0.485156 0.892708 0.465625 0.892708
0 0.509375 0.903646 0.524609 0.903646 0.524609 0.93125 0.509375 0.93125
0 0.484375 0.903125 0.502344 0.903125 0.502344 0.932292 0.484375 0.932292
0 0.522656 0.925521 0.545703 0.925521 0.545703 0.947917 0.522656 0.947917
0 0.489062 0.95 0.512109 0.95 0.512109 0.969792 0.489062 0.969792
0 0.507812 0.986458 0.524609 0.986458 0.524609 0.999479 0.507812 0.999479
0 0.549609 0.965104 0.565234 0.965104 0.565234 0.995833 0.549609 0.995833
0 0.445312 0.526042 0.466406 0.526042 0.466406 0.544271 0.445312 0.544271
0 0.492188 0.536979 0.513672 0.536979 0.513672 0.556771 0.492188 0.556771
0 0.320703 0.0875 0.336719 0.0875 0.336719 0.117708 0.320703 0.117708
0 0.352734 0.094271 0.369141 0.094271 0.369141 0.119792 0.352734 0.119792
0 0.36875 0.139583 0.385156 0.139583 0.385156 0.172917 0.36875 0.172917
0 0.391797 0.118229 0.409766 0.118229 0.409766 0.151562 0.391797 0.151562
0 0.415234 0.107812 0.432031 0.107812 0.432031 0.135417 0.415234 0.135417
0 0.451562 0.114062 0.476172 0.114062 0.476172 0.140104 0.451562 0.140104
0 0.414844 0.153646 0.435938 0.153646 0.435938 0.176562 0.414844 0.176562
0 0.434766 0.194792 0.45625 0.194792 0.45625 0.217708 0.434766 0.217708
0 0.474219 0.183854 0.498828 0.183854 0.498828 0.207292 0.474219 0.207292
0 0.427734 0.0 0.454297 0.0 0.454297 0.011979 0.427734 0.011979
0 0.408594 0.01875 0.433594 0.01875 0.433594 0.042708 0.408594 0.042708
0 0.439844 0.038542 0.460156 0.038542 0.460156 0.069792 0.439844 0.069792
0 0.467578 0.011458 0.483984 0.011458 0.483984 0.039062 0.467578 0.039062
0 0.487891 0.058333 0.506641 0.058333 0.506641 0.089062 0.487891 0.089062
0 0.454688 0.074479 0.473438 0.074479 0.473438 0.101562 0.454688 0.101562
0 0.482422 0.094271 0.501172 0.094271 0.501172 0.120312 0.482422 0.120312
0 0.5125 0.048438 0.530859 0.048438 0.530859 0.078125 0.5125 0.078125
0 0.547266 0.066667 0.562891 0.066667 0.562891 0.097396 0.547266 0.097396
0 0.541406 0.004167 0.561719 0.004167 0.561719 0.031771 0.541406 0.031771
0 0.569141 0.021354 0.590234 0.021354 0.590234 0.044271 0.569141 0.044271
0 0.635156 0.040104 0.653125 0.040104 0.653125 0.064583 0.635156 0.064583
0 0.657812 0.061458 0.673438 0.061458 0.673438 0.085938 0.657812 0.085938
0 0.681641 0.069792 0.701953 0.069792 0.701953 0.095833 0.681641 0.095833
0 0.633203 0.082812 0.653516 0.082812 0.653516 0.107292 0.633203 0.107292
0 0.70625 0.028646 0.724609 0.028646 0.724609 0.053646 0.70625 0.053646
0 0.737109 0.019792 0.760938 0.019792 0.760938 0.044792 0.737109 0.044792
0 0.673828 0.0 0.696875 0.0 0.696875 0.022917 0.673828 0.022917
0 0.751953 0.0 0.782031 0.0 0.782031 0.013021 0.751953 0.013021
0 0.718359 0.119792 0.740234 0.119792 0.740234 0.140104 0.718359 0.140104
0 0.746875 0.119792 0.760938 0.119792 0.760938 0.145312 0.746875 0.145312
0 0.774609 0.097917 0.794141 0.097917 0.794141 0.128646 0.774609 0.128646
0 0.838281 0.050521 0.854688 0.050521 0.854688 0.077604 0.838281 0.077604
0 0.793359 0.073438 0.814844 0.073438 0.814844 0.098438 0.793359 0.098438
0 0.914844 0.019792 0.932031 0.019792 0.932031 0.047396 0.914844 0.047396
0 0.951172 0.086979 0.969141 0.086979 0.969141 0.116146 0.951172 0.116146
0 0.977344 0.106771 0.999609 0.106771 0.999609 0.133854 0.977344 0.133854
0 0.958594 0.147917 0.979297 0.147917 0.979297 0.169271 0.958594 0.169271
0 0.594531 0.177604 0.612891 0.177604 0.612891 0.207812 0.594531 0.207812
0 0.623047 0.172396 0.641016 0.172396 0.641016 0.201562 0.623047 0.201562
0 0.664062 0.151562 0.685547 0.151562 0.685547 0.175 0.664062 0.175
0 0.672266 0.194792 0.698047 0.194792 0.698047 0.216667 0.672266 0.216667
0 0.650391 0.235417 0.676172 0.235417 0.676172 0.260417 0.650391 0.260417
0 0.691797 0.221875 0.714453 0.221875 0.714453 0.246354 0.691797 0.246354
0 0.722266 0.194271 0.739844 0.194271 0.739844 0.219792 0.722266 0.219792
0 0.685938 0.261979 0.709766 0.261979 0.709766 0.282292 0.685938 0.282292
0 0.747656 0.170833 0.76875 0.170833 0.76875 0.19375 0.747656 0.19375
0 0.759375 0.222396 0.780469 0.222396 0.780469 0.247396 0.759375 0.247396
0 0.811719 0.125 0.828906 0.125 0.828906 0.156771 0.811719 0.156771
0 0.844141 0.115625 0.865234 0.115625 0.865234 0.142708 0.844141 0.142708
0 0.977734 0.179167 0.996484 0.179167 0.996484 0.215625 0.977734 0.215625
0 0.872656 0.208854 0.892188 0.208854 0.892188 0.233854 0.872656 0.233854
0 0.905859 0.224479 0.925391 0.224479 0.925391 0.255208 0.905859 0.255208
0 0.934375 0.255208 0.958203 0.255208 0.958203 0.280729 0.934375 0.280729
0 0.868359 0.254688 0.893359 0.254688 0.893359 0.276562 0.868359 0.276562
0 0.8875 0.2875 0.90625 0.2875 0.90625 0.313542 0.8875 0.313542
0 0.922656 0.296875 0.944141 0.296875 0.944141 0.319271 0.922656 0.319271
0 0.982422 0.253125 0.999609 0.253125 0.999609 0.277083 0.982422 0.277083
0 0.605859 0.384896 0.621875 0.384896 0.621875 0.408333 0.605859 0.408333
0 0.632031 0.383854 0.65 0.383854 0.65 0.409375 0.632031 0.409375
0 0.691016 0.335417 0.708984 0.335417 0.708984 0.361458 0.691016 0.361458
0 0.638281 0.357292 0.660938 0.357292 0.660938 0.377604 0.638281 0.377604
0 0.694531 0.378646 0.716406 0.378646 0.716406 0.404167 0.694531 0.404167
0 0.666797 0.394792 0.688672 0.394792 0.688672 0.422917 0.666797 0.422917
0 0.611719 0.428125 0.626562 0.428125 0.626562 0.455208 0.611719 0.455208
0 0.641016 0.440625 0.662891 0.440625 0.662891 0.460938 0.641016 0.460938
0 0.670703 0.438542 0.691406 0.438542 0.691406 0.460417 0.670703 0.460417
0 0.754297 0.33125 0.778125 0.33125 0.778125 0.351562 0.754297 0.351562
0 0.734375 0.364062 0.756641 0.364062 0.756641 0.385417 0.734375 0.385417
0 0.802734 0.376562 0.820312 0.376562 0.820312 0.402604 0.802734 0.402604
0 0.843359 0.329688 0.864062 0.329688 0.864062 0.354167 0.843359 0.354167
0 0.865234 0.366146 0.883203 0.366146 0.883203 0.39375 0.865234 0.39375
0 0.894141 0.375 0.912891 0.375 0.912891 0.404688 0.894141 0.404688
0 0.939844 0.379167 0.957812 0.379167 0.957812 0.415625 0.939844 0.415625
0 0.914844 0.328125 0.934766 0.328125 0.934766 0.352604 0.914844 0.352604
0 0.963672 0.331771 0.989062 0.331771 0.989062 0.354167 0.963672 0.354167
0 0.971875 0.364583 0.996484 0.364583 0.996484 0.388021 0.971875 0.388021
0 0.966016 0.427604 0.986328 0.427604 0.986328 0.455208 0.966016 0.455208
0 0.974219 0.414583 0.994531 0.414583 0.994531 0.434896 0.974219 0.434896
0 0.920312 0.438542 0.940625 0.438542 0.940625 0.468229 0.920312 0.468229
0 0.895312 0.446875 0.915625 0.446875 0.915625 0.475 0.895312 0.475
0 0.878906 0.404167 0.896875 0.404167 0.896875 0.425521 0.878906 0.425521
0 0.842188 0.388542 0.860547 0.388542 0.860547 0.421875 0.842188 0.421875
0 0.842969 0.44375 0.865234 0.44375 0.865234 0.472396 0.842969 0.472396
0 0.807812 0.441146 0.827734 0.441146 0.827734 0.467188 0.807812 0.467188
0 0.770703 0.410938 0.791406 0.410938 0.791406 0.444792 0.770703 0.444792
0 0.729297 0.428646 0.748438 0.428646 0.748438 0.456771 0.729297 0.456771
0 0.747266 0.453125 0.765234 0.453125 0.765234 0.480729 0.747266 0.480729
0 0.689844 0.471354 0.709375 0.471354 0.709375 0.495833 0.689844 0.495833
0 0.702734 0.534375 0.723047 0.534375 0.723047 0.557292 0.702734 0.557292
0 0.691016 0.558333 0.710938 0.558333 0.710938 0.579688 0.691016 0.579688
0 0.795703 0.503125 0.816016 0.503125 0.816016 0.529167 0.795703 0.529167
0 0.804297 0.559375 0.820312 0.559375 0.820312 0.591667 0.804297 0.591667
0 0.849609 0.507292 0.874609 0.507292 0.874609 0.534375 0.849609 0.534375
0 0.876953 0.489062 0.894141 0.489062 0.894141 0.520312 0.876953 0.520312
0 0.914062 0.50625 0.931641 0.50625 0.931641 0.531771 0.914062 0.531771
0 0.866797 0.567708 0.885156 0.567708 0.885156 0.602604 0.866797 0.602604
0 0.946875 0.545833 0.974219 0.545833 0.974219 0.573438 0.946875 0.573438
0 0.896875 0.578646 0.915625 0.578646 0.915625 0.615625 0.896875 0.615625
0 0.796484 0.601562 0.814453 0.601562 0.814453 0.627083 0.796484 0.627083
0 0.823828 0.620312 0.845312 0.620312 0.845312 0.648438 0.823828 0.648438
0 0.860547 0.619792 0.877734 0.619792 0.877734 0.647917 0.860547 0.647917
0 0.876562 0.676042 0.897266 0.676042 0.897266 0.697917 0.876562 0.697917
0 0.441016 0.655208 0.458203 0.655208 0.458203 0.678646 0.441016 0.678646
0 0.475 0.667708 0.494531 0.667708 0.494531 0.695312 0.475 0.695312
0 0.507031 0.673438 0.524219 0.673438 0.524219 0.702604 0.507031 0.702604
0 0.516797 0.707292 0.539062 0.707292 0.539062 0.730208 0.516797 0.730208
0 0.472656 0.716146 0.493359 0.716146 0.493359 0.739062 0.472656 0.739062
0 0.44375 0.720833 0.465625 0.720833 0.465625 0.74375 0.44375 0.74375
0 0.551953 0.66875 0.569141 0.66875 0.569141 0.696354 0.551953 0.696354
0 0.58125 0.66875 0.608984 0.66875 0.608984 0.691667 0.58125 0.691667
0 0.547266 0.718229 0.571875 0.718229 0.571875 0.740104 0.547266 0.740104
0 0.591016 0.710938 0.616797 0.710938 0.616797 0.732812 0.591016 0.732812
0 0.588281 0.748438 0.603906 0.748438 0.603906 0.778125 0.588281 0.778125
0 0.582422 0.624479 0.601562 0.624479 0.601562 0.649479 0.582422 0.649479
0 0.693359 0.671354 0.710938 0.671354 0.710938 0.704688 0.693359 0.704688
0 0.727734 0.690625 0.745703 0.690625 0.745703 0.715104 0.727734 0.715104
0 0.738672 0.659896 0.758594 0.659896 0.758594 0.680729 0.738672 0.680729
0 0.763672 0.700521 0.782031 0.700521 0.782031 0.725521 0.763672 0.725521
0 0.698828 0.716667 0.716797 0.716667 0.716797 0.74375 0.698828 0.74375
0 0.725 0.73125 0.741406 0.73125 0.741406 0.760938 0.725 0.760938
0 0.799609 0.732812 0.816797 0.732812 0.816797 0.761979 0.799609 0.761979
0 0.827344 0.776042 0.85625 0.776042 0.85625 0.8 0.827344 0.8
0 0.766406 0.755729 0.791406 0.755729 0.791406 0.779167 0.766406 0.779167
0 0.801562 0.797917 0.823047 0.797917 0.823047 0.826562 0.801562 0.826562
0 0.759766 0.803646 0.779297 0.803646 0.779297 0.832292 0.759766 0.832292
0 0.669531 0.758333 0.690625 0.758333 0.690625 0.780729 0.669531 0.780729
0 0.720312 0.788021 0.741016 0.788021 0.741016 0.811979 0.720312 0.811979
0 0.727734 0.823438 0.752734 0.823438 0.752734 0.845312 0.727734 0.845312
0 0.446875 0.757292 0.471484 0.757292 0.471484 0.780208 0.446875 0.780208
0 0.480078 0.775521 0.504297 0.775521 0.504297 0.795833 0.480078 0.795833
0 0.510156 0.79375 0.530469 0.79375 0.530469 0.819271 0.510156 0.819271
0 0.455469 0.810938 0.475 0.810938 0.475 0.8375 0.455469 0.8375
0 0.545312 0.828125 0.565625 0.828125 0.565625 0.852083 0.545312 0.852083
0 0.533594 0.869792 0.557812 0.869792 0.557812 0.902604 0.533594 0.902604
0 0.583203 0.858333 0.601172 0.858333 0.601172 0.885417 0.583203 0.885417
0 0.591406 0.894792 0.609766 0.894792 0.609766 0.925 0.591406 0.925
0 0.619141 0.909896 0.636719 0.909896 0.636719 0.938542 0.619141 0.938542
0 0.684766 0.847917 0.704297 0.847917 0.704297 0.865104 0.684766 0.865104
0 0.721484 0.855729 0.744922 0.855729 0.744922 0.877083 0.721484 0.877083
0 0.735938 0.902604 0.75625 0.902604 0.75625 0.930729 0.735938 0.930729
0 0.778125 0.922396 0.8 0.922396 0.8 0.945312 0.778125 0.945312
0 0.673828 0.895312 0.694141 0.895312 0.694141 0.917708 0.673828 0.917708
0 0.644922 0.90625 0.663672 0.90625 0.663672 0.934896 0.644922 0.934896
0 0.695703 0.932292 0.716797 0.932292 0.716797 0.954688 0.695703 0.954688
0 0.689844 0.965625 0.712891 0.965625 0.712891 0.985417 0.689844 0.985417
0 0.723828 0.964583 0.738672 0.964583 0.738672 0.991146 0.723828 0.991146
0 0.797656 0.943229 0.816406 0.943229 0.816406 0.969271 0.797656 0.969271
0 0.78125 0.846875 0.801562 0.846875 0.801562 0.863021 0.78125 0.863021
0 0.796094 0.871354 0.818359 0.871354 0.818359 0.89375 0.796094 0.89375
0 0.657422 0.5125 0.680078 0.5125 0.680078 0.535938 0.657422 0.535938