0 0.010547 0.142188 0.032812 0.142188 0.032812 0.163542 0.010547 0.163542
0 0.032812 0.196875 0.053125 0.196875 0.053125 0.224479 0.032812 0.224479
0 0.065234 0.25 0.082812 0.25 0.082812 0.275521 0.065234 0.275521
0 0.214844 0.094792 0.235547 0.094792 0.235547 0.11875 0.214844 0.11875
0 0.242969 0.167708 0.264844 0.167708 0.264844 0.186979 0.242969 0.186979
0 0.274219 0.26875 0.289062 0.26875 0.289062 0.2875 0.274219 0.2875
0 0.270312 0.214583 0.284375 0.214583 0.284375 0.238021 0.270312 0.238021
0 0.298438 0.225521 0.316016 0.225521 0.316016 0.248958 0.298438 0.248958
0 0.329688 0.234375 0.345312 0.234375 0.345312 0.256771 0.329688 0.256771
0 0.401172 0.192188 0.423438 0.192188 0.423438 0.213542 0.401172 0.213542
0 0.404688 0.245312 0.426172 0.245312 0.426172 0.267708 0.404688 0.267708
0 0.444531 0.251563 0.464844 0.251563 0.464844 0.277604 0.444531 0.277604
0 0.419531 0.278646 0.441016 0.278646 0.441016 0.296354 0.419531 0.296354
0 0.414062 0.316146 0.437109 0.316146 0.437109 0.340625 0.414062 0.340625
0 0.447266 0.350521 0.470703 0.350521 0.470703 0.369271 0.447266 0.369271
0 0.431641 0.398958 0.45 0.398958 0.45 0.414583 0.431641 0.414583
0 0.401953 0.427083 0.422266 0.427083 0.422266 0.454167 0.401953 0.454167
0 0.44375 0.50625 0.457422 0.50625 0.457422 0.53125 0.44375 0.53125
0 0.437109 0.536979 0.451953 0.536979 0.451953 0.554688 0.437109 0.554688
0 0.041016 0.527083 0.057812 0.527083 0.057812 0.552604 0.041016 0.552604
0 0.016406 0.495312 0.035547 0.495312 0.035547 0.515104 0.016406 0.515104
0 0.085938 0.531771 0.113281 0.531771 0.113281 0.552604 0.085938 0.552604
0 0.118359 0.557292 0.134375 0.557292 0.134375 0.588021 0.118359 0.588021
0 0.003125 0.547917 0.022656 0.547917 0.022656 0.565625 0.003125 0.565625
0 0.020703 0.584375 0.044531 0.584375 0.044531 0.606771 0.020703 0.606771
0 0.082422 0.588021 0.101562 0.588021 0.101562 0.613542 0.082422 0.613542
0 0.110547 0.607812 0.131641 0.607812 0.131641 0.628125 0.110547 0.628125
0 0.323438 0.432812 0.347266 0.432812 0.347266 0.454167 0.323438 0.454167
0 0.016406 0.6375 0.033984 0.6375 0.033984 0.657292 0.016406 0.657292
0 0.101562 0.675 0.118359 0.675 0.118359 0.689062 0.101562 0.689062
0 0.029688 0.708854 0.048828 0.708854 0.048828 0.727604 0.029688 0.727604
0 0.050781 0.689062 0.069141 0.689062 0.069141 0.711458 0.050781 0.711458
0 0.033984 0.653646 0.049609 0.653646 0.049609 0.676042 0.033984 0.676042
0 0.169141 0.202083 0.190234 0.202083 0.190234 0.225521 0.169141 0.225521
0 0.169141 0.267188 0.183203 0.267188 0.183203 0.292708 0.169141 0.292708
0 0.199219 0.29375 0.217578 0.29375 0.217578 0.317188 0.199219 0.317188
0 0.210156 0.255729 0.228516 0.255729 0.228516 0.276042 0.210156 0.276042
0 0.223438 0.317188 0.239453 0.317188 0.239453 0.342708 0.223438 0.342708
0 0.247656 0.302604 0.265234 0.302604 0.265234 0.325 0.247656 0.325
0 0.305469 0.283854 0.323047 0.283854 0.323047 0.3125 0.305469 0.3125
0 0.319531 0.349479 0.340625 0.349479 0.340625 0.373958 0.319531 0.373958
0 0.049609 0.278125 0.064844 0.278125 0.064844 0.302083 0.049609 0.302083
0 0.015234 0.242188 0.035156 0.242188 0.035156 0.25625 0.015234 0.25625
0 0.070312 0.307812 0.0875 0.307812 0.0875 0.329688 0.070312 0.329688
0 0.230859 0.058333 0.253125 0.058333 0.253125 0.08125 0.230859 0.08125
0 0.291797 0.074479 0.316016 0.074479 0.316016 0.094792 0.291797 0.094792
0 0.261719 0.132812 0.279688 0.132812 0.279688 0.152083 0.261719 0.152083
0 0.283203 0.171354 0.300391 0.171354 0.300391 0.194271 0.283203 0.194271
0 0.210156 0.190104 0.226562 0.190104 0.226562 0.210417 0.210156 0.210417
0 0.228125 0.203646 0.241797 0.203646 0.241797 0.233333 0.228125 0.233333
0 0.24375 0.355729 0.263281 0.355729 0.263281 0.378646 0.24375 0.378646
0 0.190234 0.320312 0.207422 0.320312 0.207422 0.347917 0.190234 0.347917
0 0.113281 0.635938 0.133984 0.635938 0.133984 0.657812 0.113281 0.657812
0 0.120703 0.697396 0.140625 0.697396 0.140625 0.718229 0.120703 0.718229
0 0.058984 0.617708 0.080469 0.617708 0.080469 0.64375 0.058984 0.64375
0 0.081641 0.742188 0.097656 0.742188 0.097656 0.769792 0.081641 0.769792
0 0.107422 0.735417 0.128906 0.735417 0.128906 0.760417 0.107422 0.760417
0 0.142578 0.730729 0.160547 0.730729 0.160547 0.748958 0.142578 0.748958
0 0.110156 0.776562 0.134375 0.776562 0.134375 0.797396 0.110156 0.797396
0 0.01875 0.371354 0.034375 0.371354 0.034375 0.388542 0.01875 0.388542
0 0.219922 0.434375 0.237891 0.434375 0.237891 0.472396 0.219922 0.472396
0 0.276562 0.386979 0.294922 0.386979 0.294922 0.406771 0.276562 0.406771
0 0.285547 0.434375 0.303906 0.434375 0.303906 0.458333 0.285547 0.458333
0 0.244531 0.095833 0.264453 0.095833 0.264453 0.116667 0.244531 0.116667
0 0.215234 0.018229 0.235156 0.018229 0.235156 0.038542 0.215234 0.038542
0 0.339062 0.122917 0.356641 0.122917 0.356641 0.145312 0.339062 0.145312
0 0.356641 0.157812 0.377734 0.157812 0.377734 0.182292 0.356641 0.182292
0 0.352344 0.305729 0.366016 0.305729 0.366016 0.327083 0.352344 0.327083
0 0.372656 0.342188 0.392969 0.342188 0.392969 0.365625 0.372656 0.365625
0 0.407031 0.347396 0.434766 0.347396 0.434766 0.371354 0.407031 0.371354
0 0.367188 0.103646 0.384766 0.103646 0.384766 0.127083 0.367188 0.127083
0 0.401562 0.147917 0.421094 0.147917 0.421094 0.170312 0.401562 0.170312
0 0.419141 0.110938 0.4375 0.110938 0.4375 0.140625 0.419141 0.140625
0 0.452344 0.123438 0.467188 0.123438 0.467188 0.141667 0.452344 0.141667
0 0.444922 0.157812 0.4625 0.157812 0.4625 0.183854 0.444922 0.183854
0 0.476562 0.140625 0.496094 0.140625 0.496094 0.167708 0.476562 0.167708
0 0.471875 0.180208 0.492188 0.180208 0.492188 0.201042 0.471875 0.201042
0 0.469141 0.216146 0.488672 0.216146 0.488672 0.239583 0.469141 0.239583
0 0.509766 0.167708 0.523828 0.167708 0.523828 0.190104 0.509766 0.190104
0 0.509766 0.130729 0.530078 0.130729 0.530078 0.160417 0.509766 0.160417
0 0.355078 0.385938 0.371484 0.385938 0.371484 0.409375 0.355078 0.409375
0 0.524219 0.243229 0.538281 0.243229 0.538281 0.26875 0.524219 0.26875
0 0.494141 0.228125 0.509766 0.228125 0.509766 0.254688 0.494141 0.254688
0 0.493359 0.261458 0.5125 0.261458 0.5125 0.286458 0.493359 0.286458
0 0.497656 0.596354 0.517969 0.596354 0.517969 0.619792 0.497656 0.619792
0 0.503516 0.548958 0.524609 0.548958 0.524609 0.571354 0.503516 0.571354
0 0.413672 0.560417 0.43125 0.560417 0.43125 0.583333 0.413672 0.583333
0 0.444141 0.572917 0.462109 0.572917 0.462109 0.593229 0.444141 0.593229
0 0.488281 0.515104 0.504687 0.515104 0.504687 0.535417 0.488281 0.535417
0 0.543359 0.538542 0.561328 0.538542 0.561328 0.563542 0.543359 0.563542
0 0.567578 0.554167 0.5875 0.554167 0.5875 0.577604 0.567578 0.577604
0 0.614453 0.453646 0.633594 0.453646 0.633594 0.48125 0.614453 0.48125
0 0.620312 0.421875 0.641406 0.421875 0.641406 0.445312 0.620312 0.445312
0 0.644922 0.439062 0.662891 0.439062 0.662891 0.465625 0.644922 0.465625
0 0.424609 0.603125 0.446484 0.603125 0.446484 0.621875 0.424609 0.621875
0 0.382422 0.627083 0.398828 0.627083 0.398828 0.651042 0.382422 0.651042
0 0.407422 0.642188 0.424609 0.642188 0.424609 0.659375 0.407422 0.659375
0 0.45625 0.653125 0.476562 0.653125 0.476562 0.672396 0.45625 0.672396
0 0.533984 0.65625 0.555859 0.65625 0.555859 0.68125 0.533984 0.68125
0 0.512891 0.635938 0.534766 0.635938 0.534766 0.657292 0.512891 0.657292
0 0.508203 0.024479 0.527344 0.024479 0.527344 0.048958 0.508203 0.048958
0 0.491797 0.051042 0.510938 0.051042 0.510938 0.075 0.491797 0.075
0 0.541016 0.045833 0.562109 0.045833 0.562109 0.06875 0.541016 0.06875
0 0.540625 0.086458 0.558594 0.086458 0.558594 0.108854 0.540625 0.108854
0 0.530469 0.0 0.552344 0.0 0.552344 0.020312 0.530469 0.020312
0 0.578125 0.059375 0.599219 0.059375 0.599219 0.082812 0.578125 0.082812
0 0.569141 0.103125 0.585938 0.103125 0.585938 0.126042 0.569141 0.126042
0 0.614844 0.074479 0.630469 0.074479 0.630469 0.1 0.614844 0.1
0 0.597656 0.024479 0.620703 0.024479 0.620703 0.047396 0.597656 0.047396
0 0.639453 0.064062 0.658203 0.064062 0.658203 0.093229 0.639453 0.093229
0 0.587891 0.129167 0.605469 0.129167 0.605469 0.144271 0.587891 0.144271
0 0.638672 0.034896 0.658203 0.034896 0.658203 0.05 0.638672 0.05
0 0.668359 0.045312 0.686328 0.045312 0.686328 0.065625 0.668359 0.065625
0 0.670312 0.164062 0.689453 0.164062 0.689453 0.181771 0.670312 0.181771
0 0.694141 0.140625 0.709766 0.140625 0.709766 0.157812 0.694141 0.157812
0 0.747656 0.138021 0.763281 0.138021 0.763281 0.161979 0.747656 0.161979
0 0.705078 0.168229 0.721094 0.168229 0.721094 0.190104 0.705078 0.190104
0 0.658594 0.202083 0.678125 0.202083 0.678125 0.222396 0.658594 0.222396
0 0.632812 0.246354 0.653906 0.246354 0.653906 0.266667 0.632812 0.266667
0 0.620703 0.220312 0.639453 0.220312 0.639453 0.242708 0.620703 0.242708
0 0.693359 0.20625 0.709766 0.20625 0.709766 0.229688 0.693359 0.229688
0 0.623828 0.282812 0.646484 0.282812 0.646484 0.305208 0.623828 0.305208
0 0.649609 0.317188 0.668359 0.317188 0.668359 0.333333 0.649609 0.333333
0 0.678906 0.326042 0.698438 0.326042 0.698438 0.354167 0.678906 0.354167
0 0.683203 0.272917 0.703125 0.272917 0.703125 0.296875 0.683203 0.296875
0 0.712891 0.320833 0.727734 0.320833 0.727734 0.344271 0.712891 0.344271
0 0.740625 0.298958 0.759766 0.298958 0.759766 0.329167 0.740625 0.329167
0 0.770312 0.133854 0.788281 0.133854 0.788281 0.161979 0.770312 0.161979
0 0.723438 0.184896 0.741406 0.184896 0.741406 0.209375 0.723438 0.209375
0 0.745312 0.188021 0.7625 0.188021 0.7625 0.218229 0.745312 0.218229
0 0.764062 0.175 0.779297 0.175 0.779297 0.202083 0.764062 0.202083
0 0.790625 0.164062 0.809375 0.164062 0.809375 0.191146 0.790625 0.191146
0 0.825391 0.155729 0.841797 0.155729 0.841797 0.182292 0.825391 0.182292
0 0.844922 0.15 0.866797 0.15 0.866797 0.173958 0.844922 0.173958
0 0.858984 0.184375 0.878906 0.184375 0.878906 0.2125 0.858984 0.2125
0 0.821484 0.210417 0.835156 0.210417 0.835156 0.2375 0.821484 0.2375
0 0.798828 0.230208 0.818359 0.230208 0.818359 0.252604 0.798828 0.252604
0 0.732422 0.240625 0.753516 0.240625 0.753516 0.264583 0.732422 0.264583
0 0.71875 0.260417 0.733984 0.260417 0.733984 0.290625 0.71875 0.290625
0 0.628906 0.338021 0.648047 0.338021 0.648047 0.355208 0.628906 0.355208
0 0.635156 0.375521 0.657812 0.375521 0.657812 0.396354 0.635156 0.396354
0 0.673438 0.400521 0.694141 0.400521 0.694141 0.422917 0.673438 0.422917
0 0.645703 0.409896 0.662891 0.409896 0.662891 0.431771 0.645703 0.431771
0 0.700781 0.409896 0.71875 0.409896 0.71875 0.432812 0.700781 0.432812
0 0.774219 0.264583 0.790625 0.264583 0.790625 0.2875 0.774219 0.2875
0 0.766797 0.329167 0.785156 0.329167 0.785156 0.35625 0.766797 0.35625
0 0.822266 0.261979 0.841016 0.261979 0.841016 0.285938 0.822266 0.285938
0 0.853906 0.249479 0.871875 0.249479 0.871875 0.274479 0.853906 0.274479
0 0.891016 0.270833 0.909375 0.270833 0.909375 0.295312 0.891016 0.295312
0 0.836719 0.29375 0.860156 0.29375 0.860156 0.319271 0.836719 0.319271
0 0.879688 0.317708 0.901172 0.317708 0.901172 0.336458 0.879688 0.336458
0 0.912891 0.341667 0.930078 0.341667 0.930078 0.360417 0.912891 0.360417
0 0.905469 0.373438 0.921094 0.373438 0.921094 0.398958 0.905469 0.398958
0 0.812109 0.301042 0.826953 0.301042 0.826953 0.31875 0.812109 0.31875
0 0.048828 0.852604 0.071094 0.852604 0.071094 0.884375 0.048828 0.884375
0 0.073828 0.820833 0.092578 0.820833 0.092578 0.848958 0.073828 0.848958
0 0.087109 0.866667 0.101562 0.866667 0.101562 0.891667 0.087109 0.891667
0 0.114844 0.829688 0.132031 0.829688 0.132031 0.852604 0.114844 0.852604
0 0.150781 0.810417 0.171875 0.810417 0.171875 0.829688 0.150781 0.829688
0 0.177344 0.86875 0.195703 0.86875 0.195703 0.893229 0.177344 0.893229
0 0.055859 0.942708 0.078516 0.942708 0.078516 0.970833 0.055859 0.970833
0 0.170312 0.907812 0.188672 0.907812 0.188672 0.93125 0.170312 0.93125
0 0.135938 0.923958 0.155078 0.923958 0.155078 0.944271 0.135938 0.944271
0 0.018359 0.929688 0.035156 0.929688 0.035156 0.951042 0.018359 0.951042
0 0.125 0.968229 0.148828 0.968229 0.148828 0.995312 0.125 0.995312
0 0.124219 0.894271 0.148047 0.894271 0.148047 0.914583 0.124219 0.914583
0 0.274609 0.751562 0.288672 0.751562 0.288672 0.775 0.274609 0.775
0 0.286328 0.807812 0.303906 0.807812 0.303906 0.8375 0.286328 0.8375
0 0.322656 0.825 0.340234 0.825 0.340234 0.857292 0.322656 0.857292
0 0.352734 0.8375 0.370312 0.8375 0.370312 0.865104 0.352734 0.865104
0 0.322266 0.710938 0.338281 0.710938 0.338281 0.739583 0.322266 0.739583
0 0.284375 0.889583 0.305469 0.889583 0.305469 0.908333 0.284375 0.908333
0 0.276172 0.920833 0.293359 0.920833 0.293359 0.942188 0.276172 0.942188
0 0.294531 0.952604 0.310156 0.952604 0.310156 0.973958 0.294531 0.973958
0 0.317969 0.917188 0.330859 0.917188 0.330859 0.947396 0.317969 0.947396
0 0.340234 0.746354 0.3625 0.746354 0.3625 0.767188 0.340234 0.767188
0 0.382812 0.923958 0.404297 0.923958 0.404297 0.947917 0.382812 0.947917
0 0.385547 0.796354 0.402734 0.796354 0.402734 0.822396 0.385547 0.822396
0 0.380469 0.871875 0.398438 0.871875 0.398438 0.891146 0.380469 0.891146
0 0.400781 0.744792 0.416797 0.744792 0.416797 0.768229 0.400781 0.768229
0 0.417578 0.893229 0.437109 0.893229 0.437109 0.911458 0.417578 0.911458
0 0.384375 0.692708 0.399219 0.692708 0.399219 0.71875 0.384375 0.71875
0 0.405859 0.689062 0.425391 0.689062 0.425391 0.713542 0.405859 0.713542
0 0.433203 0.736979 0.448828 0.736979 0.448828 0.764583 0.433203 0.764583
0 0.469141 0.715104 0.490234 0.715104 0.490234 0.740104 0.469141 0.740104
0 0.491406 0.672396 0.513281 0.672396 0.513281 0.694792 0.491406 0.694792
0 0.482031 0.76875 0.499609 0.76875 0.499609 0.792188 0.482031 0.792188
0 0.505859 0.761458 0.525 0.761458 0.525 0.786458 0.505859 0.786458
0 0.551562 0.685938 0.567188 0.685938 0.567188 0.710417 0.551562 0.710417
0 0.580078 0.685938 0.594922 0.685938 0.594922 0.714062 0.580078 0.714062
0 0.605078 0.704167 0.619531 0.704167 0.619531 0.723958 0.605078 0.723958
0 0.548828 0.744792 0.569141 0.744792 0.569141 0.76875 0.548828 0.76875
0 0.478516 0.814062 0.499609 0.814062 0.499609 0.832812 0.478516 0.832812
0 0.528125 0.820312 0.548047 0.820312 0.548047 0.848438 0.528125 0.848438
0 0.551953 0.786458 0.570312 0.786458 0.570312 0.811458 0.551953 0.811458
0 0.573047 0.849479 0.590234 0.849479 0.590234 0.873958 0.573047 0.873958
0 0.507812 0.840104 0.528125 0.840104 0.528125 0.864583 0.507812 0.864583
0 0.5875 0.757812 0.607422 0.757812 0.607422 0.78125 0.5875 0.78125
0 0.477734 0.850521 0.496875 0.850521 0.496875 0.876562 0.477734 0.876562
0 0.4125 0.861979 0.431641 0.861979 0.431641 0.882812 0.4125 0.882812
0 0.515234 0.882812 0.530859 0.882812 0.530859 0.899479 0.515234 0.899479
0 0.474609 0.917188 0.489844 0.917188 0.489844 0.936979 0.474609 0.936979
0 0.446094 0.930729 0.459766 0.930729 0.459766 0.954167 0.446094 0.954167
0 0.566797 0.914062 0.588281 0.914062 0.588281 0.9375 0.566797 0.9375
0 0.474219 0.957292 0.49375 0.957292 0.49375 0.978646 0.474219 0.978646
0 0.508594 0.936979 0.525781 0.936979 0.525781 0.959896 0.508594 0.959896
0 0.664844 0.933854 0.680469 0.933854 0.680469 0.956771 0.664844 0.956771
0 0.673047 0.96875 0.689844 0.96875 0.689844 0.9875 0.673047 0.9875
0 0.697656 0.954167 0.713672 0.954167 0.713672 0.971354 0.697656 0.971354
0 0.676953 0.901042 0.693359 0.901042 0.693359 0.914062 0.676953 0.914062
0 0.746484 0.947396 0.767578 0.947396 0.767578 0.964062 0.746484 0.964062
0 0.702734 0.908333 0.721875 0.908333 0.721875 0.928646 0.702734 0.928646
0 0.7375 0.893229 0.756641 0.893229 0.756641 0.915104 0.7375 0.915104
0 0.708984 0.850521 0.728906 0.850521 0.728906 0.872917 0.708984 0.872917
0 0.702344 0.826042 0.721875 0.826042 0.721875 0.844792 0.702344 0.844792
0 0.762109 0.821354 0.783203 0.821354 0.783203 0.849479 0.762109 0.849479
0 0.680469 0.796875 0.7 0.796875 0.7 0.817708 0.680469 0.817708
0 0.658594 0.845833 0.675781 0.845833 0.675781 0.865625 0.658594 0.865625
0 0.678906 0.748438 0.698828 0.748438 0.698828 0.772396 0.678906 0.772396
0 0.679688 0.720312 0.698828 0.720312 0.698828 0.740625 0.679688 0.740625
0 0.720703 0.775 0.741797 0.775 0.741797 0.802083 0.720703 0.802083
0 0.732031 0.749479 0.753125 0.749479 0.753125 0.771354 0.732031 0.771354
0 0.765625 0.763021 0.783203 0.763021 0.783203 0.792188 0.765625 0.792188
0 0.776953 0.891667 0.794141 0.891667 0.794141 0.916146 0.776953 0.916146
0 0.796094 0.707812 0.817969 0.707812 0.817969 0.732292 0.796094 0.732292
0 0.729688 0.705729 0.75 0.705729 0.75 0.727604 0.729688 0.727604
0 0.697656 0.694271 0.717969 0.694271 0.717969 0.711979 0.697656 0.711979
0 0.773047 0.657812 0.790234 0.657812 0.790234 0.677604 0.773047 0.677604
0 0.815625 0.818229 0.833203 0.818229 0.833203 0.844271 0.815625 0.844271
0 0.633594 0.577083 0.653516 0.577083 0.653516 0.601562 0.633594 0.601562
0 0.642969 0.552604 0.658984 0.552604 0.658984 0.569792 0.642969 0.569792
0 0.671875 0.583333 0.692969 0.583333 0.692969 0.608854 0.671875 0.608854
0 0.696094 0.578125 0.714062 0.578125 0.714062 0.603646 0.696094 0.603646
0 0.717188 0.538021 0.741016 0.538021 0.741016 0.558333 0.717188 0.558333
0 0.771875 0.545312 0.796875 0.545312 0.796875 0.569792 0.771875 0.569792
0 0.777344 0.610938 0.796484 0.610938 0.796484 0.632812 0.777344 0.632812
0 0.799219 0.674479 0.81875 0.674479 0.81875 0.701042 0.799219 0.701042
0 0.816797 0.752604 0.837109 0.752604 0.837109 0.777083 0.816797 0.777083
0 0.657031 0.492188 0.681641 0.492188 0.681641 0.516667 0.657031 0.516667
0 0.674219 0.460417 0.692578 0.460417 0.692578 0.481771 0.674219 0.481771
0 0.707812 0.447396 0.731641 0.447396 0.731641 0.46875 0.707812 0.46875
0 0.735938 0.494792 0.754297 0.494792 0.754297 0.518229 0.735938 0.518229
0 0.788672 0.428646 0.809375 0.428646 0.809375 0.457292 0.788672 0.457292
0 0.836328 0.406771 0.855859 0.406771 0.855859 0.430208 0.836328 0.430208
0 0.803906 0.365104 0.823438 0.365104 0.823438 0.385417 0.803906 0.385417
0 0.802734 0.323438 0.826562 0.323438 0.826562 0.347917 0.802734 0.347917
0 0.846094 0.350521 0.871875 0.350521 0.871875 0.373958 0.846094 0.373958
0 0.867578 0.39375 0.887109 0.39375 0.887109 0.422917 0.867578 0.422917
0 0.883594 0.430208 0.903125 0.430208 0.903125 0.454688 0.883594 0.454688
0 0.783203 0.486458 0.802734 0.486458 0.802734 0.511979 0.783203 0.511979
0 0.829688 0.497917 0.848047 0.497917 0.848047 0.523958 0.829688 0.523958
0 0.810156 0.464583 0.832031 0.464583 0.832031 0.484896 0.810156 0.484896
0 0.858984 0.538021 0.876172 0.538021 0.876172 0.5625 0.858984 0.5625
0 0.9 0.546875 0.925781 0.546875 0.925781 0.569792 0.9 0.569792
0 0.920312 0.511979 0.941016 0.511979 0.941016 0.532292 0.920312 0.532292
0 0.894531 0.46875 0.917188 0.46875 0.917188 0.492188 0.894531 0.492188
0 0.919531 0.427083 0.938672 0.427083 0.938672 0.454688 0.919531 0.454688
0 0.935547 0.3625 0.952734 0.3625 0.952734 0.385417 0.935547 0.385417
0 0.863281 0.595833 0.880469 0.595833 0.880469 0.617708 0.863281 0.617708
0 0.894531 0.591667 0.914062 0.591667 0.914062 0.621875 0.894531 0.621875
0 0.836328 0.725521 0.858984 0.725521 0.858984 0.755729 0.836328 0.755729
0 0.884766 0.667708 0.907422 0.667708 0.907422 0.688021 0.884766 0.688021
0 0.887109 0.719792 0.904297 0.719792 0.904297 0.744271 0.887109 0.744271
0 0.835156 0.7875 0.858984 0.7875 0.858984 0.807812 0.835156 0.807812
0 0.878125 0.764062 0.899609 0.764062 0.899609 0.7875 0.878125 0.7875
0 0.867969 0.805208 0.891406 0.805208 0.891406 0.835417 0.867969 0.835417
0 0.846875 0.838542 0.864453 0.838542 0.864453 0.861979 0.846875 0.861979
0 0.837891 0.879688 0.862891 0.879688 0.862891 0.896875 0.837891 0.896875
0 0.829297 0.905729 0.851172 0.905729 0.851172 0.932292 0.829297 0.932292
0 0.797656 0.867708 0.819531 0.867708 0.819531 0.890104 0.797656 0.890104
0 0.797656 0.910938 0.815234 0.910938 0.815234 0.941146 0.797656 0.941146
0 0.873828 0.910938 0.898047 0.910938 0.898047 0.930208 0.873828 0.930208
0 0.900391 0.88125 0.919922 0.88125 0.919922 0.906771 0.900391 0.906771
0 0.862891 0.958854 0.881641 0.958854 0.881641 0.980208 0.862891 0.980208
0 0.826172 0.952604 0.844141 0.952604 0.844141 0.975 0.826172 0.975
0 0.899219 0.948438 0.921875 0.948438 0.921875 0.969792 0.899219 0.969792
0 0.916016 0.694792 0.932031 0.694792 0.932031 0.722917 0.916016 0.722917
0 0.836719 0.683333 0.857031 0.683333 0.857031 0.704167 0.836719 0.704167
0 0.954688 0.433333 0.970312 0.433333 0.970312 0.458854 0.954688 0.458854
0 0.953906 0.395833 0.971875 0.395833 0.971875 0.427604 0.953906 0.427604