0 0.11875 0.369792 0.141016 0.369792 0.141016 0.392188 0.11875 0.392188
0 0.148828 0.397396 0.164844 0.397396 0.164844 0.414583 0.148828 0.414583
0 0.123438 0.422917 0.142578 0.422917 0.142578 0.443229 0.123438 0.443229
0 0.070703 0.542708 0.088281 0.542708 0.088281 0.563542 0.070703 0.563542
0 0.110938 0.523958 0.128516 0.523958 0.128516 0.544792 0.110938 0.544792
0 0.129297 0.501562 0.146875 0.501562 0.146875 0.516667 0.129297 0.516667
0 0.075 0.482812 0.090625 0.482812 0.090625 0.508333 0.075 0.508333
0 0.157812 0.538021 0.170703 0.538021 0.170703 0.563542 0.157812 0.563542
0 0.228906 0.580208 0.245703 0.580208 0.245703 0.598958 0.228906 0.598958
0 0.257031 0.593229 0.278125 0.593229 0.278125 0.614062 0.257031 0.614062
0 0.283594 0.561458 0.302734 0.561458 0.302734 0.589583 0.283594 0.589583
0 0.03125 0.053125 0.048828 0.053125 0.048828 0.075521 0.03125 0.075521
0 0.016797 0.047396 0.03125 0.047396 0.03125 0.067708 0.016797 0.067708
0 0.012891 0.085417 0.028516 0.085417 0.028516 0.109375 0.012891 0.109375
0 0.038672 0.085417 0.055078 0.085417 0.055078 0.104688 0.038672 0.104688
0 0.118359 0.03125 0.138672 0.03125 0.138672 0.052083 0.118359 0.052083
0 0.080859 0.068229 0.095703 0.068229 0.095703 0.089062 0.080859 0.089062
0 0.115625 0.08125 0.132422 0.08125 0.132422 0.103646 0.115625 0.103646
0 0.077344 0.114583 0.09375 0.114583 0.09375 0.141146 0.077344 0.141146
0 0.038672 0.129167 0.058984 0.129167 0.058984 0.151042 0.038672 0.151042
0 0.123828 0.124479 0.137891 0.124479 0.137891 0.15 0.123828 0.15
0 0.148828 0.101042 0.164453 0.101042 0.164453 0.121875 0.148828 0.121875
0 0.173438 0.089062 0.19375 0.089062 0.19375 0.109375 0.173438 0.109375
0 0.012109 0.153125 0.025781 0.153125 0.025781 0.175521 0.012109 0.175521
0 0.045312 0.184896 0.061719 0.184896 0.061719 0.205729 0.045312 0.205729
0 0.026172 0.179167 0.041406 0.179167 0.041406 0.204688 0.026172 0.204688
0 0.010547 0.205729 0.026953 0.205729 0.026953 0.222917 0.010547 0.222917
0 0.038672 0.220833 0.055078 0.220833 0.055078 0.242188 0.038672 0.242188
0 0.0875 0.186458 0.105469 0.186458 0.105469 0.213021 0.0875 0.213021
0 0.060547 0.155729 0.080859 0.155729 0.080859 0.176562 0.060547 0.176562
0 0.159766 0.142188 0.178906 0.142188 0.178906 0.165625 0.159766 0.165625
0 0.191797 0.136458 0.208984 0.136458 0.208984 0.158333 0.191797 0.158333
0 0.178125 0.033854 0.199219 0.033854 0.199219 0.054688 0.178125 0.054688
0 0.208984 0.030208 0.232031 0.030208 0.232031 0.049479 0.208984 0.049479
0 0.251563 0.045833 0.271484 0.045833 0.271484 0.075521 0.251563 0.075521
0 0.230078 0.080729 0.247266 0.080729 0.247266 0.101042 0.230078 0.101042
0 0.183203 0.16875 0.198828 0.16875 0.198828 0.192708 0.183203 0.192708
0 0.159766 0.2 0.182812 0.2 0.182812 0.217188 0.159766 0.217188
0 0.148828 0.0125 0.167188 0.0125 0.167188 0.035938 0.148828 0.035938
0 0.3875 0.032812 0.4 0.032812 0.4 0.053646 0.3875 0.053646
0 0.369922 0.060938 0.389453 0.060938 0.389453 0.080729 0.369922 0.080729
0 0.348438 0.078646 0.369531 0.078646 0.369531 0.098438 0.348438 0.098438
0 0.373828 0.098958 0.390625 0.098958 0.390625 0.122396 0.373828 0.122396
0 0.342578 0.111979 0.366797 0.111979 0.366797 0.141146 0.342578 0.141146
0 0.404297 0.059375 0.420703 0.059375 0.420703 0.080729 0.404297 0.080729
0 0.418359 0.01875 0.434766 0.01875 0.434766 0.038542 0.418359 0.038542
0 0.426953 0.063021 0.444531 0.063021 0.444531 0.0875 0.426953 0.0875
0 0.417578 0.101562 0.437891 0.101562 0.437891 0.127604 0.417578 0.127604
0 0.450391 0.039062 0.467578 0.039062 0.467578 0.064062 0.450391 0.064062
0 0.10625 0.220833 0.123828 0.220833 0.123828 0.246354 0.10625 0.246354
0 0.126953 0.213021 0.146094 0.213021 0.146094 0.238542 0.126953 0.238542
0 0.155469 0.230729 0.171484 0.230729 0.171484 0.254688 0.155469 0.254688
0 0.223438 0.132292 0.242188 0.132292 0.242188 0.156771 0.223438 0.156771
0 0.215625 0.177083 0.233984 0.177083 0.233984 0.19375 0.215625 0.19375
0 0.128125 0.259375 0.146484 0.259375 0.146484 0.282292 0.128125 0.282292
0 0.314062 0.295833 0.333594 0.295833 0.333594 0.320312 0.314062 0.320312
0 0.342188 0.261979 0.357812 0.261979 0.357812 0.281771 0.342188 0.281771
0 0.342969 0.208333 0.358203 0.208333 0.358203 0.232292 0.342969 0.232292
0 0.367578 0.236979 0.384766 0.236979 0.384766 0.259896 0.367578 0.259896
0 0.396875 0.246354 0.416797 0.246354 0.416797 0.266667 0.396875 0.266667
0 0.381641 0.289062 0.403906 0.289062 0.403906 0.309896 0.381641 0.309896
0 0.365625 0.304688 0.384375 0.304688 0.384375 0.328125 0.365625 0.328125
0 0.434375 0.270312 0.450391 0.270312 0.450391 0.298438 0.434375 0.298438
0 0.397656 0.130208 0.415625 0.130208 0.415625 0.153125 0.397656 0.153125
0 0.457812 0.076042 0.475781 0.076042 0.475781 0.093229 0.457812 0.093229
0 0.471094 0.022396 0.488281 0.022396 0.488281 0.047917 0.471094 0.047917
0 0.495312 0.008333 0.5125 0.008333 0.5125 0.036458 0.495312 0.036458
0 0.519531 0.036458 0.539844 0.036458 0.539844 0.053646 0.519531 0.053646
0 0.509375 0.073438 0.530859 0.073438 0.530859 0.094792 0.509375 0.094792
0 0.558984 0.042708 0.578516 0.042708 0.578516 0.056771 0.558984 0.056771
0 0.562891 0.002083 0.578516 0.002083 0.578516 0.021354 0.562891 0.021354
0 0.607031 0.017188 0.626172 0.017188 0.626172 0.036979 0.607031 0.036979
0 0.603125 0.053646 0.619141 0.053646 0.619141 0.078125 0.603125 0.078125
0 0.572656 0.080729 0.592188 0.080729 0.592188 0.100521 0.572656 0.100521
0 0.182812 0.228125 0.199219 0.228125 0.199219 0.251042 0.182812 0.251042
0 0.152734 0.290104 0.173438 0.290104 0.173438 0.307292 0.152734 0.307292
0 0.284766 0.286458 0.304688 0.286458 0.304688 0.306771 0.284766 0.306771
0 0.319141 0.339062 0.334766 0.339062 0.334766 0.367708 0.319141 0.367708
0 0.175781 0.256771 0.192969 0.256771 0.192969 0.276042 0.175781 0.276042
0 0.0625 0.228125 0.076953 0.228125 0.076953 0.247396 0.0625 0.247396
0 0.301953 0.361979 0.320312 0.361979 0.320312 0.389583 0.301953 0.389583
0 0.053906 0.453646 0.074609 0.453646 0.074609 0.476042 0.053906 0.476042
0 0.111328 0.447917 0.132812 0.447917 0.132812 0.470833 0.111328 0.470833
0 0.008203 0.45 0.030859 0.45 0.030859 0.475 0.008203 0.475
0 0.111328 0.560938 0.129688 0.560938 0.129688 0.588542 0.111328 0.588542
0 0.033594 0.561979 0.051172 0.561979 0.051172 0.591146 0.033594 0.591146
0 0.066016 0.588542 0.078516 0.588542 0.078516 0.608854 0.066016 0.608854
0 0.046875 0.606771 0.062109 0.606771 0.062109 0.634375 0.046875 0.634375
0 0.016016 0.576562 0.03125 0.576562 0.03125 0.607812 0.016016 0.607812
0 0.010156 0.648958 0.026172 0.648958 0.026172 0.669271 0.010156 0.669271
0 0.027734 0.636458 0.04375 0.636458 0.04375 0.661458 0.027734 0.661458
0 0.054297 0.652083 0.071094 0.652083 0.071094 0.679167 0.054297 0.679167
0 0.087109 0.615625 0.103125 0.615625 0.103125 0.636458 0.087109 0.636458
0 0.0 0.685938 0.021094 0.685938 0.021094 0.708333 0.0 0.708333
0 0.118359 0.621875 0.132031 0.621875 0.132031 0.647396 0.118359 0.647396
0 0.230469 0.618229 0.250391 0.618229 0.250391 0.64375 0.230469 0.64375
0 0.317578 0.5875 0.335938 0.5875 0.335938 0.613021 0.317578 0.613021
0 0.308984 0.625521 0.325781 0.625521 0.325781 0.651042 0.308984 0.651042
0 0.267969 0.622917 0.288281 0.622917 0.288281 0.645312 0.267969 0.645312
0 0.212891 0.718229 0.230469 0.718229 0.230469 0.7375 0.212891 0.7375
0 0.262109 0.703646 0.285938 0.703646 0.285938 0.723438 0.262109 0.723438
0 0.19375 0.773958 0.210938 0.773958 0.210938 0.798958 0.19375 0.798958
0 0.217969 0.753646 0.241406 0.753646 0.241406 0.779167 0.217969 0.779167
0 0.242578 0.74375 0.257031 0.74375 0.257031 0.767188 0.242578 0.767188
0 0.257422 0.765104 0.273828 0.765104 0.273828 0.783333 0.257422 0.783333
0 0.285938 0.778125 0.307812 0.778125 0.307812 0.794271 0.285938 0.794271
0 0.232812 0.790625 0.253516 0.790625 0.253516 0.8125 0.232812 0.8125
0 0.219531 0.804688 0.238281 0.804688 0.238281 0.83125 0.219531 0.83125
0 0.046875 0.505208 0.065625 0.505208 0.065625 0.530208 0.046875 0.530208
0 0.134375 0.466146 0.153125 0.466146 0.153125 0.491146 0.134375 0.491146
0 0.041016 0.774479 0.059375 0.774479 0.059375 0.803646 0.041016 0.803646
0 0.0125 0.759896 0.028125 0.759896 0.028125 0.777083 0.0125 0.777083
0 0.022656 0.792188 0.038672 0.792188 0.038672 0.818229 0.022656 0.818229
0 0.197266 0.823958 0.212891 0.823958 0.212891 0.846875 0.197266 0.846875
0 0.272266 0.885417 0.29375 0.885417 0.29375 0.905729 0.272266 0.905729
0 0.258203 0.8375 0.276953 0.8375 0.276953 0.868229 0.258203 0.868229
0 0.289062 0.847396 0.305078 0.847396 0.305078 0.868229 0.289062 0.868229
0 0.228125 0.847396 0.246094 0.847396 0.246094 0.870312 0.228125 0.870312
0 0.205469 0.863021 0.223047 0.863021 0.223047 0.886458 0.205469 0.886458
0 0.157031 0.881771 0.171875 0.881771 0.171875 0.909896 0.157031 0.909896
0 0.178906 0.910938 0.2 0.910938 0.2 0.929688 0.178906 0.929688
0 0.251172 0.901562 0.265625 0.901562 0.265625 0.923958 0.251172 0.923958
0 0.275 0.923958 0.289453 0.923958 0.289453 0.941667 0.275 0.941667
0 0.001953 0.791146 0.017188 0.791146 0.017188 0.817708 0.001953 0.817708
0 0.021094 0.883333 0.039844 0.883333 0.039844 0.905729 0.021094 0.905729
0 0.295312 0.940625 0.308984 0.940625 0.308984 0.958854 0.295312 0.958854
0 0.273438 0.948438 0.292188 0.948438 0.292188 0.967708 0.273438 0.967708
0 0.3 0.905729 0.320312 0.905729 0.320312 0.935417 0.3 0.935417
0 0.349609 0.908333 0.373047 0.908333 0.373047 0.934375 0.349609 0.934375
0 0.372656 0.845312 0.396094 0.845312 0.396094 0.878646 0.372656 0.878646
0 0.391797 0.919271 0.417188 0.919271 0.417188 0.959375 0.391797 0.959375
0 0.476172 0.8125 0.492969 0.8125 0.492969 0.829688 0.476172 0.829688
0 0.462109 0.871354 0.480859 0.871354 0.480859 0.889062 0.462109 0.889062
0 0.3875 0.613542 0.400781 0.613542 0.400781 0.638542 0.3875 0.638542
0 0.357422 0.648438 0.376562 0.648438 0.376562 0.674479 0.357422 0.674479
0 0.341016 0.559375 0.358594 0.559375 0.358594 0.586458 0.341016 0.586458
0 0.339062 0.522917 0.354688 0.522917 0.354688 0.548438 0.339062 0.548438
0 0.317969 0.526562 0.334766 0.526562 0.334766 0.548438 0.317969 0.548438
0 0.394141 0.533854 0.407812 0.533854 0.407812 0.558333 0.394141 0.558333
0 0.407031 0.559375 0.431641 0.559375 0.431641 0.582812 0.407031 0.582812
0 0.411328 0.60625 0.425391 0.60625 0.425391 0.626562 0.411328 0.626562
0 0.458984 0.59375 0.475 0.59375 0.475 0.620833 0.458984 0.620833
0 0.3875 0.661979 0.408984 0.661979 0.408984 0.682812 0.3875 0.682812
0 0.396875 0.691667 0.412891 0.691667 0.412891 0.709896 0.396875 0.709896
0 0.427734 0.644792 0.445312 0.644792 0.445312 0.66875 0.427734 0.66875
0 0.40625 0.721354 0.423828 0.721354 0.423828 0.742708 0.40625 0.742708
0 0.417969 0.770833 0.435938 0.770833 0.435938 0.79375 0.417969 0.79375
0 0.434375 0.817708 0.456641 0.817708 0.456641 0.840625 0.434375 0.840625
0 0.423047 0.838542 0.441016 0.838542 0.441016 0.864062 0.423047 0.864062
0 0.414453 0.311458 0.431641 0.311458 0.431641 0.334375 0.414453 0.334375
0 0.407422 0.344271 0.422266 0.344271 0.422266 0.371875 0.407422 0.371875
0 0.401562 0.398438 0.420312 0.398438 0.420312 0.415104 0.401562 0.415104
0 0.342188 0.395833 0.362109 0.395833 0.362109 0.415104 0.342188 0.415104
0 0.369922 0.416667 0.3875 0.416667 0.3875 0.440625 0.369922 0.440625
0 0.439062 0.423438 0.454688 0.423438 0.454688 0.45 0.439062 0.45
0 0.434766 0.385938 0.453125 0.385938 0.453125 0.408333 0.434766 0.408333
0 0.460547 0.380208 0.472656 0.380208 0.472656 0.398438 0.460547 0.398438
0 0.497656 0.363021 0.517578 0.363021 0.517578 0.386979 0.497656 0.386979
0 0.500391 0.434896 0.516406 0.434896 0.516406 0.457812 0.500391 0.457812
0 0.532031 0.428125 0.551562 0.428125 0.551562 0.449479 0.532031 0.449479
0 0.561328 0.395833 0.578516 0.395833 0.578516 0.425521 0.561328 0.425521
0 0.575781 0.342188 0.592969 0.342188 0.592969 0.36875 0.575781 0.36875
0 0.544922 0.291667 0.562109 0.291667 0.562109 0.313542 0.544922 0.313542
0 0.529297 0.318229 0.547266 0.318229 0.547266 0.343229 0.529297 0.343229
0 0.510547 0.325 0.526953 0.325 0.526953 0.344271 0.510547 0.344271
0 0.466016 0.309375 0.486328 0.309375 0.486328 0.336458 0.466016 0.336458
0 0.471094 0.274479 0.489062 0.274479 0.489062 0.298958 0.471094 0.298958
0 0.503516 0.277083 0.518359 0.277083 0.518359 0.298958 0.503516 0.298958
0 0.546484 0.219792 0.566406 0.219792 0.566406 0.234896 0.546484 0.234896
0 0.582422 0.207292 0.600781 0.207292 0.600781 0.235938 0.582422 0.235938
0 0.609375 0.244792 0.626562 0.244792 0.626562 0.267708 0.609375 0.267708
0 0.588672 0.277083 0.606641 0.277083 0.606641 0.3 0.588672 0.3
0 0.608203 0.371875 0.622266 0.371875 0.622266 0.391146 0.608203 0.391146
0 0.629688 0.383333 0.648047 0.383333 0.648047 0.396875 0.629688 0.396875
0 0.658984 0.359375 0.675391 0.359375 0.675391 0.376562 0.658984 0.376562
0 0.660547 0.380208 0.677734 0.380208 0.677734 0.394792 0.660547 0.394792
0 0.645312 0.408854 0.669531 0.408854 0.669531 0.426562 0.645312 0.426562
0 0.623828 0.422396 0.64375 0.422396 0.64375 0.447396 0.623828 0.447396
0 0.448047 0.656771 0.465234 0.656771 0.465234 0.685938 0.448047 0.685938
0 0.479688 0.65 0.498438 0.65 0.498438 0.675521 0.479688 0.675521
0 0.446484 0.705208 0.46875 0.705208 0.46875 0.728125 0.446484 0.728125
0 0.4875 0.692708 0.50625 0.692708 0.50625 0.716146 0.4875 0.716146
0 0.485938 0.611979 0.501562 0.611979 0.501562 0.636979 0.485938 0.636979
0 0.507422 0.591667 0.521484 0.591667 0.521484 0.620312 0.507422 0.620312
0 0.477734 0.553125 0.494531 0.553125 0.494531 0.579688 0.477734 0.579688
0 0.46875 0.433854 0.489453 0.433854 0.489453 0.458854 0.46875 0.458854
0 0.598047 0.430729 0.614844 0.430729 0.614844 0.45625 0.598047 0.45625
0 0.601172 0.579167 0.619141 0.579167 0.619141 0.608333 0.601172 0.608333
0 0.625 0.565104 0.641797 0.565104 0.641797 0.590104 0.625 0.590104
0 0.642578 0.555729 0.659375 0.555729 0.659375 0.571875 0.642578 0.571875
0 0.585156 0.622396 0.603125 0.622396 0.603125 0.654688 0.585156 0.654688
0 0.526172 0.602083 0.542969 0.602083 0.542969 0.629688 0.526172 0.629688
0 0.515234 0.651562 0.535938 0.651562 0.535938 0.672396 0.515234 0.672396
0 0.518359 0.685938 0.535156 0.685938 0.535156 0.708333 0.518359 0.708333
0 0.639844 0.602604 0.657031 0.602604 0.657031 0.624479 0.639844 0.624479
0 0.621094 0.630729 0.6375 0.630729 0.6375 0.657812 0.621094 0.657812
0 0.65625 0.6375 0.669922 0.6375 0.669922 0.656771 0.65625 0.656771
0 0.639844 0.670833 0.659375 0.670833 0.659375 0.685938 0.639844 0.685938
0 0.608203 0.715104 0.626172 0.715104 0.626172 0.741146 0.608203 0.741146
0 0.661719 0.324479 0.680469 0.324479 0.680469 0.344271 0.661719 0.344271
0 0.573828 0.303646 0.590625 0.303646 0.590625 0.326042 0.573828 0.326042
0 0.480078 0.779167 0.500781 0.779167 0.500781 0.796354 0.480078 0.796354
0 0.4875 0.74375 0.508984 0.74375 0.508984 0.76875 0.4875 0.76875
0 0.283594 0.803646 0.303125 0.803646 0.303125 0.821354 0.283594 0.821354
0 0.412891 0.878646 0.434375 0.878646 0.434375 0.9 0.412891 0.9
0 0.408594 0.90625 0.429297 0.90625 0.429297 0.926042 0.408594 0.926042
0 0.451953 0.913021 0.475391 0.913021 0.475391 0.932812 0.451953 0.932812
0 0.473047 0.843229 0.49375 0.843229 0.49375 0.861979 0.473047 0.861979
0 0.514844 0.850521 0.536719 0.850521 0.536719 0.86875 0.514844 0.86875
0 0.481641 0.888542 0.503125 0.888542 0.503125 0.910417 0.481641 0.910417
0 0.510938 0.904688 0.524609 0.904688 0.524609 0.929167 0.510938 0.929167
0 0.493359 0.935938 0.512109 0.935938 0.512109 0.952083 0.493359 0.952083
0 0.595312 0.817188 0.608594 0.817188 0.608594 0.845312 0.595312 0.845312
0 0.614844 0.758333 0.631641 0.758333 0.631641 0.783333 0.614844 0.783333
0 0.639062 0.770312 0.653906 0.770312 0.653906 0.797917 0.639062 0.797917
0 0.655078 0.820312 0.675 0.820312 0.675 0.840625 0.655078 0.840625
0 0.666016 0.803125 0.684375 0.803125 0.684375 0.823438 0.666016 0.823438
0 0.679297 0.713542 0.695312 0.713542 0.695312 0.7375 0.679297 0.7375
0 0.385156 0.739583 0.404297 0.739583 0.404297 0.758854 0.385156 0.758854
0 0.366016 0.578646 0.390625 0.578646 0.390625 0.605208 0.366016 0.605208
0 0.688672 0.614583 0.702734 0.614583 0.702734 0.638021 0.688672 0.638021
0 0.702734 0.657292 0.717188 0.657292 0.717188 0.677083 0.702734 0.677083
0 0.653516 0.702604 0.669531 0.702604 0.669531 0.726042 0.653516 0.726042
0 0.628125 0.920312 0.648047 0.920312 0.648047 0.940625 0.628125 0.940625
0 0.658984 0.909375 0.675 0.909375 0.675 0.934375 0.658984 0.934375
0 0.615234 0.949479 0.632031 0.949479 0.632031 0.968229 0.615234 0.968229
0 0.648047 0.952604 0.670703 0.952604 0.670703 0.979688 0.648047 0.979688
0 0.600781 0.969792 0.619141 0.969792 0.619141 0.988021 0.600781 0.988021
0 0.690234 0.935938 0.712109 0.935938 0.712109 0.957292 0.690234 0.957292
0 0.729297 0.939583 0.746875 0.939583 0.746875 0.96875 0.729297 0.96875
0 0.782812 0.953125 0.795312 0.953125 0.795312 0.977604 0.782812 0.977604
0 0.821875 0.959896 0.842969 0.959896 0.842969 0.977604 0.821875 0.977604
0 0.861328 0.957812 0.878906 0.957812 0.878906 0.977604 0.861328 0.977604
0 0.816016 0.830729 0.836328 0.830729 0.836328 0.855208 0.816016 0.855208
0 0.787891 0.811458 0.809375 0.811458 0.809375 0.834896 0.787891 0.834896
0 0.789453 0.846354 0.810156 0.846354 0.810156 0.872917 0.789453 0.872917
0 0.846094 0.832812 0.865625 0.832812 0.865625 0.857292 0.846094 0.857292
0 0.826172 0.784896 0.840234 0.784896 0.840234 0.809375 0.826172 0.809375
0 0.810156 0.741146 0.829688 0.741146 0.829688 0.763542 0.810156 0.763542
0 0.756641 0.667708 0.767578 0.667708 0.767578 0.688021 0.756641 0.688021
0 0.754688 0.706771 0.769531 0.706771 0.769531 0.723958 0.754688 0.723958
0 0.739844 0.719271 0.754297 0.719271 0.754297 0.749479 0.739844 0.749479
0 0.722656 0.752604 0.743359 0.752604 0.743359 0.774479 0.722656 0.774479
0 0.673047 0.770833 0.690625 0.770833 0.690625 0.790104 0.673047 0.790104
0 0.817969 0.700521 0.833594 0.700521 0.833594 0.723958 0.817969 0.723958
0 0.862891 0.742708 0.879688 0.742708 0.879688 0.759896 0.862891 0.759896
0 0.881641 0.684896 0.89375 0.684896 0.89375 0.710938 0.881641 0.710938
0 0.800781 0.769271 0.819531 0.769271 0.819531 0.789583 0.800781 0.789583
0 0.916406 0.754167 0.933594 0.754167 0.933594 0.777083 0.916406 0.777083
0 0.891016 0.783333 0.904297 0.783333 0.904297 0.811979 0.891016 0.811979
0 0.894922 0.859375 0.914844 0.859375 0.914844 0.885417 0.894922 0.885417
0 0.880469 0.845312 0.892578 0.845312 0.892578 0.865625 0.880469 0.865625
0 0.9125 0.90625 0.930078 0.90625 0.930078 0.928125 0.9125 0.928125
0 0.937109 0.873438 0.955078 0.873438 0.955078 0.890625 0.937109 0.890625
0 0.964844 0.845312 0.982031 0.845312 0.982031 0.867188 0.964844 0.867188
0 0.976562 0.803646 0.991797 0.803646 0.991797 0.819271 0.976562 0.819271
0 0.807031 0.547917 0.825781 0.547917 0.825781 0.565625 0.807031 0.565625
0 0.770703 0.616667 0.786719 0.616667 0.786719 0.635417 0.770703 0.635417
0 0.83125 0.574479 0.846875 0.574479 0.846875 0.596354 0.83125 0.596354
0 0.832422 0.615625 0.848047 0.615625 0.848047 0.635938 0.832422 0.635938
0 0.864062 0.635938 0.880859 0.635938 0.880859 0.655729 0.864062 0.655729
0 0.839453 0.674479 0.858984 0.674479 0.858984 0.689062 0.839453 0.689062
0 0.898047 0.661979 0.912891 0.661979 0.912891 0.675521 0.898047 0.675521
0 0.933984 0.651042 0.948047 0.651042 0.948047 0.672396 0.933984 0.672396
0 0.939844 0.69375 0.955078 0.69375 0.955078 0.707812 0.939844 0.707812
0 0.711328 0.557812 0.728906 0.557812 0.728906 0.581771 0.711328 0.581771
0 0.725 0.610417 0.739453 0.610417 0.739453 0.632292 0.725 0.632292
0 0.65 0.527083 0.667188 0.527083 0.667188 0.542708 0.65 0.542708
0 0.690625 0.521354 0.710938 0.521354 0.710938 0.538542 0.690625 0.538542
0 0.678906 0.547396 0.699219 0.547396 0.699219 0.565104 0.678906 0.565104
0 0.669141 0.438542 0.689062 0.438542 0.689062 0.45625 0.669141 0.45625
0 0.740625 0.369271 0.758203 0.369271 0.758203 0.389583 0.740625 0.389583
0 0.761328 0.414062 0.778906 0.414062 0.778906 0.432812 0.761328 0.432812
0 0.644141 0.444792 0.658203 0.444792 0.658203 0.463021 0.644141 0.463021
0 0.774609 0.378125 0.791797 0.378125 0.791797 0.389062 0.774609 0.389062
0 0.645703 0.260417 0.663672 0.260417 0.663672 0.280208 0.645703 0.280208
0 0.673828 0.286458 0.692969 0.286458 0.692969 0.307292 0.673828 0.307292
0 0.683984 0.315625 0.7 0.315625 0.7 0.340104 0.683984 0.340104
0 0.742578 0.271875 0.760156 0.271875 0.760156 0.294792 0.742578 0.294792
0 0.762891 0.263021 0.782422 0.263021 0.782422 0.285417 0.762891 0.285417
0 0.744922 0.317188 0.760938 0.317188 0.760938 0.335938 0.744922 0.335938
0 0.625 0.176562 0.645312 0.176562 0.645312 0.198438 0.625 0.198438
0 0.653516 0.205729 0.672266 0.205729 0.672266 0.228125 0.653516 0.228125
0 0.670703 0.24375 0.69375 0.24375 0.69375 0.265625 0.670703 0.265625
0 0.622656 0.13125 0.639453 0.13125 0.639453 0.151562 0.622656 0.151562
0 0.639844 0.086979 0.654688 0.086979 0.654688 0.107812 0.639844 0.107812
0 0.65625 0.113021 0.669531 0.113021 0.669531 0.13125 0.65625 0.13125
0 0.712109 0.089062 0.726953 0.089062 0.726953 0.1125 0.712109 0.1125
0 0.769141 0.094792 0.785547 0.094792 0.785547 0.114062 0.769141 0.114062
0 0.761719 0.134375 0.776562 0.134375 0.776562 0.153125 0.761719 0.153125
0 0.739062 0.155208 0.755469 0.155208 0.755469 0.176562 0.739062 0.176562
0 0.807812 0.1375 0.826562 0.1375 0.826562 0.167188 0.807812 0.167188
0 0.802734 0.190104 0.821094 0.190104 0.821094 0.209375 0.802734 0.209375
0 0.780469 0.215104 0.804297 0.215104 0.804297 0.236979 0.780469 0.236979
0 0.802344 0.083854 0.818359 0.083854 0.818359 0.104688 0.802344 0.104688
0 0.640234 0.148438 0.654688 0.148438 0.654688 0.166667 0.640234 0.166667
0 0.710547 0.033854 0.726172 0.033854 0.726172 0.061458 0.710547 0.061458
0 0.832812 0.035938 0.847266 0.035938 0.847266 0.054688 0.832812 0.054688
0 0.841797 0.220833 0.85625 0.220833 0.85625 0.245312 0.841797 0.245312
0 0.813672 0.273958 0.830469 0.273958 0.830469 0.290625 0.813672 0.290625
0 0.871484 0.258333 0.886328 0.258333 0.886328 0.278646 0.871484 0.278646
0 0.833203 0.286458 0.845703 0.286458 0.845703 0.311979 0.833203 0.311979
0 0.771094 0.338542 0.7875 0.338542 0.7875 0.355729 0.771094 0.355729
0 0.810938 0.36875 0.833594 0.36875 0.833594 0.390104 0.810938 0.390104
0 0.885547 0.369792 0.901172 0.369792 0.901172 0.388021 0.885547 0.388021
0 0.850391 0.3125 0.867969 0.3125 0.867969 0.3375 0.850391 0.3375
0 0.89375 0.282292 0.908984 0.282292 0.908984 0.302604 0.89375 0.302604
0 0.927344 0.275521 0.942578 0.275521 0.942578 0.292188 0.927344 0.292188
0 0.923438 0.303125 0.935938 0.303125 0.935938 0.324479 0.923438 0.324479
0 0.932812 0.351562 0.946484 0.351562 0.946484 0.370833 0.932812 0.370833
0 0.851953 0.41875 0.86875 0.41875 0.86875 0.439062 0.851953 0.439062
0 0.827734 0.436458 0.849609 0.436458 0.849609 0.455208 0.827734 0.455208
0 0.794141 0.439062 0.810156 0.439062 0.810156 0.456771 0.794141 0.456771
0 0.880859 0.436458 0.899219 0.436458 0.899219 0.45625 0.880859 0.45625
0 0.944531 0.447917 0.961328 0.447917 0.961328 0.466146 0.944531 0.466146
0 0.95 0.420833 0.966016 0.420833 0.966016 0.439062 0.95 0.439062
0 0.966016 0.392708 0.981641 0.392708 0.981641 0.413021 0.966016 0.413021
0 0.869922 0.534896 0.885547 0.534896 0.885547 0.555208 0.869922 0.555208
0 0.867578 0.573958 0.882031 0.573958 0.882031 0.591667 0.867578 0.591667
0 0.899609 0.575 0.913672 0.575 0.913672 0.595833 0.899609 0.595833
0 0.942188 0.561979 0.953516 0.561979 0.953516 0.578125 0.942188 0.578125
0 0.923047 0.577604 0.935156 0.577604 0.935156 0.601562 0.923047 0.601562
0 0.528125 0.172917 0.548047 0.172917 0.548047 0.190625 0.528125 0.190625
0 0.557031 0.168229 0.572266 0.168229 0.572266 0.188542 0.557031 0.188542
0 0.522266 0.108333 0.535938 0.108333 0.535938 0.125521 0.522266 0.125521
0 0.728125 0.075521 0.748047 0.075521 0.748047 0.094792 0.728125 0.094792
0 0.735547 0.027083 0.754297 0.027083 0.754297 0.054167 0.735547 0.054167
0 0.632031 0.222917 0.652344 0.222917 0.652344 0.248958 0.632031 0.248958
0 0.630078 0.049479 0.65 0.049479 0.65 0.075521 0.630078 0.075521
0 0.764062 0.055208 0.782031 0.055208 0.782031 0.075521 0.764062 0.075521
0 0.8625 0.164062 0.878906 0.164062 0.878906 0.186458 0.8625 0.186458
0 0.875 0.095833 0.894922 0.095833 0.894922 0.117188 0.875 0.117188
0 0.868359 0.134375 0.887109 0.134375 0.887109 0.153125 0.868359 0.153125
0 0.925 0.135938 0.937891 0.135938 0.937891 0.157812 0.925 0.157812
0 0.937109 0.178646 0.949219 0.178646 0.949219 0.199479 0.937109 0.199479
0 0.933203 0.21875 0.944141 0.21875 0.944141 0.234896 0.933203 0.234896
0 0.938672 0.7375 0.955859 0.7375 0.955859 0.754167 0.938672 0.754167
0 0.973438 0.764583 0.994141 0.764583 0.994141 0.781771 0.973438 0.781771
0 0.977344 0.735938 0.992578 0.735938 0.992578 0.752083 0.977344 0.752083
0 0.979688 0.694792 0.996875 0.694792 0.996875 0.714062 0.979688 0.714062
0 0.944531 0.799479 0.958594 0.799479 0.958594 0.813542 0.944531 0.813542
0 0.917969 0.832812 0.93125 0.832812 0.93125 0.847917 0.917969 0.847917
0 0.939453 0.823958 0.953125 0.823958 0.953125 0.841146 0.939453 0.841146
0 0.898047 0.619792 0.912109 0.619792 0.912109 0.64375 0.898047 0.64375
0 0.958984 0.5875 0.971484 0.5875 0.971484 0.607812 0.958984 0.607812
0 0.870312 0.054167 0.8875 0.054167 0.8875 0.076562 0.870312 0.076562
0 0.926562 0.0625 0.940234 0.0625 0.940234 0.079688 0.926562 0.079688
0 0.842578 0.002083 0.857812 0.002083 0.857812 0.022396 0.842578 0.022396
0 0.916797 0.101042 0.927344 0.101042 0.927344 0.115625 0.916797 0.115625
0 0.594531 0.091667 0.612891 0.091667 0.612891 0.110938 0.594531 0.110938
0 0.501953 0.725 0.518359 0.725 0.518359 0.742708 0.501953 0.742708
0 0.047656 0.355208 0.069141 0.355208 0.069141 0.380729 0.047656 0.380729
0 0.013281 0.375521 0.031641 0.375521 0.031641 0.401562 0.013281 0.401562
0 0.032812 0.405729 0.052344 0.405729 0.052344 0.423958 0.032812 0.423958
0 0.019531 0.839062 0.033594 0.839062 0.033594 0.861458 0.019531 0.861458
0 0.448828 0.763021 0.464062 0.763021 0.464062 0.783333 0.448828 0.783333
0 0.383984 0.796354 0.401953 0.796354 0.401953 0.815104 0.383984 0.815104