0 0.055078 0.13125 0.071484 0.13125 0.071484 0.152604 0.055078 0.152604
0 0.082812 0.141667 0.101953 0.141667 0.101953 0.16875 0.082812 0.16875
0 0.050781 0.170833 0.06875 0.170833 0.06875 0.205729 0.050781 0.205729
0 0.006641 0.152083 0.023438 0.152083 0.023438 0.173958 0.006641 0.173958
0 0.117188 0.151042 0.138672 0.151042 0.138672 0.169792 0.117188 0.169792
0 0.116016 0.183854 0.129688 0.183854 0.129688 0.206771 0.116016 0.206771
0 0.138672 0.197396 0.154297 0.197396 0.154297 0.222917 0.138672 0.222917
0 0.169922 0.181771 0.181641 0.181771 0.181641 0.213542 0.169922 0.213542
0 0.192578 0.172917 0.210547 0.172917 0.210547 0.191146 0.192578 0.191146
0 0.166797 0.2375 0.1875 0.2375 0.1875 0.254688 0.166797 0.254688
0 0.129688 0.265625 0.142578 0.265625 0.142578 0.294792 0.129688 0.294792
0 0.158203 0.268229 0.173828 0.268229 0.173828 0.289583 0.158203 0.289583
0 0.098047 0.259375 0.116406 0.259375 0.116406 0.282292 0.098047 0.282292
0 0.078906 0.201562 0.098828 0.201562 0.098828 0.226562 0.078906 0.226562
0 0.011719 0.272396 0.035156 0.272396 0.035156 0.292708 0.011719 0.292708
0 0.040625 0.267188 0.058984 0.267188 0.058984 0.286458 0.040625 0.286458
0 0.0 0.414583 0.014844 0.414583 0.014844 0.438021 0.0 0.438021
0 0.001172 0.463021 0.016797 0.463021 0.016797 0.486979 0.001172 0.486979
0 0.030078 0.45 0.044531 0.45 0.044531 0.473438 0.030078 0.473438
0 0.048828 0.409896 0.067188 0.409896 0.067188 0.431771 0.048828 0.431771
0 0.053906 0.457812 0.066016 0.457812 0.066016 0.484375 0.053906 0.484375
0 0.078906 0.451042 0.093359 0.451042 0.093359 0.477083 0.078906 0.477083
0 0.033984 0.492188 0.059766 0.492188 0.059766 0.508333 0.033984 0.508333
0 0.092578 0.481771 0.109766 0.481771 0.109766 0.504687 0.092578 0.504687
0 0.067578 0.5375 0.085938 0.5375 0.085938 0.556771 0.067578 0.556771
0 0.020312 0.530208 0.039062 0.530208 0.039062 0.552604 0.020312 0.552604
0 0.0 0.518229 0.007812 0.518229 0.007812 0.542708 0.0 0.542708
0 0.103125 0.532812 0.119531 0.532812 0.119531 0.560938 0.103125 0.560938
0 0.076172 0.565625 0.097656 0.565625 0.097656 0.585938 0.076172 0.585938
0 0.096484 0.584375 0.114062 0.584375 0.114062 0.598958 0.096484 0.598958
0 0.022656 0.604167 0.040234 0.604167 0.040234 0.630208 0.022656 0.630208
0 0.044922 0.627083 0.064062 0.627083 0.064062 0.650521 0.044922 0.650521
0 0.0 0.657812 0.020312 0.657812 0.020312 0.684896 0.0 0.684896
0 0.042969 0.690104 0.064062 0.690104 0.064062 0.709375 0.042969 0.709375
0 0.078125 0.711979 0.092188 0.711979 0.092188 0.733854 0.078125 0.733854
0 0.037891 0.742188 0.065625 0.742188 0.065625 0.756771 0.037891 0.756771
0 0.014062 0.743229 0.033594 0.743229 0.033594 0.758333 0.014062 0.758333
0 0.0 0.749479 0.015625 0.749479 0.015625 0.777604 0.0 0.777604
0 0.011328 0.798958 0.030469 0.798958 0.030469 0.821875 0.011328 0.821875
0 0.047266 0.822917 0.069531 0.822917 0.069531 0.838021 0.047266 0.838021
0 0.084375 0.802083 0.104297 0.802083 0.104297 0.826562 0.084375 0.826562
0 0.067969 0.773958 0.086328 0.773958 0.086328 0.796875 0.067969 0.796875
0 0.096875 0.763021 0.109766 0.763021 0.109766 0.785417 0.096875 0.785417
0 0.000391 0.901562 0.015625 0.901562 0.015625 0.919271 0.000391 0.919271
0 0.022266 0.890104 0.040234 0.890104 0.040234 0.911458 0.022266 0.911458
0 0.032812 0.920833 0.050781 0.920833 0.050781 0.939062 0.032812 0.939062
0 0.044141 0.882812 0.063281 0.882812 0.063281 0.899479 0.044141 0.899479
0 0.0125 0.942188 0.028906 0.942188 0.028906 0.960938 0.0125 0.960938
0 0.01875 0.979167 0.032031 0.979167 0.032031 0.999479 0.01875 0.999479
0 0.001172 0.983333 0.013281 0.983333 0.013281 0.999479 0.001172 0.999479
0 0.058203 0.982812 0.076172 0.982812 0.076172 0.998438 0.058203 0.998438
0 0.017188 0.069792 0.037109 0.069792 0.037109 0.089583 0.017188 0.089583
0 0.077344 0.009896 0.097266 0.009896 0.097266 0.027083 0.077344 0.027083
0 0.14375 0.066146 0.162109 0.066146 0.162109 0.083854 0.14375 0.083854
0 0.109375 0.1 0.128125 0.1 0.128125 0.116146 0.109375 0.116146
0 0.317578 0.010417 0.337109 0.010417 0.337109 0.030208 0.317578 0.030208
0 0.353906 0.029688 0.374609 0.029688 0.374609 0.052604 0.353906 0.052604
0 0.370703 0.0 0.386719 0.0 0.386719 0.023958 0.370703 0.023958
0 0.398828 0.029167 0.410156 0.029167 0.410156 0.048958 0.398828 0.048958
0 0.298047 0.05625 0.309766 0.05625 0.309766 0.08125 0.298047 0.08125
0 0.334375 0.047396 0.349219 0.047396 0.349219 0.073438 0.334375 0.073438
0 0.283984 0.144271 0.298828 0.144271 0.298828 0.167188 0.283984 0.167188
0 0.309375 0.144792 0.323828 0.144792 0.323828 0.170312 0.309375 0.170312
0 0.336719 0.154167 0.349219 0.154167 0.349219 0.181771 0.336719 0.181771
0 0.294531 0.121354 0.314453 0.121354 0.314453 0.144271 0.294531 0.144271
0 0.369922 0.131771 0.3875 0.131771 0.3875 0.161458 0.369922 0.161458
0 0.348047 0.086458 0.361719 0.086458 0.361719 0.113542 0.348047 0.113542
0 0.371094 0.073438 0.391406 0.073438 0.391406 0.100521 0.371094 0.100521
0 0.432812 0.0 0.449219 0.0 0.449219 0.027083 0.432812 0.027083
0 0.471484 0.0 0.488672 0.0 0.488672 0.023958 0.471484 0.023958
0 0.490234 0.019271 0.505078 0.019271 0.505078 0.041667 0.490234 0.041667
0 0.509375 0.010417 0.524609 0.010417 0.524609 0.033333 0.509375 0.033333
0 0.417188 0.059896 0.435938 0.059896 0.435938 0.081771 0.417188 0.081771
0 0.434766 0.039583 0.453516 0.039583 0.453516 0.0625 0.434766 0.0625
0 0.304297 0.189583 0.323047 0.189583 0.323047 0.216146 0.304297 0.216146
0 0.347656 0.191667 0.364453 0.191667 0.364453 0.211458 0.347656 0.211458
0 0.401172 0.16875 0.41875 0.16875 0.41875 0.190625 0.401172 0.190625
0 0.311719 0.271354 0.33125 0.271354 0.33125 0.291146 0.311719 0.291146
0 0.348047 0.281771 0.367578 0.281771 0.367578 0.301042 0.348047 0.301042
0 0.322266 0.3125 0.340234 0.3125 0.340234 0.332292 0.322266 0.332292
0 0.305469 0.3375 0.324219 0.3375 0.324219 0.357292 0.305469 0.357292
0 0.344141 0.342708 0.361328 0.342708 0.361328 0.360938 0.344141 0.360938
0 0.372656 0.322917 0.391016 0.322917 0.391016 0.346875 0.372656 0.346875
0 0.397656 0.34375 0.412109 0.34375 0.412109 0.370312 0.397656 0.370312
0 0.425 0.334375 0.440625 0.334375 0.440625 0.364062 0.425 0.364062
0 0.45 0.333854 0.461328 0.333854 0.461328 0.366667 0.45 0.366667
0 0.254688 0.379167 0.270312 0.379167 0.270312 0.40625 0.254688 0.40625
0 0.290625 0.372396 0.304688 0.372396 0.304688 0.398438 0.290625 0.398438
0 0.315234 0.371875 0.332422 0.371875 0.332422 0.392188 0.315234 0.392188
0 0.337109 0.403125 0.351562 0.403125 0.351562 0.426562 0.337109 0.426562
0 0.234766 0.413542 0.250391 0.413542 0.250391 0.432292 0.234766 0.432292
0 0.258203 0.436458 0.275391 0.436458 0.275391 0.459375 0.258203 0.459375
0 0.272266 0.461979 0.292188 0.461979 0.292188 0.481771 0.272266 0.481771
0 0.304688 0.426042 0.323828 0.426042 0.323828 0.457292 0.304688 0.457292
0 0.35625 0.426042 0.371875 0.426042 0.371875 0.45 0.35625 0.45
0 0.255859 0.485417 0.267188 0.485417 0.267188 0.511458 0.255859 0.511458
0 0.278125 0.506771 0.295703 0.506771 0.295703 0.524479 0.278125 0.524479
0 0.3 0.481771 0.319922 0.481771 0.319922 0.503646 0.3 0.503646
0 0.316406 0.527604 0.333203 0.527604 0.333203 0.551562 0.316406 0.551562
0 0.335547 0.472917 0.355078 0.472917 0.355078 0.495312 0.335547 0.495312
0 0.352734 0.522917 0.375 0.522917 0.375 0.543229 0.352734 0.543229
0 0.379297 0.486979 0.39375 0.486979 0.39375 0.513542 0.379297 0.513542
0 0.366406 0.381771 0.389453 0.381771 0.389453 0.403646 0.366406 0.403646
0 0.388672 0.411979 0.402734 0.411979 0.402734 0.435938 0.388672 0.435938
0 0.414062 0.4125 0.430469 0.4125 0.430469 0.4375 0.414062 0.4375
0 0.420312 0.38125 0.438281 0.38125 0.438281 0.401562 0.420312 0.401562
0 0.326953 0.602083 0.344141 0.602083 0.344141 0.622396 0.326953 0.622396
0 0.326562 0.632292 0.349609 0.632292 0.349609 0.647917 0.326562 0.647917
0 0.328906 0.652604 0.353125 0.652604 0.353125 0.673958 0.328906 0.673958
0 0.322656 0.675 0.339844 0.675 0.339844 0.690625 0.322656 0.690625
0 0.2375 0.673438 0.255469 0.673438 0.255469 0.690104 0.2375 0.690104
0 0.272266 0.688542 0.289453 0.688542 0.289453 0.715625 0.272266 0.715625
0 0.236719 0.703646 0.253125 0.703646 0.253125 0.720833 0.236719 0.720833
0 0.244922 0.738021 0.268359 0.738021 0.268359 0.755208 0.244922 0.755208
0 0.273828 0.743229 0.300781 0.743229 0.300781 0.764062 0.273828 0.764062
0 0.303516 0.707812 0.327734 0.707812 0.327734 0.728646 0.303516 0.728646
0 0.328516 0.750521 0.353516 0.750521 0.353516 0.76875 0.328516 0.76875
0 0.209375 0.771875 0.228516 0.771875 0.228516 0.791667 0.209375 0.791667
0 0.246484 0.777083 0.259375 0.777083 0.259375 0.800521 0.246484 0.800521
0 0.269531 0.793229 0.290625 0.793229 0.290625 0.816146 0.269531 0.816146
0 0.305078 0.780208 0.330078 0.780208 0.330078 0.8 0.305078 0.8
0 0.303906 0.805208 0.326562 0.805208 0.326562 0.830208 0.303906 0.830208
0 0.233984 0.824479 0.249219 0.824479 0.249219 0.854167 0.233984 0.854167
0 0.260547 0.845833 0.275391 0.845833 0.275391 0.866146 0.260547 0.866146
0 0.289062 0.833854 0.304688 0.833854 0.304688 0.859375 0.289062 0.859375
0 0.222656 0.886458 0.236719 0.886458 0.236719 0.906771 0.222656 0.906771
0 0.250781 0.872917 0.267188 0.872917 0.267188 0.892188 0.250781 0.892188
0 0.286328 0.873438 0.301953 0.873438 0.301953 0.894271 0.286328 0.894271
0 0.319141 0.886979 0.340625 0.886979 0.340625 0.908333 0.319141 0.908333
0 0.341406 0.938021 0.360547 0.938021 0.360547 0.961979 0.341406 0.961979
0 0.371484 0.955729 0.391797 0.955729 0.391797 0.980208 0.371484 0.980208
0 0.211328 0.929167 0.23125 0.929167 0.23125 0.945833 0.211328 0.945833
0 0.271094 0.925 0.289844 0.925 0.289844 0.946875 0.271094 0.946875
0 0.294922 0.963542 0.312109 0.963542 0.312109 0.984375 0.294922 0.984375
0 0.187109 0.960938 0.201562 0.960938 0.201562 0.985417 0.187109 0.985417
0 0.214062 0.96875 0.235547 0.96875 0.235547 0.988021 0.214062 0.988021
0 0.247266 0.974479 0.268359 0.974479 0.268359 0.990625 0.247266 0.990625
0 0.278125 0.982812 0.293359 0.982812 0.293359 0.999479 0.278125 0.999479
0 0.321484 0.958854 0.340625 0.958854 0.340625 0.981771 0.321484 0.981771
0 0.533594 0.0 0.548828 0.0 0.548828 0.031771 0.533594 0.031771
0 0.552344 0.040625 0.573438 0.040625 0.573438 0.066667 0.552344 0.066667
0 0.520312 0.065104 0.537109 0.065104 0.537109 0.088542 0.520312 0.088542
0 0.571094 0.081771 0.589844 0.081771 0.589844 0.104688 0.571094 0.104688
0 0.337891 0.784375 0.362109 0.784375 0.362109 0.809896 0.337891 0.809896
0 0.373828 0.820833 0.396094 0.820833 0.396094 0.841667 0.373828 0.841667
0 0.408203 0.808854 0.431641 0.808854 0.431641 0.827083 0.408203 0.827083
0 0.375391 0.765625 0.398828 0.765625 0.398828 0.792188 0.375391 0.792188
0 0.410547 0.766146 0.430469 0.766146 0.430469 0.785417 0.410547 0.785417
0 0.325391 0.836458 0.346875 0.836458 0.346875 0.866146 0.325391 0.866146
0 0.426953 0.854688 0.442188 0.854688 0.442188 0.885938 0.426953 0.885938
0 0.4125 0.894792 0.427344 0.894792 0.427344 0.922396 0.4125 0.922396
0 0.39375 0.930208 0.409375 0.930208 0.409375 0.954167 0.39375 0.954167
0 0.425 0.933854 0.437891 0.933854 0.437891 0.961979 0.425 0.961979
0 0.445703 0.939062 0.458984 0.939062 0.458984 0.9625 0.445703 0.9625
0 0.473438 0.942708 0.485547 0.942708 0.485547 0.969271 0.473438 0.969271
0 0.443359 0.975 0.462109 0.975 0.462109 0.997917 0.443359 0.997917
0 0.485156 0.980208 0.499609 0.980208 0.499609 0.999479 0.485156 0.999479
0 0.452344 0.884375 0.466797 0.884375 0.466797 0.9125 0.452344 0.9125
0 0.479688 0.881771 0.496875 0.881771 0.496875 0.915625 0.479688 0.915625
0 0.497656 0.924479 0.513281 0.924479 0.513281 0.95625 0.497656 0.95625
0 0.516016 0.883333 0.532031 0.883333 0.532031 0.920833 0.516016 0.920833
0 0.524219 0.95625 0.537891 0.95625 0.537891 0.989062 0.524219 0.989062
0 0.555469 0.932812 0.569531 0.932812 0.569531 0.966667 0.555469 0.966667
0 0.576953 0.945312 0.591797 0.945312 0.591797 0.975521 0.576953 0.975521
0 0.452344 0.079167 0.471875 0.079167 0.471875 0.107812 0.452344 0.107812
0 0.489453 0.077604 0.50625 0.077604 0.50625 0.101562 0.489453 0.101562
0 0.546484 0.101562 0.566016 0.101562 0.566016 0.125521 0.546484 0.125521
0 0.533594 0.135938 0.555078 0.135938 0.555078 0.154688 0.533594 0.154688
0 0.502344 0.142188 0.518359 0.142188 0.518359 0.166667 0.502344 0.166667
0 0.529688 0.183854 0.550781 0.183854 0.550781 0.20625 0.529688 0.20625
0 0.471875 0.139062 0.486719 0.139062 0.486719 0.165625 0.471875 0.165625
0 0.429688 0.136979 0.451172 0.136979 0.451172 0.161458 0.429688 0.161458
0 0.413281 0.104167 0.430469 0.104167 0.430469 0.123958 0.413281 0.123958
0 0.419531 0.200521 0.440234 0.200521 0.440234 0.222396 0.419531 0.222396
0 0.455859 0.194271 0.475781 0.194271 0.475781 0.217708 0.455859 0.217708
0 0.488672 0.215104 0.504297 0.215104 0.504297 0.243229 0.488672 0.243229
0 0.507812 0.188021 0.528516 0.188021 0.528516 0.208854 0.507812 0.208854
0 0.425 0.233854 0.443359 0.233854 0.443359 0.253125 0.425 0.253125
0 0.477734 0.259896 0.493359 0.259896 0.493359 0.278125 0.477734 0.278125
0 0.506641 0.25625 0.519922 0.25625 0.519922 0.277604 0.506641 0.277604
0 0.530469 0.223438 0.544141 0.223438 0.544141 0.251042 0.530469 0.251042
0 0.560938 0.260938 0.578516 0.260938 0.578516 0.285938 0.560938 0.285938
0 0.549609 0.286979 0.566406 0.286979 0.566406 0.309375 0.549609 0.309375
0 0.45625 0.29375 0.478906 0.29375 0.478906 0.319271 0.45625 0.319271
0 0.396875 0.265104 0.422266 0.265104 0.422266 0.286458 0.396875 0.286458
0 0.401953 0.479688 0.419922 0.479688 0.419922 0.498958 0.401953 0.498958
0 0.392188 0.455729 0.411328 0.455729 0.411328 0.472917 0.392188 0.472917
0 0.423047 0.451042 0.438672 0.451042 0.438672 0.477604 0.423047 0.477604
0 0.444531 0.447917 0.459766 0.447917 0.459766 0.472917 0.444531 0.472917
0 0.451562 0.401042 0.469141 0.401042 0.469141 0.436979 0.451562 0.436979
0 0.408594 0.522396 0.429688 0.522396 0.429688 0.543229 0.408594 0.543229
0 0.429297 0.499479 0.444922 0.499479 0.444922 0.521354 0.429297 0.521354
0 0.344141 0.709896 0.364062 0.709896 0.364062 0.73125 0.344141 0.73125
0 0.373828 0.714062 0.392188 0.714062 0.392188 0.740625 0.373828 0.740625
0 0.397266 0.734896 0.414844 0.734896 0.414844 0.757292 0.397266 0.757292
0 0.439453 0.744792 0.458203 0.744792 0.458203 0.7625 0.439453 0.7625
0 0.43125 0.696354 0.454688 0.696354 0.454688 0.719792 0.43125 0.719792
0 0.45625 0.716146 0.475781 0.716146 0.475781 0.739062 0.45625 0.739062
0 0.464062 0.655208 0.483203 0.655208 0.483203 0.678646 0.464062 0.678646
0 0.448828 0.617188 0.465234 0.617188 0.465234 0.639583 0.448828 0.639583
0 0.424219 0.610938 0.437891 0.610938 0.437891 0.633854 0.424219 0.633854
0 0.39375 0.635417 0.409375 0.635417 0.409375 0.6625 0.39375 0.6625
0 0.398828 0.678646 0.426953 0.678646 0.426953 0.69375 0.398828 0.69375
0 0.369531 0.654688 0.389844 0.654688 0.389844 0.679167 0.369531 0.679167
0 0.460156 0.840104 0.477734 0.840104 0.477734 0.859896 0.460156 0.859896
0 0.476953 0.796354 0.500781 0.796354 0.500781 0.826042 0.476953 0.826042
0 0.498438 0.84375 0.5125 0.84375 0.5125 0.867188 0.498438 0.867188
0 0.543359 0.889583 0.558594 0.889583 0.558594 0.921354 0.543359 0.921354
0 0.566797 0.889062 0.580859 0.889062 0.580859 0.915625 0.566797 0.915625
0 0.575391 0.860938 0.597266 0.860938 0.597266 0.884375 0.575391 0.884375
0 0.591016 0.907292 0.607812 0.907292 0.607812 0.930208 0.591016 0.930208
0 0.608203 0.877604 0.631641 0.877604 0.631641 0.896354 0.608203 0.896354
0 0.630859 0.91875 0.645703 0.91875 0.645703 0.952604 0.630859 0.952604
0 0.617188 0.967708 0.631641 0.967708 0.631641 0.996354 0.617188 0.996354
0 0.6375 0.967188 0.654688 0.967188 0.654688 0.994792 0.6375 0.994792
0 0.657422 0.910938 0.675781 0.910938 0.675781 0.936458 0.657422 0.936458
0 0.677344 0.000521 0.691406 0.000521 0.691406 0.034375 0.677344 0.034375
0 0.701953 0.033854 0.720703 0.033854 0.720703 0.069792 0.701953 0.069792
0 0.720703 0.001042 0.739844 0.001042 0.739844 0.015625 0.720703 0.015625
0 0.583203 0.000521 0.599219 0.000521 0.599219 0.014062 0.583203 0.014062
0 0.601953 0.033333 0.615234 0.033333 0.615234 0.065625 0.601953 0.065625
0 0.633594 0.030729 0.649609 0.030729 0.649609 0.059896 0.633594 0.059896
0 0.65 0.046875 0.666797 0.046875 0.666797 0.071875 0.65 0.071875
0 0.669922 0.077604 0.683594 0.077604 0.683594 0.103125 0.669922 0.103125
0 0.691797 0.096354 0.714453 0.096354 0.714453 0.119792 0.691797 0.119792
0 0.630078 0.096875 0.647266 0.096875 0.647266 0.129167 0.630078 0.129167
0 0.653906 0.113021 0.671094 0.113021 0.671094 0.136979 0.653906 0.136979
0 0.701172 0.141146 0.718359 0.141146 0.718359 0.173958 0.701172 0.173958
0 0.721484 0.071354 0.735547 0.071354 0.735547 0.100521 0.721484 0.100521
0 0.745312 0.0 0.759375 0.0 0.759375 0.027083 0.745312 0.027083
0 0.761328 0.023438 0.775781 0.023438 0.775781 0.051562 0.761328 0.051562
0 0.782812 0.047396 0.796875 0.047396 0.796875 0.073958 0.782812 0.073958
0 0.804297 0.005208 0.817578 0.005208 0.817578 0.034375 0.804297 0.034375
0 0.748047 0.065625 0.7625 0.065625 0.7625 0.094792 0.748047 0.094792
0 0.819922 0.071875 0.833594 0.071875 0.833594 0.094271 0.819922 0.094271
0 0.842969 0.043229 0.858203 0.043229 0.858203 0.06875 0.842969 0.06875
0 0.866016 0.008333 0.878906 0.008333 0.878906 0.0375 0.866016 0.0375
0 0.885547 0.010938 0.895312 0.010938 0.895312 0.035417 0.885547 0.035417
0 0.871484 0.045833 0.8875 0.045833 0.8875 0.066667 0.871484 0.066667
0 0.889062 0.072396 0.903125 0.072396 0.903125 0.102604 0.889062 0.102604
0 0.9125 0.061979 0.926172 0.061979 0.926172 0.086458 0.9125 0.086458
0 0.935156 0.022917 0.952734 0.022917 0.952734 0.05 0.935156 0.05
0 0.959375 0.013021 0.984375 0.013021 0.984375 0.033854 0.959375 0.033854
0 0.949219 0.069792 0.964453 0.069792 0.964453 0.097917 0.949219 0.097917
0 0.970703 0.101042 0.986719 0.101042 0.986719 0.119271 0.970703 0.119271
0 0.771875 0.151562 0.790234 0.151562 0.790234 0.173958 0.771875 0.173958
0 0.817969 0.128646 0.831641 0.128646 0.831641 0.152604 0.817969 0.152604
0 0.860156 0.119271 0.871484 0.119271 0.871484 0.145312 0.860156 0.145312
0 0.909766 0.119792 0.922266 0.119792 0.922266 0.145312 0.909766 0.145312
0 0.894141 0.147917 0.910156 0.147917 0.910156 0.16875 0.894141 0.16875
0 0.951172 0.1375 0.9625 0.1375 0.9625 0.16875 0.951172 0.16875
0 0.982031 0.166667 0.993359 0.166667 0.993359 0.190625 0.982031 0.190625
0 0.84375 0.157292 0.858203 0.157292 0.858203 0.184375 0.84375 0.184375
0 0.876953 0.178646 0.896875 0.178646 0.896875 0.202083 0.876953 0.202083
0 0.844141 0.194271 0.864844 0.194271 0.864844 0.219271 0.844141 0.219271
0 0.916797 0.204167 0.930859 0.204167 0.930859 0.236979 0.916797 0.236979
0 0.940234 0.2 0.955078 0.2 0.955078 0.229167 0.940234 0.229167
0 0.964062 0.210417 0.98125 0.210417 0.98125 0.244792 0.964062 0.244792
0 0.912891 0.283333 0.930859 0.283333 0.930859 0.320312 0.912891 0.320312
0 0.954297 0.271875 0.980078 0.271875 0.980078 0.292188 0.954297 0.292188
0 0.960938 0.328646 0.977734 0.328646 0.977734 0.353125 0.960938 0.353125
0 0.985547 0.351042 0.999609 0.351042 0.999609 0.369792 0.985547 0.369792
0 0.750781 0.19375 0.775391 0.19375 0.775391 0.211979 0.750781 0.211979
0 0.750781 0.224479 0.767969 0.224479 0.767969 0.24375 0.750781 0.24375
0 0.764453 0.248958 0.780859 0.248958 0.780859 0.270833 0.764453 0.270833
0 0.808203 0.254688 0.821875 0.254688 0.821875 0.277604 0.808203 0.277604
0 0.732812 0.269792 0.748438 0.269792 0.748438 0.298438 0.732812 0.298438
0 0.760938 0.286458 0.775 0.286458 0.775 0.313021 0.760938 0.313021
0 0.791797 0.286458 0.807031 0.286458 0.807031 0.313021 0.791797 0.313021
0 0.610938 0.159375 0.625 0.159375 0.625 0.183333 0.610938 0.183333
0 0.636719 0.190625 0.658594 0.190625 0.658594 0.217188 0.636719 0.217188
0 0.595312 0.185938 0.610938 0.185938 0.610938 0.213021 0.595312 0.213021
0 0.621094 0.208854 0.635938 0.208854 0.635938 0.233854 0.621094 0.233854
0 0.639062 0.230729 0.653906 0.230729 0.653906 0.248958 0.639062 0.248958
0 0.616016 0.243229 0.628125 0.243229 0.628125 0.265625 0.616016 0.265625
0 0.588281 0.225521 0.607422 0.225521 0.607422 0.24375 0.588281 0.24375
0 0.68125 0.177083 0.695703 0.177083 0.695703 0.198958 0.68125 0.198958
0 0.472656 0.345833 0.488281 0.345833 0.488281 0.368229 0.472656 0.368229
0 0.549219 0.433333 0.563672 0.433333 0.563672 0.461458 0.549219 0.461458
0 0.532812 0.467708 0.550391 0.467708 0.550391 0.489583 0.532812 0.489583
0 0.560156 0.483333 0.583984 0.483333 0.583984 0.506771 0.560156 0.506771
0 0.579688 0.519792 0.595312 0.519792 0.595312 0.545833 0.579688 0.545833
0 0.614453 0.519271 0.632031 0.519271 0.632031 0.54375 0.614453 0.54375
0 0.639062 0.511458 0.652734 0.511458 0.652734 0.536458 0.639062 0.536458
0 0.617578 0.48125 0.6375 0.48125 0.6375 0.501562 0.617578 0.501562
0 0.619531 0.429688 0.634375 0.429688 0.634375 0.457812 0.619531 0.457812
0 0.641406 0.439583 0.657422 0.439583 0.657422 0.464583 0.641406 0.464583
0 0.663281 0.43125 0.678906 0.43125 0.678906 0.459896 0.663281 0.459896
0 0.574219 0.416667 0.588281 0.416667 0.588281 0.4375 0.574219 0.4375
0 0.571875 0.379688 0.59375 0.379688 0.59375 0.402604 0.571875 0.402604
0 0.599219 0.397396 0.611328 0.397396 0.611328 0.423958 0.599219 0.423958
0 0.639062 0.313021 0.657812 0.313021 0.657812 0.343229 0.639062 0.343229
0 0.677344 0.335938 0.702344 0.335938 0.702344 0.357292 0.677344 0.357292
0 0.711328 0.331771 0.730859 0.331771 0.730859 0.357812 0.711328 0.357812
0 0.697266 0.289062 0.715234 0.289062 0.715234 0.316146 0.697266 0.316146
0 0.740234 0.324479 0.756641 0.324479 0.756641 0.349479 0.740234 0.349479
0 0.738672 0.360417 0.753906 0.360417 0.753906 0.392188 0.738672 0.392188
0 0.775781 0.344271 0.793359 0.344271 0.793359 0.369271 0.775781 0.369271
0 0.790625 0.38125 0.807031 0.38125 0.807031 0.409896 0.790625 0.409896
0 0.625781 0.367708 0.645703 0.367708 0.645703 0.401562 0.625781 0.401562
0 0.650391 0.371875 0.669922 0.371875 0.669922 0.394271 0.650391 0.394271
0 0.675781 0.388542 0.691406 0.388542 0.691406 0.421875 0.675781 0.421875
0 0.720703 0.40625 0.736328 0.40625 0.736328 0.427083 0.720703 0.427083
0 0.753125 0.40625 0.767969 0.40625 0.767969 0.432292 0.753125 0.432292
0 0.685938 0.447396 0.707812 0.447396 0.707812 0.46875 0.685938 0.46875
0 0.728516 0.491667 0.747656 0.491667 0.747656 0.516146 0.728516 0.516146
0 0.752734 0.48125 0.771484 0.48125 0.771484 0.511458 0.752734 0.511458
0 0.703906 0.507812 0.721484 0.507812 0.721484 0.536979 0.703906 0.536979
0 0.769922 0.445312 0.787891 0.445312 0.787891 0.477083 0.769922 0.477083
0 0.808594 0.441146 0.822266 0.441146 0.822266 0.469792 0.808594 0.469792
0 0.839844 0.442708 0.853906 0.442708 0.853906 0.464062 0.839844 0.464062
0 0.866016 0.457812 0.878906 0.457812 0.878906 0.484896 0.866016 0.484896
0 0.838672 0.482292 0.857031 0.482292 0.857031 0.507812 0.838672 0.507812
0 0.804297 0.497917 0.822656 0.497917 0.822656 0.515625 0.804297 0.515625
0 0.782422 0.517188 0.8 0.517188 0.8 0.548438 0.782422 0.548438
0 0.762891 0.523438 0.778516 0.523438 0.778516 0.550521 0.762891 0.550521
0 0.830469 0.523958 0.846875 0.523958 0.846875 0.551042 0.830469 0.551042
0 0.877344 0.494271 0.892969 0.494271 0.892969 0.519271 0.877344 0.519271
0 0.892578 0.446354 0.909375 0.446354 0.909375 0.471354 0.892578 0.471354
0 0.923828 0.472396 0.938672 0.472396 0.938672 0.499479 0.923828 0.499479
0 0.923828 0.520312 0.947266 0.520312 0.947266 0.538542 0.923828 0.538542
0 0.829688 0.377083 0.848047 0.377083 0.848047 0.403646 0.829688 0.403646
0 0.852734 0.413021 0.86875 0.413021 0.86875 0.439583 0.852734 0.439583
0 0.512891 0.715625 0.532031 0.715625 0.532031 0.755208 0.512891 0.755208
0 0.569141 0.754167 0.590625 0.754167 0.590625 0.779167 0.569141 0.779167
0 0.585938 0.678646 0.605859 0.678646 0.605859 0.702083 0.585938 0.702083
0 0.629297 0.683854 0.642969 0.683854 0.642969 0.708333 0.629297 0.708333
0 0.621875 0.651042 0.637891 0.651042 0.637891 0.671354 0.621875 0.671354
0 0.660156 0.648958 0.675391 0.648958 0.675391 0.673438 0.660156 0.673438
0 0.617969 0.751562 0.637891 0.751562 0.637891 0.779688 0.617969 0.779688
0 0.65625 0.727604 0.670312 0.727604 0.670312 0.764062 0.65625 0.764062
0 0.596094 0.796875 0.611719 0.796875 0.611719 0.825521 0.596094 0.825521
0 0.698828 0.701562 0.717188 0.701562 0.717188 0.731771 0.698828 0.731771
0 0.698438 0.745312 0.718359 0.745312 0.718359 0.769271 0.698438 0.769271
0 0.733984 0.772396 0.751172 0.772396 0.751172 0.798438 0.733984 0.798438
0 0.709766 0.658333 0.723828 0.658333 0.723828 0.686979 0.709766 0.686979
0 0.739844 0.728125 0.753906 0.728125 0.753906 0.759896 0.739844 0.759896
0 0.755859 0.720312 0.778906 0.720312 0.778906 0.739062 0.755859 0.739062
0 0.778516 0.753646 0.799609 0.753646 0.799609 0.785938 0.778516 0.785938
0 0.758594 0.760938 0.777734 0.760938 0.777734 0.789062 0.758594 0.789062
0 0.675 0.9375 0.688281 0.9375 0.688281 0.964583 0.675 0.964583
0 0.622656 0.827604 0.644922 0.827604 0.644922 0.85 0.622656 0.85
0 0.577734 0.822917 0.6 0.822917 0.6 0.846875 0.577734 0.846875
0 0.723047 0.869271 0.746484 0.869271 0.746484 0.886979 0.723047 0.886979
0 0.729297 0.919792 0.753125 0.919792 0.753125 0.939583 0.729297 0.939583
0 0.744141 0.948958 0.760156 0.948958 0.760156 0.974479 0.744141 0.974479
0 0.767578 0.969792 0.786719 0.969792 0.786719 0.99375 0.767578 0.99375
0 0.771875 0.88125 0.791016 0.88125 0.791016 0.905729 0.771875 0.905729
0 0.752734 0.811458 0.771094 0.811458 0.771094 0.831771 0.752734 0.831771
0 0.776172 0.826042 0.787891 0.826042 0.787891 0.848438 0.776172 0.848438
0 0.7125 0.784896 0.727344 0.784896 0.727344 0.811458 0.7125 0.811458
0 0.807031 0.871354 0.823438 0.871354 0.823438 0.902604 0.807031 0.902604
0 0.869922 0.897917 0.890625 0.897917 0.890625 0.916667 0.869922 0.916667
0 0.870703 0.936979 0.891406 0.936979 0.891406 0.956771 0.870703 0.956771
0 0.872266 0.986458 0.891016 0.986458 0.891016 0.999479 0.872266 0.999479
0 0.83125 0.971354 0.847656 0.971354 0.847656 0.994271 0.83125 0.994271
0 0.834375 0.303646 0.851172 0.303646 0.851172 0.326042 0.834375 0.326042
0 0.864062 0.327604 0.878125 0.327604 0.878125 0.355729 0.864062 0.355729
0 0.872266 0.376562 0.890234 0.376562 0.890234 0.402083 0.872266 0.402083
0 0.903516 0.380729 0.921094 0.380729 0.921094 0.402083 0.903516 0.402083
0 0.895703 0.336979 0.910938 0.336979 0.910938 0.364062 0.895703 0.364062
0 0.948438 0.369271 0.963281 0.369271 0.963281 0.393229 0.948438 0.393229
0 0.941016 0.409375 0.959375 0.409375 0.959375 0.433333 0.941016 0.433333
0 0.918359 0.432812 0.934375 0.432812 0.934375 0.457292 0.918359 0.457292
0 0.951562 0.454167 0.970703 0.454167 0.970703 0.475 0.951562 0.475
0 0.973438 0.405729 0.9875 0.405729 0.9875 0.434375 0.973438 0.434375
0 0.955469 0.508854 0.978906 0.508854 0.978906 0.529688 0.955469 0.529688
0 0.972266 0.472917 0.989844 0.472917 0.989844 0.504167 0.972266 0.504167
0 0.991016 0.446354 0.999609 0.446354 0.999609 0.472396 0.991016 0.472396
0 0.783203 0.688542 0.798438 0.688542 0.798438 0.714062 0.783203 0.714062
0 0.807812 0.746875 0.824609 0.746875 0.824609 0.780729 0.807812 0.780729
0 0.842578 0.749479 0.859375 0.749479 0.859375 0.780729 0.842578 0.780729
0 0.830859 0.671875 0.840625 0.671875 0.840625 0.704688 0.830859 0.704688
0 0.859766 0.675 0.880469 0.675 0.880469 0.692708 0.859766 0.692708
0 0.859766 0.618229 0.879297 0.618229 0.879297 0.639062 0.859766 0.639062
0 0.880859 0.642188 0.9 0.642188 0.9 0.6625 0.880859 0.6625
0 0.897656 0.673438 0.919531 0.673438 0.919531 0.697396 0.897656 0.697396
0 0.929688 0.645312 0.945312 0.645312 0.945312 0.675 0.929688 0.675
0 0.957031 0.65625 0.976562 0.65625 0.976562 0.678125 0.957031 0.678125
0 0.958203 0.626562 0.979688 0.626562 0.979688 0.646875 0.958203 0.646875
0 0.865234 0.702083 0.885938 0.702083 0.885938 0.720312 0.865234 0.720312
0 0.878906 0.731771 0.896094 0.731771 0.896094 0.757812 0.878906 0.757812
0 0.90625 0.730208 0.923047 0.730208 0.923047 0.755729 0.90625 0.755729
0 0.929688 0.716146 0.941406 0.716146 0.941406 0.742188 0.929688 0.742188
0 0.939453 0.691667 0.955859 0.691667 0.955859 0.715104 0.939453 0.715104
0 0.955469 0.7375 0.974219 0.7375 0.974219 0.764583 0.955469 0.764583
0 0.971484 0.773438 0.993359 0.773438 0.993359 0.792708 0.971484 0.792708
0 0.933984 0.767708 0.948047 0.767708 0.948047 0.797917 0.933984 0.797917
0 0.984375 0.668229 0.999609 0.668229 0.999609 0.6875 0.984375 0.6875
0 0.868359 0.791667 0.888281 0.791667 0.888281 0.810417 0.868359 0.810417
0 0.898047 0.776042 0.913281 0.776042 0.913281 0.8 0.898047 0.8
0 0.916406 0.809896 0.935938 0.809896 0.935938 0.840625 0.916406 0.840625
0 0.877734 0.820833 0.9 0.820833 0.9 0.841667 0.877734 0.841667
0 0.925 0.850521 0.944531 0.850521 0.944531 0.878646 0.925 0.878646
0 0.955859 0.797396 0.969531 0.797396 0.969531 0.815625 0.955859 0.815625
0 0.941016 0.829688 0.959375 0.829688 0.959375 0.849479 0.941016 0.849479
0 0.975 0.816146 0.992578 0.816146 0.992578 0.841667 0.975 0.841667
0 0.939062 0.901562 0.958203 0.901562 0.958203 0.928125 0.939062 0.928125
0 0.910938 0.919792 0.928516 0.919792 0.928516 0.941667 0.910938 0.941667
0 0.920703 0.9625 0.943359 0.9625 0.943359 0.984896 0.920703 0.984896
0 0.978125 0.963021 0.997656 0.963021 0.997656 0.985417 0.978125 0.985417
0 0.954688 0.861979 0.975781 0.861979 0.975781 0.878646 0.954688 0.878646