0 0.067578 0.067188 0.084766 0.067188 0.084766 0.097917 0.067578 0.097917
0 0.109375 0.064062 0.126953 0.064062 0.126953 0.082292 0.109375 0.082292
0 0.080078 0.016146 0.093359 0.016146 0.093359 0.038542 0.080078 0.038542
0 0.117969 0.027083 0.136328 0.027083 0.136328 0.047917 0.117969 0.047917
0 0.153906 0.035417 0.171094 0.035417 0.171094 0.053646 0.153906 0.053646
0 0.165234 0.077604 0.183594 0.077604 0.183594 0.102083 0.165234 0.102083
0 0.100391 0.0875 0.117578 0.0875 0.117578 0.110417 0.100391 0.110417
0 0.031641 0.021875 0.049219 0.021875 0.049219 0.045312 0.031641 0.045312
0 0.020312 0.0 0.038672 0.0 0.038672 0.020833 0.020312 0.020833
0 0.160156 0.0 0.180469 0.0 0.180469 0.020833 0.160156 0.020833
0 0.030859 0.097917 0.048828 0.097917 0.048828 0.115625 0.030859 0.115625
0 0.054297 0.110417 0.068359 0.110417 0.068359 0.132812 0.054297 0.132812
0 0.075781 0.117188 0.090234 0.117188 0.090234 0.140625 0.075781 0.140625
0 0.101562 0.119792 0.114844 0.119792 0.114844 0.138021 0.101562 0.138021
0 0.00625 0.063542 0.022266 0.063542 0.022266 0.0875 0.00625 0.0875
0 0.004688 0.118229 0.021094 0.118229 0.021094 0.143229 0.004688 0.143229
0 0.024609 0.140104 0.038281 0.140104 0.038281 0.163021 0.024609 0.163021
0 0.002344 0.157812 0.01875 0.157812 0.01875 0.180729 0.002344 0.180729
0 0.045703 0.160417 0.061328 0.160417 0.061328 0.182812 0.045703 0.182812
0 0.061328 0.194271 0.075391 0.194271 0.075391 0.219271 0.061328 0.219271
0 0.023047 0.206771 0.036328 0.206771 0.036328 0.234375 0.023047 0.234375
0 0.141797 0.107812 0.160156 0.107812 0.160156 0.140625 0.141797 0.140625
0 0.175 0.122917 0.191797 0.122917 0.191797 0.146354 0.175 0.146354
0 0.159766 0.151042 0.178516 0.151042 0.178516 0.172396 0.159766 0.172396
0 0.194141 0.183333 0.2125 0.183333 0.2125 0.205208 0.194141 0.205208
0 0.212891 0.107812 0.228516 0.107812 0.228516 0.130729 0.212891 0.130729
0 0.195703 0.078125 0.213281 0.078125 0.213281 0.1 0.195703 0.1
0 0.217578 0.065625 0.230859 0.065625 0.230859 0.0875 0.217578 0.0875
0 0.221484 0.046354 0.240234 0.046354 0.240234 0.064583 0.221484 0.064583
0 0.241797 0.089583 0.255859 0.089583 0.255859 0.1125 0.241797 0.1125
0 0.025781 0.257292 0.045312 0.257292 0.045312 0.2875 0.025781 0.2875
0 0.021484 0.300521 0.039453 0.300521 0.039453 0.331771 0.021484 0.331771
0 0.073828 0.305208 0.090625 0.305208 0.090625 0.328646 0.073828 0.328646
0 0.063672 0.342708 0.086719 0.342708 0.086719 0.3625 0.063672 0.3625
0 0.047266 0.391146 0.066406 0.391146 0.066406 0.411458 0.047266 0.411458
0 0.068359 0.373958 0.084375 0.373958 0.084375 0.394792 0.068359 0.394792
0 0.077344 0.410938 0.099219 0.410938 0.099219 0.430208 0.077344 0.430208
0 0.121875 0.410938 0.143359 0.410938 0.143359 0.430729 0.121875 0.430729
0 0.156641 0.425521 0.180859 0.425521 0.180859 0.445833 0.156641 0.445833
0 0.1125 0.259896 0.126953 0.259896 0.126953 0.281771 0.1125 0.281771
0 0.123047 0.300521 0.136719 0.300521 0.136719 0.322396 0.123047 0.322396
0 0.142969 0.295312 0.157422 0.295312 0.157422 0.314062 0.142969 0.314062
0 0.097656 0.33125 0.114844 0.33125 0.114844 0.354688 0.097656 0.354688
0 0.115234 0.359375 0.128125 0.359375 0.128125 0.373958 0.115234 0.373958
0 0.147656 0.33125 0.159766 0.33125 0.159766 0.347396 0.147656 0.347396
0 0.191406 0.25625 0.208203 0.25625 0.208203 0.278646 0.191406 0.278646
0 0.195312 0.230208 0.214062 0.230208 0.214062 0.25 0.195312 0.25
0 0.223828 0.222917 0.233984 0.222917 0.233984 0.244271 0.223828 0.244271
0 0.254688 0.207812 0.271484 0.207812 0.271484 0.226562 0.254688 0.226562
0 0.262891 0.2375 0.277344 0.2375 0.277344 0.25625 0.262891 0.25625
0 0.245312 0.267188 0.261328 0.267188 0.261328 0.288542 0.245312 0.288542
0 0.268359 0.280729 0.286719 0.280729 0.286719 0.298438 0.268359 0.298438
0 0.210547 0.269792 0.227734 0.269792 0.227734 0.293229 0.210547 0.293229
0 0.225391 0.297917 0.242188 0.297917 0.242188 0.321354 0.225391 0.321354
0 0.24375 0.316667 0.259375 0.316667 0.259375 0.336979 0.24375 0.336979
0 0.219922 0.338542 0.236328 0.338542 0.236328 0.364583 0.219922 0.364583
0 0.265234 0.339062 0.280859 0.339062 0.280859 0.361458 0.265234 0.361458
0 0.285547 0.360938 0.297656 0.360938 0.297656 0.382812 0.285547 0.382812
0 0.253906 0.395312 0.270703 0.395312 0.270703 0.408854 0.253906 0.408854
0 0.194922 0.399479 0.208203 0.399479 0.208203 0.426042 0.194922 0.426042
0 0.239453 0.4125 0.255078 0.4125 0.255078 0.438021 0.239453 0.438021
0 0.260547 0.415104 0.279297 0.415104 0.279297 0.440104 0.260547 0.440104
0 0.2875 0.453125 0.310547 0.453125 0.310547 0.472396 0.2875 0.472396
0 0.324609 0.456771 0.342578 0.456771 0.342578 0.478646 0.324609 0.478646
0 0.351172 0.111458 0.370312 0.111458 0.370312 0.132292 0.351172 0.132292
0 0.340625 0.14375 0.360156 0.14375 0.360156 0.160417 0.340625 0.160417
0 0.311719 0.08125 0.333203 0.08125 0.333203 0.104688 0.311719 0.104688
0 0.298438 0.113021 0.317188 0.113021 0.317188 0.136979 0.298438 0.136979
0 0.3375 0.060417 0.354688 0.060417 0.354688 0.084896 0.3375 0.084896
0 0.369922 0.073438 0.389844 0.073438 0.389844 0.09375 0.369922 0.09375
0 0.382031 0.107292 0.396484 0.107292 0.396484 0.128646 0.382031 0.128646
0 0.307812 0.045833 0.325781 0.045833 0.325781 0.06875 0.307812 0.06875
0 0.370703 0.040625 0.3875 0.040625 0.3875 0.057292 0.370703 0.057292
0 0.3875 0.133333 0.405078 0.133333 0.405078 0.152604 0.3875 0.152604
0 0.386719 0.16875 0.40625 0.16875 0.40625 0.189062 0.386719 0.189062
0 0.428516 0.140625 0.446094 0.140625 0.446094 0.158854 0.428516 0.158854
0 0.434375 0.082812 0.454688 0.082812 0.454688 0.102604 0.434375 0.102604
0 0.473047 0.169792 0.489453 0.169792 0.489453 0.196354 0.473047 0.196354
0 0.458594 0.204167 0.475781 0.204167 0.475781 0.230208 0.458594 0.230208
0 0.424609 0.198958 0.441016 0.198958 0.441016 0.221875 0.424609 0.221875
0 0.402344 0.206771 0.419531 0.206771 0.419531 0.227083 0.402344 0.227083
0 0.369531 0.216146 0.388281 0.216146 0.388281 0.246354 0.369531 0.246354
0 0.325391 0.169792 0.341016 0.169792 0.341016 0.19375 0.325391 0.19375
0 0.399609 0.247917 0.417188 0.247917 0.417188 0.263542 0.399609 0.263542
0 0.371875 0.255208 0.391406 0.255208 0.391406 0.280729 0.371875 0.280729
0 0.431641 0.236458 0.448828 0.236458 0.448828 0.259896 0.431641 0.259896
0 0.313672 0.013021 0.334375 0.013021 0.334375 0.034375 0.313672 0.034375
0 0.341797 0.029167 0.360547 0.029167 0.360547 0.048958 0.341797 0.048958
0 0.348828 0.001562 0.367578 0.001562 0.367578 0.022396 0.348828 0.022396
0 0.378906 0.003646 0.399219 0.003646 0.399219 0.022917 0.378906 0.022917
0 0.411328 0.011458 0.425781 0.011458 0.425781 0.032292 0.411328 0.032292
0 0.430859 0.119271 0.448047 0.119271 0.448047 0.139062 0.430859 0.139062
0 0.441016 0.003125 0.459375 0.003125 0.459375 0.025 0.441016 0.025
0 0.512109 0.013021 0.531641 0.013021 0.531641 0.036458 0.512109 0.036458
0 0.501172 0.05625 0.517188 0.05625 0.517188 0.077083 0.501172 0.077083
0 0.466406 0.0875 0.486328 0.0875 0.486328 0.116667 0.466406 0.116667
0 0.496484 0.097396 0.517578 0.097396 0.517578 0.11875 0.496484 0.11875
0 0.528125 0.110938 0.55 0.110938 0.55 0.136979 0.528125 0.136979
0 0.491797 0.134896 0.5125 0.134896 0.5125 0.159896 0.491797 0.159896
0 0.569141 0.133333 0.586328 0.133333 0.586328 0.15625 0.569141 0.15625
0 0.547266 0.075 0.565625 0.075 0.565625 0.098958 0.547266 0.098958
0 0.551562 0.0 0.567578 0.0 0.567578 0.020833 0.551562 0.020833
0 0.544531 0.046875 0.563281 0.046875 0.563281 0.06875 0.544531 0.06875
0 0.523047 0.067188 0.539062 0.067188 0.539062 0.088021 0.523047 0.088021
0 0.585547 0.049479 0.601562 0.049479 0.601562 0.076042 0.585547 0.076042
0 0.596094 0.014062 0.608203 0.014062 0.608203 0.040104 0.596094 0.040104
0 0.608984 0.021875 0.623438 0.021875 0.623438 0.051042 0.608984 0.051042
0 0.3875 0.349479 0.408594 0.349479 0.408594 0.36875 0.3875 0.36875
0 0.385547 0.280729 0.407031 0.280729 0.407031 0.297396 0.385547 0.297396
0 0.411719 0.290104 0.429297 0.290104 0.429297 0.311458 0.411719 0.311458
0 0.425781 0.265625 0.443359 0.265625 0.443359 0.284375 0.425781 0.284375
0 0.425 0.328646 0.439844 0.328646 0.439844 0.353125 0.425 0.353125
0 0.449609 0.329688 0.462109 0.329688 0.462109 0.353125 0.449609 0.353125
0 0.471094 0.332812 0.489062 0.332812 0.489062 0.356771 0.471094 0.356771
0 0.503125 0.166667 0.521875 0.166667 0.521875 0.191667 0.503125 0.191667
0 0.530078 0.176562 0.548047 0.176562 0.548047 0.198958 0.530078 0.198958
0 0.544531 0.264583 0.563672 0.264583 0.563672 0.283854 0.544531 0.283854
0 0.517969 0.276562 0.537109 0.276562 0.537109 0.292708 0.517969 0.292708
0 0.546094 0.292708 0.564844 0.292708 0.564844 0.316146 0.546094 0.316146
0 0.580859 0.276042 0.599609 0.276042 0.599609 0.3 0.580859 0.3
0 0.514453 0.330208 0.532422 0.330208 0.532422 0.358333 0.514453 0.358333
0 0.543359 0.336458 0.563672 0.336458 0.563672 0.355729 0.543359 0.355729
0 0.569922 0.338542 0.585547 0.338542 0.585547 0.365104 0.569922 0.365104
0 0.605469 0.310417 0.625 0.310417 0.625 0.333333 0.605469 0.333333
0 0.621094 0.288021 0.642188 0.288021 0.642188 0.306771 0.621094 0.306771
0 0.617969 0.25 0.632031 0.25 0.632031 0.275 0.617969 0.275
0 0.646875 0.267708 0.661719 0.267708 0.661719 0.292188 0.646875 0.292188
0 0.567188 0.244792 0.583203 0.244792 0.583203 0.26875 0.567188 0.26875
0 0.635547 0.320833 0.652734 0.320833 0.652734 0.346354 0.635547 0.346354
0 0.617188 0.348438 0.638281 0.348438 0.638281 0.371354 0.617188 0.371354
0 0.588281 0.348958 0.608984 0.348958 0.608984 0.369271 0.588281 0.369271
0 0.530469 0.379167 0.550781 0.379167 0.550781 0.402604 0.530469 0.402604
0 0.548047 0.145833 0.566406 0.145833 0.566406 0.169792 0.548047 0.169792
0 0.574609 0.166667 0.591406 0.166667 0.591406 0.189062 0.574609 0.189062
0 0.6125 0.090625 0.625 0.090625 0.625 0.116667 0.6125 0.116667
0 0.615625 0.172396 0.63125 0.172396 0.63125 0.196354 0.615625 0.196354
0 0.628125 0.055208 0.647266 0.055208 0.647266 0.082292 0.628125 0.082292
0 0.655078 0.026562 0.673438 0.026562 0.673438 0.051562 0.655078 0.051562
0 0.676562 0.071875 0.692578 0.071875 0.692578 0.091146 0.676562 0.091146
0 0.674609 0.0 0.691797 0.0 0.691797 0.015104 0.674609 0.015104
0 0.701562 0.011458 0.720312 0.011458 0.720312 0.033854 0.701562 0.033854
0 0.691797 0.034896 0.710547 0.034896 0.710547 0.054688 0.691797 0.054688
0 0.714062 0.0375 0.730469 0.0375 0.730469 0.059375 0.714062 0.059375
0 0.727344 0.016146 0.75 0.016146 0.75 0.036979 0.727344 0.036979
0 0.757812 0.044271 0.776172 0.044271 0.776172 0.064583 0.757812 0.064583
0 0.793359 0.041667 0.812109 0.041667 0.812109 0.063021 0.793359 0.063021
0 0.762109 0.077083 0.780469 0.077083 0.780469 0.099479 0.762109 0.099479
0 0.733984 0.080208 0.752734 0.080208 0.752734 0.098438 0.733984 0.098438
0 0.715234 0.102083 0.736328 0.102083 0.736328 0.121875 0.715234 0.121875
0 0.736719 0.116146 0.758984 0.116146 0.758984 0.136458 0.736719 0.136458
0 0.781641 0.006771 0.8 0.006771 0.8 0.027083 0.781641 0.027083
0 0.839062 0.002083 0.860938 0.002083 0.860938 0.023438 0.839062 0.023438
0 0.819141 0.060417 0.837891 0.060417 0.837891 0.096875 0.819141 0.096875
0 0.789844 0.083854 0.807422 0.083854 0.807422 0.110417 0.789844 0.110417
0 0.798047 0.134375 0.816797 0.134375 0.816797 0.154688 0.798047 0.154688
0 0.825 0.153125 0.841406 0.153125 0.841406 0.177083 0.825 0.177083
0 0.849219 0.154688 0.8625 0.154688 0.8625 0.181771 0.849219 0.181771
0 0.868359 0.141146 0.884766 0.141146 0.884766 0.1625 0.868359 0.1625
0 0.845703 0.080208 0.861328 0.080208 0.861328 0.107292 0.845703 0.107292
0 0.866016 0.081771 0.882422 0.081771 0.882422 0.108333 0.866016 0.108333
0 0.872266 0.044271 0.888281 0.044271 0.888281 0.067708 0.872266 0.067708
0 0.901953 0.050521 0.923047 0.050521 0.923047 0.080208 0.901953 0.080208
0 0.901953 0.104688 0.919141 0.104688 0.919141 0.129688 0.901953 0.129688
0 0.933984 0.034375 0.955469 0.034375 0.955469 0.063021 0.933984 0.063021
0 0.901562 0.009375 0.921484 0.009375 0.921484 0.032812 0.901562 0.032812
0 0.953125 0.083854 0.967188 0.083854 0.967188 0.110417 0.953125 0.110417
0 0.929297 0.106771 0.947656 0.106771 0.947656 0.130208 0.929297 0.130208
0 0.878125 0.109896 0.892188 0.109896 0.892188 0.130208 0.878125 0.130208
0 0.892578 0.133333 0.9125 0.133333 0.9125 0.151562 0.892578 0.151562
0 0.900781 0.160417 0.919141 0.160417 0.919141 0.179167 0.900781 0.179167
0 0.944141 0.159375 0.962109 0.159375 0.962109 0.182812 0.944141 0.182812
0 0.979688 0.105208 0.999219 0.105208 0.999219 0.128646 0.979688 0.128646
0 0.893359 0.190104 0.909375 0.190104 0.909375 0.211979 0.893359 0.211979
0 0.923828 0.205208 0.943359 0.205208 0.943359 0.221875 0.923828 0.221875
0 0.866016 0.196875 0.880469 0.196875 0.880469 0.221875 0.866016 0.221875
0 0.776953 0.157292 0.795312 0.157292 0.795312 0.180729 0.776953 0.180729
0 0.761719 0.19375 0.780469 0.19375 0.780469 0.21875 0.761719 0.21875
0 0.944922 0.19375 0.964062 0.19375 0.964062 0.219271 0.944922 0.219271
0 0.969531 0.191146 0.985547 0.191146 0.985547 0.213021 0.969531 0.213021
0 0.963281 0.2375 0.981641 0.2375 0.981641 0.25625 0.963281 0.25625
0 0.896875 0.234375 0.915625 0.234375 0.915625 0.257812 0.896875 0.257812
0 0.882812 0.255729 0.899609 0.255729 0.899609 0.282812 0.882812 0.282812
0 0.922656 0.271354 0.944531 0.271354 0.944531 0.294271 0.922656 0.294271
0 0.952734 0.269792 0.971484 0.269792 0.971484 0.302604 0.952734 0.302604
0 0.816797 0.190625 0.834766 0.190625 0.834766 0.213021 0.816797 0.213021
0 0.812891 0.227083 0.830859 0.227083 0.830859 0.250521 0.812891 0.250521
0 0.845703 0.231771 0.861719 0.231771 0.861719 0.252604 0.845703 0.252604
0 0.847656 0.260417 0.867969 0.260417 0.867969 0.281771 0.847656 0.281771
0 0.783984 0.226042 0.799219 0.226042 0.799219 0.25 0.783984 0.25
0 0.7875 0.258333 0.80625 0.258333 0.80625 0.280208 0.7875 0.280208
0 0.777734 0.296875 0.793359 0.296875 0.793359 0.319792 0.777734 0.319792
0 0.705469 0.142708 0.725391 0.142708 0.725391 0.163021 0.705469 0.163021
0 0.736328 0.141667 0.756641 0.141667 0.756641 0.158333 0.736328 0.158333
0 0.712109 0.190104 0.729688 0.190104 0.729688 0.216146 0.712109 0.216146
0 0.744922 0.186979 0.759375 0.186979 0.759375 0.206771 0.744922 0.206771
0 0.711328 0.232812 0.727344 0.232812 0.727344 0.258854 0.711328 0.258854
0 0.729297 0.254688 0.744531 0.254688 0.744531 0.279688 0.729297 0.279688
0 0.736719 0.220312 0.755469 0.220312 0.755469 0.244792 0.736719 0.244792
0 0.75 0.282812 0.767969 0.282812 0.767969 0.304167 0.75 0.304167
0 0.827734 0.292708 0.844141 0.292708 0.844141 0.316667 0.827734 0.316667
0 0.8 0.295312 0.816797 0.295312 0.816797 0.31875 0.8 0.31875
0 0.84375 0.323958 0.861328 0.323958 0.861328 0.345312 0.84375 0.345312
0 0.909766 0.305208 0.927344 0.305208 0.927344 0.326562 0.909766 0.326562
0 0.926953 0.335417 0.947266 0.335417 0.947266 0.359896 0.926953 0.359896
0 0.954297 0.322917 0.973047 0.322917 0.973047 0.349479 0.954297 0.349479
0 0.685938 0.355208 0.708203 0.355208 0.708203 0.378125 0.685938 0.378125
0 0.651953 0.366667 0.671094 0.366667 0.671094 0.390625 0.651953 0.390625
0 0.739062 0.389062 0.758203 0.389062 0.758203 0.409896 0.739062 0.409896
0 0.765625 0.411979 0.784766 0.411979 0.784766 0.438542 0.765625 0.438542
0 0.798828 0.447396 0.821484 0.447396 0.821484 0.46875 0.798828 0.46875
0 0.877344 0.373438 0.894531 0.373438 0.894531 0.393229 0.877344 0.393229
0 0.906641 0.339583 0.925781 0.339583 0.925781 0.365625 0.906641 0.365625
0 0.961328 0.376042 0.98125 0.376042 0.98125 0.402083 0.961328 0.402083
0 0.910938 0.385417 0.932422 0.385417 0.932422 0.402604 0.910938 0.402604
0 0.898047 0.419792 0.914453 0.419792 0.914453 0.440104 0.898047 0.440104
0 0.922656 0.436979 0.942578 0.436979 0.942578 0.459375 0.922656 0.459375
0 0.8875 0.458854 0.907422 0.458854 0.907422 0.480208 0.8875 0.480208
0 0.717578 0.451562 0.733984 0.451562 0.733984 0.476562 0.717578 0.476562
0 0.693359 0.451562 0.708594 0.451562 0.708594 0.476042 0.693359 0.476042
0 0.658594 0.405729 0.675781 0.405729 0.675781 0.432292 0.658594 0.432292
0 0.634766 0.405729 0.651562 0.405729 0.651562 0.429167 0.634766 0.429167
0 0.448438 0.371354 0.469141 0.371354 0.469141 0.393229 0.448438 0.393229
0 0.478906 0.385938 0.497656 0.385938 0.497656 0.410417 0.478906 0.410417
0 0.455078 0.427083 0.475781 0.427083 0.475781 0.446354 0.455078 0.446354
0 0.482812 0.442188 0.498438 0.442188 0.498438 0.467708 0.482812 0.467708
0 0.508984 0.420833 0.523828 0.420833 0.523828 0.442708 0.508984 0.442708
0 0.533203 0.417708 0.550391 0.417708 0.550391 0.439062 0.533203 0.439062
0 0.566797 0.403125 0.585156 0.403125 0.585156 0.429167 0.566797 0.429167
0 0.605469 0.426042 0.625 0.426042 0.625 0.448958 0.605469 0.448958
0 0.603516 0.377083 0.622656 0.377083 0.622656 0.402083 0.603516 0.402083
0 0.54375 0.449479 0.563281 0.449479 0.563281 0.471354 0.54375 0.471354
0 0.532812 0.48125 0.548438 0.48125 0.548438 0.507292 0.532812 0.507292
0 0.440625 0.465625 0.45625 0.465625 0.45625 0.489583 0.440625 0.489583
0 0.469922 0.484375 0.486328 0.484375 0.486328 0.50625 0.469922 0.50625
0 0.497656 0.494792 0.514453 0.494792 0.514453 0.524479 0.497656 0.524479
0 0.619141 0.459896 0.634766 0.459896 0.634766 0.482812 0.619141 0.482812
0 0.640625 0.456771 0.656641 0.456771 0.656641 0.48125 0.640625 0.48125
0 0.588672 0.472396 0.604688 0.472396 0.604688 0.496875 0.588672 0.496875
0 0.566797 0.485417 0.583203 0.485417 0.583203 0.509375 0.566797 0.509375
0 0.435938 0.533333 0.457031 0.533333 0.457031 0.553646 0.435938 0.553646
0 0.445703 0.559896 0.465234 0.559896 0.465234 0.577604 0.445703 0.577604
0 0.458594 0.508333 0.476172 0.508333 0.476172 0.527604 0.458594 0.527604
0 0.480078 0.532292 0.499219 0.532292 0.499219 0.555729 0.480078 0.555729
0 0.510547 0.566146 0.528125 0.566146 0.528125 0.588021 0.510547 0.588021
0 0.532812 0.525521 0.551953 0.525521 0.551953 0.551562 0.532812 0.551562
0 0.553906 0.554688 0.572656 0.554688 0.572656 0.574479 0.553906 0.574479
0 0.56875 0.578125 0.583984 0.578125 0.583984 0.599479 0.56875 0.599479
0 0.676172 0.484896 0.690625 0.484896 0.690625 0.510938 0.676172 0.510938
0 0.651172 0.501562 0.670312 0.501562 0.670312 0.523438 0.651172 0.523438
0 0.667188 0.526042 0.676172 0.526042 0.676172 0.544792 0.667188 0.544792
0 0.696484 0.504167 0.708203 0.504167 0.708203 0.527083 0.696484 0.527083
0 0.716016 0.484375 0.733203 0.484375 0.733203 0.505208 0.716016 0.505208
0 0.738281 0.505729 0.756641 0.505729 0.756641 0.530208 0.738281 0.530208
0 0.740234 0.434896 0.755078 0.434896 0.755078 0.459375 0.740234 0.459375
0 0.756641 0.472917 0.776562 0.472917 0.776562 0.494792 0.756641 0.494792
0 0.765625 0.498958 0.782422 0.498958 0.782422 0.526562 0.765625 0.526562
0 0.792578 0.493229 0.810547 0.493229 0.810547 0.519792 0.792578 0.519792
0 0.661328 0.558854 0.679688 0.558854 0.679688 0.577083 0.661328 0.577083
0 0.692188 0.547917 0.706641 0.547917 0.706641 0.566146 0.692188 0.566146
0 0.679297 0.594271 0.698438 0.594271 0.698438 0.615104 0.679297 0.615104
0 0.724609 0.582292 0.748047 0.582292 0.748047 0.605729 0.724609 0.605729
0 0.66875 0.632812 0.689844 0.632812 0.689844 0.651042 0.66875 0.651042
0 0.709375 0.616667 0.728125 0.616667 0.728125 0.635417 0.709375 0.635417
0 0.758203 0.540104 0.774219 0.540104 0.774219 0.558854 0.758203 0.558854
0 0.783203 0.558333 0.794141 0.558333 0.794141 0.584375 0.783203 0.584375
0 0.804297 0.541667 0.81875 0.541667 0.81875 0.566146 0.804297 0.566146
0 0.804297 0.591667 0.820312 0.591667 0.820312 0.607812 0.804297 0.607812
0 0.766016 0.619792 0.783594 0.619792 0.783594 0.64375 0.766016 0.64375
0 0.723828 0.642188 0.740625 0.642188 0.740625 0.661979 0.723828 0.661979
0 0.661719 0.663542 0.682422 0.663542 0.682422 0.683854 0.661719 0.683854
0 0.689453 0.668229 0.703906 0.668229 0.703906 0.6875 0.689453 0.6875
0 0.713672 0.673958 0.733203 0.673958 0.733203 0.694792 0.713672 0.694792
0 0.744922 0.669792 0.760547 0.669792 0.760547 0.697396 0.744922 0.697396
0 0.817969 0.479688 0.835938 0.479688 0.835938 0.509896 0.817969 0.509896
0 0.835547 0.529167 0.849219 0.529167 0.849219 0.550521 0.835547 0.550521
0 0.852734 0.547396 0.867578 0.547396 0.867578 0.572396 0.852734 0.572396
0 0.894922 0.566667 0.910938 0.566667 0.910938 0.590625 0.894922 0.590625
0 0.9 0.489583 0.914453 0.489583 0.914453 0.515625 0.9 0.515625
0 0.925 0.482292 0.940625 0.482292 0.940625 0.50625 0.925 0.50625
0 0.950781 0.461458 0.965625 0.461458 0.965625 0.482812 0.950781 0.482812
0 0.955078 0.505729 0.971484 0.505729 0.971484 0.525 0.955078 0.525
0 0.917578 0.527604 0.933984 0.527604 0.933984 0.552604 0.917578 0.552604
0 0.916406 0.560417 0.931641 0.560417 0.931641 0.586979 0.916406 0.586979
0 0.939453 0.576562 0.955078 0.576562 0.955078 0.603646 0.939453 0.603646
0 0.967578 0.583854 0.982422 0.583854 0.982422 0.605208 0.967578 0.605208
0 0.960547 0.555729 0.978125 0.555729 0.978125 0.576562 0.960547 0.576562
0 0.978516 0.526562 0.992578 0.526562 0.992578 0.547396 0.978516 0.547396
0 0.972266 0.448438 0.988281 0.448438 0.988281 0.474479 0.972266 0.474479
0 0.980469 0.416667 0.998047 0.416667 0.998047 0.44375 0.980469 0.44375
0 0.838672 0.428646 0.854688 0.428646 0.854688 0.444792 0.838672 0.444792
0 0.836719 0.461458 0.85625 0.461458 0.85625 0.479688 0.836719 0.479688
0 0.978125 0.3 0.997266 0.3 0.997266 0.320833 0.978125 0.320833
0 0.983984 0.334375 0.999609 0.334375 0.999609 0.358854 0.983984 0.358854
0 0.739453 0.322396 0.757812 0.322396 0.757812 0.335417 0.739453 0.335417
0 0.795312 0.400521 0.813672 0.400521 0.813672 0.420312 0.795312 0.420312
0 0.769531 0.372396 0.787891 0.372396 0.787891 0.394792 0.769531 0.394792
0 0.802734 0.618229 0.823438 0.618229 0.823438 0.641146 0.802734 0.641146
0 0.816016 0.650521 0.832812 0.650521 0.832812 0.671354 0.816016 0.671354
0 0.256641 0.617188 0.273047 0.617188 0.273047 0.639583 0.256641 0.639583
0 0.252344 0.496354 0.267578 0.496354 0.267578 0.515625 0.252344 0.515625
0 0.298047 0.533333 0.316016 0.533333 0.316016 0.552604 0.298047 0.552604
0 0.294141 0.574479 0.310938 0.574479 0.310938 0.601562 0.294141 0.601562
0 0.075391 0.489583 0.096875 0.489583 0.096875 0.507292 0.075391 0.507292
0 0.095312 0.521875 0.114062 0.521875 0.114062 0.539583 0.095312 0.539583
0 0.127344 0.530208 0.137891 0.530208 0.137891 0.556771 0.127344 0.556771
0 0.157031 0.509896 0.169141 0.509896 0.169141 0.528125 0.157031 0.528125
0 0.183203 0.530208 0.197266 0.530208 0.197266 0.550521 0.183203 0.550521
0 0.196875 0.467188 0.215234 0.467188 0.215234 0.488542 0.196875 0.488542
0 0.140625 0.455729 0.155859 0.455729 0.155859 0.480729 0.140625 0.480729
0 0.103516 0.454167 0.121094 0.454167 0.121094 0.473958 0.103516 0.473958
0 0.065234 0.454167 0.084375 0.454167 0.084375 0.471875 0.065234 0.471875
0 0.091797 0.551562 0.108984 0.551562 0.108984 0.570312 0.091797 0.570312
0 0.120703 0.576562 0.135938 0.576562 0.135938 0.600521 0.120703 0.600521
0 0.163672 0.572917 0.179297 0.572917 0.179297 0.598958 0.163672 0.598958
0 0.167578 0.477083 0.183594 0.477083 0.183594 0.498438 0.167578 0.498438
0 0.389844 0.390104 0.404297 0.390104 0.404297 0.415104 0.389844 0.415104
0 0.210156 0.516146 0.224219 0.516146 0.224219 0.539583 0.210156 0.539583
0 0.218359 0.551042 0.235938 0.551042 0.235938 0.567188 0.218359 0.567188
0 0.276172 0.550521 0.291016 0.550521 0.291016 0.564062 0.276172 0.564062
0 0.353906 0.585417 0.369141 0.585417 0.369141 0.604167 0.353906 0.604167
0 0.120703 0.479688 0.138281 0.479688 0.138281 0.504687 0.120703 0.504687
0 0.041797 0.507292 0.058984 0.507292 0.058984 0.532812 0.041797 0.532812
0 0.055078 0.5625 0.073047 0.5625 0.073047 0.5875 0.055078 0.5875
0 0.080469 0.573958 0.1 0.573958 0.1 0.595833 0.080469 0.595833
0 0.082422 0.622917 0.102344 0.622917 0.102344 0.642188 0.082422 0.642188
0 0.109766 0.608854 0.128906 0.608854 0.128906 0.633333 0.109766 0.633333
0 0.008203 0.557292 0.026172 0.557292 0.026172 0.585938 0.008203 0.585938
0 0.007031 0.664062 0.026953 0.664062 0.026953 0.683333 0.007031 0.683333
0 0.068359 0.598958 0.084766 0.598958 0.084766 0.618229 0.068359 0.618229
0 0.15 0.661979 0.175 0.661979 0.175 0.684375 0.15 0.684375
0 0.198047 0.649479 0.222266 0.649479 0.222266 0.670312 0.198047 0.670312
0 0.205469 0.68125 0.221484 0.68125 0.221484 0.697396 0.205469 0.697396
0 0.234375 0.672396 0.254688 0.672396 0.254688 0.694271 0.234375 0.694271
0 0.223047 0.6125 0.241797 0.6125 0.241797 0.63125 0.223047 0.63125
0 0.209375 0.5875 0.226562 0.5875 0.226562 0.608333 0.209375 0.608333
0 0.155859 0.610417 0.170312 0.610417 0.170312 0.630729 0.155859 0.630729
0 0.280078 0.678646 0.298047 0.678646 0.298047 0.694792 0.280078 0.694792
0 0.264453 0.704688 0.281641 0.704688 0.281641 0.721354 0.264453 0.721354
0 0.298047 0.707812 0.317578 0.707812 0.317578 0.730729 0.298047 0.730729
0 0.296484 0.746875 0.308203 0.746875 0.308203 0.774479 0.296484 0.774479
0 0.321875 0.725521 0.336328 0.725521 0.336328 0.748438 0.321875 0.748438
0 0.199219 0.739583 0.213281 0.739583 0.213281 0.763542 0.199219 0.763542
0 0.219922 0.736458 0.238672 0.736458 0.238672 0.761458 0.219922 0.761458
0 0.239062 0.723958 0.254688 0.723958 0.254688 0.74375 0.239062 0.74375
0 0.314062 0.642188 0.331641 0.642188 0.331641 0.661979 0.314062 0.661979
0 0.335156 0.655208 0.35 0.655208 0.35 0.675521 0.335156 0.675521
0 0.332031 0.604688 0.344531 0.604688 0.344531 0.623438 0.332031 0.623438
0 0.242969 0.772396 0.257422 0.772396 0.257422 0.790104 0.242969 0.790104
0 0.265625 0.765625 0.287109 0.765625 0.287109 0.782812 0.265625 0.782812
0 0.172656 0.725 0.189844 0.725 0.189844 0.745312 0.172656 0.745312
0 0.018359 0.706771 0.036719 0.706771 0.036719 0.733333 0.018359 0.733333
0 0.033594 0.785938 0.054688 0.785938 0.054688 0.807292 0.033594 0.807292
0 0.078125 0.775521 0.094531 0.775521 0.094531 0.80625 0.078125 0.80625
0 0.102734 0.777604 0.117969 0.777604 0.117969 0.802083 0.102734 0.802083
0 0.065234 0.81875 0.085156 0.81875 0.085156 0.845833 0.065234 0.845833
0 0.118359 0.806771 0.137891 0.806771 0.137891 0.828125 0.118359 0.828125
0 0.142578 0.808333 0.160156 0.808333 0.160156 0.83125 0.142578 0.83125
0 0.151562 0.836458 0.169531 0.836458 0.169531 0.856771 0.151562 0.856771
0 0.135547 0.847396 0.152734 0.847396 0.152734 0.874479 0.135547 0.874479
0 0.168359 0.863021 0.184766 0.863021 0.184766 0.885417 0.168359 0.885417
0 0.014453 0.959375 0.033984 0.959375 0.033984 0.978125 0.014453 0.978125
0 0.046875 0.939583 0.067578 0.939583 0.067578 0.960938 0.046875 0.960938
0 0.110938 0.851042 0.129297 0.851042 0.129297 0.877083 0.110938 0.877083
0 0.091406 0.882812 0.10625 0.882812 0.10625 0.90625 0.091406 0.90625
0 0.122656 0.900521 0.139453 0.900521 0.139453 0.923958 0.122656 0.923958
0 0.096875 0.923958 0.113672 0.923958 0.113672 0.950521 0.096875 0.950521
0 0.002734 0.910417 0.019531 0.910417 0.019531 0.929167 0.002734 0.929167
0 0.044141 0.830208 0.062891 0.830208 0.062891 0.847917 0.044141 0.847917
0 0.137891 0.970833 0.160938 0.970833 0.160938 0.992708 0.137891 0.992708
0 0.075 0.960938 0.098828 0.960938 0.098828 0.980208 0.075 0.980208
0 0.044531 0.861458 0.062891 0.861458 0.062891 0.885417 0.044531 0.885417
0 0.023828 0.911458 0.041016 0.911458 0.041016 0.938021 0.023828 0.938021
0 0.241406 0.844792 0.257422 0.844792 0.257422 0.866667 0.241406 0.866667
0 0.221094 0.855729 0.2375 0.855729 0.2375 0.872396 0.221094 0.872396
0 0.198828 0.829688 0.214062 0.829688 0.214062 0.847396 0.198828 0.847396
0 0.187891 0.879167 0.205078 0.879167 0.205078 0.902083 0.187891 0.902083
0 0.219531 0.883333 0.2375 0.883333 0.2375 0.905208 0.219531 0.905208
0 0.210938 0.907812 0.229297 0.907812 0.229297 0.930208 0.210938 0.930208
0 0.264844 0.860938 0.279688 0.860938 0.279688 0.877083 0.264844 0.877083
0 0.355469 0.854688 0.369531 0.854688 0.369531 0.876562 0.355469 0.876562
0 0.191797 0.786458 0.208984 0.786458 0.208984 0.805729 0.191797 0.805729
0 0.252344 0.898438 0.268359 0.898438 0.268359 0.922396 0.252344 0.922396
0 0.241406 0.931771 0.255859 0.931771 0.255859 0.954688 0.241406 0.954688
0 0.375 0.902604 0.390234 0.902604 0.390234 0.93125 0.375 0.93125
0 0.344922 0.895833 0.360156 0.895833 0.360156 0.920312 0.344922 0.920312
0 0.392578 0.938021 0.410156 0.938021 0.410156 0.963021 0.392578 0.963021
0 0.4 0.849479 0.415234 0.849479 0.415234 0.870833 0.4 0.870833
0 0.419531 0.879167 0.439062 0.879167 0.439062 0.902083 0.419531 0.902083
0 0.430469 0.835417 0.445312 0.835417 0.445312 0.855729 0.430469 0.855729
0 0.455469 0.846875 0.473828 0.846875 0.473828 0.866146 0.455469 0.866146
0 0.463672 0.893229 0.479688 0.893229 0.479688 0.916146 0.463672 0.916146
0 0.290625 0.630729 0.304688 0.630729 0.304688 0.652604 0.290625 0.652604
0 0.40625 0.724479 0.425 0.724479 0.425 0.741146 0.40625 0.741146
0 0.426953 0.757812 0.446875 0.757812 0.446875 0.78125 0.426953 0.78125
0 0.452734 0.776042 0.471484 0.776042 0.471484 0.797396 0.452734 0.797396
0 0.442578 0.734375 0.458984 0.734375 0.458984 0.753646 0.442578 0.753646
0 0.487109 0.752604 0.508984 0.752604 0.508984 0.772917 0.487109 0.772917
0 0.465234 0.676042 0.481641 0.676042 0.481641 0.697396 0.465234 0.697396
0 0.494141 0.689062 0.511719 0.689062 0.511719 0.711979 0.494141 0.711979
0 0.517188 0.679167 0.535938 0.679167 0.535938 0.703646 0.517188 0.703646
0 0.521094 0.73125 0.538672 0.73125 0.538672 0.754688 0.521094 0.754688
0 0.551172 0.749479 0.567969 0.749479 0.567969 0.774479 0.551172 0.774479
0 0.494531 0.820833 0.511719 0.820833 0.511719 0.845833 0.494531 0.845833
0 0.466406 0.811458 0.482031 0.811458 0.482031 0.834896 0.466406 0.834896
0 0.441406 0.815625 0.45625 0.815625 0.45625 0.834896 0.441406 0.834896
0 0.436719 0.700521 0.460938 0.700521 0.460938 0.721875 0.436719 0.721875
0 0.475781 0.708854 0.494922 0.708854 0.494922 0.735938 0.475781 0.735938
0 0.441406 0.673438 0.459766 0.673438 0.459766 0.692188 0.441406 0.692188
0 0.450781 0.644792 0.469531 0.644792 0.469531 0.6625 0.450781 0.6625
0 0.496484 0.659896 0.517188 0.659896 0.517188 0.678646 0.496484 0.678646
0 0.350781 0.969271 0.370703 0.969271 0.370703 0.991146 0.350781 0.991146
0 0.417969 0.959896 0.439453 0.959896 0.439453 0.989062 0.417969 0.989062
0 0.491797 0.8625 0.512109 0.8625 0.512109 0.882812 0.491797 0.882812
0 0.4875 0.890104 0.503516 0.890104 0.503516 0.916667 0.4875 0.916667
0 0.405469 0.897917 0.41875 0.897917 0.41875 0.922396 0.405469 0.922396
0 0.532031 0.90625 0.552344 0.90625 0.552344 0.933333 0.532031 0.933333
0 0.532031 0.849479 0.551953 0.849479 0.551953 0.869271 0.532031 0.869271
0 0.533203 0.778646 0.551953 0.778646 0.551953 0.794792 0.533203 0.794792
0 0.582031 0.782812 0.599609 0.782812 0.599609 0.804688 0.582031 0.804688
0 0.608984 0.76875 0.627344 0.76875 0.627344 0.789583 0.608984 0.789583
0 0.588281 0.7375 0.603516 0.7375 0.603516 0.761979 0.588281 0.761979
0 0.629297 0.760417 0.646094 0.760417 0.646094 0.779688 0.629297 0.779688
0 0.671094 0.786979 0.686328 0.786979 0.686328 0.813021 0.671094 0.813021
0 0.619922 0.789583 0.634766 0.789583 0.634766 0.814062 0.619922 0.814062
0 0.639844 0.813021 0.655469 0.813021 0.655469 0.839062 0.639844 0.839062
0 0.587891 0.83125 0.603516 0.83125 0.603516 0.854688 0.587891 0.854688
0 0.548438 0.804688 0.565234 0.804688 0.565234 0.829167 0.548438 0.829167
0 0.570703 0.81875 0.585938 0.81875 0.585938 0.839583 0.570703 0.839583
0 0.566016 0.861458 0.587891 0.861458 0.587891 0.882292 0.566016 0.882292
0 0.604688 0.850521 0.622266 0.850521 0.622266 0.877604 0.604688 0.877604
0 0.623438 0.845833 0.638672 0.845833 0.638672 0.872396 0.623438 0.872396
0 0.377734 0.973438 0.394922 0.973438 0.394922 0.989583 0.377734 0.989583
0 0.520312 0.960417 0.535547 0.960417 0.535547 0.985938 0.520312 0.985938
0 0.555859 0.959375 0.573828 0.959375 0.573828 0.980729 0.555859 0.980729
0 0.585156 0.969271 0.608594 0.969271 0.608594 0.990104 0.585156 0.990104
0 0.628516 0.945312 0.645703 0.945312 0.645703 0.975521 0.628516 0.975521
0 0.559766 0.895312 0.579688 0.895312 0.579688 0.924479 0.559766 0.924479
0 0.592969 0.901562 0.612109 0.901562 0.612109 0.924479 0.592969 0.924479
0 0.645703 0.882812 0.661719 0.882812 0.661719 0.906771 0.645703 0.906771
0 0.663672 0.829167 0.680859 0.829167 0.680859 0.859896 0.663672 0.859896
0 0.670703 0.873958 0.685938 0.873958 0.685938 0.897917 0.670703 0.897917
0 0.697266 0.909375 0.711719 0.909375 0.711719 0.940104 0.697266 0.940104
0 0.682812 0.968229 0.698438 0.968229 0.698438 0.995833 0.682812 0.995833
0 0.709766 0.978646 0.724219 0.978646 0.724219 0.999479 0.709766 0.999479
0 0.688281 0.820833 0.704688 0.820833 0.704688 0.845833 0.688281 0.845833
0 0.691016 0.85625 0.705469 0.85625 0.705469 0.881771 0.691016 0.881771
0 0.711719 0.867188 0.724609 0.867188 0.724609 0.895833 0.711719 0.895833
0 0.735156 0.855208 0.750781 0.855208 0.750781 0.886979 0.735156 0.886979
0 0.730859 0.933854 0.751562 0.933854 0.751562 0.955729 0.730859 0.955729
0 0.664844 0.917188 0.684375 0.917188 0.684375 0.939062 0.664844 0.939062
0 0.729297 0.965104 0.739453 0.965104 0.739453 0.984896 0.729297 0.984896
0 0.788281 0.859896 0.803125 0.859896 0.803125 0.884375 0.788281 0.884375
0 0.798047 0.894792 0.815625 0.894792 0.815625 0.921875 0.798047 0.921875
0 0.798047 0.940104 0.812109 0.940104 0.812109 0.961979 0.798047 0.961979
0 0.812109 0.966667 0.825781 0.966667 0.825781 0.992188 0.812109 0.992188
0 0.837109 0.957812 0.850391 0.957812 0.850391 0.975521 0.837109 0.975521
0 0.857422 0.972917 0.870312 0.972917 0.870312 0.99375 0.857422 0.99375
0 0.877734 0.933333 0.892578 0.933333 0.892578 0.953125 0.877734 0.953125
0 0.887891 0.894271 0.904297 0.894271 0.904297 0.913542 0.887891 0.913542
0 0.904297 0.927604 0.920703 0.927604 0.920703 0.942708 0.904297 0.942708
0 0.929688 0.916667 0.945703 0.916667 0.945703 0.938021 0.929688 0.938021
0 0.884375 0.851042 0.903906 0.851042 0.903906 0.871354 0.884375 0.871354
0 0.877734 0.816146 0.892969 0.816146 0.892969 0.833854 0.877734 0.833854
0 0.844141 0.827604 0.860156 0.827604 0.860156 0.846354 0.844141 0.846354
0 0.902734 0.807812 0.920312 0.807812 0.920312 0.826042 0.902734 0.826042
0 0.963281 0.833854 0.983984 0.833854 0.983984 0.8625 0.963281 0.8625
0 0.967188 0.715104 0.982031 0.715104 0.982031 0.731771 0.967188 0.731771
0 0.972656 0.736979 0.989844 0.736979 0.989844 0.755208 0.972656 0.755208
0 0.814453 0.68125 0.832422 0.68125 0.832422 0.702083 0.814453 0.702083
0 0.831641 0.579688 0.848047 0.579688 0.848047 0.605729 0.831641 0.605729
0 0.842969 0.625521 0.861719 0.625521 0.861719 0.645833 0.842969 0.645833
0 0.842969 0.651562 0.861328 0.651562 0.861328 0.676562 0.842969 0.676562
0 0.951172 0.630208 0.970703 0.630208 0.970703 0.653125 0.951172 0.653125
0 0.975781 0.645833 0.991016 0.645833 0.991016 0.670312 0.975781 0.670312
0 0.977344 0.613542 0.998047 0.613542 0.998047 0.634375 0.977344 0.634375