0 0.0 0.120833 0.014844 0.120833 0.014844 0.148438 0.0 0.148438
0 0.026953 0.141146 0.04375 0.141146 0.04375 0.159896 0.026953 0.159896
0 0.055469 0.139062 0.075781 0.139062 0.075781 0.161458 0.055469 0.161458
0 0.049609 0.115104 0.063281 0.115104 0.063281 0.133854 0.049609 0.133854
0 0.074219 0.111979 0.092969 0.111979 0.092969 0.138021 0.074219 0.138021
0 0.013672 0.170833 0.028906 0.170833 0.028906 0.198958 0.013672 0.198958
0 0.035938 0.186458 0.053516 0.186458 0.053516 0.216667 0.035938 0.216667
0 0.069141 0.172396 0.090234 0.172396 0.090234 0.19375 0.069141 0.19375
0 0.09375 0.197396 0.112891 0.197396 0.112891 0.224479 0.09375 0.224479
0 0.064453 0.226562 0.082422 0.226562 0.082422 0.245312 0.064453 0.245312
0 0.089453 0.232292 0.109766 0.232292 0.109766 0.256771 0.089453 0.256771
0 0.119922 0.245312 0.136328 0.245312 0.136328 0.277083 0.119922 0.277083
0 0.065625 0.260938 0.084375 0.260938 0.084375 0.291667 0.065625 0.291667
0 0.008594 0.269792 0.030469 0.269792 0.030469 0.29375 0.008594 0.29375
0 0.003516 0.332812 0.019922 0.332812 0.019922 0.355208 0.003516 0.355208
0 0.016016 0.301042 0.0375 0.301042 0.0375 0.320312 0.016016 0.320312
0 0.034375 0.319271 0.05 0.319271 0.05 0.352604 0.034375 0.352604
0 0.058594 0.304167 0.082031 0.304167 0.082031 0.328646 0.058594 0.328646
0 0.054688 0.342708 0.070312 0.342708 0.070312 0.369792 0.054688 0.369792
0 0.087891 0.344271 0.104297 0.344271 0.104297 0.367708 0.087891 0.367708
0 0.115234 0.298958 0.134766 0.298958 0.134766 0.320833 0.115234 0.320833
0 0.098047 0.265625 0.115625 0.265625 0.115625 0.289583 0.098047 0.289583
0 0.000391 0.488021 0.01875 0.488021 0.01875 0.514062 0.000391 0.514062
0 0.015234 0.522396 0.033203 0.522396 0.033203 0.551042 0.015234 0.551042
0 0.038281 0.526562 0.05625 0.526562 0.05625 0.558854 0.038281 0.558854
0 0.080859 0.511979 0.098438 0.511979 0.098438 0.542188 0.080859 0.542188
0 0.117969 0.530729 0.130859 0.530729 0.130859 0.564062 0.117969 0.564062
0 0.047656 0.427604 0.063672 0.427604 0.063672 0.454167 0.047656 0.454167
0 0.067969 0.443229 0.0875 0.443229 0.0875 0.464062 0.067969 0.464062
0 0.0 0.613021 0.014844 0.613021 0.014844 0.638542 0.0 0.638542
0 0.040234 0.623958 0.057422 0.623958 0.057422 0.646354 0.040234 0.646354
0 0.061719 0.574479 0.076953 0.574479 0.076953 0.597396 0.061719 0.597396
0 0.079688 0.592708 0.096094 0.592708 0.096094 0.619271 0.079688 0.619271
0 0.001953 0.65625 0.020703 0.65625 0.020703 0.679167 0.001953 0.679167
0 0.071094 0.652083 0.085547 0.652083 0.085547 0.676042 0.071094 0.676042
0 0.023438 0.683333 0.0375 0.683333 0.0375 0.709375 0.023438 0.709375
0 0.003516 0.854688 0.016797 0.854688 0.016797 0.882292 0.003516 0.882292
0 0.011328 0.874479 0.034375 0.874479 0.034375 0.894271 0.011328 0.894271
0 0.022656 0.904688 0.044531 0.904688 0.044531 0.927083 0.022656 0.927083
0 0.032422 0.981771 0.048828 0.981771 0.048828 0.999479 0.032422 0.999479
0 0.195703 0.08125 0.222656 0.08125 0.222656 0.105208 0.195703 0.105208
0 0.191016 0.104688 0.206641 0.104688 0.206641 0.125521 0.191016 0.125521
0 0.216406 0.108333 0.234375 0.108333 0.234375 0.138021 0.216406 0.138021
0 0.169922 0.161979 0.191016 0.161979 0.191016 0.188542 0.169922 0.188542
0 0.182812 0.129167 0.199609 0.129167 0.199609 0.157812 0.182812 0.157812
0 0.213281 0.176562 0.237109 0.176562 0.237109 0.205208 0.213281 0.205208
0 0.246875 0.119271 0.268359 0.119271 0.268359 0.139583 0.246875 0.139583
0 0.262891 0.154688 0.283203 0.154688 0.283203 0.179167 0.262891 0.179167
0 0.289062 0.123438 0.311719 0.123438 0.311719 0.147396 0.289062 0.147396
0 0.294922 0.090625 0.316797 0.090625 0.316797 0.111979 0.294922 0.111979
0 0.30625 0.019271 0.326562 0.019271 0.326562 0.040104 0.30625 0.040104
0 0.330469 0.010417 0.350781 0.010417 0.350781 0.033854 0.330469 0.033854
0 0.34375 0.044792 0.364453 0.044792 0.364453 0.069271 0.34375 0.069271
0 0.295703 0.051042 0.320312 0.051042 0.320312 0.073958 0.295703 0.073958
0 0.392188 0.027604 0.410547 0.027604 0.410547 0.063542 0.392188 0.063542
0 0.378125 0.095312 0.395312 0.095312 0.395312 0.125 0.378125 0.125
0 0.344922 0.114583 0.366016 0.114583 0.366016 0.14375 0.344922 0.14375
0 0.461328 0.031771 0.484766 0.031771 0.484766 0.057812 0.461328 0.057812
0 0.422656 0.066146 0.436719 0.066146 0.436719 0.098438 0.422656 0.098438
0 0.441797 0.082292 0.461719 0.082292 0.461719 0.114583 0.441797 0.114583
0 0.467188 0.082812 0.485938 0.082812 0.485938 0.10625 0.467188 0.10625
0 0.496875 0.080729 0.517969 0.080729 0.517969 0.107812 0.496875 0.107812
0 0.524609 0.081771 0.545703 0.081771 0.545703 0.105208 0.524609 0.105208
0 0.4125 0.109896 0.43125 0.109896 0.43125 0.139583 0.4125 0.139583
0 0.438281 0.136458 0.455859 0.136458 0.455859 0.164583 0.438281 0.164583
0 0.479688 0.157812 0.498047 0.157812 0.498047 0.184375 0.479688 0.184375
0 0.496094 0.133854 0.514062 0.133854 0.514062 0.156771 0.496094 0.156771
0 0.469922 0.117708 0.491016 0.117708 0.491016 0.1375 0.469922 0.1375
0 0.371094 0.153646 0.392188 0.153646 0.392188 0.176562 0.371094 0.176562
0 0.401562 0.180208 0.41875 0.180208 0.41875 0.207812 0.401562 0.207812
0 0.456641 0.173438 0.472266 0.173438 0.472266 0.202083 0.456641 0.202083
0 0.480469 0.188542 0.498047 0.188542 0.498047 0.209375 0.480469 0.209375
0 0.496484 0.216146 0.514453 0.216146 0.514453 0.234896 0.496484 0.234896
0 0.523047 0.191146 0.537891 0.191146 0.537891 0.216146 0.523047 0.216146
0 0.187891 0.239583 0.208203 0.239583 0.208203 0.271875 0.187891 0.271875
0 0.211719 0.235938 0.229688 0.235938 0.229688 0.267708 0.211719 0.267708
0 0.247656 0.213021 0.271875 0.213021 0.271875 0.236979 0.247656 0.236979
0 0.282812 0.179167 0.300391 0.179167 0.300391 0.204688 0.282812 0.204688
0 0.315625 0.181771 0.333984 0.181771 0.333984 0.210938 0.315625 0.210938
0 0.353125 0.190625 0.369531 0.190625 0.369531 0.216146 0.353125 0.216146
0 0.372266 0.207812 0.391406 0.207812 0.391406 0.232812 0.372266 0.232812
0 0.302344 0.235938 0.321875 0.235938 0.321875 0.25625 0.302344 0.25625
0 0.279688 0.270312 0.298047 0.270312 0.298047 0.292188 0.279688 0.292188
0 0.307031 0.286458 0.325 0.286458 0.325 0.307292 0.307031 0.307292
0 0.317969 0.315104 0.337109 0.315104 0.337109 0.335417 0.317969 0.335417
0 0.221484 0.297396 0.250781 0.297396 0.250781 0.324479 0.221484 0.324479
0 0.178516 0.317188 0.199219 0.317188 0.199219 0.334896 0.178516 0.334896
0 0.181641 0.342708 0.198047 0.342708 0.198047 0.364583 0.181641 0.364583
0 0.197266 0.361458 0.213672 0.361458 0.213672 0.3875 0.197266 0.3875
0 0.172266 0.400521 0.1875 0.400521 0.1875 0.419792 0.172266 0.419792
0 0.205469 0.415625 0.223047 0.415625 0.223047 0.438021 0.205469 0.438021
0 0.175 0.43125 0.191406 0.43125 0.191406 0.450521 0.175 0.450521
0 0.201172 0.456771 0.219531 0.456771 0.219531 0.482812 0.201172 0.482812
0 0.199609 0.493229 0.216797 0.493229 0.216797 0.513542 0.199609 0.513542
0 0.220703 0.520312 0.237109 0.520312 0.237109 0.54375 0.220703 0.54375
0 0.239062 0.551042 0.253516 0.551042 0.253516 0.571875 0.239062 0.571875
0 0.24375 0.451562 0.267969 0.451562 0.267969 0.478125 0.24375 0.478125
0 0.267969 0.331771 0.291797 0.331771 0.291797 0.361979 0.267969 0.361979
0 0.30625 0.341146 0.328906 0.341146 0.328906 0.361979 0.30625 0.361979
0 0.321094 0.372396 0.341016 0.372396 0.341016 0.395833 0.321094 0.395833
0 0.353516 0.358854 0.370312 0.358854 0.370312 0.389062 0.353516 0.389062
0 0.251563 0.369792 0.270703 0.369792 0.270703 0.394792 0.251563 0.394792
0 0.228125 0.389583 0.246484 0.389583 0.246484 0.422396 0.228125 0.422396
0 0.258203 0.406771 0.277344 0.406771 0.277344 0.427604 0.258203 0.427604
0 0.300781 0.43125 0.320312 0.43125 0.320312 0.457812 0.300781 0.457812
0 0.280859 0.476042 0.301953 0.476042 0.301953 0.501562 0.280859 0.501562
0 0.285938 0.519792 0.304688 0.519792 0.304688 0.546875 0.285938 0.546875
0 0.319141 0.509896 0.335547 0.509896 0.335547 0.534896 0.319141 0.534896
0 0.3375 0.472396 0.356641 0.472396 0.356641 0.505729 0.3375 0.505729
0 0.368359 0.480208 0.386328 0.480208 0.386328 0.509896 0.368359 0.509896
0 0.350781 0.521354 0.365625 0.521354 0.365625 0.552083 0.350781 0.552083
0 0.306641 0.542188 0.325781 0.542188 0.325781 0.567708 0.306641 0.567708
0 0.283594 0.554167 0.301562 0.554167 0.301562 0.572396 0.283594 0.572396
0 0.273828 0.578646 0.287891 0.578646 0.287891 0.6 0.273828 0.6
0 0.383203 0.524479 0.398438 0.524479 0.398438 0.55 0.383203 0.55
0 0.398047 0.505729 0.412891 0.505729 0.412891 0.534375 0.398047 0.534375
0 0.403516 0.43125 0.421094 0.43125 0.421094 0.463542 0.403516 0.463542
0 0.3 0.582812 0.314844 0.582812 0.314844 0.601562 0.3 0.601562
0 0.597656 0.058333 0.613672 0.058333 0.613672 0.078125 0.597656 0.078125
0 0.621484 0.078646 0.637891 0.078646 0.637891 0.103125 0.621484 0.103125
0 0.641797 0.098958 0.658594 0.098958 0.658594 0.125 0.641797 0.125
0 0.683203 0.071875 0.706641 0.071875 0.706641 0.096354 0.683203 0.096354
0 0.717578 0.090625 0.740625 0.090625 0.740625 0.114583 0.717578 0.114583
0 0.732812 0.055729 0.751562 0.055729 0.751562 0.077604 0.732812 0.077604
0 0.744922 0.109896 0.769531 0.109896 0.769531 0.133333 0.744922 0.133333
0 0.608984 0.123958 0.629688 0.123958 0.629688 0.146354 0.608984 0.146354
0 0.623828 0.158333 0.641797 0.158333 0.641797 0.181771 0.623828 0.181771
0 0.584766 0.160417 0.602734 0.160417 0.602734 0.190625 0.584766 0.190625
0 0.657031 0.117708 0.675 0.117708 0.675 0.146875 0.657031 0.146875
0 0.686328 0.115625 0.708594 0.115625 0.708594 0.142708 0.686328 0.142708
0 0.584375 0.197917 0.600391 0.197917 0.600391 0.228125 0.584375 0.228125
0 0.622266 0.216667 0.644141 0.216667 0.644141 0.242188 0.622266 0.242188
0 0.5625 0.213542 0.579688 0.213542 0.579688 0.238021 0.5625 0.238021
0 0.539844 0.208854 0.555859 0.208854 0.555859 0.238021 0.539844 0.238021
0 0.404688 0.216146 0.424609 0.216146 0.424609 0.2375 0.404688 0.2375
0 0.390625 0.239583 0.407812 0.239583 0.407812 0.269792 0.390625 0.269792
0 0.491797 0.250521 0.516797 0.250521 0.516797 0.275 0.491797 0.275
0 0.434766 0.336979 0.452344 0.336979 0.452344 0.361979 0.434766 0.361979
0 0.461719 0.358854 0.48125 0.358854 0.48125 0.38125 0.461719 0.38125
0 0.489453 0.352604 0.510547 0.352604 0.510547 0.374479 0.489453 0.374479
0 0.494531 0.308854 0.517969 0.308854 0.517969 0.335417 0.494531 0.335417
0 0.475781 0.284896 0.492188 0.284896 0.492188 0.305729 0.475781 0.305729
0 0.528516 0.275521 0.545703 0.275521 0.545703 0.302604 0.528516 0.302604
0 0.548438 0.261979 0.567188 0.261979 0.567188 0.292708 0.548438 0.292708
0 0.596484 0.253125 0.611328 0.253125 0.611328 0.282292 0.596484 0.282292
0 0.621484 0.281771 0.641406 0.281771 0.641406 0.305208 0.621484 0.305208
0 0.529297 0.323958 0.549609 0.323958 0.549609 0.347917 0.529297 0.347917
0 0.567969 0.297396 0.582422 0.297396 0.582422 0.31875 0.567969 0.31875
0 0.590625 0.297917 0.607812 0.297917 0.607812 0.325 0.590625 0.325
0 0.611719 0.327604 0.627734 0.327604 0.627734 0.353646 0.611719 0.353646
0 0.651172 0.313542 0.669141 0.313542 0.669141 0.345312 0.651172 0.345312
0 0.5875 0.363542 0.60625 0.363542 0.60625 0.390104 0.5875 0.390104
0 0.517578 0.375 0.540234 0.375 0.540234 0.401042 0.517578 0.401042
0 0.55625 0.395833 0.575781 0.395833 0.575781 0.419271 0.55625 0.419271
0 0.591797 0.397917 0.607812 0.397917 0.607812 0.424479 0.591797 0.424479
0 0.475 0.4 0.489844 0.4 0.489844 0.423958 0.475 0.423958
0 0.442578 0.398958 0.457422 0.398958 0.457422 0.424479 0.442578 0.424479
0 0.490625 0.428646 0.505859 0.428646 0.505859 0.454688 0.490625 0.454688
0 0.458594 0.435938 0.476562 0.435938 0.476562 0.455208 0.458594 0.455208
0 0.732031 0.153646 0.751953 0.153646 0.751953 0.170312 0.732031 0.170312
0 0.746875 0.178646 0.769141 0.178646 0.769141 0.196875 0.746875 0.196875
0 0.705469 0.180208 0.728906 0.180208 0.728906 0.205729 0.705469 0.205729
0 0.774609 0.209896 0.798828 0.209896 0.798828 0.236458 0.774609 0.236458
0 0.757812 0.234896 0.782422 0.234896 0.782422 0.255729 0.757812 0.255729
0 0.728516 0.221354 0.746484 0.221354 0.746484 0.242188 0.728516 0.242188
0 0.702734 0.249479 0.723438 0.249479 0.723438 0.275521 0.702734 0.275521
0 0.653906 0.257812 0.670703 0.257812 0.670703 0.28125 0.653906 0.28125
0 0.679688 0.264062 0.695703 0.264062 0.695703 0.290104 0.679688 0.290104
0 0.670703 0.210938 0.694922 0.210938 0.694922 0.230208 0.670703 0.230208
0 0.695703 0.289062 0.711719 0.289062 0.711719 0.3125 0.695703 0.3125
0 0.679297 0.311979 0.696484 0.311979 0.696484 0.3375 0.679297 0.3375
0 0.703125 0.320833 0.724219 0.320833 0.724219 0.34375 0.703125 0.34375
0 0.670312 0.153646 0.689844 0.153646 0.689844 0.180208 0.670312 0.180208
0 0.782812 0.055729 0.801562 0.055729 0.801562 0.079688 0.782812 0.079688
0 0.816406 0.05 0.833203 0.05 0.833203 0.072396 0.816406 0.072396
0 0.839453 0.053125 0.855078 0.053125 0.855078 0.079688 0.839453 0.079688
0 0.820312 0.088542 0.845312 0.088542 0.845312 0.115625 0.820312 0.115625
0 0.781641 0.115625 0.801562 0.115625 0.801562 0.144792 0.781641 0.144792
0 0.808203 0.140104 0.826953 0.140104 0.826953 0.163542 0.808203 0.163542
0 0.800391 0.082292 0.816797 0.082292 0.816797 0.108854 0.800391 0.108854
0 0.864453 0.115104 0.880859 0.115104 0.880859 0.139583 0.864453 0.139583
0 0.842188 0.152604 0.865625 0.152604 0.865625 0.175521 0.842188 0.175521
0 0.872266 0.152083 0.894922 0.152083 0.894922 0.182292 0.872266 0.182292
0 0.90625 0.128646 0.924609 0.128646 0.924609 0.153125 0.90625 0.153125
0 0.899219 0.163542 0.914062 0.163542 0.914062 0.190625 0.899219 0.190625
0 0.921094 0.156771 0.937109 0.156771 0.937109 0.182812 0.921094 0.182812
0 0.800781 0.19375 0.819922 0.19375 0.819922 0.223438 0.800781 0.223438
0 0.846875 0.188021 0.872266 0.188021 0.872266 0.208854 0.846875 0.208854
0 0.821875 0.222396 0.835938 0.222396 0.835938 0.257812 0.821875 0.257812
0 0.842578 0.222396 0.863672 0.222396 0.863672 0.242188 0.842578 0.242188
0 0.900781 0.260417 0.916406 0.260417 0.916406 0.2875 0.900781 0.2875
0 0.925391 0.253646 0.942188 0.253646 0.942188 0.279688 0.925391 0.279688
0 0.960547 0.270833 0.979688 0.270833 0.979688 0.301562 0.960547 0.301562
0 0.882031 0.299479 0.905469 0.299479 0.905469 0.319271 0.882031 0.319271
0 0.920312 0.3 0.942578 0.3 0.942578 0.327083 0.920312 0.327083
0 0.899219 0.33125 0.921094 0.33125 0.921094 0.354688 0.899219 0.354688
0 0.971094 0.339583 0.992578 0.339583 0.992578 0.363542 0.971094 0.363542
0 0.908984 0.360417 0.932812 0.360417 0.932812 0.385938 0.908984 0.385938
0 0.954297 0.386458 0.975391 0.386458 0.975391 0.408333 0.954297 0.408333
0 0.870312 0.371875 0.889453 0.371875 0.889453 0.396875 0.870312 0.396875
0 0.829688 0.364583 0.848438 0.364583 0.848438 0.394792 0.829688 0.394792
0 0.801562 0.350521 0.820703 0.350521 0.820703 0.376042 0.801562 0.376042
0 0.839062 0.401562 0.860156 0.401562 0.860156 0.430208 0.839062 0.430208
0 0.779297 0.404688 0.798828 0.404688 0.798828 0.426562 0.779297 0.426562
0 0.803125 0.43125 0.826562 0.43125 0.826562 0.454688 0.803125 0.454688
0 0.846875 0.444271 0.865234 0.444271 0.865234 0.467188 0.846875 0.467188
0 0.874219 0.434896 0.889453 0.434896 0.889453 0.461458 0.874219 0.461458
0 0.885156 0.408333 0.900781 0.408333 0.900781 0.428646 0.885156 0.428646
0 0.909766 0.408854 0.925 0.408854 0.925 0.433333 0.909766 0.433333
0 0.931641 0.404167 0.948047 0.404167 0.948047 0.427083 0.931641 0.427083
0 0.952734 0.425 0.976953 0.425 0.976953 0.448438 0.952734 0.448438
0 0.891406 0.452083 0.906641 0.452083 0.906641 0.470833 0.891406 0.470833
0 0.911719 0.468229 0.931641 0.468229 0.931641 0.490625 0.911719 0.490625
0 0.934766 0.465104 0.95 0.465104 0.95 0.488021 0.934766 0.488021
0 0.959375 0.466667 0.983594 0.466667 0.983594 0.490625 0.959375 0.490625
0 0.631641 0.353125 0.651562 0.353125 0.651562 0.377604 0.631641 0.377604
0 0.666406 0.354167 0.687891 0.354167 0.687891 0.379688 0.666406 0.379688
0 0.469141 0.457292 0.491016 0.457292 0.491016 0.477604 0.469141 0.477604
0 0.554297 0.429167 0.573438 0.429167 0.573438 0.448438 0.554297 0.448438
0 0.142969 0.741146 0.1625 0.741146 0.1625 0.773438 0.142969 0.773438
0 0.196875 0.74375 0.214453 0.74375 0.214453 0.766146 0.196875 0.766146
0 0.225781 0.733854 0.242188 0.733854 0.242188 0.757292 0.225781 0.757292
0 0.213672 0.695312 0.232812 0.695312 0.232812 0.719271 0.213672 0.719271
0 0.248438 0.692188 0.269922 0.692188 0.269922 0.713021 0.248438 0.713021
0 0.297266 0.696354 0.316406 0.696354 0.316406 0.715625 0.297266 0.715625
0 0.275391 0.736458 0.288672 0.736458 0.288672 0.758854 0.275391 0.758854
0 0.293359 0.748438 0.308984 0.748438 0.308984 0.770833 0.293359 0.770833
0 0.317188 0.747917 0.333203 0.747917 0.333203 0.773958 0.317188 0.773958
0 0.244531 0.770833 0.264844 0.770833 0.264844 0.794271 0.244531 0.794271
0 0.273047 0.788542 0.291797 0.788542 0.291797 0.809896 0.273047 0.809896
0 0.310938 0.8 0.323828 0.8 0.323828 0.827604 0.310938 0.827604
0 0.246875 0.818229 0.264062 0.818229 0.264062 0.847396 0.246875 0.847396
0 0.141406 0.838542 0.158594 0.838542 0.158594 0.861979 0.141406 0.861979
0 0.169922 0.864062 0.188281 0.864062 0.188281 0.88125 0.169922 0.88125
0 0.173828 0.816667 0.191016 0.816667 0.191016 0.835417 0.173828 0.835417
0 0.192969 0.801042 0.208984 0.801042 0.208984 0.821875 0.192969 0.821875
0 0.216797 0.807812 0.233984 0.807812 0.233984 0.834375 0.216797 0.834375
0 0.191797 0.832812 0.208984 0.832812 0.208984 0.854688 0.191797 0.854688
0 0.210938 0.861979 0.225781 0.861979 0.225781 0.878125 0.210938 0.878125
0 0.233984 0.850521 0.246875 0.850521 0.246875 0.866146 0.233984 0.866146
0 0.224219 0.903125 0.244141 0.903125 0.244141 0.920312 0.224219 0.920312
0 0.2 0.888542 0.214453 0.888542 0.214453 0.905208 0.2 0.905208
0 0.129688 0.916146 0.150391 0.916146 0.150391 0.936979 0.129688 0.936979
0 0.154297 0.956771 0.173047 0.956771 0.173047 0.984896 0.154297 0.984896
0 0.11875 0.954167 0.136719 0.954167 0.136719 0.980208 0.11875 0.980208
0 0.159766 0.895833 0.176953 0.895833 0.176953 0.919271 0.159766 0.919271
0 0.176953 0.929167 0.195703 0.929167 0.195703 0.948438 0.176953 0.948438
0 0.183984 0.960938 0.201172 0.960938 0.201172 0.979688 0.183984 0.979688
0 0.227344 0.960938 0.245703 0.960938 0.245703 0.979167 0.227344 0.979167
0 0.148047 0.805208 0.166406 0.805208 0.166406 0.825 0.148047 0.825
0 0.276172 0.848958 0.3 0.848958 0.3 0.869792 0.276172 0.869792
0 0.327344 0.848438 0.346094 0.848438 0.346094 0.870833 0.327344 0.870833
0 0.293359 0.875521 0.311328 0.875521 0.311328 0.897917 0.293359 0.897917
0 0.34375 0.809896 0.366016 0.809896 0.366016 0.835938 0.34375 0.835938
0 0.369141 0.817708 0.383984 0.817708 0.383984 0.84375 0.369141 0.84375
0 0.332031 0.771875 0.346484 0.771875 0.346484 0.796875 0.332031 0.796875
0 0.386719 0.872917 0.409766 0.872917 0.409766 0.897396 0.386719 0.897396
0 0.399609 0.85 0.415234 0.85 0.415234 0.868229 0.399609 0.868229
0 0.362109 0.884896 0.379688 0.884896 0.379688 0.909375 0.362109 0.909375
0 0.374609 0.916146 0.393359 0.916146 0.393359 0.938542 0.374609 0.938542
0 0.323438 0.974479 0.341016 0.974479 0.341016 0.996875 0.323438 0.996875
0 0.354297 0.948958 0.371484 0.948958 0.371484 0.980208 0.354297 0.980208
0 0.396875 0.969271 0.415234 0.969271 0.415234 0.992188 0.396875 0.992188
0 0.419141 0.925 0.443359 0.925 0.443359 0.948438 0.419141 0.948438
0 0.431641 0.95625 0.453516 0.95625 0.453516 0.979167 0.431641 0.979167
0 0.424609 0.883333 0.446094 0.883333 0.446094 0.906771 0.424609 0.906771
0 0.439062 0.751042 0.455469 0.751042 0.455469 0.773438 0.439062 0.773438
0 0.467188 0.788021 0.483594 0.788021 0.483594 0.811979 0.467188 0.811979
0 0.494141 0.784375 0.510156 0.784375 0.510156 0.809896 0.494141 0.809896
0 0.378516 0.656771 0.394531 0.656771 0.394531 0.68125 0.378516 0.68125
0 0.401953 0.678125 0.417578 0.678125 0.417578 0.704688 0.401953 0.704688
0 0.411719 0.653646 0.430469 0.653646 0.430469 0.674479 0.411719 0.674479
0 0.442969 0.659375 0.462109 0.659375 0.462109 0.680208 0.442969 0.680208
0 0.452734 0.690625 0.472266 0.690625 0.472266 0.715625 0.452734 0.715625
0 0.480859 0.666146 0.499219 0.666146 0.499219 0.693229 0.480859 0.693229
0 0.474609 0.623438 0.492969 0.623438 0.492969 0.649479 0.474609 0.649479
0 0.429297 0.706771 0.449219 0.706771 0.449219 0.73125 0.429297 0.73125
0 0.512109 0.673438 0.530469 0.673438 0.530469 0.700521 0.512109 0.700521
0 0.494922 0.70625 0.508984 0.70625 0.508984 0.726042 0.494922 0.726042
0 0.505859 0.61875 0.524609 0.61875 0.524609 0.646875 0.505859 0.646875
0 0.490625 0.580729 0.508984 0.580729 0.508984 0.607292 0.490625 0.607292
0 0.514453 0.573958 0.53125 0.573958 0.53125 0.594271 0.514453 0.594271
0 0.538281 0.598958 0.557422 0.598958 0.557422 0.624479 0.538281 0.624479
0 0.53125 0.541667 0.55 0.541667 0.55 0.564583 0.53125 0.564583
0 0.555469 0.53125 0.572656 0.53125 0.572656 0.555729 0.555469 0.555729
0 0.5875 0.545312 0.607422 0.545312 0.607422 0.569271 0.5875 0.569271
0 0.592969 0.513542 0.615625 0.513542 0.615625 0.534375 0.592969 0.534375
0 0.561328 0.577083 0.575781 0.577083 0.575781 0.60625 0.561328 0.60625
0 0.511719 0.852604 0.532812 0.852604 0.532812 0.883333 0.511719 0.883333
0 0.46875 0.739583 0.489453 0.739583 0.489453 0.769792 0.46875 0.769792
0 0.505078 0.743229 0.520312 0.743229 0.520312 0.770833 0.505078 0.770833
0 0.561719 0.809896 0.577734 0.809896 0.577734 0.8375 0.561719 0.8375
0 0.578906 0.868229 0.597656 0.868229 0.597656 0.891146 0.578906 0.891146
0 0.614844 0.856771 0.640234 0.856771 0.640234 0.877604 0.614844 0.877604
0 0.610547 0.820833 0.632812 0.820833 0.632812 0.84375 0.610547 0.84375
0 0.616797 0.894271 0.635547 0.894271 0.635547 0.915625 0.616797 0.915625
0 0.665625 0.866146 0.689453 0.866146 0.689453 0.886458 0.665625 0.886458
0 0.591797 0.919792 0.608984 0.919792 0.608984 0.936979 0.591797 0.936979
0 0.618359 0.772917 0.639453 0.772917 0.639453 0.79375 0.618359 0.79375
0 0.652344 0.782812 0.673828 0.782812 0.673828 0.810938 0.652344 0.810938
0 0.553906 0.721875 0.571484 0.721875 0.571484 0.746354 0.553906 0.746354
0 0.537109 0.65 0.555859 0.65 0.555859 0.676562 0.537109 0.676562
0 0.573047 0.680729 0.589453 0.680729 0.589453 0.708333 0.573047 0.708333
0 0.542969 0.699479 0.558203 0.699479 0.558203 0.720833 0.542969 0.720833
0 0.603516 0.682292 0.622656 0.682292 0.622656 0.702604 0.603516 0.702604
0 0.630078 0.659375 0.647266 0.659375 0.647266 0.6875 0.630078 0.6875
0 0.589062 0.620833 0.605859 0.620833 0.605859 0.645833 0.589062 0.645833
0 0.607031 0.633333 0.625391 0.633333 0.625391 0.654688 0.607031 0.654688
0 0.588281 0.594271 0.607031 0.594271 0.607031 0.614583 0.588281 0.614583
0 0.613672 0.597917 0.629688 0.597917 0.629688 0.620312 0.613672 0.620312
0 0.638672 0.608333 0.653516 0.608333 0.653516 0.634896 0.638672 0.634896
0 0.617969 0.551042 0.636719 0.551042 0.636719 0.576042 0.617969 0.576042
0 0.655859 0.582292 0.671875 0.582292 0.671875 0.608333 0.655859 0.608333
0 0.676562 0.594271 0.693359 0.594271 0.693359 0.616667 0.676562 0.616667
0 0.675781 0.638542 0.693359 0.638542 0.693359 0.666667 0.675781 0.666667
0 0.673828 0.534375 0.691406 0.534375 0.691406 0.5625 0.673828 0.5625
0 0.701562 0.54375 0.723828 0.54375 0.723828 0.564583 0.701562 0.564583
0 0.691406 0.575 0.709375 0.575 0.709375 0.596354 0.691406 0.596354
0 0.711328 0.613021 0.730078 0.613021 0.730078 0.639062 0.711328 0.639062
0 0.763672 0.594271 0.787891 0.594271 0.787891 0.616667 0.763672 0.616667
0 0.660547 0.724479 0.676953 0.724479 0.676953 0.75 0.660547 0.75
0 0.683203 0.714583 0.697656 0.714583 0.697656 0.734375 0.683203 0.734375
0 0.694531 0.736979 0.716797 0.736979 0.716797 0.760938 0.694531 0.760938
0 0.712109 0.755208 0.735156 0.755208 0.735156 0.776562 0.712109 0.776562
0 0.669922 0.819792 0.692188 0.819792 0.692188 0.841667 0.669922 0.841667
0 0.7125 0.792188 0.734766 0.792188 0.734766 0.813542 0.7125 0.813542
0 0.728516 0.821354 0.75 0.821354 0.75 0.844792 0.728516 0.844792
0 0.698438 0.833854 0.721484 0.833854 0.721484 0.857292 0.698438 0.857292
0 0.694922 0.914583 0.715625 0.914583 0.715625 0.938542 0.694922 0.938542
0 0.731641 0.900521 0.751172 0.900521 0.751172 0.925 0.731641 0.925
0 0.723828 0.864062 0.745703 0.864062 0.745703 0.8875 0.723828 0.8875
0 0.750391 0.879167 0.770312 0.879167 0.770312 0.901042 0.750391 0.901042
0 0.783594 0.902083 0.808203 0.902083 0.808203 0.925521 0.783594 0.925521
0 0.758594 0.833333 0.782031 0.833333 0.782031 0.859375 0.758594 0.859375
0 0.782812 0.866667 0.801562 0.866667 0.801562 0.892708 0.782812 0.892708
0 0.809766 0.869271 0.832812 0.869271 0.832812 0.891146 0.809766 0.891146
0 0.807422 0.841146 0.826562 0.841146 0.826562 0.860417 0.807422 0.860417
0 0.808984 0.793229 0.826562 0.793229 0.826562 0.811979 0.808984 0.811979
0 0.808594 0.754167 0.824609 0.754167 0.824609 0.780208 0.808594 0.780208
0 0.845703 0.789062 0.866406 0.789062 0.866406 0.820833 0.845703 0.820833
0 0.726562 0.699479 0.746875 0.699479 0.746875 0.720833 0.726562 0.720833
0 0.757422 0.710938 0.776172 0.710938 0.776172 0.735938 0.757422 0.735938
0 0.782422 0.714062 0.798438 0.714062 0.798438 0.741667 0.782422 0.741667
0 0.754688 0.678125 0.771094 0.678125 0.771094 0.701042 0.754688 0.701042
0 0.648438 0.680208 0.6625 0.680208 0.6625 0.701562 0.648438 0.701562
0 0.852734 0.972917 0.86875 0.972917 0.86875 0.991667 0.852734 0.991667
0 0.823047 0.990104 0.840234 0.990104 0.840234 0.999479 0.823047 0.999479
0 0.877734 0.883854 0.894531 0.883854 0.894531 0.909375 0.877734 0.909375
0 0.836328 0.858333 0.850391 0.858333 0.850391 0.880208 0.836328 0.880208
0 0.904297 0.853125 0.923828 0.853125 0.923828 0.875 0.904297 0.875
0 0.907812 0.899479 0.926953 0.899479 0.926953 0.919792 0.907812 0.919792
0 0.720312 0.480729 0.737109 0.480729 0.737109 0.502604 0.720312 0.502604
0 0.75 0.45 0.76875 0.45 0.76875 0.475521 0.75 0.475521
0 0.780078 0.459375 0.8 0.459375 0.8 0.483333 0.780078 0.483333
0 0.819531 0.470312 0.839062 0.470312 0.839062 0.494271 0.819531 0.494271
0 0.800781 0.504167 0.823438 0.504167 0.823438 0.526562 0.800781 0.526562
0 0.755078 0.504687 0.773047 0.504687 0.773047 0.526562 0.755078 0.526562
0 0.761328 0.541146 0.783203 0.541146 0.783203 0.564062 0.761328 0.564062
0 0.801562 0.558333 0.824219 0.558333 0.824219 0.580729 0.801562 0.580729
0 0.933984 0.532812 0.959766 0.532812 0.959766 0.554688 0.933984 0.554688
0 0.892188 0.570312 0.910938 0.570312 0.910938 0.596875 0.892188 0.596875
0 0.862891 0.586979 0.882812 0.586979 0.882812 0.609896 0.862891 0.609896
0 0.981641 0.588021 0.998438 0.588021 0.998438 0.613542 0.981641 0.613542
0 0.923438 0.620833 0.948438 0.620833 0.948438 0.64375 0.923438 0.64375
0 0.974609 0.632812 0.991406 0.632812 0.991406 0.659896 0.974609 0.659896
0 0.882812 0.613542 0.905859 0.613542 0.905859 0.639062 0.882812 0.639062
0 0.846094 0.63125 0.863672 0.63125 0.863672 0.651562 0.846094 0.651562
0 0.876562 0.653646 0.898438 0.653646 0.898438 0.676562 0.876562 0.676562
0 0.913281 0.677083 0.933203 0.677083 0.933203 0.701562 0.913281 0.701562
0 0.937891 0.694271 0.961719 0.694271 0.961719 0.716146 0.937891 0.716146
0 0.963672 0.667188 0.980859 0.667188 0.980859 0.691146 0.963672 0.691146
0 0.844531 0.690625 0.861328 0.690625 0.861328 0.717708 0.844531 0.717708
0 0.86875 0.686979 0.887891 0.686979 0.887891 0.707812 0.86875 0.707812
0 0.882812 0.745312 0.901562 0.745312 0.901562 0.767188 0.882812 0.767188
0 0.915234 0.743229 0.93125 0.743229 0.93125 0.766146 0.915234 0.766146
0 0.943359 0.742708 0.959375 0.742708 0.959375 0.76875 0.943359 0.76875
0 0.963281 0.730729 0.980078 0.730729 0.980078 0.748438 0.963281 0.748438
0 0.985156 0.747917 0.999219 0.747917 0.999219 0.769271 0.985156 0.769271
0 0.942969 0.794271 0.962891 0.794271 0.962891 0.813021 0.942969 0.813021
0 0.908594 0.790104 0.932031 0.790104 0.932031 0.808854 0.908594 0.808854
0 0.887109 0.76875 0.907422 0.76875 0.907422 0.791667 0.887109 0.791667
0 0.972656 0.818229 0.99375 0.818229 0.99375 0.835938 0.972656 0.835938
0 0.921484 0.825 0.942188 0.825 0.942188 0.844792 0.921484 0.844792
0 0.780078 0.252083 0.796484 0.252083 0.796484 0.276042 0.780078 0.276042