0 0.063672 0.148438 0.078516 0.148438 0.078516 0.176562 0.063672 0.176562
0 0.148047 0.116667 0.164453 0.116667 0.164453 0.146875 0.148047 0.146875
0 0.164453 0.094271 0.186328 0.094271 0.186328 0.115104 0.164453 0.115104
0 0.197266 0.106771 0.217578 0.106771 0.217578 0.133854 0.197266 0.133854
0 0.175391 0.046875 0.192969 0.046875 0.192969 0.077604 0.175391 0.077604
0 0.145312 0.059375 0.161719 0.059375 0.161719 0.090625 0.145312 0.090625
0 0.067969 0.059375 0.082812 0.059375 0.082812 0.088542 0.067969 0.088542
0 0.082812 0.022396 0.099219 0.022396 0.099219 0.049479 0.082812 0.049479
0 0.112891 0.025 0.132031 0.025 0.132031 0.054167 0.112891 0.054167
0 0.214844 0.0375 0.233203 0.0375 0.233203 0.073958 0.214844 0.073958
0 0.232812 0.002083 0.251563 0.002083 0.251563 0.027083 0.232812 0.027083
0 0.263281 0.039583 0.282422 0.039583 0.282422 0.064062 0.263281 0.064062
0 0.283203 0.014062 0.301953 0.014062 0.301953 0.039583 0.283203 0.039583
0 0.008594 0.054167 0.024609 0.054167 0.024609 0.080729 0.008594 0.080729
0 0.038672 0.042708 0.05625 0.042708 0.05625 0.070833 0.038672 0.070833
0 0.023047 0.014583 0.042969 0.014583 0.042969 0.038021 0.023047 0.038021
0 0.118359 0.086979 0.1375 0.086979 0.1375 0.111458 0.118359 0.111458
0 0.247656 0.111458 0.269531 0.111458 0.269531 0.1375 0.247656 0.1375
0 0.092578 0.179688 0.115234 0.179688 0.115234 0.202604 0.092578 0.202604
0 0.121875 0.141667 0.139844 0.141667 0.139844 0.170312 0.121875 0.170312
0 0.087891 0.129688 0.106641 0.129688 0.106641 0.15625 0.087891 0.15625
0 0.295703 0.074479 0.318359 0.074479 0.318359 0.098958 0.295703 0.098958
0 0.258203 0.075521 0.276562 0.075521 0.276562 0.102604 0.258203 0.102604
0 0.308984 0.048958 0.327734 0.048958 0.327734 0.072917 0.308984 0.072917
0 0.083594 0.221875 0.103516 0.221875 0.103516 0.24375 0.083594 0.24375
0 0.047656 0.18125 0.062891 0.18125 0.062891 0.207292 0.047656 0.207292
0 0.301953 0.133854 0.318359 0.133854 0.318359 0.154688 0.301953 0.154688
0 0.349219 0.011458 0.369922 0.011458 0.369922 0.033333 0.349219 0.033333
0 0.332422 0.031771 0.348047 0.031771 0.348047 0.063021 0.332422 0.063021
0 0.235938 0.30625 0.252734 0.30625 0.252734 0.327604 0.235938 0.327604
0 0.160938 0.364583 0.186328 0.364583 0.186328 0.383854 0.160938 0.383854
0 0.199219 0.366667 0.216406 0.366667 0.216406 0.396354 0.199219 0.396354
0 0.230469 0.348438 0.253516 0.348438 0.253516 0.36875 0.230469 0.36875
0 0.303125 0.328125 0.319922 0.328125 0.319922 0.358333 0.303125 0.358333
0 0.340234 0.325521 0.361328 0.325521 0.361328 0.347396 0.340234 0.347396
0 0.328125 0.361979 0.348438 0.361979 0.348438 0.385417 0.328125 0.385417
0 0.362891 0.392708 0.385156 0.392708 0.385156 0.410417 0.362891 0.410417
0 0.461328 0.257292 0.482422 0.257292 0.482422 0.277604 0.461328 0.277604
0 0.492969 0.277083 0.513281 0.277083 0.513281 0.301042 0.492969 0.301042
0 0.508984 0.241146 0.534766 0.241146 0.534766 0.261458 0.508984 0.261458
0 0.533203 0.269271 0.555078 0.269271 0.555078 0.29375 0.533203 0.29375
0 0.478906 0.303646 0.494922 0.303646 0.494922 0.333333 0.478906 0.333333
0 0.505469 0.317708 0.522266 0.317708 0.522266 0.343229 0.505469 0.343229
0 0.549609 0.307812 0.573438 0.307812 0.573438 0.329688 0.549609 0.329688
0 0.543359 0.355208 0.560547 0.355208 0.560547 0.373958 0.543359 0.373958
0 0.570703 0.366146 0.590625 0.366146 0.590625 0.392188 0.570703 0.392188
0 0.14375 0.39375 0.161719 0.39375 0.161719 0.420312 0.14375 0.420312
0 0.176172 0.398438 0.195312 0.398438 0.195312 0.426042 0.176172 0.426042
0 0.155859 0.426042 0.172266 0.426042 0.172266 0.448958 0.155859 0.448958
0 0.177344 0.439062 0.192578 0.439062 0.192578 0.460938 0.177344 0.460938
0 0.216797 0.417188 0.237109 0.417188 0.237109 0.436458 0.216797 0.436458
0 0.242969 0.3875 0.263281 0.3875 0.263281 0.410938 0.242969 0.410938
0 0.268359 0.367708 0.286328 0.367708 0.286328 0.39375 0.268359 0.39375
0 0.246875 0.422917 0.264453 0.422917 0.264453 0.448438 0.246875 0.448438
0 0.224609 0.446354 0.240234 0.446354 0.240234 0.46875 0.224609 0.46875
0 0.199219 0.453646 0.216406 0.453646 0.216406 0.481771 0.199219 0.481771
0 0.276953 0.422396 0.295312 0.422396 0.295312 0.447396 0.276953 0.447396
0 0.322266 0.410938 0.345312 0.410938 0.345312 0.432292 0.322266 0.432292
0 0.033203 0.465104 0.055078 0.465104 0.055078 0.492188 0.033203 0.492188
0 0.067969 0.449479 0.084766 0.449479 0.084766 0.478125 0.067969 0.478125
0 0.009375 0.480729 0.026172 0.480729 0.026172 0.510417 0.009375 0.510417
0 0.009375 0.527083 0.024219 0.527083 0.024219 0.557812 0.009375 0.557812
0 0.034375 0.528646 0.051562 0.528646 0.051562 0.5625 0.034375 0.5625
0 0.057812 0.510417 0.075391 0.510417 0.075391 0.534896 0.057812 0.534896
0 0.088281 0.494271 0.106641 0.494271 0.106641 0.519792 0.088281 0.519792
0 0.137891 0.530729 0.160547 0.530729 0.160547 0.552604 0.137891 0.552604
0 0.121484 0.557812 0.137891 0.557812 0.137891 0.584896 0.121484 0.584896
0 0.101172 0.567188 0.117578 0.567188 0.117578 0.595833 0.101172 0.595833
0 0.076562 0.538021 0.091797 0.538021 0.091797 0.561458 0.076562 0.561458
0 0.073828 0.577604 0.091797 0.577604 0.091797 0.602604 0.073828 0.602604
0 0.016016 0.583333 0.036719 0.583333 0.036719 0.6125 0.016016 0.6125
0 0.043359 0.598958 0.058984 0.598958 0.058984 0.625 0.043359 0.625
0 0.0625 0.627604 0.082031 0.627604 0.082031 0.654167 0.0625 0.654167
0 0.09375 0.623438 0.112109 0.623438 0.112109 0.654167 0.09375 0.654167
0 0.118359 0.602604 0.135156 0.602604 0.135156 0.625 0.118359 0.625
0 0.137891 0.573958 0.155859 0.573958 0.155859 0.603125 0.137891 0.603125
0 0.169141 0.58125 0.186328 0.58125 0.186328 0.614062 0.169141 0.614062
0 0.0375 0.653125 0.055078 0.653125 0.055078 0.682812 0.0375 0.682812
0 0.015234 0.670312 0.032031 0.670312 0.032031 0.697917 0.015234 0.697917
0 0.019922 0.709896 0.0375 0.709896 0.0375 0.742188 0.019922 0.742188
0 0.039062 0.721875 0.055469 0.721875 0.055469 0.748438 0.039062 0.748438
0 0.069141 0.665104 0.085938 0.665104 0.085938 0.689062 0.069141 0.689062
0 0.101562 0.692188 0.125 0.692188 0.125 0.71875 0.101562 0.71875
0 0.098828 0.730208 0.121484 0.730208 0.121484 0.752083 0.098828 0.752083
0 0.141406 0.616667 0.155078 0.616667 0.155078 0.642188 0.141406 0.642188
0 0.132031 0.671875 0.147656 0.671875 0.147656 0.702604 0.132031 0.702604
0 0.146484 0.716667 0.166016 0.716667 0.166016 0.747917 0.146484 0.747917
0 0.183203 0.610938 0.198828 0.610938 0.198828 0.636979 0.183203 0.636979
0 0.191797 0.631771 0.209766 0.631771 0.209766 0.653646 0.191797 0.653646
0 0.215625 0.65625 0.232031 0.65625 0.232031 0.685417 0.215625 0.685417
0 0.201562 0.715104 0.225391 0.715104 0.225391 0.735417 0.201562 0.735417
0 0.242969 0.665625 0.260156 0.665625 0.260156 0.689583 0.242969 0.689583
0 0.258984 0.701042 0.281641 0.701042 0.281641 0.724479 0.258984 0.724479
0 0.009375 0.903646 0.028516 0.903646 0.028516 0.930729 0.009375 0.930729
0 0.091406 0.959896 0.111719 0.959896 0.111719 0.989062 0.091406 0.989062
0 0.064844 0.953125 0.080859 0.953125 0.080859 0.976562 0.064844 0.976562
0 0.098438 0.915625 0.121094 0.915625 0.121094 0.939062 0.098438 0.939062
0 0.117969 0.896354 0.136719 0.896354 0.136719 0.922917 0.117969 0.922917
0 0.139453 0.915625 0.163672 0.915625 0.163672 0.9375 0.139453 0.9375
0 0.158594 0.884375 0.173047 0.884375 0.173047 0.914062 0.158594 0.914062
0 0.19375 0.892188 0.215625 0.892188 0.215625 0.919792 0.19375 0.919792
0 0.195703 0.857292 0.217188 0.857292 0.217188 0.880208 0.195703 0.880208
0 0.179688 0.938542 0.201172 0.938542 0.201172 0.961458 0.179688 0.961458
0 0.123047 0.946875 0.141406 0.946875 0.141406 0.975 0.123047 0.975
0 0.205469 0.750521 0.226172 0.750521 0.226172 0.769271 0.205469 0.769271
0 0.241797 0.734375 0.260547 0.734375 0.260547 0.755208 0.241797 0.755208
0 0.284766 0.730729 0.308594 0.730729 0.308594 0.751042 0.284766 0.751042
0 0.289844 0.757292 0.309766 0.757292 0.309766 0.778646 0.289844 0.778646
0 0.324609 0.709375 0.341406 0.709375 0.341406 0.740625 0.324609 0.740625
0 0.287891 0.83125 0.307812 0.83125 0.307812 0.854167 0.287891 0.854167
0 0.266797 0.873438 0.285547 0.873438 0.285547 0.895312 0.266797 0.895312
0 0.221484 0.913542 0.241797 0.913542 0.241797 0.934896 0.221484 0.934896
0 0.215625 0.968229 0.2375 0.968229 0.2375 0.990625 0.215625 0.990625
0 0.300781 0.875 0.320312 0.875 0.320312 0.901042 0.300781 0.901042
0 0.317188 0.907812 0.342969 0.907812 0.342969 0.934375 0.317188 0.934375
0 0.315625 0.953125 0.334375 0.953125 0.334375 0.984375 0.315625 0.984375
0 0.327734 0.844271 0.351172 0.844271 0.351172 0.867188 0.327734 0.867188
0 0.348438 0.872396 0.366797 0.872396 0.366797 0.898438 0.348438 0.898438
0 0.373047 0.888021 0.391016 0.888021 0.391016 0.9125 0.373047 0.9125
0 0.392188 0.905208 0.405469 0.905208 0.405469 0.928125 0.392188 0.928125
0 0.360547 0.922396 0.378906 0.922396 0.378906 0.951042 0.360547 0.951042
0 0.386328 0.935938 0.400781 0.935938 0.400781 0.955729 0.386328 0.955729
0 0.355469 0.971354 0.370312 0.971354 0.370312 0.994792 0.355469 0.994792
0 0.501953 0.919271 0.520312 0.919271 0.520312 0.945312 0.501953 0.945312
0 0.478906 0.954167 0.498438 0.954167 0.498438 0.974479 0.478906 0.974479
0 0.521094 0.954167 0.539844 0.954167 0.539844 0.975 0.521094 0.975
0 0.499609 0.970312 0.516406 0.970312 0.516406 0.998438 0.499609 0.998438
0 0.533203 0.919792 0.553125 0.919792 0.553125 0.941667 0.533203 0.941667
0 0.509766 0.790104 0.526172 0.790104 0.526172 0.810938 0.509766 0.810938
0 0.538672 0.79375 0.560156 0.79375 0.560156 0.817708 0.538672 0.817708
0 0.529297 0.858333 0.548047 0.858333 0.548047 0.878125 0.529297 0.878125
0 0.552734 0.866146 0.569922 0.866146 0.569922 0.8875 0.552734 0.8875
0 0.550391 0.944792 0.56875 0.944792 0.56875 0.965104 0.550391 0.965104
0 0.564844 0.827604 0.583984 0.827604 0.583984 0.848958 0.564844 0.848958
0 0.310938 0.815104 0.327344 0.815104 0.327344 0.832812 0.310938 0.832812
0 0.352344 0.764583 0.371875 0.764583 0.371875 0.783854 0.352344 0.783854
0 0.390625 0.638021 0.410547 0.638021 0.410547 0.669271 0.390625 0.669271
0 0.428125 0.633854 0.446875 0.633854 0.446875 0.660417 0.428125 0.660417
0 0.410156 0.685417 0.426953 0.685417 0.426953 0.707812 0.410156 0.707812
0 0.391016 0.704688 0.410547 0.704688 0.410547 0.730208 0.391016 0.730208
0 0.353906 0.722917 0.371484 0.722917 0.371484 0.752604 0.353906 0.752604
0 0.360938 0.694792 0.379688 0.694792 0.379688 0.715104 0.360938 0.715104
0 0.384766 0.733854 0.403516 0.733854 0.403516 0.758333 0.384766 0.758333
0 0.312891 0.602604 0.336328 0.602604 0.336328 0.624479 0.312891 0.624479
0 0.354688 0.592188 0.371875 0.592188 0.371875 0.618229 0.354688 0.618229
0 0.34375 0.646354 0.361719 0.646354 0.361719 0.675 0.34375 0.675
0 0.283203 0.643229 0.303516 0.643229 0.303516 0.664062 0.283203 0.664062
0 0.278906 0.678646 0.3 0.678646 0.3 0.699479 0.278906 0.699479
0 0.446875 0.579688 0.466406 0.579688 0.466406 0.602604 0.446875 0.602604
0 0.260547 0.522917 0.278125 0.522917 0.278125 0.545833 0.260547 0.545833
0 0.234375 0.557292 0.25 0.557292 0.25 0.582292 0.234375 0.582292
0 0.240234 0.59375 0.260547 0.59375 0.260547 0.616667 0.240234 0.616667
0 0.263672 0.6125 0.282031 0.6125 0.282031 0.636979 0.263672 0.636979
0 0.303516 0.566667 0.321484 0.566667 0.321484 0.590625 0.303516 0.590625
0 0.337891 0.560938 0.356641 0.560938 0.356641 0.586458 0.337891 0.586458
0 0.379297 0.564583 0.391797 0.564583 0.391797 0.591667 0.379297 0.591667
0 0.404297 0.567188 0.421875 0.567188 0.421875 0.591146 0.404297 0.591146
0 0.411719 0.528646 0.43125 0.528646 0.43125 0.553646 0.411719 0.553646
0 0.443359 0.509375 0.462891 0.509375 0.462891 0.5375 0.443359 0.5375
0 0.387109 0.516146 0.40625 0.516146 0.40625 0.544271 0.387109 0.544271
0 0.327734 0.525 0.348438 0.525 0.348438 0.547917 0.327734 0.547917
0 0.269922 0.479167 0.287109 0.479167 0.287109 0.501042 0.269922 0.501042
0 0.241016 0.477083 0.259766 0.477083 0.259766 0.503125 0.241016 0.503125
0 0.319141 0.452604 0.338672 0.452604 0.338672 0.477083 0.319141 0.477083
0 0.366406 0.457292 0.387109 0.457292 0.387109 0.480729 0.366406 0.480729
0 0.399609 0.467188 0.420703 0.467188 0.420703 0.488021 0.399609 0.488021
0 0.437109 0.677604 0.451953 0.677604 0.451953 0.698958 0.437109 0.698958
0 0.344531 0.430208 0.359375 0.430208 0.359375 0.456771 0.344531 0.456771
0 0.39375 0.423958 0.413672 0.423958 0.413672 0.445833 0.39375 0.445833
0 0.580859 0.555729 0.601953 0.555729 0.601953 0.578125 0.580859 0.578125
0 0.620312 0.540104 0.644141 0.540104 0.644141 0.563542 0.620312 0.563542
0 0.564453 0.586979 0.580078 0.586979 0.580078 0.611979 0.564453 0.611979
0 0.54375 0.614583 0.564453 0.614583 0.564453 0.635417 0.54375 0.635417
0 0.639062 0.585417 0.655078 0.585417 0.655078 0.613021 0.639062 0.613021
0 0.598828 0.625 0.622656 0.625 0.622656 0.651042 0.598828 0.651042
0 0.679688 0.557812 0.707031 0.557812 0.707031 0.581771 0.679688 0.581771
0 0.667578 0.608333 0.685547 0.608333 0.685547 0.633333 0.667578 0.633333
0 0.629297 0.666146 0.646094 0.666146 0.646094 0.69375 0.629297 0.69375
0 0.658203 0.652604 0.676562 0.652604 0.676562 0.680208 0.658203 0.680208
0 0.604688 0.379688 0.624219 0.379688 0.624219 0.402083 0.604688 0.402083
0 0.585938 0.395312 0.601953 0.395312 0.601953 0.416146 0.585938 0.416146
0 0.637109 0.358854 0.655078 0.358854 0.655078 0.386458 0.637109 0.386458
0 0.658984 0.329688 0.676562 0.329688 0.676562 0.357292 0.658984 0.357292
0 0.705078 0.348438 0.727734 0.348438 0.727734 0.374479 0.705078 0.374479
0 0.754688 0.5375 0.780078 0.5375 0.780078 0.557812 0.754688 0.557812
0 0.741797 0.478125 0.757812 0.478125 0.757812 0.501562 0.741797 0.501562
0 0.765234 0.507292 0.785156 0.507292 0.785156 0.528125 0.765234 0.528125
0 0.45 0.128646 0.46875 0.128646 0.46875 0.15625 0.45 0.15625
0 0.469531 0.178125 0.4875 0.178125 0.4875 0.206771 0.469531 0.206771
0 0.492578 0.164583 0.512891 0.164583 0.512891 0.184896 0.492578 0.184896
0 0.492578 0.127083 0.511719 0.127083 0.511719 0.148438 0.492578 0.148438
0 0.471875 0.107292 0.4875 0.107292 0.4875 0.132812 0.471875 0.132812
0 0.486719 0.061979 0.504687 0.061979 0.504687 0.090104 0.486719 0.090104
0 0.523828 0.11875 0.54375 0.11875 0.54375 0.144792 0.523828 0.144792
0 0.537891 0.173958 0.561328 0.173958 0.561328 0.197917 0.537891 0.197917
0 0.554297 0.211979 0.577734 0.211979 0.577734 0.235417 0.554297 0.235417
0 0.577344 0.166146 0.595703 0.166146 0.595703 0.190104 0.577344 0.190104
0 0.502344 0.004688 0.517578 0.004688 0.517578 0.035938 0.502344 0.035938
0 0.516406 0.05625 0.533984 0.05625 0.533984 0.086458 0.516406 0.086458
0 0.544141 0.021875 0.564844 0.021875 0.564844 0.042708 0.544141 0.042708
0 0.568359 0.044271 0.5875 0.044271 0.5875 0.075521 0.568359 0.075521
0 0.592188 0.033854 0.612891 0.033854 0.612891 0.065104 0.592188 0.065104
0 0.633594 0.0375 0.654297 0.0375 0.654297 0.073438 0.633594 0.073438
0 0.555859 0.092708 0.578516 0.092708 0.578516 0.113542 0.555859 0.113542
0 0.631641 0.117708 0.650391 0.117708 0.650391 0.1375 0.631641 0.1375
0 0.624609 0.149479 0.641406 0.149479 0.641406 0.171354 0.624609 0.171354
0 0.622656 0.197917 0.646484 0.197917 0.646484 0.220312 0.622656 0.220312
0 0.608984 0.229688 0.628906 0.229688 0.628906 0.251563 0.608984 0.251563
0 0.638672 0.280729 0.660156 0.280729 0.660156 0.307812 0.638672 0.307812
0 0.660547 0.00625 0.683984 0.00625 0.683984 0.028646 0.660547 0.028646
0 0.676172 0.042708 0.694922 0.042708 0.694922 0.071875 0.676172 0.071875
0 0.692188 0.117708 0.713672 0.117708 0.713672 0.141146 0.692188 0.141146
0 0.731641 0.149479 0.749219 0.149479 0.749219 0.171875 0.731641 0.171875
0 0.540625 0.701562 0.563672 0.701562 0.563672 0.722917 0.540625 0.722917
0 0.513281 0.717708 0.532812 0.717708 0.532812 0.741667 0.513281 0.741667
0 0.520703 0.752083 0.538281 0.752083 0.538281 0.782292 0.520703 0.782292
0 0.555469 0.745833 0.573828 0.745833 0.573828 0.771875 0.555469 0.771875
0 0.585547 0.740104 0.60625 0.740104 0.60625 0.760938 0.585547 0.760938
0 0.585547 0.685417 0.602344 0.685417 0.602344 0.709896 0.585547 0.709896
0 0.620312 0.704688 0.640234 0.704688 0.640234 0.726562 0.620312 0.726562
0 0.588672 0.797396 0.606641 0.797396 0.606641 0.821354 0.588672 0.821354
0 0.616406 0.765625 0.636328 0.765625 0.636328 0.784375 0.616406 0.784375
0 0.633594 0.791667 0.650391 0.791667 0.650391 0.818229 0.633594 0.818229
0 0.654297 0.797396 0.671484 0.797396 0.671484 0.826562 0.654297 0.826562
0 0.616797 0.838021 0.639844 0.838021 0.639844 0.858854 0.616797 0.858854
0 0.633594 0.922396 0.65625 0.922396 0.65625 0.948958 0.633594 0.948958
0 0.589844 0.926562 0.607422 0.926562 0.607422 0.944792 0.589844 0.944792
0 0.594531 0.947917 0.616406 0.947917 0.616406 0.967188 0.594531 0.967188
0 0.813672 0.690625 0.828516 0.690625 0.828516 0.715625 0.813672 0.715625
0 0.84375 0.706771 0.860938 0.706771 0.860938 0.732292 0.84375 0.732292
0 0.866016 0.738021 0.886328 0.738021 0.886328 0.764583 0.866016 0.764583
0 0.855859 0.769792 0.875781 0.769792 0.875781 0.792708 0.855859 0.792708
0 0.822656 0.766146 0.841797 0.766146 0.841797 0.794271 0.822656 0.794271
0 0.831641 0.817188 0.849609 0.817188 0.849609 0.844271 0.831641 0.844271
0 0.79375 0.750521 0.809375 0.750521 0.809375 0.772917 0.79375 0.772917
0 0.766406 0.722396 0.782031 0.722396 0.782031 0.744792 0.766406 0.744792
0 0.733594 0.703646 0.751562 0.703646 0.751562 0.728646 0.733594 0.728646
0 0.710547 0.746875 0.733594 0.746875 0.733594 0.769792 0.710547 0.769792
0 0.739062 0.78125 0.758984 0.78125 0.758984 0.80625 0.739062 0.80625
0 0.868359 0.572396 0.891016 0.572396 0.891016 0.593229 0.868359 0.593229
0 0.886719 0.599479 0.908203 0.599479 0.908203 0.620312 0.886719 0.620312
0 0.903125 0.628125 0.920312 0.628125 0.920312 0.657812 0.903125 0.657812
0 0.862891 0.640625 0.888281 0.640625 0.888281 0.6625 0.862891 0.6625
0 0.869922 0.678125 0.891016 0.678125 0.891016 0.700521 0.869922 0.700521
0 0.892188 0.710938 0.906641 0.710938 0.906641 0.736458 0.892188 0.736458
0 0.767188 0.635938 0.789453 0.635938 0.789453 0.658333 0.767188 0.658333
0 0.75625 0.5875 0.775781 0.5875 0.775781 0.609896 0.75625 0.609896
0 0.783984 0.578125 0.803906 0.578125 0.803906 0.604167 0.783984 0.604167
0 0.811328 0.593229 0.829688 0.593229 0.829688 0.614583 0.811328 0.614583
0 0.839844 0.599479 0.859375 0.599479 0.859375 0.623438 0.839844 0.623438
0 0.837109 0.644271 0.851953 0.644271 0.851953 0.670833 0.837109 0.670833
0 0.823047 0.55625 0.84375 0.55625 0.84375 0.577604 0.823047 0.577604
0 0.841016 0.533333 0.862109 0.533333 0.862109 0.553646 0.841016 0.553646
0 0.885156 0.532812 0.907422 0.532812 0.907422 0.555729 0.885156 0.555729
0 0.850781 0.504687 0.869531 0.504687 0.869531 0.523438 0.850781 0.523438
0 0.726562 0.596354 0.744531 0.596354 0.744531 0.619271 0.726562 0.619271
0 0.703516 0.675521 0.721875 0.675521 0.721875 0.7 0.703516 0.7
0 0.927344 0.356771 0.946875 0.356771 0.946875 0.38125 0.927344 0.38125
0 0.848047 0.319271 0.86875 0.319271 0.86875 0.340625 0.848047 0.340625
0 0.683984 0.305729 0.705469 0.305729 0.705469 0.329167 0.683984 0.329167
0 0.787109 0.478646 0.806641 0.478646 0.806641 0.504687 0.787109 0.504687
0 0.817188 0.489583 0.833984 0.489583 0.833984 0.517708 0.817188 0.517708
0 0.635938 0.639583 0.653125 0.639583 0.653125 0.658854 0.635938 0.658854
0 0.736328 0.651562 0.757812 0.651562 0.757812 0.677604 0.736328 0.677604
0 0.723047 0.9 0.744141 0.9 0.744141 0.923438 0.723047 0.923438
0 0.69375 0.872917 0.711328 0.872917 0.711328 0.894271 0.69375 0.894271
0 0.735547 0.858854 0.756641 0.858854 0.756641 0.883333 0.735547 0.883333
0 0.771484 0.86875 0.794141 0.86875 0.794141 0.890104 0.771484 0.890104
0 0.803516 0.846354 0.826953 0.846354 0.826953 0.86875 0.803516 0.86875
0 0.860938 0.839583 0.88125 0.839583 0.88125 0.860938 0.860938 0.860938
0 0.689062 0.763021 0.704297 0.763021 0.704297 0.785938 0.689062 0.785938
0 0.674609 0.682812 0.693359 0.682812 0.693359 0.703125 0.674609 0.703125
0 0.750781 0.827083 0.775391 0.827083 0.775391 0.851562 0.750781 0.851562
0 0.774609 0.909375 0.794531 0.909375 0.794531 0.929167 0.774609 0.929167
0 0.95625 0.870833 0.977734 0.870833 0.977734 0.89375 0.95625 0.89375
0 0.954688 0.828125 0.971484 0.828125 0.971484 0.845312 0.954688 0.845312
0 0.780859 0.803646 0.801562 0.803646 0.801562 0.828646 0.780859 0.828646
0 0.678125 0.738021 0.694531 0.738021 0.694531 0.759896 0.678125 0.759896
0 0.772656 0.693229 0.791406 0.693229 0.791406 0.714583 0.772656 0.714583
0 0.976953 0.922917 0.994141 0.922917 0.994141 0.947396 0.976953 0.947396
0 0.959375 0.767188 0.974219 0.767188 0.974219 0.795312 0.959375 0.795312
0 0.796875 0.521875 0.820703 0.521875 0.820703 0.545833 0.796875 0.545833
0 0.876562 0.210938 0.898438 0.210938 0.898438 0.235938 0.876562 0.235938
0 0.840625 0.221875 0.858984 0.221875 0.858984 0.244792 0.840625 0.244792
0 0.850781 0.254688 0.875 0.254688 0.875 0.277083 0.850781 0.277083
0 0.877344 0.295312 0.895312 0.295312 0.895312 0.326042 0.877344 0.326042
0 0.898047 0.329167 0.914453 0.329167 0.914453 0.358333 0.898047 0.358333
0 0.936328 0.323438 0.956641 0.323438 0.956641 0.345312 0.936328 0.345312
0 0.963672 0.325 0.985547 0.325 0.985547 0.348438 0.963672 0.348438
0 0.938672 0.279688 0.959766 0.279688 0.959766 0.304167 0.938672 0.304167
0 0.915234 0.278125 0.932422 0.278125 0.932422 0.303646 0.915234 0.303646
0 0.903906 0.240625 0.923438 0.240625 0.923438 0.269792 0.903906 0.269792
0 0.934375 0.214583 0.952344 0.214583 0.952344 0.239583 0.934375 0.239583
0 0.967188 0.213021 0.984766 0.213021 0.984766 0.249479 0.967188 0.249479
0 0.942188 0.147396 0.963281 0.147396 0.963281 0.178646 0.942188 0.178646
0 0.911328 0.015625 0.928516 0.015625 0.928516 0.042708 0.911328 0.042708
0 0.863281 0.127604 0.878125 0.127604 0.878125 0.143229 0.863281 0.143229
0 0.601562 0.264583 0.619531 0.264583 0.619531 0.289583 0.601562 0.289583
0 0.676562 0.266667 0.700391 0.266667 0.700391 0.288542 0.676562 0.288542
0 0.667578 0.242708 0.689062 0.242708 0.689062 0.264583 0.667578 0.264583
0 0.701953 0.23125 0.718359 0.23125 0.718359 0.249479 0.701953 0.249479
0 0.719141 0.283854 0.735547 0.283854 0.735547 0.307812 0.719141 0.307812
0 0.732031 0.329688 0.750391 0.329688 0.750391 0.352604 0.732031 0.352604
0 0.705469 0.182292 0.724609 0.182292 0.724609 0.204167 0.705469 0.204167
0 0.658984 0.148958 0.678125 0.148958 0.678125 0.178125 0.658984 0.178125
0 0.741406 0.11875 0.758203 0.11875 0.758203 0.142188 0.741406 0.142188
0 0.580078 0.123438 0.597656 0.123438 0.597656 0.145833 0.580078 0.145833
0 0.614062 0.076042 0.632812 0.076042 0.632812 0.1 0.614062 0.1
0 0.700781 0.018229 0.722656 0.018229 0.722656 0.045312 0.700781 0.045312
0 0.615625 0.016667 0.633984 0.016667 0.633984 0.038542 0.615625 0.038542
0 0.829688 0.178125 0.844141 0.178125 0.844141 0.204167 0.829688 0.204167
0 0.967188 0.2625 0.982422 0.2625 0.982422 0.290104 0.967188 0.290104
0 0.754297 0.363021 0.772266 0.363021 0.772266 0.382292 0.754297 0.382292
0 0.724219 0.082812 0.741016 0.082812 0.741016 0.105208 0.724219 0.105208