0 0.051562 0.068229 0.080469 0.068229 0.080469 0.093229 0.051562 0.093229
0 0.011328 0.069271 0.034766 0.069271 0.034766 0.090104 0.011328 0.090104
0 0.001562 0.029167 0.027734 0.029167 0.027734 0.053646 0.001562 0.053646
0 0.014844 0.105729 0.039844 0.105729 0.039844 0.131771 0.014844 0.131771
0 0.020703 0.160417 0.039844 0.160417 0.039844 0.194271 0.020703 0.194271
0 0.055469 0.156771 0.072656 0.156771 0.072656 0.191146 0.055469 0.191146
0 0.077734 0.148958 0.092578 0.148958 0.092578 0.177083 0.077734 0.177083
0 0.162109 0.090625 0.180078 0.090625 0.180078 0.122917 0.162109 0.122917
0 0.178516 0.073438 0.197656 0.073438 0.197656 0.107292 0.178516 0.107292
0 0.008203 0.306771 0.028516 0.306771 0.028516 0.329167 0.008203 0.329167
0 0.175391 0.316146 0.192578 0.316146 0.192578 0.351562 0.175391 0.351562
0 0.205469 0.290625 0.222656 0.290625 0.222656 0.318229 0.205469 0.318229
0 0.146875 0.392708 0.161719 0.392708 0.161719 0.421354 0.146875 0.421354
0 0.179688 0.379167 0.201172 0.379167 0.201172 0.405208 0.179688 0.405208
0 0.208984 0.352083 0.230078 0.352083 0.230078 0.376562 0.208984 0.376562
0 0.216016 0.321875 0.236719 0.321875 0.236719 0.349479 0.216016 0.349479
0 0.245312 0.324479 0.262109 0.324479 0.262109 0.359896 0.245312 0.359896
0 0.249609 0.283854 0.270312 0.283854 0.270312 0.304688 0.249609 0.304688
0 0.282422 0.266667 0.307812 0.266667 0.307812 0.292708 0.282422 0.292708
0 0.277734 0.305208 0.303125 0.305208 0.303125 0.329167 0.277734 0.329167
0 0.275 0.344792 0.29375 0.344792 0.29375 0.369271 0.275 0.369271
0 0.285938 0.377083 0.313672 0.377083 0.313672 0.4 0.285938 0.4
0 0.324219 0.355208 0.341797 0.355208 0.341797 0.388021 0.324219 0.388021
0 0.198047 0.401562 0.216406 0.401562 0.216406 0.428125 0.198047 0.428125
0 0.253125 0.43125 0.276953 0.43125 0.276953 0.45625 0.253125 0.45625
0 0.183203 0.446875 0.203125 0.446875 0.203125 0.475521 0.183203 0.475521
0 0.160156 0.44375 0.177344 0.44375 0.177344 0.471354 0.160156 0.471354
0 0.160156 0.490104 0.18125 0.490104 0.18125 0.510938 0.160156 0.510938
0 0.195703 0.496354 0.221094 0.496354 0.221094 0.517708 0.195703 0.517708
0 0.238281 0.476562 0.258203 0.476562 0.258203 0.510938 0.238281 0.510938
0 0.271484 0.466146 0.296875 0.466146 0.296875 0.490104 0.271484 0.490104
0 0.294531 0.486458 0.312891 0.486458 0.312891 0.514583 0.294531 0.514583
0 0.344141 0.413542 0.369141 0.413542 0.369141 0.440104 0.344141 0.440104
0 0.260156 0.167188 0.284766 0.167188 0.284766 0.190625 0.260156 0.190625
0 0.332031 0.284375 0.353516 0.284375 0.353516 0.304688 0.332031 0.304688
0 0.321094 0.326042 0.343359 0.326042 0.343359 0.349479 0.321094 0.349479
0 0.382031 0.352083 0.396484 0.352083 0.396484 0.386979 0.382031 0.386979
0 0.001172 0.356771 0.023828 0.356771 0.023828 0.383854 0.001172 0.383854
0 0.012891 0.433854 0.036328 0.433854 0.036328 0.457292 0.012891 0.457292
0 0.017188 0.467708 0.042188 0.467708 0.042188 0.495833 0.017188 0.495833
0 0.0 0.496354 0.028906 0.496354 0.028906 0.517708 0.0 0.517708
0 0.356641 0.069792 0.376562 0.069792 0.376562 0.100521 0.356641 0.100521
0 0.321484 0.106771 0.341797 0.106771 0.341797 0.133854 0.321484 0.133854
0 0.281641 0.116667 0.305078 0.116667 0.305078 0.135938 0.281641 0.135938
0 0.276562 0.039583 0.30625 0.039583 0.30625 0.065625 0.276562 0.065625
0 0.278516 0.081771 0.300781 0.081771 0.300781 0.10625 0.278516 0.10625
0 0.326562 0.030729 0.350391 0.030729 0.350391 0.054688 0.326562 0.054688
0 0.386719 0.020833 0.414453 0.020833 0.414453 0.045833 0.386719 0.045833
0 0.434766 0.013542 0.452734 0.013542 0.452734 0.048438 0.434766 0.048438
0 0.245312 0.064583 0.261719 0.064583 0.261719 0.1 0.245312 0.1
0 0.398438 0.064583 0.418359 0.064583 0.418359 0.096354 0.398438 0.096354
0 0.426562 0.090625 0.44375 0.090625 0.44375 0.125 0.426562 0.125
0 0.39375 0.110417 0.412891 0.110417 0.412891 0.135417 0.39375 0.135417
0 0.371484 0.138542 0.392969 0.138542 0.392969 0.166667 0.371484 0.166667
0 0.35 0.145833 0.366797 0.145833 0.366797 0.183333 0.35 0.183333
0 0.323438 0.149479 0.341406 0.149479 0.341406 0.183854 0.323438 0.183854
0 0.408203 0.145312 0.423828 0.145312 0.423828 0.176042 0.408203 0.176042
0 0.448828 0.1125 0.468359 0.1125 0.468359 0.142188 0.448828 0.142188
0 0.460547 0.154167 0.485938 0.154167 0.485938 0.178646 0.460547 0.178646
0 0.503516 0.154167 0.525391 0.154167 0.525391 0.182292 0.503516 0.182292
0 0.473828 0.09375 0.493359 0.09375 0.493359 0.127083 0.473828 0.127083
0 0.467188 0.035938 0.487891 0.035938 0.487891 0.069792 0.467188 0.069792
0 0.503516 0.038021 0.523047 0.038021 0.523047 0.073438 0.503516 0.073438
0 0.534375 0.021354 0.555469 0.021354 0.555469 0.053646 0.534375 0.053646
0 0.502344 0.090104 0.526953 0.090104 0.526953 0.1125 0.502344 0.1125
0 0.5375 0.070833 0.558203 0.070833 0.558203 0.105208 0.5375 0.105208
0 0.532031 0.111979 0.549609 0.111979 0.549609 0.141146 0.532031 0.141146
0 0.456641 0.186458 0.476953 0.186458 0.476953 0.207812 0.456641 0.207812
0 0.489062 0.181771 0.509375 0.181771 0.509375 0.20625 0.489062 0.20625
0 0.494922 0.220833 0.521094 0.220833 0.521094 0.242708 0.494922 0.242708
0 0.546094 0.186458 0.561328 0.186458 0.561328 0.216667 0.546094 0.216667
0 0.564844 0.125521 0.590625 0.125521 0.590625 0.154688 0.564844 0.154688
0 0.583984 0.044271 0.607812 0.044271 0.607812 0.072396 0.583984 0.072396
0 0.614062 0.059375 0.631641 0.059375 0.631641 0.088542 0.614062 0.088542
0 0.583203 0.08125 0.600391 0.08125 0.600391 0.115104 0.583203 0.115104
0 0.596875 0.11875 0.6125 0.11875 0.6125 0.149479 0.596875 0.149479
0 0.572266 0.005208 0.596875 0.005208 0.596875 0.026042 0.572266 0.026042
0 0.735938 0.094271 0.755859 0.094271 0.755859 0.119271 0.735938 0.119271
0 0.789844 0.075521 0.817188 0.075521 0.817188 0.098958 0.789844 0.098958
0 0.823828 0.03125 0.849219 0.03125 0.849219 0.057292 0.823828 0.057292
0 0.860938 0.069271 0.888672 0.069271 0.888672 0.091667 0.860938 0.091667
0 0.835156 0.10625 0.854688 0.10625 0.854688 0.139062 0.835156 0.139062
0 0.786328 0.110938 0.810938 0.110938 0.810938 0.139062 0.786328 0.139062
0 0.764453 0.154167 0.790625 0.154167 0.790625 0.181771 0.764453 0.181771
0 0.816016 0.157812 0.835156 0.157812 0.835156 0.191146 0.816016 0.191146
0 0.847656 0.186979 0.875 0.186979 0.875 0.213021 0.847656 0.213021
0 0.912891 0.082292 0.931641 0.082292 0.931641 0.113542 0.912891 0.113542
0 0.933984 0.051042 0.959375 0.051042 0.959375 0.074479 0.933984 0.074479
0 0.977344 0.06875 0.993359 0.06875 0.993359 0.097917 0.977344 0.097917
0 0.909375 0.018229 0.934766 0.018229 0.934766 0.04375 0.909375 0.04375
0 0.727734 0.190625 0.750781 0.190625 0.750781 0.220312 0.727734 0.220312
0 0.765234 0.25625 0.784375 0.25625 0.784375 0.296354 0.765234 0.296354
0 0.79375 0.278125 0.816797 0.278125 0.816797 0.305208 0.79375 0.305208
0 0.83125 0.260417 0.852734 0.260417 0.852734 0.286979 0.83125 0.286979
0 0.859375 0.234375 0.887109 0.234375 0.887109 0.258333 0.859375 0.258333
0 0.892578 0.260938 0.916016 0.260938 0.916016 0.292188 0.892578 0.292188
0 0.876953 0.304167 0.900391 0.304167 0.900391 0.333333 0.876953 0.333333
0 0.845312 0.303125 0.866797 0.303125 0.866797 0.332292 0.845312 0.332292
0 0.935547 0.252604 0.962891 0.252604 0.962891 0.277604 0.935547 0.277604
0 0.978125 0.216667 0.997266 0.216667 0.997266 0.243229 0.978125 0.243229
0 0.73125 0.249479 0.749609 0.249479 0.749609 0.266667 0.73125 0.266667
0 0.803516 0.370312 0.821094 0.370312 0.821094 0.405729 0.803516 0.405729
0 0.834375 0.351042 0.857422 0.351042 0.857422 0.372917 0.834375 0.372917
0 0.770703 0.372396 0.790625 0.372396 0.790625 0.402083 0.770703 0.402083
0 0.759766 0.410417 0.780859 0.410417 0.780859 0.433854 0.759766 0.433854
0 0.811328 0.445833 0.832812 0.445833 0.832812 0.475521 0.811328 0.475521
0 0.836328 0.426562 0.858203 0.426562 0.858203 0.451562 0.836328 0.451562
0 0.859375 0.388542 0.872656 0.388542 0.872656 0.421354 0.859375 0.421354
0 0.887109 0.382292 0.902734 0.382292 0.902734 0.4125 0.887109 0.4125
0 0.925 0.389583 0.944141 0.389583 0.944141 0.414583 0.925 0.414583
0 0.954297 0.409375 0.973828 0.409375 0.973828 0.441146 0.954297 0.441146
0 0.925391 0.351562 0.947266 0.351562 0.947266 0.376042 0.925391 0.376042
0 0.937109 0.3125 0.961328 0.3125 0.961328 0.331771 0.937109 0.331771
0 0.977734 0.371875 0.996484 0.371875 0.996484 0.405729 0.977734 0.405729
0 0.901562 0.426562 0.922656 0.426562 0.922656 0.449479 0.901562 0.449479
0 0.923047 0.460417 0.94375 0.460417 0.94375 0.493229 0.923047 0.493229
0 0.944531 0.499479 0.961328 0.499479 0.961328 0.539583 0.944531 0.539583
0 0.902734 0.469792 0.920703 0.469792 0.920703 0.498958 0.902734 0.498958
0 0.916406 0.516146 0.933594 0.516146 0.933594 0.549479 0.916406 0.549479
0 0.866406 0.498958 0.886328 0.498958 0.886328 0.526562 0.866406 0.526562
0 0.8875 0.516667 0.90625 0.516667 0.90625 0.545312 0.8875 0.545312
0 0.829297 0.492708 0.849609 0.492708 0.849609 0.515625 0.829297 0.515625
0 0.873438 0.547917 0.899609 0.547917 0.899609 0.571875 0.873438 0.571875
0 0.641406 0.284375 0.664844 0.284375 0.664844 0.309896 0.641406 0.309896
0 0.635547 0.346875 0.655078 0.346875 0.655078 0.379167 0.635547 0.379167
0 0.668359 0.377604 0.685938 0.377604 0.685938 0.411979 0.668359 0.411979
0 0.639844 0.413021 0.657812 0.413021 0.657812 0.441667 0.639844 0.441667
0 0.607422 0.361458 0.625781 0.361458 0.625781 0.3875 0.607422 0.3875
0 0.591797 0.416146 0.609766 0.416146 0.609766 0.450521 0.591797 0.450521
0 0.597266 0.464062 0.615625 0.464062 0.615625 0.494792 0.597266 0.494792
0 0.620703 0.457292 0.643359 0.457292 0.643359 0.482812 0.620703 0.482812
0 0.681641 0.492188 0.696875 0.492188 0.696875 0.523958 0.681641 0.523958
0 0.708203 0.511458 0.728906 0.511458 0.728906 0.542708 0.708203 0.542708
0 0.627344 0.502083 0.646484 0.502083 0.646484 0.538021 0.627344 0.538021
0 0.65 0.522917 0.672266 0.522917 0.672266 0.55 0.65 0.55
0 0.672656 0.555729 0.688672 0.555729 0.688672 0.588021 0.672656 0.588021
0 0.557031 0.396354 0.571484 0.396354 0.571484 0.428646 0.557031 0.428646
0 0.5625 0.442708 0.585156 0.442708 0.585156 0.46875 0.5625 0.46875
0 0.584375 0.519792 0.606641 0.519792 0.606641 0.544792 0.584375 0.544792
0 0.603516 0.578646 0.629297 0.578646 0.629297 0.602083 0.603516 0.602083
0 0.724609 0.563021 0.742188 0.563021 0.742188 0.59375 0.724609 0.59375
0 0.551562 0.502604 0.573438 0.502604 0.573438 0.530729 0.551562 0.530729
0 0.558203 0.565625 0.582812 0.565625 0.582812 0.589583 0.558203 0.589583
0 0.430859 0.285938 0.448047 0.285938 0.448047 0.310938 0.430859 0.310938
0 0.404688 0.31875 0.430859 0.31875 0.430859 0.340104 0.404688 0.340104
0 0.450781 0.320312 0.474609 0.320312 0.474609 0.342708 0.450781 0.342708
0 0.523828 0.420312 0.549609 0.420312 0.549609 0.448958 0.523828 0.448958
0 0.401172 0.359896 0.421094 0.359896 0.421094 0.392188 0.401172 0.392188
0 0.429297 0.390104 0.455469 0.390104 0.455469 0.4125 0.429297 0.4125
0 0.453906 0.420312 0.474609 0.420312 0.474609 0.447917 0.453906 0.447917
0 0.385156 0.421875 0.407812 0.421875 0.407812 0.444792 0.385156 0.444792
0 0.421094 0.43125 0.445312 0.43125 0.445312 0.453125 0.421094 0.453125
0 0.372656 0.445833 0.394531 0.445833 0.394531 0.46875 0.372656 0.46875
0 0.43125 0.484896 0.454297 0.484896 0.454297 0.5125 0.43125 0.5125
0 0.395312 0.5125 0.414844 0.5125 0.414844 0.540625 0.395312 0.540625
0 0.346484 0.509896 0.369531 0.509896 0.369531 0.538542 0.346484 0.538542
0 0.362109 0.546354 0.386328 0.546354 0.386328 0.564583 0.362109 0.564583
0 0.320703 0.528646 0.341016 0.528646 0.341016 0.555208 0.320703 0.555208
0 0.285938 0.536979 0.302734 0.536979 0.302734 0.563542 0.285938 0.563542
0 0.289062 0.580729 0.316016 0.580729 0.316016 0.603646 0.289062 0.603646
0 0.434766 0.535417 0.452344 0.535417 0.452344 0.561979 0.434766 0.561979
0 0.518359 0.472396 0.544141 0.472396 0.544141 0.497917 0.518359 0.497917
0 0.508203 0.520312 0.526172 0.520312 0.526172 0.553646 0.508203 0.553646
0 0.48125 0.533333 0.496875 0.533333 0.496875 0.564062 0.48125 0.564062
0 0.186719 0.55 0.211328 0.55 0.211328 0.569271 0.186719 0.569271
0 0.223438 0.563542 0.248438 0.563542 0.248438 0.586458 0.223438 0.586458
0 0.255469 0.533333 0.274219 0.533333 0.274219 0.569271 0.255469 0.569271
0 0.181641 0.600521 0.20625 0.600521 0.20625 0.622917 0.181641 0.622917
0 0.217578 0.605729 0.241797 0.605729 0.241797 0.628125 0.217578 0.628125
0 0.272266 0.613021 0.295703 0.613021 0.295703 0.636979 0.272266 0.636979
0 0.306641 0.627083 0.326172 0.627083 0.326172 0.660938 0.306641 0.660938
0 0.345312 0.607292 0.373047 0.607292 0.373047 0.63125 0.345312 0.63125
0 0.436328 0.633854 0.453516 0.633854 0.453516 0.660938 0.436328 0.660938
0 0.417188 0.607812 0.442969 0.607812 0.442969 0.627604 0.417188 0.627604
0 0.365234 0.644271 0.385156 0.644271 0.385156 0.674479 0.365234 0.674479
0 0.389062 0.672396 0.410156 0.672396 0.410156 0.69375 0.389062 0.69375
0 0.410938 0.641146 0.429688 0.641146 0.429688 0.676562 0.410938 0.676562
0 0.500781 0.614583 0.516406 0.614583 0.516406 0.646354 0.500781 0.646354
0 0.264062 0.652083 0.291406 0.652083 0.291406 0.672396 0.264062 0.672396
0 0.324609 0.664583 0.350391 0.664583 0.350391 0.689062 0.324609 0.689062
0 0.329297 0.690625 0.357031 0.690625 0.357031 0.717708 0.329297 0.717708
0 0.288281 0.689062 0.306641 0.689062 0.306641 0.724479 0.288281 0.724479
0 0.219922 0.644271 0.242578 0.644271 0.242578 0.670312 0.219922 0.670312
0 0.188672 0.648958 0.207422 0.648958 0.207422 0.677083 0.188672 0.677083
0 0.210156 0.694271 0.235547 0.694271 0.235547 0.721354 0.210156 0.721354
0 0.248828 0.694271 0.270312 0.694271 0.270312 0.719271 0.248828 0.719271
0 0.026562 0.613542 0.053906 0.613542 0.053906 0.634896 0.026562 0.634896
0 0.011328 0.632292 0.029688 0.632292 0.029688 0.660417 0.011328 0.660417
0 0.039062 0.645312 0.060938 0.645312 0.060938 0.674479 0.039062 0.674479
0 0.024609 0.701042 0.047266 0.701042 0.047266 0.728125 0.024609 0.728125
0 0.051953 0.727604 0.070703 0.727604 0.070703 0.757812 0.051953 0.757812
0 0.014062 0.738021 0.038281 0.738021 0.038281 0.760417 0.014062 0.760417
0 0.263672 0.719271 0.288281 0.719271 0.288281 0.74375 0.263672 0.74375
0 0.240234 0.75 0.262891 0.75 0.262891 0.774479 0.240234 0.774479
0 0.006641 0.792708 0.034375 0.792708 0.034375 0.816146 0.006641 0.816146
0 0.024219 0.767188 0.047266 0.767188 0.047266 0.789583 0.024219 0.789583
0 0.0 0.836458 0.028516 0.836458 0.028516 0.861458 0.0 0.861458
0 0.182812 0.896875 0.212109 0.896875 0.212109 0.920833 0.182812 0.920833
0 0.203516 0.935417 0.223828 0.935417 0.223828 0.970833 0.203516 0.970833
0 0.261328 0.928646 0.281641 0.928646 0.281641 0.963021 0.261328 0.963021
0 0.280469 0.906771 0.299609 0.906771 0.299609 0.942188 0.280469 0.942188
0 0.30625 0.9 0.328906 0.9 0.328906 0.923958 0.30625 0.923958
0 0.307812 0.94375 0.332422 0.94375 0.332422 0.968229 0.307812 0.968229
0 0.469922 0.927604 0.488672 0.927604 0.488672 0.956771 0.469922 0.956771
0 0.440234 0.926042 0.463281 0.926042 0.463281 0.95 0.440234 0.95
0 0.362891 0.780729 0.384375 0.780729 0.384375 0.803125 0.362891 0.803125
0 0.405469 0.768229 0.423438 0.768229 0.423438 0.790104 0.405469 0.790104
0 0.500391 0.801562 0.524609 0.801562 0.524609 0.827083 0.500391 0.827083
0 0.542969 0.829688 0.560938 0.829688 0.560938 0.85625 0.542969 0.85625
0 0.564453 0.847396 0.583984 0.847396 0.583984 0.876042 0.564453 0.876042
0 0.588672 0.827083 0.613281 0.827083 0.613281 0.853646 0.588672 0.853646
0 0.512109 0.952604 0.536328 0.952604 0.536328 0.974479 0.512109 0.974479
0 0.327344 0.730208 0.347656 0.730208 0.347656 0.75 0.327344 0.75
0 0.348828 0.751562 0.369922 0.751562 0.369922 0.772396 0.348828 0.772396
0 0.382422 0.727604 0.405859 0.727604 0.405859 0.748438 0.382422 0.748438
0 0.449219 0.733854 0.465234 0.733854 0.465234 0.764062 0.449219 0.764062
0 0.494531 0.694271 0.511719 0.694271 0.511719 0.723438 0.494531 0.723438
0 0.5125 0.750521 0.539453 0.750521 0.539453 0.775 0.5125 0.775
0 0.529297 0.610417 0.551953 0.610417 0.551953 0.632812 0.529297 0.632812
0 0.515625 0.650521 0.5375 0.650521 0.5375 0.671875 0.515625 0.671875
0 0.523438 0.6875 0.546484 0.6875 0.546484 0.714062 0.523438 0.714062
0 0.541016 0.714583 0.566797 0.714583 0.566797 0.742188 0.541016 0.742188
0 0.566797 0.682292 0.590625 0.682292 0.590625 0.705729 0.566797 0.705729
0 0.557812 0.625 0.576953 0.625 0.576953 0.659375 0.557812 0.659375
0 0.585938 0.657812 0.610547 0.657812 0.610547 0.68125 0.585938 0.68125
0 0.602344 0.618229 0.622656 0.618229 0.622656 0.651042 0.602344 0.651042
0 0.558203 0.771875 0.58125 0.771875 0.58125 0.805729 0.558203 0.805729
0 0.594531 0.753125 0.616797 0.753125 0.616797 0.776042 0.594531 0.776042
0 0.587109 0.700521 0.611328 0.700521 0.611328 0.725521 0.587109 0.725521
0 0.624219 0.708854 0.64375 0.708854 0.64375 0.742708 0.624219 0.742708
0 0.611719 0.782812 0.635156 0.782812 0.635156 0.810417 0.611719 0.810417
0 0.663281 0.789062 0.683203 0.789062 0.683203 0.823958 0.663281 0.823958
0 0.642578 0.826042 0.660938 0.826042 0.660938 0.854688 0.642578 0.854688
0 0.660547 0.728646 0.679297 0.728646 0.679297 0.764062 0.660547 0.764062
0 0.662891 0.6875 0.688672 0.6875 0.688672 0.714062 0.662891 0.714062
0 0.64375 0.621875 0.660547 0.621875 0.660547 0.653125 0.64375 0.653125
0 0.702734 0.603125 0.723047 0.603125 0.723047 0.630208 0.702734 0.630208
0 0.748828 0.594271 0.765625 0.594271 0.765625 0.627604 0.748828 0.627604
0 0.724219 0.615625 0.742578 0.615625 0.742578 0.650521 0.724219 0.650521
0 0.775391 0.621875 0.794922 0.621875 0.794922 0.653125 0.775391 0.653125
0 0.733594 0.66875 0.75 0.66875 0.75 0.701562 0.733594 0.701562
0 0.760547 0.671354 0.777734 0.671354 0.777734 0.705729 0.760547 0.705729
0 0.792969 0.671354 0.810938 0.671354 0.810938 0.698958 0.792969 0.698958
0 0.807031 0.630208 0.825 0.630208 0.825 0.663021 0.807031 0.663021
0 0.818359 0.673438 0.836719 0.673438 0.836719 0.710417 0.818359 0.710417
0 0.853906 0.66875 0.869922 0.66875 0.869922 0.704167 0.853906 0.704167
0 0.724219 0.835938 0.742969 0.835938 0.742969 0.868229 0.724219 0.868229
0 0.676172 0.838542 0.700391 0.838542 0.700391 0.864062 0.676172 0.864062
0 0.657812 0.875521 0.679297 0.875521 0.679297 0.90625 0.657812 0.90625
0 0.696094 0.885938 0.717578 0.885938 0.717578 0.914583 0.696094 0.914583
0 0.6875 0.919792 0.713672 0.919792 0.713672 0.942708 0.6875 0.942708
0 0.758984 0.859896 0.775781 0.859896 0.775781 0.898438 0.758984 0.898438
0 0.752344 0.728646 0.773438 0.728646 0.773438 0.760417 0.752344 0.760417
0 0.704297 0.772917 0.723828 0.772917 0.723828 0.807812 0.704297 0.807812
0 0.751562 0.785938 0.76875 0.785938 0.76875 0.819792 0.751562 0.819792
0 0.779297 0.795833 0.796484 0.795833 0.796484 0.828646 0.779297 0.828646
0 0.788281 0.721875 0.810938 0.721875 0.810938 0.744792 0.788281 0.744792
0 0.799609 0.758333 0.820312 0.758333 0.820312 0.776562 0.799609 0.776562
0 0.794531 0.826562 0.813672 0.826562 0.813672 0.850521 0.794531 0.850521
0 0.921094 0.925 0.947656 0.925 0.947656 0.945312 0.921094 0.945312
0 0.932422 0.947917 0.951953 0.947917 0.951953 0.975521 0.932422 0.975521
0 0.959766 0.886979 0.985156 0.886979 0.985156 0.915104 0.959766 0.915104
0 0.966406 0.821354 0.990234 0.821354 0.990234 0.839062 0.966406 0.839062