0 0.066406 0.305729 0.089062 0.305729 0.089062 0.334896 0.066406 0.334896
0 0.098438 0.294271 0.117188 0.294271 0.117188 0.322396 0.098438 0.322396
0 0.06875 0.340625 0.094531 0.340625 0.094531 0.368229 0.06875 0.368229
0 0.095703 0.382812 0.119922 0.382812 0.119922 0.410938 0.095703 0.410938
0 0.092188 0.415625 0.115625 0.415625 0.115625 0.439583 0.092188 0.439583
0 0.086719 0.448438 0.109375 0.448438 0.109375 0.471875 0.086719 0.471875
0 0.046094 0.448438 0.067578 0.448438 0.067578 0.478125 0.046094 0.478125
0 0.027734 0.386458 0.048047 0.386458 0.048047 0.415104 0.027734 0.415104
0 0.028125 0.297917 0.046875 0.297917 0.046875 0.323958 0.028125 0.323958
0 0.118359 0.208333 0.136328 0.208333 0.136328 0.235938 0.118359 0.235938
0 0.155859 0.222917 0.179297 0.222917 0.179297 0.245312 0.155859 0.245312
0 0.162109 0.267188 0.184766 0.267188 0.184766 0.291667 0.162109 0.291667
0 0.256641 0.364583 0.280859 0.364583 0.280859 0.390104 0.256641 0.390104
0 0.253125 0.417188 0.273828 0.417188 0.273828 0.442188 0.253125 0.442188
0 0.146875 0.370833 0.169141 0.370833 0.169141 0.396354 0.146875 0.396354
0 0.11875 0.344271 0.139062 0.344271 0.139062 0.366146 0.11875 0.366146
0 0.136719 0.401042 0.161719 0.401042 0.161719 0.425521 0.136719 0.425521
0 0.140625 0.285417 0.159766 0.285417 0.159766 0.308854 0.140625 0.308854
0 0.008203 0.164062 0.028125 0.164062 0.028125 0.194792 0.008203 0.194792
0 0.000781 0.211979 0.020703 0.211979 0.020703 0.238542 0.000781 0.238542
0 0.01875 0.125521 0.039062 0.125521 0.039062 0.151562 0.01875 0.151562
0 0.101562 0.177604 0.120312 0.177604 0.120312 0.201042 0.101562 0.201042
0 0.131641 0.142188 0.149609 0.142188 0.149609 0.170833 0.131641 0.170833
0 0.142188 0.183333 0.161719 0.183333 0.161719 0.20625 0.142188 0.20625
0 0.177734 0.184375 0.2 0.184375 0.2 0.210417 0.177734 0.210417
0 0.204297 0.153646 0.222656 0.153646 0.222656 0.176562 0.204297 0.176562
0 0.037891 0.332292 0.060156 0.332292 0.060156 0.359375 0.037891 0.359375
0 0.295312 0.280208 0.317578 0.280208 0.317578 0.314062 0.295312 0.314062
0 0.266016 0.291667 0.285547 0.291667 0.285547 0.320833 0.266016 0.320833
0 0.275 0.242708 0.296094 0.242708 0.296094 0.267708 0.275 0.267708
0 0.313281 0.233854 0.331641 0.233854 0.331641 0.257812 0.313281 0.257812
0 0.338281 0.217708 0.357422 0.217708 0.357422 0.240625 0.338281 0.240625
0 0.344922 0.293229 0.369922 0.293229 0.369922 0.319271 0.344922 0.319271
0 0.323828 0.335938 0.342188 0.335938 0.342188 0.359375 0.323828 0.359375
0 0.323438 0.376562 0.343359 0.376562 0.343359 0.394792 0.323438 0.394792
0 0.320312 0.413542 0.340234 0.413542 0.340234 0.435938 0.320312 0.435938
0 0.355859 0.368229 0.375 0.368229 0.375 0.385938 0.355859 0.385938
0 0.284375 0.445833 0.304688 0.445833 0.304688 0.471875 0.284375 0.471875
0 0.360547 0.404688 0.382812 0.404688 0.382812 0.432812 0.360547 0.432812
0 0.303125 0.117188 0.321875 0.117188 0.321875 0.150521 0.303125 0.150521
0 0.335156 0.120312 0.353516 0.120312 0.353516 0.153125 0.335156 0.153125
0 0.367578 0.121354 0.383984 0.121354 0.383984 0.152083 0.367578 0.152083
0 0.214844 0.115104 0.235547 0.115104 0.235547 0.1375 0.214844 0.1375
0 0.158594 0.056771 0.174219 0.056771 0.174219 0.088021 0.158594 0.088021
0 0.188672 0.067188 0.207422 0.067188 0.207422 0.095833 0.188672 0.095833
0 0.110938 0.065625 0.128516 0.065625 0.128516 0.092188 0.110938 0.092188
0 0.091406 0.100521 0.113281 0.100521 0.113281 0.121875 0.091406 0.121875
0 0.012891 0.002604 0.03125 0.002604 0.03125 0.027604 0.012891 0.027604
0 0.293359 0.005208 0.307422 0.005208 0.307422 0.048958 0.293359 0.048958
0 0.355078 0.069271 0.376172 0.069271 0.376172 0.094792 0.355078 0.094792
0 0.393359 0.091667 0.412109 0.091667 0.412109 0.113021 0.393359 0.113021
0 0.380078 0.172917 0.396875 0.172917 0.396875 0.202083 0.380078 0.202083
0 0.407031 0.206771 0.430078 0.206771 0.430078 0.229167 0.407031 0.229167
0 0.414453 0.058854 0.436328 0.058854 0.436328 0.088021 0.414453 0.088021
0 0.400391 0.125521 0.41875 0.125521 0.41875 0.158854 0.400391 0.158854
0 0.396875 0.006771 0.417578 0.006771 0.417578 0.03125 0.396875 0.03125
0 0.443359 0.129688 0.466406 0.129688 0.466406 0.154688 0.443359 0.154688
0 0.406641 0.245312 0.427344 0.245312 0.427344 0.278125 0.406641 0.278125
0 0.369141 0.238021 0.388672 0.238021 0.388672 0.263542 0.369141 0.263542
0 0.381641 0.284896 0.403906 0.284896 0.403906 0.307812 0.381641 0.307812
0 0.44375 0.269271 0.461328 0.269271 0.461328 0.303646 0.44375 0.303646
0 0.458984 0.188021 0.483984 0.188021 0.483984 0.213021 0.458984 0.213021
0 0.492578 0.178125 0.511328 0.178125 0.511328 0.207812 0.492578 0.207812
0 0.478906 0.140625 0.499609 0.140625 0.499609 0.167188 0.478906 0.167188
0 0.479688 0.0875 0.499219 0.0875 0.499219 0.114062 0.479688 0.114062
0 0.506641 0.107812 0.528516 0.107812 0.528516 0.139583 0.506641 0.139583
0 0.534375 0.079167 0.549219 0.079167 0.549219 0.114062 0.534375 0.114062
0 0.475391 0.039583 0.496094 0.039583 0.496094 0.073438 0.475391 0.073438
0 0.521875 0.436979 0.538281 0.436979 0.538281 0.466667 0.521875 0.466667
0 0.485156 0.423958 0.505078 0.423958 0.505078 0.444271 0.485156 0.444271
0 0.391016 0.385417 0.410938 0.385417 0.410938 0.416667 0.391016 0.416667
0 0.376172 0.331771 0.397656 0.331771 0.397656 0.357292 0.376172 0.357292
0 0.467578 0.28125 0.486719 0.28125 0.486719 0.311979 0.467578 0.311979
0 0.357812 0.486458 0.377734 0.486458 0.377734 0.507292 0.357812 0.507292
0 0.319922 0.464583 0.342969 0.464583 0.342969 0.484375 0.319922 0.484375
0 0.279688 0.498438 0.301953 0.498438 0.301953 0.522396 0.279688 0.522396
0 0.239844 0.477083 0.2625 0.477083 0.2625 0.501042 0.239844 0.501042
0 0.2375 0.515625 0.256641 0.515625 0.256641 0.547396 0.2375 0.547396
0 0.261328 0.51875 0.283984 0.51875 0.283984 0.550521 0.261328 0.550521
0 0.328125 0.5125 0.350391 0.5125 0.350391 0.539062 0.328125 0.539062
0 0.377734 0.509375 0.401562 0.509375 0.401562 0.530729 0.377734 0.530729
0 0.082422 0.505729 0.1 0.505729 0.1 0.525 0.082422 0.525
0 0.109766 0.513542 0.129297 0.513542 0.129297 0.53125 0.109766 0.53125
0 0.100781 0.476042 0.123047 0.476042 0.123047 0.497396 0.100781 0.497396
0 0.130469 0.532812 0.146875 0.532812 0.146875 0.561458 0.130469 0.561458
0 0.114844 0.440625 0.133594 0.440625 0.133594 0.461979 0.114844 0.461979
0 0.066406 0.385417 0.08125 0.385417 0.08125 0.410417 0.066406 0.410417
0 0.092969 0.543229 0.112891 0.543229 0.112891 0.566146 0.092969 0.566146
0 0.055078 0.551042 0.075391 0.551042 0.075391 0.573438 0.055078 0.573438
0 0.023828 0.539062 0.044141 0.539062 0.044141 0.56875 0.023828 0.56875
0 0.002344 0.578646 0.020703 0.578646 0.020703 0.609375 0.002344 0.609375
0 0.04375 0.583333 0.065625 0.583333 0.065625 0.605729 0.04375 0.605729
0 0.114062 0.63125 0.133984 0.63125 0.133984 0.659896 0.114062 0.659896
0 0.085156 0.669792 0.107422 0.669792 0.107422 0.696875 0.085156 0.696875
0 0.032812 0.617188 0.05 0.617188 0.05 0.642708 0.032812 0.642708
0 0.061719 0.633854 0.084375 0.633854 0.084375 0.665625 0.061719 0.665625
0 0.113672 0.571354 0.138281 0.571354 0.138281 0.59375 0.113672 0.59375
0 0.030859 0.703646 0.05 0.703646 0.05 0.723438 0.030859 0.723438
0 0.011719 0.652083 0.027344 0.652083 0.027344 0.684375 0.011719 0.684375
0 0.041016 0.669792 0.053906 0.669792 0.053906 0.69375 0.041016 0.69375
0 0.069922 0.728646 0.089062 0.728646 0.089062 0.758333 0.069922 0.758333
0 0.039062 0.733333 0.053906 0.733333 0.053906 0.758333 0.039062 0.758333
0 0.149219 0.815104 0.167578 0.815104 0.167578 0.844792 0.149219 0.844792
0 0.131641 0.854688 0.155469 0.854688 0.155469 0.880729 0.131641 0.880729
0 0.120312 0.916146 0.142578 0.916146 0.142578 0.943229 0.120312 0.943229
0 0.163281 0.902604 0.185156 0.902604 0.185156 0.93125 0.163281 0.93125
0 0.194141 0.880208 0.214453 0.880208 0.214453 0.915104 0.194141 0.915104
0 0.216406 0.854167 0.237109 0.854167 0.237109 0.878646 0.216406 0.878646
0 0.195703 0.834896 0.212891 0.834896 0.212891 0.860938 0.195703 0.860938
0 0.176172 0.790625 0.193359 0.790625 0.193359 0.821875 0.176172 0.821875
0 0.194141 0.764583 0.214844 0.764583 0.214844 0.79375 0.194141 0.79375
0 0.224609 0.805729 0.25 0.805729 0.25 0.833854 0.224609 0.833854
0 0.289062 0.811979 0.312109 0.811979 0.312109 0.840625 0.289062 0.840625
0 0.287109 0.863021 0.309766 0.863021 0.309766 0.895312 0.287109 0.895312
0 0.267578 0.563542 0.291016 0.563542 0.291016 0.590625 0.267578 0.590625
0 0.230859 0.682812 0.250391 0.682812 0.250391 0.713542 0.230859 0.713542
0 0.263281 0.667708 0.288281 0.667708 0.288281 0.700521 0.263281 0.700521
0 0.260156 0.716146 0.286328 0.716146 0.286328 0.745833 0.260156 0.745833
0 0.308203 0.73125 0.326562 0.73125 0.326562 0.757292 0.308203 0.757292
0 0.306641 0.779167 0.328906 0.779167 0.328906 0.80625 0.306641 0.80625
0 0.355078 0.74375 0.378125 0.74375 0.378125 0.772396 0.355078 0.772396
0 0.346875 0.8125 0.366406 0.8125 0.366406 0.836458 0.346875 0.836458
0 0.365234 0.779688 0.382031 0.779688 0.382031 0.801562 0.365234 0.801562
0 0.326172 0.679688 0.347266 0.679688 0.347266 0.705729 0.326172 0.705729
0 0.324609 0.609375 0.349609 0.609375 0.349609 0.630729 0.324609 0.630729
0 0.330859 0.645833 0.354297 0.645833 0.354297 0.665625 0.330859 0.665625
0 0.294141 0.652083 0.312109 0.652083 0.312109 0.674479 0.294141 0.674479
0 0.258594 0.632812 0.284766 0.632812 0.284766 0.654167 0.258594 0.654167
0 0.369141 0.692708 0.385938 0.692708 0.385938 0.718229 0.369141 0.718229
0 0.428516 0.765104 0.445312 0.765104 0.445312 0.798438 0.428516 0.798438
0 0.487891 0.741146 0.507422 0.741146 0.507422 0.770312 0.487891 0.770312
0 0.473828 0.640104 0.493359 0.640104 0.493359 0.666146 0.473828 0.666146
0 0.464453 0.585938 0.481641 0.585938 0.481641 0.609375 0.464453 0.609375
0 0.434766 0.589062 0.451562 0.589062 0.451562 0.614583 0.434766 0.614583
0 0.296875 0.586979 0.316016 0.586979 0.316016 0.614583 0.296875 0.614583
0 0.430469 0.851042 0.451172 0.851042 0.451172 0.883333 0.430469 0.883333
0 0.479297 0.847917 0.505859 0.847917 0.505859 0.873438 0.479297 0.873438
0 0.464844 0.807812 0.486328 0.807812 0.486328 0.839583 0.464844 0.839583
0 0.499609 0.789583 0.523047 0.789583 0.523047 0.816146 0.499609 0.816146
0 0.525781 0.8125 0.544531 0.8125 0.544531 0.841667 0.525781 0.841667
0 0.554297 0.845833 0.574219 0.845833 0.574219 0.874479 0.554297 0.874479
0 0.498828 0.889583 0.523047 0.889583 0.523047 0.919271 0.498828 0.919271
0 0.462109 0.894271 0.484375 0.894271 0.484375 0.920312 0.462109 0.920312
0 0.473438 0.939062 0.493359 0.939062 0.493359 0.9625 0.473438 0.9625
0 0.522656 0.940625 0.54375 0.940625 0.54375 0.969792 0.522656 0.969792
0 0.503516 0.969271 0.519922 0.969271 0.519922 0.998958 0.503516 0.998958
0 0.352344 0.895312 0.373438 0.895312 0.373438 0.931771 0.352344 0.931771
0 0.319922 0.895833 0.342578 0.895833 0.342578 0.925521 0.319922 0.925521
0 0.319922 0.847396 0.341797 0.847396 0.341797 0.874479 0.319922 0.874479
0 0.276953 0.921354 0.297266 0.921354 0.297266 0.945833 0.276953 0.945833
0 0.160547 0.947917 0.183203 0.947917 0.183203 0.975 0.160547 0.975
0 0.193359 0.9375 0.213672 0.9375 0.213672 0.964583 0.193359 0.964583
0 0.23125 0.902083 0.252344 0.902083 0.252344 0.936458 0.23125 0.936458
0 0.141016 0.950521 0.160156 0.950521 0.160156 0.974479 0.141016 0.974479
0 0.301172 0.913021 0.322266 0.913021 0.322266 0.939062 0.301172 0.939062
0 0.335938 0.942188 0.362109 0.942188 0.362109 0.969271 0.335938 0.969271
0 0.386719 0.938021 0.409375 0.938021 0.409375 0.964583 0.386719 0.964583
0 0.533203 0.758854 0.555469 0.758854 0.555469 0.785417 0.533203 0.785417
0 0.561719 0.753125 0.576562 0.753125 0.576562 0.783333 0.561719 0.783333
0 0.54375 0.897396 0.566406 0.897396 0.566406 0.921875 0.54375 0.921875
0 0.571484 0.932292 0.590234 0.932292 0.590234 0.966146 0.571484 0.966146
0 0.592578 0.941667 0.612891 0.941667 0.612891 0.969271 0.592578 0.969271
0 0.582422 0.845312 0.6 0.845312 0.6 0.875 0.582422 0.875
0 0.589062 0.809896 0.609375 0.809896 0.609375 0.832292 0.589062 0.832292
0 0.590234 0.775521 0.608594 0.775521 0.608594 0.801042 0.590234 0.801042
0 0.694141 0.823958 0.713281 0.823958 0.713281 0.853646 0.694141 0.853646
0 0.651172 0.833854 0.670312 0.833854 0.670312 0.863021 0.651172 0.863021
0 0.601562 0.869271 0.624219 0.869271 0.624219 0.894792 0.601562 0.894792
0 0.609766 0.896875 0.629297 0.896875 0.629297 0.925 0.609766 0.925
0 0.655469 0.903125 0.674219 0.903125 0.674219 0.931771 0.655469 0.931771
0 0.745312 0.896875 0.765234 0.896875 0.765234 0.919271 0.745312 0.919271
0 0.723828 0.827083 0.745703 0.827083 0.745703 0.859896 0.723828 0.859896
0 0.764062 0.85625 0.785547 0.85625 0.785547 0.886458 0.764062 0.886458
0 0.669531 0.777083 0.689062 0.777083 0.689062 0.808333 0.669531 0.808333
0 0.710938 0.760938 0.729688 0.760938 0.729688 0.79375 0.710938 0.79375
0 0.627734 0.774479 0.646484 0.774479 0.646484 0.799479 0.627734 0.799479
0 0.810938 0.773438 0.833984 0.773438 0.833984 0.798958 0.810938 0.798958
0 0.778906 0.790104 0.798438 0.790104 0.798438 0.816667 0.778906 0.816667
0 0.822266 0.8125 0.846094 0.8125 0.846094 0.841667 0.822266 0.841667
0 0.803906 0.724479 0.825 0.724479 0.825 0.749479 0.803906 0.749479
0 0.748438 0.722917 0.766797 0.722917 0.766797 0.754688 0.748438 0.754688
0 0.926953 0.961979 0.949609 0.961979 0.949609 0.9875 0.926953 0.9875
0 0.642578 0.677604 0.659766 0.677604 0.659766 0.704167 0.642578 0.704167
0 0.648047 0.73125 0.665234 0.73125 0.665234 0.755729 0.648047 0.755729
0 0.673828 0.685417 0.69375 0.685417 0.69375 0.717188 0.673828 0.717188
0 0.713281 0.684896 0.736719 0.684896 0.736719 0.7125 0.713281 0.7125
0 0.762109 0.684375 0.780469 0.684375 0.780469 0.711979 0.762109 0.711979
0 0.826172 0.643229 0.844922 0.643229 0.844922 0.670312 0.826172 0.670312
0 0.774219 0.618229 0.791016 0.618229 0.791016 0.649479 0.774219 0.649479
0 0.579297 0.652604 0.599219 0.652604 0.599219 0.68125 0.579297 0.68125
0 0.557031 0.600521 0.574609 0.600521 0.574609 0.632812 0.557031 0.632812
0 0.550391 0.503646 0.573438 0.503646 0.573438 0.528646 0.550391 0.528646
0 0.567578 0.452083 0.585938 0.452083 0.585938 0.480729 0.567578 0.480729
0 0.59375 0.45 0.6125 0.45 0.6125 0.483333 0.59375 0.483333
0 0.590625 0.508333 0.613281 0.508333 0.613281 0.533333 0.590625 0.533333
0 0.575 0.544792 0.59375 0.544792 0.59375 0.572917 0.575 0.572917
0 0.537109 0.546875 0.554688 0.546875 0.554688 0.578125 0.537109 0.578125
0 0.509375 0.532812 0.528125 0.532812 0.528125 0.559375 0.509375 0.559375
0 0.527344 0.591667 0.545703 0.591667 0.545703 0.623958 0.527344 0.623958
0 0.498438 0.591146 0.517578 0.591146 0.517578 0.619792 0.498438 0.619792
0 0.621484 0.553125 0.648828 0.553125 0.648828 0.582292 0.621484 0.582292
0 0.641016 0.516667 0.656641 0.516667 0.656641 0.541146 0.641016 0.541146
0 0.645703 0.470833 0.667578 0.470833 0.667578 0.494792 0.645703 0.494792
0 0.617578 0.421875 0.632812 0.421875 0.632812 0.45 0.617578 0.45
0 0.565234 0.390104 0.580469 0.390104 0.580469 0.423958 0.565234 0.423958
0 0.678906 0.511458 0.700391 0.511458 0.700391 0.536979 0.678906 0.536979
0 0.714844 0.478646 0.737891 0.478646 0.737891 0.501042 0.714844 0.501042
0 0.673828 0.405208 0.69375 0.405208 0.69375 0.438542 0.673828 0.438542
0 0.676953 0.365625 0.703516 0.365625 0.703516 0.388542 0.676953 0.388542
0 0.719922 0.373438 0.736719 0.373438 0.736719 0.40625 0.719922 0.40625
0 0.755078 0.38125 0.777344 0.38125 0.777344 0.404688 0.755078 0.404688
0 0.757812 0.417188 0.780078 0.417188 0.780078 0.442188 0.757812 0.442188
0 0.73125 0.425 0.752734 0.425 0.752734 0.451042 0.73125 0.451042
0 0.765625 0.513021 0.792578 0.513021 0.792578 0.532812 0.765625 0.532812
0 0.725 0.523958 0.746484 0.523958 0.746484 0.55 0.725 0.55
0 0.752734 0.547917 0.776562 0.547917 0.776562 0.56875 0.752734 0.56875
0 0.779297 0.567188 0.797656 0.567188 0.797656 0.599479 0.779297 0.599479
0 0.739062 0.588542 0.759766 0.588542 0.759766 0.6125 0.739062 0.6125
0 0.711328 0.560938 0.732812 0.560938 0.732812 0.583854 0.711328 0.583854
0 0.697656 0.528125 0.715625 0.528125 0.715625 0.555729 0.697656 0.555729
0 0.525781 0.651042 0.549609 0.651042 0.549609 0.675 0.525781 0.675
0 0.655078 0.327604 0.682422 0.327604 0.682422 0.352604 0.655078 0.352604
0 0.696484 0.295833 0.71875 0.295833 0.71875 0.322396 0.696484 0.322396
0 0.651562 0.284896 0.675391 0.284896 0.675391 0.309896 0.651562 0.309896
0 0.673828 0.253646 0.697656 0.253646 0.697656 0.28125 0.673828 0.28125
0 0.755859 0.349479 0.780859 0.349479 0.780859 0.373438 0.755859 0.373438
0 0.7375 0.316667 0.761328 0.316667 0.761328 0.340104 0.7375 0.340104
0 0.632812 0.260938 0.657422 0.260938 0.657422 0.283333 0.632812 0.283333
0 0.646484 0.203646 0.671484 0.203646 0.671484 0.230208 0.646484 0.230208
0 0.666406 0.165104 0.692188 0.165104 0.692188 0.189062 0.666406 0.189062
0 0.672656 0.136458 0.697656 0.136458 0.697656 0.158333 0.672656 0.158333
0 0.676953 0.088542 0.696484 0.088542 0.696484 0.116146 0.676953 0.116146
0 0.637891 0.092188 0.656641 0.092188 0.656641 0.125 0.637891 0.125
0 0.604688 0.120833 0.622656 0.120833 0.622656 0.151042 0.604688 0.151042
0 0.611719 0.159375 0.634766 0.159375 0.634766 0.182292 0.611719 0.182292
0 0.555078 0.113021 0.571094 0.113021 0.571094 0.146875 0.555078 0.146875
0 0.557812 0.069792 0.575781 0.069792 0.575781 0.1 0.557812 0.1
0 0.529688 0.013542 0.549609 0.013542 0.549609 0.05 0.529688 0.05
0 0.579297 0.038021 0.595703 0.038021 0.595703 0.069271 0.579297 0.069271
0 0.642188 0.017188 0.667969 0.017188 0.667969 0.041667 0.642188 0.041667
0 0.606641 0.008333 0.623828 0.008333 0.623828 0.028646 0.606641 0.028646
0 0.862891 0.017188 0.879688 0.017188 0.879688 0.051042 0.862891 0.051042
0 0.866797 0.079167 0.892969 0.079167 0.892969 0.1 0.866797 0.1
0 0.892969 0.010938 0.911719 0.010938 0.911719 0.038021 0.892969 0.038021
0 0.919531 0.004688 0.939844 0.004688 0.939844 0.029688 0.919531 0.029688
0 0.952734 0.013021 0.975 0.013021 0.975 0.043229 0.952734 0.043229
0 0.968359 0.048438 0.993359 0.048438 0.993359 0.072396 0.968359 0.072396
0 0.914453 0.069792 0.936719 0.069792 0.936719 0.095312 0.914453 0.095312
0 0.94375 0.085417 0.962109 0.085417 0.962109 0.114062 0.94375 0.114062
0 0.903516 0.1125 0.91875 0.1125 0.91875 0.144792 0.903516 0.144792
0 0.929297 0.121354 0.955859 0.121354 0.955859 0.143229 0.929297 0.143229
0 0.902734 0.184375 0.920312 0.184375 0.920312 0.210417 0.902734 0.210417
0 0.937891 0.142708 0.960547 0.142708 0.960547 0.168229 0.937891 0.168229
0 0.946094 0.191667 0.966406 0.191667 0.966406 0.213021 0.946094 0.213021
0 0.929688 0.267188 0.955078 0.267188 0.955078 0.288542 0.929688 0.288542
0 0.941797 0.311458 0.961719 0.311458 0.961719 0.338021 0.941797 0.338021
0 0.973828 0.302083 0.992188 0.302083 0.992188 0.328646 0.973828 0.328646
0 0.958203 0.372917 0.978125 0.372917 0.978125 0.399479 0.958203 0.399479
0 0.972266 0.413542 0.992969 0.413542 0.992969 0.4375 0.972266 0.4375
0 0.965625 0.452604 0.984375 0.452604 0.984375 0.48125 0.965625 0.48125