0 0.228516 0.085938 0.239844 0.085938 0.239844 0.110417 0.228516 0.110417
0 0.269141 0.072917 0.285938 0.072917 0.285938 0.088542 0.269141 0.088542
0 0.264062 0.113021 0.277734 0.113021 0.277734 0.130729 0.264062 0.130729
0 0.285938 0.132812 0.302734 0.132812 0.302734 0.151562 0.285938 0.151562
0 0.308984 0.093229 0.321875 0.093229 0.321875 0.109375 0.308984 0.109375
0 0.289453 0.108333 0.30625 0.108333 0.30625 0.125 0.289453 0.125
0 0.355469 0.102604 0.369922 0.102604 0.369922 0.129167 0.355469 0.129167
0 0.304688 0.169271 0.324609 0.169271 0.324609 0.184896 0.304688 0.184896
0 0.029688 0.14375 0.045703 0.14375 0.045703 0.169792 0.029688 0.169792
0 0.05 0.141667 0.066406 0.141667 0.066406 0.171354 0.05 0.171354
0 0.102734 0.107292 0.119531 0.107292 0.119531 0.127083 0.102734 0.127083
0 0.027734 0.178646 0.042188 0.178646 0.042188 0.202604 0.027734 0.202604
0 0.051953 0.191667 0.072266 0.191667 0.072266 0.216667 0.051953 0.216667
0 0.128125 0.170833 0.144531 0.170833 0.144531 0.188542 0.128125 0.188542
0 0.095703 0.200521 0.109375 0.200521 0.109375 0.220312 0.095703 0.220312
0 0.147266 0.29375 0.160938 0.29375 0.160938 0.309896 0.147266 0.309896
0 0.046094 0.295312 0.058594 0.295312 0.058594 0.316667 0.046094 0.316667
0 0.056641 0.238021 0.070703 0.238021 0.070703 0.255729 0.056641 0.255729
0 0.057422 0.265625 0.074609 0.265625 0.074609 0.2875 0.057422 0.2875
0 0.061328 0.338542 0.076172 0.338542 0.076172 0.363021 0.061328 0.363021
0 0.042969 0.327604 0.057812 0.327604 0.057812 0.350521 0.042969 0.350521
0 0.069531 0.040104 0.086719 0.040104 0.086719 0.058854 0.069531 0.058854
0 0.115234 0.056771 0.130078 0.056771 0.130078 0.0875 0.115234 0.0875
0 0.125 0.209896 0.1375 0.209896 0.1375 0.229167 0.125 0.229167
0 0.144922 0.190625 0.158984 0.190625 0.158984 0.211979 0.144922 0.211979
0 0.092578 0.252604 0.108984 0.252604 0.108984 0.280729 0.092578 0.280729
0 0.175 0.3 0.187891 0.3 0.187891 0.320833 0.175 0.320833
0 0.363672 0.049479 0.380469 0.049479 0.380469 0.073438 0.363672 0.073438
0 0.329297 0.019271 0.346875 0.019271 0.346875 0.036458 0.329297 0.036458
0 0.192578 0.472396 0.207422 0.472396 0.207422 0.495833 0.192578 0.495833
0 0.151953 0.454688 0.1625 0.454688 0.1625 0.471354 0.151953 0.471354
0 0.167578 0.453646 0.180469 0.453646 0.180469 0.476562 0.167578 0.476562
0 0.24375 0.461979 0.258203 0.461979 0.258203 0.484375 0.24375 0.484375
0 0.192969 0.577083 0.205859 0.577083 0.205859 0.605729 0.192969 0.605729
0 0.223047 0.496354 0.233594 0.496354 0.233594 0.514583 0.223047 0.514583
0 0.080469 0.584375 0.095312 0.584375 0.095312 0.611458 0.080469 0.611458
0 0.117969 0.592708 0.133594 0.592708 0.133594 0.61875 0.117969 0.61875
0 0.085938 0.625521 0.098828 0.625521 0.098828 0.642188 0.085938 0.642188
0 0.130078 0.626042 0.141406 0.626042 0.141406 0.651562 0.130078 0.651562
0 0.162891 0.624479 0.177344 0.624479 0.177344 0.639583 0.162891 0.639583
0 0.15 0.579167 0.163281 0.579167 0.163281 0.599479 0.15 0.599479
0 0.070703 0.517188 0.083984 0.517188 0.083984 0.541146 0.070703 0.541146
0 0.077734 0.475 0.090234 0.475 0.090234 0.495833 0.077734 0.495833
0 0.223047 0.592708 0.233594 0.592708 0.233594 0.615104 0.223047 0.615104
0 0.222266 0.549479 0.233984 0.549479 0.233984 0.567188 0.222266 0.567188
0 0.24375 0.550521 0.257031 0.550521 0.257031 0.572917 0.24375 0.572917
0 0.285547 0.552083 0.300391 0.552083 0.300391 0.575521 0.285547 0.575521
0 0.317969 0.536458 0.330859 0.536458 0.330859 0.55625 0.317969 0.55625
0 0.261328 0.597396 0.274219 0.597396 0.274219 0.622917 0.261328 0.622917
0 0.235156 0.653646 0.248828 0.653646 0.248828 0.68125 0.235156 0.68125
0 0.107031 0.475521 0.11875 0.475521 0.11875 0.494792 0.107031 0.494792
0 0.136328 0.484375 0.148828 0.484375 0.148828 0.504167 0.136328 0.504167
0 0.134766 0.522917 0.152734 0.522917 0.152734 0.544792 0.134766 0.544792
0 0.129688 0.343229 0.146484 0.343229 0.146484 0.361979 0.129688 0.361979
0 0.163281 0.378125 0.178125 0.378125 0.178125 0.398958 0.163281 0.398958
0 0.163281 0.416146 0.174609 0.416146 0.174609 0.434375 0.163281 0.434375
0 0.210547 0.367708 0.222656 0.367708 0.222656 0.390104 0.210547 0.390104
0 0.159766 0.348438 0.174609 0.348438 0.174609 0.365104 0.159766 0.365104
0 0.2375 0.319792 0.251563 0.319792 0.251563 0.339062 0.2375 0.339062
0 0.245312 0.361979 0.260547 0.361979 0.260547 0.384375 0.245312 0.384375
0 0.289844 0.382292 0.300391 0.382292 0.300391 0.404167 0.289844 0.404167
0 0.056641 0.470312 0.069531 0.470312 0.069531 0.488021 0.056641 0.488021
0 0.045703 0.492708 0.060938 0.492708 0.060938 0.509375 0.045703 0.509375
0 0.025391 0.526042 0.040234 0.526042 0.040234 0.551562 0.025391 0.551562
0 0.057812 0.572396 0.071094 0.572396 0.071094 0.592708 0.057812 0.592708
0 0.035156 0.616146 0.048438 0.616146 0.048438 0.636979 0.035156 0.636979
0 0.105469 0.519271 0.119922 0.519271 0.119922 0.541667 0.105469 0.541667
0 0.165625 0.498438 0.177344 0.498438 0.177344 0.515104 0.165625 0.515104
0 0.192188 0.51875 0.203125 0.51875 0.203125 0.539583 0.192188 0.539583
0 0.258594 0.514583 0.272266 0.514583 0.272266 0.530208 0.258594 0.530208
0 0.292188 0.455729 0.304688 0.455729 0.304688 0.479167 0.292188 0.479167
0 0.055859 0.651562 0.072656 0.651562 0.072656 0.677604 0.055859 0.677604
0 0.088281 0.658854 0.101953 0.658854 0.101953 0.677604 0.088281 0.677604
0 0.112109 0.682812 0.124219 0.682812 0.124219 0.703125 0.112109 0.703125
0 0.142188 0.68125 0.158984 0.68125 0.158984 0.708854 0.142188 0.708854
0 0.165234 0.660417 0.176953 0.660417 0.176953 0.675521 0.165234 0.675521
0 0.198438 0.316146 0.2125 0.316146 0.2125 0.333333 0.198438 0.333333
0 0.219531 0.420312 0.232422 0.420312 0.232422 0.44375 0.219531 0.44375
0 0.325781 0.435938 0.339453 0.435938 0.339453 0.458854 0.325781 0.458854
0 0.220312 0.285417 0.237109 0.285417 0.237109 0.308854 0.220312 0.308854
0 0.343359 0.224479 0.359375 0.224479 0.359375 0.2375 0.343359 0.2375
0 0.337891 0.323958 0.354688 0.323958 0.354688 0.340625 0.337891 0.340625
0 0.133203 0.123438 0.148438 0.123438 0.148438 0.144271 0.133203 0.144271
0 0.058203 0.108333 0.071484 0.108333 0.071484 0.128646 0.058203 0.128646
0 0.075 0.088542 0.089062 0.088542 0.089062 0.100521 0.075 0.100521
0 0.412109 0.298958 0.434375 0.298958 0.434375 0.322917 0.412109 0.322917
0 0.433594 0.358333 0.450781 0.358333 0.450781 0.382812 0.433594 0.382812
0 0.470312 0.355729 0.489062 0.355729 0.489062 0.379688 0.470312 0.379688
0 0.395312 0.435938 0.4125 0.435938 0.4125 0.461979 0.395312 0.461979
0 0.412891 0.386979 0.426953 0.386979 0.426953 0.40625 0.412891 0.40625
0 0.480859 0.322396 0.496484 0.322396 0.496484 0.341667 0.480859 0.341667
0 0.36875 0.445833 0.383984 0.445833 0.383984 0.467188 0.36875 0.467188
0 0.34375 0.478646 0.355469 0.478646 0.355469 0.498438 0.34375 0.498438
0 0.384375 0.498438 0.395312 0.498438 0.395312 0.517188 0.384375 0.517188
0 0.497266 0.409896 0.512891 0.409896 0.512891 0.432292 0.497266 0.432292
0 0.464062 0.43125 0.48125 0.43125 0.48125 0.454167 0.464062 0.454167
0 0.390234 0.384375 0.401172 0.384375 0.401172 0.404688 0.390234 0.404688
0 0.324219 0.503125 0.340234 0.503125 0.340234 0.523958 0.324219 0.523958
0 0.366406 0.528646 0.38125 0.528646 0.38125 0.548958 0.366406 0.548958
0 0.430859 0.522917 0.452734 0.522917 0.452734 0.554167 0.430859 0.554167
0 0.469922 0.475 0.482422 0.475 0.482422 0.495833 0.469922 0.495833
0 0.4875 0.503125 0.503516 0.503125 0.503516 0.524479 0.4875 0.524479
0 0.498047 0.452083 0.512891 0.452083 0.512891 0.473438 0.498047 0.473438
0 0.375391 0.176562 0.392188 0.176562 0.392188 0.190625 0.375391 0.190625
0 0.401562 0.196875 0.417578 0.196875 0.417578 0.214583 0.401562 0.214583
0 0.392188 0.228646 0.407422 0.228646 0.407422 0.243229 0.392188 0.243229
0 0.383594 0.255208 0.396875 0.255208 0.396875 0.272917 0.383594 0.272917
0 0.423047 0.157812 0.441797 0.157812 0.441797 0.178646 0.423047 0.178646
0 0.614453 0.446875 0.628516 0.446875 0.628516 0.476042 0.614453 0.476042
0 0.389453 0.545833 0.403906 0.545833 0.403906 0.571354 0.389453 0.571354
0 0.435938 0.413021 0.45 0.413021 0.45 0.429688 0.435938 0.429688
0 0.494531 0.579688 0.508984 0.579688 0.508984 0.593229 0.494531 0.593229
0 0.466797 0.588542 0.48125 0.588542 0.48125 0.608854 0.466797 0.608854
0 0.459375 0.642708 0.477344 0.642708 0.477344 0.661458 0.459375 0.661458
0 0.346875 0.554167 0.357422 0.554167 0.357422 0.573438 0.346875 0.573438
0 0.323438 0.589062 0.335938 0.589062 0.335938 0.608333 0.323438 0.608333
0 0.335938 0.627083 0.349219 0.627083 0.349219 0.648438 0.335938 0.648438
0 0.340625 0.675 0.352734 0.675 0.352734 0.696354 0.340625 0.696354
0 0.410938 0.579688 0.423438 0.579688 0.423438 0.602604 0.410938 0.602604
0 0.476953 0.546354 0.489844 0.546354 0.489844 0.565104 0.476953 0.565104
0 0.360547 0.6 0.372656 0.6 0.372656 0.623958 0.360547 0.623958
0 0.2875 0.611979 0.3 0.611979 0.3 0.632812 0.2875 0.632812
0 0.273047 0.655208 0.286328 0.655208 0.286328 0.677604 0.273047 0.677604
0 0.249219 0.695833 0.261719 0.695833 0.261719 0.716146 0.249219 0.716146
0 0.272656 0.691667 0.287891 0.691667 0.287891 0.710417 0.272656 0.710417
0 0.314062 0.673958 0.329297 0.673958 0.329297 0.697917 0.314062 0.697917
0 0.310547 0.713542 0.323828 0.713542 0.323828 0.73125 0.310547 0.73125
0 0.335156 0.714583 0.351172 0.714583 0.351172 0.732292 0.335156 0.732292
0 0.396875 0.669792 0.408203 0.669792 0.408203 0.6875 0.396875 0.6875
0 0.426172 0.709896 0.440625 0.709896 0.440625 0.732292 0.426172 0.732292
0 0.130859 0.729167 0.144141 0.729167 0.144141 0.746875 0.130859 0.746875
0 0.151562 0.743229 0.164453 0.743229 0.164453 0.763021 0.151562 0.763021
0 0.091016 0.758333 0.105078 0.758333 0.105078 0.777083 0.091016 0.777083
0 0.070312 0.788021 0.091016 0.788021 0.091016 0.80625 0.070312 0.80625
0 0.110938 0.825521 0.130469 0.825521 0.130469 0.845833 0.110938 0.845833
0 0.162891 0.786979 0.180078 0.786979 0.180078 0.804167 0.162891 0.804167
0 0.082031 0.832812 0.098438 0.832812 0.098438 0.850521 0.082031 0.850521
0 0.119922 0.776562 0.128125 0.776562 0.128125 0.792708 0.119922 0.792708
0 0.175391 0.764062 0.189062 0.764062 0.189062 0.783333 0.175391 0.783333
0 0.21875 0.959896 0.239844 0.959896 0.239844 0.99375 0.21875 0.99375
0 0.319922 0.755208 0.338281 0.755208 0.338281 0.772396 0.319922 0.772396
0 0.128906 0.808854 0.145703 0.808854 0.145703 0.833854 0.128906 0.833854
0 0.356641 0.734375 0.36875 0.734375 0.36875 0.758333 0.356641 0.758333
0 0.364062 0.945833 0.378906 0.945833 0.378906 0.966667 0.364062 0.966667
0 0.182812 0.736979 0.194531 0.736979 0.194531 0.755729 0.182812 0.755729
0 0.520312 0.707292 0.532812 0.707292 0.532812 0.73125 0.520312 0.73125
0 0.532422 0.746354 0.545703 0.746354 0.545703 0.761458 0.532422 0.761458
0 0.469922 0.673958 0.483984 0.673958 0.483984 0.688021 0.469922 0.688021
0 0.499609 0.634896 0.515234 0.634896 0.515234 0.651562 0.499609 0.651562
0 0.536328 0.566667 0.548047 0.566667 0.548047 0.586979 0.536328 0.586979
0 0.419531 0.743229 0.429688 0.743229 0.429688 0.761458 0.419531 0.761458
0 0.38125 0.752604 0.398828 0.752604 0.398828 0.775 0.38125 0.775
0 0.439844 0.751042 0.455469 0.751042 0.455469 0.774479 0.439844 0.774479
0 0.466016 0.763542 0.478125 0.763542 0.478125 0.780729 0.466016 0.780729
0 0.490625 0.738021 0.508984 0.738021 0.508984 0.75625 0.490625 0.75625
0 0.476562 0.694271 0.489453 0.694271 0.489453 0.708854 0.476562 0.708854
0 0.498828 0.702083 0.508984 0.702083 0.508984 0.725 0.498828 0.725
0 0.378906 0.825 0.401562 0.825 0.401562 0.846354 0.378906 0.846354
0 0.428516 0.7875 0.437891 0.7875 0.437891 0.804688 0.428516 0.804688
0 0.141016 0.410417 0.153516 0.410417 0.153516 0.425 0.141016 0.425
0 0.265234 0.039062 0.279297 0.039062 0.279297 0.054688 0.265234 0.054688
0 0.249219 0.058854 0.260547 0.058854 0.260547 0.076562 0.249219 0.076562
0 0.363672 0.009375 0.378516 0.009375 0.378516 0.027083 0.363672 0.027083
0 0.391406 0.009375 0.406641 0.009375 0.406641 0.027083 0.391406 0.027083
0 0.393359 0.054688 0.407812 0.054688 0.407812 0.069271 0.393359 0.069271
0 0.406641 0.125521 0.421094 0.125521 0.421094 0.144792 0.406641 0.144792
0 0.338281 0.161979 0.35 0.161979 0.35 0.18125 0.338281 0.18125
0 0.447656 0.138542 0.459375 0.138542 0.459375 0.160417 0.447656 0.160417
0 0.435547 0.198958 0.450391 0.198958 0.450391 0.215104 0.435547 0.215104
0 0.508594 0.052604 0.521484 0.052604 0.521484 0.069271 0.508594 0.069271
0 0.523438 0.082812 0.537891 0.082812 0.537891 0.102083 0.523438 0.102083
0 0.546484 0.072917 0.561328 0.072917 0.561328 0.089062 0.546484 0.089062
0 0.569531 0.022396 0.582812 0.022396 0.582812 0.039583 0.569531 0.039583
0 0.555859 0.149479 0.571094 0.149479 0.571094 0.164062 0.555859 0.164062
0 0.390625 0.147917 0.403516 0.147917 0.403516 0.163021 0.390625 0.163021
0 0.351562 0.184375 0.3625 0.184375 0.3625 0.198958 0.351562 0.198958
0 0.625391 0.200521 0.639453 0.200521 0.639453 0.216146 0.625391 0.216146
0 0.588672 0.2125 0.603125 0.2125 0.603125 0.228646 0.588672 0.228646
0 0.558203 0.177083 0.576172 0.177083 0.576172 0.195833 0.558203 0.195833
0 0.582812 0.146875 0.6 0.146875 0.6 0.168229 0.582812 0.168229
0 0.607422 0.166146 0.621484 0.166146 0.621484 0.182812 0.607422 0.182812
0 0.619141 0.2375 0.633203 0.2375 0.633203 0.253125 0.619141 0.253125
0 0.677734 0.303125 0.689844 0.303125 0.689844 0.323958 0.677734 0.323958
0 0.631641 0.279167 0.644922 0.279167 0.644922 0.295312 0.631641 0.295312
0 0.659375 0.263021 0.666406 0.263021 0.666406 0.282292 0.659375 0.282292
0 0.678125 0.161458 0.697656 0.161458 0.697656 0.190625 0.678125 0.190625
0 0.694531 0.251042 0.710156 0.251042 0.710156 0.271875 0.694531 0.271875
0 0.528906 0.032292 0.550391 0.032292 0.550391 0.055208 0.528906 0.055208
0 0.610156 0.070312 0.625 0.070312 0.625 0.091146 0.610156 0.091146
0 0.625781 0.03125 0.641406 0.03125 0.641406 0.054167 0.625781 0.054167
0 0.645312 0.102604 0.658203 0.102604 0.658203 0.11875 0.645312 0.11875
0 0.699219 0.09375 0.713281 0.09375 0.713281 0.119792 0.699219 0.119792
0 0.717188 0.061979 0.729297 0.061979 0.729297 0.082292 0.717188 0.082292
0 0.729297 0.086979 0.743359 0.086979 0.743359 0.1 0.729297 0.1
0 0.728125 0.119792 0.741797 0.119792 0.741797 0.135417 0.728125 0.135417
0 0.759375 0.114062 0.771875 0.114062 0.771875 0.127604 0.759375 0.127604
0 0.799219 0.068229 0.813281 0.068229 0.813281 0.088542 0.799219 0.088542
0 0.807812 0.044271 0.821875 0.044271 0.821875 0.056771 0.807812 0.056771
0 0.846484 0.069792 0.8625 0.069792 0.8625 0.096354 0.846484 0.096354
0 0.755859 0.14375 0.773828 0.14375 0.773828 0.160417 0.755859 0.160417
0 0.740625 0.188542 0.757812 0.188542 0.757812 0.208333 0.740625 0.208333
0 0.732812 0.224479 0.746484 0.224479 0.746484 0.24375 0.732812 0.24375
0 0.773828 0.185417 0.793359 0.185417 0.793359 0.206771 0.773828 0.206771
0 0.795703 0.161458 0.815625 0.161458 0.815625 0.178125 0.795703 0.178125
0 0.767969 0.255729 0.787891 0.255729 0.787891 0.272396 0.767969 0.272396
0 0.801953 0.241146 0.821094 0.241146 0.821094 0.25625 0.801953 0.25625
0 0.797656 0.269792 0.810547 0.269792 0.810547 0.291146 0.797656 0.291146
0 0.704297 0.348438 0.718359 0.348438 0.718359 0.366146 0.704297 0.366146
0 0.648047 0.392188 0.660547 0.392188 0.660547 0.413542 0.648047 0.413542
0 0.662109 0.426042 0.674609 0.426042 0.674609 0.442708 0.662109 0.442708
0 0.692969 0.433854 0.702344 0.433854 0.702344 0.45625 0.692969 0.45625
0 0.698047 0.4 0.710547 0.4 0.710547 0.422396 0.698047 0.422396
0 0.717969 0.380729 0.732031 0.380729 0.732031 0.394271 0.717969 0.394271
0 0.748438 0.355729 0.762891 0.355729 0.762891 0.36875 0.748438 0.36875
0 0.75 0.383333 0.7625 0.383333 0.7625 0.406771 0.75 0.406771
0 0.744531 0.423958 0.757422 0.423958 0.757422 0.446875 0.744531 0.446875
0 0.772266 0.392188 0.784766 0.392188 0.784766 0.409896 0.772266 0.409896
0 0.80625 0.335417 0.821484 0.335417 0.821484 0.351562 0.80625 0.351562
0 0.850781 0.403646 0.859375 0.403646 0.859375 0.424479 0.850781 0.424479
0 0.78125 0.426562 0.797656 0.426562 0.797656 0.442708 0.78125 0.442708
0 0.768359 0.446875 0.778516 0.446875 0.778516 0.472917 0.768359 0.472917
0 0.771484 0.333854 0.7875 0.333854 0.7875 0.350521 0.771484 0.350521
0 0.932812 0.305729 0.949609 0.305729 0.949609 0.325521 0.932812 0.325521
0 0.872266 0.3375 0.886719 0.3375 0.886719 0.354167 0.872266 0.354167
0 0.902734 0.328646 0.916797 0.328646 0.916797 0.34375 0.902734 0.34375
0 0.878125 0.408333 0.889062 0.408333 0.889062 0.428646 0.878125 0.428646
0 0.979297 0.316146 0.99375 0.316146 0.99375 0.340104 0.979297 0.340104
0 0.964062 0.051042 0.980078 0.051042 0.980078 0.075 0.964062 0.075
0 0.917188 0.021875 0.933203 0.021875 0.933203 0.051042 0.917188 0.051042
0 0.955078 0.0125 0.971094 0.0125 0.971094 0.03125 0.955078 0.03125
0 0.894141 0.2375 0.906641 0.2375 0.906641 0.252604 0.894141 0.252604
0 0.642188 0.576042 0.655859 0.576042 0.655859 0.6 0.642188 0.6
0 0.644531 0.5375 0.658594 0.5375 0.658594 0.55625 0.644531 0.55625
0 0.680469 0.571875 0.696875 0.571875 0.696875 0.595833 0.680469 0.595833
0 0.648438 0.623438 0.662109 0.623438 0.662109 0.645312 0.648438 0.645312
0 0.656641 0.65625 0.675391 0.65625 0.675391 0.669792 0.656641 0.669792
0 0.662891 0.679167 0.678516 0.679167 0.678516 0.692708 0.662891 0.692708
0 0.657812 0.70625 0.669141 0.70625 0.669141 0.730729 0.657812 0.730729
0 0.680078 0.719792 0.695703 0.719792 0.695703 0.741667 0.680078 0.741667
0 0.680078 0.7625 0.696875 0.7625 0.696875 0.778646 0.680078 0.778646
0 0.701953 0.667188 0.719922 0.667188 0.719922 0.685938 0.701953 0.685938
0 0.718359 0.702083 0.73125 0.702083 0.73125 0.721354 0.718359 0.721354
0 0.734375 0.636979 0.746484 0.636979 0.746484 0.658333 0.734375 0.658333
0 0.788672 0.55625 0.801172 0.55625 0.801172 0.578125 0.788672 0.578125
0 0.765234 0.525 0.781641 0.525 0.781641 0.540625 0.765234 0.540625
0 0.809375 0.559375 0.820703 0.559375 0.820703 0.582812 0.809375 0.582812
0 0.799219 0.610938 0.814453 0.610938 0.814453 0.627604 0.799219 0.627604
0 0.782422 0.647917 0.798828 0.647917 0.798828 0.667188 0.782422 0.667188
0 0.758203 0.717188 0.771484 0.717188 0.771484 0.743229 0.758203 0.743229
0 0.764062 0.592188 0.779297 0.592188 0.779297 0.613542 0.764062 0.613542
0 0.718359 0.75 0.733594 0.75 0.733594 0.775521 0.718359 0.775521
0 0.819531 0.844792 0.832422 0.844792 0.832422 0.864062 0.819531 0.864062
0 0.855469 0.635938 0.869531 0.635938 0.869531 0.6625 0.855469 0.6625
0 0.901172 0.603125 0.914453 0.603125 0.914453 0.627604 0.901172 0.627604
0 0.812109 0.800521 0.826562 0.800521 0.826562 0.820833 0.812109 0.820833
0 0.842578 0.79375 0.853125 0.79375 0.853125 0.8125 0.842578 0.8125
0 0.84375 0.897917 0.857422 0.897917 0.857422 0.915625 0.84375 0.915625
0 0.739453 0.791146 0.751953 0.791146 0.751953 0.8125 0.739453 0.8125
0 0.545312 0.932812 0.559766 0.932812 0.559766 0.948958 0.545312 0.948958
0 0.544141 0.9625 0.558594 0.9625 0.558594 0.979688 0.544141 0.979688
0 0.511328 0.980208 0.526172 0.980208 0.526172 0.997917 0.511328 0.997917
0 0.393359 0.955729 0.407422 0.955729 0.407422 0.979688 0.393359 0.979688
0 0.330078 0.96875 0.349219 0.96875 0.349219 0.984896 0.330078 0.984896
0 0.875781 0.882292 0.89375 0.882292 0.89375 0.899479 0.875781 0.899479
0 0.925391 0.904688 0.94375 0.904688 0.94375 0.928646 0.925391 0.928646
0 0.446094 0.960417 0.459375 0.960417 0.459375 0.983854 0.446094 0.983854
0 0.478125 0.979688 0.491016 0.979688 0.491016 0.997917 0.478125 0.997917
0 0.436328 0.940625 0.452344 0.940625 0.452344 0.958333 0.436328 0.958333
0 0.883594 0.45625 0.896484 0.45625 0.896484 0.475521 0.883594 0.475521
0 0.85 0.497396 0.865234 0.497396 0.865234 0.521875 0.85 0.521875
0 0.902344 0.479167 0.91875 0.479167 0.91875 0.492708 0.902344 0.492708
0 0.907031 0.434375 0.920312 0.434375 0.920312 0.458333 0.907031 0.458333
0 0.895312 0.528125 0.908203 0.528125 0.908203 0.54375 0.895312 0.54375
0 0.919922 0.521354 0.935547 0.521354 0.935547 0.541146 0.919922 0.541146
0 0.96875 0.564583 0.983984 0.564583 0.983984 0.592188 0.96875 0.592188
0 0.888281 0.642708 0.902344 0.642708 0.902344 0.664583 0.888281 0.664583
0 0.791016 0.458854 0.807812 0.458854 0.807812 0.478125 0.791016 0.478125
0 0.8875 0.705729 0.903906 0.705729 0.903906 0.723438 0.8875 0.723438
0 0.9125 0.38125 0.928906 0.38125 0.928906 0.409896 0.9125 0.409896
0 0.664453 0.477604 0.681641 0.477604 0.681641 0.497917 0.664453 0.497917
0 0.691406 0.508333 0.707031 0.508333 0.707031 0.526562 0.691406 0.526562
0 0.733594 0.496354 0.749609 0.496354 0.749609 0.514583 0.733594 0.514583
0 0.502344 0.025 0.516016 0.025 0.516016 0.042188 0.502344 0.042188
0 0.726562 0.276562 0.736719 0.276562 0.736719 0.295833 0.726562 0.295833
0 0.716406 0.308854 0.730078 0.308854 0.730078 0.334896 0.716406 0.334896
0 0.519141 0.527083 0.53125 0.527083 0.53125 0.544792 0.519141 0.544792
0 0.899609 0.895833 0.911328 0.895833 0.911328 0.914583 0.899609 0.914583
0 0.973438 0.621354 0.986719 0.621354 0.986719 0.645833 0.973438 0.645833
0 0.880859 0.567188 0.893359 0.567188 0.893359 0.592188 0.880859 0.592188
0 0.880078 0.608854 0.895703 0.608854 0.895703 0.63125 0.880078 0.63125
0 0.674219 0.369271 0.694141 0.369271 0.694141 0.386458 0.674219 0.386458
0 0.807422 0.188542 0.826562 0.188542 0.826562 0.205729 0.807422 0.205729
0 0.865234 0.368229 0.877344 0.368229 0.877344 0.382812 0.865234 0.382812
0 0.634766 0.481771 0.648828 0.481771 0.648828 0.507292 0.634766 0.507292
0 0.937891 0.583854 0.951172 0.583854 0.951172 0.603646 0.937891 0.603646
0 0.940234 0.405729 0.951172 0.405729 0.951172 0.428646 0.940234 0.428646
0 0.266406 0.476042 0.277344 0.476042 0.277344 0.492188 0.266406 0.492188
0 0.303125 0.059375 0.316406 0.059375 0.316406 0.084896 0.303125 0.084896
0 0.339453 0.381771 0.351172 0.381771 0.351172 0.401562 0.339453 0.401562
0 0.352734 0.371875 0.367188 0.371875 0.367188 0.389583 0.352734 0.389583
0 0.001953 0.015625 0.017578 0.015625 0.017578 0.0375 0.001953 0.0375
0 0.091797 0.565104 0.105078 0.565104 0.105078 0.583333 0.091797 0.583333