0 0.140625 0.050521 0.170703 0.050521 0.170703 0.073438 0.140625 0.073438
0 0.258984 0.078646 0.283203 0.078646 0.283203 0.102083 0.258984 0.102083
0 0.223828 0.057292 0.250781 0.057292 0.250781 0.083333 0.223828 0.083333
0 0.312891 0.033333 0.332812 0.033333 0.332812 0.060938 0.312891 0.060938
0 0.239062 0.038021 0.258984 0.038021 0.258984 0.054167 0.239062 0.054167
0 0.299219 0.072917 0.316016 0.072917 0.316016 0.103646 0.299219 0.103646
0 0.311719 0.116146 0.333984 0.116146 0.333984 0.141667 0.311719 0.141667
0 0.255078 0.006771 0.276953 0.006771 0.276953 0.025 0.255078 0.025
0 0.355859 0.026042 0.380469 0.026042 0.380469 0.046875 0.355859 0.046875
0 0.364453 0.061458 0.386719 0.061458 0.386719 0.084896 0.364453 0.084896
0 0.349219 0.095833 0.367578 0.095833 0.367578 0.123958 0.349219 0.123958
0 0.292969 0.131771 0.310156 0.131771 0.310156 0.160417 0.292969 0.160417
0 0.257031 0.153125 0.28125 0.153125 0.28125 0.178646 0.257031 0.178646
0 0.200391 0.154688 0.224219 0.154688 0.224219 0.180729 0.200391 0.180729
0 0.162891 0.134375 0.178516 0.134375 0.178516 0.167708 0.162891 0.167708
0 0.137109 0.140625 0.153906 0.140625 0.153906 0.173958 0.137109 0.173958
0 0.074219 0.158333 0.092578 0.158333 0.092578 0.1875 0.074219 0.1875
0 0.103906 0.145312 0.123828 0.145312 0.123828 0.168229 0.103906 0.168229
0 0.068359 0.199479 0.082812 0.199479 0.082812 0.230729 0.068359 0.230729
0 0.102344 0.230208 0.124609 0.230208 0.124609 0.253125 0.102344 0.253125
0 0.156641 0.232812 0.176953 0.232812 0.176953 0.255208 0.156641 0.255208
0 0.177734 0.216146 0.19375 0.216146 0.19375 0.24375 0.177734 0.24375
0 0.209766 0.205208 0.226562 0.205208 0.226562 0.234896 0.209766 0.234896
0 0.234375 0.208854 0.250391 0.208854 0.250391 0.236979 0.234375 0.236979
0 0.195703 0.267708 0.216016 0.267708 0.216016 0.292708 0.195703 0.292708
0 0.276562 0.241146 0.294141 0.241146 0.294141 0.260938 0.276562 0.260938
0 0.299219 0.266146 0.314453 0.266146 0.314453 0.295833 0.299219 0.295833
0 0.26875 0.294271 0.285938 0.294271 0.285938 0.321875 0.26875 0.321875
0 0.238672 0.277604 0.255859 0.277604 0.255859 0.306771 0.238672 0.306771
0 0.137109 0.258333 0.158594 0.258333 0.158594 0.279167 0.137109 0.279167
0 0.073438 0.253646 0.090625 0.253646 0.090625 0.285938 0.073438 0.285938
0 0.151953 0.290104 0.172656 0.290104 0.172656 0.310417 0.151953 0.310417
0 0.073438 0.334375 0.098438 0.334375 0.098438 0.355208 0.073438 0.355208
0 0.178125 0.327604 0.196094 0.327604 0.196094 0.346875 0.178125 0.346875
0 0.139062 0.328125 0.15625 0.328125 0.15625 0.353125 0.139062 0.353125
0 0.411719 0.061979 0.433594 0.061979 0.433594 0.089062 0.411719 0.089062
0 0.412891 0.029688 0.435156 0.029688 0.435156 0.051562 0.412891 0.051562
0 0.453516 0.044271 0.470703 0.044271 0.470703 0.079688 0.453516 0.079688
0 0.416016 0.003646 0.438672 0.003646 0.438672 0.023958 0.416016 0.023958
0 0.401562 0.1125 0.423047 0.1125 0.423047 0.134375 0.401562 0.134375
0 0.347266 0.148438 0.368359 0.148438 0.368359 0.169792 0.347266 0.169792
0 0.385156 0.198438 0.407422 0.198438 0.407422 0.221354 0.385156 0.221354
0 0.378906 0.225521 0.401953 0.225521 0.401953 0.248958 0.378906 0.248958
0 0.415625 0.167188 0.434375 0.167188 0.434375 0.193229 0.415625 0.193229
0 0.464062 0.225 0.481641 0.225 0.481641 0.252083 0.464062 0.252083
0 0.416406 0.244792 0.441406 0.244792 0.441406 0.266667 0.416406 0.266667
0 0.480859 0.241146 0.502344 0.241146 0.502344 0.264062 0.480859 0.264062
0 0.499219 0.266667 0.516016 0.266667 0.516016 0.29375 0.499219 0.29375
0 0.442969 0.295312 0.460156 0.295312 0.460156 0.324479 0.442969 0.324479
0 0.375781 0.272396 0.394141 0.272396 0.394141 0.294271 0.375781 0.294271
0 0.349219 0.307812 0.374219 0.307812 0.374219 0.327083 0.349219 0.327083
0 0.401172 0.314583 0.424219 0.314583 0.424219 0.340104 0.401172 0.340104
0 0.454297 0.332812 0.472266 0.332812 0.472266 0.360417 0.454297 0.360417
0 0.387109 0.364062 0.402734 0.364062 0.402734 0.393229 0.387109 0.393229
0 0.360938 0.332812 0.382031 0.332812 0.382031 0.35625 0.360938 0.35625
0 0.317578 0.338542 0.335938 0.338542 0.335938 0.365104 0.317578 0.365104
0 0.346875 0.377604 0.370703 0.377604 0.370703 0.405208 0.346875 0.405208
0 0.333203 0.395833 0.349219 0.395833 0.349219 0.422917 0.333203 0.422917
0 0.300391 0.408854 0.323047 0.408854 0.323047 0.43125 0.300391 0.43125
0 0.382422 0.422396 0.398438 0.422396 0.398438 0.453125 0.382422 0.453125
0 0.234375 0.324479 0.252734 0.324479 0.252734 0.355208 0.234375 0.355208
0 0.207422 0.346875 0.222656 0.346875 0.222656 0.369792 0.207422 0.369792
0 0.185547 0.395833 0.205859 0.395833 0.205859 0.415625 0.185547 0.415625
0 0.233594 0.405208 0.248438 0.405208 0.248438 0.43125 0.233594 0.43125
0 0.257031 0.392708 0.278906 0.392708 0.278906 0.417188 0.257031 0.417188
0 0.267188 0.342708 0.284766 0.342708 0.284766 0.373438 0.267188 0.373438
0 0.148047 0.366667 0.166797 0.366667 0.166797 0.39375 0.148047 0.39375
0 0.110938 0.369792 0.128125 0.369792 0.128125 0.402083 0.110938 0.402083
0 0.134766 0.401042 0.154297 0.401042 0.154297 0.423438 0.134766 0.423438
0 0.064844 0.430208 0.080859 0.430208 0.080859 0.461458 0.064844 0.461458
0 0.112891 0.442708 0.130469 0.442708 0.130469 0.471875 0.112891 0.471875
0 0.190625 0.498958 0.212891 0.498958 0.212891 0.523958 0.190625 0.523958
0 0.160547 0.504687 0.181641 0.504687 0.181641 0.526042 0.160547 0.526042
0 0.132812 0.535938 0.151172 0.535938 0.151172 0.559896 0.132812 0.559896
0 0.102734 0.523958 0.120703 0.523958 0.120703 0.550521 0.102734 0.550521
0 0.090234 0.475 0.105859 0.475 0.105859 0.501042 0.090234 0.501042
0 0.144922 0.473958 0.165234 0.473958 0.165234 0.496354 0.144922 0.496354
0 0.179297 0.464583 0.201953 0.464583 0.201953 0.485938 0.179297 0.485938
0 0.2375 0.464062 0.259375 0.464062 0.259375 0.489062 0.2375 0.489062
0 0.300781 0.466667 0.320703 0.466667 0.320703 0.488021 0.300781 0.488021
0 0.352344 0.489062 0.367578 0.489062 0.367578 0.513542 0.352344 0.513542
0 0.361719 0.468229 0.385156 0.468229 0.385156 0.488021 0.361719 0.488021
0 0.428906 0.435938 0.44375 0.435938 0.44375 0.469792 0.428906 0.469792
0 0.460547 0.441146 0.477344 0.441146 0.477344 0.465625 0.460547 0.465625
0 0.520312 0.161458 0.538281 0.161458 0.538281 0.190104 0.520312 0.190104
0 0.550391 0.173958 0.569141 0.173958 0.569141 0.198438 0.550391 0.198438
0 0.602734 0.261458 0.61875 0.261458 0.61875 0.2875 0.602734 0.2875
0 0.610547 0.297917 0.626562 0.297917 0.626562 0.323438 0.610547 0.323438
0 0.586719 0.316146 0.601562 0.316146 0.601562 0.338021 0.586719 0.338021
0 0.628516 0.133854 0.65 0.133854 0.65 0.157292 0.628516 0.157292
0 0.538281 0.129167 0.558984 0.129167 0.558984 0.151042 0.538281 0.151042
0 0.644141 0.15625 0.664062 0.15625 0.664062 0.180208 0.644141 0.180208
0 0.678906 0.144271 0.706641 0.144271 0.706641 0.16875 0.678906 0.16875
0 0.692578 0.202083 0.708984 0.202083 0.708984 0.232292 0.692578 0.232292
0 0.64375 0.251563 0.663672 0.251563 0.663672 0.282292 0.64375 0.282292
0 0.669141 0.290104 0.691016 0.290104 0.691016 0.313021 0.669141 0.313021
0 0.487109 0.025521 0.503516 0.025521 0.503516 0.053125 0.487109 0.053125
0 0.512891 0.038542 0.531641 0.038542 0.531641 0.063021 0.512891 0.063021
0 0.510547 0.072396 0.528125 0.072396 0.528125 0.096354 0.510547 0.096354
0 0.544531 0.069271 0.56875 0.069271 0.56875 0.092708 0.544531 0.092708
0 0.533203 0.014062 0.551172 0.014062 0.551172 0.039583 0.533203 0.039583
0 0.597266 0.019792 0.613672 0.019792 0.613672 0.047917 0.597266 0.047917
0 0.613672 0.060938 0.636719 0.060938 0.636719 0.082292 0.613672 0.082292
0 0.647656 0.04375 0.667188 0.04375 0.667188 0.070312 0.647656 0.070312
0 0.680078 0.076562 0.701953 0.076562 0.701953 0.098958 0.680078 0.098958
0 0.696094 0.027083 0.711719 0.027083 0.711719 0.052083 0.696094 0.052083
0 0.767578 0.014583 0.784766 0.014583 0.784766 0.039583 0.767578 0.039583
0 0.805469 0.028646 0.829297 0.028646 0.829297 0.051562 0.805469 0.051562
0 0.724609 0.045833 0.746484 0.045833 0.746484 0.067708 0.724609 0.067708
0 0.732422 0.002083 0.747656 0.002083 0.747656 0.030729 0.732422 0.030729
0 0.841016 0.045833 0.8625 0.045833 0.8625 0.065104 0.841016 0.065104
0 0.807422 0.073958 0.832422 0.073958 0.832422 0.094271 0.807422 0.094271
0 0.816406 0.114062 0.8375 0.114062 0.8375 0.138542 0.816406 0.138542
0 0.850391 0.147396 0.873047 0.147396 0.873047 0.167708 0.850391 0.167708
0 0.929688 0.088021 0.951562 0.088021 0.951562 0.110938 0.929688 0.110938
0 0.915234 0.126042 0.939062 0.126042 0.939062 0.145833 0.915234 0.145833
0 0.870703 0.208854 0.886328 0.208854 0.886328 0.236979 0.870703 0.236979
0 0.880078 0.238542 0.900781 0.238542 0.900781 0.257812 0.880078 0.257812
0 0.891797 0.094271 0.908594 0.094271 0.908594 0.126562 0.891797 0.126562
0 0.780469 0.149479 0.800781 0.149479 0.800781 0.171354 0.780469 0.171354
0 0.808984 0.177083 0.830469 0.177083 0.830469 0.199479 0.808984 0.199479
0 0.835156 0.202604 0.852344 0.202604 0.852344 0.230729 0.835156 0.230729
0 0.733203 0.128646 0.757031 0.128646 0.757031 0.150521 0.733203 0.150521
0 0.714062 0.184375 0.734375 0.184375 0.734375 0.205729 0.714062 0.205729
0 0.829297 0.261458 0.852344 0.261458 0.852344 0.285938 0.829297 0.285938
0 0.869922 0.272396 0.892969 0.272396 0.892969 0.29375 0.869922 0.29375
0 0.761328 0.234896 0.785938 0.234896 0.785938 0.259375 0.761328 0.259375
0 0.792188 0.273438 0.808984 0.273438 0.808984 0.297917 0.792188 0.297917
0 0.753516 0.209896 0.771094 0.209896 0.771094 0.232292 0.753516 0.232292
0 0.532812 0.309896 0.550781 0.309896 0.550781 0.334896 0.532812 0.334896
0 0.559766 0.339062 0.577734 0.339062 0.577734 0.369792 0.559766 0.369792
0 0.528906 0.371354 0.544531 0.371354 0.544531 0.399479 0.528906 0.399479
0 0.566016 0.390104 0.583594 0.390104 0.583594 0.421354 0.566016 0.421354
0 0.590625 0.427604 0.613281 0.427604 0.613281 0.446354 0.590625 0.446354
0 0.6 0.360417 0.617578 0.360417 0.617578 0.392708 0.6 0.392708
0 0.6375 0.379167 0.655859 0.379167 0.655859 0.405729 0.6375 0.405729
0 0.649609 0.3375 0.666016 0.3375 0.666016 0.369792 0.649609 0.369792
0 0.691016 0.340625 0.714844 0.340625 0.714844 0.361979 0.691016 0.361979
0 0.724219 0.3125 0.740234 0.3125 0.740234 0.34375 0.724219 0.34375
0 0.727344 0.232292 0.745312 0.232292 0.745312 0.258854 0.727344 0.258854
0 0.747266 0.275 0.76875 0.275 0.76875 0.294271 0.747266 0.294271
0 0.751172 0.321875 0.772656 0.321875 0.772656 0.342708 0.751172 0.342708
0 0.784375 0.321875 0.800391 0.321875 0.800391 0.344271 0.784375 0.344271
0 0.854297 0.332812 0.873828 0.332812 0.873828 0.357812 0.854297 0.357812
0 0.803125 0.381771 0.825391 0.381771 0.825391 0.404167 0.803125 0.404167
0 0.700391 0.377604 0.721875 0.377604 0.721875 0.404167 0.700391 0.404167
0 0.741406 0.423958 0.755078 0.423958 0.755078 0.454167 0.741406 0.454167
0 0.766797 0.411979 0.789062 0.411979 0.789062 0.434896 0.766797 0.434896
0 0.780078 0.440104 0.797266 0.440104 0.797266 0.464583 0.780078 0.464583
0 0.816016 0.477083 0.832812 0.477083 0.832812 0.504167 0.816016 0.504167
0 0.789844 0.517188 0.807031 0.517188 0.807031 0.544271 0.789844 0.544271
0 0.746484 0.497396 0.771484 0.497396 0.771484 0.518229 0.746484 0.518229
0 0.845703 0.414062 0.867188 0.414062 0.867188 0.432292 0.845703 0.432292
0 0.872656 0.408333 0.887891 0.408333 0.887891 0.429167 0.872656 0.429167
0 0.941797 0.661458 0.963672 0.661458 0.963672 0.682292 0.941797 0.682292
0 0.978516 0.529688 0.995312 0.529688 0.995312 0.555208 0.978516 0.555208
0 0.966797 0.765104 0.988672 0.765104 0.988672 0.789062 0.966797 0.789062
0 0.942578 0.713021 0.955859 0.713021 0.955859 0.740625 0.942578 0.740625
0 0.904297 0.803125 0.932812 0.803125 0.932812 0.825521 0.904297 0.825521
0 0.866406 0.825 0.883203 0.825 0.883203 0.845833 0.866406 0.845833
0 0.875 0.861979 0.887891 0.861979 0.887891 0.885417 0.875 0.885417
0 0.901953 0.875 0.916406 0.875 0.916406 0.905208 0.901953 0.905208
0 0.928906 0.883333 0.944141 0.883333 0.944141 0.905729 0.928906 0.905729
0 0.944141 0.946354 0.957031 0.946354 0.957031 0.972396 0.944141 0.972396
0 0.900781 0.957292 0.917969 0.957292 0.917969 0.993229 0.900781 0.993229
0 0.858203 0.921875 0.872266 0.921875 0.872266 0.950521 0.858203 0.950521
0 0.815234 0.941667 0.831641 0.941667 0.831641 0.969792 0.815234 0.969792
0 0.792578 0.958854 0.808203 0.958854 0.808203 0.988021 0.792578 0.988021
0 0.657812 0.816146 0.676562 0.816146 0.676562 0.834896 0.657812 0.834896
0 0.658594 0.780729 0.679297 0.780729 0.679297 0.799479 0.658594 0.799479
0 0.621094 0.802604 0.637891 0.802604 0.637891 0.829688 0.621094 0.829688
0 0.639844 0.834896 0.659766 0.834896 0.659766 0.855729 0.639844 0.855729
0 0.582812 0.852083 0.603125 0.852083 0.603125 0.869792 0.582812 0.869792
0 0.617578 0.759896 0.641797 0.759896 0.641797 0.779688 0.617578 0.779688
0 0.575781 0.732292 0.597656 0.732292 0.597656 0.754167 0.575781 0.754167
0 0.570312 0.803646 0.590625 0.803646 0.590625 0.823438 0.570312 0.823438
0 0.592578 0.898438 0.607812 0.898438 0.607812 0.924479 0.592578 0.924479
0 0.621484 0.910417 0.635547 0.910417 0.635547 0.929688 0.621484 0.929688
0 0.558203 0.895312 0.576562 0.895312 0.576562 0.922917 0.558203 0.922917
0 0.5875 0.980729 0.60625 0.980729 0.60625 0.999479 0.5875 0.999479
0 0.563281 0.954167 0.581641 0.954167 0.581641 0.985417 0.563281 0.985417
0 0.542969 0.867188 0.560938 0.867188 0.560938 0.885417 0.542969 0.885417
0 0.492969 0.948958 0.512891 0.948958 0.512891 0.975 0.492969 0.975
0 0.486328 0.901042 0.508203 0.901042 0.508203 0.919271 0.486328 0.919271
0 0.514062 0.813021 0.533594 0.813021 0.533594 0.833333 0.514062 0.833333
0 0.541797 0.828125 0.558594 0.828125 0.558594 0.852083 0.541797 0.852083
0 0.542578 0.757292 0.563672 0.757292 0.563672 0.782292 0.542578 0.782292
0 0.507812 0.784896 0.527344 0.784896 0.527344 0.803646 0.507812 0.803646
0 0.585156 0.686979 0.610547 0.686979 0.610547 0.714062 0.585156 0.714062
0 0.545703 0.716667 0.571094 0.716667 0.571094 0.740625 0.545703 0.740625
0 0.519531 0.698958 0.540625 0.698958 0.540625 0.726562 0.519531 0.726562
0 0.526562 0.641667 0.548047 0.641667 0.548047 0.672396 0.526562 0.672396
0 0.551172 0.636979 0.575781 0.636979 0.575781 0.668229 0.551172 0.668229
0 0.485547 0.74375 0.511328 0.74375 0.511328 0.767188 0.485547 0.767188
0 0.470312 0.782292 0.49375 0.782292 0.49375 0.809896 0.470312 0.809896
0 0.427734 0.760417 0.44375 0.760417 0.44375 0.786979 0.427734 0.786979
0 0.425781 0.829167 0.442188 0.829167 0.442188 0.851562 0.425781 0.851562
0 0.469141 0.861458 0.485938 0.861458 0.485938 0.881771 0.469141 0.881771
0 0.670703 0.581771 0.692188 0.581771 0.692188 0.603125 0.670703 0.603125
0 0.646484 0.545833 0.664062 0.545833 0.664062 0.570833 0.646484 0.570833
0 0.680469 0.542188 0.699219 0.542188 0.699219 0.563021 0.680469 0.563021
0 0.615625 0.551042 0.630859 0.551042 0.630859 0.573958 0.615625 0.573958
0 0.592578 0.559896 0.609375 0.559896 0.609375 0.585417 0.592578 0.585417
0 0.576953 0.536979 0.601562 0.536979 0.601562 0.557292 0.576953 0.557292
0 0.594141 0.504167 0.614062 0.504167 0.614062 0.525 0.594141 0.525
0 0.673438 0.491667 0.699219 0.491667 0.699219 0.511979 0.673438 0.511979
0 0.544531 0.494271 0.562891 0.494271 0.562891 0.520833 0.544531 0.520833
0 0.697656 0.432292 0.714062 0.432292 0.714062 0.465104 0.697656 0.465104
0 0.639062 0.425521 0.659766 0.425521 0.659766 0.450521 0.639062 0.450521
0 0.651562 0.467188 0.666797 0.467188 0.666797 0.492708 0.651562 0.492708
0 0.561328 0.458854 0.582422 0.458854 0.582422 0.48125 0.561328 0.48125
0 0.716797 0.532812 0.734375 0.532812 0.734375 0.555208 0.716797 0.555208
0 0.489453 0.620833 0.507031 0.620833 0.507031 0.656771 0.489453 0.656771
0 0.394922 0.638542 0.419922 0.638542 0.419922 0.665104 0.394922 0.665104
0 0.433594 0.647917 0.451953 0.647917 0.451953 0.673438 0.433594 0.673438
0 0.382031 0.604167 0.400391 0.604167 0.400391 0.625 0.382031 0.625
0 0.354688 0.596875 0.371094 0.596875 0.371094 0.626042 0.354688 0.626042
0 0.327344 0.625 0.342578 0.625 0.342578 0.656771 0.327344 0.656771
0 0.332812 0.696875 0.358594 0.696875 0.358594 0.720312 0.332812 0.720312
0 0.384766 0.761458 0.398438 0.761458 0.398438 0.782292 0.384766 0.782292
0 0.400391 0.80625 0.419531 0.80625 0.419531 0.826042 0.400391 0.826042
0 0.395703 0.853125 0.414453 0.853125 0.414453 0.873438 0.395703 0.873438
0 0.414453 0.880729 0.430859 0.880729 0.430859 0.908854 0.414453 0.908854
0 0.321875 0.813021 0.341016 0.813021 0.341016 0.830729 0.321875 0.830729
0 0.319141 0.853125 0.338281 0.853125 0.338281 0.873438 0.319141 0.873438
0 0.353516 0.789583 0.369141 0.789583 0.369141 0.814062 0.353516 0.814062
0 0.537109 0.965104 0.555859 0.965104 0.555859 0.989583 0.537109 0.989583
0 0.380469 0.917188 0.401953 0.917188 0.401953 0.939062 0.380469 0.939062
0 0.367969 0.870312 0.383984 0.870312 0.383984 0.89375 0.367969 0.89375
0 0.282812 0.85 0.29375 0.85 0.29375 0.879167 0.282812 0.879167
0 0.190234 0.833854 0.207422 0.833854 0.207422 0.858333 0.190234 0.858333
0 0.214453 0.903646 0.229688 0.903646 0.229688 0.928646 0.214453 0.928646
0 0.238672 0.898958 0.256641 0.898958 0.256641 0.923958 0.238672 0.923958
0 0.228906 0.830729 0.245312 0.830729 0.245312 0.855729 0.228906 0.855729
0 0.255859 0.86875 0.269141 0.86875 0.269141 0.89375 0.255859 0.89375
0 0.378516 0.726562 0.403125 0.726562 0.403125 0.746354 0.378516 0.746354
0 0.338672 0.732292 0.360547 0.732292 0.360547 0.754167 0.338672 0.754167
0 0.366797 0.665625 0.390625 0.665625 0.390625 0.694792 0.366797 0.694792
0 0.400781 0.690625 0.423438 0.690625 0.423438 0.716146 0.400781 0.716146
0 0.316797 0.745312 0.335938 0.745312 0.335938 0.765104 0.316797 0.765104
0 0.301562 0.776042 0.322656 0.776042 0.322656 0.791146 0.301562 0.791146
0 0.088672 0.632812 0.106641 0.632812 0.106641 0.657292 0.088672 0.657292
0 0.114453 0.642708 0.126953 0.642708 0.126953 0.66875 0.114453 0.66875
0 0.150781 0.655208 0.167188 0.655208 0.167188 0.683854 0.150781 0.683854
0 0.164062 0.626562 0.178906 0.626562 0.178906 0.651562 0.164062 0.651562
0 0.194141 0.657292 0.210938 0.657292 0.210938 0.682292 0.194141 0.682292
0 0.233594 0.689062 0.253516 0.689062 0.253516 0.710417 0.233594 0.710417
0 0.265234 0.667708 0.279297 0.667708 0.279297 0.696354 0.265234 0.696354
0 0.293359 0.63125 0.308594 0.63125 0.308594 0.6625 0.293359 0.6625
0 0.285547 0.709375 0.310938 0.709375 0.310938 0.738542 0.285547 0.738542
0 0.116406 0.701562 0.13125 0.701562 0.13125 0.725 0.116406 0.725
0 0.086328 0.684375 0.104297 0.684375 0.104297 0.704167 0.086328 0.704167
0 0.108984 0.759375 0.125 0.759375 0.125 0.784896 0.108984 0.784896
0 0.186719 0.790625 0.210938 0.790625 0.210938 0.813021 0.186719 0.813021
0 0.147656 0.713021 0.164062 0.713021 0.164062 0.740625 0.147656 0.740625
0 0.144531 0.8125 0.156641 0.8125 0.156641 0.839583 0.144531 0.839583
0 0.155078 0.865104 0.173047 0.865104 0.173047 0.889062 0.155078 0.889062
0 0.182031 0.883854 0.2 0.883854 0.2 0.910417 0.182031 0.910417
0 0.227344 0.751562 0.24375 0.751562 0.24375 0.775 0.227344 0.775
0 0.261328 0.786458 0.278516 0.786458 0.278516 0.817708 0.261328 0.817708
0 0.164844 0.914062 0.179297 0.914062 0.179297 0.940104 0.164844 0.940104
0 0.071094 0.841667 0.088281 0.841667 0.088281 0.870312 0.071094 0.870312
0 0.0875 0.794792 0.102344 0.794792 0.102344 0.825521 0.0875 0.825521
0 0.117188 0.885417 0.142188 0.885417 0.142188 0.915625 0.117188 0.915625
0 0.103906 0.91875 0.117188 0.91875 0.117188 0.947917 0.103906 0.947917
0 0.137891 0.933333 0.154688 0.933333 0.154688 0.960417 0.137891 0.960417
0 0.060547 0.946354 0.076172 0.946354 0.076172 0.971875 0.060547 0.971875
0 0.072656 0.892708 0.091406 0.892708 0.091406 0.922396 0.072656 0.922396