0 0.510547 0.384375 0.525391 0.384375 0.525391 0.409896 0.510547 0.409896
0 0.534766 0.3875 0.551953 0.3875 0.551953 0.411458 0.534766 0.411458
0 0.535938 0.341667 0.550391 0.341667 0.550391 0.365625 0.535938 0.365625
0 0.574219 0.3875 0.595312 0.3875 0.595312 0.407812 0.574219 0.407812
0 0.555859 0.420833 0.578516 0.420833 0.578516 0.44375 0.555859 0.44375
0 0.610156 0.432812 0.628516 0.432812 0.628516 0.456771 0.610156 0.456771
0 0.621484 0.395833 0.641406 0.395833 0.641406 0.418229 0.621484 0.418229
0 0.629688 0.367708 0.648047 0.367708 0.648047 0.390104 0.629688 0.390104
0 0.603906 0.330729 0.624609 0.330729 0.624609 0.350521 0.603906 0.350521
0 0.642188 0.315625 0.662109 0.315625 0.662109 0.339583 0.642188 0.339583
0 0.604688 0.294271 0.629297 0.294271 0.629297 0.315104 0.604688 0.315104
0 0.567969 0.291667 0.588281 0.291667 0.588281 0.311979 0.567969 0.311979
0 0.720703 0.353125 0.737891 0.353125 0.737891 0.377604 0.720703 0.377604
0 0.696875 0.305729 0.719141 0.305729 0.719141 0.326042 0.696875 0.326042
0 0.674609 0.341667 0.6875 0.341667 0.6875 0.372917 0.674609 0.372917
0 0.674219 0.417708 0.704297 0.417708 0.704297 0.441667 0.674219 0.441667
0 0.731641 0.416667 0.753125 0.416667 0.753125 0.432292 0.731641 0.432292
0 0.744141 0.376042 0.762109 0.376042 0.762109 0.397396 0.744141 0.397396
0 0.734766 0.272917 0.756641 0.272917 0.756641 0.292708 0.734766 0.292708
0 0.728516 0.24375 0.749609 0.24375 0.749609 0.264583 0.728516 0.264583
0 0.681641 0.240104 0.698438 0.240104 0.698438 0.260417 0.681641 0.260417
0 0.717969 0.216146 0.735938 0.216146 0.735938 0.238021 0.717969 0.238021
0 0.637891 0.181771 0.653516 0.181771 0.653516 0.211979 0.637891 0.211979
0 0.617578 0.186458 0.633984 0.186458 0.633984 0.213021 0.617578 0.213021
0 0.654688 0.238542 0.670703 0.238542 0.670703 0.2625 0.654688 0.2625
0 0.526562 0.227604 0.548828 0.227604 0.548828 0.252604 0.526562 0.252604
0 0.560156 0.261979 0.580859 0.261979 0.580859 0.278125 0.560156 0.278125
0 0.528516 0.276562 0.552734 0.276562 0.552734 0.296875 0.528516 0.296875
0 0.485938 0.232812 0.506641 0.232812 0.506641 0.252604 0.485938 0.252604
0 0.489453 0.191146 0.503516 0.191146 0.503516 0.211979 0.489453 0.211979
0 0.482812 0.263021 0.503516 0.263021 0.503516 0.285938 0.482812 0.285938
0 0.463281 0.291146 0.477734 0.291146 0.477734 0.309896 0.463281 0.309896
0 0.644922 0.460417 0.664453 0.460417 0.664453 0.482292 0.644922 0.482292
0 0.749609 0.155729 0.762109 0.155729 0.762109 0.173438 0.749609 0.173438
0 0.661719 0.4875 0.676562 0.4875 0.676562 0.511458 0.661719 0.511458
0 0.770312 0.342188 0.789062 0.342188 0.789062 0.367708 0.770312 0.367708
0 0.775391 0.283333 0.790234 0.283333 0.790234 0.311458 0.775391 0.311458
0 0.794922 0.315625 0.811328 0.315625 0.811328 0.339062 0.794922 0.339062
0 0.763672 0.213021 0.780859 0.213021 0.780859 0.234896 0.763672 0.234896
0 0.792188 0.206771 0.807422 0.206771 0.807422 0.232812 0.792188 0.232812
0 0.746094 0.457292 0.770312 0.457292 0.770312 0.478646 0.746094 0.478646
0 0.780078 0.421875 0.801562 0.421875 0.801562 0.45 0.780078 0.45
0 0.809766 0.405208 0.832812 0.405208 0.832812 0.43125 0.809766 0.43125
0 0.802344 0.360417 0.832031 0.360417 0.832031 0.386458 0.802344 0.386458
0 0.817969 0.327083 0.8375 0.327083 0.8375 0.351042 0.817969 0.351042
0 0.807031 0.274479 0.830078 0.274479 0.830078 0.304167 0.807031 0.304167
0 0.667188 0.147396 0.691406 0.147396 0.691406 0.166146 0.667188 0.166146
0 0.704688 0.134375 0.728516 0.134375 0.728516 0.154167 0.704688 0.154167
0 0.629688 0.141146 0.652734 0.141146 0.652734 0.164583 0.629688 0.164583
0 0.669922 0.108854 0.690625 0.108854 0.690625 0.134896 0.669922 0.134896
0 0.619141 0.102604 0.636719 0.102604 0.636719 0.129688 0.619141 0.129688
0 0.589062 0.098438 0.606641 0.098438 0.606641 0.128125 0.589062 0.128125
0 0.557812 0.091667 0.578906 0.091667 0.578906 0.120312 0.557812 0.120312
0 0.535547 0.10625 0.553516 0.10625 0.553516 0.129167 0.535547 0.129167
0 0.544141 0.158333 0.5625 0.158333 0.5625 0.177083 0.544141 0.177083
0 0.563281 0.144792 0.580469 0.144792 0.580469 0.164583 0.563281 0.164583
0 0.482812 0.38125 0.499219 0.38125 0.499219 0.403646 0.482812 0.403646
0 0.459766 0.3875 0.478125 0.3875 0.478125 0.409896 0.459766 0.409896
0 0.732422 0.494792 0.752344 0.494792 0.752344 0.517188 0.732422 0.517188
0 0.703906 0.515104 0.728516 0.515104 0.728516 0.535417 0.703906 0.535417
0 0.674609 0.525 0.696094 0.525 0.696094 0.543229 0.674609 0.543229
0 0.714453 0.554688 0.730078 0.554688 0.730078 0.575521 0.714453 0.575521
0 0.7375 0.546875 0.752344 0.546875 0.752344 0.570833 0.7375 0.570833
0 0.535547 0.463542 0.554297 0.463542 0.554297 0.485938 0.535547 0.485938
0 0.571484 0.477083 0.587891 0.477083 0.587891 0.502083 0.571484 0.502083
0 0.558594 0.504167 0.578125 0.504167 0.578125 0.525 0.558594 0.525
0 0.544922 0.535417 0.568359 0.535417 0.568359 0.55625 0.544922 0.55625
0 0.570312 0.553646 0.589844 0.553646 0.589844 0.573958 0.570312 0.573958
0 0.354297 0.333333 0.369531 0.333333 0.369531 0.356771 0.354297 0.356771
0 0.324219 0.348958 0.34375 0.348958 0.34375 0.369271 0.324219 0.369271
0 0.349609 0.386458 0.367188 0.386458 0.367188 0.407292 0.349609 0.407292
0 0.31875 0.399479 0.338281 0.399479 0.338281 0.417708 0.31875 0.417708
0 0.283984 0.390104 0.293359 0.390104 0.293359 0.4125 0.283984 0.4125
0 0.265234 0.401562 0.279297 0.401562 0.279297 0.426562 0.265234 0.426562
0 0.382422 0.379167 0.403125 0.379167 0.403125 0.401562 0.382422 0.401562
0 0.409375 0.4375 0.425 0.4375 0.425 0.458854 0.409375 0.458854
0 0.438281 0.464583 0.460938 0.464583 0.460938 0.480729 0.438281 0.480729
0 0.3875 0.466667 0.408203 0.466667 0.408203 0.500521 0.3875 0.500521
0 0.345703 0.470312 0.366797 0.470312 0.366797 0.496354 0.345703 0.496354
0 0.319141 0.447396 0.340234 0.447396 0.340234 0.463021 0.319141 0.463021
0 0.303906 0.484896 0.326953 0.484896 0.326953 0.510938 0.303906 0.510938
0 0.26875 0.475 0.288672 0.475 0.288672 0.501562 0.26875 0.501562
0 0.423047 0.505208 0.444141 0.505208 0.444141 0.523438 0.423047 0.523438
0 0.475781 0.476042 0.491797 0.476042 0.491797 0.496875 0.475781 0.496875
0 0.461328 0.530729 0.477344 0.530729 0.477344 0.559375 0.461328 0.559375
0 0.367969 0.228125 0.387109 0.228125 0.387109 0.247396 0.367969 0.247396
0 0.357031 0.208333 0.376172 0.208333 0.376172 0.227604 0.357031 0.227604
0 0.374609 0.160938 0.392578 0.160938 0.392578 0.182292 0.374609 0.182292
0 0.352734 0.1375 0.367188 0.1375 0.367188 0.165625 0.352734 0.165625
0 0.380469 0.095312 0.396875 0.095312 0.396875 0.125 0.380469 0.125
0 0.421484 0.092188 0.442578 0.092188 0.442578 0.1125 0.421484 0.1125
0 0.408984 0.129688 0.430469 0.129688 0.430469 0.146354 0.408984 0.146354
0 0.288672 0.133854 0.310547 0.133854 0.310547 0.155208 0.288672 0.155208
0 0.315625 0.1125 0.333984 0.1125 0.333984 0.132292 0.315625 0.132292
0 0.253516 0.109375 0.267969 0.109375 0.267969 0.135417 0.253516 0.135417
0 0.256641 0.175 0.278516 0.175 0.278516 0.199479 0.256641 0.199479
0 0.291406 0.169271 0.309375 0.169271 0.309375 0.195833 0.291406 0.195833
0 0.265625 0.214062 0.284766 0.214062 0.284766 0.241667 0.265625 0.241667
0 0.287109 0.245312 0.302344 0.245312 0.302344 0.265104 0.287109 0.265104
0 0.289062 0.527604 0.309766 0.527604 0.309766 0.548958 0.289062 0.548958
0 0.341797 0.526562 0.362109 0.526562 0.362109 0.544271 0.341797 0.544271
0 0.229688 0.2375 0.255078 0.2375 0.255078 0.259896 0.229688 0.259896
0 0.212109 0.073958 0.231641 0.073958 0.231641 0.111979 0.212109 0.111979
0 0.201172 0.022396 0.218359 0.022396 0.218359 0.051562 0.201172 0.051562
0 0.258594 0.017708 0.276172 0.017708 0.276172 0.051562 0.258594 0.051562
0 0.316797 0.002604 0.333984 0.002604 0.333984 0.027604 0.316797 0.027604
0 0.347266 0.005729 0.361719 0.005729 0.361719 0.036458 0.347266 0.036458
0 0.411719 0.059896 0.433984 0.059896 0.433984 0.082812 0.411719 0.082812
0 0.390625 0.015104 0.415234 0.015104 0.415234 0.042188 0.390625 0.042188
0 0.35625 0.064583 0.378516 0.064583 0.378516 0.093229 0.35625 0.093229
0 0.308984 0.047396 0.328125 0.047396 0.328125 0.070833 0.308984 0.070833
0 0.552734 0.056771 0.578125 0.056771 0.578125 0.088542 0.552734 0.088542
0 0.576953 0.025521 0.596094 0.025521 0.596094 0.058854 0.576953 0.058854
0 0.627344 0.030729 0.648438 0.030729 0.648438 0.055208 0.627344 0.055208
0 0.635938 0.0625 0.655469 0.0625 0.655469 0.084375 0.635938 0.084375
0 0.442188 0.059375 0.459766 0.059375 0.459766 0.081771 0.442188 0.081771
0 0.440234 0.019792 0.461719 0.019792 0.461719 0.036979 0.440234 0.036979
0 0.224609 0.399479 0.2375 0.399479 0.2375 0.423438 0.224609 0.423438
0 0.239844 0.394271 0.255078 0.394271 0.255078 0.422917 0.239844 0.422917
0 0.234766 0.455208 0.259375 0.455208 0.259375 0.477083 0.234766 0.477083
0 0.194141 0.449479 0.214844 0.449479 0.214844 0.472917 0.194141 0.472917
0 0.212891 0.205729 0.228516 0.205729 0.228516 0.235417 0.212891 0.235417
0 0.228906 0.183854 0.24375 0.183854 0.24375 0.211458 0.228906 0.211458
0 0.198828 0.260938 0.223047 0.260938 0.223047 0.280729 0.198828 0.280729
0 0.148828 0.248438 0.172266 0.248438 0.172266 0.273438 0.148828 0.273438
0 0.167188 0.303646 0.192188 0.303646 0.192188 0.325 0.167188 0.325
0 0.145703 0.186458 0.165234 0.186458 0.165234 0.208854 0.145703 0.208854
0 0.105859 0.163021 0.122266 0.163021 0.122266 0.182812 0.105859 0.182812
0 0.132812 0.156771 0.151953 0.156771 0.151953 0.175 0.132812 0.175
0 0.175391 0.129167 0.198438 0.129167 0.198438 0.153646 0.175391 0.153646
0 0.147656 0.133333 0.167188 0.133333 0.167188 0.151562 0.147656 0.151562
0 0.112109 0.111458 0.132422 0.111458 0.132422 0.135417 0.112109 0.135417
0 0.132422 0.074479 0.151562 0.074479 0.151562 0.089583 0.132422 0.089583
0 0.164453 0.049479 0.182422 0.049479 0.182422 0.071875 0.164453 0.071875
0 0.15625 0.001042 0.172266 0.001042 0.172266 0.023438 0.15625 0.023438
0 0.180469 0.0 0.197266 0.0 0.197266 0.019271 0.180469 0.019271
0 0.114062 0.029167 0.134766 0.029167 0.134766 0.051042 0.114062 0.051042
0 0.078125 0.038021 0.099609 0.038021 0.099609 0.057812 0.078125 0.057812
0 0.083594 0.082812 0.104688 0.082812 0.104688 0.106771 0.083594 0.106771
0 0.075 0.132292 0.096484 0.132292 0.096484 0.149479 0.075 0.149479
0 0.048047 0.055208 0.06875 0.055208 0.06875 0.086979 0.048047 0.086979
0 0.062109 0.005729 0.086719 0.005729 0.086719 0.028646 0.062109 0.028646
0 0.857812 0.348958 0.887109 0.348958 0.887109 0.372917 0.857812 0.372917
0 0.810547 0.205208 0.828906 0.205208 0.828906 0.229167 0.810547 0.229167
0 0.858984 0.145312 0.885938 0.145312 0.885938 0.169271 0.858984 0.169271
0 0.894531 0.177083 0.914062 0.177083 0.914062 0.211458 0.894531 0.211458
0 0.971484 0.270312 0.994531 0.270312 0.994531 0.3 0.971484 0.3
0 0.971484 0.229167 0.993359 0.229167 0.993359 0.2625 0.971484 0.2625
0 0.974609 0.150521 0.992188 0.150521 0.992188 0.180208 0.974609 0.180208
0 0.975781 0.1125 0.996094 0.1125 0.996094 0.143229 0.975781 0.143229
0 0.897656 0.153125 0.916406 0.153125 0.916406 0.175521 0.897656 0.175521
0 0.876953 0.096875 0.897656 0.096875 0.897656 0.126562 0.876953 0.126562
0 0.848047 0.066146 0.866797 0.066146 0.866797 0.094792 0.848047 0.094792
0 0.811328 0.002083 0.827344 0.002083 0.827344 0.032812 0.811328 0.032812
0 0.824219 0.041667 0.845312 0.041667 0.845312 0.058333 0.824219 0.058333
0 0.875781 0.0 0.898438 0.0 0.898438 0.026562 0.875781 0.026562
0 0.878906 0.041146 0.895312 0.041146 0.895312 0.074479 0.878906 0.074479
0 0.903906 0.084375 0.928125 0.084375 0.928125 0.109896 0.903906 0.109896
0 0.944922 0.041146 0.960156 0.041146 0.960156 0.064583 0.944922 0.064583
0 0.469141 0.351562 0.500781 0.351562 0.500781 0.378646 0.469141 0.378646
0 0.635938 0.580729 0.653516 0.580729 0.653516 0.607812 0.635938 0.607812
0 0.608203 0.56875 0.626172 0.56875 0.626172 0.592188 0.608203 0.592188
0 0.666797 0.608854 0.687891 0.608854 0.687891 0.630208 0.666797 0.630208
0 0.689453 0.563021 0.708594 0.563021 0.708594 0.589062 0.689453 0.589062
0 0.932031 0.628646 0.951562 0.628646 0.951562 0.663542 0.932031 0.663542
0 0.969922 0.623438 0.988281 0.623438 0.988281 0.655729 0.969922 0.655729
0 0.941406 0.592188 0.963281 0.592188 0.963281 0.61875 0.941406 0.61875
0 0.969922 0.472917 0.991797 0.472917 0.991797 0.509896 0.969922 0.509896
0 0.772266 0.60625 0.801562 0.60625 0.801562 0.630729 0.772266 0.630729
0 0.731641 0.590625 0.753906 0.590625 0.753906 0.610938 0.731641 0.610938
0 0.670312 0.642708 0.687891 0.642708 0.687891 0.671875 0.670312 0.671875
0 0.7 0.657812 0.721875 0.657812 0.721875 0.684375 0.7 0.684375
0 0.745312 0.671875 0.773828 0.671875 0.773828 0.697917 0.745312 0.697917
0 0.778125 0.640104 0.800781 0.640104 0.800781 0.659375 0.778125 0.659375
0 0.797266 0.667708 0.814844 0.667708 0.814844 0.698958 0.797266 0.698958
0 0.780078 0.472396 0.8 0.472396 0.8 0.497396 0.780078 0.497396
0 0.571875 0.613021 0.59375 0.613021 0.59375 0.63125 0.571875 0.63125
0 0.626953 0.645312 0.643359 0.645312 0.643359 0.668229 0.626953 0.668229
0 0.59375 0.646875 0.617969 0.646875 0.617969 0.667708 0.59375 0.667708
0 0.55625 0.607292 0.570703 0.607292 0.570703 0.633854 0.55625 0.633854
0 0.454688 0.570312 0.471875 0.570312 0.471875 0.594792 0.454688 0.594792
0 0.483594 0.519792 0.498438 0.519792 0.498438 0.547917 0.483594 0.547917
0 0.431641 0.552604 0.448828 0.552604 0.448828 0.577083 0.431641 0.577083
0 0.420312 0.633333 0.441406 0.633333 0.441406 0.66875 0.420312 0.66875
0 0.478906 0.649479 0.500781 0.649479 0.500781 0.675 0.478906 0.675
0 0.503906 0.69375 0.525781 0.69375 0.525781 0.717188 0.503906 0.717188
0 0.405859 0.561458 0.426953 0.561458 0.426953 0.590625 0.405859 0.590625
0 0.378906 0.577083 0.396875 0.577083 0.396875 0.606771 0.378906 0.606771
0 0.378125 0.611458 0.402344 0.611458 0.402344 0.635938 0.378125 0.635938
0 0.379688 0.673438 0.405859 0.673438 0.405859 0.694792 0.379688 0.694792
0 0.457031 0.695833 0.478906 0.695833 0.478906 0.720312 0.457031 0.720312
0 0.215625 0.490104 0.240625 0.490104 0.240625 0.511979 0.215625 0.511979
0 0.241406 0.574479 0.258594 0.574479 0.258594 0.607292 0.241406 0.607292
0 0.226172 0.616667 0.249609 0.616667 0.249609 0.640625 0.226172 0.640625
0 0.261719 0.614062 0.285156 0.614062 0.285156 0.638021 0.261719 0.638021
0 0.278125 0.559896 0.302734 0.559896 0.302734 0.584375 0.278125 0.584375
0 0.298438 0.596875 0.325 0.596875 0.325 0.616146 0.298438 0.616146
0 0.292969 0.632292 0.319531 0.632292 0.319531 0.652604 0.292969 0.652604
0 0.262891 0.670312 0.290234 0.670312 0.290234 0.696875 0.262891 0.696875
0 0.304688 0.698438 0.321875 0.698438 0.321875 0.725 0.304688 0.725
0 0.332422 0.698438 0.353516 0.698438 0.353516 0.719271 0.332422 0.719271
0 0.335156 0.622396 0.352344 0.622396 0.352344 0.642708 0.335156 0.642708
0 0.333203 0.569792 0.354297 0.569792 0.354297 0.588021 0.333203 0.588021
0 0.203906 0.547917 0.222266 0.547917 0.222266 0.576042 0.203906 0.576042
0 0.194922 0.501042 0.217578 0.501042 0.217578 0.542708 0.194922 0.542708
0 0.364453 0.701042 0.391797 0.701042 0.391797 0.722396 0.364453 0.722396
0 0.335156 0.732812 0.358984 0.732812 0.358984 0.756771 0.335156 0.756771
0 0.305078 0.760938 0.325781 0.760938 0.325781 0.782812 0.305078 0.782812
0 0.372656 0.729167 0.392969 0.729167 0.392969 0.754688 0.372656 0.754688
0 0.414844 0.728125 0.430469 0.728125 0.430469 0.757812 0.414844 0.757812
0 0.485547 0.729167 0.502344 0.729167 0.502344 0.760417 0.485547 0.760417
0 0.493359 0.771875 0.507422 0.771875 0.507422 0.782812 0.493359 0.782812
0 0.521094 0.727604 0.540234 0.727604 0.540234 0.750521 0.521094 0.750521
0 0.550781 0.707812 0.564844 0.707812 0.564844 0.740625 0.550781 0.740625
0 0.567188 0.75 0.588281 0.75 0.588281 0.769271 0.567188 0.769271
0 0.65 0.70625 0.672656 0.70625 0.672656 0.730729 0.65 0.730729
0 0.704688 0.747917 0.720312 0.747917 0.720312 0.775521 0.704688 0.775521
0 0.753906 0.723958 0.774609 0.723958 0.774609 0.752604 0.753906 0.752604
0 0.659766 0.766667 0.682031 0.766667 0.682031 0.79375 0.659766 0.79375
0 0.626172 0.775 0.649219 0.775 0.649219 0.804167 0.626172 0.804167
0 0.533594 0.776042 0.556641 0.776042 0.556641 0.801042 0.533594 0.801042
0 0.432812 0.775 0.455859 0.775 0.455859 0.805729 0.432812 0.805729
0 0.480078 0.786458 0.495312 0.786458 0.495312 0.8125 0.480078 0.8125
0 0.372656 0.778125 0.401562 0.778125 0.401562 0.805208 0.372656 0.805208
0 0.683984 0.697917 0.701172 0.697917 0.701172 0.721875 0.683984 0.721875
0 0.582422 0.816146 0.600391 0.816146 0.600391 0.840104 0.582422 0.840104
0 0.557812 0.817188 0.572266 0.817188 0.572266 0.840104 0.557812 0.840104
0 0.516406 0.841146 0.539453 0.841146 0.539453 0.866667 0.516406 0.866667
0 0.446875 0.8125 0.470312 0.8125 0.470312 0.832292 0.446875 0.832292
0 0.4125 0.838021 0.437891 0.838021 0.437891 0.857292 0.4125 0.857292
0 0.375781 0.833854 0.398828 0.833854 0.398828 0.852604 0.375781 0.852604
0 0.337891 0.823958 0.363672 0.823958 0.363672 0.842708 0.337891 0.842708
0 0.330078 0.863542 0.349219 0.863542 0.349219 0.881771 0.330078 0.881771
0 0.382812 0.869792 0.405078 0.869792 0.405078 0.895833 0.382812 0.895833
0 0.448438 0.854688 0.466797 0.854688 0.466797 0.876042 0.448438 0.876042
0 0.587109 0.854688 0.607031 0.854688 0.607031 0.872917 0.587109 0.872917
0 0.6625 0.804167 0.685547 0.804167 0.685547 0.825 0.6625 0.825
0 0.673828 0.841146 0.700781 0.841146 0.700781 0.863021 0.673828 0.863021
0 0.637109 0.868229 0.669531 0.868229 0.669531 0.898438 0.637109 0.898438
0 0.585156 0.880729 0.608203 0.880729 0.608203 0.901562 0.585156 0.901562
0 0.553906 0.866667 0.572266 0.866667 0.572266 0.886458 0.553906 0.886458
0 0.707812 0.596875 0.720703 0.596875 0.720703 0.620833 0.707812 0.620833
0 0.559375 0.902604 0.578516 0.902604 0.578516 0.934896 0.559375 0.934896
0 0.5125 0.893229 0.5375 0.893229 0.5375 0.913021 0.5125 0.913021
0 0.463281 0.880208 0.486719 0.880208 0.486719 0.90625 0.463281 0.90625
0 0.477344 0.910417 0.495703 0.910417 0.495703 0.939062 0.477344 0.939062
0 0.384375 0.93125 0.402734 0.93125 0.402734 0.964583 0.384375 0.964583
0 0.421875 0.944792 0.446484 0.944792 0.446484 0.969271 0.421875 0.969271
0 0.459375 0.968229 0.480859 0.968229 0.480859 0.989062 0.459375 0.989062
0 0.498828 0.925 0.514453 0.925 0.514453 0.952604 0.498828 0.952604
0 0.499219 0.968229 0.519531 0.968229 0.519531 0.998438 0.499219 0.998438
0 0.601562 0.914583 0.623438 0.914583 0.623438 0.934896 0.601562 0.934896
0 0.609766 0.936979 0.630469 0.936979 0.630469 0.957292 0.609766 0.957292
0 0.633203 0.967188 0.654688 0.967188 0.654688 0.986458 0.633203 0.986458
0 0.315234 0.8 0.334766 0.8 0.334766 0.835417 0.315234 0.835417
0 0.692578 0.869271 0.7125 0.869271 0.7125 0.897396 0.692578 0.897396
0 0.799219 0.973958 0.823047 0.973958 0.823047 0.996875 0.799219 0.996875
0 0.823047 0.928646 0.846875 0.928646 0.846875 0.954688 0.823047 0.954688
0 0.871875 0.944271 0.901953 0.944271 0.901953 0.967188 0.871875 0.967188
0 0.88125 0.896875 0.897266 0.896875 0.897266 0.914062 0.88125 0.914062
0 0.873828 0.855208 0.896875 0.855208 0.896875 0.885938 0.873828 0.885938
0 0.839453 0.857812 0.858594 0.857812 0.858594 0.884896 0.839453 0.884896
0 0.809375 0.905208 0.828906 0.905208 0.828906 0.923958 0.809375 0.923958
0 0.783984 0.9375 0.805078 0.9375 0.805078 0.96875 0.783984 0.96875
0 0.888281 0.801562 0.907812 0.801562 0.907812 0.829167 0.888281 0.829167
0 0.879297 0.829688 0.905469 0.829688 0.905469 0.850521 0.879297 0.850521
0 0.835938 0.888542 0.860938 0.888542 0.860938 0.917708 0.835938 0.917708
0 0.958984 0.677604 0.977734 0.677604 0.977734 0.706771 0.958984 0.706771
0 0.920312 0.589062 0.933594 0.589062 0.933594 0.611979 0.920312 0.611979
0 0.9 0.61875 0.918359 0.61875 0.918359 0.640104 0.9 0.640104
0 0.925391 0.566667 0.944141 0.566667 0.944141 0.585938 0.925391 0.585938
0 0.721875 0.720312 0.742969 0.720312 0.742969 0.747917 0.721875 0.747917
0 0.745703 0.620833 0.764453 0.620833 0.764453 0.638021 0.745703 0.638021
0 0.960547 0.900521 0.984766 0.900521 0.984766 0.930208 0.960547 0.930208
0 0.948438 0.935938 0.975391 0.935938 0.975391 0.959375 0.948438 0.959375
0 0.986328 0.941667 0.999609 0.941667 0.999609 0.965104 0.986328 0.965104
0 0.976172 0.974479 0.996094 0.974479 0.996094 0.999479 0.976172 0.999479
0 0.978516 0.807812 0.999609 0.807812 0.999609 0.839583 0.978516 0.839583
0 0.974609 0.709375 0.991797 0.709375 0.991797 0.732812 0.974609 0.732812
0 0.983594 0.676562 0.999219 0.676562 0.999219 0.704688 0.983594 0.704688
0 0.953516 0.559896 0.969922 0.559896 0.969922 0.585938 0.953516 0.585938
0 0.942969 0.529167 0.966406 0.529167 0.966406 0.551042 0.942969 0.551042
0 0.982422 0.048958 0.998438 0.048958 0.998438 0.086979 0.982422 0.086979
0 0.94375 0.014062 0.965625 0.014062 0.965625 0.036458 0.94375 0.036458
0 0.413672 0.158333 0.433984 0.158333 0.433984 0.180729 0.413672 0.180729
0 0.25 0.364062 0.272656 0.364062 0.272656 0.384896 0.25 0.384896
0 0.164844 0.366667 0.192969 0.366667 0.192969 0.394792 0.164844 0.394792
0 0.164844 0.399479 0.192188 0.399479 0.192188 0.41875 0.164844 0.41875
0 0.038672 0.678646 0.057812 0.678646 0.057812 0.710938 0.038672 0.710938
0 0.023828 0.683333 0.041016 0.683333 0.041016 0.714062 0.023828 0.714062
0 0.135547 0.963021 0.159375 0.963021 0.159375 0.985417 0.135547 0.985417
0 0.338672 0.919271 0.357031 0.919271 0.357031 0.944271 0.338672 0.944271
0 0.365625 0.895833 0.38125 0.895833 0.38125 0.923438 0.365625 0.923438
0 0.405859 0.9125 0.426562 0.9125 0.426562 0.930729 0.405859 0.930729
0 0.439062 0.892708 0.457031 0.892708 0.457031 0.91875 0.439062 0.91875
0 0.437109 0.866146 0.453906 0.866146 0.453906 0.889062 0.437109 0.889062
0 0.927344 0.842188 0.941016 0.842188 0.941016 0.879688 0.927344 0.879688
0 0.733203 0.75625 0.750391 0.75625 0.750391 0.780729 0.733203 0.780729
0 0.602344 0.6875 0.623047 0.6875 0.623047 0.713542 0.602344 0.713542
0 0.855078 0.420312 0.870312 0.420312 0.870312 0.453646 0.855078 0.453646
0 0.460547 0.246354 0.481641 0.246354 0.481641 0.263542 0.460547 0.263542
0 0.43125 0.303125 0.455469 0.303125 0.455469 0.332292 0.43125 0.332292
0 0.607422 0.60625 0.630859 0.60625 0.630859 0.628125 0.607422 0.628125
0 0.642188 0.427604 0.666797 0.427604 0.666797 0.447396 0.642188 0.447396
0 0.357031 0.566146 0.374219 0.566146 0.374219 0.580729 0.357031 0.580729
0 0.509375 0.020833 0.532031 0.020833 0.532031 0.058333 0.509375 0.058333
0 0.707031 0.173438 0.732422 0.173438 0.732422 0.201562 0.707031 0.201562
0 0.276172 0.034896 0.294922 0.034896 0.294922 0.064062 0.276172 0.064062
0 0.9125 0.119792 0.93125 0.119792 0.93125 0.138542 0.9125 0.138542
0 0.655078 0.373958 0.666797 0.373958 0.666797 0.395312 0.655078 0.395312
0 0.282422 0.719792 0.303516 0.719792 0.303516 0.738021 0.282422 0.738021
0 0.233203 0.520312 0.248047 0.520312 0.248047 0.544271 0.233203 0.544271
0 0.292578 0.445833 0.310938 0.445833 0.310938 0.461458 0.292578 0.461458
0 0.586328 0.248958 0.611719 0.248958 0.611719 0.28125 0.586328 0.28125
0 0.639844 0.270833 0.655859 0.270833 0.655859 0.298438 0.639844 0.298438
0 0.704297 0.342188 0.717969 0.342188 0.717969 0.360417 0.704297 0.360417
0 0.781641 0.522917 0.8125 0.522917 0.8125 0.554688 0.781641 0.554688
0 0.940234 0.983854 0.953516 0.983854 0.953516 0.999479 0.940234 0.999479
0 0.991016 0.747396 0.999609 0.747396 0.999609 0.764583 0.991016 0.764583
0 0.444141 0.423958 0.464844 0.423958 0.464844 0.446875 0.444141 0.446875
0 0.565234 0.180208 0.585156 0.180208 0.585156 0.197396 0.565234 0.197396